tau [fm]		R_PiNS^-1
0.25		-0.00846945
0.35		-0.00665557
0.45		-0.00556667
0.55		-0.00483425
0.65		-0.00430567
0.75		-0.00390573
0.85		-0.00359298
0.95		-0.00334273
1.05		-0.00313939
1.15		-0.00297265
1.25		-0.00283543
1.35		-0.00272272
1.45		-0.0026309
1.55		-0.00255726
1.65		-0.00249977
1.75		-0.00245683
1.85		-0.00242722
1.95		-0.00240994
2.05		-0.0024042
2.15		-0.00240931
2.25		-0.00242473
2.35		-0.00244998
2.45		-0.00248465
2.55		-0.00252836
2.65		-0.00258079
2.75		-0.00264165
2.85		-0.00271067
2.95		-0.00278758
3.05		-0.00287216
3.15		-0.00296418
3.25		-0.00306342
3.35		-0.00316969
3.45		-0.00328279
3.55		-0.00340253
3.65		-0.00352872
3.75		-0.00366119
3.85		-0.00379976
3.95		-0.00394427
4.05		-0.00409454
4.15		-0.00425043
4.25		-0.00441176
4.35		-0.00457838
4.45		-0.00475015
4.55		-0.00492691
4.65		-0.00510852
4.75		-0.00529483
4.85		-0.00548571
4.95		-0.00568102
5.05		-0.00588062
5.15		-0.00608439
5.25		-0.00629219
5.35		-0.0065039
5.45		-0.00671939
5.55		-0.00693855
5.65		-0.00716124
5.75		-0.00738737
5.85		-0.0076168
5.95		-0.00784944
6.05		-0.00808517
6.15		-0.00832388
6.25		-0.00856548
6.35		-0.00880984
6.45		-0.00905689
6.55		-0.0093065
6.65		-0.0095586
6.75		-0.00981309
6.85		-0.0100699
6.95		-0.0103288
7.05		-0.0105899
7.15		-0.0108531
7.25		-0.0111181
7.35		-0.011385
7.45		-0.0116537
7.55		-0.0119241
7.65		-0.0121961
7.75		-0.0124697
7.85		-0.0127447
7.95		-0.0130211
8.05		-0.0132989
8.15		-0.0135779
8.25		-0.0138581
8.35		-0.0141394
8.45		-0.0144218
8.55		-0.0147051
8.65		-0.0149894
8.75		-0.0152746
8.85		-0.0155606
8.95		-0.0158474
9.05		-0.0161348
9.15		-0.0164229
9.25		-0.0167116
9.35		-0.0170008
9.45		-0.0172905
9.55		-0.0175807
9.65		-0.0178713
9.75		-0.0181622
9.85		-0.0184534
9.95		-0.0187449
10.05		-0.0190366
10.15		-0.0193285
10.25		-0.0196205
10.35		-0.0199126
10.45		-0.0202047
10.55		-0.0204969
10.65		-0.0207891
10.75		-0.0210813
10.85		-0.0213733
10.95		-0.0216653
11.05		-0.0219571
11.15		-0.0222488
11.25		-0.0225402
11.35		-0.0228314
11.45		-0.0231224
11.55		-0.0234131
11.65		-0.0237036
11.75		-0.0239937
11.85		-0.0242834
11.95		-0.0245728
12.05		-0.0248618
12.15		-0.0251504
12.25		-0.0254386
12.35		-0.0257264
12.45		-0.0260137
12.55		-0.0263006
12.65		-0.026587
12.75		-0.0268729
12.85		-0.0271583
12.95		-0.0274432
13.05		-0.0277276
13.15		-0.0280115
13.25		-0.0282949
13.35		-0.0285777
13.45		-0.02886
13.55		-0.0291417
13.65		-0.0294229
13.75		-0.0297035
13.85		-0.0299836
13.95		-0.0302631
14.05		-0.0305421
14.15		-0.0308206
14.25		-0.0310985
14.35		-0.0313759
14.45		-0.0316527
14.55		-0.031929
14.65		-0.0322048
14.75		-0.0324801
14.85		-0.0327549
14.95		-0.0330292
15.05		-0.033303
15.15		-0.0335763
15.25		-0.0338491
15.35		-0.0341216
15.45		-0.0343935
15.55		-0.0346651
15.65		-0.0349363
15.75		-0.0352071
15.85		-0.0354775
15.95		-0.0357475
16.05		-0.0360173
16.15		-0.0362867
16.25		-0.0365558
16.35		-0.0368247
16.45		-0.0370934
16.55		-0.0373618
16.65		-0.03763
16.75		-0.037898
16.85		-0.0381659
16.95		-0.0384337
17.05		-0.0387014
17.15		-0.0389691
17.25		-0.0392367
17.35		-0.0395043
17.45		-0.039772
17.55		-0.0400397
17.65		-0.0403075
17.75		-0.0405754
17.85		-0.0408435
17.95		-0.0411118
18.05		-0.0413804
18.15		-0.0416492
18.25		-0.0419183
18.35		-0.0421878
18.45		-0.0424577
18.55		-0.042728
18.65		-0.0429987
18.75		-0.04327
18.85		-0.0435418
18.95		-0.0438142
19.05		-0.0440873
19.15		-0.044361
19.25		-0.0446355
19.35		-0.0449107
19.45		-0.0451868
19.55		-0.0454637
19.65		-0.0457415
19.75		-0.0460203
19.85		-0.0463001
19.95		-0.0465809
20.05		-0.0468629
20.15		-0.047146
20.25		-0.0474304
20.35		-0.047716
20.45		-0.0480029
20.55		-0.0482912
20.65		-0.0485809
20.75		-0.0488721
20.85		-0.0491648
20.95		-0.0494591
21.05		-0.049755
21.15		-0.0500527
21.25		-0.0503521
21.35		-0.0506533
21.45		-0.0509564
21.55		-0.0512614
21.65		-0.0515685
21.75		-0.0518775
21.85		-0.0521887
21.95		-0.0525021
22.05		-0.0528177
22.15		-0.0531356
22.25		-0.0534558
22.35		-0.0537785
22.45		-0.0541036
22.55		-0.0544313
22.65		-0.0547616
22.75		-0.0550946
22.85		-0.0554303
22.95		-0.0557689
23.05		-0.0561103
23.15		-0.0564546
23.25		-0.0568019
23.35		-0.0571523
23.45		-0.0575058
23.55		-0.0578626
23.65		-0.0582226
23.75		-0.0585859
23.85		-0.0589527
23.95		-0.0593229
24.05		-0.0596966
24.15		-0.060074
24.25		-0.060455
24.35		-0.0608398
24.45		-0.0612284
24.55		-0.0616208
24.65		-0.0620172
24.75		-0.0624177
24.85		-0.0628222
24.95		-0.0632309
25.05		-0.0636439
25.15		-0.0640611
25.25		-0.0644827
25.35		-0.0649087
25.45		-0.0653393
25.55		-0.0657744
25.65		-0.0662142
25.75		-0.0666587
25.85		-0.067108
25.95		-0.0675622
26.05		-0.0680213
26.15		-0.0684854
26.25		-0.0689545
26.35		-0.0694289
26.45		-0.0699084
26.55		-0.0703932
26.65		-0.0708834
26.75		-0.071379
26.85		-0.0718801
26.95		-0.0723867
27.05		-0.072899
27.15		-0.073417
27.25		-0.0739408
27.35		-0.0744704
27.45		-0.075006
27.55		-0.0755475
27.65		-0.076095
27.75		-0.0766487
27.85		-0.0772086
27.95		-0.0777747
28.05		-0.0783472
28.15		-0.078926
28.25		-0.0795113
28.35		-0.0801031
28.45		-0.0807016
28.55		-0.0813067
28.65		-0.0819185
28.75		-0.0825371
28.85		-0.0831626
28.95		-0.083795
29.05		-0.0844344
29.15		-0.0850808
29.25		-0.0857344
29.35		-0.0863952
29.45		-0.0870632
29.55		-0.0877385
29.65		-0.0884213
29.75		-0.0891114
29.85		-0.0898091
29.95		-0.0905143
30.05		-0.0912272
30.15		-0.0919478
30.25		-0.0926761
30.35		-0.0934123
30.45		-0.0941563
30.55		-0.0949083
30.65		-0.0956683
30.75		-0.0964363
30.85		-0.0972125
30.95		-0.0979969
31.05		-0.0987895
31.15		-0.0995904
31.25		-0.1004
31.35		-0.101217
31.45		-0.102043
31.55		-0.102878
31.65		-0.103721
31.75		-0.104573
31.85		-0.105434
31.95		-0.106786
32.05		-0.106759
32.15		-0.106729
32.25		-0.106695
32.35		-0.106657
32.45		-0.106616
32.55		-0.106571
32.65		-0.106522
32.75		-0.10647
32.85		-0.106415
32.95		-0.106356
33.05		-0.106294
33.15		-0.106228
33.25		-0.10616
33.35		-0.106088
33.45		-0.106014
33.55		-0.105936
33.65		-0.105856
33.75		-0.105772
33.85		-0.105686
33.95		-0.105598
34.05		-0.105506
34.15		-0.105412
34.25		-0.105315
34.35		-0.105216
34.45		-0.105115
34.55		-0.105011
34.65		-0.104904
34.75		-0.104796
34.85		-0.104685
34.95		-0.104572
35.05		-0.104456
35.15		-0.104339
35.25		-0.10422
35.35		-0.104098
35.45		-0.103975
35.55		-0.103849
35.65		-0.103722
35.75		-0.103593
35.85		-0.103462
35.95		-0.103329
36.05		-0.103194
36.15		-0.103058
36.25		-0.10292
36.35		-0.102781
36.45		-0.102639
36.55		-0.102497
36.65		-0.102353
36.75		-0.102207
36.85		-0.10206
36.95		-0.101911
37.05		-0.101761
37.15		-0.10161
37.25		-0.101458
37.35		-0.101304
37.45		-0.101149
37.55		-0.100992
37.65		-0.100835
37.75		-0.100676
37.85		-0.100516
37.95		-0.100355
38.05		-0.100193
38.15		-0.10003
38.25		-0.0998659
38.35		-0.0997008
38.45		-0.0995347
38.55		-0.0993676
38.65		-0.0991997
38.75		-0.0990308
38.85		-0.0988611
38.95		-0.0986905
39.05		-0.0985191
39.15		-0.0983468
39.25		-0.0981738
39.35		-0.0980001
39.45		-0.0978256
39.55		-0.0976504
39.65		-0.0974745
39.75		-0.0972979
39.85		-0.0971206
39.95		-0.0969427
40.05		-0.0967643
40.15		-0.0965852
40.25		-0.0964055
40.35		-0.0962253
40.45		-0.0960445
40.55		-0.0958632
40.65		-0.0956815
40.75		-0.0954992
40.85		-0.0953165
40.95		-0.0951333
41.05		-0.0949496
41.15		-0.0947656
41.25		-0.0945811
41.35		-0.0943963
41.45		-0.0942111
41.55		-0.0940255
41.65		-0.0938396
41.75		-0.0936533
41.85		-0.0934668
41.95		-0.0932799
42.05		-0.0930927
42.15		-0.0929053
42.25		-0.0927176
42.35		-0.0925297
42.45		-0.0923415
42.55		-0.0921531
42.65		-0.0919645
42.75		-0.0917757
42.85		-0.0915867
42.95		-0.0913976
43.05		-0.0912082
43.15		-0.0910188
43.25		-0.0908291
43.35		-0.0906394
43.45		-0.0904495
43.55		-0.0902595
43.65		-0.0900695
43.75		-0.0898793
43.85		-0.089689
43.95		-0.0894987
44.05		-0.0893083
44.15		-0.0891179
44.25		-0.0889274
44.35		-0.0887369
44.45		-0.0885464
44.55		-0.0883558
44.65		-0.0881653
44.75		-0.0879747
44.85		-0.0877841
44.95		-0.0875936
45.05		-0.0874031
45.15		-0.0872126
45.25		-0.0870222
45.35		-0.0868318
45.45		-0.0866414
45.55		-0.0864511
45.65		-0.0862609
45.75		-0.0860708
45.85		-0.0858807
45.95		-0.0856907
46.05		-0.0855008
46.15		-0.085311
46.25		-0.0851214
46.35		-0.0810379
46.45		-0.0771187
46.55		-0.073581
46.65		-0.0703812
46.75		-0.067481
46.85		-0.0648466
46.95		-0.0624482
47.05		-0.0602597
47.15		-0.0582578
47.25		-0.0564221
47.35		-0.0547345
47.45		-0.0531791
47.55		-0.0517418
47.65		-0.0504099
47.75		-0.0491726
47.85		-0.0480199
47.95		-0.0469431
48.05		-0.0459346
48.15		-0.0449876
48.25		-0.0440958
48.35		-0.043254
48.45		-0.0424574
48.55		-0.0417016
48.65		-0.0409829
48.75		-0.0402979
48.85		-0.0396436
48.95		-0.0390173
49.05		-0.0384166
49.15		-0.0378394
49.25		-0.0372837
49.35		-0.0367479
49.45		-0.0362304
49.55		-0.0357298
49.65		-0.0352449
49.75		-0.0347746
49.85		-0.0343179
49.95		-0.0338739
50.05		-0.0334418
50.15		-0.0330209
50.25		-0.0326105
50.35		-0.0322099
50.45		-0.0318188
50.55		-0.0314365
50.65		-0.0310626
50.75		-0.0306967
50.85		-0.0303385
50.95		-0.0299876
51.05		-0.0296437
51.15		-0.0293064
51.25		-0.0289756
51.35		-0.028651
51.45		-0.0283324
51.55		-0.0280195
51.65		-0.0277122
51.75		-0.0274102
51.85		-0.0271135
51.95		-0.0268218
52.05		-0.026535
52.15		-0.026253
52.25		-0.0259756
52.35		-0.0257027
52.45		-0.0254343
52.55		-0.0251701
52.65		-0.0249101
52.75		-0.0246541
52.85		-0.0244022
52.95		-0.0241541
53.05		-0.0239099
53.15		-0.0236694
53.25		-0.0234325
53.35		-0.0231992
53.45		-0.0229694
53.55		-0.022743
53.65		-0.02252
53.75		-0.0223003
53.85		-0.0220838
53.95		-0.0218704
54.05		-0.0216602
54.15		-0.021453
54.25		-0.0212488
54.35		-0.0210476
54.45		-0.0208492
54.55		-0.0206536
54.65		-0.0204608
54.75		-0.0202708
54.85		-0.0200834
54.95		-0.0198987
55.05		-0.0197166
55.15		-0.019537
55.25		-0.0193599
55.35		-0.0191853
55.45		-0.0190131
55.55		-0.0188432
55.65		-0.0186757
55.75		-0.0185105
55.85		-0.0183476
55.95		-0.0181869
56.05		-0.0180283
56.15		-0.0178719
56.25		-0.0177177
56.35		-0.0175655
56.45		-0.0174153
56.55		-0.0172672
56.65		-0.0171211
56.75		-0.0169769
56.85		-0.0168346
56.95		-0.0166942
57.05		-0.0165557
57.15		-0.0164189
57.25		-0.016284
57.35		-0.0161509
57.45		-0.0160195
57.55		-0.0158898
57.65		-0.0157618
57.75		-0.0156355
57.85		-0.0155108
57.95		-0.0153877
58.05		-0.0152662
58.15		-0.0151463
58.25		-0.0150279
58.35		-0.014911
58.45		-0.0147957
58.55		-0.0146817
58.65		-0.0145693
58.75		-0.0144582
58.85		-0.0143486
58.95		-0.0142403
59.05		-0.0141334
59.15		-0.0140278
59.25		-0.0139236
59.35		-0.0138206
59.45		-0.013719
59.55		-0.0136186
59.65		-0.0135194
59.75		-0.0134215
59.85		-0.0133247
59.95		-0.0132292
60.05		-0.0131348
60.15		-0.0130416
60.25		-0.0129495
60.35		-0.0128586
60.45		-0.0127687
60.55		-0.0126799
60.65		-0.0125922
60.75		-0.0125056
60.85		-0.01242
60.95		-0.0123354
61.05		-0.0122518
61.15		-0.0121692
61.25		-0.0120876
61.35		-0.012007
61.45		-0.0119273
61.55		-0.0118486
61.65		-0.0117708
61.75		-0.0116939
61.85		-0.0116179
61.95		-0.0115428
62.05		-0.0114686
62.15		-0.0113952
62.25		-0.0113227
62.35		-0.011251
62.45		-0.0111802
62.55		-0.0111101
62.65		-0.0110409
62.75		-0.0109724
62.85		-0.0109048
62.95		-0.0108379
63.05		-0.0107717
63.15		-0.0107064
63.25		-0.0106417
63.35		-0.0105778
63.45		-0.0105146
63.55		-0.0104521
63.65		-0.0103903
63.75		-0.0103292
63.85		-0.0102688
63.95		-0.0102091
64.05		-0.01015
64.15		-0.0100915
64.25		-0.0100337
64.35		-0.00997658
64.45		-0.00992005
64.55		-0.00986413
64.65		-0.00980883
64.75		-0.00975413
64.85		-0.00970002
64.95		-0.0096465
65.05		-0.00959355
65.15		-0.00954117
65.25		-0.00948936
65.35		-0.0094381
65.45		-0.00938739
65.55		-0.00933722
65.65		-0.00928758
65.75		-0.00923846
65.85		-0.00918987
65.95		-0.00914179
66.05		-0.00909421
66.15		-0.00904714
66.25		-0.00900055
66.35		-0.00895446
66.45		-0.00890884
66.55		-0.00886369
66.65		-0.00881902
66.75		-0.0087748
66.85		-0.00873104
66.95		-0.00868773
67.05		-0.00864486
67.15		-0.00860243
67.25		-0.00856043
67.35		-0.00851886
67.45		-0.00847771
67.55		-0.00843698
67.65		-0.00839666
67.75		-0.00835674
67.85		-0.00831722
67.95		-0.0082781
68.05		-0.00823937
68.15		-0.00820102
68.25		-0.00816306
68.35		-0.00812547
68.45		-0.00808825
68.55		-0.0080514
68.65		-0.00801491
68.75		-0.00797878
68.85		-0.007943
68.95		-0.00790757
69.05		-0.00787248
69.15		-0.00783773
69.25		-0.00780332
69.35		-0.00776924
69.45		-0.00773549
69.55		-0.00770206
69.65		-0.00766895
69.75		-0.00763616
69.85		-0.00760368
69.95		-0.0075715
70.05		-0.00753963
70.15		-0.00750807
70.25		-0.00747679
70.35		-0.00744581
70.45		-0.00741513
70.55		-0.00738472
70.65		-0.0073546
70.75		-0.00732476
70.85		-0.0072952
70.95		-0.0072659
71.05		-0.00723688
71.15		-0.00720813
71.25		-0.00717963
71.35		-0.0071514
71.45		-0.00712342
71.55		-0.0070957
71.65		-0.00706823
71.75		-0.00704101
71.85		-0.00701403
71.95		-0.00698729
72.05		-0.00696079
72.15		-0.00693453
72.25		-0.0069085
72.35		-0.00688271
72.45		-0.00685714
72.55		-0.0068318
72.65		-0.00680668
72.75		-0.00678178
72.85		-0.0067571
72.95		-0.00673263
73.05		-0.00670838
73.15		-0.00668433
73.25		-0.0066605
73.35		-0.00663687
73.45		-0.00661344
73.55		-0.00659022
73.65		-0.00656719
73.75		-0.00654436
73.85		-0.00652173
73.95		-0.00649928
74.05		-0.00647703
74.15		-0.00645496
74.25		-0.00643308
74.35		-0.00641138
74.45		-0.00638987
74.55		-0.00636853
74.65		-0.00634737
74.75		-0.00632639
74.85		-0.00630558
74.95		-0.00628494
75.05		-0.00626447
75.15		-0.00624416
75.25		-0.00622403
75.35		-0.00620406
75.45		-0.00618425
75.55		-0.0061646
75.65		-0.0061451
75.75		-0.00612577
75.85		-0.00610659
75.95		-0.00608756
76.05		-0.00606869
76.15		-0.00604997
76.25		-0.00603139
76.35		-0.00601296
76.45		-0.00599468
76.55		-0.00597654
76.65		-0.00595854
76.75		-0.00594068
76.85		-0.00592297
76.95		-0.00590539
77.05		-0.00588794
77.15		-0.00587063
77.25		-0.00585346
77.35		-0.00583641
77.45		-0.0058195
77.55		-0.00580272
77.65		-0.00578606
77.75		-0.00576953
77.85		-0.00575312
77.95		-0.00573684
78.05		-0.00572068
78.15		-0.00570464
78.25		-0.00568872
78.35		-0.00567292
78.45		-0.00565724
78.55		-0.00564167
78.65		-0.00562622
78.75		-0.00561088
78.85		-0.00559566
78.95		-0.00558054
79.05		-0.00556554
79.15		-0.00555064
79.25		-0.00553586
79.35		-0.00552117
79.45		-0.0055066
79.55		-0.00549213
79.65		-0.00547776
79.75		-0.0054635
79.85		-0.00544934
79.95		-0.00543528
80.05		-0.00542131
80.15		-0.00540745
80.25		-0.00539368
80.35		-0.00538001
80.45		-0.00536644
80.55		-0.00535296
80.65		-0.00533957
80.75		-0.00532627
80.85		-0.00531307
80.95		-0.00529996
81.05		-0.00528694
81.15		-0.00527401
81.25		-0.00526116
81.35		-0.0052484
81.45		-0.00523573
81.55		-0.00522315
81.65		-0.00521065
81.75		-0.00519823
81.85		-0.00518589
81.95		-0.00517364
82.05		-0.00516147
82.15		-0.00514938
82.25		-0.00513737
82.35		-0.00512544
82.45		-0.00511359
82.55		-0.00510181
82.65		-0.00509011
82.75		-0.00507849
82.85		-0.00506694
82.95		-0.00505547
83.05		-0.00504407
83.15		-0.00503275
83.25		-0.00502149
83.35		-0.00501031
83.45		-0.0049992
83.55		-0.00498816
83.65		-0.00497719
83.75		-0.00496629
83.85		-0.00495546
83.95		-0.00494469
84.05		-0.00493399
84.15		-0.00492336
84.25		-0.0049128
84.35		-0.00490229
84.45		-0.00489186
84.55		-0.00488149
84.65		-0.00487118
84.75		-0.00486093
84.85		-0.00485075
84.95		-0.00484063
85.05		-0.00483057
85.15		-0.00482057
85.25		-0.00481063
85.35		-0.00480075
85.45		-0.00479093
85.55		-0.00478117
85.65		-0.00477146
85.75		-0.00476181
85.85		-0.00475222
85.95		-0.00474269
86.05		-0.00473321
86.15		-0.00472378
86.25		-0.00471442
86.35		-0.0047051
86.45		-0.00469584
86.55		-0.00468663
86.65		-0.00467748
86.75		-0.00466837
86.85		-0.00465932
86.95		-0.00465033
87.05		-0.00464138
87.15		-0.00463248
87.25		-0.00462363
87.35		-0.00461483
87.45		-0.00460609
87.55		-0.00459739
87.65		-0.00458873
87.75		-0.00458013
87.85		-0.00457157
87.95		-0.00456306
88.05		-0.0045546
88.15		-0.00454619
88.25		-0.00453782
88.35		-0.00452949
88.45		-0.00452121
88.55		-0.00451298
88.65		-0.00450478
88.75		-0.00449664
88.85		-0.00448853
88.95		-0.00448047
89.05		-0.00447246
89.15		-0.00446448
89.25		-0.00445655
89.35		-0.00444866
89.45		-0.00444081
89.55		-0.004433
89.65		-0.00442523
89.75		-0.0044175
89.85		-0.00440981
89.95		-0.00440216
90.05		-0.00439456
90.15		-0.00438699
90.25		-0.00437945
90.35		-0.00437196
90.45		-0.00436451
90.55		-0.00435709
90.65		-0.00434971
90.75		-0.00434237
90.85		-0.00433506
90.95		-0.00432779
91.05		-0.00432056
91.15		-0.00431336
91.25		-0.0043062
91.35		-0.00429907
91.45		-0.00429198
91.55		-0.00428492
91.65		-0.0042779
91.75		-0.00427091
91.85		-0.00426396
91.95		-0.00425704
92.05		-0.00425015
92.15		-0.00424329
92.25		-0.00423647
92.35		-0.00422968
92.45		-0.00422293
92.55		-0.0042162
92.65		-0.00420951
92.75		-0.00420285
92.85		-0.00419622
92.95		-0.00418962
93.05		-0.00418305
93.15		-0.00417651
93.25		-0.00417001
93.35		-0.00416353
93.45		-0.00415708
93.55		-0.00415066
93.65		-0.00414428
93.75		-0.00413792
93.85		-0.00413159
93.95		-0.00412528
94.05		-0.00411901
94.15		-0.00411277
94.25		-0.00410655
94.35		-0.00410036
94.45		-0.0040942
94.55		-0.00408807
94.65		-0.00408196
94.75		-0.00407588
94.85		-0.00406983
94.95		-0.0040638
95.05		-0.0040578
95.15		-0.00405183
95.25		-0.00404588
95.35		-0.00403996
95.45		-0.00403406
95.55		-0.00402819
95.65		-0.00402234
95.75		-0.00401652
95.85		-0.00401073
95.95		-0.00400496
96.05		-0.00399921
96.15		-0.00399349
96.25		-0.00398779
96.35		-0.00398211
96.45		-0.00397646
96.55		-0.00397084
96.65		-0.00396523
96.75		-0.00395965
96.85		-0.0039541
96.95		-0.00394856
97.05		-0.00394305
97.15		-0.00393756
97.25		-0.00393209
97.35		-0.00392665
97.45		-0.00392123
97.55		-0.00391583
97.65		-0.00391045
97.75		-0.00390509
97.85		-0.00389976
97.95		-0.00389444
98.05		-0.00388915
98.15		-0.00388388
98.25		-0.00387863
98.35		-0.0038734
98.45		-0.00386819
98.55		-0.003863
98.65		-0.00385783
98.75		-0.00385268
98.85		-0.00384756
98.95		-0.00384245
99.05		-0.00383736
99.15		-0.00383229
99.25		-0.00382724
99.35		-0.00382221
99.45		-0.0038172
99.55		-0.00381221
99.65		-0.00380723
99.75		-0.00380228
99.85		-0.00379734
99.95		-0.00379243
