tau [fm]		dB_2nd
0.25		-5.69076
0.35		-1.10732		
0.45		-0.217005		
0.55		-0.0390582		
0.65		-0.0053521		
0.75		0.000364186		
0.85		0.00105438		
0.95		0.000936546		
1.05		0.000733829		
1.15		0.000560787		
1.25		0.000428203		
1.35		0.000329466		
1.45		0.000256365		
1.55		0.000202077		
1.65		0.00016147		
1.75		0.000130817		
1.85		0.000107443		
1.95		8.94295e-05		
2.05		7.53993e-05		
2.15		6.43546e-05		
2.25		5.55678e-05		
2.35		4.85037e-05		
2.45		4.27654e-05		
2.55		3.80556e-05		
2.65		3.41494e-05		
2.75		3.08757e-05		
2.85		2.81026e-05		
2.95		2.5728e-05		
3.05		2.36717e-05		
3.15		2.18708e-05		
3.25		2.0275e-05		
3.35		1.88442e-05		
3.45		1.75458e-05		
3.55		1.63537e-05		
3.65		1.52461e-05		
3.75		1.42056e-05		
3.85		1.32173e-05		
3.95		1.22692e-05		
4.05		1.13511e-05		
4.15		1.04546e-05		
4.25		9.57259e-06		
4.35		8.69905e-06		
4.45		7.82898e-06		
4.55		6.95814e-06		
4.65		6.08296e-06		
4.75		5.20046e-06		
4.85		4.30813e-06		
4.95		3.40388e-06		
5.05		2.48598e-06		
5.15		1.55301e-06		
5.25		6.03822e-07		
5.35		-3.62501e-07		
5.45		-1.34667e-06		
5.55		-2.34922e-06		
5.65		-3.37051e-06		
5.75		-4.41079e-06		
5.85		-5.47017e-06		
5.95		-6.54865e-06		
6.05		-7.64614e-06		
6.15		-8.76246e-06		
6.25		-9.89737e-06		
6.35		-1.10505e-05		
6.45		-1.22216e-05		
6.55		-1.34101e-05		
6.65		-1.46156e-05		
6.75		-1.58376e-05		
6.85		-1.70754e-05		
6.95		-1.83287e-05		
7.05		-1.95966e-05		
7.15		-2.08786e-05		
7.25		-2.21741e-05		
7.35		-2.34824e-05		
7.45		-2.48027e-05		
7.55		-2.61344e-05		
7.65		-2.74769e-05		
7.75		-2.88293e-05		
7.85		-3.01909e-05		
7.95		-3.15612e-05		
8.05		-3.29392e-05		
8.15		-3.43243e-05		
8.25		-3.57159e-05		
8.35		-3.7113e-05		
8.45		-3.85152e-05		
8.55		-3.99216e-05		
8.65		-4.13316e-05		
8.75		-4.27444e-05		
8.85		-4.41594e-05		
8.95		-4.55759e-05		
9.05		-4.69933e-05		
9.15		-4.84108e-05		
9.25		-4.9828e-05		
9.35		-5.1244e-05		
9.45		-5.26584e-05		
9.55		-5.40705e-05		
9.65		-5.54798e-05		
9.75		-5.68857e-05		
9.85		-5.82875e-05		
9.95		-5.96849e-05		
10.05		-6.10772e-05		
10.15		-6.2464e-05		
10.25		-6.38447e-05		
10.35		-6.52189e-05		
10.45		-6.65862e-05		
10.55		-6.79461e-05		
10.65		-6.92982e-05		
10.75		-7.0642e-05		
10.85		-7.19773e-05		
10.95		-7.33035e-05		
11.05		-7.46205e-05		
11.15		-7.59277e-05		
11.25		-7.7225e-05		
11.35		-7.8512e-05		
11.45		-7.97884e-05		
11.55		-8.1054e-05		
11.65		-8.23085e-05		
11.75		-8.35517e-05		
11.85		-8.47834e-05		
11.95		-8.60034e-05		
12.05		-8.72114e-05		
12.15		-8.84073e-05		
12.25		-8.9591e-05		
12.35		-9.07623e-05		
12.45		-9.19212e-05		
12.55		-9.30674e-05		
12.65		-9.4201e-05		
12.75		-9.53217e-05		
12.85		-9.64297e-05		
12.95		-9.75248e-05		
13.05		-9.86069e-05		
13.15		-9.96761e-05		
13.25		-0.000100732		
13.35		-0.000101776		
13.45		-0.000102806		
13.55		-0.000103824		
13.65		-0.000104828		
13.75		-0.00010582		
13.85		-0.000106799		
13.95		-0.000107766		
14.05		-0.00010872		
14.15		-0.000109661		
14.25		-0.00011059		
14.35		-0.000111507		
14.45		-0.000112412		
14.55		-0.000113304		
14.65		-0.000114185		
14.75		-0.000115054		
14.85		-0.000115912		
14.95		-0.000116758		
15.05		-0.000117593		
15.15		-0.000118417		
15.25		-0.000119231		
15.35		-0.000120033		
15.45		-0.000120826		
15.55		-0.000121608		
15.65		-0.00012238		
15.75		-0.000123143		
15.85		-0.000123896		
15.95		-0.000124639		
16.05		-0.000125374		
16.15		-0.0001261		
16.25		-0.000126818		
16.35		-0.000127527		
16.45		-0.000128228		
16.55		-0.000128922		
16.65		-0.000129608		
16.75		-0.000130287		
16.85		-0.00013096		
16.95		-0.000131625		
17.05		-0.000132285		
17.15		-0.000132938		
17.25		-0.000133586		
17.35		-0.000134228		
17.45		-0.000134865		
17.55		-0.000135498		
17.65		-0.000136126		
17.75		-0.00013675		
17.85		-0.00013737		
17.95		-0.000137986		
18.05		-0.0001386		
18.15		-0.00013921		
18.25		-0.000139818		
18.35		-0.000140424		
18.45		-0.000141028		
18.55		-0.00014163		
18.65		-0.000142231		
18.75		-0.000142831		
18.85		-0.000143431		
18.95		-0.00014403		
19.05		-0.00014463		
19.15		-0.00014523		
19.25		-0.000145831		
19.35		-0.000146433		
19.45		-0.000147037		
19.55		-0.000147642		
19.65		-0.00014825		
19.75		-0.00014886		
19.85		-0.000149473		
19.95		-0.00015009		
20.05		-0.00015071		
20.15		-0.000151334		
20.25		-0.000151963		
20.35		-0.000152596		
20.45		-0.000153234		
20.55		-0.000153878		
20.65		-0.000154527		
20.75		-0.000155183		
20.85		-0.000155845		
20.95		-0.000156514		
21.05		-0.00015719		
21.15		-0.000157874		
21.25		-0.000158566		
21.35		-0.000159266		
21.45		-0.000159975		
21.55		-0.000160694		
21.65		-0.000161421		
21.75		-0.000162159		
21.85		-0.000162906		
21.95		-0.000163665		
22.05		-0.000164434		
22.15		-0.000165215		
22.25		-0.000166008		
22.35		-0.000166812		
22.45		-0.00016763		
22.55		-0.00016846		
22.65		-0.000169304		
22.75		-0.000170161		
22.85		-0.000171033		
22.95		-0.000171919		
23.05		-0.00017282		
23.15		-0.000173736		
23.25		-0.000174668		
23.35		-0.000175616		
23.45		-0.000176581		
23.55		-0.000177563		
23.65		-0.000178562		
23.75		-0.000179579		
23.85		-0.000180614		
23.95		-0.000181668		
24.05		-0.000182741		
24.15		-0.000183833		
24.25		-0.000184945		
24.35		-0.000186078		
24.45		-0.000187231		
24.55		-0.000188406		
24.65		-0.000189602		
24.75		-0.000190821		
24.85		-0.000192062		
24.95		-0.000193326		
25.05		-0.000194613		
25.15		-0.000195925		
25.25		-0.00019726		
25.35		-0.000198621		
25.45		-0.000200007		
25.55		-0.000201418		
25.65		-0.000202856		
25.75		-0.000204321		
25.85		-0.000205813		
25.95		-0.000207332		
26.05		-0.00020888		
26.15		-0.000210456		
26.25		-0.000212062		
26.35		-0.000213697		
26.45		-0.000215362		
26.55		-0.000217058		
26.65		-0.000218785		
26.75		-0.000220544		
26.85		-0.000222335		
26.95		-0.000224159		
27.05		-0.000226016		
27.15		-0.000227907		
27.25		-0.000229832		
27.35		-0.000231792		
27.45		-0.000233788		
27.55		-0.000235819		
27.65		-0.000237887		
27.75		-0.000239992		
27.85		-0.000242134		
27.95		-0.000244315		
28.05		-0.000246534		
28.15		-0.000248793		
28.25		-0.000251092		
28.35		-0.000253431		
28.45		-0.000255811		
28.55		-0.000258233		
28.65		-0.000260697		
28.75		-0.000263204		
28.85		-0.000265755		
28.95		-0.000268349		
29.05		-0.000270988		
29.15		-0.000273673		
29.25		-0.000276403		
29.35		-0.00027918		
29.45		-0.000282004		
29.55		-0.000284876		
29.65		-0.000287797		
29.75		-0.000290766		
29.85		-0.000293785		
29.95		-0.000296855		
30.05		-0.000299976		
30.15		-0.000303148		
30.25		-0.000306373		
30.35		-0.000309651		
30.45		-0.000312982		
30.55		-0.000316368		
30.65		-0.000319809		
30.75		-0.000323306		
30.85		-0.000326859		
30.95		-0.000330469		
31.05		-0.000334137		
31.15		-0.000337864		
31.25		-0.00034165		
31.35		-0.000345496		
31.45		-0.000349403		
31.55		-0.00035337		
31.65		-0.000357401		
31.75		-0.000361494		
31.85		-0.00036565		
31.95		-0.000371759		
32.05		-0.00037288		
32.15		-0.000373696		
32.25		-0.000374235		
32.35		-0.000374526		
32.45		-0.000374591		
32.55		-0.000374453		
32.65		-0.000374131		
32.75		-0.000373644		
32.85		-0.000373006		
32.95		-0.000372233		
33.05		-0.000371338		
33.15		-0.000370332		
33.25		-0.000369226		
33.35		-0.000368029		
33.45		-0.00036675		
33.55		-0.000365398		
33.65		-0.000363979		
33.75		-0.0003625		
33.85		-0.000360966		
33.95		-0.000359384		
34.05		-0.000357757		
34.15		-0.00035609		
34.25		-0.000354387		
34.35		-0.000352652		
34.45		-0.000350888		
34.55		-0.000349098		
34.65		-0.000347284		
34.75		-0.00034545		
34.85		-0.000343597		
34.95		-0.000341728		
35.05		-0.000339844		
35.15		-0.000337947		
35.25		-0.000336039		
35.35		-0.000334122		
35.45		-0.000332195		
35.55		-0.000330262		
35.65		-0.000328322		
35.75		-0.000326378		
35.85		-0.000324429		
35.95		-0.000322477		
36.05		-0.000320522		
36.15		-0.000318566		
36.25		-0.000316609		
36.35		-0.000314652		
36.45		-0.000312695		
36.55		-0.000310739		
36.65		-0.000308784		
36.75		-0.000306831		
36.85		-0.000304881		
36.95		-0.000302933		
37.05		-0.000300988		
37.15		-0.000299047		
37.25		-0.00029711		
37.35		-0.000295177		
37.45		-0.000293248		
37.55		-0.000291324		
37.65		-0.000289405		
37.75		-0.000287492		
37.85		-0.000285584		
37.95		-0.000283682		
38.05		-0.000281786		
38.15		-0.000279896		
38.25		-0.000278012		
38.35		-0.000276135		
38.45		-0.000274265		
38.55		-0.000272402		
38.65		-0.000270545		
38.75		-0.000268696		
38.85		-0.000266854		
38.95		-0.00026502		
39.05		-0.000263193		
39.15		-0.000261374		
39.25		-0.000259563		
39.35		-0.00025776		
39.45		-0.000255964		
39.55		-0.000254177		
39.65		-0.000252398		
39.75		-0.000250627		
39.85		-0.000248865		
39.95		-0.000247111		
40.05		-0.000245366		
40.15		-0.000243629		
40.25		-0.000241901		
40.35		-0.000240181		
40.45		-0.00023847		
40.55		-0.000236768		
40.65		-0.000235075		
40.75		-0.00023339		
40.85		-0.000231715		
40.95		-0.000230048		
41.05		-0.000228391		
41.15		-0.000226742		
41.25		-0.000225103		
41.35		-0.000223472		
41.45		-0.000221851		
41.55		-0.000220238		
41.65		-0.000218635		
41.75		-0.000217041		
41.85		-0.000215457		
41.95		-0.000213881		
42.05		-0.000212314		
42.15		-0.000210757		
42.25		-0.000209209		
42.35		-0.00020767		
42.45		-0.00020614		
42.55		-0.00020462		
42.65		-0.000203109		
42.75		-0.000201607		
42.85		-0.000200114		
42.95		-0.00019863		
43.05		-0.000197155		
43.15		-0.00019569		
43.25		-0.000194233		
43.35		-0.000192786		
43.45		-0.000191348		
43.55		-0.000189919		
43.65		-0.0001885		
43.75		-0.000187089		
43.85		-0.000185687		
43.95		-0.000184294		
44.05		-0.000182911		
44.15		-0.000181536		
44.25		-0.00018017		
44.35		-0.000178813		
44.45		-0.000177466		
44.55		-0.000176127		
44.65		-0.000174796		
44.75		-0.000173475		
44.85		-0.000172163		
44.95		-0.000170859		
45.05		-0.000169564		
45.15		-0.000168278		
45.25		-0.000167		
45.35		-0.000165731		
45.45		-0.000164471		
45.55		-0.000163219		
45.65		-0.000161976		
45.75		-0.000160741		
45.85		-0.000159515		
45.95		-0.000158297		
46.05		-0.000157088		
46.15		-0.000155887		
46.25		-0.000154694		
46.35		-0.000146142		
46.45		-0.000137313		
46.55		-0.000128786		
46.65		-0.00012062		
46.75		-0.000112857		
46.85		-0.000105524		
46.95		-9.86348e-05		
47.05		-9.21945e-05		
47.15		-8.61986e-05		
47.25		-8.06367e-05		
47.35		-7.54934e-05		
47.45		-7.07494e-05		
47.55		-6.6383e-05		
47.65		-6.2371e-05		
47.75		-5.86892e-05		
47.85		-5.53132e-05		
47.95		-5.2219e-05		
48.05		-4.93833e-05		
48.15		-4.67836e-05		
48.25		-4.43988e-05		
48.35		-4.22091e-05		
48.45		-4.0196e-05		
48.55		-3.83425e-05		
48.65		-3.6633e-05		
48.75		-3.50533e-05		
48.85		-3.35904e-05		
48.95		-3.22328e-05		
49.05		-3.09699e-05		
49.15		-2.97925e-05		
49.25		-2.8692e-05		
49.35		-2.76609e-05		
49.45		-2.66927e-05		
49.55		-2.57813e-05		
49.65		-2.49215e-05		
49.75		-2.41086e-05		
49.85		-2.33385e-05		
49.95		-2.26074e-05		
50.05		-2.19121e-05		
50.15		-2.12497e-05		
50.25		-2.06176e-05		
50.35		-2.00134e-05		
50.45		-1.94352e-05		
50.55		-1.8881e-05		
50.65		-1.83493e-05		
50.75		-1.78385e-05		
50.85		-1.73474e-05		
50.95		-1.68747e-05		
51.05		-1.64193e-05		
51.15		-1.59803e-05		
51.25		-1.55567e-05		
51.35		-1.51478e-05		
51.45		-1.47527e-05		
51.55		-1.43709e-05		
51.65		-1.40016e-05		
51.75		-1.36444e-05		
51.85		-1.32985e-05		
51.95		-1.29636e-05		
52.05		-1.26392e-05		
52.15		-1.23248e-05		
52.25		-1.202e-05		
52.35		-1.17244e-05		
52.45		-1.14377e-05		
52.55		-1.11596e-05		
52.65		-1.08896e-05		
52.75		-1.06276e-05		
52.85		-1.03732e-05		
52.95		-1.01261e-05		
53.05		-9.88609e-06		
53.15		-9.65293e-06		
53.25		-9.42636e-06		
53.35		-9.20617e-06		
53.45		-8.99214e-06		
53.55		-8.78407e-06		
53.65		-8.58175e-06		
53.75		-8.385e-06		
53.85		-8.19364e-06		
53.95		-8.0075e-06		
54.05		-7.8264e-06		
54.15		-7.65019e-06		
54.25		-7.47872e-06		
54.35		-7.31183e-06		
54.45		-7.14939e-06		
54.55		-6.99125e-06		
54.65		-6.83729e-06		
54.75		-6.68738e-06		
54.85		-6.5414e-06		
54.95		-6.39922e-06		
55.05		-6.26073e-06		
55.15		-6.12583e-06		
55.25		-5.99441e-06		
55.35		-5.86635e-06		
55.45		-5.74158e-06		
55.55		-5.61998e-06		
55.65		-5.50147e-06		
55.75		-5.38595e-06		
55.85		-5.27334e-06		
55.95		-5.16356e-06		
56.05		-5.05653e-06		
56.15		-4.95216e-06		
56.25		-4.85038e-06		
56.35		-4.75112e-06		
56.45		-4.6543e-06		
56.55		-4.55986e-06		
56.65		-4.46773e-06		
56.75		-4.37785e-06		
56.85		-4.29015e-06		
56.95		-4.20457e-06		
57.05		-4.12105e-06		
57.15		-4.03954e-06		
57.25		-3.95999e-06		
57.35		-3.88233e-06		
57.45		-3.80652e-06		
57.55		-3.7325e-06		
57.65		-3.66024e-06		
57.75		-3.58967e-06		
57.85		-3.52075e-06		
57.95		-3.45345e-06		
58.05		-3.38771e-06		
58.15		-3.3235e-06		
58.25		-3.26078e-06		
58.35		-3.19949e-06		
58.45		-3.13962e-06		
58.55		-3.08111e-06		
58.65		-3.02394e-06		
58.75		-2.96807e-06		
58.85		-2.91346e-06		
58.95		-2.86009e-06		
59.05		-2.80791e-06		
59.15		-2.75691e-06		
59.25		-2.70704e-06		
59.35		-2.65828e-06		
59.45		-2.6106e-06		
59.55		-2.56398e-06		
59.65		-2.51838e-06		
59.75		-2.47379e-06		
59.85		-2.43017e-06		
59.95		-2.3875e-06		
60.05		-2.34576e-06		
60.15		-2.30492e-06		
60.25		-2.26496e-06		
60.35		-2.22586e-06		
60.45		-2.1876e-06		
60.55		-2.15015e-06		
60.65		-2.1135e-06		
60.75		-2.07763e-06		
60.85		-2.04252e-06		
60.95		-2.00814e-06		
61.05		-1.97449e-06		
61.15		-1.94154e-06		
61.25		-1.90927e-06		
61.35		-1.87768e-06		
61.45		-1.84674e-06		
61.55		-1.81644e-06		
61.65		-1.78676e-06		
61.75		-1.75769e-06		
61.85		-1.72921e-06		
61.95		-1.70132e-06		
62.05		-1.67398e-06		
62.15		-1.6472e-06		
62.25		-1.62096e-06		
62.35		-1.59525e-06		
62.45		-1.57005e-06		
62.55		-1.54535e-06		
62.65		-1.52114e-06		
62.75		-1.49741e-06		
62.85		-1.47415e-06		
62.95		-1.45134e-06		
63.05		-1.42899e-06		
63.15		-1.40706e-06		
63.25		-1.38557e-06		
63.35		-1.36449e-06		
63.45		-1.34382e-06		
63.55		-1.32355e-06		
63.65		-1.30366e-06		
63.75		-1.28416e-06		
63.85		-1.26502e-06		
63.95		-1.24625e-06		
64.05		-1.22784e-06		
64.15		-1.20977e-06		
64.25		-1.19204e-06		
64.35		-1.17465e-06		
64.45		-1.15758e-06		
64.55		-1.14082e-06		
64.65		-1.12438e-06		
64.75		-1.10824e-06		
64.85		-1.0924e-06		
64.95		-1.07684e-06		
65.05		-1.06158e-06		
65.15		-1.04659e-06		
65.25		-1.03187e-06		
65.35		-1.01742e-06		
65.45		-1.00323e-06		
65.55		-9.89289e-07		
65.65		-9.75603e-07		
65.75		-9.6216e-07		
65.85		-9.48957e-07		
65.95		-9.35987e-07		
66.05		-9.23247e-07		
66.15		-9.1073e-07		
66.25		-8.98433e-07		
66.35		-8.86351e-07		
66.45		-8.7448e-07		
66.55		-8.62814e-07		
66.65		-8.5135e-07		
66.75		-8.40084e-07		
66.85		-8.29011e-07		
66.95		-8.18128e-07		
67.05		-8.07431e-07		
67.15		-7.96915e-07		
67.25		-7.86578e-07		
67.35		-7.76415e-07		
67.45		-7.66423e-07		
67.55		-7.56599e-07		
67.65		-7.46938e-07		
67.75		-7.37439e-07		
67.85		-7.28097e-07		
67.95		-7.1891e-07		
68.05		-7.09874e-07		
68.15		-7.00986e-07		
68.25		-6.92244e-07		
68.35		-6.83645e-07		
68.45		-6.75186e-07		
68.55		-6.66863e-07		
68.65		-6.58675e-07		
68.75		-6.50618e-07		
68.85		-6.42691e-07		
68.95		-6.34891e-07		
69.05		-6.27214e-07		
69.15		-6.1966e-07		
69.25		-6.12224e-07		
69.35		-6.04907e-07		
69.45		-5.97704e-07		
69.55		-5.90613e-07		
69.65		-5.83634e-07		
69.75		-5.76763e-07		
69.85		-5.69998e-07		
69.95		-5.63338e-07		
70.05		-5.5678e-07		
70.15		-5.50323e-07		
70.25		-5.43964e-07		
70.35		-5.37703e-07		
70.45		-5.31536e-07		
70.55		-5.25463e-07		
70.65		-5.19481e-07		
70.75		-5.13589e-07		
70.85		-5.07785e-07		
70.95		-5.02068e-07		
71.05		-4.96436e-07		
71.15		-4.90887e-07		
71.25		-4.8542e-07		
71.35		-4.80034e-07		
71.45		-4.74727e-07		
71.55		-4.69497e-07		
71.65		-4.64344e-07		
71.75		-4.59265e-07		
71.85		-4.5426e-07		
71.95		-4.49327e-07		
72.05		-4.44465e-07		
72.15		-4.39672e-07		
72.25		-4.34948e-07		
72.35		-4.30291e-07		
72.45		-4.257e-07		
72.55		-4.21174e-07		
72.65		-4.16712e-07		
72.75		-4.12313e-07		
72.85		-4.07974e-07		
72.95		-4.03697e-07		
73.05		-3.99479e-07		
73.15		-3.95319e-07		
73.25		-3.91216e-07		
73.35		-3.8717e-07		
73.45		-3.8318e-07		
73.55		-3.79244e-07		
73.65		-3.75361e-07		
73.75		-3.71532e-07		
73.85		-3.67754e-07		
73.95		-3.64027e-07		
74.05		-3.6035e-07		
74.15		-3.56722e-07		
74.25		-3.53143e-07		
74.35		-3.49611e-07		
74.45		-3.46126e-07		
74.55		-3.42687e-07		
74.65		-3.39293e-07		
74.75		-3.35944e-07		
74.85		-3.32639e-07		
74.95		-3.29377e-07		
75.05		-3.26157e-07		
75.15		-3.22979e-07		
75.25		-3.19841e-07		
75.35		-3.16745e-07		
75.45		-3.13688e-07		
75.55		-3.1067e-07		
75.65		-3.0769e-07		
75.75		-3.04748e-07		
75.85		-3.01844e-07		
75.95		-2.98976e-07		
76.05		-2.96144e-07		
76.15		-2.93347e-07		
76.25		-2.90586e-07		
76.35		-2.87859e-07		
76.45		-2.85165e-07		
76.55		-2.82505e-07		
76.65		-2.79878e-07		
76.75		-2.77283e-07		
76.85		-2.7472e-07		
76.95		-2.72188e-07		
77.05		-2.69686e-07		
77.15		-2.67216e-07		
77.25		-2.64775e-07		
77.35		-2.62363e-07		
77.45		-2.5998e-07		
77.55		-2.57626e-07		
77.65		-2.553e-07		
77.75		-2.53002e-07		
77.85		-2.50731e-07		
77.95		-2.48486e-07		
78.05		-2.46268e-07		
78.15		-2.44076e-07		
78.25		-2.4191e-07		
78.35		-2.39769e-07		
78.45		-2.37653e-07		
78.55		-2.35561e-07		
78.65		-2.33494e-07		
78.75		-2.3145e-07		
78.85		-2.2943e-07		
78.95		-2.27433e-07		
79.05		-2.25458e-07		
79.15		-2.23506e-07		
79.25		-2.21577e-07		
79.35		-2.19669e-07		
79.45		-2.17782e-07		
79.55		-2.15917e-07		
79.65		-2.14072e-07		
79.75		-2.12248e-07		
79.85		-2.10445e-07		
79.95		-2.08661e-07		
80.05		-2.06897e-07		
80.15		-2.05153e-07		
80.25		-2.03427e-07		
80.35		-2.01721e-07		
80.45		-2.00033e-07		
80.55		-1.98363e-07		
80.65		-1.96712e-07		
80.75		-1.95078e-07		
80.85		-1.93462e-07		
80.95		-1.91864e-07		
81.05		-1.90282e-07		
81.15		-1.88718e-07		
81.25		-1.8717e-07		
81.35		-1.85638e-07		
81.45		-1.84123e-07		
81.55		-1.82623e-07		
81.65		-1.8114e-07		
81.75		-1.79672e-07		
81.85		-1.78219e-07		
81.95		-1.76781e-07		
82.05		-1.75359e-07		
82.15		-1.73951e-07		
82.25		-1.72557e-07		
82.35		-1.71178e-07		
82.45		-1.69813e-07		
82.55		-1.68462e-07		
82.65		-1.67125e-07		
82.75		-1.65802e-07		
82.85		-1.64491e-07		
82.95		-1.63194e-07		
83.05		-1.61911e-07		
83.15		-1.6064e-07		
83.25		-1.59381e-07		
83.35		-1.58136e-07		
83.45		-1.56902e-07		
83.55		-1.55681e-07		
83.65		-1.54472e-07		
83.75		-1.53275e-07		
83.85		-1.5209e-07		
83.95		-1.50917e-07		
84.05		-1.49754e-07		
84.15		-1.48604e-07		
84.25		-1.47464e-07		
84.35		-1.46336e-07		
84.45		-1.45218e-07		
84.55		-1.44111e-07		
84.65		-1.43015e-07		
84.75		-1.41929e-07		
84.85		-1.40854e-07		
84.95		-1.39789e-07		
85.05		-1.38734e-07		
85.15		-1.37689e-07		
85.25		-1.36654e-07		
85.35		-1.35628e-07		
85.45		-1.34613e-07		
85.55		-1.33607e-07		
85.65		-1.3261e-07		
85.75		-1.31622e-07		
85.85		-1.30644e-07		
85.95		-1.29675e-07		
86.05		-1.28714e-07		
86.15		-1.27763e-07		
86.25		-1.2682e-07		
86.35		-1.25886e-07		
86.45		-1.24961e-07		
86.55		-1.24043e-07		
86.65		-1.23135e-07		
86.75		-1.22234e-07		
86.85		-1.21342e-07		
86.95		-1.20457e-07		
87.05		-1.19581e-07		
87.15		-1.18712e-07		
87.25		-1.17852e-07		
87.35		-1.16999e-07		
87.45		-1.16153e-07		
87.55		-1.15315e-07		
87.65		-1.14484e-07		
87.75		-1.13661e-07		
87.85		-1.12845e-07		
87.95		-1.12036e-07		
88.05		-1.11234e-07		
88.15		-1.10439e-07		
88.25		-1.09651e-07		
88.35		-1.0887e-07		
88.45		-1.08096e-07		
88.55		-1.07328e-07		
88.65		-1.06567e-07		
88.75		-1.05813e-07		
88.85		-1.05065e-07		
88.95		-1.04323e-07		
89.05		-1.03588e-07		
89.15		-1.02859e-07		
89.25		-1.02136e-07		
89.35		-1.01419e-07		
89.45		-1.00708e-07		
89.55		-1.00003e-07		
89.65		-9.93044e-08		
89.75		-9.86114e-08		
89.85		-9.79241e-08		
89.95		-9.72426e-08		
90.05		-9.65668e-08		
90.15		-9.58965e-08		
90.25		-9.52318e-08		
90.35		-9.45725e-08		
90.45		-9.39187e-08		
90.55		-9.32702e-08		
90.65		-9.26271e-08		
90.75		-9.19892e-08		
90.85		-9.13565e-08		
90.95		-9.07289e-08		
91.05		-9.01064e-08		
91.15		-8.94889e-08		
91.25		-8.88764e-08		
91.35		-8.82688e-08		
91.45		-8.76661e-08		
91.55		-8.70683e-08		
91.65		-8.64752e-08		
91.75		-8.58868e-08		
91.85		-8.53031e-08		
91.95		-8.4724e-08		
92.05		-8.41495e-08		
92.15		-8.35795e-08		
92.25		-8.3014e-08		
92.35		-8.2453e-08		
92.45		-8.18963e-08		
92.55		-8.1344e-08		
92.65		-8.0796e-08		
92.75		-8.02522e-08		
92.85		-7.97127e-08		
92.95		-7.91773e-08		
93.05		-7.86461e-08		
93.15		-7.8119e-08		
93.25		-7.75959e-08		
93.35		-7.70769e-08		
93.45		-7.65618e-08		
93.55		-7.60506e-08		
93.65		-7.55433e-08		
93.75		-7.50399e-08		
93.85		-7.45403e-08		
93.95		-7.40445e-08		
94.05		-7.35524e-08		
94.15		-7.3064e-08		
94.25		-7.25793e-08		
94.35		-7.20983e-08		
94.45		-7.16208e-08		
94.55		-7.11469e-08		
94.65		-7.06765e-08		
94.75		-7.02096e-08		
94.85		-6.97462e-08		
94.95		-6.92862e-08		
95.05		-6.88296e-08		
95.15		-6.83763e-08		
95.25		-6.79265e-08		
95.35		-6.74799e-08		
95.45		-6.70365e-08		
95.55		-6.65964e-08		
95.65		-6.61595e-08		
95.75		-6.57258e-08		
95.85		-6.52952e-08		
95.95		-6.48678e-08		
96.05		-6.44434e-08		
96.15		-6.40221e-08		
96.25		-6.36038e-08		
96.35		-6.31886e-08		
96.45		-6.27763e-08		
96.55		-6.23669e-08		
96.65		-6.19605e-08		
96.75		-6.1557e-08		
96.85		-6.11563e-08		
96.95		-6.07585e-08		
97.05		-6.03635e-08		
97.15		-5.99712e-08		
97.25		-5.95818e-08		
97.35		-5.91951e-08		
97.45		-5.88111e-08		
97.55		-5.84298e-08		
97.65		-5.80511e-08		
97.75		-5.76751e-08		
97.85		-5.73017e-08		
97.95		-5.69309e-08		
98.05		-5.65627e-08		
98.15		-5.61971e-08		
98.25		-5.58339e-08		
98.35		-5.54733e-08		
98.45		-5.51151e-08		
98.55		-5.47594e-08		
98.65		-5.44062e-08		
98.75		-5.40553e-08		
98.85		-5.37069e-08		
98.95		-5.33608e-08		
99.05		-5.30171e-08		
99.15		-5.26757e-08		
99.25		-5.23367e-08		
99.35		-5.19999e-08		
99.45		-5.16654e-08		
99.55		-5.13332e-08		
99.65		-5.10032e-08		
99.75		-5.06754e-08		
99.85		-5.03498e-08		
99.95		-5.00264e-08		
