tau [fm]		e/e0
0.25		1
0.35		0.714492		
0.45		0.556173		
0.55		0.454719		
0.65		0.383819		
0.75		0.331364		
0.85		0.290959		
0.95		0.258883		
1.05		0.232809		
1.15		0.211209		
1.25		0.193033		
1.35		0.177535		
1.45		0.164173		
1.55		0.152541		
1.65		0.142329		
1.75		0.133297		
1.85		0.125256		
1.95		0.118056		
2.05		0.111575		
2.15		0.105713		
2.25		0.100387		
2.35		0.0955294		
2.45		0.0910831		
2.55		0.0869992		
2.65		0.0832367		
2.75		0.0797602		
2.85		0.0765394		
2.95		0.0735479		
3.05		0.0707629		
3.15		0.0681646		
3.25		0.0657353		
3.35		0.0634596		
3.45		0.0613239		
3.55		0.0593161		
3.65		0.0574255		
3.75		0.0556423		
3.85		0.0539582		
3.95		0.0523652		
4.05		0.0508564		
4.15		0.0494256		
4.25		0.0480671		
4.35		0.0467757		
4.45		0.0455467		
4.55		0.0443758		
4.65		0.0432593		
4.75		0.0421934		
4.85		0.041175		
4.95		0.0402011		
5.05		0.0392688		
5.15		0.0383757		
5.25		0.0375194		
5.35		0.0366978		
5.45		0.0359089		
5.55		0.0351508		
5.65		0.0344218		
5.75		0.0337203		
5.85		0.0330449		
5.95		0.0323942		
6.05		0.0317668		
6.15		0.0311616		
6.25		0.0305774		
6.35		0.0300133		
6.45		0.0294682		
6.55		0.0289413		
6.65		0.0284315		
6.75		0.0279383		
6.85		0.0274607		
6.95		0.0269981		
7.05		0.0265498		
7.15		0.0261152		
7.25		0.0256937		
7.35		0.0252846		
7.45		0.0248876		
7.55		0.024502		
7.65		0.0241274		
7.75		0.0237634		
7.85		0.0234095		
7.95		0.0230653		
8.05		0.0227304		
8.15		0.0224045		
8.25		0.0220873		
8.35		0.0217783		
8.45		0.0214773		
8.55		0.021184		
8.65		0.0208981		
8.75		0.0206194		
8.85		0.0203475		
8.95		0.0200823		
9.05		0.0198234		
9.15		0.0195708		
9.25		0.0193241		
9.35		0.0190832		
9.45		0.0188478		
9.55		0.0186179		
9.65		0.0183931		
9.75		0.0181734		
9.85		0.0179586		
9.95		0.0177484		
10.05		0.0175429		
10.15		0.0173417		
10.25		0.0171449		
10.35		0.0169522		
10.45		0.0167635		
10.55		0.0165787		
10.65		0.0163978		
10.75		0.0162205		
10.85		0.0160468		
10.95		0.0158765		
11.05		0.0157096		
11.15		0.015546		
11.25		0.0153855		
11.35		0.0152282		
11.45		0.0150738		
11.55		0.0149224		
11.65		0.0147738		
11.75		0.0146279		
11.85		0.0144848		
11.95		0.0143442		
12.05		0.0142062		
12.15		0.0140707		
12.25		0.0139376		
12.35		0.0138069		
12.45		0.0136784		
12.55		0.0135522		
12.65		0.0134281		
12.75		0.0133062		
12.85		0.0131863		
12.95		0.0130685		
13.05		0.0129526		
13.15		0.0128387		
13.25		0.0127266		
13.35		0.0126164		
13.45		0.0125079		
13.55		0.0124012		
13.65		0.0122962		
13.75		0.0121929		
13.85		0.0120912		
13.95		0.011991		
14.05		0.0118925		
14.15		0.0117954		
14.25		0.0116999		
14.35		0.0116057		
14.45		0.011513		
14.55		0.0114217		
14.65		0.0113318		
14.75		0.0112432		
14.85		0.0111558		
14.95		0.0110698		
15.05		0.010985		
15.15		0.0109014		
15.25		0.010819		
15.35		0.0107378		
15.45		0.0106577		
15.55		0.0105787		
15.65		0.0105009		
15.75		0.0104241		
15.85		0.0103483		
15.95		0.0102736		
16.05		0.0101999		
16.15		0.0101273		
16.25		0.0100555		
16.35		0.00998476		
16.45		0.00991493		
16.55		0.00984601		
16.65		0.00977799		
16.75		0.00971086		
16.85		0.00964459		
16.95		0.00957918		
17.05		0.00951459		
17.15		0.00945083		
17.25		0.00938786		
17.35		0.00932569		
17.45		0.00926429		
17.55		0.00920365		
17.65		0.00914376		
17.75		0.0090846		
17.85		0.00902616		
17.95		0.00896842		
18.05		0.00891138		
18.15		0.00885503		
18.25		0.00879934		
18.35		0.00874431		
18.45		0.00868993		
18.55		0.00863619		
18.65		0.00858307		
18.75		0.00853057		
18.85		0.00847867		
18.95		0.00842736		
19.05		0.00837664		
19.15		0.0083265		
19.25		0.00827692		
19.35		0.00822789		
19.45		0.00817941		
19.55		0.00813147		
19.65		0.00808406		
19.75		0.00803717		
19.85		0.00799079		
19.95		0.00794491		
20.05		0.00789953		
20.15		0.00785464		
20.25		0.00781023		
20.35		0.00776629		
20.45		0.00772282		
20.55		0.00767981		
20.65		0.00763725		
20.75		0.00759513		
20.85		0.00755345		
20.95		0.0075122		
21.05		0.00747138		
21.15		0.00743097		
21.25		0.00739098		
21.35		0.00735139		
21.45		0.0073122		
21.55		0.0072734		
21.65		0.00723499		
21.75		0.00719697		
21.85		0.00715932		
21.95		0.00712204		
22.05		0.00708513		
22.15		0.00704858		
22.25		0.00701239		
22.35		0.00697655		
22.45		0.00694105		
22.55		0.00690589		
22.65		0.00687107		
22.75		0.00683658		
22.85		0.00680241		
22.95		0.00676857		
23.05		0.00673505		
23.15		0.00670184		
23.25		0.00666893		
23.35		0.00663634		
23.45		0.00660404		
23.55		0.00657204		
23.65		0.00654033		
23.75		0.00650892		
23.85		0.00647778		
23.95		0.00644693		
24.05		0.00641636		
24.15		0.00638605		
24.25		0.00635602		
24.35		0.00632626		
24.45		0.00629676		
24.55		0.00626752		
24.65		0.00623853		
24.75		0.0062098		
24.85		0.00618132		
24.95		0.00615309		
25.05		0.00612509		
25.15		0.00609734		
25.25		0.00606983		
25.35		0.00604255		
25.45		0.00601551		
25.55		0.00598869		
25.65		0.0059621		
25.75		0.00593573		
25.85		0.00590958		
25.95		0.00588365		
26.05		0.00585794		
26.15		0.00583243		
26.25		0.00580714		
26.35		0.00578206		
26.45		0.00575718		
26.55		0.0057325		
26.65		0.00570802		
26.75		0.00568374		
26.85		0.00565966		
26.95		0.00563576		
27.05		0.00561206		
27.15		0.00558855		
27.25		0.00556523		
27.35		0.00554209		
27.45		0.00551913		
27.55		0.00549635		
27.65		0.00547375		
27.75		0.00545132		
27.85		0.00542907		
27.95		0.00540699		
28.05		0.00538509		
28.15		0.00536335		
28.25		0.00534177		
28.35		0.00532036		
28.45		0.00529912		
28.55		0.00527803		
28.65		0.0052571		
28.75		0.00523633		
28.85		0.00521572		
28.95		0.00519526		
29.05		0.00517495		
29.15		0.00515479		
29.25		0.00513478		
29.35		0.00511492		
29.45		0.00509521		
29.55		0.00507564		
29.65		0.00505621		
29.75		0.00503692		
29.85		0.00501777		
29.95		0.00499876		
30.05		0.00497989		
30.15		0.00496115		
30.25		0.00494255		
30.35		0.00492408		
30.45		0.00490574		
30.55		0.00488753		
30.65		0.00486945		
30.75		0.00485149		
30.85		0.00483366		
30.95		0.00481596		
31.05		0.00479838		
31.15		0.00478092		
31.25		0.00476358		
31.35		0.00474637		
31.45		0.00472927		
31.55		0.00471228		
31.65		0.00469542		
31.75		0.00467867		
31.85		0.00466203		
31.95		0.0046455		
32.05		0.00462909		
32.15		0.00461279		
32.25		0.00459659		
32.35		0.00458051		
32.45		0.00456453		
32.55		0.00454865		
32.65		0.00453288		
32.75		0.00451722		
32.85		0.00450165		
32.95		0.00448619		
33.05		0.00447083		
33.15		0.00445557		
33.25		0.0044404		
33.35		0.00442533		
33.45		0.00441036		
33.55		0.00439549		
33.65		0.0043807		
33.75		0.00436601		
33.85		0.00435142		
33.95		0.00433691		
34.05		0.0043225		
34.15		0.00430817		
34.25		0.00429394		
34.35		0.00427979		
34.45		0.00426573		
34.55		0.00425176		
34.65		0.00423787		
34.75		0.00422407		
34.85		0.00421035		
34.95		0.00419672		
35.05		0.00418316		
35.15		0.00416969		
35.25		0.0041563		
35.35		0.00414299		
35.45		0.00412976		
35.55		0.00411661		
35.65		0.00410354		
35.75		0.00409055		
35.85		0.00407763		
35.95		0.00406479		
36.05		0.00405202		
36.15		0.00403933		
36.25		0.00402671		
36.35		0.00401417		
36.45		0.0040017		
36.55		0.0039893		
36.65		0.00397697		
36.75		0.00396472		
36.85		0.00395253		
36.95		0.00394042		
37.05		0.00392837		
37.15		0.0039164		
37.25		0.00390449		
37.35		0.00389265		
37.45		0.00388087		
37.55		0.00386916		
37.65		0.00385752		
37.75		0.00384594		
37.85		0.00383443		
37.95		0.00382298		
38.05		0.0038116		
38.15		0.00380027		
38.25		0.00378902		
38.35		0.00377782		
38.45		0.00376668		
38.55		0.00375561		
38.65		0.0037446		
38.75		0.00373364		
38.85		0.00372275		
38.95		0.00371191		
39.05		0.00370114		
39.15		0.00369042		
39.25		0.00367976		
39.35		0.00366916		
39.45		0.00365861		
39.55		0.00364812		
39.65		0.00363769		
39.75		0.00362731		
39.85		0.00361698		
39.95		0.00360672		
40.05		0.0035965		
40.15		0.00358634		
40.25		0.00357623		
40.35		0.00356618		
40.45		0.00355617		
40.55		0.00354622		
40.65		0.00353633		
40.75		0.00352648		
40.85		0.00351668		
40.95		0.00350694		
41.05		0.00349724		
41.15		0.0034876		
41.25		0.003478		
41.35		0.00346845		
41.45		0.00345895		
41.55		0.0034495		
41.65		0.0034401		
41.75		0.00343074		
41.85		0.00342144		
41.95		0.00341218		
42.05		0.00340296		
42.15		0.00339379		
42.25		0.00338467		
42.35		0.00337559		
42.45		0.00336656		
42.55		0.00335757		
42.65		0.00334863		
42.75		0.00333973		
42.85		0.00333088		
42.95		0.00332206		
43.05		0.0033133		
43.15		0.00330457		
43.25		0.00329589		
43.35		0.00328725		
43.45		0.00327865		
43.55		0.00327009		
43.65		0.00326157		
43.75		0.0032531		
43.85		0.00324467		
43.95		0.00323627		
44.05		0.00322792		
44.15		0.00321961		
44.25		0.00321133		
44.35		0.0032031		
44.45		0.0031949		
44.55		0.00318675		
44.65		0.00317863		
44.75		0.00317055		
44.85		0.00316251		
44.95		0.0031545		
45.05		0.00314654		
45.15		0.00313861		
45.25		0.00313071		
45.35		0.00312286		
45.45		0.00311504		
45.55		0.00310726		
45.65		0.00309951		
45.75		0.0030918		
45.85		0.00308412		
45.95		0.00307648		
46.05		0.00306887		
46.15		0.0030613		
46.25		0.00305377		
46.35		0.00304626		
46.45		0.0030388		
46.55		0.00303136		
46.65		0.00302396		
46.75		0.00301659		
46.85		0.00300925		
46.95		0.00300194		
47.05		0.00299466		
47.15		0.00298741		
47.25		0.00298019		
47.35		0.00297301		
47.45		0.00296585		
47.55		0.00295872		
47.65		0.00295163		
47.75		0.00294456		
47.85		0.00293752		
47.95		0.00293051		
48.05		0.00292353		
48.15		0.00291658		
48.25		0.00290966		
48.35		0.00290277		
48.45		0.00289591		
48.55		0.00288907		
48.65		0.00288227		
48.75		0.00287549		
48.85		0.00286874		
48.95		0.00286202		
49.05		0.00285533		
49.15		0.00284867		
49.25		0.00284203		
49.35		0.00283542		
49.45		0.00282884		
49.55		0.00282229		
49.65		0.00281577		
49.75		0.00280927		
49.85		0.0028028		
49.95		0.00279636		
50.05		0.00278994		
50.15		0.00278355		
50.25		0.00277719		
50.35		0.00277085		
50.45		0.00276454		
50.55		0.00275826		
50.65		0.002752		
50.75		0.00274577		
50.85		0.00273956		
50.95		0.00273338		
51.05		0.00272722		
51.15		0.00272109		
51.25		0.00271499		
51.35		0.00270891		
51.45		0.00270285		
51.55		0.00269682		
51.65		0.00269082		
51.75		0.00268483		
51.85		0.00267888		
51.95		0.00267294		
52.05		0.00266703		
52.15		0.00266115		
52.25		0.00265529		
52.35		0.00264945		
52.45		0.00264363		
52.55		0.00263784		
52.65		0.00263208		
52.75		0.00262633		
52.85		0.00262061		
52.95		0.00261491		
53.05		0.00260923		
53.15		0.00260358		
53.25		0.00259795		
53.35		0.00259234		
53.45		0.00258675		
53.55		0.00258119		
53.65		0.00257564		
53.75		0.00257012		
53.85		0.00256462		
53.95		0.00255914		
54.05		0.00255368		
54.15		0.00254825		
54.25		0.00254283		
54.35		0.00253744		
54.45		0.00253207		
54.55		0.00252672		
54.65		0.00252139		
54.75		0.00251608		
54.85		0.00251079		
54.95		0.00250552		
55.05		0.00250027		
55.15		0.00249504		
55.25		0.00248983		
55.35		0.00248464		
55.45		0.00247947		
55.55		0.00247432		
55.65		0.00246919		
55.75		0.00246408		
55.85		0.00245899		
55.95		0.00245391		
56.05		0.00244886		
56.15		0.00244383		
56.25		0.00243881		
56.35		0.00243382		
56.45		0.00242884		
56.55		0.00242388		
56.65		0.00241894		
56.75		0.00241402		
56.85		0.00240912		
56.95		0.00240423		
57.05		0.00239936		
57.15		0.00239451		
57.25		0.00238968		
57.35		0.00238487		
57.45		0.00238007		
57.55		0.0023753		
57.65		0.00237054		
57.75		0.00236579		
57.85		0.00236107		
57.95		0.00235636		
58.05		0.00235167		
58.15		0.002347		
58.25		0.00234234		
58.35		0.0023377		
58.45		0.00233308		
58.55		0.00232847		
58.65		0.00232388		
58.75		0.00231931		
58.85		0.00231475		
58.95		0.00231021		
59.05		0.00230569		
59.15		0.00230118		
59.25		0.00229669		
59.35		0.00229221		
59.45		0.00228775		
59.55		0.00228331		
59.65		0.00227888		
59.75		0.00227447		
59.85		0.00227007		
59.95		0.00226569		
60.05		0.00226133		
60.15		0.00225698		
60.25		0.00225264		
60.35		0.00224832		
60.45		0.00224402		
60.55		0.00223973		
60.65		0.00223546		
60.75		0.0022312		
60.85		0.00222695		
60.95		0.00222272		
61.05		0.00221851		
61.15		0.00221431		
61.25		0.00221012		
61.35		0.00220595		
61.45		0.0022018		
61.55		0.00219766		
61.65		0.00219353		
61.75		0.00218941		
61.85		0.00218531		
61.95		0.00218123		
62.05		0.00217716		
62.15		0.0021731		
62.25		0.00216906		
62.35		0.00216503		
62.45		0.00216101		
62.55		0.00215701		
62.65		0.00215302		
62.75		0.00214904		
62.85		0.00214508		
62.95		0.00214113		
63.05		0.0021372		
63.15		0.00213328		
63.25		0.00212937		
63.35		0.00212547		
63.45		0.00212159		
63.55		0.00211772		
63.65		0.00211386		
63.75		0.00211002		
63.85		0.00210619		
63.95		0.00210237		
64.05		0.00209857		
64.15		0.00209477		
64.25		0.00209099		
64.35		0.00208722		
64.45		0.00208347		
64.55		0.00207973		
64.65		0.002076		
64.75		0.00207228		
64.85		0.00206857		
64.95		0.00206488		
65.05		0.00206119		
65.15		0.00205752		
65.25		0.00205387		
65.35		0.00205022		
65.45		0.00204659		
65.55		0.00204296		
65.65		0.00203935		
65.75		0.00203576		
65.85		0.00203217		
65.95		0.00202859		
66.05		0.00202503		
66.15		0.00202148		
66.25		0.00201793		
66.35		0.0020144		
66.45		0.00201089		
66.55		0.00200738		
66.65		0.00200388		
66.75		0.0020004		
66.85		0.00199692		
66.95		0.00199346		
67.05		0.00199001		
67.15		0.00198657		
67.25		0.00198314		
67.35		0.00197972		
67.45		0.00197631		
67.55		0.00197291		
67.65		0.00196953		
67.75		0.00196615		
67.85		0.00196279		
67.95		0.00195943		
68.05		0.00195609		
68.15		0.00195275		
68.25		0.00194943		
68.35		0.00194612		
68.45		0.00194281		
68.55		0.00193952		
68.65		0.00193624		
68.75		0.00193297		
68.85		0.0019297		
68.95		0.00192645		
69.05		0.00192321		
69.15		0.00191998		
69.25		0.00191676		
69.35		0.00191354		
69.45		0.00191034		
69.55		0.00190715		
69.65		0.00190397		
69.75		0.00190079		
69.85		0.00189763		
69.95		0.00189448		
70.05		0.00189133		
70.15		0.0018882		
70.25		0.00188507		
70.35		0.00188196		
70.45		0.00187885		
70.55		0.00187576		
70.65		0.00187267		
70.75		0.00186959		
70.85		0.00186652		
70.95		0.00186346		
71.05		0.00186041		
71.15		0.00185737		
71.25		0.00185434		
71.35		0.00185132		
71.45		0.0018483		
71.55		0.0018453		
71.65		0.0018423		
71.75		0.00183932		
71.85		0.00183634		
71.95		0.00183337		
72.05		0.00183041		
72.15		0.00182746		
72.25		0.00182451		
72.35		0.00182158		
72.45		0.00181865		
72.55		0.00181574		
72.65		0.00181283		
72.75		0.00180993		
72.85		0.00180704		
72.95		0.00180415		
73.05		0.00180128		
73.15		0.00179841		
73.25		0.00179556		
73.35		0.00179271		
73.45		0.00178987		
73.55		0.00178703		
73.65		0.00178421		
73.75		0.00178139		
73.85		0.00177858		
73.95		0.00177578		
74.05		0.00177299		
74.15		0.00177021		
74.25		0.00176743		
74.35		0.00176466		
74.45		0.0017619		
74.55		0.00175915		
74.65		0.00175641		
74.75		0.00175367		
74.85		0.00175094		
74.95		0.00174822		
75.05		0.00174551		
75.15		0.0017428		
75.25		0.0017401		
75.35		0.00173741		
75.45		0.00173473		
75.55		0.00173206		
75.65		0.00172939		
75.75		0.00172673		
75.85		0.00172408		
75.95		0.00172143		
76.05		0.00171879		
76.15		0.00171616		
76.25		0.00171354		
76.35		0.00171093		
76.45		0.00170832		
76.55		0.00170572		
76.65		0.00170312		
76.75		0.00170054		
76.85		0.00169796		
76.95		0.00169539		
77.05		0.00169282		
77.15		0.00169026		
77.25		0.00168771		
77.35		0.00168517		
77.45		0.00168263		
77.55		0.0016801		
77.65		0.00167758		
77.75		0.00167507		
77.85		0.00167256		
77.95		0.00167006		
78.05		0.00166756		
78.15		0.00166507		
78.25		0.00166259		
78.35		0.00166012		
78.45		0.00165765		
78.55		0.00165519		
78.65		0.00165273		
78.75		0.00165029		
78.85		0.00164784		
78.95		0.00164541		
79.05		0.00164298		
79.15		0.00164056		
79.25		0.00163815		
79.35		0.00163574		
79.45		0.00163334		
79.55		0.00163094		
79.65		0.00162855		
79.75		0.00162617		
79.85		0.00162379		
79.95		0.00162142		
80.05		0.00161906		
80.15		0.0016167		
80.25		0.00161435		
80.35		0.00161201		
80.45		0.00160967		
80.55		0.00160734		
80.65		0.00160501		
80.75		0.00160269		
80.85		0.00160038		
80.95		0.00159807		
81.05		0.00159577		
81.15		0.00159347		
81.25		0.00159118		
81.35		0.0015889		
81.45		0.00158662		
81.55		0.00158435		
81.65		0.00158209		
81.75		0.00157983		
81.85		0.00157757		
81.95		0.00157533		
82.05		0.00157309		
82.15		0.00157085		
82.25		0.00156862		
82.35		0.0015664		
82.45		0.00156418		
82.55		0.00156196		
82.65		0.00155976		
82.75		0.00155756		
82.85		0.00155536		
82.95		0.00155317		
83.05		0.00155099		
83.15		0.00154881		
83.25		0.00154663		
83.35		0.00154447		
83.45		0.0015423		
83.55		0.00154015		
83.65		0.001538		
83.75		0.00153585		
83.85		0.00153371		
83.95		0.00153158		
84.05		0.00152945		
84.15		0.00152733		
84.25		0.00152521		
84.35		0.00152309		
84.45		0.00152099		
84.55		0.00151888		
84.65		0.00151679		
84.75		0.0015147		
84.85		0.00151261		
84.95		0.00151053		
85.05		0.00150845		
85.15		0.00150638		
85.25		0.00150432		
85.35		0.00150226		
85.45		0.0015002		
85.55		0.00149815		
85.65		0.00149611		
85.75		0.00149407		
85.85		0.00149204		
85.95		0.00149001		
86.05		0.00148798		
86.15		0.00148596		
86.25		0.00148395		
86.35		0.00148194		
86.45		0.00147993		
86.55		0.00147794		
86.65		0.00147594		
86.75		0.00147395		
86.85		0.00147197		
86.95		0.00146999		
87.05		0.00146801		
87.15		0.00146604		
87.25		0.00146408		
87.35		0.00146212		
87.45		0.00146016		
87.55		0.00145821		
87.65		0.00145627		
87.75		0.00145432		
87.85		0.00145239		
87.95		0.00145046		
88.05		0.00144853		
88.15		0.00144661		
88.25		0.00144469		
88.35		0.00144278		
88.45		0.00144087		
88.55		0.00143896		
88.65		0.00143707		
88.75		0.00143517		
88.85		0.00143328		
88.95		0.0014314		
89.05		0.00142951		
89.15		0.00142764		
89.25		0.00142577		
89.35		0.0014239		
89.45		0.00142204		
89.55		0.00142018		
89.65		0.00141832		
89.75		0.00141647		
89.85		0.00141463		
89.95		0.00141279		
90.05		0.00141095		
90.15		0.00140912		
90.25		0.00140729		
90.35		0.00140547		
90.45		0.00140365		
90.55		0.00140184		
90.65		0.00140003		
90.75		0.00139822		
90.85		0.00139642		
90.95		0.00139462		
91.05		0.00139283		
91.15		0.00139104		
91.25		0.00138925		
91.35		0.00138747		
91.45		0.0013857		
91.55		0.00138392		
91.65		0.00138216		
91.75		0.00138039		
91.85		0.00137863		
91.95		0.00137688		
92.05		0.00137512		
92.15		0.00137338		
92.25		0.00137163		
92.35		0.00136989		
92.45		0.00136816		
92.55		0.00136643		
92.65		0.0013647		
92.75		0.00136298		
92.85		0.00136126		
92.95		0.00135954		
93.05		0.00135783		
93.15		0.00135612		
93.25		0.00135442		
93.35		0.00135272		
93.45		0.00135102		
93.55		0.00134933		
93.65		0.00134764		
93.75		0.00134596		
93.85		0.00134428		
93.95		0.0013426		
94.05		0.00134093		
94.15		0.00133926		
94.25		0.00133759		
94.35		0.00133593		
94.45		0.00133428		
94.55		0.00133262		
94.65		0.00133097		
94.75		0.00132933		
94.85		0.00132768		
94.95		0.00132604		
95.05		0.00132441		
95.15		0.00132278		
95.25		0.00132115		
95.35		0.00131953		
95.45		0.00131791		
95.55		0.00131629		
95.65		0.00131468		
95.75		0.00131307		
95.85		0.00131146		
95.95		0.00130986		
96.05		0.00130826		
96.15		0.00130666		
96.25		0.00130507		
96.35		0.00130348		
96.45		0.0013019		
96.55		0.00130032		
96.65		0.00129874		
96.75		0.00129717		
96.85		0.0012956		
96.95		0.00129403		
97.05		0.00129247		
97.15		0.00129091		
97.25		0.00128935		
97.35		0.0012878		
97.45		0.00128625		
97.55		0.0012847		
97.65		0.00128316		
97.75		0.00128162		
97.85		0.00128008		
97.95		0.00127855		
98.05		0.00127702		
98.15		0.00127549		
98.25		0.00127397		
98.35		0.00127245		
98.45		0.00127093		
98.55		0.00126942		
98.65		0.00126791		
98.75		0.0012664		
98.85		0.0012649		
98.95		0.0012634		
99.05		0.0012619		
99.15		0.00126041		
99.25		0.00125892		
99.35		0.00125743		
99.45		0.00125595		
99.55		0.00125447		
99.65		0.00125299		
99.75		0.00125152		
99.85		0.00125005		
99.95		0.00124858		
