tau [fm]		R_Pi^-1
0.25		0.0973251
0.35		0.0528805		
0.45		0.0229499		
0.55		0.0079628		
0.65		0.00191653		
0.75		-0.000214111		
0.85		-0.000966365		
0.95		-0.00128389		
1.05		-0.00145421		
1.15		-0.00156077		
1.25		-0.00163265		
1.35		-0.00168375		
1.45		-0.00172233		
1.55		-0.00175379		
1.65		-0.00178184		
1.75		-0.00180909		
1.85		-0.00183745		
1.95		-0.00186829		
2.05		-0.00190266		
2.15		-0.00194131		
2.25		-0.00198483		
2.35		-0.00203365		
2.45		-0.00208807		
2.55		-0.00214833		
2.65		-0.00221459		
2.75		-0.00228694		
2.85		-0.00236546		
2.95		-0.00245015		
3.05		-0.00254102		
3.15		-0.00263803		
3.25		-0.00274114		
3.35		-0.00285028		
3.45		-0.00296537		
3.55		-0.00308634		
3.65		-0.00321308		
3.75		-0.00334548		
3.85		-0.00348346		
3.95		-0.00362688		
4.05		-0.00377564		
4.15		-0.00392962		
4.25		-0.0040887		
4.35		-0.00425276		
4.45		-0.00442168		
4.55		-0.00459534		
4.65		-0.00477362		
4.75		-0.0049564		
4.85		-0.00514356		
4.95		-0.00533499		
5.05		-0.00553056		
5.15		-0.00573015		
5.25		-0.00593367		
5.35		-0.00614098		
5.45		-0.00635199		
5.55		-0.00656657		
5.65		-0.00678463		
5.75		-0.00700605		
5.85		-0.00723074		
5.95		-0.00745858		
6.05		-0.00768948		
6.15		-0.00792333		
6.25		-0.00816005		
6.35		-0.00839952		
6.45		-0.00864167		
6.55		-0.00888639		
6.65		-0.0091336		
6.75		-0.00938321		
6.85		-0.00963512		
6.95		-0.00988926		
7.05		-0.0101455		
7.15		-0.0104039		
7.25		-0.0106642		
7.35		-0.0109264		
7.45		-0.0111904		
7.55		-0.0114562		
7.65		-0.0117236		
7.75		-0.0119927		
7.85		-0.0122632		
7.95		-0.0125353		
8.05		-0.0128087		
8.15		-0.0130834		
8.25		-0.0133594		
8.35		-0.0136366		
8.45		-0.0139149		
8.55		-0.0141942		
8.65		-0.0144746		
8.75		-0.0147559		
8.85		-0.0150382		
8.95		-0.0153212		
9.05		-0.015605		
9.15		-0.0158896		
9.25		-0.0161748		
9.35		-0.0164607		
9.45		-0.0167471		
9.55		-0.0170341		
9.65		-0.0173215		
9.75		-0.0176094		
9.85		-0.0178977		
9.95		-0.0181863		
10.05		-0.0184752		
10.15		-0.0187643		
10.25		-0.0190537		
10.35		-0.0193433		
10.45		-0.019633		
10.55		-0.0199228		
10.65		-0.0202127		
10.75		-0.0205027		
10.85		-0.0207926		
10.95		-0.0210825		
11.05		-0.0213723		
11.15		-0.0216621		
11.25		-0.0219517		
11.35		-0.0222412		
11.45		-0.0225305		
11.55		-0.0228196		
11.65		-0.0231085		
11.75		-0.0233972		
11.85		-0.0236855		
11.95		-0.0239736		
12.05		-0.0242613		
12.15		-0.0245488		
12.25		-0.0248358		
12.35		-0.0251225		
12.45		-0.0254088		
12.55		-0.0256947		
12.65		-0.0259802		
12.75		-0.0262652		
12.85		-0.0265498		
12.95		-0.0268339		
13.05		-0.0271176		
13.15		-0.0274008		
13.25		-0.0276835		
13.35		-0.0279656		
13.45		-0.0282473		
13.55		-0.0285285		
13.65		-0.0288092		
13.75		-0.0290893		
13.85		-0.0293689		
13.95		-0.029648		
14.05		-0.0299265		
14.15		-0.0302045		
14.25		-0.030482		
14.35		-0.030759		
14.45		-0.0310354		
14.55		-0.0313113		
14.65		-0.0315867		
14.75		-0.0318615		
14.85		-0.0321359		
14.95		-0.0324097		
15.05		-0.0326831		
15.15		-0.0329559		
15.25		-0.0332283		
15.35		-0.0335002		
15.45		-0.0337716		
15.55		-0.0340426		
15.65		-0.0343131		
15.75		-0.0345832		
15.85		-0.0348529		
15.95		-0.0351222		
16.05		-0.0353912		
16.15		-0.0356597		
16.25		-0.0359279		
16.35		-0.0361958		
16.45		-0.0364634		
16.55		-0.0367307		
16.65		-0.0369977		
16.75		-0.0372644		
16.85		-0.037531		
16.95		-0.0377973		
17.05		-0.0380635		
17.15		-0.0383294		
17.25		-0.0385953		
17.35		-0.0388611		
17.45		-0.0391267		
17.55		-0.0393924		
17.65		-0.039658		
17.75		-0.0399236		
17.85		-0.0401892		
17.95		-0.0404549		
18.05		-0.0407207		
18.15		-0.0409866		
18.25		-0.0412527		
18.35		-0.041519		
18.45		-0.0417855		
18.55		-0.0420523		
18.65		-0.0423194		
18.75		-0.0425868		
18.85		-0.0428545		
18.95		-0.0431227		
19.05		-0.0433913		
19.15		-0.0436605		
19.25		-0.0439301		
19.35		-0.0442003		
19.45		-0.0444711		
19.55		-0.0447425		
19.65		-0.0450147		
19.75		-0.0452875		
19.85		-0.0455611		
19.95		-0.0458356		
20.05		-0.0461109		
20.15		-0.0463871		
20.25		-0.0466642		
20.35		-0.0469424		
20.45		-0.0472216		
20.55		-0.0475018		
20.65		-0.0477832		
20.75		-0.0480658		
20.85		-0.0483496		
20.95		-0.0486347		
21.05		-0.0489211		
21.15		-0.0492089		
21.25		-0.0494981		
21.35		-0.0497888		
21.45		-0.0500811		
21.55		-0.0503749		
21.65		-0.0506703		
21.75		-0.0509674		
21.85		-0.0512663		
21.95		-0.0515669		
22.05		-0.0518694		
22.15		-0.0521738		
22.25		-0.0524801		
22.35		-0.0527885		
22.45		-0.0530989		
22.55		-0.0534114		
22.65		-0.053726		
22.75		-0.0540429		
22.85		-0.0543621		
22.95		-0.0546836		
23.05		-0.0550075		
23.15		-0.0553339		
23.25		-0.0556628		
23.35		-0.0559942		
23.45		-0.0563282		
23.55		-0.0566649		
23.65		-0.0570044		
23.75		-0.0573466		
23.85		-0.0576917		
23.95		-0.0580397		
24.05		-0.0583907		
24.15		-0.0587446		
24.25		-0.0591017		
24.35		-0.0594619		
24.45		-0.0598253		
24.55		-0.0601919		
24.65		-0.0605619		
24.75		-0.0609352		
24.85		-0.0613119		
24.95		-0.0616922		
25.05		-0.0620759		
25.15		-0.0624633		
25.25		-0.0628544		
25.35		-0.0632491		
25.45		-0.0636476		
25.55		-0.06405		
25.65		-0.0644563		
25.75		-0.0648665		
25.85		-0.0652807		
25.95		-0.0656989		
26.05		-0.0661213		
26.15		-0.0665479		
26.25		-0.0669786		
26.35		-0.0674137		
26.45		-0.0678531		
26.55		-0.068297		
26.65		-0.0687452		
26.75		-0.069198		
26.85		-0.0696554		
26.95		-0.0701173		
27.05		-0.070584		
27.15		-0.0710553		
27.25		-0.0715315		
27.35		-0.0720125		
27.45		-0.0724984		
27.55		-0.0729892		
27.65		-0.073485		
27.75		-0.0739858		
27.85		-0.0744918		
27.95		-0.0750029		
28.05		-0.0755192		
28.15		-0.0760407		
28.25		-0.0765676		
28.35		-0.0770998		
28.45		-0.0776374		
28.55		-0.0781804		
28.65		-0.0787289		
28.75		-0.079283		
28.85		-0.0798427		
28.95		-0.080408		
29.05		-0.080979		
29.15		-0.0815557		
29.25		-0.0821382		
29.35		-0.0827265		
29.45		-0.0833206		
29.55		-0.0839207		
29.65		-0.0845267		
29.75		-0.0851387		
29.85		-0.0857568		
29.95		-0.0863809		
30.05		-0.0870111		
30.15		-0.0876475		
30.25		-0.0882901		
30.35		-0.0889389		
30.45		-0.089594		
30.55		-0.0902554		
30.65		-0.0909232		
30.75		-0.0915973		
30.85		-0.0922779		
30.95		-0.0929649		
31.05		-0.0936584		
31.15		-0.0943585		
31.25		-0.0950651		
31.35		-0.0957783		
31.45		-0.0964981		
31.55		-0.0972246		
31.65		-0.0979578		
31.75		-0.0986977		
31.85		-0.0994444		
31.95		-0.100254		
32.05		-0.101011		
32.15		-0.101692		
32.25		-0.102303		
32.35		-0.102851		
32.45		-0.103342		
32.55		-0.103781		
32.65		-0.104173		
32.75		-0.104521		
32.85		-0.10483		
32.95		-0.105102		
33.05		-0.105343		
33.15		-0.105553		
33.25		-0.105735		
33.35		-0.105893		
33.45		-0.106028		
33.55		-0.106142		
33.65		-0.106236		
33.75		-0.106313		
33.85		-0.106374		
33.95		-0.106419		
34.05		-0.106451		
34.15		-0.10647		
34.25		-0.106477		
34.35		-0.106473		
34.45		-0.10646		
34.55		-0.106437		
34.65		-0.106405		
34.75		-0.106365		
34.85		-0.106317		
34.95		-0.106263		
35.05		-0.106202		
35.15		-0.106135		
35.25		-0.106062		
35.35		-0.105984		
35.45		-0.1059		
35.55		-0.105812		
35.65		-0.10572		
35.75		-0.105623		
35.85		-0.105522		
35.95		-0.105417		
36.05		-0.105309		
36.15		-0.105197		
36.25		-0.105082		
36.35		-0.104964		
36.45		-0.104843		
36.55		-0.10472		
36.65		-0.104593		
36.75		-0.104464		
36.85		-0.104333		
36.95		-0.104199		
37.05		-0.104062		
37.15		-0.103924		
37.25		-0.103784		
37.35		-0.103641		
37.45		-0.103497		
37.55		-0.10335		
37.65		-0.103202		
37.75		-0.103053		
37.85		-0.102901		
37.95		-0.102748		
38.05		-0.102593		
38.15		-0.102437		
38.25		-0.102279		
38.35		-0.10212		
38.45		-0.10196		
38.55		-0.101798		
38.65		-0.101635		
38.75		-0.10147		
38.85		-0.101305		
38.95		-0.101138		
39.05		-0.10097		
39.15		-0.100801		
39.25		-0.100631		
39.35		-0.10046		
39.45		-0.100288		
39.55		-0.100115		
39.65		-0.0999412		
39.75		-0.0997663		
39.85		-0.0995905		
39.95		-0.0994139		
40.05		-0.0992364		
40.15		-0.0990582		
40.25		-0.0988792		
40.35		-0.0986994		
40.45		-0.0985189		
40.55		-0.0983377		
40.65		-0.0981558		
40.75		-0.0979733		
40.85		-0.0977901		
40.95		-0.0976063		
41.05		-0.0974219		
41.15		-0.097237		
41.25		-0.0970515		
41.35		-0.0968655		
41.45		-0.0966789		
41.55		-0.0964919		
41.65		-0.0963044		
41.75		-0.0961164		
41.85		-0.095928		
41.95		-0.0957392		
42.05		-0.09555		
42.15		-0.0953604		
42.25		-0.0951704		
42.35		-0.0949801		
42.45		-0.0947895		
42.55		-0.0945985		
42.65		-0.0944072		
42.75		-0.0942156		
42.85		-0.0940238		
42.95		-0.0938316		
43.05		-0.0936393		
43.15		-0.0934467		
43.25		-0.0932538		
43.35		-0.0930608		
43.45		-0.0928676		
43.55		-0.0926742		
43.65		-0.0924806		
43.75		-0.0922869		
43.85		-0.092093		
43.95		-0.091899		
44.05		-0.0917048		
44.15		-0.0915106		
44.25		-0.0913162		
44.35		-0.0911218		
44.45		-0.0909272		
44.55		-0.0907326		
44.65		-0.090538		
44.75		-0.0903433		
44.85		-0.0901485		
44.95		-0.0899537		
45.05		-0.0897589		
45.15		-0.0895641		
45.25		-0.0893693		
45.35		-0.0891745		
45.45		-0.0889797		
45.55		-0.0887849		
45.65		-0.0885901		
45.75		-0.0883954		
45.85		-0.0882007		
45.95		-0.088006		
46.05		-0.0878115		
46.15		-0.0876169		
46.25		-0.0874225		
46.35		-0.0870317		
46.45		-0.0862075		
46.55		-0.0850152		
46.65		-0.0835135		
46.75		-0.08176		
46.85		-0.0798099		
46.95		-0.0777147		
47.05		-0.0755213		
47.15		-0.0732715		
47.25		-0.0710019		
47.35		-0.0687433		
47.45		-0.0665213		
47.55		-0.0643563		
47.65		-0.0622641		
47.75		-0.0602562		
47.85		-0.0583403		
47.95		-0.0565213		
48.05		-0.054801		
48.15		-0.0531794		
48.25		-0.0516547		
48.35		-0.0502236		
48.45		-0.0488821		
48.55		-0.0476255		
48.65		-0.0464486		
48.75		-0.0453461		
48.85		-0.0443125		
48.95		-0.0433425		
49.05		-0.0424311		
49.15		-0.0415732		
49.25		-0.0407644		
49.35		-0.0400002		
49.45		-0.0392766		
49.55		-0.0385901		
49.65		-0.0379373		
49.75		-0.0373151		
49.85		-0.0367207		
49.95		-0.0361518		
50.05		-0.035606		
50.15		-0.0350814		
50.25		-0.0345762		
50.35		-0.0340888		
50.45		-0.0336177		
50.55		-0.0331617		
50.65		-0.0327197		
50.75		-0.0322906		
50.85		-0.0318736		
50.95		-0.0314678		
51.05		-0.0310725		
51.15		-0.030687		
51.25		-0.0303109		
51.35		-0.0299435		
51.45		-0.0295844		
51.55		-0.0292332		
51.65		-0.0288895		
51.75		-0.0285529		
51.85		-0.0282232		
51.95		-0.0279		
52.05		-0.0275831		
52.15		-0.0272722		
52.25		-0.0269672		
52.35		-0.0266677		
52.45		-0.0263737		
52.55		-0.026085		
52.65		-0.0258013		
52.75		-0.0255225		
52.85		-0.0252486		
52.95		-0.0249793		
53.05		-0.0247145		
53.15		-0.0244541		
53.25		-0.024198		
53.35		-0.0239461		
53.45		-0.0236983		
53.55		-0.0234545		
53.65		-0.0232145		
53.75		-0.0229784		
53.85		-0.0227459		
53.95		-0.0225171		
54.05		-0.0222919		
54.15		-0.0220701		
54.25		-0.0218517		
54.35		-0.0216367		
54.45		-0.021425		
54.55		-0.0212164		
54.65		-0.021011		
54.75		-0.0208086		
54.85		-0.0206093		
54.95		-0.020413		
55.05		-0.0202195		
55.15		-0.0200289		
55.25		-0.019841		
55.35		-0.019656		
55.45		-0.0194736		
55.55		-0.0192938		
55.65		-0.0191167		
55.75		-0.018942		
55.85		-0.0187699		
55.95		-0.0186003		
56.05		-0.018433		
56.15		-0.0182681		
56.25		-0.0181056		
56.35		-0.0179453		
56.45		-0.0177873		
56.55		-0.0176315		
56.65		-0.0174779		
56.75		-0.0173264		
56.85		-0.017177		
56.95		-0.0170296		
57.05		-0.0168843		
57.15		-0.016741		
57.25		-0.0165996		
57.35		-0.0164602		
57.45		-0.0163226		
57.55		-0.0161869		
57.65		-0.0160531		
57.75		-0.015921		
57.85		-0.0157907		
57.95		-0.0156622		
58.05		-0.0155354		
58.15		-0.0154102		
58.25		-0.0152867		
58.35		-0.0151649		
58.45		-0.0150446		
58.55		-0.014926		
58.65		-0.0148089		
58.75		-0.0146933		
58.85		-0.0145792		
58.95		-0.0144666		
59.05		-0.0143555		
59.15		-0.0142458		
59.25		-0.0141375		
59.35		-0.0140306		
59.45		-0.013925		
59.55		-0.0138209		
59.65		-0.013718		
59.75		-0.0136164		
59.85		-0.0135162		
59.95		-0.0134172		
60.05		-0.0133194		
60.15		-0.0132229		
60.25		-0.0131275		
60.35		-0.0130334		
60.45		-0.0129405		
60.55		-0.0128486		
60.65		-0.012758		
60.75		-0.0126684		
60.85		-0.01258		
60.95		-0.0124926		
61.05		-0.0124063		
61.15		-0.012321		
61.25		-0.0122368		
61.35		-0.0121537		
61.45		-0.0120715		
61.55		-0.0119903		
61.65		-0.0119101		
61.75		-0.0118308		
61.85		-0.0117525		
61.95		-0.0116752		
62.05		-0.0115987		
62.15		-0.0115232		
62.25		-0.0114485		
62.35		-0.0113748		
62.45		-0.0113019		
62.55		-0.0112298		
62.65		-0.0111587		
62.75		-0.0110883		
62.85		-0.0110187		
62.95		-0.01095		
63.05		-0.0108821		
63.15		-0.0108149		
63.25		-0.0107485		
63.35		-0.0106829		
63.45		-0.010618		
63.55		-0.0105539		
63.65		-0.0104905		
63.75		-0.0104279		
63.85		-0.0103659		
63.95		-0.0103046		
64.05		-0.0102441		
64.15		-0.0101842		
64.25		-0.0101249		
64.35		-0.0100664		
64.45		-0.0100085		
64.55		-0.00995121		
64.65		-0.00989458		
64.75		-0.00983858		
64.85		-0.00978319		
64.95		-0.00972842		
65.05		-0.00967424		
65.15		-0.00962066		
65.25		-0.00956766		
65.35		-0.00951524		
65.45		-0.00946339		
65.55		-0.0094121		
65.65		-0.00936136		
65.75		-0.00931117		
65.85		-0.00926152		
65.95		-0.0092124		
66.05		-0.0091638		
66.15		-0.00911572		
66.25		-0.00906815		
66.35		-0.00902109		
66.45		-0.00897452		
66.55		-0.00892844		
66.65		-0.00888285		
66.75		-0.00883773		
66.85		-0.00879308		
66.95		-0.0087489		
67.05		-0.00870518		
67.15		-0.00866191		
67.25		-0.00861909		
67.35		-0.00857671		
67.45		-0.00853476		
67.55		-0.00849325		
67.65		-0.00845215		
67.75		-0.00841148		
67.85		-0.00837122		
67.95		-0.00833137		
68.05		-0.00829192		
68.15		-0.00825287		
68.25		-0.00821421		
68.35		-0.00817594		
68.45		-0.00813805		
68.55		-0.00810054		
68.65		-0.0080634		
68.75		-0.00802663		
68.85		-0.00799022		
68.95		-0.00795417		
69.05		-0.00791848		
69.15		-0.00788314		
69.25		-0.00784814		
69.35		-0.00781348		
69.45		-0.00777916		
69.55		-0.00774517		
69.65		-0.00771152		
69.75		-0.00767818		
69.85		-0.00764517		
69.95		-0.00761247		
70.05		-0.00758009		
70.15		-0.00754801		
70.25		-0.00751624		
70.35		-0.00748477		
70.45		-0.0074536		
70.55		-0.00742272		
70.65		-0.00739213		
70.75		-0.00736183		
70.85		-0.00733181		
70.95		-0.00730207		
71.05		-0.00727261		
71.15		-0.00724342		
71.25		-0.0072145		
71.35		-0.00718585		
71.45		-0.00715746		
71.55		-0.00712933		
71.65		-0.00710146		
71.75		-0.00707384		
71.85		-0.00704648		
71.95		-0.00701936		
72.05		-0.00699248		
72.15		-0.00696585		
72.25		-0.00693946		
72.35		-0.0069133		
72.45		-0.00688738		
72.55		-0.00686169		
72.65		-0.00683623		
72.75		-0.00681099		
72.85		-0.00678597		
72.95		-0.00676118		
73.05		-0.0067366		
73.15		-0.00671224		
73.25		-0.00668809		
73.35		-0.00666415		
73.45		-0.00664042		
73.55		-0.00661689		
73.65		-0.00659357		
73.75		-0.00657045		
73.85		-0.00654753		
73.95		-0.0065248		
74.05		-0.00650226		
74.15		-0.00647992		
74.25		-0.00645777		
74.35		-0.0064358		
74.45		-0.00641402		
74.55		-0.00639243		
74.65		-0.00637101		
74.75		-0.00634977		
74.85		-0.00632871		
74.95		-0.00630783		
75.05		-0.00628711		
75.15		-0.00626657		
75.25		-0.0062462		
75.35		-0.00622599		
75.45		-0.00620596		
75.55		-0.00618608		
75.65		-0.00616636		
75.75		-0.00614681		
75.85		-0.00612741		
75.95		-0.00610817		
76.05		-0.00608909		
76.15		-0.00607016		
76.25		-0.00605138		
76.35		-0.00603274		
76.45		-0.00601426		
76.55		-0.00599592		
76.65		-0.00597773		
76.75		-0.00595968		
76.85		-0.00594178		
76.95		-0.00592401		
77.05		-0.00590638		
77.15		-0.00588889		
77.25		-0.00587153		
77.35		-0.00585431		
77.45		-0.00583722		
77.55		-0.00582027		
77.65		-0.00580344		
77.75		-0.00578674		
77.85		-0.00577017		
77.95		-0.00575372		
78.05		-0.0057374		
78.15		-0.0057212		
78.25		-0.00570513		
78.35		-0.00568917		
78.45		-0.00567334		
78.55		-0.00565762		
78.65		-0.00564202		
78.75		-0.00562653		
78.85		-0.00561116		
78.95		-0.0055959		
79.05		-0.00558075		
79.15		-0.00556572		
79.25		-0.00555079		
79.35		-0.00553598		
79.45		-0.00552127		
79.55		-0.00550666		
79.65		-0.00549216		
79.75		-0.00547777		
79.85		-0.00546348		
79.95		-0.00544929		
80.05		-0.0054352		
80.15		-0.00542121		
80.25		-0.00540732		
80.35		-0.00539353		
80.45		-0.00537984		
80.55		-0.00536624		
80.65		-0.00535274		
80.75		-0.00533933		
80.85		-0.00532601		
80.95		-0.00531279		
81.05		-0.00529966		
81.15		-0.00528661		
81.25		-0.00527366		
81.35		-0.0052608		
81.45		-0.00524802		
81.55		-0.00523533		
81.65		-0.00522272		
81.75		-0.00521021		
81.85		-0.00519777		
81.95		-0.00518542		
82.05		-0.00517315		
82.15		-0.00516096		
82.25		-0.00514886		
82.35		-0.00513683		
82.45		-0.00512488		
82.55		-0.00511302		
82.65		-0.00510122		
82.75		-0.00508951		
82.85		-0.00507787		
82.95		-0.00506631		
83.05		-0.00505483		
83.15		-0.00504341		
83.25		-0.00503208		
83.35		-0.00502081		
83.45		-0.00500962		
83.55		-0.00499849		
83.65		-0.00498744		
83.75		-0.00497646		
83.85		-0.00496555		
83.95		-0.0049547		
84.05		-0.00494393		
84.15		-0.00493322		
84.25		-0.00492258		
84.35		-0.004912		
84.45		-0.00490149		
84.55		-0.00489104		
84.65		-0.00488066		
84.75		-0.00487034		
84.85		-0.00486009		
84.95		-0.0048499		
85.05		-0.00483977		
85.15		-0.0048297		
85.25		-0.00481969		
85.35		-0.00480974		
85.45		-0.00479986		
85.55		-0.00479003		
85.65		-0.00478026		
85.75		-0.00477054		
85.85		-0.00476089		
85.95		-0.00475129		
86.05		-0.00474175		
86.15		-0.00473226		
86.25		-0.00472283		
86.35		-0.00471346		
86.45		-0.00470414		
86.55		-0.00469487		
86.65		-0.00468566		
86.75		-0.0046765		
86.85		-0.00466739		
86.95		-0.00465833		
87.05		-0.00464933		
87.15		-0.00464038		
87.25		-0.00463147		
87.35		-0.00462262		
87.45		-0.00461382		
87.55		-0.00460506		
87.65		-0.00459636		
87.75		-0.0045877		
87.85		-0.0045791		
87.95		-0.00457054		
88.05		-0.00456202		
88.15		-0.00455356		
88.25		-0.00454514		
88.35		-0.00453676		
88.45		-0.00452843		
88.55		-0.00452015		
88.65		-0.00451191		
88.75		-0.00450372		
88.85		-0.00449557		
88.95		-0.00448746		
89.05		-0.0044794		
89.15		-0.00447138		
89.25		-0.0044634		
89.35		-0.00445546		
89.45		-0.00444757		
89.55		-0.00443972		
89.65		-0.00443191		
89.75		-0.00442413		
89.85		-0.0044164		
89.95		-0.00440871		
90.05		-0.00440106		
90.15		-0.00439345		
90.25		-0.00438588		
90.35		-0.00437835		
90.45		-0.00437085		
90.55		-0.0043634		
90.65		-0.00435598		
90.75		-0.0043486		
90.85		-0.00434125		
90.95		-0.00433394		
91.05		-0.00432667		
91.15		-0.00431944		
91.25		-0.00431224		
91.35		-0.00430508		
91.45		-0.00429795		
91.55		-0.00429086		
91.65		-0.0042838		
91.75		-0.00427677		
91.85		-0.00426979		
91.95		-0.00426283		
92.05		-0.00425591		
92.15		-0.00424902		
92.25		-0.00424217		
92.35		-0.00423534		
92.45		-0.00422855		
92.55		-0.0042218		
92.65		-0.00421507		
92.75		-0.00420838		
92.85		-0.00420172		
92.95		-0.00419509		
93.05		-0.00418849		
93.15		-0.00418192		
93.25		-0.00417538		
93.35		-0.00416887		
93.45		-0.0041624		
93.55		-0.00415595		
93.65		-0.00414953		
93.75		-0.00414314		
93.85		-0.00413678		
93.95		-0.00413045		
94.05		-0.00412415		
94.15		-0.00411788		
94.25		-0.00411164		
94.35		-0.00410542		
94.45		-0.00409923		
94.55		-0.00409307		
94.65		-0.00408694		
94.75		-0.00408083		
94.85		-0.00407475		
94.95		-0.0040687		
95.05		-0.00406267		
95.15		-0.00405667		
95.25		-0.0040507		
95.35		-0.00404475		
95.45		-0.00403883		
95.55		-0.00403294		
95.65		-0.00402707		
95.75		-0.00402122		
95.85		-0.0040154		
95.95		-0.00400961		
96.05		-0.00400383		
96.15		-0.00399809		
96.25		-0.00399237		
96.35		-0.00398667		
96.45		-0.003981		
96.55		-0.00397535		
96.65		-0.00396972		
96.75		-0.00396412		
96.85		-0.00395854		
96.95		-0.00395298		
97.05		-0.00394745		
97.15		-0.00394194		
97.25		-0.00393645		
97.35		-0.00393099		
97.45		-0.00392554		
97.55		-0.00392012		
97.65		-0.00391472		
97.75		-0.00390935		
97.85		-0.00390399		
97.95		-0.00389866		
98.05		-0.00389335		
98.15		-0.00388805		
98.25		-0.00388278		
98.35		-0.00387753		
98.45		-0.00387231		
98.55		-0.0038671		
98.65		-0.00386191		
98.75		-0.00385674		
98.85		-0.0038516		
98.95		-0.00384647		
99.05		-0.00384136		
99.15		-0.00383627		
99.25		-0.00383121		
99.35		-0.00382616		
99.45		-0.00382113		
99.55		-0.00381612		
99.65		-0.00381113		
99.75		-0.00380616		
99.85		-0.00380121		
99.95		-0.00379627		
