tau [fm]		tau_pi
0.25		0.7382
0.35		0.729629		
0.45		0.722804		
0.55		0.717034		
0.65		0.711978		
0.75		0.707446		
0.85		0.703319		
0.95		0.699517		
1.05		0.695985		
1.15		0.69268		
1.25		0.689571		
1.35		0.686631		
1.45		0.683842		
1.55		0.681186		
1.65		0.678649		
1.75		0.676221		
1.85		0.673892		
1.95		0.671652		
2.05		0.669495		
2.15		0.667415		
2.25		0.665406		
2.35		0.663462		
2.45		0.66158		
2.55		0.659756		
2.65		0.657985		
2.75		0.656265		
2.85		0.654593		
2.95		0.652966		
3.05		0.651382		
3.15		0.649838		
3.25		0.648333		
3.35		0.646864		
3.45		0.645431		
3.55		0.64403		
3.65		0.642661		
3.75		0.641322		
3.85		0.640012		
3.95		0.63873		
4.05		0.637474		
4.15		0.636244		
4.25		0.635038		
4.35		0.633856		
4.45		0.632696		
4.55		0.631558		
4.65		0.630441		
4.75		0.629345		
4.85		0.628268		
4.95		0.627209		
5.05		0.626169		
5.15		0.625147		
5.25		0.624142		
5.35		0.623153		
5.45		0.62218		
5.55		0.621223		
5.65		0.62028		
5.75		0.619353		
5.85		0.618439		
5.95		0.617539		
6.05		0.616653		
6.15		0.615779		
6.25		0.614918		
6.35		0.614069		
6.45		0.613232		
6.55		0.612407		
6.65		0.611593		
6.75		0.610791		
6.85		0.609999		
6.95		0.609217		
7.05		0.608446		
7.15		0.607684		
7.25		0.606932		
7.35		0.60619		
7.45		0.605457		
7.55		0.604734		
7.65		0.604019		
7.75		0.603312		
7.85		0.602615		
7.95		0.601925		
8.05		0.601244		
8.15		0.60057		
8.25		0.599904		
8.35		0.599246		
8.45		0.598596		
8.55		0.597952		
8.65		0.597316		
8.75		0.596687		
8.85		0.596064		
8.95		0.595449		
9.05		0.59484		
9.15		0.594237		
9.25		0.593641		
9.35		0.593051		
9.45		0.592467		
9.55		0.591889		
9.65		0.591317		
9.75		0.59075		
9.85		0.59019		
9.95		0.589635		
10.05		0.589085		
10.15		0.588541		
10.25		0.588002		
10.35		0.587469		
10.45		0.58694		
10.55		0.586416		
10.65		0.585898		
10.75		0.585384		
10.85		0.584875		
10.95		0.584371		
11.05		0.583871		
11.15		0.583376		
11.25		0.582885		
11.35		0.582399		
11.45		0.581917		
11.55		0.581439		
11.65		0.580965		
11.75		0.580496		
11.85		0.580031		
11.95		0.579569		
12.05		0.579112		
12.15		0.578659		
12.25		0.578209		
12.35		0.577763		
12.45		0.577321		
12.55		0.576882		
12.65		0.576447		
12.75		0.576016		
12.85		0.575588		
12.95		0.575164		
13.05		0.574743		
13.15		0.574325		
13.25		0.573911		
13.35		0.5735		
13.45		0.573092		
13.55		0.572687		
13.65		0.572285		
13.75		0.571887		
13.85		0.571492		
13.95		0.571099		
14.05		0.57071		
14.15		0.570323		
14.25		0.56994		
14.35		0.569559		
14.45		0.569181		
14.55		0.568806		
14.65		0.568433		
14.75		0.568063		
14.85		0.567696		
14.95		0.567332		
15.05		0.56697		
15.15		0.566611		
15.25		0.566254		
15.35		0.5659		
15.45		0.565548		
15.55		0.565198		
15.65		0.564851		
15.75		0.564507		
15.85		0.564165		
15.95		0.563825		
16.05		0.563487		
16.15		0.563152		
16.25		0.562819		
16.35		0.562488		
16.45		0.56216		
16.55		0.561833		
16.65		0.561509		
16.75		0.561187		
16.85		0.560866		
16.95		0.560548		
17.05		0.560232		
17.15		0.559918		
17.25		0.559606		
17.35		0.559296		
17.45		0.558988		
17.55		0.558682		
17.65		0.558378		
17.75		0.558076		
17.85		0.557775		
17.95		0.557477		
18.05		0.55718		
18.15		0.556885		
18.25		0.556592		
18.35		0.5563		
18.45		0.556011		
18.55		0.555723		
18.65		0.555437		
18.75		0.555152		
18.85		0.554869		
18.95		0.554588		
19.05		0.554309		
19.15		0.554031		
19.25		0.553754		
19.35		0.55348		
19.45		0.553207		
19.55		0.552935		
19.65		0.552665		
19.75		0.552397		
19.85		0.55213		
19.95		0.551864		
20.05		0.551601		
20.15		0.551338		
20.25		0.551077		
20.35		0.550818		
20.45		0.550559		
20.55		0.550303		
20.65		0.550047		
20.75		0.549794		
20.85		0.549541		
20.95		0.54929		
21.05		0.54904		
21.15		0.548792		
21.25		0.548544		
21.35		0.548299		
21.45		0.548054		
21.55		0.547811		
21.65		0.547569		
21.75		0.547328		
21.85		0.547089		
21.95		0.546851		
22.05		0.546614		
22.15		0.546378		
22.25		0.546144		
22.35		0.545911		
22.45		0.545679		
22.55		0.545448		
22.65		0.545218		
22.75		0.54499		
22.85		0.544762		
22.95		0.544536		
23.05		0.544311		
23.15		0.544087		
23.25		0.543864		
23.35		0.543642		
23.45		0.543422		
23.55		0.543202		
23.65		0.542984		
23.75		0.542767		
23.85		0.54255		
23.95		0.542335		
24.05		0.542121		
24.15		0.541908		
24.25		0.541696		
24.35		0.541485		
24.45		0.541275		
24.55		0.541066		
24.65		0.540857		
24.75		0.54065		
24.85		0.540444		
24.95		0.540239		
25.05		0.540035		
25.15		0.539832		
25.25		0.53963		
25.35		0.539429		
25.45		0.539228		
25.55		0.539029		
25.65		0.538831		
25.75		0.538633		
25.85		0.538437		
25.95		0.538241		
26.05		0.538046		
26.15		0.537852		
26.25		0.53766		
26.35		0.537467		
26.45		0.537276		
26.55		0.537086		
26.65		0.536897		
26.75		0.536708		
26.85		0.53652		
26.95		0.536333		
27.05		0.536147		
27.15		0.535962		
27.25		0.535778		
27.35		0.535594		
27.45		0.535412		
27.55		0.53523		
27.65		0.535049		
27.75		0.534868		
27.85		0.534689		
27.95		0.53451		
28.05		0.534332		
28.15		0.534155		
28.25		0.533979		
28.35		0.533803		
28.45		0.533629		
28.55		0.533455		
28.65		0.533281		
28.75		0.533109		
28.85		0.532937		
28.95		0.532766		
29.05		0.532596		
29.15		0.532426		
29.25		0.532258		
29.35		0.53209		
29.45		0.531922		
29.55		0.531756		
29.65		0.53159		
29.75		0.531424		
29.85		0.53126		
29.95		0.531096		
30.05		0.530933		
30.15		0.53077		
30.25		0.530609		
30.35		0.530448		
30.45		0.530287		
30.55		0.530127		
30.65		0.529968		
30.75		0.52981		
30.85		0.529652		
30.95		0.529495		
31.05		0.529339		
31.15		0.529183		
31.25		0.529028		
31.35		0.528873		
31.45		0.528719		
31.55		0.528566		
31.65		0.528413		
31.75		0.528261		
31.85		0.52811		
31.95		0.527959		
32.05		0.527809		
32.15		0.52766		
32.25		0.527511		
32.35		0.527362		
32.45		0.527214		
32.55		0.527067		
32.65		0.526921		
32.75		0.526774		
32.85		0.526629		
32.95		0.526484		
33.05		0.52634		
33.15		0.526196		
33.25		0.526053		
33.35		0.52591		
33.45		0.525768		
33.55		0.525626		
33.65		0.525485		
33.75		0.525344		
33.85		0.525204		
33.95		0.525065		
34.05		0.524926		
34.15		0.524787		
34.25		0.524649		
34.35		0.524512		
34.45		0.524375		
34.55		0.524238		
34.65		0.524103		
34.75		0.523967		
34.85		0.523832		
34.95		0.523698		
35.05		0.523564		
35.15		0.52343		
35.25		0.523297		
35.35		0.523164		
35.45		0.523032		
35.55		0.522901		
35.65		0.522769		
35.75		0.522639		
35.85		0.522508		
35.95		0.522379		
36.05		0.522249		
36.15		0.52212		
36.25		0.521992		
36.35		0.521864		
36.45		0.521736		
36.55		0.521609		
36.65		0.521482		
36.75		0.521356		
36.85		0.52123		
36.95		0.521105		
37.05		0.52098		
37.15		0.520855		
37.25		0.520731		
37.35		0.520607		
37.45		0.520484		
37.55		0.520361		
37.65		0.520238		
37.75		0.520116		
37.85		0.519994		
37.95		0.519873		
38.05		0.519751		
38.15		0.519631		
38.25		0.519511		
38.35		0.519391		
38.45		0.519271		
38.55		0.519152		
38.65		0.519033		
38.75		0.518915		
38.85		0.518797		
38.95		0.518679		
39.05		0.518562		
39.15		0.518445		
39.25		0.518329		
39.35		0.518212		
39.45		0.518097		
39.55		0.517981		
39.65		0.517866		
39.75		0.517751		
39.85		0.517637		
39.95		0.517522		
40.05		0.517409		
40.15		0.517295		
40.25		0.517182		
40.35		0.517069		
40.45		0.516957		
40.55		0.516845		
40.65		0.516733		
40.75		0.516621		
40.85		0.51651		
40.95		0.516399		
41.05		0.516289		
41.15		0.516179		
41.25		0.516069		
41.35		0.515959		
41.45		0.51585		
41.55		0.515741		
41.65		0.515632		
41.75		0.515523		
41.85		0.515415		
41.95		0.515307		
42.05		0.5152		
42.15		0.515093		
42.25		0.514986		
42.35		0.514879		
42.45		0.514773		
42.55		0.514666		
42.65		0.514561		
42.75		0.514455		
42.85		0.51435		
42.95		0.514245		
43.05		0.51414		
43.15		0.514035		
43.25		0.513931		
43.35		0.513827		
43.45		0.513724		
43.55		0.51362		
43.65		0.513517		
43.75		0.513414		
43.85		0.513311		
43.95		0.513209		
44.05		0.513107		
44.15		0.513005		
44.25		0.512903		
44.35		0.512802		
44.45		0.512701		
44.55		0.5126		
44.65		0.512598		
44.75		0.512756		
44.85		0.512914		
44.95		0.513071		
45.05		0.513227		
45.15		0.513384		
45.25		0.51354		
45.35		0.513696		
45.45		0.513851		
45.55		0.514006		
45.65		0.51416		
45.75		0.514315		
45.85		0.514469		
45.95		0.514622		
46.05		0.514775		
46.15		0.514928		
46.25		0.515081		
46.35		0.515233		
46.45		0.515385		
46.55		0.515537		
46.65		0.515688		
46.75		0.515839		
46.85		0.51599		
46.95		0.51614		
47.05		0.51629		
47.15		0.51644		
47.25		0.516589		
47.35		0.516739		
47.45		0.516888		
47.55		0.517037		
47.65		0.517185		
47.75		0.517333		
47.85		0.517481		
47.95		0.517629		
48.05		0.517776		
48.15		0.517924		
48.25		0.518071		
48.35		0.518217		
48.45		0.518364		
48.55		0.51851		
48.65		0.518655		
48.75		0.518801		
48.85		0.518946		
48.95		0.519091		
49.05		0.519236		
49.15		0.519381		
49.25		0.519525		
49.35		0.519669		
49.45		0.519813		
49.55		0.519956		
49.65		0.520099		
49.75		0.520242		
49.85		0.520385		
49.95		0.520527		
50.05		0.520669		
50.15		0.520811		
50.25		0.520953		
50.35		0.521095		
50.45		0.521236		
50.55		0.521377		
50.65		0.521517		
50.75		0.521658		
50.85		0.521798		
50.95		0.521938		
51.05		0.522078		
51.15		0.522217		
51.25		0.522356		
51.35		0.522495		
51.45		0.522634		
51.55		0.522773		
51.65		0.522911		
51.75		0.523049		
51.85		0.523187		
51.95		0.523324		
52.05		0.523462		
52.15		0.523599		
52.25		0.523736		
52.35		0.523873		
52.45		0.524009		
52.55		0.524145		
52.65		0.524281		
52.75		0.524417		
52.85		0.524553		
52.95		0.524688		
53.05		0.524823		
53.15		0.524958		
53.25		0.525093		
53.35		0.525228		
53.45		0.525362		
53.55		0.525496		
53.65		0.52563		
53.75		0.525764		
53.85		0.525897		
53.95		0.52603		
54.05		0.526164		
54.15		0.526296		
54.25		0.526429		
54.35		0.526562		
54.45		0.526694		
54.55		0.526826		
54.65		0.526958		
54.75		0.52709		
54.85		0.527221		
54.95		0.527353		
55.05		0.527484		
55.15		0.527615		
55.25		0.527745		
55.35		0.527876		
55.45		0.528006		
55.55		0.528136		
55.65		0.528267		
55.75		0.528396		
55.85		0.528526		
55.95		0.528655		
56.05		0.528785		
56.15		0.528914		
56.25		0.529043		
56.35		0.529171		
56.45		0.5293		
56.55		0.529428		
56.65		0.529557		
56.75		0.529685		
56.85		0.529813		
56.95		0.52994		
57.05		0.530068		
57.15		0.530195		
57.25		0.530322		
57.35		0.530449		
57.45		0.530576		
57.55		0.530703		
57.65		0.530829		
57.75		0.530956		
57.85		0.531082		
57.95		0.531208		
58.05		0.531334		
58.15		0.531459		
58.25		0.531585		
58.35		0.53171		
58.45		0.531835		
58.55		0.53196		
58.65		0.532085		
58.75		0.53221		
58.85		0.532334		
58.95		0.532459		
59.05		0.532583		
59.15		0.532707		
59.25		0.532831		
59.35		0.532955		
59.45		0.533079		
59.55		0.533202		
59.65		0.533325		
59.75		0.533449		
59.85		0.533572		
59.95		0.533694		
60.05		0.533817		
60.15		0.53394		
60.25		0.534062		
60.35		0.534184		
60.45		0.534307		
60.55		0.534429		
60.65		0.53455		
60.75		0.534672		
60.85		0.534794		
60.95		0.534915		
61.05		0.535036		
61.15		0.535157		
61.25		0.535278		
61.35		0.535399		
61.45		0.53552		
61.55		0.535641		
61.65		0.535761		
61.75		0.535881		
61.85		0.536001		
61.95		0.536121		
62.05		0.536241		
62.15		0.536361		
62.25		0.536481		
62.35		0.5366		
62.45		0.536719		
62.55		0.536839		
62.65		0.536958		
62.75		0.537077		
62.85		0.537195		
62.95		0.537314		
63.05		0.537433		
63.15		0.537551		
63.25		0.537669		
63.35		0.537788		
63.45		0.537906		
63.55		0.538023		
63.65		0.538141		
63.75		0.538259		
63.85		0.538376		
63.95		0.538494		
64.05		0.538611		
64.15		0.538728		
64.25		0.538845		
64.35		0.538962		
64.45		0.539079		
64.55		0.539195		
64.65		0.539312		
64.75		0.539428		
64.85		0.539545		
64.95		0.539661		
65.05		0.539777		
65.15		0.539893		
65.25		0.540008		
65.35		0.540124		
65.45		0.54024		
65.55		0.540355		
65.65		0.54047		
65.75		0.540586		
65.85		0.540701		
65.95		0.540816		
66.05		0.54093		
66.15		0.541045		
66.25		0.54116		
66.35		0.541274		
66.45		0.541389		
66.55		0.541503		
66.65		0.541617		
66.75		0.541731		
66.85		0.541845		
66.95		0.541959		
67.05		0.542072		
67.15		0.542186		
67.25		0.542299		
67.35		0.542413		
67.45		0.542526		
67.55		0.542639		
67.65		0.542752		
67.75		0.542865		
67.85		0.542978		
67.95		0.543091		
68.05		0.543203		
68.15		0.543316		
68.25		0.543428		
68.35		0.54354		
68.45		0.543652		
68.55		0.543764		
68.65		0.543876		
68.75		0.543988		
68.85		0.5441		
68.95		0.544211		
69.05		0.544323		
69.15		0.544434		
69.25		0.544546		
69.35		0.544657		
69.45		0.544768		
69.55		0.544879		
69.65		0.54499		
69.75		0.5451		
69.85		0.545211		
69.95		0.545322		
70.05		0.545432		
70.15		0.545542		
70.25		0.545653		
70.35		0.545763		
70.45		0.545873		
70.55		0.545983		
70.65		0.546093		
70.75		0.546202		
70.85		0.546312		
70.95		0.546421		
71.05		0.546531		
71.15		0.54664		
71.25		0.546749		
71.35		0.546859		
71.45		0.546968		
71.55		0.547077		
71.65		0.547185		
71.75		0.547294		
71.85		0.547403		
71.95		0.547511		
72.05		0.54762		
72.15		0.547728		
72.25		0.547836		
72.35		0.547945		
72.45		0.548053		
72.55		0.548161		
72.65		0.548268		
72.75		0.548376		
72.85		0.548484		
72.95		0.548591		
73.05		0.548699		
73.15		0.548806		
73.25		0.548914		
73.35		0.549021		
73.45		0.549128		
73.55		0.549235		
73.65		0.549342		
73.75		0.549449		
73.85		0.549555		
73.95		0.549662		
74.05		0.549769		
74.15		0.549875		
74.25		0.549981		
74.35		0.550088		
74.45		0.550194		
74.55		0.5503		
74.65		0.550406		
74.75		0.550512		
74.85		0.550618		
74.95		0.550723		
75.05		0.550829		
75.15		0.550935		
75.25		0.55104		
75.35		0.551145		
75.45		0.551251		
75.55		0.551356		
75.65		0.551461		
75.75		0.551566		
75.85		0.551671		
75.95		0.551776		
76.05		0.55188		
76.15		0.551985		
76.25		0.55209		
76.35		0.552194		
76.45		0.552298		
76.55		0.552403		
76.65		0.552507		
76.75		0.552611		
76.85		0.552715		
76.95		0.552819		
77.05		0.552923		
77.15		0.553027		
77.25		0.55313		
77.35		0.553234		
77.45		0.553338		
77.55		0.553441		
77.65		0.553544		
77.75		0.553648		
77.85		0.553751		
77.95		0.553854		
78.05		0.553957		
78.15		0.55406		
78.25		0.554163		
78.35		0.554265		
78.45		0.554368		
78.55		0.554471		
78.65		0.554573		
78.75		0.554676		
78.85		0.554778		
78.95		0.55488		
79.05		0.554982		
79.15		0.555084		
79.25		0.555186		
79.35		0.555288		
79.45		0.55539		
79.55		0.555492		
79.65		0.555594		
79.75		0.555695		
79.85		0.555797		
79.95		0.555898		
80.05		0.556		
80.15		0.556101		
80.25		0.556202		
80.35		0.556303		
80.45		0.556404		
80.55		0.556505		
80.65		0.556606		
80.75		0.556707		
80.85		0.556808		
80.95		0.556908		
81.05		0.557009		
81.15		0.557109		
81.25		0.55721		
81.35		0.55731		
81.45		0.55741		
81.55		0.55751		
81.65		0.55761		
81.75		0.55771		
81.85		0.55781		
81.95		0.55791		
82.05		0.55801		
82.15		0.55811		
82.25		0.558209		
82.35		0.558309		
82.45		0.558408		
82.55		0.558508		
82.65		0.558607		
82.75		0.558706		
82.85		0.558805		
82.95		0.558904		
83.05		0.559003		
83.15		0.559102		
83.25		0.559201		
83.35		0.5593		
83.45		0.559399		
83.55		0.559497		
83.65		0.559596		
83.75		0.559694		
83.85		0.559793		
83.95		0.559891		
84.05		0.559989		
84.15		0.560087		
84.25		0.560185		
84.35		0.560283		
84.45		0.560381		
84.55		0.560479		
84.65		0.560577		
84.75		0.560675		
84.85		0.560772		
84.95		0.56087		
85.05		0.560967		
85.15		0.561065		
85.25		0.561162		
85.35		0.561259		
85.45		0.561357		
85.55		0.561454		
85.65		0.561551		
85.75		0.561648		
85.85		0.561745		
85.95		0.561842		
86.05		0.561938		
86.15		0.562035		
86.25		0.562132		
86.35		0.562228		
86.45		0.562325		
86.55		0.562421		
86.65		0.562517		
86.75		0.562614		
86.85		0.56271		
86.95		0.562806		
87.05		0.562902		
87.15		0.562998		
87.25		0.563094		
87.35		0.56319		
87.45		0.563286		
87.55		0.563381		
87.65		0.563477		
87.75		0.563572		
87.85		0.563668		
87.95		0.563763		
88.05		0.563859		
88.15		0.563954		
88.25		0.564049		
88.35		0.564144		
88.45		0.564239		
88.55		0.564334		
88.65		0.564429		
88.75		0.564524		
88.85		0.564619		
88.95		0.564714		
89.05		0.564808		
89.15		0.564903		
89.25		0.564997		
89.35		0.565092		
89.45		0.565186		
89.55		0.56528		
89.65		0.565375		
89.75		0.565469		
89.85		0.565563		
89.95		0.565657		
90.05		0.565751		
90.15		0.565845		
90.25		0.565939		
90.35		0.566032		
90.45		0.566126		
90.55		0.56622		
90.65		0.566313		
90.75		0.566407		
90.85		0.5665		
90.95		0.566594		
91.05		0.566687		
91.15		0.56678		
91.25		0.566873		
91.35		0.566966		
91.45		0.567059		
91.55		0.567152		
91.65		0.567245		
91.75		0.567338		
91.85		0.567431		
91.95		0.567524		
92.05		0.567616		
92.15		0.567709		
92.25		0.567801		
92.35		0.567894		
92.45		0.567986		
92.55		0.568079		
92.65		0.568171		
92.75		0.568263		
92.85		0.568355		
92.95		0.568447		
93.05		0.568539		
93.15		0.568631		
93.25		0.568723		
93.35		0.568815		
93.45		0.568906		
93.55		0.568998		
93.65		0.56909		
93.75		0.569181		
93.85		0.569273		
93.95		0.569364		
94.05		0.569455		
94.15		0.569547		
94.25		0.569638		
94.35		0.569729		
94.45		0.56982		
94.55		0.569911		
94.65		0.570002		
94.75		0.570093		
94.85		0.570184		
94.95		0.570275		
95.05		0.570366		
95.15		0.570456		
95.25		0.570547		
95.35		0.570637		
95.45		0.570728		
95.55		0.570818		
95.65		0.570909		
95.75		0.570999		
95.85		0.571089		
95.95		0.571179		
96.05		0.571269		
96.15		0.571359		
96.25		0.571449		
96.35		0.571539		
96.45		0.571629		
96.55		0.571719		
96.65		0.571809		
96.75		0.571898		
96.85		0.571988		
96.95		0.572078		
97.05		0.572167		
97.15		0.572257		
97.25		0.572346		
97.35		0.572435		
97.45		0.572524		
97.55		0.572614		
97.65		0.572703		
97.75		0.572792		
97.85		0.572881		
97.95		0.57297		
98.05		0.573059		
98.15		0.573148		
98.25		0.573236		
98.35		0.573325		
98.45		0.573414		
98.55		0.573502		
98.65		0.573591		
98.75		0.573679		
98.85		0.573768		
98.95		0.573856		
99.05		0.573944		
99.15		0.574033		
99.25		0.574121		
99.35		0.574209		
99.45		0.574297		
99.55		0.574385		
99.65		0.574473		
99.75		0.574561		
99.85		0.574649		
99.95		0.574737		
