t [fm]		ax
0.25		0.12873
0.3		0.60823		
0.35		0.81892		
0.4		0.94745		
0.45		1.0282		
0.5		1.0784		
0.55		1.1086		
0.6		1.1257		
0.65		1.1344		
0.7		1.1378		
0.75		1.1379		
0.8		1.136		
0.85		1.1331		
0.9		1.1297		
0.95		1.126		
1		1.1223		
1.05		1.1188		
1.1		1.1155		
1.15		1.1123		
1.2		1.1093		
1.25		1.1065		
1.3		1.1039		
1.35		1.1014		
1.4		1.0991		
1.45		1.097		
1.5		1.0949		
1.55		1.0929		
1.6		1.0911		
1.65		1.0894		
1.7		1.0877		
1.75		1.0862		
1.8		1.0847		
1.85		1.0833		
1.9		1.082		
1.95		1.0807		
2		1.0795		
2.05		1.0784		
2.1		1.0774		
2.15		1.0764		
2.2		1.0754		
2.25		1.0745		
2.3		1.0737		
2.35		1.0729		
2.4		1.0721		
2.45		1.0714		
2.5		1.0707		
2.55		1.07		
2.6		1.0694		
2.65		1.0688		
2.7		1.0682		
2.75		1.0677		
2.8		1.0671		
2.85		1.0666		
2.9		1.0661		
2.95		1.0656		
3		1.0651		
3.05		1.0646		
3.1		1.0641		
3.15		1.0636		
3.2		1.0631		
3.25		1.0627		
3.3		1.0622		
3.35		1.0617		
3.4		1.0613		
3.45		1.0608		
3.5		1.0603		
3.55		1.0598		
3.6		1.0594		
3.65		1.0589		
3.7		1.0584		
3.75		1.0579		
3.8		1.0574		
3.85		1.0569		
3.9		1.0563		
3.95		1.0558		
4		1.0553		
4.05		1.0548		
4.1		1.0542		
4.15		1.0537		
4.2		1.0531		
4.25		1.0525		
4.3		1.052		
4.35		1.0514		
4.4		1.0508		
4.45		1.0502		
4.5		1.0496		
4.55		1.049		
4.6		1.0484		
4.65		1.0477		
4.7		1.0471		
4.75		1.0465		
4.8		1.0458		
4.85		1.0452		
4.9		1.0445		
4.95		1.0438		
5		1.0432		
5.05		1.0425		
5.1		1.0418		
5.15		1.0411		
5.2		1.0404		
5.25		1.0397		
5.3		1.039		
5.35		1.0383		
5.4		1.0376		
5.45		1.0369		
5.5		1.0362		
5.55		1.0355		
5.6		1.0347		
5.65		1.034		
5.7		1.0333		
5.75		1.0325		
5.8		1.0318		
5.85		1.031		
5.9		1.0303		
5.95		1.0295		
6		1.0288		
6.05		1.028		
6.1		1.0273		
6.15		1.0265		
6.2		1.0258		
6.25		1.025		
6.3		1.0243		
6.35		1.0235		
6.4		1.0227		
6.45		1.022		
6.5		1.0212		
6.55		1.0204		
6.6		1.0197		
6.65		1.0189		
6.7		1.0181		
6.75		1.0174		
6.8		1.0166		
6.85		1.0158		
6.9		1.0151		
6.95		1.0143		
7		1.0135		
7.05		1.0128		
7.1		1.012		
7.15		1.0112		
7.2		1.0105		
7.25		1.0097		
7.3		1.009		
7.35		1.0082		
7.4		1.0074		
7.45		1.0067		
7.5		1.0059		
7.55		1.0052		
7.6		1.0044		
7.65		1.0037		
7.7		1.0029		
7.75		1.0022		
7.8		1.0014		
7.85		1.0007		
7.9		0.99992		
7.95		0.99918		
8		0.99844		
8.05		0.9977		
8.1		0.99697		
8.15		0.99624		
8.2		0.9955		
8.25		0.99477		
8.3		0.99405		
8.35		0.99332		
8.4		0.9926		
8.45		0.99188		
8.5		0.99116		
8.55		0.99045		
8.6		0.98974		
8.65		0.98902		
8.7		0.98832		
8.75		0.98761		
8.8		0.98691		
8.85		0.98621		
8.9		0.98551		
8.95		0.98482		
9		0.98412		
9.05		0.98343		
9.1		0.98275		
9.15		0.98206		
9.2		0.98138		
9.25		0.9807		
9.3		0.98003		
9.35		0.97935		
9.4		0.97868		
9.45		0.97802		
9.5		0.97735		
9.55		0.97668		
9.6		0.97602		
9.65		0.97536		
9.7		0.97471		
9.75		0.97406		
9.8		0.97341		
9.85		0.97276		
9.9		0.97212		
9.95		0.97148		
10		0.97085		
10.05		0.97021		
10.1		0.96958		
10.15		0.96895		
10.2		0.96832		
10.25		0.9677		
10.3		0.96708		
10.35		0.96646		
10.4		0.96585		
10.45		0.96524		
10.5		0.96463		
10.55		0.96402		
10.6		0.96342		
10.65		0.96282		
10.7		0.96222		
10.75		0.96162		
10.8		0.96103		
10.85		0.96044		
10.9		0.95985		
10.95		0.95927		
11		0.95869		
11.05		0.95811		
11.1		0.95753		
11.15		0.95696		
11.2		0.95639		
11.25		0.95582		
11.3		0.95525		
11.35		0.95469		
11.4		0.95413		
11.45		0.95357		
11.5		0.95302		
11.55		0.95246		
11.6		0.95191		
11.65		0.95136		
11.7		0.95082		
11.75		0.95028		
11.8		0.94974		
11.85		0.9492		
11.9		0.94866		
11.95		0.94813		
12		0.9476		
12.05		0.94707		
12.1		0.94654		
12.15		0.94602		
12.2		0.9455		
12.25		0.94498		
12.3		0.94446		
12.35		0.94395		
12.4		0.94344		
12.45		0.94293		
12.5		0.94242		
12.55		0.94191		
12.6		0.94141		
12.65		0.94091		
12.7		0.94041		
12.75		0.93991		
12.8		0.93942		
12.85		0.93893		
12.9		0.93844		
12.95		0.93795		
13		0.93746		
13.05		0.93698		
13.1		0.9365		
13.15		0.93602		
13.2		0.93554		
13.25		0.93506		
13.3		0.93459		
13.35		0.93411		
13.4		0.93364		
13.45		0.93317		
13.5		0.93271		
13.55		0.93224		
13.6		0.93178		
13.65		0.93132		
13.7		0.93086		
13.75		0.9304		
13.8		0.92994		
13.85		0.92948		
13.9		0.92903		
13.95		0.92858		
14		0.92813		
14.05		0.92768		
14.1		0.92723		
14.15		0.92679		
14.2		0.92634		
14.25		0.9259		
14.3		0.92546		
14.35		0.92502		
14.4		0.92458		
14.45		0.92414		
14.5		0.92371		
14.55		0.92327		
14.6		0.92284		
14.65		0.92241		
14.7		0.92198		
14.75		0.92155		
14.8		0.92112		
14.85		0.92069		
14.9		0.92027		
14.95		0.91984		
15		0.91942		
15.05		0.919		
15.1		0.91858		
15.15		0.91815		
15.2		0.91774		
15.25		0.91732		
15.3		0.9169		
15.35		0.91648		
15.4		0.91607		
15.45		0.91565		
15.5		0.91524		
15.55		0.91482		
15.6		0.91441		
15.65		0.914		
15.7		0.91359		
15.75		0.91318		
15.8		0.91277		
15.85		0.91236		
15.9		0.91195		
15.95		0.91154		
16		0.91113		
16.05		0.91073		
16.1		0.91032		
16.15		0.90991		
16.2		0.90951		
16.25		0.9091		
16.3		0.9087		
16.35		0.90829		
16.4		0.90789		
16.45		0.90749		
16.5		0.90708		
16.55		0.90668		
16.6		0.90628		
16.65		0.90588		
16.7		0.90547		
16.75		0.90507		
16.8		0.90467		
16.85		0.90427		
16.9		0.90386		
16.95		0.90346		
17		0.90306		
17.05		0.90266		
17.1		0.90226		
17.15		0.90186		
17.2		0.90145		
17.25		0.90105		
17.3		0.90065		
17.35		0.90025		
17.4		0.89985		
17.45		0.89944		
17.5		0.89904		
17.55		0.89864		
17.6		0.89824		
17.65		0.89783		
17.7		0.89743		
17.75		0.89703		
17.8		0.89662		
17.85		0.89622		
17.9		0.89581		
17.95		0.89541		
18		0.895		
18.05		0.8946		
18.1		0.89419		
18.15		0.89378		
18.2		0.89338		
18.25		0.89297		
18.3		0.89256		
18.35		0.89215		
18.4		0.89174		
18.45		0.89133		
18.5		0.89092		
18.55		0.89051		
18.6		0.8901		
18.65		0.88968		
18.7		0.88927		
18.75		0.88886		
18.8		0.88844		
18.85		0.88803		
18.9		0.88761		
18.95		0.8872		
19		0.88678		
19.05		0.88636		
19.1		0.88594		
19.15		0.88552		
19.2		0.8851		
19.25		0.88468		
19.3		0.88426		
19.35		0.88384		
19.4		0.88342		
19.45		0.88299		
19.5		0.88257		
19.55		0.88214		
19.6		0.88171		
19.65		0.88129		
19.7		0.88086		
19.75		0.88043		
19.8		0.88		
19.85		0.87957		
19.9		0.87914		
19.95		0.8787		
20		0.87827		
20.05		0.87783		
20.1		0.8774		
20.15		0.87696		
20.2		0.87653		
20.25		0.87609		
20.3		0.87565		
20.35		0.87521		
20.4		0.87477		
20.45		0.87432		
20.5		0.87388		
20.55		0.87344		
20.6		0.87299		
20.65		0.87255		
20.7		0.8721		
20.75		0.87166		
20.8		0.87122		
20.85		0.87079		
20.9		0.87036		
20.95		0.86992		
21		0.8695		
21.05		0.86907		
21.1		0.86864		
21.15		0.86822		
21.2		0.8678		
21.25		0.86739		
21.3		0.86697		
21.35		0.86656		
21.4		0.86615		
21.45		0.86574		
21.5		0.86533		
21.55		0.86493		
21.6		0.86453		
21.65		0.86413		
21.7		0.86373		
21.75		0.86334		
21.8		0.86295		
21.85		0.86256		
21.9		0.86217		
21.95		0.86178		
22		0.8614		
22.05		0.86102		
22.1		0.86064		
22.15		0.86027		
22.2		0.85989		
22.25		0.85952		
22.3		0.85915		
22.35		0.85878		
22.4		0.85842		
22.45		0.85806		
22.5		0.8577		
22.55		0.85734		
22.6		0.85698		
22.65		0.85663		
22.7		0.85628		
22.75		0.85593		
22.8		0.85558		
22.85		0.85524		
22.9		0.85489		
22.95		0.85455		
23		0.85421		
23.05		0.85388		
23.1		0.85354		
23.15		0.85321		
23.2		0.85288		
23.25		0.85255		
23.3		0.85223		
23.35		0.85191		
23.4		0.85159		
23.45		0.85127		
23.5		0.85095		
23.55		0.85064		
23.6		0.85032		
23.65		0.85001		
23.7		0.8497		
23.75		0.8494		
23.8		0.84909		
23.85		0.84879		
23.9		0.84849		
23.95		0.8482		
24		0.8479		
24.05		0.84761		
24.1		0.84732		
24.15		0.84703		
24.2		0.84674		
24.25		0.84645		
24.3		0.84617		
24.35		0.84589		
24.4		0.84561		
24.45		0.84534		
24.5		0.84506		
24.55		0.84479		
24.6		0.84452		
24.65		0.84425		
24.7		0.84398		
24.75		0.84372		
24.8		0.84346		
24.85		0.8432		
24.9		0.84294		
24.95		0.84268		
25		0.84243		
25.05		0.84218		
25.1		0.84193		
25.15		0.84168		
25.2		0.84143		
25.25		0.84119		
25.3		0.84094		
25.35		0.8407		
25.4		0.84047		
25.45		0.84023		
25.5		0.84		
25.55		0.83976		
25.6		0.83953		
25.65		0.8393		
25.7		0.83908		
25.75		0.83885		
25.8		0.83863		
25.85		0.83841		
25.9		0.83819		
25.95		0.83798		
26		0.83776		
26.05		0.83755		
26.1		0.83734		
26.15		0.83713		
26.2		0.83692		
26.25		0.83672		
26.3		0.83651		
26.35		0.83631		
26.4		0.83611		
26.45		0.83591		
26.5		0.83572		
26.55		0.83553		
26.6		0.83533		
26.65		0.83514		
26.7		0.83496		
26.75		0.83477		
26.8		0.83458		
26.85		0.8344		
26.9		0.83422		
26.95		0.83404		
27		0.83387		
27.05		0.8337		
27.1		0.83356		
27.15		0.83344		
27.2		0.83336		
27.25		0.83331		
27.3		0.83329		
27.35		0.83329		
27.4		0.83332		
27.45		0.83338		
27.5		0.83346		
27.55		0.83356		
27.6		0.83369		
27.65		0.83384		
27.7		0.83401		
27.75		0.83421		
27.8		0.83442		
27.85		0.83465		
27.9		0.8349		
27.95		0.83517		
28		0.83546		
28.05		0.83576		
28.1		0.83608		
28.15		0.83641		
28.2		0.83676		
28.25		0.83713		
28.3		0.83751		
28.35		0.8379		
28.4		0.83831		
28.45		0.83873		
28.5		0.83916		
28.55		0.8396		
28.6		0.84006		
28.65		0.84053		
28.7		0.84102		
28.75		0.84151		
28.8		0.84202		
28.85		0.84253		
28.9		0.84306		
28.95		0.8436		
29		0.84415		
29.05		0.84472		
29.1		0.84529		
29.15		0.84587		
29.2		0.84646		
29.25		0.84707		
29.3		0.84768		
29.35		0.8483		
29.4		0.84893		
29.45		0.84958		
29.5		0.85023		
29.55		0.85089		
29.6		0.85156		
29.65		0.85224		
29.7		0.85292		
29.75		0.85362		
29.8		0.85432		
29.85		0.85504		
29.9		0.85576		
29.95		0.85649		
30		0.85722		
30.05		0.85797		
30.1		0.85872		
30.15		0.85948		
30.2		0.86024		
30.25		0.86102		
30.3		0.8618		
30.35		0.86258		
30.4		0.86338		
30.45		0.86418		
30.5		0.86498		
30.55		0.8658		
30.6		0.86662		
30.65		0.86744		
30.7		0.86827		
30.75		0.8691		
30.8		0.86994		
30.85		0.87079		
30.9		0.87164		
30.95		0.87249		
31		0.87335		
31.05		0.87422		
31.1		0.87508		
31.15		0.87595		
31.2		0.87683		
31.25		0.87771		
31.3		0.87859		
31.35		0.87948		
31.4		0.88036		
31.45		0.88126		
31.5		0.88215		
31.55		0.88305		
31.6		0.88394		
31.65		0.88484		
31.7		0.88575		
31.75		0.88665		
31.8		0.88756		
31.85		0.88846		
31.9		0.88937		
31.95		0.89028		
32		0.89119		
32.05		0.8921		
32.1		0.89301		
32.15		0.89392		
32.2		0.89484		
32.25		0.89575		
32.3		0.89666		
32.35		0.89757		
32.4		0.89848		
32.45		0.89939		
32.5		0.9003		
32.55		0.90121		
32.6		0.90211		
32.65		0.90302		
32.7		0.90392		
32.75		0.90482		
32.8		0.90572		
32.85		0.90662		
32.9		0.90751		
32.95		0.9084		
33		0.90929		
33.05		0.91018		
33.1		0.91107		
33.15		0.91195		
33.2		0.91283		
33.25		0.9137		
33.3		0.91457		
33.35		0.91544		
33.4		0.91631		
33.45		0.91717		
33.5		0.91803		
33.55		0.91888		
33.6		0.91973		
33.65		0.92057		
33.7		0.92141		
33.75		0.92225		
33.8		0.92308		
33.85		0.92391		
33.9		0.92473		
33.95		0.92555		
34		0.92636		
34.05		0.92717		
34.1		0.92797		
34.15		0.92876		
34.2		0.92956		
34.25		0.93034		
34.3		0.93112		
34.35		0.9319		
34.4		0.93267		
34.45		0.93343		
34.5		0.93419		
34.55		0.93494		
34.6		0.93569		
34.65		0.93643		
34.7		0.93716		
34.75		0.93789		
34.8		0.93861		
34.85		0.93933		
34.9		0.94004		
34.95		0.94074		
35		0.94144		
35.05		0.94213		
35.1		0.94281		
35.15		0.94349		
35.2		0.94416		
35.25		0.94483		
35.3		0.94548		
35.35		0.94614		
35.4		0.94678		
35.45		0.94742		
35.5		0.94805		
35.55		0.94868		
35.6		0.9493		
35.65		0.94991		
35.7		0.95052		
35.75		0.95112		
35.8		0.95171		
35.85		0.9523		
35.9		0.95288		
35.95		0.95346		
36		0.95402		
36.05		0.95458		
36.1		0.95514		
36.15		0.95569		
36.2		0.95623		
36.25		0.95676		
36.3		0.95729		
36.35		0.95781		
36.4		0.95833		
36.45		0.95884		
36.5		0.95934		
36.55		0.95984		
36.6		0.96033		
36.65		0.96081		
36.7		0.96129		
36.75		0.96177		
36.8		0.96223		
36.85		0.96269		
36.9		0.96315		
36.95		0.96359		
37		0.96404		
37.05		0.96447		
37.1		0.9649		
37.15		0.96533		
37.2		0.96574		
37.25		0.96616		
37.3		0.96656		
37.35		0.96697		
37.4		0.96736		
37.45		0.96775		
37.5		0.96814		
37.55		0.96852		
37.6		0.96889		
37.65		0.96926		
37.7		0.96962		
37.75		0.96998		
37.8		0.97033		
37.85		0.97068		
37.9		0.97102		
37.95		0.97136		
38		0.97169		
38.05		0.97202		
38.1		0.97234		
38.15		0.97266		
38.2		0.97297		
38.25		0.97328		
38.3		0.97358		
38.35		0.97388		
38.4		0.97418		
38.45		0.97446		
38.5		0.97475		
38.55		0.97503		
38.6		0.97531		
38.65		0.97558		
38.7		0.97585		
38.75		0.97611		
38.8		0.97637		
38.85		0.97663		
38.9		0.97688		
38.95		0.97712		
39		0.97737		
39.05		0.97761		
39.1		0.97784		
39.15		0.97808		
39.2		0.9783		
39.25		0.97853		
39.3		0.97875		
39.35		0.97897		
39.4		0.97918		
39.45		0.97939		
39.5		0.9796		
39.55		0.9798		
39.6		0.98		
39.65		0.9802		
39.7		0.98039		
39.75		0.98058		
39.8		0.98077		
39.85		0.98096		
39.9		0.98114		
39.95		0.98132		
40		0.98149		
40.05		0.98166		
40.1		0.98183		
40.15		0.982		
40.2		0.98217		
40.25		0.98233		
40.3		0.98249		
40.35		0.98264		
40.4		0.9828		
40.45		0.98295		
40.5		0.9831		
40.55		0.98324		
40.6		0.98339		
40.65		0.98353		
40.7		0.98367		
40.75		0.9838		
40.8		0.98394		
40.85		0.98407		
40.9		0.9842		
40.95		0.98433		
41		0.98445		
41.05		0.98458		
41.1		0.9847		
41.15		0.98482		
41.2		0.98494		
41.25		0.98505		
41.3		0.98517		
41.35		0.98528		
41.4		0.98539		
41.45		0.9855		
41.5		0.9856		
41.55		0.98571		
41.6		0.98581		
41.65		0.98591		
41.7		0.98601		
41.75		0.98611		
41.8		0.98621		
41.85		0.9863		
41.9		0.9864		
41.95		0.98649		
42		0.98658		
42.05		0.98667		
42.1		0.98676		
42.15		0.98684		
42.2		0.98693		
42.25		0.98701		
42.3		0.98709		
42.35		0.98717		
42.4		0.98725		
42.45		0.98733		
42.5		0.98741		
42.55		0.98748		
42.6		0.98756		
42.65		0.98763		
42.7		0.9877		
42.75		0.98777		
42.8		0.98784		
42.85		0.98791		
42.9		0.98798		
42.95		0.98805		
43		0.98811		
43.05		0.98818		
43.1		0.98824		
43.15		0.98831		
43.2		0.98837		
43.25		0.98843		
43.3		0.98849		
43.35		0.98855		
43.4		0.98861		
43.45		0.98866		
43.5		0.98872		
43.55		0.98878		
43.6		0.98883		
43.65		0.98888		
43.7		0.98894		
43.75		0.98899		
43.8		0.98904		
43.85		0.98909		
43.9		0.98914		
43.95		0.98919		
44		0.98924		
44.05		0.98929		
44.1		0.98934		
44.15		0.98938		
44.2		0.98943		
44.25		0.98948		
44.3		0.98952		
44.35		0.98956		
44.4		0.98961		
44.45		0.98965		
44.5		0.98969		
44.55		0.98974		
44.6		0.98978		
44.65		0.98982		
44.7		0.98986		
44.75		0.9899		
44.8		0.98994		
44.85		0.98998		
44.9		0.99001		
44.95		0.99005		
45		0.99009		
45.05		0.99013		
45.1		0.99016		
45.15		0.9902		
45.2		0.99023		
45.25		0.99027		
45.3		0.9903		
45.35		0.99034		
45.4		0.99037		
45.45		0.9904		
45.5		0.99044		
45.55		0.99047		
45.6		0.9905		
45.65		0.99053		
45.7		0.99056		
45.75		0.99059		
45.8		0.99062		
45.85		0.99065		
45.9		0.99068		
45.95		0.99071		
46		0.99074		
46.05		0.99077		
46.1		0.9908		
46.15		0.99083		
46.2		0.99086		
46.25		0.99088		
46.3		0.99091		
46.35		0.99094		
46.4		0.99096		
46.45		0.99099		
46.5		0.99102		
46.55		0.99104		
46.6		0.99107		
46.65		0.99109		
46.7		0.99112		
46.75		0.99114		
46.8		0.99117		
46.85		0.99119		
46.9		0.99122		
46.95		0.99124		
47		0.99126		
47.05		0.99129		
47.1		0.99131		
47.15		0.99133		
47.2		0.99135		
47.25		0.99138		
47.3		0.9914		
47.35		0.99142		
47.4		0.99144		
47.45		0.99146		
47.5		0.99149		
47.55		0.99151		
47.6		0.99153		
47.65		0.99155		
47.7		0.99157		
47.75		0.99159		
47.8		0.99161		
47.85		0.99163		
47.9		0.99165		
47.95		0.99167		
48		0.99169		
48.05		0.99171		
48.1		0.99173		
48.15		0.99175		
48.2		0.99177		
48.25		0.99178		
48.3		0.9918		
48.35		0.99182		
48.4		0.99184		
48.45		0.99186		
48.5		0.99188		
48.55		0.99189		
48.6		0.99191		
48.65		0.99193		
48.7		0.99195		
48.75		0.99196		
48.8		0.99198		
48.85		0.992		
48.9		0.99202		
48.95		0.99203		
49		0.99205		
49.05		0.99207		
49.1		0.99208		
49.15		0.9921		
49.2		0.99212		
49.25		0.99213		
49.3		0.99215		
49.35		0.99216		
49.4		0.99218		
49.45		0.9922		
49.5		0.99221		
49.55		0.99223		
49.6		0.99224		
49.65		0.99226		
49.7		0.99227		
49.75		0.99229		
49.8		0.9923		
49.85		0.99232		
49.9		0.99233		
49.95		0.99235		
50		0.99236		
