tau [fm]		az
0.25		1
0.26		0.95626		
0.27		0.91738		
0.28		0.88311		
0.29		0.85267		
0.3		0.82545		
0.31		0.80092		
0.32		0.7787		
0.33		0.75846		
0.34		0.73991		
0.35		0.72285		
0.36		0.7071		
0.37		0.69249		
0.38		0.67892		
0.39		0.66627		
0.4		0.65445		
0.41		0.6434		
0.42		0.63304		
0.43		0.62333		
0.44		0.61421		
0.45		0.60564		
0.46		0.5976		
0.47		0.59003		
0.48		0.58293		
0.49		0.57626		
0.5		0.56999		
0.51		0.56411		
0.52		0.5586		
0.53		0.55343		
0.54		0.5486		
0.55		0.54408		
0.56		0.53986		
0.57		0.53594		
0.58		0.53228		
0.59		0.52889		
0.6		0.52575		
0.61		0.52285		
0.62		0.52017		
0.63		0.51772		
0.64		0.51547		
0.65		0.51343		
0.66		0.51157		
0.67		0.5099		
0.68		0.5084		
0.69		0.50707		
0.7		0.5059		
0.71		0.50487		
0.72		0.504		
0.73		0.50326		
0.74		0.50265		
0.75		0.50217		
0.76		0.50181		
0.77		0.50157		
0.78		0.50143		
0.79		0.5014		
0.8		0.50146		
0.81		0.50162		
0.82		0.50187		
0.83		0.50221		
0.84		0.50263		
0.85		0.50312		
0.86		0.50369		
0.87		0.50433		
0.88		0.50503		
0.89		0.5058		
0.9		0.50663		
0.91		0.50752		
0.92		0.50846		
0.93		0.50945		
0.94		0.51049		
0.95		0.51157		
0.96		0.5127		
0.97		0.51387		
0.98		0.51508		
0.99		0.51633		
1		0.51761		
1.01		0.51893		
1.02		0.52027		
1.03		0.52165		
1.04		0.52305		
1.05		0.52448		
1.06		0.52593		
1.07		0.5274		
1.08		0.5289		
1.09		0.53042		
1.1		0.53195		
1.11		0.53351		
1.12		0.53508		
1.13		0.53666		
1.14		0.53826		
1.15		0.53987		
1.16		0.5415		
1.17		0.54313		
1.18		0.54478		
1.19		0.54643		
1.2		0.5481		
1.21		0.54977		
1.22		0.55145		
1.23		0.55313		
1.24		0.55482		
1.25		0.55652		
1.26		0.55822		
1.27		0.55992		
1.28		0.56163		
1.29		0.56334		
1.3		0.56505		
1.31		0.56676		
1.32		0.56848		
1.33		0.57019		
1.34		0.57191		
1.35		0.57362		
1.36		0.57534		
1.37		0.57705		
1.38		0.57876		
1.39		0.58047		
1.4		0.58218		
1.41		0.58389		
1.42		0.58559		
1.43		0.58729		
1.44		0.58899		
1.45		0.59069		
1.46		0.59238		
1.47		0.59406		
1.48		0.59575		
1.49		0.59743		
1.5		0.5991		
1.51		0.60077		
1.52		0.60243		
1.53		0.60409		
1.54		0.60575		
1.55		0.6074		
1.56		0.60904		
1.57		0.61068		
1.58		0.61231		
1.59		0.61394		
1.6		0.61556		
1.61		0.61717		
1.62		0.61878		
1.63		0.62038		
1.64		0.62198		
1.65		0.62356		
1.66		0.62515		
1.67		0.62672		
1.68		0.62829		
1.69		0.62985		
1.7		0.6314		
1.71		0.63295		
1.72		0.63449		
1.73		0.63603		
1.74		0.63755		
1.75		0.63907		
1.76		0.64058		
1.77		0.64209		
1.78		0.64359		
1.79		0.64508		
1.8		0.64656		
1.81		0.64803		
1.82		0.6495		
1.83		0.65096		
1.84		0.65241		
1.85		0.65386		
1.86		0.6553		
1.87		0.65673		
1.88		0.65815		
1.89		0.65957		
1.9		0.66097		
1.91		0.66237		
1.92		0.66377		
1.93		0.66515		
1.94		0.66653		
1.95		0.6679		
1.96		0.66926		
1.97		0.67062		
1.98		0.67196		
1.99		0.6733		
2		0.67464		
2.01		0.67596		
2.02		0.67728		
2.03		0.67859		
2.04		0.67989		
2.05		0.68118		
2.06		0.68247		
2.07		0.68375		
2.08		0.68502		
2.09		0.68629		
2.1		0.68755		
2.11		0.6888		
2.12		0.69004		
2.13		0.69128		
2.14		0.6925		
2.15		0.69373		
2.16		0.69494		
2.17		0.69615		
2.18		0.69734		
2.19		0.69854		
2.2		0.69972		
2.21		0.7009		
2.22		0.70207		
2.23		0.70323		
2.24		0.70439		
2.25		0.70554		
2.26		0.70668		
2.27		0.70782		
2.28		0.70895		
2.29		0.71007		
2.3		0.71118		
2.31		0.71229		
2.32		0.71339		
2.33		0.71449		
2.34		0.71558		
2.35		0.71666		
2.36		0.71773		
2.37		0.7188		
2.38		0.71986		
2.39		0.72092		
2.4		0.72196		
2.41		0.723		
2.42		0.72404		
2.43		0.72507		
2.44		0.72609		
2.45		0.72711		
2.46		0.72811		
2.47		0.72912		
2.48		0.73011		
2.49		0.7311		
2.5		0.73209		
2.51		0.73307		
2.52		0.73404		
2.53		0.735		
2.54		0.73596		
2.55		0.73692		
2.56		0.73786		
2.57		0.7388		
2.58		0.73974		
2.59		0.74067		
2.6		0.74159		
2.61		0.74251		
2.62		0.74342		
2.63		0.74433		
2.64		0.74523		
2.65		0.74612		
2.66		0.74701		
2.67		0.74789		
2.68		0.74877		
2.69		0.74964		
2.7		0.75051		
2.71		0.75137		
2.72		0.75223		
2.73		0.75308		
2.74		0.75392		
2.75		0.75476		
2.76		0.75559		
2.77		0.75642		
2.78		0.75724		
2.79		0.75806		
2.8		0.75887		
2.81		0.75968		
2.82		0.76048		
2.83		0.76128		
2.84		0.76207		
2.85		0.76286		
2.86		0.76364		
2.87		0.76442		
2.88		0.76519		
2.89		0.76596		
2.9		0.76672		
2.91		0.76748		
2.92		0.76823		
2.93		0.76897		
2.94		0.76972		
2.95		0.77046		
2.96		0.77119		
2.97		0.77192		
2.98		0.77264		
2.99		0.77336		
3		0.77407		
3.01		0.77478		
3.02		0.77549		
3.03		0.77619		
3.04		0.77689		
3.05		0.77758		
3.06		0.77826		
3.07		0.77895		
3.08		0.77963		
3.09		0.7803		
3.1		0.78097		
3.11		0.78164		
3.12		0.7823		
3.13		0.78296		
3.14		0.78361		
3.15		0.78426		
3.16		0.7849		
3.17		0.78554		
3.18		0.78618		
3.19		0.78681		
3.2		0.78744		
3.21		0.78806		
3.22		0.78868		
3.23		0.7893		
3.24		0.78991		
3.25		0.79052		
3.26		0.79113		
3.27		0.79173		
3.28		0.79232		
3.29		0.79292		
3.3		0.79351		
3.31		0.79409		
3.32		0.79468		
3.33		0.79525		
3.34		0.79583		
3.35		0.7964		
3.36		0.79697		
3.37		0.79753		
3.38		0.79809		
3.39		0.79865		
3.4		0.7992		
3.41		0.79975		
3.42		0.8003		
3.43		0.80084		
3.44		0.80138		
3.45		0.80192		
3.46		0.80245		
3.47		0.80298		
3.48		0.8035		
3.49		0.80403		
3.5		0.80455		
3.51		0.80506		
3.52		0.80557		
3.53		0.80608		
3.54		0.80659		
3.55		0.80709		
3.56		0.80759		
3.57		0.80809		
3.58		0.80859		
3.59		0.80908		
3.6		0.80956		
3.61		0.81005		
3.62		0.81053		
3.63		0.81101		
3.64		0.81148		
3.65		0.81196		
3.66		0.81243		
3.67		0.81289		
3.68		0.81336		
3.69		0.81382		
3.7		0.81428		
3.71		0.81473		
3.72		0.81519		
3.73		0.81564		
3.74		0.81608		
3.75		0.81653		
3.76		0.81697		
3.77		0.81741		
3.78		0.81784		
3.79		0.81828		
3.8		0.81871		
3.81		0.81914		
3.82		0.81956		
3.83		0.81998		
3.84		0.8204		
3.85		0.82082		
3.86		0.82124		
3.87		0.82165		
3.88		0.82206		
3.89		0.82247		
3.9		0.82287		
3.91		0.82328		
3.92		0.82368		
3.93		0.82407		
3.94		0.82447		
3.95		0.82486		
3.96		0.82525		
3.97		0.82564		
3.98		0.82603		
3.99		0.82641		
4		0.82679		
4.01		0.82717		
4.02		0.82755		
4.03		0.82792		
4.04		0.82829		
4.05		0.82866		
4.06		0.82903		
4.07		0.82939		
4.08		0.82976		
4.09		0.83012		
4.1		0.83048		
4.11		0.83083		
4.12		0.83119		
4.13		0.83154		
4.14		0.83189		
4.15		0.83224		
4.16		0.83259		
4.17		0.83293		
4.18		0.83327		
4.19		0.83361		
4.2		0.83395		
4.21		0.83429		
4.22		0.83462		
4.23		0.83495		
4.24		0.83528		
4.25		0.83561		
4.26		0.83593		
4.27		0.83626		
4.28		0.83658		
4.29		0.8369		
4.3		0.83722		
4.31		0.83754		
4.32		0.83785		
4.33		0.83816		
4.34		0.83847		
4.35		0.83878		
4.36		0.83909		
4.37		0.8394		
4.38		0.8397		
4.39		0.84		
4.4		0.8403		
4.41		0.8406		
4.42		0.8409		
4.43		0.84119		
4.44		0.84148		
4.45		0.84177		
4.46		0.84206		
4.47		0.84235		
4.48		0.84264		
4.49		0.84292		
4.5		0.84321		
4.51		0.84349		
4.52		0.84377		
4.53		0.84404		
4.54		0.84432		
4.55		0.8446		
4.56		0.84487		
4.57		0.84514		
4.58		0.84541		
4.59		0.84568		
4.6		0.84595		
4.61		0.84621		
4.62		0.84647		
4.63		0.84674		
4.64		0.847		
4.65		0.84726		
4.66		0.84751		
4.67		0.84777		
4.68		0.84803		
4.69		0.84828		
4.7		0.84853		
4.71		0.84878		
4.72		0.84903		
4.73		0.84928		
4.74		0.84952		
4.75		0.84977		
4.76		0.85001		
4.77		0.85025		
4.78		0.85049		
4.79		0.85073		
4.8		0.85097		
4.81		0.85121		
4.82		0.85144		
4.83		0.85168		
4.84		0.85191		
4.85		0.85214		
4.86		0.85237		
4.87		0.8526		
4.88		0.85282		
4.89		0.85305		
4.9		0.85327		
4.91		0.8535		
4.92		0.85372		
4.93		0.85394		
4.94		0.85416		
4.95		0.85438		
4.96		0.85459		
4.97		0.85481		
4.98		0.85502		
4.99		0.85524		
5		0.85545		
5.01		0.85566		
5.02		0.85587		
5.03		0.85608		
5.04		0.85628		
5.05		0.85649		
5.06		0.85669		
5.07		0.8569		
5.08		0.8571		
5.09		0.8573		
5.1		0.8575		
5.11		0.8577		
5.12		0.8579		
5.13		0.85809		
5.14		0.85829		
5.15		0.85848		
5.16		0.85868		
5.17		0.85887		
5.18		0.85906		
5.19		0.85925		
5.2		0.85944		
5.21		0.85963		
5.22		0.85982		
5.23		0.86		
5.24		0.86019		
5.25		0.86037		
5.26		0.86055		
5.27		0.86073		
5.28		0.86091		
5.29		0.86109		
5.3		0.86127		
5.31		0.86145		
5.32		0.86163		
5.33		0.8618		
5.34		0.86198		
5.35		0.86215		
5.36		0.86232		
5.37		0.86249		
5.38		0.86266		
5.39		0.86283		
5.4		0.863		
5.41		0.86317		
5.42		0.86334		
5.43		0.8635		
5.44		0.86367		
5.45		0.86383		
5.46		0.86399		
5.47		0.86416		
5.48		0.86432		
5.49		0.86448		
5.5		0.86464		
5.51		0.8648		
5.52		0.86495		
5.53		0.86511		
5.54		0.86526		
5.55		0.86542		
5.56		0.86557		
5.57		0.86573		
5.58		0.86588		
5.59		0.86603		
5.6		0.86618		
5.61		0.86633		
5.62		0.86648		
5.63		0.86663		
5.64		0.86677		
5.65		0.86692		
5.66		0.86706		
5.67		0.86721		
5.68		0.86735		
5.69		0.86749		
5.7		0.86764		
5.71		0.86778		
5.72		0.86792		
5.73		0.86806		
5.74		0.8682		
5.75		0.86833		
5.76		0.86847		
5.77		0.86861		
5.78		0.86874		
5.79		0.86888		
5.8		0.86901		
5.81		0.86914		
5.82		0.86928		
5.83		0.86941		
5.84		0.86954		
5.85		0.86967		
5.86		0.8698		
5.87		0.86993		
5.88		0.87005		
5.89		0.87018		
5.9		0.87031		
5.91		0.87043		
5.92		0.87056		
5.93		0.87068		
5.94		0.8708		
5.95		0.87093		
5.96		0.87105		
5.97		0.87117		
5.98		0.87129		
5.99		0.87141		
6		0.87153		
6.01		0.87165		
6.02		0.87176		
6.03		0.87188		
6.04		0.872		
6.05		0.87211		
6.06		0.87223		
6.07		0.87234		
6.08		0.87246		
6.09		0.87257		
6.1		0.87268		
6.11		0.87279		
6.12		0.8729		
6.13		0.87301		
6.14		0.87312		
6.15		0.87323		
6.16		0.87334		
6.17		0.87345		
6.18		0.87355		
6.19		0.87366		
6.2		0.87376		
6.21		0.87387		
6.22		0.87397		
6.23		0.87408		
6.24		0.87418		
6.25		0.87428		
6.26		0.87438		
6.27		0.87448		
6.28		0.87458		
6.29		0.87468		
6.3		0.87478		
6.31		0.87488		
6.32		0.87498		
6.33		0.87508		
6.34		0.87517		
6.35		0.87527		
6.36		0.87537		
6.37		0.87546		
6.38		0.87555		
6.39		0.87565		
6.4		0.87574		
6.41		0.87583		
6.42		0.87593		
6.43		0.87602		
6.44		0.87611		
6.45		0.8762		
6.46		0.87629		
6.47		0.87638		
6.48		0.87647		
6.49		0.87655		
6.5		0.87664		
6.51		0.87673		
6.52		0.87681		
6.53		0.8769		
6.54		0.87698		
6.55		0.87707		
6.56		0.87715		
6.57		0.87724		
6.58		0.87732		
6.59		0.8774		
6.6		0.87748		
6.61		0.87756		
6.62		0.87765		
6.63		0.87773		
6.64		0.87781		
6.65		0.87788		
6.66		0.87796		
6.67		0.87804		
6.68		0.87812		
6.69		0.8782		
6.7		0.87827		
6.71		0.87835		
6.72		0.87842		
6.73		0.8785		
6.74		0.87857		
6.75		0.87865		
6.76		0.87872		
6.77		0.87879		
6.78		0.87887		
6.79		0.87894		
6.8		0.87901		
6.81		0.87908		
6.82		0.87915		
6.83		0.87922		
6.84		0.87929		
6.85		0.87936		
6.86		0.87943		
6.87		0.8795		
6.88		0.87956		
6.89		0.87963		
6.9		0.8797		
6.91		0.87976		
6.92		0.87983		
6.93		0.87989		
6.94		0.87996		
6.95		0.88002		
6.96		0.88009		
6.97		0.88015		
6.98		0.88021		
6.99		0.88027		
7		0.88034		
7.01		0.8804		
7.02		0.88046		
7.03		0.88052		
7.04		0.88058		
7.05		0.88064		
7.06		0.8807		
7.07		0.88076		
7.08		0.88081		
7.09		0.88087		
7.1		0.88093		
7.11		0.88099		
7.12		0.88104		
7.13		0.8811		
7.14		0.88115		
7.15		0.88121		
7.16		0.88126		
7.17		0.88132		
7.18		0.88137		
7.19		0.88142		
7.2		0.88148		
7.21		0.88153		
7.22		0.88158		
7.23		0.88163		
7.24		0.88169		
7.25		0.88174		
7.26		0.88179		
7.27		0.88184		
7.28		0.88189		
7.29		0.88194		
7.3		0.88198		
7.31		0.88203		
7.32		0.88208		
7.33		0.88213		
7.34		0.88218		
7.35		0.88222		
7.36		0.88227		
7.37		0.88231		
7.38		0.88236		
7.39		0.8824		
7.4		0.88245		
7.41		0.88249		
7.42		0.88254		
7.43		0.88258		
7.44		0.88262		
7.45		0.88267		
7.46		0.88271		
7.47		0.88275		
7.48		0.88279		
7.49		0.88283		
7.5		0.88288		
7.51		0.88292		
7.52		0.88296		
7.53		0.883		
7.54		0.88304		
7.55		0.88307		
7.56		0.88311		
7.57		0.88315		
7.58		0.88319		
7.59		0.88323		
7.6		0.88326		
7.61		0.8833		
7.62		0.88334		
7.63		0.88337		
7.64		0.88341		
7.65		0.88344		
7.66		0.88348		
7.67		0.88351		
7.68		0.88355		
7.69		0.88358		
7.7		0.88362		
7.71		0.88365		
7.72		0.88368		
7.73		0.88371		
7.74		0.88375		
7.75		0.88378		
7.76		0.88381		
7.77		0.88384		
7.78		0.88387		
7.79		0.8839		
7.8		0.88393		
7.81		0.88396		
7.82		0.88399		
7.83		0.88402		
7.84		0.88405		
7.85		0.88408		
7.86		0.8841		
7.87		0.88413		
7.88		0.88416		
7.89		0.88419		
7.9		0.88421		
7.91		0.88424		
7.92		0.88427		
7.93		0.88429		
7.94		0.88432		
7.95		0.88434		
7.96		0.88437		
7.97		0.88439		
7.98		0.88442		
7.99		0.88444		
8		0.88446		
8.01		0.88449		
8.02		0.88451		
8.03		0.88453		
8.04		0.88455		
8.05		0.88457		
8.06		0.8846		
8.07		0.88462		
8.08		0.88464		
8.09		0.88466		
8.1		0.88468		
8.11		0.8847		
8.12		0.88472		
8.13		0.88474		
8.14		0.88476		
8.15		0.88478		
8.16		0.8848		
8.17		0.88481		
8.18		0.88483		
8.19		0.88485		
8.2		0.88487		
8.21		0.88488		
8.22		0.8849		
8.23		0.88492		
8.24		0.88493		
8.25		0.88495		
8.26		0.88496		
8.27		0.88498		
8.28		0.88499		
8.29		0.88501		
8.3		0.88502		
8.31		0.88504		
8.32		0.88505		
8.33		0.88506		
8.34		0.88508		
8.35		0.88509		
8.36		0.8851		
8.37		0.88512		
8.38		0.88513		
8.39		0.88514		
8.4		0.88515		
8.41		0.88516		
8.42		0.88517		
8.43		0.88518		
8.44		0.8852		
8.45		0.88521		
8.46		0.88522		
8.47		0.88522		
8.48		0.88523		
8.49		0.88524		
8.5		0.88525		
8.51		0.88526		
8.52		0.88527		
8.53		0.88528		
8.54		0.88529		
8.55		0.88529		
8.56		0.8853		
8.57		0.88531		
8.58		0.88531		
8.59		0.88532		
8.6		0.88533		
8.61		0.88533		
8.62		0.88534		
8.63		0.88534		
8.64		0.88535		
8.65		0.88535		
8.66		0.88536		
8.67		0.88536		
8.68		0.88537		
8.69		0.88537		
8.7		0.88538		
8.71		0.88538		
8.72		0.88538		
8.73		0.88538		
8.74		0.88539		
8.75		0.88539		
8.76		0.88539		
8.77		0.88539		
8.78		0.8854		
8.79		0.8854		
8.8		0.8854		
8.81		0.8854		
8.82		0.8854		
8.83		0.8854		
8.84		0.8854		
8.85		0.8854		
8.86		0.8854		
8.87		0.8854		
8.88		0.8854		
8.89		0.8854		
8.9		0.8854		
8.91		0.8854		
8.92		0.8854		
8.93		0.88539		
8.94		0.88539		
8.95		0.88539		
8.96		0.88539		
8.97		0.88538		
8.98		0.88538		
8.99		0.88538		
9		0.88538		
9.01		0.88537		
9.02		0.88537		
9.03		0.88536		
9.04		0.88536		
9.05		0.88535		
9.06		0.88535		
9.07		0.88535		
9.08		0.88534		
9.09		0.88533		
9.1		0.88533		
9.11		0.88532		
9.12		0.88532		
9.13		0.88531		
9.14		0.88531		
9.15		0.8853		
9.16		0.88529		
9.17		0.88528		
9.18		0.88528		
9.19		0.88527		
9.2		0.88526		
9.21		0.88525		
9.22		0.88525		
9.23		0.88524		
9.24		0.88523		
9.25		0.88522		
9.26		0.88521		
9.27		0.8852		
9.28		0.88519		
9.29		0.88518		
9.3		0.88517		
9.31		0.88516		
9.32		0.88515		
9.33		0.88514		
9.34		0.88513		
9.35		0.88512		
9.36		0.88511		
9.37		0.8851		
9.38		0.88509		
9.39		0.88508		
9.4		0.88507		
9.41		0.88505		
9.42		0.88504		
9.43		0.88503		
9.44		0.88502		
9.45		0.885		
9.46		0.88499		
9.47		0.88498		
9.48		0.88497		
9.49		0.88495		
9.5		0.88494		
9.51		0.88492		
9.52		0.88491		
9.53		0.8849		
9.54		0.88488		
9.55		0.88487		
9.56		0.88485		
9.57		0.88484		
9.58		0.88482		
9.59		0.88481		
9.6		0.88479		
9.61		0.88478		
9.62		0.88476		
9.63		0.88475		
9.64		0.88473		
9.65		0.88471		
9.66		0.8847		
9.67		0.88468		
9.68		0.88466		
9.69		0.88465		
9.7		0.88463		
9.71		0.88461		
9.72		0.88459		
9.73		0.88458		
9.74		0.88456		
9.75		0.88454		
9.76		0.88452		
9.77		0.8845		
9.78		0.88448		
9.79		0.88447		
9.8		0.88445		
9.81		0.88443		
9.82		0.88441		
9.83		0.88439		
9.84		0.88437		
9.85		0.88435		
9.86		0.88433		
9.87		0.88431		
9.88		0.88429		
9.89		0.88427		
9.9		0.88425		
9.91		0.88423		
9.92		0.88421		
9.93		0.88419		
9.94		0.88417		
9.95		0.88414		
9.96		0.88412		
9.97		0.8841		
9.98		0.88408		
9.99		0.88406		
10		0.88404		
10.01		0.88401		
10.02		0.88399		
10.03		0.88397		
10.04		0.88395		
10.05		0.88392		
10.06		0.8839		
10.07		0.88388		
10.08		0.88385		
10.09		0.88383		
10.1		0.88381		
10.11		0.88378		
10.12		0.88376		
10.13		0.88373		
10.14		0.88371		
10.15		0.88369		
10.16		0.88366		
10.17		0.88364		
10.18		0.88361		
10.19		0.88359		
10.2		0.88356		
10.21		0.88354		
10.22		0.88351		
10.23		0.88349		
10.24		0.88346		
10.25		0.88343		
10.26		0.88341		
10.27		0.88338		
10.28		0.88336		
10.29		0.88333		
10.3		0.8833		
10.31		0.88328		
10.32		0.88325		
10.33		0.88322		
10.34		0.8832		
10.35		0.88317		
10.36		0.88314		
10.37		0.88311		
10.38		0.88309		
10.39		0.88306		
10.4		0.88303		
10.41		0.883		
10.42		0.88297		
10.43		0.88295		
10.44		0.88292		
10.45		0.88289		
10.46		0.88286		
10.47		0.88283		
10.48		0.8828		
10.49		0.88277		
10.5		0.88274		
10.51		0.88271		
10.52		0.88269		
10.53		0.88266		
10.54		0.88263		
10.55		0.8826		
10.56		0.88257		
10.57		0.88254		
10.58		0.88251		
10.59		0.88248		
10.6		0.88245		
10.61		0.88241		
10.62		0.88238		
10.63		0.88235		
10.64		0.88232		
10.65		0.88229		
10.66		0.88226		
10.67		0.88223		
10.68		0.8822		
10.69		0.88217		
10.7		0.88213		
10.71		0.8821		
10.72		0.88207		
10.73		0.88204		
10.74		0.88201		
10.75		0.88197		
10.76		0.88194		
10.77		0.88191		
10.78		0.88188		
10.79		0.88184		
10.8		0.88181		
10.81		0.88178		
10.82		0.88175		
10.83		0.88171		
10.84		0.88168		
10.85		0.88165		
10.86		0.88161		
10.87		0.88158		
10.88		0.88155		
10.89		0.88151		
10.9		0.88148		
10.91		0.88144		
10.92		0.88141		
10.93		0.88138		
10.94		0.88134		
10.95		0.88131		
10.96		0.88127		
10.97		0.88124		
10.98		0.8812		
10.99		0.88117		
11		0.88113		
11.01		0.8811		
11.02		0.88106		
11.03		0.88103		
11.04		0.88099		
11.05		0.88096		
11.06		0.88092		
11.07		0.88088		
11.08		0.88085		
11.09		0.88081		
11.1		0.88078		
11.11		0.88074		
11.12		0.8807		
11.13		0.88067		
11.14		0.88063		
11.15		0.8806		
11.16		0.88056		
11.17		0.88052		
11.18		0.88049		
11.19		0.88045		
11.2		0.88041		
11.21		0.88037		
11.22		0.88034		
11.23		0.8803		
11.24		0.88026		
11.25		0.88023		
11.26		0.88019		
11.27		0.88015		
11.28		0.88011		
11.29		0.88007		
11.3		0.88004		
11.31		0.88		
11.32		0.87996		
11.33		0.87992		
11.34		0.87988		
11.35		0.87985		
11.36		0.87981		
11.37		0.87977		
11.38		0.87973		
11.39		0.87969		
11.4		0.87965		
11.41		0.87961		
11.42		0.87957		
11.43		0.87953		
11.44		0.8795		
11.45		0.87946		
11.46		0.87942		
11.47		0.87938		
11.48		0.87934		
11.49		0.8793		
11.5		0.87926		
11.51		0.87922		
11.52		0.87918		
11.53		0.87914		
11.54		0.8791		
11.55		0.87906		
11.56		0.87902		
11.57		0.87898		
11.58		0.87894		
11.59		0.8789		
11.6		0.87886		
11.61		0.87882		
11.62		0.87877		
11.63		0.87873		
11.64		0.87869		
11.65		0.87865		
11.66		0.87861		
11.67		0.87857		
11.68		0.87853		
11.69		0.87849		
11.7		0.87845		
11.71		0.8784		
11.72		0.87836		
11.73		0.87832		
11.74		0.87828		
11.75		0.87824		
11.76		0.8782		
11.77		0.87815		
11.78		0.87811		
11.79		0.87807		
11.8		0.87803		
11.81		0.87799		
11.82		0.87794		
11.83		0.8779		
11.84		0.87786		
11.85		0.87782		
11.86		0.87777		
11.87		0.87773		
11.88		0.87769		
11.89		0.87764		
11.9		0.8776		
11.91		0.87756		
11.92		0.87752		
11.93		0.87747		
11.94		0.87743		
11.95		0.87739		
11.96		0.87734		
11.97		0.8773		
11.98		0.87726		
11.99		0.87721		
12		0.87717		
12.01		0.87712		
12.02		0.87708		
12.03		0.87704		
12.04		0.87699		
12.05		0.87695		
12.06		0.8769		
12.07		0.87686		
12.08		0.87682		
12.09		0.87677		
12.1		0.87673		
12.11		0.87668		
12.12		0.87664		
12.13		0.87659		
12.14		0.87655		
12.15		0.87651		
12.16		0.87646		
12.17		0.87642		
12.18		0.87637		
12.19		0.87633		
12.2		0.87628		
12.21		0.87624		
12.22		0.87619		
12.23		0.87615		
12.24		0.8761		
12.25		0.87605		
12.26		0.87601		
12.27		0.87596		
12.28		0.87592		
12.29		0.87587		
12.3		0.87583		
12.31		0.87578		
12.32		0.87574		
12.33		0.87569		
12.34		0.87564		
12.35		0.8756		
12.36		0.87555		
12.37		0.87551		
12.38		0.87546		
12.39		0.87541		
12.4		0.87537		
12.41		0.87532		
12.42		0.87527		
12.43		0.87523		
12.44		0.87518		
12.45		0.87514		
12.46		0.87509		
12.47		0.87504		
12.48		0.87499		
12.49		0.87495		
12.5		0.8749		
12.51		0.87485		
12.52		0.87481		
12.53		0.87476		
12.54		0.87471		
12.55		0.87467		
12.56		0.87462		
12.57		0.87457		
12.58		0.87452		
12.59		0.87448		
12.6		0.87443		
12.61		0.87438		
12.62		0.87433		
12.63		0.87429		
12.64		0.87424		
12.65		0.87419		
12.66		0.87414		
12.67		0.8741		
12.68		0.87405		
12.69		0.874		
12.7		0.87395		
12.71		0.8739		
12.72		0.87386		
12.73		0.87381		
12.74		0.87376		
12.75		0.87371		
12.76		0.87366		
12.77		0.87361		
12.78		0.87357		
12.79		0.87352		
12.8		0.87347		
12.81		0.87342		
12.82		0.87337		
12.83		0.87332		
12.84		0.87327		
12.85		0.87323		
12.86		0.87318		
12.87		0.87313		
12.88		0.87308		
12.89		0.87303		
12.9		0.87298		
12.91		0.87293		
12.92		0.87288		
12.93		0.87283		
12.94		0.87278		
12.95		0.87274		
12.96		0.87269		
12.97		0.87264		
12.98		0.87259		
12.99		0.87254		
13		0.87249		
13.01		0.87244		
13.02		0.87239		
13.03		0.87234		
13.04		0.87229		
13.05		0.87224		
13.06		0.87219		
13.07		0.87214		
13.08		0.87209		
13.09		0.87204		
13.1		0.87199		
13.11		0.87194		
13.12		0.87189		
13.13		0.87184		
13.14		0.87179		
13.15		0.87174		
13.16		0.87169		
13.17		0.87164		
13.18		0.87159		
13.19		0.87154		
13.2		0.87149		
13.21		0.87144		
13.22		0.87139		
13.23		0.87134		
13.24		0.87128		
13.25		0.87123		
13.26		0.87118		
13.27		0.87113		
13.28		0.87108		
13.29		0.87103		
13.3		0.87098		
13.31		0.87093		
13.32		0.87088		
13.33		0.87083		
13.34		0.87078		
13.35		0.87072		
13.36		0.87067		
13.37		0.87062		
13.38		0.87057		
13.39		0.87052		
13.4		0.87047		
13.41		0.87042		
13.42		0.87036		
13.43		0.87031		
13.44		0.87026		
13.45		0.87021		
13.46		0.87016		
13.47		0.87011		
13.48		0.87005		
13.49		0.87		
13.5		0.86995		
13.51		0.8699		
13.52		0.86985		
13.53		0.8698		
13.54		0.86974		
13.55		0.86969		
13.56		0.86964		
13.57		0.86959		
13.58		0.86953		
13.59		0.86948		
13.6		0.86943		
13.61		0.86938		
13.62		0.86933		
13.63		0.86927		
13.64		0.86922		
13.65		0.86917		
13.66		0.86912		
13.67		0.86906		
13.68		0.86901		
13.69		0.86896		
13.7		0.86891		
13.71		0.86885		
13.72		0.8688		
13.73		0.86875		
13.74		0.86869		
13.75		0.86864		
13.76		0.86859		
13.77		0.86854		
13.78		0.86848		
13.79		0.86843		
13.8		0.86838		
13.81		0.86832		
13.82		0.86827		
13.83		0.86822		
13.84		0.86816		
13.85		0.86811		
13.86		0.86806		
13.87		0.868		
13.88		0.86795		
13.89		0.8679		
13.9		0.86784		
13.91		0.86779		
13.92		0.86774		
13.93		0.86768		
13.94		0.86763		
13.95		0.86757		
13.96		0.86752		
13.97		0.86747		
13.98		0.86741		
13.99		0.86736		
14		0.86731		
14.01		0.86725		
14.02		0.8672		
14.03		0.86714		
14.04		0.86709		
14.05		0.86704		
14.06		0.86698		
14.07		0.86693		
14.08		0.86687		
14.09		0.86682		
14.1		0.86676		
14.11		0.86671		
14.12		0.86666		
14.13		0.8666		
14.14		0.86655		
14.15		0.86649		
14.16		0.86644		
14.17		0.86638		
14.18		0.86633		
14.19		0.86627		
14.2		0.86622		
14.21		0.86616		
14.22		0.86611		
14.23		0.86606		
14.24		0.866		
14.25		0.86595		
14.26		0.86589		
14.27		0.86584		
14.28		0.86578		
14.29		0.86573		
14.3		0.86567		
14.31		0.86562		
14.32		0.86556		
14.33		0.86551		
14.34		0.86545		
14.35		0.8654		
14.36		0.86534		
14.37		0.86528		
14.38		0.86523		
14.39		0.86517		
14.4		0.86512		
14.41		0.86506		
14.42		0.86501		
14.43		0.86495		
14.44		0.8649		
14.45		0.86484		
14.46		0.86479		
14.47		0.86473		
14.48		0.86467		
14.49		0.86462		
14.5		0.86456		
14.51		0.86451		
14.52		0.86445		
14.53		0.86439		
14.54		0.86434		
14.55		0.86428		
14.56		0.86423		
14.57		0.86417		
14.58		0.86411		
14.59		0.86406		
14.6		0.864		
14.61		0.86395		
14.62		0.86389		
14.63		0.86383		
14.64		0.86378		
14.65		0.86372		
14.66		0.86366		
14.67		0.86361		
14.68		0.86355		
14.69		0.8635		
14.7		0.86344		
14.71		0.86338		
14.72		0.86333		
14.73		0.86327		
14.74		0.86321		
14.75		0.86316		
14.76		0.8631		
14.77		0.86304		
14.78		0.86299		
14.79		0.86293		
14.8		0.86287		
14.81		0.86281		
14.82		0.86276		
14.83		0.8627		
14.84		0.86264		
14.85		0.86259		
14.86		0.86253		
14.87		0.86247		
14.88		0.86242		
14.89		0.86236		
14.9		0.8623		
14.91		0.86224		
14.92		0.86219		
14.93		0.86213		
14.94		0.86207		
14.95		0.86201		
14.96		0.86196		
14.97		0.8619		
14.98		0.86184		
14.99		0.86178		
15		0.86173		
15.01		0.86167		
15.02		0.86161		
15.03		0.86155		
15.04		0.8615		
15.05		0.86144		
15.06		0.86138		
15.07		0.86132		
15.08		0.86126		
15.09		0.86121		
15.1		0.86115		
15.11		0.86109		
15.12		0.86103		
15.13		0.86097		
15.14		0.86092		
15.15		0.86086		
15.16		0.8608		
15.17		0.86074		
15.18		0.86068		
15.19		0.86063		
15.2		0.86057		
15.21		0.86051		
15.22		0.86045		
15.23		0.86039		
15.24		0.86033		
15.25		0.86027		
15.26		0.86022		
15.27		0.86016		
15.28		0.8601		
15.29		0.86004		
15.3		0.85998		
15.31		0.85992		
15.32		0.85986		
15.33		0.85981		
15.34		0.85975		
15.35		0.85969		
15.36		0.85963		
15.37		0.85957		
15.38		0.85951		
15.39		0.85945		
15.4		0.85939		
15.41		0.85933		
15.42		0.85927		
15.43		0.85922		
15.44		0.85916		
15.45		0.8591		
15.46		0.85904		
15.47		0.85898		
15.48		0.85892		
15.49		0.85886		
15.5		0.8588		
15.51		0.85874		
15.52		0.85868		
15.53		0.85862		
15.54		0.85856		
15.55		0.8585		
15.56		0.85844		
15.57		0.85838		
15.58		0.85832		
15.59		0.85826		
15.6		0.8582		
15.61		0.85814		
15.62		0.85808		
15.63		0.85802		
15.64		0.85796		
15.65		0.8579		
15.66		0.85784		
15.67		0.85778		
15.68		0.85772		
15.69		0.85766		
15.7		0.8576		
15.71		0.85754		
15.72		0.85748		
15.73		0.85742		
15.74		0.85736		
15.75		0.8573		
15.76		0.85724		
15.77		0.85718		
15.78		0.85712		
15.79		0.85706		
15.8		0.857		
15.81		0.85694		
15.82		0.85688		
15.83		0.85682		
15.84		0.85676		
15.85		0.8567		
15.86		0.85664		
15.87		0.85658		
15.88		0.85652		
15.89		0.85645		
15.9		0.85639		
15.91		0.85633		
15.92		0.85627		
15.93		0.85621		
15.94		0.85615		
15.95		0.85609		
15.96		0.85603		
15.97		0.85597		
15.98		0.8559		
15.99		0.85584		
16		0.85578		
16.01		0.85572		
16.02		0.85566		
16.03		0.8556		
16.04		0.85554		
16.05		0.85548		
16.06		0.85541		
16.07		0.85535		
16.08		0.85529		
16.09		0.85523		
16.1		0.85517		
16.11		0.85511		
16.12		0.85504		
16.13		0.85498		
16.14		0.85492		
16.15		0.85486		
16.16		0.8548		
16.17		0.85474		
16.18		0.85467		
16.19		0.85461		
16.2		0.85455		
16.21		0.85449		
16.22		0.85443		
16.23		0.85436		
16.24		0.8543		
16.25		0.85424		
16.26		0.85418		
16.27		0.85411		
16.28		0.85405		
16.29		0.85399		
16.3		0.85393		
16.31		0.85387		
16.32		0.8538		
16.33		0.85374		
16.34		0.85368		
16.35		0.85362		
16.36		0.85355		
16.37		0.85349		
16.38		0.85343		
16.39		0.85337		
16.4		0.8533		
16.41		0.85324		
16.42		0.85318		
16.43		0.85311		
16.44		0.85305		
16.45		0.85299		
16.46		0.85293		
16.47		0.85286		
16.48		0.8528		
16.49		0.85274		
16.5		0.85267		
16.51		0.85261		
16.52		0.85255		
16.53		0.85248		
16.54		0.85242		
16.55		0.85236		
16.56		0.85229		
16.57		0.85223		
16.58		0.85217		
16.59		0.8521		
16.6		0.85204		
16.61		0.85198		
16.62		0.85191		
16.63		0.85185		
16.64		0.85179		
16.65		0.85172		
16.66		0.85166		
16.67		0.8516		
16.68		0.85153		
16.69		0.85147		
16.7		0.8514		
16.71		0.85134		
16.72		0.85128		
16.73		0.85121		
16.74		0.85115		
16.75		0.85108		
16.76		0.85102		
16.77		0.85096		
16.78		0.85089		
16.79		0.85083		
16.8		0.85076		
16.81		0.8507		
16.82		0.85063		
16.83		0.85057		
16.84		0.85051		
16.85		0.85044		
16.86		0.85038		
16.87		0.85031		
16.88		0.85025		
16.89		0.85018		
16.9		0.85012		
16.91		0.85005		
16.92		0.84999		
16.93		0.84993		
16.94		0.84986		
16.95		0.8498		
16.96		0.84973		
16.97		0.84967		
16.98		0.8496		
16.99		0.84954		
17		0.84947		
17.01		0.84941		
17.02		0.84934		
17.03		0.84928		
17.04		0.84921		
17.05		0.84915		
17.06		0.84908		
17.07		0.84902		
17.08		0.84895		
17.09		0.84889		
17.1		0.84882		
17.11		0.84875		
17.12		0.84869		
17.13		0.84862		
17.14		0.84856		
17.15		0.84849		
17.16		0.84843		
17.17		0.84836		
17.18		0.8483		
17.19		0.84823		
17.2		0.84817		
17.21		0.8481		
17.22		0.84803		
17.23		0.84797		
17.24		0.8479		
17.25		0.84784		
17.26		0.84777		
17.27		0.8477		
17.28		0.84764		
17.29		0.84757		
17.3		0.84751		
17.31		0.84744		
17.32		0.84737		
17.33		0.84731		
17.34		0.84724		
17.35		0.84718		
17.36		0.84711		
17.37		0.84704		
17.38		0.84698		
17.39		0.84691		
17.4		0.84684		
17.41		0.84678		
17.42		0.84671		
17.43		0.84664		
17.44		0.84658		
17.45		0.84651		
17.46		0.84645		
17.47		0.84638		
17.48		0.84631		
17.49		0.84624		
17.5		0.84618		
17.51		0.84611		
17.52		0.84604		
17.53		0.84598		
17.54		0.84591		
17.55		0.84584		
17.56		0.84578		
17.57		0.84571		
17.58		0.84564		
17.59		0.84558		
17.6		0.84551		
17.61		0.84544		
17.62		0.84537		
17.63		0.84531		
17.64		0.84524		
17.65		0.84517		
17.66		0.84511		
17.67		0.84504		
17.68		0.84497		
17.69		0.8449		
17.7		0.84484		
17.71		0.84477		
17.72		0.8447		
17.73		0.84463		
17.74		0.84457		
17.75		0.8445		
17.76		0.84443		
17.77		0.84436		
17.78		0.84429		
17.79		0.84423		
17.8		0.84416		
17.81		0.84409		
17.82		0.84402		
17.83		0.84396		
17.84		0.84389		
17.85		0.84382		
17.86		0.84375		
17.87		0.84368		
17.88		0.84362		
17.89		0.84355		
17.9		0.84348		
17.91		0.84341		
17.92		0.84334		
17.93		0.84327		
17.94		0.84321		
17.95		0.84314		
17.96		0.84307		
17.97		0.843		
17.98		0.84293		
17.99		0.84286		
18		0.8428		
18.01		0.84273		
18.02		0.84266		
18.03		0.84259		
18.04		0.84252		
18.05		0.84245		
18.06		0.84238		
18.07		0.84232		
18.08		0.84225		
18.09		0.84218		
18.1		0.84211		
18.11		0.84204		
18.12		0.84197		
18.13		0.8419		
18.14		0.84183		
18.15		0.84176		
18.16		0.84169		
18.17		0.84163		
18.18		0.84156		
18.19		0.84149		
18.2		0.84142		
18.21		0.84135		
18.22		0.84128		
18.23		0.84121		
18.24		0.84114		
18.25		0.84107		
18.26		0.841		
18.27		0.84093		
18.28		0.84086		
18.29		0.84079		
18.3		0.84072		
18.31		0.84066		
18.32		0.84059		
18.33		0.84052		
18.34		0.84045		
18.35		0.84038		
18.36		0.84031		
18.37		0.84024		
18.38		0.84017		
18.39		0.8401		
18.4		0.84003		
18.41		0.83996		
18.42		0.83989		
18.43		0.83982		
18.44		0.83975		
18.45		0.83968		
18.46		0.83961		
18.47		0.83954		
18.48		0.83947		
18.49		0.8394		
18.5		0.83933		
18.51		0.83926		
18.52		0.83919		
18.53		0.83912		
18.54		0.83905		
18.55		0.83898		
18.56		0.83891		
18.57		0.83883		
18.58		0.83876		
18.59		0.83869		
18.6		0.83862		
18.61		0.83855		
18.62		0.83848		
18.63		0.83841		
18.64		0.83834		
18.65		0.83827		
18.66		0.8382		
18.67		0.83813		
18.68		0.83806		
18.69		0.83799		
18.7		0.83792		
18.71		0.83785		
18.72		0.83779		
18.73		0.83772		
18.74		0.83765		
18.75		0.83758		
18.76		0.83751		
18.77		0.83744		
18.78		0.83737		
18.79		0.8373		
18.8		0.83723		
18.81		0.83717		
18.82		0.8371		
18.83		0.83703		
18.84		0.83696		
18.85		0.83689		
18.86		0.83682		
18.87		0.83676		
18.88		0.83669		
18.89		0.83662		
18.9		0.83655		
18.91		0.83648		
18.92		0.83642		
18.93		0.83635		
18.94		0.83628		
18.95		0.83621		
18.96		0.83615		
18.97		0.83608		
18.98		0.83601		
18.99		0.83595		
19		0.83588		
19.01		0.83581		
19.02		0.83574		
19.03		0.83568		
19.04		0.83561		
19.05		0.83554		
19.06		0.83548		
19.07		0.83541		
19.08		0.83535		
19.09		0.83528		
19.1		0.83521		
19.11		0.83515		
19.12		0.83508		
19.13		0.83501		
19.14		0.83495		
19.15		0.83488		
19.16		0.83482		
19.17		0.83475		
19.18		0.83469		
19.19		0.83462		
19.2		0.83456		
19.21		0.83449		
19.22		0.83443		
19.23		0.83436		
19.24		0.8343		
19.25		0.83423		
19.26		0.83417		
19.27		0.8341		
19.28		0.83404		
19.29		0.83397		
19.3		0.83391		
19.31		0.83384		
19.32		0.83378		
19.33		0.83371		
19.34		0.83365		
19.35		0.83359		
19.36		0.83352		
19.37		0.83346		
19.38		0.8334		
19.39		0.83333		
19.4		0.83327		
19.41		0.8332		
19.42		0.83314		
19.43		0.83308		
19.44		0.83301		
19.45		0.83295		
19.46		0.83289		
19.47		0.83283		
19.48		0.83276		
19.49		0.8327		
19.5		0.83264		
19.51		0.83257		
19.52		0.83251		
19.53		0.83245		
19.54		0.83239		
19.55		0.83232		
19.56		0.83226		
19.57		0.8322		
19.58		0.83214		
19.59		0.83208		
19.6		0.83201		
19.61		0.83195		
19.62		0.83189		
19.63		0.83183		
19.64		0.83177		
19.65		0.8317		
19.66		0.83164		
19.67		0.83158		
19.68		0.83152		
19.69		0.83146		
19.7		0.8314		
19.71		0.83134		
19.72		0.83128		
19.73		0.83122		
19.74		0.83115		
19.75		0.83109		
19.76		0.83103		
19.77		0.83097		
19.78		0.83091		
19.79		0.83085		
19.8		0.83079		
19.81		0.83073		
19.82		0.83067		
19.83		0.83061		
19.84		0.83055		
19.85		0.83049		
19.86		0.83043		
19.87		0.83037		
19.88		0.83031		
19.89		0.83025		
19.9		0.83019		
19.91		0.83013		
19.92		0.83008		
19.93		0.83002		
19.94		0.82996		
19.95		0.8299		
19.96		0.82984		
19.97		0.82978		
19.98		0.82972		
19.99		0.82966		
20		0.8296		
20.01		0.82955		
20.02		0.82949		
20.03		0.82943		
20.04		0.82937		
20.05		0.82931		
20.06		0.82925		
20.07		0.8292		
20.08		0.82914		
20.09		0.82908		
20.1		0.82902		
20.11		0.82896		
20.12		0.82891		
20.13		0.82885		
20.14		0.82879		
20.15		0.82873		
20.16		0.82868		
20.17		0.82862		
20.18		0.82856		
20.19		0.82851		
20.2		0.82845		
20.21		0.82839		
20.22		0.82833		
20.23		0.82828		
20.24		0.82822		
20.25		0.82816		
20.26		0.82811		
20.27		0.82805		
20.28		0.828		
20.29		0.82794		
20.3		0.82788		
20.31		0.82783		
20.32		0.82777		
20.33		0.82771		
20.34		0.82766		
20.35		0.8276		
20.36		0.82755		
20.37		0.82749		
20.38		0.82744		
20.39		0.82738		
20.4		0.82733		
20.41		0.82727		
20.42		0.82722		
20.43		0.82716		
20.44		0.8271		
20.45		0.82705		
20.46		0.827		
20.47		0.82694		
20.48		0.82689		
20.49		0.82683		
20.5		0.82678		
20.51		0.82672		
20.52		0.82667		
20.53		0.82661		
20.54		0.82656		
20.55		0.8265		
20.56		0.82645		
20.57		0.8264		
20.58		0.82634		
20.59		0.82629		
20.6		0.82624		
20.61		0.82618		
20.62		0.82613		
20.63		0.82607		
20.64		0.82602		
20.65		0.82597		
20.66		0.82591		
20.67		0.82586		
20.68		0.82581		
20.69		0.82575		
20.7		0.8257		
20.71		0.82565		
20.72		0.8256		
20.73		0.82554		
20.74		0.82549		
20.75		0.82544		
20.76		0.82539		
20.77		0.82533		
20.78		0.82528		
20.79		0.82523		
20.8		0.82518		
20.81		0.82512		
20.82		0.82507		
20.83		0.82502		
20.84		0.82497		
20.85		0.82492		
20.86		0.82487		
20.87		0.82481		
20.88		0.82476		
20.89		0.82471		
20.9		0.82466		
20.91		0.82461		
20.92		0.82456		
20.93		0.82451		
20.94		0.82445		
20.95		0.8244		
20.96		0.82435		
20.97		0.8243		
20.98		0.82425		
20.99		0.8242		
21		0.82415		
21.01		0.8241		
21.02		0.82405		
21.03		0.824		
21.04		0.82395		
21.05		0.8239		
21.06		0.82385		
21.07		0.8238		
21.08		0.82375		
21.09		0.8237		
21.1		0.82365		
21.11		0.8236		
21.12		0.82355		
21.13		0.8235		
21.14		0.82345		
21.15		0.8234		
21.16		0.82335		
21.17		0.8233		
21.18		0.82325		
21.19		0.8232		
21.2		0.82315		
21.21		0.82311		
21.22		0.82306		
21.23		0.82301		
21.24		0.82296		
21.25		0.82291		
21.26		0.82286		
21.27		0.82281		
21.28		0.82277		
21.29		0.82272		
21.3		0.82267		
21.31		0.82262		
21.32		0.82257		
21.33		0.82252		
21.34		0.82248		
21.35		0.82243		
21.36		0.82238		
21.37		0.82233		
21.38		0.82229		
21.39		0.82224		
21.4		0.82219		
21.41		0.82214		
21.42		0.8221		
21.43		0.82205		
21.44		0.822		
21.45		0.82195		
21.46		0.82191		
21.47		0.82186		
21.48		0.82181		
21.49		0.82177		
21.5		0.82172		
21.51		0.82167		
21.52		0.82163		
21.53		0.82158		
21.54		0.82153		
21.55		0.82149		
21.56		0.82144		
21.57		0.8214		
21.58		0.82135		
21.59		0.8213		
21.6		0.82126		
21.61		0.82121		
21.62		0.82117		
21.63		0.82112		
21.64		0.82107		
21.65		0.82103		
21.66		0.82098		
21.67		0.82094		
21.68		0.82089		
21.69		0.82085		
21.7		0.8208		
21.71		0.82076		
21.72		0.82071		
21.73		0.82067		
21.74		0.82062		
21.75		0.82058		
21.76		0.82053		
21.77		0.82049		
21.78		0.82044		
21.79		0.8204		
21.8		0.82035		
21.81		0.82031		
21.82		0.82027		
21.83		0.82022		
21.84		0.82018		
21.85		0.82013		
21.86		0.82009		
21.87		0.82005		
21.88		0.82		
21.89		0.81996		
21.9		0.81991		
21.91		0.81987		
21.92		0.81983		
21.93		0.81978		
21.94		0.81974		
21.95		0.8197		
21.96		0.81965		
21.97		0.81961		
21.98		0.81957		
21.99		0.81952		
22		0.81948		
22.01		0.81944		
22.02		0.8194		
22.03		0.81935		
22.04		0.81931		
22.05		0.81927		
22.06		0.81923		
22.07		0.81918		
22.08		0.81914		
22.09		0.8191		
22.1		0.81906		
22.11		0.81901		
22.12		0.81897		
22.13		0.81893		
22.14		0.81889		
22.15		0.81885		
22.16		0.8188		
22.17		0.81876		
22.18		0.81872		
22.19		0.81868		
22.2		0.81864		
22.21		0.8186		
22.22		0.81856		
22.23		0.81851		
22.24		0.81847		
22.25		0.81843		
22.26		0.81839		
22.27		0.81835		
22.28		0.81831		
22.29		0.81827		
22.3		0.81823		
22.31		0.81819		
22.32		0.81815		
22.33		0.81811		
22.34		0.81807		
22.35		0.81803		
22.36		0.81798		
22.37		0.81794		
22.38		0.8179		
22.39		0.81786		
22.4		0.81782		
22.41		0.81778		
22.42		0.81774		
22.43		0.8177		
22.44		0.81767		
22.45		0.81763		
22.46		0.81759		
22.47		0.81755		
22.48		0.81751		
22.49		0.81747		
22.5		0.81743		
22.51		0.81739		
22.52		0.81735		
22.53		0.81731		
22.54		0.81727		
22.55		0.81723		
22.56		0.81719		
22.57		0.81716		
22.58		0.81712		
22.59		0.81708		
22.6		0.81704		
22.61		0.817		
22.62		0.81696		
22.63		0.81692		
22.64		0.81689		
22.65		0.81685		
22.66		0.81681		
22.67		0.81677		
22.68		0.81673		
22.69		0.8167		
22.7		0.81666		
22.71		0.81662		
22.72		0.81658		
22.73		0.81654		
22.74		0.81651		
22.75		0.81647		
22.76		0.81643		
22.77		0.81639		
22.78		0.81636		
22.79		0.81632		
22.8		0.81628		
22.81		0.81625		
22.82		0.81621		
22.83		0.81617		
22.84		0.81614		
22.85		0.8161		
22.86		0.81606		
22.87		0.81603		
22.88		0.81599		
22.89		0.81595		
22.9		0.81592		
22.91		0.81588		
22.92		0.81584		
22.93		0.81581		
22.94		0.81577		
22.95		0.81573		
22.96		0.8157		
22.97		0.81566		
22.98		0.81563		
22.99		0.81559		
23		0.81556		
23.01		0.81552		
23.02		0.81548		
23.03		0.81545		
23.04		0.81541		
23.05		0.81538		
23.06		0.81534		
23.07		0.81531		
23.08		0.81527		
23.09		0.81524		
23.1		0.8152		
23.11		0.81517		
23.12		0.81513		
23.13		0.8151		
23.14		0.81506		
23.15		0.81503		
23.16		0.81499		
23.17		0.81496		
23.18		0.81492		
23.19		0.81489		
23.2		0.81485		
23.21		0.81482		
23.22		0.81479		
23.23		0.81475		
23.24		0.81472		
23.25		0.81468		
23.26		0.81465		
23.27		0.81462		
23.28		0.81458		
23.29		0.81455		
23.3		0.81452		
23.31		0.81448		
23.32		0.81445		
23.33		0.81441		
23.34		0.81438		
23.35		0.81435		
23.36		0.81431		
23.37		0.81428		
23.38		0.81425		
23.39		0.81422		
23.4		0.81418		
23.41		0.81415		
23.42		0.81412		
23.43		0.81408		
23.44		0.81405		
23.45		0.81402		
23.46		0.81399		
23.47		0.81395		
23.48		0.81392		
23.49		0.81389		
23.5		0.81386		
23.51		0.81382		
23.52		0.81379		
23.53		0.81376		
23.54		0.81373		
23.55		0.8137		
23.56		0.81366		
23.57		0.81363		
23.58		0.8136		
23.59		0.81357		
23.6		0.81354		
23.61		0.8135		
23.62		0.81347		
23.63		0.81344		
23.64		0.81341		
23.65		0.81338		
23.66		0.81335		
23.67		0.81332		
23.68		0.81329		
23.69		0.81325		
23.7		0.81322		
23.71		0.81319		
23.72		0.81316		
23.73		0.81313		
23.74		0.8131		
23.75		0.81307		
23.76		0.81304		
23.77		0.81301		
23.78		0.81298		
23.79		0.81295		
23.8		0.81292		
23.81		0.81289		
23.82		0.81286		
23.83		0.81283		
23.84		0.8128		
23.85		0.81277		
23.86		0.81274		
23.87		0.81271		
23.88		0.81268		
23.89		0.81265		
23.9		0.81262		
23.91		0.81259		
23.92		0.81256		
23.93		0.81253		
23.94		0.8125		
23.95		0.81247		
23.96		0.81244		
23.97		0.81241		
23.98		0.81238		
23.99		0.81235		
24		0.81233		
24.01		0.8123		
24.02		0.81227		
24.03		0.81224		
24.04		0.81221		
24.05		0.81218		
24.06		0.81215		
24.07		0.81212		
24.08		0.8121		
24.09		0.81207		
24.1		0.81204		
24.11		0.81201		
24.12		0.81198		
24.13		0.81195		
24.14		0.81193		
24.15		0.8119		
24.16		0.81187		
24.17		0.81184		
24.18		0.81181		
24.19		0.81179		
24.2		0.81176		
24.21		0.81173		
24.22		0.8117		
24.23		0.81168		
24.24		0.81165		
24.25		0.81162		
24.26		0.81159		
24.27		0.81157		
24.28		0.81154		
24.29		0.81151		
24.3		0.81149		
24.31		0.81146		
24.32		0.81143		
24.33		0.8114		
24.34		0.81138		
24.35		0.81135		
24.36		0.81132		
24.37		0.8113		
24.38		0.81127		
24.39		0.81125		
24.4		0.81122		
24.41		0.8112		
24.42		0.81118		
24.43		0.81116		
24.44		0.81114		
24.45		0.81112		
24.46		0.8111		
24.47		0.81108		
24.48		0.81107		
24.49		0.81105		
24.5		0.81104		
24.51		0.81103		
24.52		0.81101		
24.53		0.811		
24.54		0.81099		
24.55		0.81098		
24.56		0.81097		
24.57		0.81097		
24.58		0.81096		
24.59		0.81095		
24.6		0.81095		
24.61		0.81094		
24.62		0.81094		
24.63		0.81094		
24.64		0.81094		
24.65		0.81094		
24.66		0.81094		
24.67		0.81094		
24.68		0.81094		
24.69		0.81094		
24.7		0.81095		
24.71		0.81095		
24.72		0.81096		
24.73		0.81096		
24.74		0.81097		
24.75		0.81098		
24.76		0.81099		
24.77		0.811		
24.78		0.81101		
24.79		0.81102		
24.8		0.81103		
24.81		0.81104		
24.82		0.81106		
24.83		0.81107		
24.84		0.81108		
24.85		0.8111		
24.86		0.81112		
24.87		0.81113		
24.88		0.81115		
24.89		0.81117		
24.9		0.81119		
24.91		0.81121		
24.92		0.81123		
24.93		0.81125		
24.94		0.81128		
24.95		0.8113		
24.96		0.81132		
24.97		0.81135		
24.98		0.81137		
24.99		0.8114		
25		0.81142		
25.01		0.81145		
25.02		0.81148		
25.03		0.81151		
25.04		0.81154		
25.05		0.81156		
25.06		0.8116		
25.07		0.81163		
25.08		0.81166		
25.09		0.81169		
25.1		0.81172		
25.11		0.81176		
25.12		0.81179		
25.13		0.81182		
25.14		0.81186		
25.15		0.8119		
25.16		0.81193		
25.17		0.81197		
25.18		0.81201		
25.19		0.81204		
25.2		0.81208		
25.21		0.81212		
25.22		0.81216		
25.23		0.8122		
25.24		0.81224		
25.25		0.81229		
25.26		0.81233		
25.27		0.81237		
25.28		0.81241		
25.29		0.81246		
25.3		0.8125		
25.31		0.81255		
25.32		0.81259		
25.33		0.81264		
25.34		0.81268		
25.35		0.81273		
25.36		0.81278		
25.37		0.81283		
25.38		0.81287		
25.39		0.81292		
25.4		0.81297		
25.41		0.81302		
25.42		0.81307		
25.43		0.81312		
25.44		0.81318		
25.45		0.81323		
25.46		0.81328		
25.47		0.81333		
25.48		0.81339		
25.49		0.81344		
25.5		0.81349		
25.51		0.81355		
25.52		0.8136		
25.53		0.81366		
25.54		0.81372		
25.55		0.81377		
25.56		0.81383		
25.57		0.81389		
25.58		0.81395		
25.59		0.81401		
25.6		0.81406		
25.61		0.81412		
25.62		0.81418		
25.63		0.81424		
25.64		0.81431		
25.65		0.81437		
25.66		0.81443		
25.67		0.81449		
25.68		0.81455		
25.69		0.81462		
25.7		0.81468		
25.71		0.81474		
25.72		0.81481		
25.73		0.81487		
25.74		0.81494		
25.75		0.815		
25.76		0.81507		
25.77		0.81514		
25.78		0.8152		
25.79		0.81527		
25.8		0.81534		
25.81		0.81541		
25.82		0.81548		
25.83		0.81555		
25.84		0.81561		
25.85		0.81568		
25.86		0.81576		
25.87		0.81583		
25.88		0.8159		
25.89		0.81597		
25.9		0.81604		
25.91		0.81611		
25.92		0.81619		
25.93		0.81626		
25.94		0.81633		
25.95		0.81641		
25.96		0.81648		
25.97		0.81656		
25.98		0.81663		
25.99		0.81671		
26		0.81678		
26.01		0.81686		
26.02		0.81694		
26.03		0.81701		
26.04		0.81709		
26.05		0.81717		
26.06		0.81725		
26.07		0.81733		
26.08		0.81741		
26.09		0.81749		
26.1		0.81757		
26.11		0.81765		
26.12		0.81773		
26.13		0.81781		
26.14		0.81789		
26.15		0.81797		
26.16		0.81806		
26.17		0.81814		
26.18		0.81822		
26.19		0.8183		
26.2		0.81839		
26.21		0.81847		
26.22		0.81856		
26.23		0.81864		
26.24		0.81873		
26.25		0.81881		
26.26		0.8189		
26.27		0.81899		
26.28		0.81907		
26.29		0.81916		
26.3		0.81925		
26.31		0.81934		
26.32		0.81942		
26.33		0.81951		
26.34		0.8196		
26.35		0.81969		
26.36		0.81978		
26.37		0.81987		
26.38		0.81996		
26.39		0.82005		
26.4		0.82015		
26.41		0.82024		
26.42		0.82033		
26.43		0.82042		
26.44		0.82051		
26.45		0.82061		
26.46		0.8207		
26.47		0.8208		
26.48		0.82089		
26.49		0.82098		
26.5		0.82108		
26.51		0.82117		
26.52		0.82127		
26.53		0.82137		
26.54		0.82146		
26.55		0.82156		
26.56		0.82166		
26.57		0.82175		
26.58		0.82185		
26.59		0.82195		
26.6		0.82205		
26.61		0.82215		
26.62		0.82225		
26.63		0.82235		
26.64		0.82245		
26.65		0.82255		
26.66		0.82265		
26.67		0.82275		
26.68		0.82285		
26.69		0.82295		
26.7		0.82305		
26.71		0.82316		
26.72		0.82326		
26.73		0.82336		
26.74		0.82346		
26.75		0.82357		
26.76		0.82367		
26.77		0.82378		
26.78		0.82388		
26.79		0.82399		
26.8		0.82409		
26.81		0.8242		
26.82		0.8243		
26.83		0.82441		
26.84		0.82452		
26.85		0.82462		
26.86		0.82473		
26.87		0.82484		
26.88		0.82495		
26.89		0.82506		
26.9		0.82516		
26.91		0.82527		
26.92		0.82538		
26.93		0.82549		
26.94		0.8256		
26.95		0.82571		
26.96		0.82582		
26.97		0.82593		
26.98		0.82605		
26.99		0.82616		
27		0.82627		
27.01		0.82638		
27.02		0.82649		
27.03		0.82661		
27.04		0.82672		
27.05		0.82683		
27.06		0.82695		
27.07		0.82706		
27.08		0.82718		
27.09		0.82729		
27.1		0.82741		
27.11		0.82752		
27.12		0.82764		
27.13		0.82775		
27.14		0.82787		
27.15		0.82799		
27.16		0.8281		
27.17		0.82822		
27.18		0.82834		
27.19		0.82846		
27.2		0.82857		
27.21		0.82869		
27.22		0.82881		
27.23		0.82893		
27.24		0.82905		
27.25		0.82917		
27.26		0.82929		
27.27		0.82941		
27.28		0.82953		
27.29		0.82965		
27.3		0.82977		
27.31		0.8299		
27.32		0.83002		
27.33		0.83014		
27.34		0.83026		
27.35		0.83038		
27.36		0.83051		
27.37		0.83063		
27.38		0.83075		
27.39		0.83088		
27.4		0.831		
27.41		0.83113		
27.42		0.83125		
27.43		0.83138		
27.44		0.8315		
27.45		0.83163		
27.46		0.83175		
27.47		0.83188		
27.48		0.83201		
27.49		0.83213		
27.5		0.83226		
27.51		0.83239		
27.52		0.83251		
27.53		0.83264		
27.54		0.83277		
27.55		0.8329		
27.56		0.83303		
27.57		0.83316		
27.58		0.83329		
27.59		0.83342		
27.6		0.83355		
27.61		0.83368		
27.62		0.83381		
27.63		0.83394		
27.64		0.83407		
27.65		0.8342		
27.66		0.83433		
27.67		0.83446		
27.68		0.83459		
27.69		0.83473		
27.7		0.83486		
27.71		0.83499		
27.72		0.83512		
27.73		0.83526		
27.74		0.83539		
27.75		0.83552		
27.76		0.83566		
27.77		0.83579		
27.78		0.83593		
27.79		0.83606		
27.8		0.8362		
27.81		0.83633		
27.82		0.83647		
27.83		0.8366		
27.84		0.83674		
27.85		0.83688		
27.86		0.83701		
27.87		0.83715		
27.88		0.83729		
27.89		0.83742		
27.9		0.83756		
27.91		0.8377		
27.92		0.83784		
27.93		0.83797		
27.94		0.83811		
27.95		0.83825		
27.96		0.83839		
27.97		0.83853		
27.98		0.83867		
27.99		0.83881		
28		0.83895		
28.01		0.83909		
28.02		0.83923		
28.03		0.83937		
28.04		0.83951		
28.05		0.83965		
28.06		0.83979		
28.07		0.83993		
28.08		0.84007		
28.09		0.84022		
28.1		0.84036		
28.11		0.8405		
28.12		0.84064		
28.13		0.84079		
28.14		0.84093		
28.15		0.84107		
28.16		0.84122		
28.17		0.84136		
28.18		0.8415		
28.19		0.84165		
28.2		0.84179		
28.21		0.84194		
28.22		0.84208		
28.23		0.84223		
28.24		0.84237		
28.25		0.84252		
28.26		0.84266		
28.27		0.84281		
28.28		0.84295		
28.29		0.8431		
28.3		0.84325		
28.31		0.84339		
28.32		0.84354		
28.33		0.84369		
28.34		0.84383		
28.35		0.84398		
28.36		0.84413		
28.37		0.84428		
28.38		0.84442		
28.39		0.84457		
28.4		0.84472		
28.41		0.84487		
28.42		0.84502		
28.43		0.84517		
28.44		0.84531		
28.45		0.84546		
28.46		0.84561		
28.47		0.84576		
28.48		0.84591		
28.49		0.84606		
28.5		0.84621		
28.51		0.84636		
28.52		0.84651		
28.53		0.84666		
28.54		0.84681		
28.55		0.84697		
28.56		0.84712		
28.57		0.84727		
28.58		0.84742		
28.59		0.84757		
28.6		0.84772		
28.61		0.84787		
28.62		0.84803		
28.63		0.84818		
28.64		0.84833		
28.65		0.84848		
28.66		0.84864		
28.67		0.84879		
28.68		0.84894		
28.69		0.8491		
28.7		0.84925		
28.71		0.8494		
28.72		0.84956		
28.73		0.84971		
28.74		0.84987		
28.75		0.85002		
28.76		0.85017		
28.77		0.85033		
28.78		0.85048		
28.79		0.85064		
28.8		0.85079		
28.81		0.85095		
28.82		0.8511		
28.83		0.85126		
28.84		0.85141		
28.85		0.85157		
28.86		0.85173		
28.87		0.85188		
28.88		0.85204		
28.89		0.85219		
28.9		0.85235		
28.91		0.85251		
28.92		0.85266		
28.93		0.85282		
28.94		0.85298		
28.95		0.85313		
28.96		0.85329		
28.97		0.85345		
28.98		0.85361		
28.99		0.85376		
29		0.85392		
29.01		0.85408		
29.02		0.85424		
29.03		0.85439		
29.04		0.85455		
29.05		0.85471		
29.06		0.85487		
29.07		0.85503		
29.08		0.85519		
29.09		0.85534		
29.1		0.8555		
29.11		0.85566		
29.12		0.85582		
29.13		0.85598		
29.14		0.85614		
29.15		0.8563		
29.16		0.85646		
29.17		0.85662		
29.18		0.85678		
29.19		0.85694		
29.2		0.8571		
29.21		0.85726		
29.22		0.85742		
29.23		0.85758		
29.24		0.85774		
29.25		0.8579		
29.26		0.85806		
29.27		0.85822		
29.28		0.85838		
29.29		0.85854		
29.3		0.8587		
29.31		0.85886		
29.32		0.85902		
29.33		0.85918		
29.34		0.85934		
29.35		0.8595		
29.36		0.85967		
29.37		0.85983		
29.38		0.85999		
29.39		0.86015		
29.4		0.86031		
29.41		0.86047		
29.42		0.86063		
29.43		0.8608		
29.44		0.86096		
29.45		0.86112		
29.46		0.86128		
29.47		0.86144		
29.48		0.86161		
29.49		0.86177		
29.5		0.86193		
29.51		0.86209		
29.52		0.86225		
29.53		0.86242		
29.54		0.86258		
29.55		0.86274		
29.56		0.8629		
29.57		0.86307		
29.58		0.86323		
29.59		0.86339		
29.6		0.86356		
29.61		0.86372		
29.62		0.86388		
29.63		0.86404		
29.64		0.86421		
29.65		0.86437		
29.66		0.86453		
29.67		0.8647		
29.68		0.86486		
29.69		0.86502		
29.7		0.86519		
29.71		0.86535		
29.72		0.86551		
29.73		0.86568		
29.74		0.86584		
29.75		0.866		
29.76		0.86617		
29.77		0.86633		
29.78		0.86649		
29.79		0.86666		
29.8		0.86682		
29.81		0.86698		
29.82		0.86715		
29.83		0.86731		
29.84		0.86748		
29.85		0.86764		
29.86		0.8678		
29.87		0.86797		
29.88		0.86813		
29.89		0.86829		
29.9		0.86846		
29.91		0.86862		
29.92		0.86879		
29.93		0.86895		
29.94		0.86911		
29.95		0.86928		
29.96		0.86944		
29.97		0.86961		
29.98		0.86977		
29.99		0.86993		
30		0.8701		
