t [fm]		Pi [fm^-4]
0.25		15.611
0.26		14.834		
0.27		14.105		
0.28		13.42		
0.29		12.774		
0.3		12.166		
0.31		11.59		
0.32		11.045		
0.33		10.529		
0.34		10.04		
0.35		9.5745		
0.36		9.1325		
0.37		8.712		
0.38		8.3119		
0.39		7.9307		
0.4		7.5676		
0.41		7.2214		
0.42		6.8913		
0.43		6.5765		
0.44		6.276		
0.45		5.9893		
0.46		5.7156		
0.47		5.4543		
0.48		5.2049		
0.49		4.9667		
0.5		4.7392		
0.51		4.5221		
0.52		4.3146		
0.53		4.1166		
0.54		3.9275		
0.55		3.7469		
0.56		3.5744		
0.57		3.4098		
0.58		3.2526		
0.59		3.1025		
0.6		2.9593		
0.61		2.8226		
0.62		2.6921		
0.63		2.5676		
0.64		2.4488		
0.65		2.3355		
0.66		2.2273		
0.67		2.1242		
0.68		2.0258		
0.69		1.932		
0.7		1.8426		
0.71		1.7573		
0.72		1.676		
0.73		1.5984		
0.74		1.5246		
0.75		1.4542		
0.76		1.3871		
0.77		1.3231		
0.78		1.2622		
0.79		1.2042		
0.8		1.1489		
0.81		1.0963		
0.82		1.0461		
0.83		0.99836		
0.84		0.95287		
0.85		0.90955		
0.86		0.8683		
0.87		0.82902		
0.88		0.79162		
0.89		0.75601		
0.9		0.7221		
0.91		0.68982		
0.92		0.65909		
0.93		0.62982		
0.94		0.60196		
0.95		0.57543		
0.96		0.55018		
0.97		0.52613		
0.98		0.50323		
0.99		0.48142		
1		0.46065		
1.01		0.44088		
1.02		0.42204		
1.03		0.4041		
1.04		0.38701		
1.05		0.37073		
1.06		0.35522		
1.07		0.34044		
1.08		0.32635		
1.09		0.31292		
1.1		0.30013		
1.11		0.28793		
1.12		0.27629		
1.13		0.2652		
1.14		0.25462		
1.15		0.24452		
1.16		0.23489		
1.17		0.2257		
1.18		0.21692		
1.19		0.20855		
1.2		0.20055		
1.21		0.19291		
1.22		0.18561		
1.23		0.17863		
1.24		0.17197		
1.25		0.16559		
1.26		0.1595		
1.27		0.15367		
1.28		0.14809		
1.29		0.14276		
1.3		0.13765		
1.31		0.13275		
1.32		0.12807		
1.33		0.12358		
1.34		0.11928		
1.35		0.11515		
1.36		0.1112		
1.37		0.10741		
1.38		0.10377		
1.39		0.10027		
1.4		0.096921		
1.41		0.093701		
1.42		0.090608		
1.43		0.087636		
1.44		0.084779		
1.45		0.082032		
1.46		0.07939		
1.47		0.076849		
1.48		0.074403		
1.49		0.072048		
1.5		0.069781		
1.51		0.067597		
1.52		0.065493		
1.53		0.063464		
1.54		0.061509		
1.55		0.059623		
1.56		0.057803		
1.57		0.056047		
1.58		0.054353		
1.59		0.052716		
1.6		0.051135		
1.61		0.049608		
1.62		0.048132		
1.63		0.046706		
1.64		0.045326		
1.65		0.043992		
1.66		0.042701		
1.67		0.041451		
1.68		0.040242		
1.69		0.03907		
1.7		0.037936		
1.71		0.036837		
1.72		0.035772		
1.73		0.03474		
1.74		0.033739		
1.75		0.032768		
1.76		0.031827		
1.77		0.030913		
1.78		0.030026		
1.79		0.029166		
1.8		0.02833		
1.81		0.027518		
1.82		0.026729		
1.83		0.025963		
1.84		0.025218		
1.85		0.024494		
1.86		0.02379		
1.87		0.023106		
1.88		0.02244		
1.89		0.021792		
1.9		0.021161		
1.91		0.020547		
1.92		0.01995		
1.93		0.019368		
1.94		0.018801		
1.95		0.018249		
1.96		0.017711		
1.97		0.017186		
1.98		0.016675		
1.99		0.016177		
2		0.015691		
2.01		0.015217		
2.02		0.014754		
2.03		0.014303		
2.04		0.013863		
2.05		0.013433		
2.06		0.013013		
2.07		0.012604		
2.08		0.012204		
2.09		0.011813		
2.1		0.011431		
2.11		0.011058		
2.12		0.010693		
2.13		0.010337		
2.14		0.0099882		
2.15		0.0096475		
2.16		0.0093142		
2.17		0.0089882		
2.18		0.0086693		
2.19		0.0083572		
2.2		0.0080518		
2.21		0.0077529		
2.22		0.0074602		
2.23		0.0071736		
2.24		0.006893		
2.25		0.0066181		
2.26		0.0063488		
2.27		0.006085		
2.28		0.0058264		
2.29		0.0055729		
2.3		0.0053245		
2.31		0.0050809		
2.32		0.0048421		
2.33		0.0046078		
2.34		0.004378		
2.35		0.0041526		
2.36		0.0039314		
2.37		0.0037143		
2.38		0.0035012		
2.39		0.003292		
2.4		0.0030866		
2.41		0.0028849		
2.42		0.0026868		
2.43		0.0024922		
2.44		0.0023011		
2.45		0.0021132		
2.46		0.0019286		
2.47		0.0017471		
2.48		0.0015687		
2.49		0.0013933		
2.5		0.0012209		
2.51		0.0010512		
2.52		0.00088439		
2.53		0.00072023		
2.54		0.00055871		
2.55		0.00039976		
2.56		0.00024331		
2.57		8.9305e-05		
2.58		-6.2318e-05		
2.59		-0.00021162		
2.6		-0.00035865		
2.61		-0.00050348		
2.62		-0.00064614		
2.63		-0.0007867		
2.64		-0.00092521		
2.65		-0.0010617		
2.66		-0.0011963		
2.67		-0.0013289		
2.68		-0.0014597		
2.69		-0.0015886		
2.7		-0.0017158		
2.71		-0.0018412		
2.72		-0.001965		
2.73		-0.0020871		
2.74		-0.0022076		
2.75		-0.0023265		
2.76		-0.0024438		
2.77		-0.0025597		
2.78		-0.0026741		
2.79		-0.002787		
2.8		-0.0028985		
2.81		-0.0030087		
2.82		-0.0031175		
2.83		-0.003225		
2.84		-0.0033312		
2.85		-0.0034362		
2.86		-0.0035399		
2.87		-0.0036425		
2.88		-0.0037438		
2.89		-0.003844		
2.9		-0.0039431		
2.91		-0.0040411		
2.92		-0.0041381		
2.93		-0.0042339		
2.94		-0.0043288		
2.95		-0.0044226		
2.96		-0.0045154		
2.97		-0.0046073		
2.98		-0.0046983		
2.99		-0.0047883		
3		-0.0048774		
3.01		-0.0049656		
3.02		-0.005053		
3.03		-0.0051395		
3.04		-0.0052252		
3.05		-0.00531		
3.06		-0.0053941		
3.07		-0.0054774		
3.08		-0.0055599		
3.09		-0.0056417		
3.1		-0.0057227		
3.11		-0.005803		
3.12		-0.0058826		
3.13		-0.0059615		
3.14		-0.0060397		
3.15		-0.0061173		
3.16		-0.0061942		
3.17		-0.0062705		
3.18		-0.0063461		
3.19		-0.0064211		
3.2		-0.0064955		
3.21		-0.0065694		
3.22		-0.0066426		
3.23		-0.0067153		
3.24		-0.0067874		
3.25		-0.0068589		
3.26		-0.00693		
3.27		-0.0070005		
3.28		-0.0070704		
3.29		-0.0071399		
3.3		-0.0072088		
3.31		-0.0072773		
3.32		-0.0073453		
3.33		-0.0074128		
3.34		-0.0074798		
3.35		-0.0075464		
3.36		-0.0076125		
3.37		-0.0076782		
3.38		-0.0077435		
3.39		-0.0078083		
3.4		-0.0078727		
3.41		-0.0079367		
3.42		-0.0080003		
3.43		-0.0080634		
3.44		-0.0081262		
3.45		-0.0081886		
3.46		-0.0082506		
3.47		-0.0083123		
3.48		-0.0083736		
3.49		-0.0084345		
3.5		-0.008495		
3.51		-0.0085552		
3.52		-0.0086151		
3.53		-0.0086746		
3.54		-0.0087338		
3.55		-0.0087927		
3.56		-0.0088512		
3.57		-0.0089094		
3.58		-0.0089673		
3.59		-0.0090249		
3.6		-0.0090822		
3.61		-0.0091392		
3.62		-0.0091958		
3.63		-0.0092522		
3.64		-0.0093083		
3.65		-0.0093641		
3.66		-0.0094197		
3.67		-0.0094749		
3.68		-0.0095299		
3.69		-0.0095846		
3.7		-0.0096391		
3.71		-0.0096933		
3.72		-0.0097472		
3.73		-0.0098009		
3.74		-0.0098543		
3.75		-0.0099075		
3.76		-0.0099604		
3.77		-0.010013		
3.78		-0.010066		
3.79		-0.010118		
3.8		-0.01017		
3.81		-0.010222		
3.82		-0.010273		
3.83		-0.010324		
3.84		-0.010375		
3.85		-0.010426		
3.86		-0.010477		
3.87		-0.010527		
3.88		-0.010578		
3.89		-0.010628		
3.9		-0.010677		
3.91		-0.010727		
3.92		-0.010776		
3.93		-0.010826		
3.94		-0.010875		
3.95		-0.010923		
3.96		-0.010972		
3.97		-0.01102		
3.98		-0.011069		
3.99		-0.011117		
4		-0.011165		
4.01		-0.011212		
4.02		-0.01126		
4.03		-0.011307		
4.04		-0.011354		
4.05		-0.011401		
4.06		-0.011448		
4.07		-0.011495		
4.08		-0.011541		
4.09		-0.011587		
4.1		-0.011633		
4.11		-0.011679		
4.12		-0.011725		
4.13		-0.011771		
4.14		-0.011816		
4.15		-0.011862		
4.16		-0.011907		
4.17		-0.011952		
4.18		-0.011996		
4.19		-0.012041		
4.2		-0.012086		
4.21		-0.01213		
4.22		-0.012174		
4.23		-0.012218		
4.24		-0.012262		
4.25		-0.012306		
4.26		-0.01235		
4.27		-0.012393		
4.28		-0.012436		
4.29		-0.01248		
4.3		-0.012523		
4.31		-0.012566		
4.32		-0.012608		
4.33		-0.012651		
4.34		-0.012694		
4.35		-0.012736		
4.36		-0.012778		
4.37		-0.01282		
4.38		-0.012862		
4.39		-0.012904		
4.4		-0.012946		
4.41		-0.012987		
4.42		-0.013029		
4.43		-0.01307		
4.44		-0.013111		
4.45		-0.013152		
4.46		-0.013193		
4.47		-0.013234		
4.48		-0.013275		
4.49		-0.013315		
4.5		-0.013356		
4.51		-0.013396		
4.52		-0.013437		
4.53		-0.013477		
4.54		-0.013517		
4.55		-0.013557		
4.56		-0.013596		
4.57		-0.013636		
4.58		-0.013676		
4.59		-0.013715		
4.6		-0.013754		
4.61		-0.013794		
4.62		-0.013833		
4.63		-0.013872		
4.64		-0.013911		
4.65		-0.01395		
4.66		-0.013988		
4.67		-0.014027		
4.68		-0.014065		
4.69		-0.014104		
4.7		-0.014142		
4.71		-0.014181		
4.72		-0.014219		
4.73		-0.014257		
4.74		-0.014295		
4.75		-0.014333		
4.76		-0.01437		
4.77		-0.014408		
4.78		-0.014446		
4.79		-0.014483		
4.8		-0.01452		
4.81		-0.014557		
4.82		-0.014594		
4.83		-0.014631		
4.84		-0.014667		
4.85		-0.014703		
4.86		-0.014738		
4.87		-0.014773		
4.88		-0.014808		
4.89		-0.014843		
4.9		-0.014878		
4.91		-0.014912		
4.92		-0.014947		
4.93		-0.014981		
4.94		-0.015015		
4.95		-0.015049		
4.96		-0.015084		
4.97		-0.015118		
4.98		-0.015152		
4.99		-0.015186		
5		-0.01522		
5.01		-0.015254		
5.02		-0.015287		
5.03		-0.015321		
5.04		-0.015355		
5.05		-0.015389		
5.06		-0.015422		
5.07		-0.015456		
5.08		-0.015489		
5.09		-0.015523		
5.1		-0.015556		
5.11		-0.015589		
5.12		-0.015622		
5.13		-0.015656		
5.14		-0.015689		
5.15		-0.015722		
5.16		-0.015754		
5.17		-0.015787		
5.18		-0.01582		
5.19		-0.015853		
5.2		-0.015885		
5.21		-0.015918		
5.22		-0.01595		
5.23		-0.015983		
5.24		-0.016015		
5.25		-0.016047		
5.26		-0.016079		
5.27		-0.016111		
5.28		-0.016143		
5.29		-0.016175		
5.3		-0.016207		
5.31		-0.016239		
5.32		-0.01627		
5.33		-0.016302		
5.34		-0.016333		
5.35		-0.016365		
5.36		-0.016396		
5.37		-0.016427		
5.38		-0.016458		
5.39		-0.016489		
5.4		-0.01652		
5.41		-0.016551		
5.42		-0.016582		
5.43		-0.016613		
5.44		-0.016643		
5.45		-0.016674		
5.46		-0.016704		
5.47		-0.016735		
5.48		-0.016765		
5.49		-0.016795		
5.5		-0.016825		
5.51		-0.016856		
5.52		-0.016885		
5.53		-0.016915		
5.54		-0.016945		
5.55		-0.016975		
5.56		-0.017005		
5.57		-0.017034		
5.58		-0.017064		
5.59		-0.017093		
5.6		-0.017122		
5.61		-0.017152		
5.62		-0.017181		
5.63		-0.01721		
5.64		-0.017239		
5.65		-0.017268		
5.66		-0.017297		
5.67		-0.017325		
5.68		-0.017354		
5.69		-0.017383		
5.7		-0.017411		
5.71		-0.01744		
5.72		-0.017468		
5.73		-0.017496		
5.74		-0.017524		
5.75		-0.017552		
5.76		-0.01758		
5.77		-0.017608		
5.78		-0.017636		
5.79		-0.017664		
5.8		-0.017692		
5.81		-0.017719		
5.82		-0.017747		
5.83		-0.017774		
5.84		-0.017802		
5.85		-0.017829		
5.86		-0.017856		
5.87		-0.017884		
5.88		-0.017911		
5.89		-0.017938		
5.9		-0.017965		
5.91		-0.017992		
5.92		-0.018018		
5.93		-0.018045		
5.94		-0.018072		
5.95		-0.018098		
5.96		-0.018125		
5.97		-0.018151		
5.98		-0.018177		
5.99		-0.018204		
6		-0.01823		
6.01		-0.018256		
6.02		-0.018282		
6.03		-0.018308		
6.04		-0.018334		
6.05		-0.01836		
6.06		-0.018385		
6.07		-0.018411		
6.08		-0.018436		
6.09		-0.018462		
6.1		-0.018487		
6.11		-0.018513		
6.12		-0.018538		
6.13		-0.018563		
6.14		-0.018588		
6.15		-0.018613		
6.16		-0.018638		
6.17		-0.018663		
6.18		-0.018688		
6.19		-0.018713		
6.2		-0.018738		
6.21		-0.018762		
6.22		-0.018787		
6.23		-0.018811		
6.24		-0.018836		
6.25		-0.01886		
6.26		-0.018884		
6.27		-0.018908		
6.28		-0.018933		
6.29		-0.018957		
6.3		-0.018981		
6.31		-0.019004		
6.32		-0.019028		
6.33		-0.019052		
6.34		-0.019076		
6.35		-0.019099		
6.36		-0.019123		
6.37		-0.019146		
6.38		-0.01917		
6.39		-0.019193		
6.4		-0.019216		
6.41		-0.01924		
6.42		-0.019263		
6.43		-0.019286		
6.44		-0.019309		
6.45		-0.019332		
6.46		-0.019355		
6.47		-0.019378		
6.48		-0.0194		
6.49		-0.019423		
6.5		-0.019445		
6.51		-0.019468		
6.52		-0.01949		
6.53		-0.019513		
6.54		-0.019535		
6.55		-0.019557		
6.56		-0.01958		
6.57		-0.019602		
6.58		-0.019624		
6.59		-0.019646		
6.6		-0.019668		
6.61		-0.01969		
6.62		-0.019711		
6.63		-0.019733		
6.64		-0.019755		
6.65		-0.019776		
6.66		-0.019798		
6.67		-0.019819		
6.68		-0.019841		
6.69		-0.019862		
6.7		-0.019883		
6.71		-0.019905		
6.72		-0.019926		
6.73		-0.019947		
6.74		-0.019968		
6.75		-0.019989		
6.76		-0.02001		
6.77		-0.020031		
6.78		-0.020051		
6.79		-0.020072		
6.8		-0.020093		
6.81		-0.020113		
6.82		-0.020134		
6.83		-0.020154		
6.84		-0.020175		
6.85		-0.020195		
6.86		-0.020215		
6.87		-0.020235		
6.88		-0.020256		
6.89		-0.020276		
6.9		-0.020296		
6.91		-0.020316		
6.92		-0.020335		
6.93		-0.020355		
6.94		-0.020375		
6.95		-0.020395		
6.96		-0.020414		
6.97		-0.020434		
6.98		-0.020453		
6.99		-0.020473		
7		-0.020492		
7.01		-0.020512		
7.02		-0.020531		
7.03		-0.02055		
7.04		-0.020569		
7.05		-0.020588		
7.06		-0.020608		
7.07		-0.020627		
7.08		-0.020645		
7.09		-0.020664		
7.1		-0.020683		
7.11		-0.020702		
7.12		-0.020721		
7.13		-0.020739		
7.14		-0.020758		
7.15		-0.020776		
7.16		-0.020795		
7.17		-0.020813		
7.18		-0.020831		
7.19		-0.02085		
7.2		-0.020868		
7.21		-0.020886		
7.22		-0.020904		
7.23		-0.020922		
7.24		-0.02094		
7.25		-0.020958		
7.26		-0.020976		
7.27		-0.020994		
7.28		-0.021012		
7.29		-0.021029		
7.3		-0.021047		
7.31		-0.021065		
7.32		-0.021082		
7.33		-0.0211		
7.34		-0.021117		
7.35		-0.021135		
7.36		-0.021152		
7.37		-0.021169		
7.38		-0.021186		
7.39		-0.021204		
7.4		-0.021221		
7.41		-0.021238		
7.42		-0.021255		
7.43		-0.021272		
7.44		-0.021289		
7.45		-0.021305		
7.46		-0.021322		
7.47		-0.021339		
7.48		-0.021356		
7.49		-0.021372		
7.5		-0.021389		
7.51		-0.021405		
7.52		-0.021422		
7.53		-0.021438		
7.54		-0.021454		
7.55		-0.021471		
7.56		-0.021487		
7.57		-0.021503		
7.58		-0.021519		
7.59		-0.021535		
7.6		-0.021551		
7.61		-0.021567		
7.62		-0.021583		
7.63		-0.021599		
7.64		-0.021615		
7.65		-0.021631		
7.66		-0.021647		
7.67		-0.021662		
7.68		-0.021678		
7.69		-0.021693		
7.7		-0.021709		
7.71		-0.021724		
7.72		-0.02174		
7.73		-0.021755		
7.74		-0.02177		
7.75		-0.021786		
7.76		-0.021801		
7.77		-0.021816		
7.78		-0.021831		
7.79		-0.021846		
7.8		-0.021861		
7.81		-0.021876		
7.82		-0.021891		
7.83		-0.021906		
7.84		-0.021921		
7.85		-0.021936		
7.86		-0.02195		
7.87		-0.021965		
7.88		-0.02198		
7.89		-0.021994		
7.9		-0.022009		
7.91		-0.022023		
7.92		-0.022038		
7.93		-0.022052		
7.94		-0.022066		
7.95		-0.02208		
7.96		-0.022095		
7.97		-0.022109		
7.98		-0.022123		
7.99		-0.022137		
8		-0.022151		
8.01		-0.022165		
8.02		-0.022179		
8.03		-0.022193		
8.04		-0.022207		
8.05		-0.022221		
8.06		-0.022234		
8.07		-0.022248		
8.08		-0.022262		
8.09		-0.022275		
8.1		-0.022289		
8.11		-0.022302		
8.12		-0.022316		
8.13		-0.022329		
8.14		-0.022343		
8.15		-0.022356		
8.16		-0.022369		
8.17		-0.022383		
8.18		-0.022396		
8.19		-0.022409		
8.2		-0.022422		
8.21		-0.022435		
8.22		-0.022448		
8.23		-0.022461		
8.24		-0.022474		
8.25		-0.022487		
8.26		-0.0225		
8.27		-0.022512		
8.28		-0.022525		
8.29		-0.022538		
8.3		-0.022551		
8.31		-0.022563		
8.32		-0.022576		
8.33		-0.022588		
8.34		-0.022601		
8.35		-0.022613		
8.36		-0.022626		
8.37		-0.022638		
8.38		-0.02265		
8.39		-0.022663		
8.4		-0.022675		
8.41		-0.022687		
8.42		-0.022699		
8.43		-0.022711		
8.44		-0.022723		
8.45		-0.022735		
8.46		-0.022747		
8.47		-0.022759		
8.48		-0.022771		
8.49		-0.022783		
8.5		-0.022795		
8.51		-0.022806		
8.52		-0.022818		
8.53		-0.02283		
8.54		-0.022841		
8.55		-0.022853		
8.56		-0.022864		
8.57		-0.022876		
8.58		-0.022887		
8.59		-0.022899		
8.6		-0.02291		
8.61		-0.022922		
8.62		-0.022933		
8.63		-0.022944		
8.64		-0.022955		
8.65		-0.022966		
8.66		-0.022978		
8.67		-0.022989		
8.68		-0.023		
8.69		-0.023011		
8.7		-0.023022		
8.71		-0.023033		
8.72		-0.023043		
8.73		-0.023054		
8.74		-0.023065		
8.75		-0.023076		
8.76		-0.023087		
8.77		-0.023097		
8.78		-0.023108		
8.79		-0.023119		
8.8		-0.023129		
8.81		-0.02314		
8.82		-0.02315		
8.83		-0.023161		
8.84		-0.023171		
8.85		-0.023181		
8.86		-0.023192		
8.87		-0.023202		
8.88		-0.023212		
8.89		-0.023223		
8.9		-0.023233		
8.91		-0.023243		
8.92		-0.023253		
8.93		-0.023263		
8.94		-0.023273		
8.95		-0.023283		
8.96		-0.023293		
8.97		-0.023303		
8.98		-0.023313		
8.99		-0.023323		
9		-0.023332		
9.01		-0.023342		
9.02		-0.023352		
9.03		-0.023362		
9.04		-0.023371		
9.05		-0.023381		
9.06		-0.02339		
9.07		-0.0234		
9.08		-0.023409		
9.09		-0.023419		
9.1		-0.023428		
9.11		-0.023438		
9.12		-0.023447		
9.13		-0.023456		
9.14		-0.023466		
9.15		-0.023475		
9.16		-0.023484		
9.17		-0.023493		
9.18		-0.023503		
9.19		-0.023512		
9.2		-0.023521		
9.21		-0.02353		
9.22		-0.023539		
9.23		-0.023548		
9.24		-0.023557		
9.25		-0.023566		
9.26		-0.023574		
9.27		-0.023583		
9.28		-0.023592		
9.29		-0.023601		
9.3		-0.023609		
9.31		-0.023618		
9.32		-0.023627		
9.33		-0.023635		
9.34		-0.023644		
9.35		-0.023653		
9.36		-0.023661		
9.37		-0.02367		
9.38		-0.023678		
9.39		-0.023686		
9.4		-0.023695		
9.41		-0.023703		
9.42		-0.023711		
9.43		-0.02372		
9.44		-0.023728		
9.45		-0.023736		
9.46		-0.023744		
9.47		-0.023752		
9.48		-0.023761		
9.49		-0.023769		
9.5		-0.023777		
9.51		-0.023785		
9.52		-0.023793		
9.53		-0.023801		
9.54		-0.023809		
9.55		-0.023816		
9.56		-0.023824		
9.57		-0.023832		
9.58		-0.02384		
9.59		-0.023848		
9.6		-0.023855		
9.61		-0.023863		
9.62		-0.023871		
9.63		-0.023878		
9.64		-0.023886		
9.65		-0.023893		
9.66		-0.023901		
9.67		-0.023908		
9.68		-0.023916		
9.69		-0.023923		
9.7		-0.023931		
9.71		-0.023938		
9.72		-0.023945		
9.73		-0.023953		
9.74		-0.02396		
9.75		-0.023967		
9.76		-0.023974		
9.77		-0.023982		
9.78		-0.023989		
9.79		-0.023996		
9.8		-0.024003		
9.81		-0.02401		
9.82		-0.024017		
9.83		-0.024024		
9.84		-0.024031		
9.85		-0.024038		
9.86		-0.024045		
9.87		-0.024052		
9.88		-0.024058		
9.89		-0.024065		
9.9		-0.024072		
9.91		-0.024079		
9.92		-0.024085		
9.93		-0.024092		
9.94		-0.024099		
9.95		-0.024105		
9.96		-0.024112		
9.97		-0.024119		
9.98		-0.024125		
9.99		-0.024132		
10		-0.024138		
10.01		-0.024145		
10.02		-0.024151		
10.03		-0.024157		
10.04		-0.024164		
10.05		-0.02417		
10.06		-0.024176		
10.07		-0.024183		
10.08		-0.024189		
10.09		-0.024195		
10.1		-0.024201		
10.11		-0.024207		
10.12		-0.024214		
10.13		-0.02422		
10.14		-0.024226		
10.15		-0.024232		
10.16		-0.024238		
10.17		-0.024244		
10.18		-0.02425		
10.19		-0.024256		
10.2		-0.024262		
10.21		-0.024268		
10.22		-0.024273		
10.23		-0.024279		
10.24		-0.024285		
10.25		-0.024291		
10.26		-0.024297		
10.27		-0.024302		
10.28		-0.024308		
10.29		-0.024314		
10.3		-0.024319		
10.31		-0.024325		
10.32		-0.02433		
10.33		-0.024336		
10.34		-0.024342		
10.35		-0.024347		
10.36		-0.024352		
10.37		-0.024358		
10.38		-0.024363		
10.39		-0.024369		
10.4		-0.024374		
10.41		-0.024379		
10.42		-0.024385		
10.43		-0.02439		
10.44		-0.024395		
10.45		-0.024401		
10.46		-0.024406		
10.47		-0.024411		
10.48		-0.024416		
10.49		-0.024421		
10.5		-0.024426		
10.51		-0.024431		
10.52		-0.024436		
10.53		-0.024441		
10.54		-0.024446		
10.55		-0.024451		
10.56		-0.024456		
10.57		-0.024461		
10.58		-0.024466		
10.59		-0.024471		
10.6		-0.024476		
10.61		-0.024481		
10.62		-0.024486		
10.63		-0.02449		
10.64		-0.024495		
10.65		-0.0245		
10.66		-0.024504		
10.67		-0.024509		
10.68		-0.024514		
10.69		-0.024518		
10.7		-0.024523		
10.71		-0.024528		
10.72		-0.024532		
10.73		-0.024537		
10.74		-0.024541		
10.75		-0.024546		
10.76		-0.02455		
10.77		-0.024555		
10.78		-0.024559		
10.79		-0.024563		
10.8		-0.024568		
10.81		-0.024572		
10.82		-0.024576		
10.83		-0.024581		
10.84		-0.024585		
10.85		-0.024589		
10.86		-0.024593		
10.87		-0.024597		
10.88		-0.024602		
10.89		-0.024606		
10.9		-0.02461		
10.91		-0.024614		
10.92		-0.024618		
10.93		-0.024622		
10.94		-0.024626		
10.95		-0.02463		
10.96		-0.024634		
10.97		-0.024638		
10.98		-0.024642		
10.99		-0.024646		
11		-0.02465		
11.01		-0.024654		
11.02		-0.024658		
11.03		-0.024661		
11.04		-0.024665		
11.05		-0.024669		
11.06		-0.024673		
11.07		-0.024676		
11.08		-0.02468		
11.09		-0.024684		
11.1		-0.024687		
11.11		-0.024691		
11.12		-0.024695		
11.13		-0.024698		
11.14		-0.024702		
11.15		-0.024705		
11.16		-0.024709		
11.17		-0.024712		
11.18		-0.024716		
11.19		-0.024719		
11.2		-0.024723		
11.21		-0.024726		
11.22		-0.02473		
11.23		-0.024733		
11.24		-0.024736		
11.25		-0.02474		
11.26		-0.024743		
11.27		-0.024746		
11.28		-0.02475		
11.29		-0.024753		
11.3		-0.024756		
11.31		-0.024759		
11.32		-0.024762		
11.33		-0.024766		
11.34		-0.024769		
11.35		-0.024772		
11.36		-0.024775		
11.37		-0.024778		
11.38		-0.024781		
11.39		-0.024784		
11.4		-0.024787		
11.41		-0.02479		
11.42		-0.024793		
11.43		-0.024796		
11.44		-0.024799		
11.45		-0.024802		
11.46		-0.024805		
11.47		-0.024808		
11.48		-0.024811		
11.49		-0.024813		
11.5		-0.024816		
11.51		-0.024819		
11.52		-0.024822		
11.53		-0.024825		
11.54		-0.024827		
11.55		-0.02483		
11.56		-0.024833		
11.57		-0.024835		
11.58		-0.024838		
11.59		-0.024841		
11.6		-0.024843		
11.61		-0.024846		
11.62		-0.024849		
11.63		-0.024851		
11.64		-0.024854		
11.65		-0.024856		
11.66		-0.024859		
11.67		-0.024861		
11.68		-0.024864		
11.69		-0.024866		
11.7		-0.024868		
11.71		-0.024871		
11.72		-0.024873		
11.73		-0.024876		
11.74		-0.024878		
11.75		-0.02488		
11.76		-0.024883		
11.77		-0.024885		
11.78		-0.024887		
11.79		-0.024889		
11.8		-0.024892		
11.81		-0.024894		
11.82		-0.024896		
11.83		-0.024898		
11.84		-0.024901		
11.85		-0.024903		
11.86		-0.024905		
11.87		-0.024907		
11.88		-0.024909		
11.89		-0.024911		
11.9		-0.024913		
11.91		-0.024915		
11.92		-0.024917		
11.93		-0.024919		
11.94		-0.024921		
11.95		-0.024923		
11.96		-0.024925		
11.97		-0.024927		
11.98		-0.024929		
11.99		-0.024931		
12		-0.024933		
12.01		-0.024935		
12.02		-0.024936		
12.03		-0.024938		
12.04		-0.02494		
12.05		-0.024942		
12.06		-0.024944		
12.07		-0.024945		
12.08		-0.024947		
12.09		-0.024949		
12.1		-0.024951		
12.11		-0.024952		
12.12		-0.024954		
12.13		-0.024956		
12.14		-0.024957		
12.15		-0.024959		
12.16		-0.02496		
12.17		-0.024962		
12.18		-0.024964		
12.19		-0.024965		
12.2		-0.024967		
12.21		-0.024968		
12.22		-0.02497		
12.23		-0.024971		
12.24		-0.024973		
12.25		-0.024974		
12.26		-0.024976		
12.27		-0.024977		
12.28		-0.024978		
12.29		-0.02498		
12.3		-0.024981		
12.31		-0.024982		
12.32		-0.024984		
12.33		-0.024985		
12.34		-0.024986		
12.35		-0.024988		
12.36		-0.024989		
12.37		-0.02499		
12.38		-0.024992		
12.39		-0.024993		
12.4		-0.024994		
12.41		-0.024995		
12.42		-0.024996		
12.43		-0.024998		
12.44		-0.024999		
12.45		-0.025		
12.46		-0.025001		
12.47		-0.025002		
12.48		-0.025003		
12.49		-0.025004		
12.5		-0.025005		
12.51		-0.025006		
12.52		-0.025007		
12.53		-0.025008		
12.54		-0.025009		
12.55		-0.02501		
12.56		-0.025011		
12.57		-0.025012		
12.58		-0.025013		
12.59		-0.025014		
12.6		-0.025015		
12.61		-0.025016		
12.62		-0.025017		
12.63		-0.025018		
12.64		-0.025019		
12.65		-0.025019		
12.66		-0.02502		
12.67		-0.025021		
12.68		-0.025022		
12.69		-0.025023		
12.7		-0.025023		
12.71		-0.025024		
12.72		-0.025025		
12.73		-0.025025		
12.74		-0.025026		
12.75		-0.025027		
12.76		-0.025028		
12.77		-0.025028		
12.78		-0.025029		
12.79		-0.02503		
12.8		-0.02503		
12.81		-0.025031		
12.82		-0.025031		
12.83		-0.025032		
12.84		-0.025032		
12.85		-0.025033		
12.86		-0.025034		
12.87		-0.025034		
12.88		-0.025035		
12.89		-0.025035		
12.9		-0.025036		
12.91		-0.025036		
12.92		-0.025037		
12.93		-0.025037		
12.94		-0.025037		
12.95		-0.025038		
12.96		-0.025038		
12.97		-0.025039		
12.98		-0.025039		
12.99		-0.025039		
13		-0.02504		
13.01		-0.02504		
13.02		-0.02504		
13.03		-0.025041		
13.04		-0.025041		
13.05		-0.025041		
13.06		-0.025042		
13.07		-0.025042		
13.08		-0.025042		
13.09		-0.025042		
13.1		-0.025042		
13.11		-0.025043		
13.12		-0.025043		
13.13		-0.025043		
13.14		-0.025043		
13.15		-0.025043		
13.16		-0.025043		
13.17		-0.025044		
13.18		-0.025044		
13.19		-0.025044		
13.2		-0.025044		
13.21		-0.025044		
13.22		-0.025044		
13.23		-0.025044		
13.24		-0.025044		
13.25		-0.025044		
13.26		-0.025044		
13.27		-0.025044		
13.28		-0.025044		
13.29		-0.025044		
13.3		-0.025044		
13.31		-0.025044		
13.32		-0.025044		
13.33		-0.025044		
13.34		-0.025044		
13.35		-0.025044		
13.36		-0.025044		
13.37		-0.025043		
13.38		-0.025043		
13.39		-0.025043		
13.4		-0.025043		
13.41		-0.025043		
13.42		-0.025043		
13.43		-0.025042		
13.44		-0.025042		
13.45		-0.025042		
13.46		-0.025042		
13.47		-0.025042		
13.48		-0.025041		
13.49		-0.025041		
13.5		-0.025041		
13.51		-0.02504		
13.52		-0.02504		
13.53		-0.02504		
13.54		-0.02504		
13.55		-0.025039		
13.56		-0.025039		
13.57		-0.025039		
13.58		-0.025038		
13.59		-0.025038		
13.6		-0.025037		
13.61		-0.025037		
13.62		-0.025037		
13.63		-0.025036		
13.64		-0.025036		
13.65		-0.025035		
13.66		-0.025035		
13.67		-0.025034		
13.68		-0.025034		
13.69		-0.025033		
13.7		-0.025033		
13.71		-0.025032		
13.72		-0.025032		
13.73		-0.025031		
13.74		-0.025031		
13.75		-0.02503		
13.76		-0.02503		
13.77		-0.025029		
13.78		-0.025029		
13.79		-0.025028		
13.8		-0.025027		
13.81		-0.025027		
13.82		-0.025026		
13.83		-0.025026		
13.84		-0.025025		
13.85		-0.025024		
13.86		-0.025024		
13.87		-0.025023		
13.88		-0.025022		
13.89		-0.025022		
13.9		-0.025021		
13.91		-0.02502		
13.92		-0.02502		
13.93		-0.025019		
13.94		-0.025018		
13.95		-0.025017		
13.96		-0.025017		
13.97		-0.025016		
13.98		-0.025015		
13.99		-0.025014		
14		-0.025013		
14.01		-0.025013		
14.02		-0.025012		
14.03		-0.025011		
14.04		-0.02501		
14.05		-0.025009		
14.06		-0.025008		
14.07		-0.025008		
14.08		-0.025007		
14.09		-0.025006		
14.1		-0.025005		
14.11		-0.025004		
14.12		-0.025003		
14.13		-0.025002		
14.14		-0.025001		
14.15		-0.025		
14.16		-0.024999		
14.17		-0.024998		
14.18		-0.024997		
14.19		-0.024996		
14.2		-0.024995		
14.21		-0.024994		
14.22		-0.024993		
14.23		-0.024992		
14.24		-0.024991		
14.25		-0.02499		
14.26		-0.024989		
14.27		-0.024988		
14.28		-0.024987		
14.29		-0.024986		
14.3		-0.024985		
14.31		-0.024984		
14.32		-0.024983		
14.33		-0.024982		
14.34		-0.024981		
14.35		-0.02498		
14.36		-0.024978		
14.37		-0.024977		
14.38		-0.024976		
14.39		-0.024975		
14.4		-0.024974		
14.41		-0.024973		
14.42		-0.024971		
14.43		-0.02497		
14.44		-0.024969		
14.45		-0.024968		
14.46		-0.024967		
14.47		-0.024965		
14.48		-0.024964		
14.49		-0.024963		
14.5		-0.024962		
14.51		-0.02496		
14.52		-0.024959		
14.53		-0.024958		
14.54		-0.024957		
14.55		-0.024955		
14.56		-0.024954		
14.57		-0.024953		
14.58		-0.024951		
14.59		-0.02495		
14.6		-0.024949		
14.61		-0.024947		
14.62		-0.024946		
14.63		-0.024945		
14.64		-0.024943		
14.65		-0.024942		
14.66		-0.024941		
14.67		-0.024939		
14.68		-0.024938		
14.69		-0.024937		
14.7		-0.024935		
14.71		-0.024934		
14.72		-0.024932		
14.73		-0.024931		
14.74		-0.024929		
14.75		-0.024928		
14.76		-0.024927		
14.77		-0.024925		
14.78		-0.024924		
14.79		-0.024922		
14.8		-0.024921		
14.81		-0.024919		
14.82		-0.024918		
14.83		-0.024916		
14.84		-0.024915		
14.85		-0.024913		
14.86		-0.024912		
14.87		-0.02491		
14.88		-0.024909		
14.89		-0.024907		
14.9		-0.024905		
14.91		-0.024904		
14.92		-0.024902		
14.93		-0.024901		
14.94		-0.024899		
14.95		-0.024898		
14.96		-0.024896		
14.97		-0.024894		
14.98		-0.024893		
14.99		-0.024891		
15		-0.02489		
15.01		-0.024888		
15.02		-0.024886		
15.03		-0.024885		
15.04		-0.024883		
15.05		-0.024881		
15.06		-0.02488		
15.07		-0.024878		
15.08		-0.024876		
15.09		-0.024875		
15.1		-0.024873		
15.11		-0.024871		
15.12		-0.02487		
15.13		-0.024868		
15.14		-0.024866		
15.15		-0.024864		
15.16		-0.024863		
15.17		-0.024861		
15.18		-0.024859		
15.19		-0.024857		
15.2		-0.024856		
15.21		-0.024854		
15.22		-0.024852		
15.23		-0.02485		
15.24		-0.024849		
15.25		-0.024847		
15.26		-0.024845		
15.27		-0.024843		
15.28		-0.024841		
15.29		-0.02484		
15.3		-0.024838		
15.31		-0.024836		
15.32		-0.024834		
15.33		-0.024832		
15.34		-0.024831		
15.35		-0.024829		
15.36		-0.024827		
15.37		-0.024825		
15.38		-0.024823		
15.39		-0.024821		
15.4		-0.024819		
15.41		-0.024817		
15.42		-0.024816		
15.43		-0.024814		
15.44		-0.024812		
15.45		-0.02481		
15.46		-0.024808		
15.47		-0.024806		
15.48		-0.024804		
15.49		-0.024802		
15.5		-0.0248		
15.51		-0.024798		
15.52		-0.024796		
15.53		-0.024794		
15.54		-0.024793		
15.55		-0.024791		
15.56		-0.024789		
15.57		-0.024787		
15.58		-0.024785		
15.59		-0.024783		
15.6		-0.024781		
15.61		-0.024779		
15.62		-0.024777		
15.63		-0.024775		
15.64		-0.024773		
15.65		-0.024771		
15.66		-0.024769		
15.67		-0.024767		
15.68		-0.024765		
15.69		-0.024763		
15.7		-0.024761		
15.71		-0.024759		
15.72		-0.024756		
15.73		-0.024754		
15.74		-0.024752		
15.75		-0.02475		
15.76		-0.024748		
15.77		-0.024746		
15.78		-0.024744		
15.79		-0.024742		
15.8		-0.02474		
15.81		-0.024738		
15.82		-0.024736		
15.83		-0.024734		
15.84		-0.024732		
15.85		-0.024729		
15.86		-0.024727		
15.87		-0.024725		
15.88		-0.024723		
15.89		-0.024721		
15.9		-0.024719		
15.91		-0.024717		
15.92		-0.024714		
15.93		-0.024712		
15.94		-0.02471		
15.95		-0.024708		
15.96		-0.024706		
15.97		-0.024704		
15.98		-0.024702		
15.99		-0.024699		
16		-0.024697		
16.01		-0.024695		
16.02		-0.024693		
16.03		-0.024691		
16.04		-0.024688		
16.05		-0.024686		
16.06		-0.024684		
16.07		-0.024682		
16.08		-0.02468		
16.09		-0.024677		
16.1		-0.024675		
16.11		-0.024673		
16.12		-0.024671		
16.13		-0.024668		
16.14		-0.024666		
16.15		-0.024664		
16.16		-0.024662		
16.17		-0.024659		
16.18		-0.024657		
16.19		-0.024655		
16.2		-0.024653		
16.21		-0.02465		
16.22		-0.024648		
16.23		-0.024646		
16.24		-0.024644		
16.25		-0.024641		
16.26		-0.024639		
16.27		-0.024637		
16.28		-0.024634		
16.29		-0.024632		
16.3		-0.02463		
16.31		-0.024627		
16.32		-0.024625		
16.33		-0.024623		
16.34		-0.02462		
16.35		-0.024618		
16.36		-0.024616		
16.37		-0.024614		
16.38		-0.024611		
16.39		-0.024609		
16.4		-0.024606		
16.41		-0.024604		
16.42		-0.024602		
16.43		-0.024599		
16.44		-0.024597		
16.45		-0.024595		
16.46		-0.024592		
16.47		-0.02459		
16.48		-0.024588		
16.49		-0.024585		
16.5		-0.024583		
16.51		-0.02458		
16.52		-0.024578		
16.53		-0.024576		
16.54		-0.024573		
16.55		-0.024571		
16.56		-0.024569		
16.57		-0.024566		
16.58		-0.024564		
16.59		-0.024561		
16.6		-0.024559		
16.61		-0.024556		
16.62		-0.024554		
16.63		-0.024552		
16.64		-0.024549		
16.65		-0.024547		
16.66		-0.024544		
16.67		-0.024542		
16.68		-0.02454		
16.69		-0.024537		
16.7		-0.024535		
16.71		-0.024532		
16.72		-0.02453		
16.73		-0.024527		
16.74		-0.024525		
16.75		-0.024522		
16.76		-0.02452		
16.77		-0.024517		
16.78		-0.024515		
16.79		-0.024513		
16.8		-0.02451		
16.81		-0.024508		
16.82		-0.024505		
16.83		-0.024503		
16.84		-0.0245		
16.85		-0.024498		
16.86		-0.024495		
16.87		-0.024493		
16.88		-0.02449		
16.89		-0.024488		
16.9		-0.024485		
16.91		-0.024483		
16.92		-0.02448		
16.93		-0.024478		
16.94		-0.024475		
16.95		-0.024473		
16.96		-0.02447		
16.97		-0.024468		
16.98		-0.024465		
16.99		-0.024463		
17		-0.02446		
17.01		-0.024457		
17.02		-0.024455		
17.03		-0.024452		
17.04		-0.02445		
17.05		-0.024447		
17.06		-0.024445		
17.07		-0.024442		
17.08		-0.02444		
17.09		-0.024437		
17.1		-0.024435		
17.11		-0.024432		
17.12		-0.02443		
17.13		-0.024427		
17.14		-0.024424		
17.15		-0.024422		
17.16		-0.024419		
17.17		-0.024417		
17.18		-0.024414		
17.19		-0.024412		
17.2		-0.024409		
17.21		-0.024406		
17.22		-0.024404		
17.23		-0.024401		
17.24		-0.024399		
17.25		-0.024396		
17.26		-0.024394		
17.27		-0.024391		
17.28		-0.024388		
17.29		-0.024386		
17.3		-0.024383		
17.31		-0.024381		
17.32		-0.024378		
17.33		-0.024375		
17.34		-0.024373		
17.35		-0.02437		
17.36		-0.024368		
17.37		-0.024365		
17.38		-0.024362		
17.39		-0.02436		
17.4		-0.024357		
17.41		-0.024355		
17.42		-0.024352		
17.43		-0.024349		
17.44		-0.024347		
17.45		-0.024344		
17.46		-0.024341		
17.47		-0.024339		
17.48		-0.024336		
17.49		-0.024334		
17.5		-0.024331		
17.51		-0.024328		
17.52		-0.024326		
17.53		-0.024323		
17.54		-0.02432		
17.55		-0.024318		
17.56		-0.024315		
17.57		-0.024312		
17.58		-0.02431		
17.59		-0.024307		
17.6		-0.024305		
17.61		-0.024302		
17.62		-0.024299		
17.63		-0.024297		
17.64		-0.024294		
17.65		-0.024291		
17.66		-0.024289		
17.67		-0.024286		
17.68		-0.024283		
17.69		-0.024281		
17.7		-0.024278		
17.71		-0.024275		
17.72		-0.024273		
17.73		-0.02427		
17.74		-0.024267		
17.75		-0.024265		
17.76		-0.024262		
17.77		-0.024259		
17.78		-0.024257		
17.79		-0.024254		
17.8		-0.024251		
17.81		-0.024249		
17.82		-0.024246		
17.83		-0.024243		
17.84		-0.024241		
17.85		-0.024238		
17.86		-0.024235		
17.87		-0.024233		
17.88		-0.02423		
17.89		-0.024227		
17.9		-0.024225		
17.91		-0.024222		
17.92		-0.024219		
17.93		-0.024216		
17.94		-0.024214		
17.95		-0.024211		
17.96		-0.024208		
17.97		-0.024206		
17.98		-0.024203		
17.99		-0.0242		
18		-0.024198		
18.01		-0.024195		
18.02		-0.024192		
18.03		-0.02419		
18.04		-0.024187		
18.05		-0.024184		
18.06		-0.024181		
18.07		-0.024179		
18.08		-0.024176		
18.09		-0.024173		
18.1		-0.024171		
18.11		-0.024168		
18.12		-0.024165		
18.13		-0.024163		
18.14		-0.02416		
18.15		-0.024157		
18.16		-0.024154		
18.17		-0.024152		
18.18		-0.024149		
18.19		-0.024146		
18.2		-0.024144		
18.21		-0.024141		
18.22		-0.024138		
18.23		-0.024135		
18.24		-0.024133		
18.25		-0.02413		
18.26		-0.024127		
18.27		-0.024125		
18.28		-0.024122		
18.29		-0.024119		
18.3		-0.024116		
18.31		-0.024114		
18.32		-0.024111		
18.33		-0.024108		
18.34		-0.024106		
18.35		-0.024103		
18.36		-0.0241		
18.37		-0.024097		
18.38		-0.024095		
18.39		-0.024092		
18.4		-0.024089		
18.41		-0.024087		
18.42		-0.024084		
18.43		-0.024081		
18.44		-0.024078		
18.45		-0.024076		
18.46		-0.024073		
18.47		-0.02407		
18.48		-0.024068		
18.49		-0.024065		
18.5		-0.024062		
18.51		-0.024059		
18.52		-0.024057		
18.53		-0.024054		
18.54		-0.024051		
18.55		-0.024048		
18.56		-0.024046		
18.57		-0.024043		
18.58		-0.02404		
18.59		-0.024038		
18.6		-0.024035		
18.61		-0.024032		
18.62		-0.024029		
18.63		-0.024027		
18.64		-0.024024		
18.65		-0.024021		
18.66		-0.024019		
18.67		-0.024016		
18.68		-0.024013		
18.69		-0.02401		
18.7		-0.024008		
18.71		-0.024005		
18.72		-0.024002		
18.73		-0.023999		
18.74		-0.023997		
18.75		-0.023994		
18.76		-0.023991		
18.77		-0.023989		
18.78		-0.023986		
18.79		-0.023983		
18.8		-0.02398		
18.81		-0.023978		
18.82		-0.023975		
18.83		-0.023972		
18.84		-0.023969		
18.85		-0.023967		
18.86		-0.023964		
18.87		-0.023961		
18.88		-0.023959		
18.89		-0.023956		
18.9		-0.023953		
18.91		-0.02395		
18.92		-0.023948		
18.93		-0.023945		
18.94		-0.023942		
18.95		-0.02394		
18.96		-0.023937		
18.97		-0.023934		
18.98		-0.023931		
18.99		-0.023929		
19		-0.023926		
19.01		-0.023923		
19.02		-0.023921		
19.03		-0.023918		
19.04		-0.023915		
19.05		-0.023912		
19.06		-0.02391		
19.07		-0.023907		
19.08		-0.023904		
19.09		-0.023902		
19.1		-0.023899		
19.11		-0.023896		
19.12		-0.023893		
19.13		-0.023891		
19.14		-0.023888		
19.15		-0.023885		
19.16		-0.023883		
19.17		-0.02388		
19.18		-0.023877		
19.19		-0.023874		
19.2		-0.023872		
19.21		-0.023869		
19.22		-0.023866		
19.23		-0.023864		
19.24		-0.023861		
19.25		-0.023858		
19.26		-0.023855		
19.27		-0.023853		
19.28		-0.02385		
19.29		-0.023847		
19.3		-0.023845		
19.31		-0.023842		
19.32		-0.023839		
19.33		-0.023837		
19.34		-0.023834		
19.35		-0.023831		
19.36		-0.023829		
19.37		-0.023826		
19.38		-0.023823		
19.39		-0.02382		
19.4		-0.023818		
19.41		-0.023815		
19.42		-0.023812		
19.43		-0.02381		
19.44		-0.023807		
19.45		-0.023804		
19.46		-0.023802		
19.47		-0.023799		
19.48		-0.023796		
19.49		-0.023794		
19.5		-0.023791		
19.51		-0.023788		
19.52		-0.023785		
19.53		-0.023783		
19.54		-0.02378		
19.55		-0.023777		
19.56		-0.023775		
19.57		-0.023772		
19.58		-0.023769		
19.59		-0.023767		
19.6		-0.023764		
19.61		-0.023761		
19.62		-0.023759		
19.63		-0.023756		
19.64		-0.023753		
19.65		-0.023751		
19.66		-0.023748		
19.67		-0.023745		
19.68		-0.023743		
19.69		-0.02374		
19.7		-0.023737		
19.71		-0.023735		
19.72		-0.023732		
19.73		-0.023729		
19.74		-0.023727		
19.75		-0.023724		
19.76		-0.023721		
19.77		-0.023719		
19.78		-0.023716		
19.79		-0.023714		
19.8		-0.023711		
19.81		-0.023708		
19.82		-0.023706		
19.83		-0.023703		
19.84		-0.0237		
19.85		-0.023698		
19.86		-0.023695		
19.87		-0.023692		
19.88		-0.02369		
19.89		-0.023687		
19.9		-0.023684		
19.91		-0.023682		
19.92		-0.023679		
19.93		-0.023677		
19.94		-0.023674		
19.95		-0.023671		
19.96		-0.023669		
19.97		-0.023666		
19.98		-0.023663		
19.99		-0.023661		
20		-0.023658		
