t [fm]		bulkNS
0.25		-2.3687
0.3		-1.699		
0.35		-1.2823		
0.4		-1.0046		
0.45		-0.80975		
0.5		-0.66759		
0.55		-0.56053		
0.6		-0.47782		
0.65		-0.41254		
0.7		-0.36008		
0.75		-0.31728		
0.8		-0.28189		
0.85		-0.2523		
0.9		-0.22731		
0.95		-0.20601		
1		-0.18772		
1.05		-0.1719		
1.1		-0.15814		
1.15		-0.1461		
1.2		-0.13552		
1.25		-0.12617		
1.3		-0.11789		
1.35		-0.11053		
1.4		-0.10396		
1.45		-0.098081		
1.5		-0.092812		
1.55		-0.088077		
1.6		-0.083815		
1.65		-0.079973		
1.7		-0.076504		
1.75		-0.07337		
1.8		-0.070535		
1.85		-0.06797		
1.9		-0.065648		
1.95		-0.063546		
2		-0.061644		
2.05		-0.059922		
2.1		-0.058366		
2.15		-0.05696		
2.2		-0.055691		
2.25		-0.054549		
2.3		-0.053522		
2.35		-0.052602		
2.4		-0.051779		
2.45		-0.051046		
2.5		-0.050396		
2.55		-0.049823		
2.6		-0.04932		
2.65		-0.048884		
2.7		-0.048508		
2.75		-0.048188		
2.8		-0.047921		
2.85		-0.047702		
2.9		-0.047528		
2.95		-0.047396		
3		-0.047304		
3.05		-0.047247		
3.1		-0.047224		
3.15		-0.047233		
3.2		-0.047271		
3.25		-0.047337		
3.3		-0.047428		
3.35		-0.047542		
3.4		-0.047679		
3.45		-0.047837		
3.5		-0.048013		
3.55		-0.048208		
3.6		-0.048419		
3.65		-0.048646		
3.7		-0.048888		
3.75		-0.049142		
3.8		-0.04941		
3.85		-0.049689		
3.9		-0.049979		
3.95		-0.050279		
4		-0.050588		
4.05		-0.050906		
4.1		-0.051232		
4.15		-0.051565		
4.2		-0.051905		
4.25		-0.052251		
4.3		-0.052603		
4.35		-0.05296		
4.4		-0.053322		
4.45		-0.053689		
4.5		-0.054059		
4.55		-0.054433		
4.6		-0.05481		
4.65		-0.055191		
4.7		-0.055573		
4.75		-0.055958		
4.8		-0.056345		
4.85		-0.056734		
4.9		-0.057124		
4.95		-0.057515		
5		-0.057907		
5.05		-0.0583		
5.1		-0.058694		
5.15		-0.059087		
5.2		-0.059481		
5.25		-0.059875		
5.3		-0.060269		
5.35		-0.060662		
5.4		-0.061055		
5.45		-0.061447		
5.5		-0.061838		
5.55		-0.062229		
5.6		-0.062618		
5.65		-0.063006		
5.7		-0.063393		
5.75		-0.063778		
5.8		-0.064163		
5.85		-0.064545		
5.9		-0.064926		
5.95		-0.065305		
6		-0.065682		
6.05		-0.066057		
6.1		-0.066431		
6.15		-0.066802		
6.2		-0.067172		
6.25		-0.067539		
6.3		-0.067904		
6.35		-0.068266		
6.4		-0.068627		
6.45		-0.068985		
6.5		-0.06934		
6.55		-0.069693		
6.6		-0.070044		
6.65		-0.070392		
6.7		-0.070738		
6.75		-0.071081		
6.8		-0.071421		
6.85		-0.071759		
6.9		-0.072094		
6.95		-0.072427		
7		-0.072756		
7.05		-0.073084		
7.1		-0.073408		
7.15		-0.073729		
7.2		-0.074048		
7.25		-0.074364		
7.3		-0.074677		
7.35		-0.074988		
7.4		-0.075295		
7.45		-0.0756		
7.5		-0.075902		
7.55		-0.076201		
7.6		-0.076498		
7.65		-0.076791		
7.7		-0.077082		
7.75		-0.077369		
7.8		-0.077654		
7.85		-0.077937		
7.9		-0.078216		
7.95		-0.078492		
8		-0.078766		
8.05		-0.079037		
8.1		-0.079305		
8.15		-0.07957		
8.2		-0.079832		
8.25		-0.080092		
8.3		-0.080348		
8.35		-0.080603		
8.4		-0.080854		
8.45		-0.081102		
8.5		-0.081348		
8.55		-0.081591		
8.6		-0.081831		
8.65		-0.082069		
8.7		-0.082304		
8.75		-0.082536		
8.8		-0.082766		
8.85		-0.082992		
8.9		-0.083217		
8.95		-0.083438		
9		-0.083657		
9.05		-0.083874		
9.1		-0.084088		
9.15		-0.084299		
9.2		-0.084508		
9.25		-0.084715		
9.3		-0.084918		
9.35		-0.08512		
9.4		-0.085319		
9.45		-0.085515		
9.5		-0.085709		
9.55		-0.085901		
9.6		-0.086091		
9.65		-0.086278		
9.7		-0.086463		
9.75		-0.086645		
9.8		-0.086825		
9.85		-0.087003		
9.9		-0.087179		
9.95		-0.087353		
10		-0.087524		
10.05		-0.087693		
10.1		-0.087861		
10.15		-0.088026		
10.2		-0.088189		
10.25		-0.08835		
10.3		-0.088509		
10.35		-0.088666		
10.4		-0.088821		
10.45		-0.088975		
10.5		-0.089126		
10.55		-0.089276		
10.6		-0.089423		
10.65		-0.089569		
10.7		-0.089714		
10.75		-0.089856		
10.8		-0.089997		
10.85		-0.090136		
10.9		-0.090274		
10.95		-0.090409		
11		-0.090544		
11.05		-0.090677		
11.1		-0.090808		
11.15		-0.090938		
11.2		-0.091067		
11.25		-0.091194		
11.3		-0.09132		
11.35		-0.091444		
11.4		-0.091567		
11.45		-0.091689		
11.5		-0.09181		
11.55		-0.09193		
11.6		-0.092048		
11.65		-0.092166		
11.7		-0.092282		
11.75		-0.092398		
11.8		-0.092512		
11.85		-0.092626		
11.9		-0.092739		
11.95		-0.092851		
12		-0.092962		
12.05		-0.093072		
12.1		-0.093182		
12.15		-0.093291		
12.2		-0.093399		
12.25		-0.093507		
12.3		-0.093614		
12.35		-0.093721		
12.4		-0.093828		
12.45		-0.093934		
12.5		-0.094039		
12.55		-0.094145		
12.6		-0.09425		
12.65		-0.094355		
12.7		-0.09446		
12.75		-0.094565		
12.8		-0.094669		
12.85		-0.094774		
12.9		-0.094879		
12.95		-0.094984		
13		-0.095089		
13.05		-0.095194		
13.1		-0.095299		
13.15		-0.095405		
13.2		-0.095511		
13.25		-0.095618		
13.3		-0.095725		
13.35		-0.095833		
13.4		-0.095941		
13.45		-0.09605		
13.5		-0.096159		
13.55		-0.096269		
13.6		-0.096381		
13.65		-0.096492		
13.7		-0.096605		
13.75		-0.096719		
13.8		-0.096834		
13.85		-0.09695		
13.9		-0.097067		
13.95		-0.097186		
14		-0.097306		
14.05		-0.097427		
14.1		-0.097549		
14.15		-0.097673		
14.2		-0.097798		
14.25		-0.097925		
14.3		-0.098054		
14.35		-0.098185		
14.4		-0.098317		
14.45		-0.098451		
14.5		-0.098587		
14.55		-0.098725		
14.6		-0.098865		
14.65		-0.099007		
14.7		-0.099151		
14.75		-0.099298		
14.8		-0.099447		
14.85		-0.099598		
14.9		-0.099752		
14.95		-0.099908		
15		-0.10007		
15.05		-0.10023		
15.1		-0.10039		
15.15		-0.10056		
15.2		-0.10073		
15.25		-0.1009		
15.3		-0.10108		
15.35		-0.10126		
15.4		-0.10144		
15.45		-0.10163		
15.5		-0.10181		
15.55		-0.10201		
15.6		-0.1022		
15.65		-0.1024		
15.7		-0.1026		
15.75		-0.10281		
15.8		-0.10302		
15.85		-0.10323		
15.9		-0.10345		
15.95		-0.10367		
16		-0.1039		
16.05		-0.10413		
16.1		-0.10437		
16.15		-0.1046		
16.2		-0.10485		
16.25		-0.10509		
16.3		-0.10535		
16.35		-0.1056		
16.4		-0.10587		
16.45		-0.10613		
16.5		-0.1064		
16.55		-0.10668		
16.6		-0.10696		
16.65		-0.10725		
16.7		-0.10754		
16.75		-0.10783		
16.8		-0.10814		
16.85		-0.10844		
16.9		-0.10876		
16.95		-0.10908		
17		-0.1094		
17.05		-0.10973		
17.1		-0.11007		
17.15		-0.11041		
17.2		-0.11076		
17.25		-0.11111		
17.3		-0.11147		
17.35		-0.11184		
17.4		-0.11221		
17.45		-0.11259		
17.5		-0.11298		
17.55		-0.11337		
17.6		-0.11377		
17.65		-0.11418		
17.7		-0.11459		
17.75		-0.11501		
17.8		-0.11544		
17.85		-0.11587		
17.9		-0.11632		
17.95		-0.11677		
18		-0.11722		
18.05		-0.11769		
18.1		-0.11816		
18.15		-0.11864		
18.2		-0.11913		
18.25		-0.11962		
18.3		-0.12012		
18.35		-0.12064		
18.4		-0.12115		
18.45		-0.12168		
18.5		-0.12222		
18.55		-0.12276		
18.6		-0.12332		
18.65		-0.12388		
18.7		-0.12445		
18.75		-0.12503		
18.8		-0.12562		
18.85		-0.12621		
18.9		-0.12682		
18.95		-0.12744		
19		-0.12806		
19.05		-0.12869		
19.1		-0.12934		
19.15		-0.12999		
19.2		-0.13065		
19.25		-0.13133		
19.3		-0.13201		
19.35		-0.1327		
19.4		-0.1334		
19.45		-0.13412		
19.5		-0.13484		
19.55		-0.13557		
19.6		-0.13631		
19.65		-0.13707		
19.7		-0.13783		
19.75		-0.13861		
19.8		-0.13939		
19.85		-0.14019		
19.9		-0.141		
19.95		-0.14181		
20		-0.14264		
20.05		-0.14349		
20.1		-0.14434		
20.15		-0.1452		
20.2		-0.14608		
20.25		-0.14696		
20.3		-0.14786		
20.35		-0.14877		
20.4		-0.14969		
20.45		-0.15063		
20.5		-0.15157		
20.55		-0.15253		
20.6		-0.15399		
20.65		-0.15362		
20.7		-0.15324		
20.75		-0.15286		
20.8		-0.15248		
20.85		-0.15209		
20.9		-0.1517		
20.95		-0.15131		
21		-0.15091		
21.05		-0.15051		
21.1		-0.15011		
21.15		-0.14971		
21.2		-0.14931		
21.25		-0.1489		
21.3		-0.14849		
21.35		-0.14807		
21.4		-0.14766		
21.45		-0.14724		
21.5		-0.14683		
21.55		-0.14641		
21.6		-0.14598		
21.65		-0.14556		
21.7		-0.14514		
21.75		-0.14471		
21.8		-0.14428		
21.85		-0.14385		
21.9		-0.14342		
21.95		-0.14299		
22		-0.14255		
22.05		-0.14212		
22.1		-0.14169		
22.15		-0.14125		
22.2		-0.14081		
22.25		-0.14037		
22.3		-0.13993		
22.35		-0.1395		
22.4		-0.13905		
22.45		-0.13861		
22.5		-0.13817		
22.55		-0.13773		
22.6		-0.13729		
22.65		-0.13684		
22.7		-0.1364		
22.75		-0.13596		
22.8		-0.13551		
22.85		-0.13507		
22.9		-0.13462		
22.95		-0.13418		
23		-0.13373		
23.05		-0.13329		
23.1		-0.13284		
23.15		-0.1324		
23.2		-0.13195		
23.25		-0.13151		
23.3		-0.13106		
23.35		-0.13062		
23.4		-0.13017		
23.45		-0.12973		
23.5		-0.12928		
23.55		-0.12884		
23.6		-0.1284		
23.65		-0.12795		
23.7		-0.12751		
23.75		-0.12707		
23.8		-0.12662		
23.85		-0.12618		
23.9		-0.12574		
23.95		-0.1253		
24		-0.12486		
24.05		-0.12442		
24.1		-0.12398		
24.15		-0.12354		
24.2		-0.1231		
24.25		-0.12266		
24.3		-0.12223		
24.35		-0.12179		
24.4		-0.12136		
24.45		-0.12092		
24.5		-0.12049		
24.55		-0.12005		
24.6		-0.11962		
24.65		-0.11919		
24.7		-0.11876		
24.75		-0.11833		
24.8		-0.1179		
24.85		-0.11747		
24.9		-0.11704		
24.95		-0.11661		
25		-0.11619		
25.05		-0.11576		
25.1		-0.11534		
25.15		-0.11491		
25.2		-0.11449		
25.25		-0.11407		
25.3		-0.11365		
25.35		-0.11323		
25.4		-0.11281		
25.45		-0.11239		
25.5		-0.11198		
25.55		-0.11156		
25.6		-0.11114		
25.65		-0.11073		
25.7		-0.11032		
25.75		-0.10991		
25.8		-0.1095		
25.85		-0.10909		
25.9		-0.10868		
25.95		-0.10827		
26		-0.10787		
26.05		-0.10746		
26.1		-0.10706		
26.15		-0.10665		
26.2		-0.10625		
26.25		-0.10585		
26.3		-0.10545		
26.35		-0.10505		
26.4		-0.10466		
26.45		-0.10426		
26.5		-0.10386		
26.55		-0.10347		
26.6		-0.10308		
26.65		-0.10269		
26.7		-0.1023		
26.75		-0.10191		
26.8		-0.10152		
26.85		-0.10113		
26.9		-0.10075		
26.95		-0.10036		
27		-0.099981		
27.05		-0.09587		
27.1		-0.090341		
27.15		-0.085434		
27.2		-0.081067		
27.25		-0.07717		
27.3		-0.07368		
27.35		-0.070546		
27.4		-0.067721		
27.45		-0.065167		
27.5		-0.06285		
27.55		-0.060739		
27.6		-0.05881		
27.65		-0.057039		
27.7		-0.055409		
27.75		-0.053902		
27.8		-0.052504		
27.85		-0.051203		
27.9		-0.049986		
27.95		-0.048846		
28		-0.047773		
28.05		-0.046761		
28.1		-0.045802		
28.15		-0.044893		
28.2		-0.044026		
28.25		-0.0432		
28.3		-0.042409		
28.35		-0.041651		
28.4		-0.040923		
28.45		-0.040221		
28.5		-0.039545		
28.55		-0.038892		
28.6		-0.03826		
28.65		-0.037648		
28.7		-0.037054		
28.75		-0.036477		
28.8		-0.035916		
28.85		-0.035371		
28.9		-0.03484		
28.95		-0.034322		
29		-0.033817		
29.05		-0.033324		
29.1		-0.032843		
29.15		-0.032373		
29.2		-0.031913		
29.25		-0.031463		
29.3		-0.031024		
29.35		-0.030593		
29.4		-0.030171		
29.45		-0.029759		
29.5		-0.029354		
29.55		-0.028958		
29.6		-0.028569		
29.65		-0.028188		
29.7		-0.027815		
29.75		-0.027448		
29.8		-0.027089		
29.85		-0.026737		
29.9		-0.026391		
29.95		-0.026051		
30		-0.025718		
30.05		-0.025391		
30.1		-0.02507		
30.15		-0.024754		
30.2		-0.024445		
30.25		-0.024141		
30.3		-0.023842		
30.35		-0.023549		
30.4		-0.02326		
30.45		-0.022977		
30.5		-0.022699		
30.55		-0.022426		
30.6		-0.022157		
30.65		-0.021893		
30.7		-0.021634		
30.75		-0.021379		
30.8		-0.021128		
30.85		-0.020882		
30.9		-0.02064		
30.95		-0.020402		
31		-0.020168		
31.05		-0.019938		
31.1		-0.019712		
31.15		-0.019489		
31.2		-0.01927		
31.25		-0.019055		
31.3		-0.018844		
31.35		-0.018635		
31.4		-0.018431		
31.45		-0.018229		
31.5		-0.018031		
31.55		-0.017836		
31.6		-0.017645		
31.65		-0.017456		
31.7		-0.01727		
31.75		-0.017088		
31.8		-0.016908		
31.85		-0.016731		
31.9		-0.016557		
31.95		-0.016385		
32		-0.016217		
32.05		-0.016051		
32.1		-0.015887		
32.15		-0.015726		
32.2		-0.015568		
32.25		-0.015412		
32.3		-0.015259		
32.35		-0.015108		
32.4		-0.014959		
32.45		-0.014812		
32.5		-0.014668		
32.55		-0.014526		
32.6		-0.014386		
32.65		-0.014248		
32.7		-0.014112		
32.75		-0.013978		
32.8		-0.013847		
32.85		-0.013717		
32.9		-0.013589		
32.95		-0.013463		
33		-0.013339		
33.05		-0.013217		
33.1		-0.013096		
33.15		-0.012978		
33.2		-0.012861		
33.25		-0.012745		
33.3		-0.012632		
33.35		-0.01252		
33.4		-0.012409		
33.45		-0.0123		
33.5		-0.012193		
33.55		-0.012087		
33.6		-0.011983		
33.65		-0.01188		
33.7		-0.011779		
33.75		-0.011679		
33.8		-0.011581		
33.85		-0.011484		
33.9		-0.011388		
33.95		-0.011293		
34		-0.0112		
34.05		-0.011108		
34.1		-0.011018		
34.15		-0.010928		
34.2		-0.01084		
34.25		-0.010753		
34.3		-0.010668		
34.35		-0.010583		
34.4		-0.010499		
34.45		-0.010417		
34.5		-0.010336		
34.55		-0.010256		
34.6		-0.010177		
34.65		-0.010098		
34.7		-0.010021		
34.75		-0.0099454		
34.8		-0.0098703		
34.85		-0.0097963		
34.9		-0.0097231		
34.95		-0.009651		
35		-0.0095797		
35.05		-0.0095094		
35.1		-0.00944		
35.15		-0.0093715		
35.2		-0.0093038		
35.25		-0.009237		
35.3		-0.009171		
35.35		-0.0091059		
35.4		-0.0090416		
35.45		-0.008978		
35.5		-0.0089153		
35.55		-0.0088534		
35.6		-0.0087922		
35.65		-0.0087317		
35.7		-0.008672		
35.75		-0.0086131		
35.8		-0.0085548		
35.85		-0.0084973		
35.9		-0.0084405		
35.95		-0.0083843		
36		-0.0083288		
36.05		-0.008274		
36.1		-0.0082198		
36.15		-0.0081663		
36.2		-0.0081134		
36.25		-0.0080611		
36.3		-0.0080095		
36.35		-0.0079584		
36.4		-0.007908		
36.45		-0.0078581		
36.5		-0.0078088		
36.55		-0.0077601		
36.6		-0.0077119		
36.65		-0.0076643		
36.7		-0.0076172		
36.75		-0.0075707		
36.8		-0.0075247		
36.85		-0.0074792		
36.9		-0.0074342		
36.95		-0.0073897		
37		-0.0073458		
37.05		-0.0073023		
37.1		-0.0072593		
37.15		-0.0072167		
37.2		-0.0071747		
37.25		-0.0071331		
37.3		-0.0070919		
37.35		-0.0070512		
37.4		-0.0070109		
37.45		-0.0069711		
37.5		-0.0069317		
37.55		-0.0068927		
37.6		-0.0068542		
37.65		-0.006816		
37.7		-0.0067783		
37.75		-0.0067409		
37.8		-0.0067039		
37.85		-0.0066674		
37.9		-0.0066312		
37.95		-0.0065954		
38		-0.0065599		
38.05		-0.0065248		
38.1		-0.0064901		
38.15		-0.0064558		
38.2		-0.0064217		
38.25		-0.0063881		
38.3		-0.0063547		
38.35		-0.0063218		
38.4		-0.0062891		
38.45		-0.0062568		
38.5		-0.0062247		
38.55		-0.0061931		
38.6		-0.0061617		
38.65		-0.0061306		
38.7		-0.0060998		
38.75		-0.0060694		
38.8		-0.0060392		
38.85		-0.0060093		
38.9		-0.0059797		
38.95		-0.0059504		
39		-0.0059214		
39.05		-0.0058927		
39.1		-0.0058642		
39.15		-0.005836		
39.2		-0.0058081		
39.25		-0.0057804		
39.3		-0.005753		
39.35		-0.0057258		
39.4		-0.0056989		
39.45		-0.0056723		
39.5		-0.0056459		
39.55		-0.0056197		
39.6		-0.0055938		
39.65		-0.0055681		
39.7		-0.0055426		
39.75		-0.0055174		
39.8		-0.0054924		
39.85		-0.0054676		
39.9		-0.0054431		
39.95		-0.0054187		
40		-0.0053946		
40.05		-0.0053707		
40.1		-0.005347		
40.15		-0.0053235		
40.2		-0.0053003		
40.25		-0.0052772		
40.3		-0.0052543		
40.35		-0.0052316		
40.4		-0.0052091		
40.45		-0.0051868		
40.5		-0.0051647		
40.55		-0.0051428		
40.6		-0.0051211		
40.65		-0.0050996		
40.7		-0.0050782		
40.75		-0.005057		
40.8		-0.005036		
40.85		-0.0050152		
40.9		-0.0049945		
40.95		-0.004974		
41		-0.0049537		
41.05		-0.0049335		
41.1		-0.0049136		
41.15		-0.0048937		
41.2		-0.0048741		
41.25		-0.0048546		
41.3		-0.0048352		
41.35		-0.004816		
41.4		-0.004797		
41.45		-0.0047781		
41.5		-0.0047593		
41.55		-0.0047407		
41.6		-0.0047223		
41.65		-0.004704		
41.7		-0.0046858		
41.75		-0.0046678		
41.8		-0.0046499		
41.85		-0.0046322		
41.9		-0.0046146		
41.95		-0.0045971		
42		-0.0045797		
42.05		-0.0045625		
42.1		-0.0045455		
42.15		-0.0045285		
42.2		-0.0045117		
42.25		-0.004495		
42.3		-0.0044784		
42.35		-0.004462		
42.4		-0.0044456		
42.45		-0.0044294		
42.5		-0.0044133		
42.55		-0.0043973		
42.6		-0.0043815		
42.65		-0.0043657		
42.7		-0.0043501		
42.75		-0.0043346		
42.8		-0.0043192		
42.85		-0.0043039		
42.9		-0.0042887		
42.95		-0.0042736		
43		-0.0042587		
43.05		-0.0042438		
43.1		-0.004229		
43.15		-0.0042144		
43.2		-0.0041998		
43.25		-0.0041854		
43.3		-0.004171		
43.35		-0.0041567		
43.4		-0.0041426		
43.45		-0.0041285		
43.5		-0.0041145		
43.55		-0.0041007		
43.6		-0.0040869		
43.65		-0.0040732		
43.7		-0.0040596		
43.75		-0.0040461		
43.8		-0.0040327		
43.85		-0.0040193		
43.9		-0.0040061		
43.95		-0.003993		
44		-0.0039799		
44.05		-0.0039669		
44.1		-0.003954		
44.15		-0.0039412		
44.2		-0.0039285		
44.25		-0.0039158		
44.3		-0.0039033		
44.35		-0.0038908		
44.4		-0.0038784		
44.45		-0.003866		
44.5		-0.0038538		
44.55		-0.0038416		
44.6		-0.0038295		
44.65		-0.0038175		
44.7		-0.0038055		
44.75		-0.0037937		
44.8		-0.0037819		
44.85		-0.0037701		
44.9		-0.0037585		
44.95		-0.0037469		
45		-0.0037354		
45.05		-0.0037239		
45.1		-0.0037126		
45.15		-0.0037013		
45.2		-0.00369		
45.25		-0.0036789		
45.3		-0.0036678		
45.35		-0.0036567		
45.4		-0.0036457		
45.45		-0.0036348		
45.5		-0.003624		
45.55		-0.0036132		
45.6		-0.0036025		
45.65		-0.0035918		
45.7		-0.0035813		
45.75		-0.0035707		
45.8		-0.0035603		
45.85		-0.0035498		
45.9		-0.0035395		
45.95		-0.0035292		
46		-0.003519		
46.05		-0.0035088		
46.1		-0.0034987		
46.15		-0.0034886		
46.2		-0.0034786		
46.25		-0.0034687		
46.3		-0.0034588		
46.35		-0.0034489		
46.4		-0.0034392		
46.45		-0.0034294		
46.5		-0.0034197		
46.55		-0.0034101		
46.6		-0.0034006		
46.65		-0.003391		
46.7		-0.0033816		
46.75		-0.0033722		
46.8		-0.0033628		
46.85		-0.0033535		
46.9		-0.0033442		
46.95		-0.003335		
47		-0.0033258		
47.05		-0.0033167		
47.1		-0.0033076		
47.15		-0.0032986		
47.2		-0.0032896		
47.25		-0.0032807		
47.3		-0.0032718		
47.35		-0.003263		
47.4		-0.0032542		
47.45		-0.0032455		
47.5		-0.0032368		
47.55		-0.0032281		
47.6		-0.0032195		
47.65		-0.0032109		
47.7		-0.0032024		
47.75		-0.0031939		
47.8		-0.0031855		
47.85		-0.0031771		
47.9		-0.0031688		
47.95		-0.0031605		
48		-0.0031522		
48.05		-0.003144		
48.1		-0.0031358		
48.15		-0.0031276		
48.2		-0.0031195		
48.25		-0.0031115		
48.3		-0.0031034		
48.35		-0.0030954		
48.4		-0.0030875		
48.45		-0.0030796		
48.5		-0.0030717		
48.55		-0.0030639		
48.6		-0.0030561		
48.65		-0.0030483		
48.7		-0.0030406		
48.75		-0.0030329		
48.8		-0.0030253		
48.85		-0.0030177		
48.9		-0.0030101		
48.95		-0.0030025		
49		-0.002995		
49.05		-0.0029876		
49.1		-0.0029801		
49.15		-0.0029727		
49.2		-0.0029654		
49.25		-0.002958		
49.3		-0.0029507		
49.35		-0.0029435		
49.4		-0.0029362		
49.45		-0.002929		
49.5		-0.0029219		
49.55		-0.0029148		
49.6		-0.0029077		
49.65		-0.0029006		
49.7		-0.0028935		
49.75		-0.0028865		
49.8		-0.0028796		
49.85		-0.0028726		
49.9		-0.0028657		
49.95		-0.0028588		
50		-0.002852		
