t [fm]		dB2nd
0.25		-7.2793
0.3		-10.247		
0.35		-6.6742		
0.4		-4.522		
0.45		-3.1521		
0.5		-2.2448		
0.55		-1.6258		
0.6		-1.1937		
0.65		-0.88675		
0.7		-0.66537		
0.75		-0.50376		
0.8		-0.38452		
0.85		-0.29573		
0.9		-0.22905		
0.95		-0.1786		
1		-0.14014		
1.05		-0.11063		
1.1		-0.087839		
1.15		-0.070119		
1.2		-0.056259		
1.25		-0.045354		
1.3		-0.036724		
1.35		-0.029855		
1.4		-0.024359		
1.45		-0.019938		
1.5		-0.016364		
1.55		-0.013462		
1.6		-0.011095		
1.65		-0.0091565		
1.7		-0.0075627		
1.75		-0.0062477		
1.8		-0.0051595		
1.85		-0.0042564		
1.9		-0.003505		
1.95		-0.0028785		
2		-0.0023551		
2.05		-0.0019172		
2.1		-0.0015504		
2.15		-0.001243		
2.2		-0.00098514		
2.25		-0.00076888		
2.3		-0.00058759		
2.35		-0.00043574		
2.4		-0.00030874		
2.45		-0.00020274		
2.5		-0.00011451		
2.55		-4.1349e-05		
2.6		1.9035e-05		
2.65		6.8571e-05		
2.7		0.0001089		
2.75		0.00014139		
2.8		0.00016725		
2.85		0.00018747		
2.9		0.00020292		
2.95		0.00021433		
3		0.00022234		
3.05		0.00022749		
3.1		0.00023025		
3.15		0.00023102		
3.2		0.00023016		
3.25		0.00022797		
3.3		0.00022471		
3.35		0.00022061		
3.4		0.00021587		
3.45		0.00021066		
3.5		0.00020514		
3.55		0.00019943		
3.6		0.00019366		
3.65		0.00018792		
3.7		0.0001823		
3.75		0.00017688		
3.8		0.00017172		
3.85		0.00016689		
3.9		0.00016242		
3.95		0.00015838		
4		0.00015478		
4.05		0.00015166		
4.1		0.00014906		
4.15		0.00014699		
4.2		0.00014546		
4.25		0.0001445		
4.3		0.00014412		
4.35		0.00014432		
4.4		0.0001451		
4.45		0.00014648		
4.5		0.00014845		
4.55		0.00015102		
4.6		0.00015417		
4.65		0.0001579		
4.7		0.00016221		
4.75		0.00016709		
4.8		0.00017253		
4.85		0.00017852		
4.9		0.00018505		
4.95		0.00019211		
5		0.00019968		
5.05		0.00020775		
5.1		0.00021631		
5.15		0.00022535		
5.2		0.00023483		
5.25		0.00024476		
5.3		0.00025512		
5.35		0.00026588		
5.4		0.00027703		
5.45		0.00028855		
5.5		0.00030043		
5.55		0.00031265		
5.6		0.00032519		
5.65		0.00033803		
5.7		0.00035115		
5.75		0.00036455		
5.8		0.00037819		
5.85		0.00039206		
5.9		0.00040614		
5.95		0.00042042		
6		0.00043487		
6.05		0.00044951		
6.1		0.00046426		
6.15		0.00047914		
6.2		0.00049413		
6.25		0.0005092		
6.3		0.00052435		
6.35		0.00053956		
6.4		0.00055481		
6.45		0.00057008		
6.5		0.00058536		
6.55		0.00060063		
6.6		0.00061588		
6.65		0.00063109		
6.7		0.00064624		
6.75		0.00066133		
6.8		0.00067634		
6.85		0.00069126		
6.9		0.00070606		
6.95		0.00072074		
7		0.00073528		
7.05		0.00074967		
7.1		0.0007639		
7.15		0.00077796		
7.2		0.00079183		
7.25		0.00080551		
7.3		0.00081897		
7.35		0.00083222		
7.4		0.00084523		
7.45		0.000858		
7.5		0.00087052		
7.55		0.00088278		
7.6		0.00089477		
7.65		0.00090648		
7.7		0.0009179		
7.75		0.00092902		
7.8		0.00093984		
7.85		0.00095034		
7.9		0.00096052		
7.95		0.00097037		
8		0.00097988		
8.05		0.00098905		
8.1		0.00099787		
8.15		0.0010063		
8.2		0.0010144		
8.25		0.0010222		
8.3		0.0010295		
8.35		0.0010365		
8.4		0.0010431		
8.45		0.0010493		
8.5		0.0010551		
8.55		0.0010605		
8.6		0.0010655		
8.65		0.0010701		
8.7		0.0010743		
8.75		0.001078		
8.8		0.0010814		
8.85		0.0010843		
8.9		0.0010868		
8.95		0.0010889		
9		0.0010906		
9.05		0.0010918		
9.1		0.0010926		
9.15		0.001093		
9.2		0.0010929		
9.25		0.0010924		
9.3		0.0010914		
9.35		0.0010901		
9.4		0.0010882		
9.45		0.001086		
9.5		0.0010833		
9.55		0.0010801		
9.6		0.0010766		
9.65		0.0010725		
9.7		0.0010681		
9.75		0.0010632		
9.8		0.0010578		
9.85		0.001052		
9.9		0.0010458		
9.95		0.0010391		
10		0.001032		
10.05		0.0010244		
10.1		0.0010165		
10.15		0.0010081		
10.2		0.00099925		
10.25		0.00098999		
10.3		0.00098031		
10.35		0.0009702		
10.4		0.00095967		
10.45		0.00094872		
10.5		0.00093735		
10.55		0.00092557		
10.6		0.00091337		
10.65		0.00090076		
10.7		0.00088774		
10.75		0.00087431		
10.8		0.00086048		
10.85		0.00084625		
10.9		0.00083162		
10.95		0.00081659		
11		0.00080117		
11.05		0.00078537		
11.1		0.00076917		
11.15		0.0007526		
11.2		0.00073564		
11.25		0.00071831		
11.3		0.0007006		
11.35		0.00068252		
11.4		0.00066408		
11.45		0.00064527		
11.5		0.00062611		
11.55		0.00060658		
11.6		0.00058671		
11.65		0.00056648		
11.7		0.00054591		
11.75		0.00052499		
11.8		0.00050374		
11.85		0.00048215		
11.9		0.00046023		
11.95		0.00043798		
12		0.0004154		
12.05		0.0003925		
12.1		0.00036928		
12.15		0.00034575		
12.2		0.00032191		
12.25		0.00029776		
12.3		0.00027331		
12.35		0.00024855		
12.4		0.0002235		
12.45		0.00019816		
12.5		0.00017252		
12.55		0.00014659		
12.6		0.00012039		
12.65		9.3897e-05		
12.7		6.7129e-05		
12.75		4.0088e-05		
12.8		1.2775e-05		
12.85		-1.4806e-05		
12.9		-4.2653e-05		
12.95		-7.0762e-05		
13		-9.913e-05		
13.05		-0.00012775		
13.1		-0.00015663		
13.15		-0.00018576		
13.2		-0.00021514		
13.25		-0.00024476		
13.3		-0.00027463		
13.35		-0.00030474		
13.4		-0.00033508		
13.45		-0.00036566		
13.5		-0.00039648		
13.55		-0.00042753		
13.6		-0.0004588		
13.65		-0.00049031		
13.7		-0.00052203		
13.75		-0.00055399		
13.8		-0.00058616		
13.85		-0.00061855		
13.9		-0.00065117		
13.95		-0.000684		
14		-0.00071704		
14.05		-0.0007503		
14.1		-0.00078378		
14.15		-0.00081746		
14.2		-0.00085136		
14.25		-0.00088546		
14.3		-0.00091978		
14.35		-0.0009543		
14.4		-0.00098904		
14.45		-0.001024		
14.5		-0.0010591		
14.55		-0.0010945		
14.6		-0.00113		
14.65		-0.0011658		
14.7		-0.0012018		
14.75		-0.001238		
14.8		-0.0012744		
14.85		-0.001311		
14.9		-0.0013478		
14.95		-0.0013848		
15		-0.001422		
15.05		-0.0014594		
15.1		-0.0014971		
15.15		-0.001535		
15.2		-0.001573		
15.25		-0.0016113		
15.3		-0.0016499		
15.35		-0.0016886		
15.4		-0.0017275		
15.45		-0.0017667		
15.5		-0.0018061		
15.55		-0.0018458		
15.6		-0.0018856		
15.65		-0.0019257		
15.7		-0.001966		
15.75		-0.0020066		
15.8		-0.0020474		
15.85		-0.0020885		
15.9		-0.0021298		
15.95		-0.0021713		
16		-0.0022131		
16.05		-0.0022552		
16.1		-0.0022975		
16.15		-0.0023401		
16.2		-0.002383		
16.25		-0.0024262		
16.3		-0.0024696		
16.35		-0.0025133		
16.4		-0.0025573		
16.45		-0.0026016		
16.5		-0.0026462		
16.55		-0.0026911		
16.6		-0.0027363		
16.65		-0.0027818		
16.7		-0.0028276		
16.75		-0.0028738		
16.8		-0.0029203		
16.85		-0.0029671		
16.9		-0.0030143		
16.95		-0.0030618		
17		-0.0031097		
17.05		-0.0031579		
17.1		-0.0032066		
17.15		-0.0032556		
17.2		-0.003305		
17.25		-0.0033547		
17.3		-0.0034049		
17.35		-0.0034555		
17.4		-0.0035065		
17.45		-0.0035579		
17.5		-0.0036098		
17.55		-0.0036621		
17.6		-0.0037149		
17.65		-0.0037681		
17.7		-0.0038218		
17.75		-0.0038759		
17.8		-0.0039306		
17.85		-0.0039857		
17.9		-0.0040413		
17.95		-0.0040975		
18		-0.0041542		
18.05		-0.0042114		
18.1		-0.0042691		
18.15		-0.0043274		
18.2		-0.0043863		
18.25		-0.0044457		
18.3		-0.0045058		
18.35		-0.0045664		
18.4		-0.0046276		
18.45		-0.0046895		
18.5		-0.004752		
18.55		-0.0048151		
18.6		-0.0048789		
18.65		-0.0049433		
18.7		-0.0050085		
18.75		-0.0050743		
18.8		-0.0051408		
18.85		-0.005208		
18.9		-0.005276		
18.95		-0.0053447		
19		-0.0054142		
19.05		-0.0054844		
19.1		-0.0055554		
19.15		-0.0056272		
19.2		-0.0056998		
19.25		-0.0057732		
19.3		-0.0058475		
19.35		-0.0059226		
19.4		-0.0059986		
19.45		-0.0060755		
19.5		-0.0061532		
19.55		-0.0062319		
19.6		-0.0063115		
19.65		-0.006392		
19.7		-0.0064735		
19.75		-0.006556		
19.8		-0.0066394		
19.85		-0.0067239		
19.9		-0.0068094		
19.95		-0.0068959		
20		-0.0069834		
20.05		-0.007072		
20.1		-0.0071617		
20.15		-0.0072525		
20.2		-0.0073445		
20.25		-0.0074375		
20.3		-0.0075317		
20.35		-0.0076271		
20.4		-0.0077237		
20.45		-0.0078215		
20.5		-0.0079205		
20.55		-0.0080207		
20.6		-0.0081222		
20.65		-0.008225		
20.7		-0.0083291		
20.75		-0.0084345		
20.8		-0.0085412		
20.85		-0.0086493		
20.9		-0.0087587		
20.95		-0.0088696		
21		-0.0089818		
21.05		-0.0090955		
21.1		-0.0092107		
21.15		-0.0093273		
21.2		-0.0094454		
21.25		-0.009565		
21.3		-0.0096861		
21.35		-0.0098088		
21.4		-0.0099331		
21.45		-0.010155		
21.5		-0.010198		
21.55		-0.01024		
21.6		-0.010282		
21.65		-0.010323		
21.7		-0.010363		
21.75		-0.010402		
21.8		-0.010441		
21.85		-0.010479		
21.9		-0.010516		
21.95		-0.010553		
22		-0.010589		
22.05		-0.010624		
22.1		-0.010659		
22.15		-0.010693		
22.2		-0.010726		
22.25		-0.010759		
22.3		-0.010791		
22.35		-0.010822		
22.4		-0.010853		
22.45		-0.010883		
22.5		-0.010912		
22.55		-0.010941		
22.6		-0.010969		
22.65		-0.010996		
22.7		-0.011023		
22.75		-0.011049		
22.8		-0.011075		
22.85		-0.0111		
22.9		-0.011124		
22.95		-0.011148		
23		-0.011171		
23.05		-0.011193		
23.1		-0.011215		
23.15		-0.011236		
23.2		-0.011257		
23.25		-0.011277		
23.3		-0.011296		
23.35		-0.011315		
23.4		-0.011333		
23.45		-0.011351		
23.5		-0.011368		
23.55		-0.011384		
23.6		-0.0114		
23.65		-0.011415		
23.7		-0.01143		
23.75		-0.011444		
23.8		-0.011458		
23.85		-0.011471		
23.9		-0.011483		
23.95		-0.011495		
24		-0.011507		
24.05		-0.011518		
24.1		-0.011528		
24.15		-0.011538		
24.2		-0.011547		
24.25		-0.011556		
24.3		-0.011564		
24.35		-0.011572		
24.4		-0.011579		
24.45		-0.011586		
24.5		-0.011592		
24.55		-0.011597		
24.6		-0.011603		
24.65		-0.011607		
24.7		-0.011612		
24.75		-0.011615		
24.8		-0.011618		
24.85		-0.011621		
24.9		-0.011624		
24.95		-0.011625		
25		-0.011627		
25.05		-0.011628		
25.1		-0.011628		
25.15		-0.011628		
25.2		-0.011628		
25.25		-0.011627		
25.3		-0.011626		
25.35		-0.011624		
25.4		-0.011622		
25.45		-0.011619		
25.5		-0.011616		
25.55		-0.011613		
25.6		-0.011609		
25.65		-0.011605		
25.7		-0.0116		
25.75		-0.011595		
25.8		-0.01159		
25.85		-0.011584		
25.9		-0.011578		
25.95		-0.011571		
26		-0.011564		
26.05		-0.011557		
26.1		-0.011549		
26.15		-0.011541		
26.2		-0.011533		
26.25		-0.011524		
26.3		-0.011515		
26.35		-0.011505		
26.4		-0.011495		
26.45		-0.011485		
26.5		-0.011475		
26.55		-0.011464		
26.6		-0.011453		
26.65		-0.011441		
26.7		-0.011429		
26.75		-0.011417		
26.8		-0.011405		
26.85		-0.011392		
26.9		-0.011379		
26.95		-0.011365		
27		-0.011352		
27.05		-0.011338		
27.1		-0.011323		
27.15		-0.011309		
27.2		-0.011294		
27.25		-0.011279		
27.3		-0.011263		
27.35		-0.011248		
27.4		-0.011232		
27.45		-0.011216		
27.5		-0.011199		
27.55		-0.011182		
27.6		-0.011165		
27.65		-0.011148		
27.7		-0.011131		
27.75		-0.011113		
27.8		-0.011095		
27.85		-0.011077		
27.9		-0.011058		
27.95		-0.01104		
28		-0.011021		
28.05		-0.011002		
28.1		-0.010982		
28.15		-0.010963		
28.2		-0.010681		
28.25		-0.010097		
28.3		-0.0095754		
28.35		-0.0091076		
28.4		-0.008687		
28.45		-0.008308		
28.5		-0.0079653		
28.55		-0.0076545		
28.6		-0.0073717		
28.65		-0.0071136		
28.7		-0.006877		
28.75		-0.0066596		
28.8		-0.006459		
28.85		-0.0062732		
28.9		-0.0061006		
28.95		-0.0059395		
29		-0.0057889		
29.05		-0.0056474		
29.1		-0.005514		
29.15		-0.005388		
29.2		-0.0052685		
29.25		-0.0051548		
29.3		-0.0050464		
29.35		-0.0049428		
29.4		-0.0048434		
29.45		-0.0047479		
29.5		-0.004656		
29.55		-0.0045673		
29.6		-0.0044815		
29.65		-0.0043985		
29.7		-0.0043179		
29.75		-0.0042397		
29.8		-0.0041637		
29.85		-0.0040896		
29.9		-0.0040174		
29.95		-0.0039469		
30		-0.0038782		
30.05		-0.0038109		
30.1		-0.0037452		
30.15		-0.0036808		
30.2		-0.0036178		
30.25		-0.003556		
30.3		-0.0034955		
30.35		-0.0034362		
30.4		-0.0033779		
30.45		-0.0033208		
30.5		-0.0032647		
30.55		-0.0032096		
30.6		-0.0031555		
30.65		-0.0031024		
30.7		-0.0030502		
30.75		-0.0029989		
30.8		-0.0029484		
30.85		-0.0028988		
30.9		-0.0028501		
30.95		-0.0028022		
31		-0.002755		
31.05		-0.0027087		
31.1		-0.0026631		
31.15		-0.0026183		
31.2		-0.0025742		
31.25		-0.0025309		
31.3		-0.0024882		
31.35		-0.0024462		
31.4		-0.002405		
31.45		-0.0023644		
31.5		-0.0023244		
31.55		-0.0022851		
31.6		-0.0022464		
31.65		-0.0022084		
31.7		-0.002171		
31.75		-0.0021342		
31.8		-0.002098		
31.85		-0.0020623		
31.9		-0.0020273		
31.95		-0.0019928		
32		-0.0019589		
32.05		-0.0019255		
32.1		-0.0018927		
32.15		-0.0018604		
32.2		-0.0018286		
32.25		-0.0017974		
32.3		-0.0017666		
32.35		-0.0017364		
32.4		-0.0017066		
32.45		-0.0016774		
32.5		-0.0016486		
32.55		-0.0016203		
32.6		-0.0015925		
32.65		-0.0015651		
32.7		-0.0015382		
32.75		-0.0015117		
32.8		-0.0014856		
32.85		-0.00146		
32.9		-0.0014348		
32.95		-0.00141		
33		-0.0013857		
33.05		-0.0013617		
33.1		-0.0013382		
33.15		-0.001315		
33.2		-0.0012922		
33.25		-0.0012698		
33.3		-0.0012478		
33.35		-0.0012262		
33.4		-0.0012049		
33.45		-0.001184		
33.5		-0.0011634		
33.55		-0.0011432		
33.6		-0.0011233		
33.65		-0.0011038		
33.7		-0.0010846		
33.75		-0.0010657		
33.8		-0.0010471		
33.85		-0.0010289		
33.9		-0.001011		
33.95		-0.00099336		
34		-0.00097605		
34.05		-0.00095903		
34.1		-0.00094231		
34.15		-0.00092589		
34.2		-0.00090974		
34.25		-0.00089388		
34.3		-0.00087829		
34.35		-0.00086298		
34.4		-0.00084793		
34.45		-0.00083315		
34.5		-0.00081863		
34.55		-0.00080436		
34.6		-0.00079034		
34.65		-0.00077657		
34.7		-0.00076305		
34.75		-0.00074976		
34.8		-0.00073671		
34.85		-0.00072389		
34.9		-0.0007113		
34.95		-0.00069893		
35		-0.00068679		
35.05		-0.00067486		
35.1		-0.00066315		
35.15		-0.00065164		
35.2		-0.00064035		
35.25		-0.00062926		
35.3		-0.00061836		
35.35		-0.00060767		
35.4		-0.00059717		
35.45		-0.00058685		
35.5		-0.00057673		
35.55		-0.00056679		
35.6		-0.00055703		
35.65		-0.00054745		
35.7		-0.00053805		
35.75		-0.00052882		
35.8		-0.00051975		
35.85		-0.00051086		
35.9		-0.00050212		
35.95		-0.00049355		
36		-0.00048514		
36.05		-0.00047688		
36.1		-0.00046877		
36.15		-0.00046082		
36.2		-0.00045301		
36.25		-0.00044535		
36.3		-0.00043783		
36.35		-0.00043045		
36.4		-0.00042321		
36.45		-0.0004161		
36.5		-0.00040912		
36.55		-0.00040228		
36.6		-0.00039557		
36.65		-0.00038898		
36.7		-0.00038251		
36.75		-0.00037617		
36.8		-0.00036994		
36.85		-0.00036383		
36.9		-0.00035784		
36.95		-0.00035196		
37		-0.0003462		
37.05		-0.00034054		
37.1		-0.00033498		
37.15		-0.00032954		
37.2		-0.00032419		
37.25		-0.00031895		
37.3		-0.00031381		
37.35		-0.00030876		
37.4		-0.00030382		
37.45		-0.00029896		
37.5		-0.0002942		
37.55		-0.00028953		
37.6		-0.00028494		
37.65		-0.00028045		
37.7		-0.00027604		
37.75		-0.00027171		
37.8		-0.00026747		
37.85		-0.00026331		
37.9		-0.00025922		
37.95		-0.00025522		
38		-0.00025129		
38.05		-0.00024744		
38.1		-0.00024366		
38.15		-0.00023995		
38.2		-0.00023631		
38.25		-0.00023275		
38.3		-0.00022925		
38.35		-0.00022582		
38.4		-0.00022245		
38.45		-0.00021915		
38.5		-0.00021591		
38.55		-0.00021273		
38.6		-0.00020961		
38.65		-0.00020656		
38.7		-0.00020356		
38.75		-0.00020061		
38.8		-0.00019773		
38.85		-0.0001949		
38.9		-0.00019212		
38.95		-0.0001894		
39		-0.00018672		
39.05		-0.0001841		
39.1		-0.00018153		
39.15		-0.00017901		
39.2		-0.00017653		
39.25		-0.0001741		
39.3		-0.00017172		
39.35		-0.00016938		
39.4		-0.00016709		
39.45		-0.00016484		
39.5		-0.00016263		
39.55		-0.00016046		
39.6		-0.00015834		
39.65		-0.00015625		
39.7		-0.00015421		
39.75		-0.0001522		
39.8		-0.00015023		
39.85		-0.00014829		
39.9		-0.00014639		
39.95		-0.00014453		
40		-0.0001427		
40.05		-0.00014091		
40.1		-0.00013915		
40.15		-0.00013742		
40.2		-0.00013572		
40.25		-0.00013406		
40.3		-0.00013242		
40.35		-0.00013082		
40.4		-0.00012924		
40.45		-0.00012769		
40.5		-0.00012617		
40.55		-0.00012468		
40.6		-0.00012322		
40.65		-0.00012178		
40.7		-0.00012037		
40.75		-0.00011898		
40.8		-0.00011762		
40.85		-0.00011628		
40.9		-0.00011497		
40.95		-0.00011368		
41		-0.00011241		
41.05		-0.00011117		
41.1		-0.00010995		
41.15		-0.00010875		
41.2		-0.00010757		
41.25		-0.00010641		
41.3		-0.00010527		
41.35		-0.00010415		
41.4		-0.00010305		
41.45		-0.00010197		
41.5		-0.00010091		
41.55		-9.9865e-05		
41.6		-9.884e-05		
41.65		-9.7831e-05		
41.7		-9.684e-05		
41.75		-9.5866e-05		
41.8		-9.4909e-05		
41.85		-9.3967e-05		
41.9		-9.3041e-05		
41.95		-9.2131e-05		
42		-9.1236e-05		
42.05		-9.0356e-05		
42.1		-8.949e-05		
42.15		-8.8639e-05		
42.2		-8.7802e-05		
42.25		-8.6978e-05		
42.3		-8.6168e-05		
42.35		-8.5371e-05		
42.4		-8.4587e-05		
42.45		-8.3815e-05		
42.5		-8.3056e-05		
42.55		-8.2309e-05		
42.6		-8.1574e-05		
42.65		-8.085e-05		
42.7		-8.0138e-05		
42.75		-7.9437e-05		
42.8		-7.8747e-05		
42.85		-7.8068e-05		
42.9		-7.7399e-05		
42.95		-7.674e-05		
43		-7.6092e-05		
43.05		-7.5454e-05		
43.1		-7.4825e-05		
43.15		-7.4206e-05		
43.2		-7.3596e-05		
43.25		-7.2995e-05		
43.3		-7.2403e-05		
43.35		-7.182e-05		
43.4		-7.1246e-05		
43.45		-7.068e-05		
43.5		-7.0122e-05		
43.55		-6.9573e-05		
43.6		-6.9031e-05		
43.65		-6.8497e-05		
43.7		-6.7971e-05		
43.75		-6.7453e-05		
43.8		-6.6942e-05		
43.85		-6.6438e-05		
43.9		-6.5941e-05		
43.95		-6.5451e-05		
44		-6.4967e-05		
44.05		-6.4491e-05		
44.1		-6.4021e-05		
44.15		-6.3558e-05		
44.2		-6.31e-05		
44.25		-6.2649e-05		
44.3		-6.2204e-05		
44.35		-6.1765e-05		
44.4		-6.1332e-05		
44.45		-6.0905e-05		
44.5		-6.0483e-05		
44.55		-6.0067e-05		
44.6		-5.9656e-05		
44.65		-5.9251e-05		
44.7		-5.885e-05		
44.75		-5.8455e-05		
44.8		-5.8065e-05		
44.85		-5.768e-05		
44.9		-5.73e-05		
44.95		-5.6924e-05		
45		-5.6553e-05		
45.05		-5.6187e-05		
45.1		-5.5825e-05		
45.15		-5.5468e-05		
45.2		-5.5115e-05		
45.25		-5.4766e-05		
45.3		-5.4422e-05		
45.35		-5.4082e-05		
45.4		-5.3745e-05		
45.45		-5.3413e-05		
45.5		-5.3084e-05		
45.55		-5.276e-05		
45.6		-5.2439e-05		
45.65		-5.2122e-05		
45.7		-5.1809e-05		
45.75		-5.1499e-05		
45.8		-5.1192e-05		
45.85		-5.0889e-05		
45.9		-5.059e-05		
45.95		-5.0294e-05		
46		-5.0001e-05		
46.05		-4.9711e-05		
46.1		-4.9425e-05		
46.15		-4.9141e-05		
46.2		-4.8861e-05		
46.25		-4.8584e-05		
46.3		-4.831e-05		
46.35		-4.8038e-05		
46.4		-4.777e-05		
46.45		-4.7504e-05		
46.5		-4.7241e-05		
46.55		-4.6981e-05		
46.6		-4.6724e-05		
46.65		-4.6469e-05		
46.7		-4.6217e-05		
46.75		-4.5967e-05		
46.8		-4.572e-05		
46.85		-4.5475e-05		
46.9		-4.5233e-05		
46.95		-4.4993e-05		
47		-4.4756e-05		
47.05		-4.4521e-05		
47.1		-4.4288e-05		
47.15		-4.4057e-05		
47.2		-4.3829e-05		
47.25		-4.3603e-05		
47.3		-4.3379e-05		
47.35		-4.3157e-05		
47.4		-4.2938e-05		
47.45		-4.272e-05		
47.5		-4.2504e-05		
47.55		-4.2291e-05		
47.6		-4.2079e-05		
47.65		-4.1869e-05		
47.7		-4.1661e-05		
47.75		-4.1456e-05		
47.8		-4.1251e-05		
47.85		-4.1049e-05		
47.9		-4.0849e-05		
47.95		-4.065e-05		
48		-4.0453e-05		
48.05		-4.0258e-05		
48.1		-4.0065e-05		
48.15		-3.9873e-05		
48.2		-3.9683e-05		
48.25		-3.9494e-05		
48.3		-3.9307e-05		
48.35		-3.9122e-05		
48.4		-3.8938e-05		
48.45		-3.8756e-05		
48.5		-3.8575e-05		
48.55		-3.8396e-05		
48.6		-3.8218e-05		
48.65		-3.8042e-05		
48.7		-3.7867e-05		
48.75		-3.7694e-05		
48.8		-3.7522e-05		
48.85		-3.7351e-05		
48.9		-3.7182e-05		
48.95		-3.7014e-05		
49		-3.6848e-05		
49.05		-3.6682e-05		
49.1		-3.6519e-05		
49.15		-3.6356e-05		
49.2		-3.6194e-05		
49.25		-3.6034e-05		
49.3		-3.5875e-05		
49.35		-3.5718e-05		
49.4		-3.5561e-05		
49.45		-3.5406e-05		
49.5		-3.5252e-05		
49.55		-3.5099e-05		
49.6		-3.4947e-05		
49.65		-3.4796e-05		
49.7		-3.4647e-05		
49.75		-3.4498e-05		
49.8		-3.4351e-05		
49.85		-3.4204e-05		
49.9		-3.4059e-05		
49.95		-3.3915e-05		
50		-3.3771e-05		
