t [fm]		dB2nd
0.25		-4.5335
0.26		-4.1571		
0.27		-3.8159		
0.28		-3.506		
0.29		-3.2241		
0.3		-2.9671		
0.31		-2.7326		
0.32		-2.5184		
0.33		-2.3223		
0.34		-2.1427		
0.35		-1.978		
0.36		-1.8269		
0.37		-1.688		
0.38		-1.5604		
0.39		-1.443		
0.4		-1.3349		
0.41		-1.2354		
0.42		-1.1436		
0.43		-1.059		
0.44		-0.981		
0.45		-0.90896		
0.46		-0.84245		
0.47		-0.781		
0.48		-0.72422		
0.49		-0.67173		
0.5		-0.62319		
0.51		-0.57829		
0.52		-0.53674		
0.53		-0.49829		
0.54		-0.46269		
0.55		-0.42972		
0.56		-0.39918		
0.57		-0.37089		
0.58		-0.34467		
0.59		-0.32036		
0.6		-0.29783		
0.61		-0.27694		
0.62		-0.25757		
0.63		-0.23959		
0.64		-0.22292		
0.65		-0.20744		
0.66		-0.19308		
0.67		-0.17975		
0.68		-0.16737		
0.69		-0.15588		
0.7		-0.14521		
0.71		-0.13529		
0.72		-0.12608		
0.73		-0.11753		
0.74		-0.10957		
0.75		-0.10218		
0.76		-0.095309		
0.77		-0.08892		
0.78		-0.082979		
0.79		-0.077453		
0.8		-0.072313		
0.81		-0.067531		
0.82		-0.063082		
0.83		-0.05894		
0.84		-0.055086		
0.85		-0.051497		
0.86		-0.048155		
0.87		-0.045043		
0.88		-0.042144		
0.89		-0.039442		
0.9		-0.036925		
0.91		-0.034579		
0.92		-0.032392		
0.93		-0.030353		
0.94		-0.028451		
0.95		-0.026676		
0.96		-0.025021		
0.97		-0.023476		
0.98		-0.022033		
0.99		-0.020686		
1		-0.019429		
1.01		-0.018254		
1.02		-0.017156		
1.03		-0.01613		
1.04		-0.01517		
1.05		-0.014273		
1.06		-0.013434		
1.07		-0.012649		
1.08		-0.011914		
1.09		-0.011226		
1.1		-0.010582		
1.11		-0.0099779		
1.12		-0.0094123		
1.13		-0.0088821		
1.14		-0.0083849		
1.15		-0.0079186		
1.16		-0.0074811		
1.17		-0.0070705		
1.18		-0.0066849		
1.19		-0.0063228		
1.2		-0.0059826		
1.21		-0.0056629		
1.22		-0.0053622		
1.23		-0.0050795		
1.24		-0.0048135		
1.25		-0.0045631		
1.26		-0.0043274		
1.27		-0.0041053		
1.28		-0.0038961		
1.29		-0.0036989		
1.3		-0.003513		
1.31		-0.0033376		
1.32		-0.0031721		
1.33		-0.0030159		
1.34		-0.0028683		
1.35		-0.002729		
1.36		-0.0025973		
1.37		-0.0024727		
1.38		-0.002355		
1.39		-0.0022435		
1.4		-0.0021381		
1.41		-0.0020382		
1.42		-0.0019436		
1.43		-0.001854		
1.44		-0.0017691		
1.45		-0.0016885		
1.46		-0.0016121		
1.47		-0.0015396		
1.48		-0.0014708		
1.49		-0.0014054		
1.5		-0.0013433		
1.51		-0.0012843		
1.52		-0.0012282		
1.53		-0.0011749		
1.54		-0.0011241		
1.55		-0.0010758		
1.56		-0.0010299		
1.57		-0.00098608		
1.58		-0.00094437		
1.59		-0.00090462		
1.6		-0.00086674		
1.61		-0.00083061		
1.62		-0.00079614		
1.63		-0.00076326		
1.64		-0.00073187		
1.65		-0.0007019		
1.66		-0.00067328		
1.67		-0.00064593		
1.68		-0.0006198		
1.69		-0.00059482		
1.7		-0.00057093		
1.71		-0.00054808		
1.72		-0.00052622		
1.73		-0.00050529		
1.74		-0.00048526		
1.75		-0.00046608		
1.76		-0.0004477		
1.77		-0.0004301		
1.78		-0.00041323		
1.79		-0.00039706		
1.8		-0.00038155		
1.81		-0.00036667		
1.82		-0.0003524		
1.83		-0.00033871		
1.84		-0.00032557		
1.85		-0.00031295		
1.86		-0.00030083		
1.87		-0.00028919		
1.88		-0.00027801		
1.89		-0.00026726		
1.9		-0.00025693		
1.91		-0.000247		
1.92		-0.00023745		
1.93		-0.00022826		
1.94		-0.00021942		
1.95		-0.00021092		
1.96		-0.00020273		
1.97		-0.00019485		
1.98		-0.00018727		
1.99		-0.00017996		
2		-0.00017292		
2.01		-0.00016614		
2.02		-0.0001596		
2.03		-0.0001533		
2.04		-0.00014723		
2.05		-0.00014138		
2.06		-0.00013573		
2.07		-0.00013028		
2.08		-0.00012503		
2.09		-0.00011996		
2.1		-0.00011506		
2.11		-0.00011034		
2.12		-0.00010578		
2.13		-0.00010138		
2.14		-9.7122e-05		
2.15		-9.3014e-05		
2.16		-8.9044e-05		
2.17		-8.5209e-05		
2.18		-8.1502e-05		
2.19		-7.7919e-05		
2.2		-7.4455e-05		
2.21		-7.1106e-05		
2.22		-6.7867e-05		
2.23		-6.4734e-05		
2.24		-6.1703e-05		
2.25		-5.8771e-05		
2.26		-5.5934e-05		
2.27		-5.3188e-05		
2.28		-5.0529e-05		
2.29		-4.7956e-05		
2.3		-4.5464e-05		
2.31		-4.3051e-05		
2.32		-4.0714e-05		
2.33		-3.8451e-05		
2.34		-3.6257e-05		
2.35		-3.4132e-05		
2.36		-3.2073e-05		
2.37		-3.0077e-05		
2.38		-2.8143e-05		
2.39		-2.6267e-05		
2.4		-2.4449e-05		
2.41		-2.2685e-05		
2.42		-2.0975e-05		
2.43		-1.9317e-05		
2.44		-1.7707e-05		
2.45		-1.6146e-05		
2.46		-1.4632e-05		
2.47		-1.3162e-05		
2.48		-1.1735e-05		
2.49		-1.0351e-05		
2.5		-9.0068e-06		
2.51		-7.702e-06		
2.52		-6.4351e-06		
2.53		-5.2049e-06		
2.54		-4.0102e-06		
2.55		-2.8499e-06		
2.56		-1.7229e-06		
2.57		-6.2815e-07		
2.58		4.3541e-07		
2.59		1.4688e-06		
2.6		2.4728e-06		
2.61		3.4485e-06		
2.62		4.3967e-06		
2.63		5.3182e-06		
2.64		6.2139e-06		
2.65		7.0845e-06		
2.66		7.9309e-06		
2.67		8.7536e-06		
2.68		9.5536e-06		
2.69		1.0331e-05		
2.7		1.1088e-05		
2.71		1.1823e-05		
2.72		1.2538e-05		
2.73		1.3233e-05		
2.74		1.3909e-05		
2.75		1.4567e-05		
2.76		1.5207e-05		
2.77		1.5829e-05		
2.78		1.6434e-05		
2.79		1.7022e-05		
2.8		1.7594e-05		
2.81		1.8151e-05		
2.82		1.8692e-05		
2.83		1.9219e-05		
2.84		1.9731e-05		
2.85		2.0229e-05		
2.86		2.0713e-05		
2.87		2.1184e-05		
2.88		2.1642e-05		
2.89		2.2088e-05		
2.9		2.2521e-05		
2.91		2.2942e-05		
2.92		2.3352e-05		
2.93		2.375e-05		
2.94		2.4137e-05		
2.95		2.4513e-05		
2.96		2.4879e-05		
2.97		2.5234e-05		
2.98		2.5579e-05		
2.99		2.5914e-05		
3		2.624e-05		
3.01		2.6556e-05		
3.02		2.6864e-05		
3.03		2.7162e-05		
3.04		2.7451e-05		
3.05		2.7732e-05		
3.06		2.8005e-05		
3.07		2.8269e-05		
3.08		2.8526e-05		
3.09		2.8774e-05		
3.1		2.9015e-05		
3.11		2.9248e-05		
3.12		2.9474e-05		
3.13		2.9693e-05		
3.14		2.9905e-05		
3.15		3.011e-05		
3.16		3.0308e-05		
3.17		3.0499e-05		
3.18		3.0684e-05		
3.19		3.0863e-05		
3.2		3.1035e-05		
3.21		3.1201e-05		
3.22		3.1361e-05		
3.23		3.1515e-05		
3.24		3.1663e-05		
3.25		3.1805e-05		
3.26		3.1942e-05		
3.27		3.2073e-05		
3.28		3.2199e-05		
3.29		3.2319e-05		
3.3		3.2434e-05		
3.31		3.2544e-05		
3.32		3.2649e-05		
3.33		3.2748e-05		
3.34		3.2843e-05		
3.35		3.2933e-05		
3.36		3.3018e-05		
3.37		3.3098e-05		
3.38		3.3174e-05		
3.39		3.3245e-05		
3.4		3.3311e-05		
3.41		3.3373e-05		
3.42		3.343e-05		
3.43		3.3483e-05		
3.44		3.3532e-05		
3.45		3.3576e-05		
3.46		3.3616e-05		
3.47		3.3652e-05		
3.48		3.3684e-05		
3.49		3.3711e-05		
3.5		3.3735e-05		
3.51		3.3754e-05		
3.52		3.377e-05		
3.53		3.3782e-05		
3.54		3.379e-05		
3.55		3.3793e-05		
3.56		3.3794e-05		
3.57		3.379e-05		
3.58		3.3782e-05		
3.59		3.3771e-05		
3.6		3.3756e-05		
3.61		3.3738e-05		
3.62		3.3716e-05		
3.63		3.369e-05		
3.64		3.3661e-05		
3.65		3.3628e-05		
3.66		3.3592e-05		
3.67		3.3552e-05		
3.68		3.3509e-05		
3.69		3.3462e-05		
3.7		3.3412e-05		
3.71		3.3358e-05		
3.72		3.3301e-05		
3.73		3.3241e-05		
3.74		3.3177e-05		
3.75		3.311e-05		
3.76		3.304e-05		
3.77		3.2967e-05		
3.78		3.289e-05		
3.79		3.281e-05		
3.8		3.2726e-05		
3.81		3.264e-05		
3.82		3.255e-05		
3.83		3.2457e-05		
3.84		3.2361e-05		
3.85		3.2262e-05		
3.86		3.2159e-05		
3.87		3.2054e-05		
3.88		3.1945e-05		
3.89		3.1833e-05		
3.9		3.1718e-05		
3.91		3.16e-05		
3.92		3.1479e-05		
3.93		3.1355e-05		
3.94		3.1227e-05		
3.95		3.1097e-05		
3.96		3.0964e-05		
3.97		3.0827e-05		
3.98		3.0688e-05		
3.99		3.0545e-05		
4		3.04e-05		
4.01		3.0251e-05		
4.02		3.0099e-05		
4.03		2.9945e-05		
4.04		2.9787e-05		
4.05		2.9627e-05		
4.06		2.9463e-05		
4.07		2.9297e-05		
4.08		2.9127e-05		
4.09		2.8955e-05		
4.1		2.8779e-05		
4.11		2.8601e-05		
4.12		2.8419e-05		
4.13		2.8235e-05		
4.14		2.8048e-05		
4.15		2.7858e-05		
4.16		2.7664e-05		
4.17		2.7468e-05		
4.18		2.7269e-05		
4.19		2.7067e-05		
4.2		2.6862e-05		
4.21		2.6655e-05		
4.22		2.6444e-05		
4.23		2.623e-05		
4.24		2.6014e-05		
4.25		2.5794e-05		
4.26		2.5572e-05		
4.27		2.5346e-05		
4.28		2.5118e-05		
4.29		2.4887e-05		
4.3		2.4653e-05		
4.31		2.4416e-05		
4.32		2.4176e-05		
4.33		2.3933e-05		
4.34		2.3687e-05		
4.35		2.3439e-05		
4.36		2.3187e-05		
4.37		2.2933e-05		
4.38		2.2676e-05		
4.39		2.2415e-05		
4.4		2.2152e-05		
4.41		2.1886e-05		
4.42		2.1617e-05		
4.43		2.1346e-05		
4.44		2.1071e-05		
4.45		2.0793e-05		
4.46		2.0513e-05		
4.47		2.023e-05		
4.48		1.9943e-05		
4.49		1.9654e-05		
4.5		1.9362e-05		
4.51		1.9067e-05		
4.52		1.877e-05		
4.53		1.8469e-05		
4.54		1.8165e-05		
4.55		1.7859e-05		
4.56		1.755e-05		
4.57		1.7237e-05		
4.58		1.6922e-05		
4.59		1.6604e-05		
4.6		1.6283e-05		
4.61		1.596e-05		
4.62		1.5633e-05		
4.63		1.5303e-05		
4.64		1.4971e-05		
4.65		1.4636e-05		
4.66		1.4298e-05		
4.67		1.3956e-05		
4.68		1.3612e-05		
4.69		1.3266e-05		
4.7		1.2916e-05		
4.71		1.2563e-05		
4.72		1.2207e-05		
4.73		1.1848e-05		
4.74		1.1487e-05		
4.75		1.1122e-05		
4.76		1.0753e-05		
4.77		1.0382e-05		
4.78		1.0007e-05		
4.79		9.6284e-06		
4.8		9.246e-06		
4.81		8.8597e-06		
4.82		8.4696e-06		
4.83		8.0759e-06		
4.84		7.6789e-06		
4.85		7.2793e-06		
4.86		6.8776e-06		
4.87		6.4741e-06		
4.88		6.0688e-06		
4.89		5.6616e-06		
4.9		5.2523e-06		
4.91		4.8408e-06		
4.92		4.4268e-06		
4.93		4.0102e-06		
4.94		3.5909e-06		
4.95		3.1688e-06		
4.96		2.7439e-06		
4.97		2.3161e-06		
4.98		1.8854e-06		
4.99		1.4518e-06		
5		1.0153e-06		
5.01		5.7584e-07		
5.02		1.335e-07		
5.03		-3.1176e-07		
5.04		-7.5993e-07		
5.05		-1.211e-06		
5.06		-1.665e-06		
5.07		-2.1219e-06		
5.08		-2.5818e-06		
5.09		-3.0445e-06		
5.1		-3.5102e-06		
5.11		-3.9787e-06		
5.12		-4.4502e-06		
5.13		-4.9246e-06		
5.14		-5.4019e-06		
5.15		-5.882e-06		
5.16		-6.3651e-06		
5.17		-6.8511e-06		
5.18		-7.34e-06		
5.19		-7.8318e-06		
5.2		-8.3266e-06		
5.21		-8.8242e-06		
5.22		-9.3247e-06		
5.23		-9.8281e-06		
5.24		-1.0334e-05		
5.25		-1.0844e-05		
5.26		-1.1356e-05		
5.27		-1.1871e-05		
5.28		-1.2389e-05		
5.29		-1.2909e-05		
5.3		-1.3433e-05		
5.31		-1.396e-05		
5.32		-1.4489e-05		
5.33		-1.5021e-05		
5.34		-1.5557e-05		
5.35		-1.6095e-05		
5.36		-1.6636e-05		
5.37		-1.718e-05		
5.38		-1.7727e-05		
5.39		-1.8276e-05		
5.4		-1.8829e-05		
5.41		-1.9384e-05		
5.42		-1.9943e-05		
5.43		-2.0504e-05		
5.44		-2.1068e-05		
5.45		-2.1635e-05		
5.46		-2.2205e-05		
5.47		-2.2777e-05		
5.48		-2.3353e-05		
5.49		-2.3932e-05		
5.5		-2.4513e-05		
5.51		-2.5097e-05		
5.52		-2.5684e-05		
5.53		-2.6274e-05		
5.54		-2.6867e-05		
5.55		-2.7462e-05		
5.56		-2.8061e-05		
5.57		-2.8662e-05		
5.58		-2.9267e-05		
5.59		-2.9874e-05		
5.6		-3.0484e-05		
5.61		-3.1096e-05		
5.62		-3.1712e-05		
5.63		-3.233e-05		
5.64		-3.2952e-05		
5.65		-3.3576e-05		
5.66		-3.4203e-05		
5.67		-3.4833e-05		
5.68		-3.5465e-05		
5.69		-3.6101e-05		
5.7		-3.6739e-05		
5.71		-3.738e-05		
5.72		-3.8024e-05		
5.73		-3.8671e-05		
5.74		-3.9321e-05		
5.75		-3.9973e-05		
5.76		-4.0629e-05		
5.77		-4.1287e-05		
5.78		-4.1948e-05		
5.79		-4.2611e-05		
5.8		-4.3278e-05		
5.81		-4.3947e-05		
5.82		-4.4619e-05		
5.83		-4.5294e-05		
5.84		-4.5972e-05		
5.85		-4.6653e-05		
5.86		-4.7336e-05		
5.87		-4.8022e-05		
5.88		-4.8711e-05		
5.89		-4.9403e-05		
5.9		-5.0097e-05		
5.91		-5.0794e-05		
5.92		-5.1494e-05		
5.93		-5.2197e-05		
5.94		-5.2903e-05		
5.95		-5.3611e-05		
5.96		-5.4322e-05		
5.97		-5.5036e-05		
5.98		-5.5753e-05		
5.99		-5.6472e-05		
6		-5.7194e-05		
6.01		-5.7919e-05		
6.02		-5.8647e-05		
6.03		-5.9377e-05		
6.04		-6.011e-05		
6.05		-6.0846e-05		
6.06		-6.1585e-05		
6.07		-6.2326e-05		
6.08		-6.307e-05		
6.09		-6.3817e-05		
6.1		-6.4567e-05		
6.11		-6.5319e-05		
6.12		-6.6074e-05		
6.13		-6.6831e-05		
6.14		-6.7592e-05		
6.15		-6.8355e-05		
6.16		-6.9121e-05		
6.17		-6.9889e-05		
6.18		-7.066e-05		
6.19		-7.1434e-05		
6.2		-7.2211e-05		
6.21		-7.299e-05		
6.22		-7.3772e-05		
6.23		-7.4556e-05		
6.24		-7.5344e-05		
6.25		-7.6134e-05		
6.26		-7.6926e-05		
6.27		-7.7721e-05		
6.28		-7.8519e-05		
6.29		-7.932e-05		
6.3		-8.0123e-05		
6.31		-8.0929e-05		
6.32		-8.1738e-05		
6.33		-8.2549e-05		
6.34		-8.3362e-05		
6.35		-8.4179e-05		
6.36		-8.4998e-05		
6.37		-8.582e-05		
6.38		-8.6644e-05		
6.39		-8.7471e-05		
6.4		-8.83e-05		
6.41		-8.9132e-05		
6.42		-8.9967e-05		
6.43		-9.0805e-05		
6.44		-9.1644e-05		
6.45		-9.2487e-05		
6.46		-9.3332e-05		
6.47		-9.418e-05		
6.48		-9.503e-05		
6.49		-9.5883e-05		
6.5		-9.6738e-05		
6.51		-9.7596e-05		
6.52		-9.8457e-05		
6.53		-9.932e-05		
6.54		-0.00010019		
6.55		-0.00010105		
6.56		-0.00010192		
6.57		-0.0001028		
6.58		-0.00010367		
6.59		-0.00010455		
6.6		-0.00010543		
6.61		-0.00010632		
6.62		-0.0001072		
6.63		-0.00010809		
6.64		-0.00010898		
6.65		-0.00010987		
6.66		-0.00011077		
6.67		-0.00011167		
6.68		-0.00011257		
6.69		-0.00011347		
6.7		-0.00011438		
6.71		-0.00011529		
6.72		-0.0001162		
6.73		-0.00011711		
6.74		-0.00011803		
6.75		-0.00011895		
6.76		-0.00011987		
6.77		-0.00012079		
6.78		-0.00012172		
6.79		-0.00012264		
6.8		-0.00012357		
6.81		-0.00012451		
6.82		-0.00012544		
6.83		-0.00012638		
6.84		-0.00012732		
6.85		-0.00012826		
6.86		-0.00012921		
6.87		-0.00013015		
6.88		-0.0001311		
6.89		-0.00013206		
6.9		-0.00013301		
6.91		-0.00013397		
6.92		-0.00013493		
6.93		-0.00013589		
6.94		-0.00013685		
6.95		-0.00013782		
6.96		-0.00013879		
6.97		-0.00013976		
6.98		-0.00014073		
6.99		-0.00014171		
7		-0.00014269		
7.01		-0.00014367		
7.02		-0.00014465		
7.03		-0.00014563		
7.04		-0.00014662		
7.05		-0.00014761		
7.06		-0.0001486		
7.07		-0.0001496		
7.08		-0.00015059		
7.09		-0.00015159		
7.1		-0.00015259		
7.11		-0.0001536		
7.12		-0.0001546		
7.13		-0.00015561		
7.14		-0.00015662		
7.15		-0.00015763		
7.16		-0.00015865		
7.17		-0.00015967		
7.18		-0.00016068		
7.19		-0.00016171		
7.2		-0.00016273		
7.21		-0.00016376		
7.22		-0.00016478		
7.23		-0.00016581		
7.24		-0.00016685		
7.25		-0.00016788		
7.26		-0.00016892		
7.27		-0.00016996		
7.28		-0.000171		
7.29		-0.00017204		
7.3		-0.00017309		
7.31		-0.00017413		
7.32		-0.00017518		
7.33		-0.00017624		
7.34		-0.00017729		
7.35		-0.00017835		
7.36		-0.00017941		
7.37		-0.00018047		
7.38		-0.00018153		
7.39		-0.00018259		
7.4		-0.00018366		
7.41		-0.00018473		
7.42		-0.0001858		
7.43		-0.00018687		
7.44		-0.00018795		
7.45		-0.00018903		
7.46		-0.00019011		
7.47		-0.00019119		
7.48		-0.00019227		
7.49		-0.00019336		
7.5		-0.00019444		
7.51		-0.00019553		
7.52		-0.00019663		
7.53		-0.00019772		
7.54		-0.00019882		
7.55		-0.00019991		
7.56		-0.00020101		
7.57		-0.00020212		
7.58		-0.00020322		
7.59		-0.00020433		
7.6		-0.00020543		
7.61		-0.00020654		
7.62		-0.00020766		
7.63		-0.00020877		
7.64		-0.00020989		
7.65		-0.000211		
7.66		-0.00021212		
7.67		-0.00021325		
7.68		-0.00021437		
7.69		-0.0002155		
7.7		-0.00021662		
7.71		-0.00021775		
7.72		-0.00021888		
7.73		-0.00022002		
7.74		-0.00022115		
7.75		-0.00022229		
7.76		-0.00022343		
7.77		-0.00022457		
7.78		-0.00022571		
7.79		-0.00022686		
7.8		-0.000228		
7.81		-0.00022915		
7.82		-0.0002303		
7.83		-0.00023146		
7.84		-0.00023261		
7.85		-0.00023377		
7.86		-0.00023492		
7.87		-0.00023608		
7.88		-0.00023724		
7.89		-0.00023841		
7.9		-0.00023957		
7.91		-0.00024074		
7.92		-0.00024191		
7.93		-0.00024308		
7.94		-0.00024425		
7.95		-0.00024543		
7.96		-0.0002466		
7.97		-0.00024778		
7.98		-0.00024896		
7.99		-0.00025014		
8		-0.00025132		
8.01		-0.00025251		
8.02		-0.00025369		
8.03		-0.00025488		
8.04		-0.00025607		
8.05		-0.00025726		
8.06		-0.00025846		
8.07		-0.00025965		
8.08		-0.00026085		
8.09		-0.00026205		
8.1		-0.00026325		
8.11		-0.00026445		
8.12		-0.00026565		
8.13		-0.00026686		
8.14		-0.00026806		
8.15		-0.00026927		
8.16		-0.00027048		
8.17		-0.00027169		
8.18		-0.00027291		
8.19		-0.00027412		
8.2		-0.00027534		
8.21		-0.00027655		
8.22		-0.00027777		
8.23		-0.000279		
8.24		-0.00028022		
8.25		-0.00028144		
8.26		-0.00028267		
8.27		-0.0002839		
8.28		-0.00028513		
8.29		-0.00028636		
8.3		-0.00028759		
8.31		-0.00028882		
8.32		-0.00029006		
8.33		-0.0002913		
8.34		-0.00029253		
8.35		-0.00029378		
8.36		-0.00029502		
8.37		-0.00029626		
8.38		-0.0002975		
8.39		-0.00029875		
8.4		-0.0003		
8.41		-0.00030125		
8.42		-0.0003025		
8.43		-0.00030375		
8.44		-0.000305		
8.45		-0.00030626		
8.46		-0.00030752		
8.47		-0.00030877		
8.48		-0.00031003		
8.49		-0.00031129		
8.5		-0.00031256		
8.51		-0.00031382		
8.52		-0.00031508		
8.53		-0.00031635		
8.54		-0.00031762		
8.55		-0.00031889		
8.56		-0.00032016		
8.57		-0.00032143		
8.58		-0.0003227		
8.59		-0.00032398		
8.6		-0.00032526		
8.61		-0.00032653		
8.62		-0.00032781		
8.63		-0.00032909		
8.64		-0.00033037		
8.65		-0.00033166		
8.66		-0.00033294		
8.67		-0.00033423		
8.68		-0.00033551		
8.69		-0.0003368		
8.7		-0.00033809		
8.71		-0.00033938		
8.72		-0.00034067		
8.73		-0.00034197		
8.74		-0.00034326		
8.75		-0.00034456		
8.76		-0.00034586		
8.77		-0.00034715		
8.78		-0.00034845		
8.79		-0.00034975		
8.8		-0.00035106		
8.81		-0.00035236		
8.82		-0.00035366		
8.83		-0.00035497		
8.84		-0.00035628		
8.85		-0.00035759		
8.86		-0.0003589		
8.87		-0.00036021		
8.88		-0.00036152		
8.89		-0.00036283		
8.9		-0.00036414		
8.91		-0.00036546		
8.92		-0.00036678		
8.93		-0.00036809		
8.94		-0.00036941		
8.95		-0.00037073		
8.96		-0.00037205		
8.97		-0.00037338		
8.98		-0.0003747		
8.99		-0.00037602		
9		-0.00037735		
9.01		-0.00037868		
9.02		-0.00038		
9.03		-0.00038133		
9.04		-0.00038266		
9.05		-0.00038399		
9.06		-0.00038533		
9.07		-0.00038666		
9.08		-0.00038799		
9.09		-0.00038933		
9.1		-0.00039066		
9.11		-0.000392		
9.12		-0.00039334		
9.13		-0.00039468		
9.14		-0.00039602		
9.15		-0.00039736		
9.16		-0.0003987		
9.17		-0.00040005		
9.18		-0.00040139		
9.19		-0.00040274		
9.2		-0.00040408		
9.21		-0.00040543		
9.22		-0.00040678		
9.23		-0.00040813		
9.24		-0.00040948		
9.25		-0.00041083		
9.26		-0.00041218		
9.27		-0.00041353		
9.28		-0.00041489		
9.29		-0.00041624		
9.3		-0.0004176		
9.31		-0.00041895		
9.32		-0.00042031		
9.33		-0.00042167		
9.34		-0.00042303		
9.35		-0.00042439		
9.36		-0.00042575		
9.37		-0.00042711		
9.38		-0.00042848		
9.39		-0.00042984		
9.4		-0.0004312		
9.41		-0.00043257		
9.42		-0.00043394		
9.43		-0.0004353		
9.44		-0.00043667		
9.45		-0.00043804		
9.46		-0.00043941		
9.47		-0.00044078		
9.48		-0.00044215		
9.49		-0.00044352		
9.5		-0.0004449		
9.51		-0.00044627		
9.52		-0.00044764		
9.53		-0.00044902		
9.54		-0.00045039		
9.55		-0.00045177		
9.56		-0.00045315		
9.57		-0.00045453		
9.58		-0.0004559		
9.59		-0.00045728		
9.6		-0.00045866		
9.61		-0.00046005		
9.62		-0.00046143		
9.63		-0.00046281		
9.64		-0.00046419		
9.65		-0.00046558		
9.66		-0.00046696		
9.67		-0.00046835		
9.68		-0.00046973		
9.69		-0.00047112		
9.7		-0.00047251		
9.71		-0.00047389		
9.72		-0.00047528		
9.73		-0.00047667		
9.74		-0.00047806		
9.75		-0.00047945		
9.76		-0.00048084		
9.77		-0.00048223		
9.78		-0.00048363		
9.79		-0.00048502		
9.8		-0.00048641		
9.81		-0.00048781		
9.82		-0.0004892		
9.83		-0.0004906		
9.84		-0.00049199		
9.85		-0.00049339		
9.86		-0.00049479		
9.87		-0.00049618		
9.88		-0.00049758		
9.89		-0.00049898		
9.9		-0.00050038		
9.91		-0.00050178		
9.92		-0.00050318		
9.93		-0.00050458		
9.94		-0.00050598		
9.95		-0.00050738		
9.96		-0.00050879		
9.97		-0.00051019		
9.98		-0.00051159		
9.99		-0.000513		
10		-0.0005144		
10.01		-0.00051581		
10.02		-0.00051721		
10.03		-0.00051862		
10.04		-0.00052002		
10.05		-0.00052143		
10.06		-0.00052284		
10.07		-0.00052425		
10.08		-0.00052565		
10.09		-0.00052706		
10.1		-0.00052847		
10.11		-0.00052988		
10.12		-0.00053129		
10.13		-0.0005327		
10.14		-0.00053411		
10.15		-0.00053552		
10.16		-0.00053693		
10.17		-0.00053835		
10.18		-0.00053976		
10.19		-0.00054117		
10.2		-0.00054258		
10.21		-0.000544		
10.22		-0.00054541		
10.23		-0.00054682		
10.24		-0.00054824		
10.25		-0.00054965		
10.26		-0.00055107		
10.27		-0.00055248		
10.28		-0.0005539		
10.29		-0.00055531		
10.3		-0.00055673		
10.31		-0.00055815		
10.32		-0.00055956		
10.33		-0.00056098		
10.34		-0.0005624		
10.35		-0.00056382		
10.36		-0.00056524		
10.37		-0.00056665		
10.38		-0.00056807		
10.39		-0.00056949		
10.4		-0.00057091		
10.41		-0.00057233		
10.42		-0.00057375		
10.43		-0.00057517		
10.44		-0.00057659		
10.45		-0.00057801		
10.46		-0.00057943		
10.47		-0.00058085		
10.48		-0.00058227		
10.49		-0.00058369		
10.5		-0.00058512		
10.51		-0.00058654		
10.52		-0.00058796		
10.53		-0.00058938		
10.54		-0.0005908		
10.55		-0.00059223		
10.56		-0.00059365		
10.57		-0.00059507		
10.58		-0.00059649		
10.59		-0.00059792		
10.6		-0.00059934		
10.61		-0.00060076		
10.62		-0.00060219		
10.63		-0.00060361		
10.64		-0.00060504		
10.65		-0.00060646		
10.66		-0.00060788		
10.67		-0.00060931		
10.68		-0.00061073		
10.69		-0.00061216		
10.7		-0.00061358		
10.71		-0.00061501		
10.72		-0.00061643		
10.73		-0.00061786		
10.74		-0.00061928		
10.75		-0.00062071		
10.76		-0.00062213		
10.77		-0.00062356		
10.78		-0.00062498		
10.79		-0.00062641		
10.8		-0.00062783		
10.81		-0.00062926		
10.82		-0.00063068		
10.83		-0.00063211		
10.84		-0.00063353		
10.85		-0.00063496		
10.86		-0.00063638		
10.87		-0.00063781		
10.88		-0.00063924		
10.89		-0.00064066		
10.9		-0.00064209		
10.91		-0.00064351		
10.92		-0.00064494		
10.93		-0.00064636		
10.94		-0.00064779		
10.95		-0.00064921		
10.96		-0.00065064		
10.97		-0.00065206		
10.98		-0.00065349		
10.99		-0.00065492		
11		-0.00065634		
11.01		-0.00065777		
11.02		-0.00065919		
11.03		-0.00066062		
11.04		-0.00066204		
11.05		-0.00066347		
11.06		-0.00066489		
11.07		-0.00066632		
11.08		-0.00066774		
11.09		-0.00066917		
11.1		-0.00067059		
11.11		-0.00067202		
11.12		-0.00067344		
11.13		-0.00067486		
11.14		-0.00067629		
11.15		-0.00067771		
11.16		-0.00067914		
11.17		-0.00068056		
11.18		-0.00068199		
11.19		-0.00068341		
11.2		-0.00068483		
11.21		-0.00068626		
11.22		-0.00068768		
11.23		-0.0006891		
11.24		-0.00069053		
11.25		-0.00069195		
11.26		-0.00069337		
11.27		-0.00069479		
11.28		-0.00069622		
11.29		-0.00069764		
11.3		-0.00069906		
11.31		-0.00070048		
11.32		-0.0007019		
11.33		-0.00070332		
11.34		-0.00070475		
11.35		-0.00070617		
11.36		-0.00070759		
11.37		-0.00070901		
11.38		-0.00071043		
11.39		-0.00071185		
11.4		-0.00071327		
11.41		-0.00071469		
11.42		-0.00071611		
11.43		-0.00071753		
11.44		-0.00071895		
11.45		-0.00072037		
11.46		-0.00072178		
11.47		-0.0007232		
11.48		-0.00072462		
11.49		-0.00072604		
11.5		-0.00072746		
11.51		-0.00072887		
11.52		-0.00073029		
11.53		-0.00073171		
11.54		-0.00073312		
11.55		-0.00073454		
11.56		-0.00073596		
11.57		-0.00073737		
11.58		-0.00073879		
11.59		-0.0007402		
11.6		-0.00074162		
11.61		-0.00074303		
11.62		-0.00074444		
11.63		-0.00074586		
11.64		-0.00074727		
11.65		-0.00074869		
11.66		-0.0007501		
11.67		-0.00075151		
11.68		-0.00075292		
11.69		-0.00075434		
11.7		-0.00075575		
11.71		-0.00075716		
11.72		-0.00075857		
11.73		-0.00075998		
11.74		-0.00076139		
11.75		-0.0007628		
11.76		-0.00076421		
11.77		-0.00076562		
11.78		-0.00076703		
11.79		-0.00076844		
11.8		-0.00076984		
11.81		-0.00077125		
11.82		-0.00077266		
11.83		-0.00077407		
11.84		-0.00077547		
11.85		-0.00077688		
11.86		-0.00077828		
11.87		-0.00077969		
11.88		-0.00078109		
11.89		-0.0007825		
11.9		-0.0007839		
11.91		-0.00078531		
11.92		-0.00078671		
11.93		-0.00078811		
11.94		-0.00078952		
11.95		-0.00079092		
11.96		-0.00079232		
11.97		-0.00079372		
11.98		-0.00079512		
11.99		-0.00079652		
12		-0.00079792		
12.01		-0.00079932		
12.02		-0.00080072		
12.03		-0.00080212		
12.04		-0.00080352		
12.05		-0.00080491		
12.06		-0.00080631		
12.07		-0.00080771		
12.08		-0.0008091		
12.09		-0.0008105		
12.1		-0.0008119		
12.11		-0.00081329		
12.12		-0.00081468		
12.13		-0.00081608		
12.14		-0.00081747		
12.15		-0.00081887		
12.16		-0.00082026		
12.17		-0.00082165		
12.18		-0.00082304		
12.19		-0.00082443		
12.2		-0.00082582		
12.21		-0.00082721		
12.22		-0.0008286		
12.23		-0.00082999		
12.24		-0.00083138		
12.25		-0.00083277		
12.26		-0.00083416		
12.27		-0.00083554		
12.28		-0.00083693		
12.29		-0.00083831		
12.3		-0.0008397		
12.31		-0.00084108		
12.32		-0.00084247		
12.33		-0.00084385		
12.34		-0.00084524		
12.35		-0.00084662		
12.36		-0.000848		
12.37		-0.00084938		
12.38		-0.00085076		
12.39		-0.00085214		
12.4		-0.00085352		
12.41		-0.0008549		
12.42		-0.00085628		
12.43		-0.00085766		
12.44		-0.00085904		
12.45		-0.00086041		
12.46		-0.00086179		
12.47		-0.00086317		
12.48		-0.00086454		
12.49		-0.00086592		
12.5		-0.00086729		
12.51		-0.00086866		
12.52		-0.00087004		
12.53		-0.00087141		
12.54		-0.00087278		
12.55		-0.00087415		
12.56		-0.00087552		
12.57		-0.00087689		
12.58		-0.00087826		
12.59		-0.00087963		
12.6		-0.000881		
12.61		-0.00088237		
12.62		-0.00088373		
12.63		-0.0008851		
12.64		-0.00088647		
12.65		-0.00088783		
12.66		-0.0008892		
12.67		-0.00089056		
12.68		-0.00089192		
12.69		-0.00089328		
12.7		-0.00089465		
12.71		-0.00089601		
12.72		-0.00089737		
12.73		-0.00089873		
12.74		-0.00090009		
12.75		-0.00090145		
12.76		-0.0009028		
12.77		-0.00090416		
12.78		-0.00090552		
12.79		-0.00090687		
12.8		-0.00090823		
12.81		-0.00090958		
12.82		-0.00091093		
12.83		-0.00091228		
12.84		-0.00091364		
12.85		-0.00091499		
12.86		-0.00091634		
12.87		-0.00091768		
12.88		-0.00091903		
12.89		-0.00092038		
12.9		-0.00092172		
12.91		-0.00092306		
12.92		-0.0009244		
12.93		-0.00092574		
12.94		-0.00092707		
12.95		-0.0009284		
12.96		-0.00092971		
12.97		-0.00093101		
12.98		-0.00093227		
12.99		-0.00093337		
13		-0.0009325		
13.01		-0.00093745		
13.02		-0.00093831		
13.03		-0.00093951		
13.04		-0.00094079		
13.05		-0.00094209		
13.06		-0.0009434		
13.07		-0.00094472		
13.08		-0.00094605		
13.09		-0.00094737		
13.1		-0.0009487		
13.11		-0.00095003		
13.12		-0.00095136		
13.13		-0.00095269		
13.14		-0.00095402		
13.15		-0.00095535		
13.16		-0.00095668		
13.17		-0.00095801		
13.18		-0.00095933		
13.19		-0.00096066		
13.2		-0.00096199		
13.21		-0.00096331		
13.22		-0.00096464		
13.23		-0.00096597		
13.24		-0.00096729		
13.25		-0.00096861		
13.26		-0.00096994		
13.27		-0.00097126		
13.28		-0.00097258		
13.29		-0.00097391		
13.3		-0.00097523		
13.31		-0.00097655		
13.32		-0.00097787		
13.33		-0.00097918		
13.34		-0.0009805		
13.35		-0.00098182		
13.36		-0.00098314		
13.37		-0.00098445		
13.38		-0.00098577		
13.39		-0.00098708		
13.4		-0.0009884		
13.41		-0.00098971		
13.42		-0.00099102		
13.43		-0.00099234		
13.44		-0.00099365		
13.45		-0.00099496		
13.46		-0.00099627		
13.47		-0.00099758		
13.48		-0.00099888		
13.49		-0.0010002		
13.5		-0.0010015		
13.51		-0.0010028		
13.52		-0.0010041		
13.53		-0.0010054		
13.54		-0.0010067		
13.55		-0.001008		
13.56		-0.0010093		
13.57		-0.0010106		
13.58		-0.0010119		
13.59		-0.0010132		
13.6		-0.0010145		
13.61		-0.0010158		
13.62		-0.0010171		
13.63		-0.0010184		
13.64		-0.0010197		
13.65		-0.001021		
13.66		-0.0010223		
13.67		-0.0010236		
13.68		-0.0010249		
13.69		-0.0010262		
13.7		-0.0010275		
13.71		-0.0010288		
13.72		-0.0010301		
13.73		-0.0010314		
13.74		-0.0010326		
13.75		-0.0010339		
13.76		-0.0010352		
13.77		-0.0010365		
13.78		-0.0010378		
13.79		-0.0010391		
13.8		-0.0010404		
13.81		-0.0010416		
13.82		-0.0010429		
13.83		-0.0010442		
13.84		-0.0010455		
13.85		-0.0010468		
13.86		-0.001048		
13.87		-0.0010493		
13.88		-0.0010506		
13.89		-0.0010519		
13.9		-0.0010532		
13.91		-0.0010544		
13.92		-0.0010557		
13.93		-0.001057		
13.94		-0.0010583		
13.95		-0.0010595		
13.96		-0.0010608		
13.97		-0.0010621		
13.98		-0.0010633		
13.99		-0.0010646		
14		-0.0010659		
14.01		-0.0010672		
14.02		-0.0010684		
14.03		-0.0010697		
14.04		-0.001071		
14.05		-0.0010722		
14.06		-0.0010735		
14.07		-0.0010747		
14.08		-0.001076		
14.09		-0.0010773		
14.1		-0.0010785		
14.11		-0.0010798		
14.12		-0.0010811		
14.13		-0.0010823		
14.14		-0.0010836		
14.15		-0.0010848		
14.16		-0.0010861		
14.17		-0.0010873		
14.18		-0.0010886		
14.19		-0.0010899		
14.2		-0.0010911		
14.21		-0.0010924		
14.22		-0.0010936		
14.23		-0.0010949		
14.24		-0.0010961		
14.25		-0.0010974		
14.26		-0.0010986		
14.27		-0.0010999		
14.28		-0.0011011		
14.29		-0.0011024		
14.3		-0.0011036		
14.31		-0.0011048		
14.32		-0.0011061		
14.33		-0.0011073		
14.34		-0.0011086		
14.35		-0.0011098		
14.36		-0.0011111		
14.37		-0.0011123		
14.38		-0.0011135		
14.39		-0.0011148		
14.4		-0.001116		
14.41		-0.0011173		
14.42		-0.0011185		
14.43		-0.0011197		
14.44		-0.001121		
14.45		-0.0011222		
14.46		-0.0011234		
14.47		-0.0011247		
14.48		-0.0011259		
14.49		-0.0011271		
14.5		-0.0011284		
14.51		-0.0011296		
14.52		-0.0011308		
14.53		-0.001132		
14.54		-0.0011333		
14.55		-0.0011345		
14.56		-0.0011357		
14.57		-0.001137		
14.58		-0.0011382		
14.59		-0.0011394		
14.6		-0.0011406		
14.61		-0.0011418		
14.62		-0.0011431		
14.63		-0.0011443		
14.64		-0.0011455		
14.65		-0.0011467		
14.66		-0.0011479		
14.67		-0.0011492		
14.68		-0.0011504		
14.69		-0.0011516		
14.7		-0.0011528		
14.71		-0.001154		
14.72		-0.0011552		
14.73		-0.0011565		
14.74		-0.0011577		
14.75		-0.0011589		
14.76		-0.0011601		
14.77		-0.0011613		
14.78		-0.0011625		
14.79		-0.0011637		
14.8		-0.0011649		
14.81		-0.0011661		
14.82		-0.0011673		
14.83		-0.0011685		
14.84		-0.0011698		
14.85		-0.001171		
14.86		-0.0011722		
14.87		-0.0011734		
14.88		-0.0011746		
14.89		-0.0011758		
14.9		-0.001177		
14.91		-0.0011782		
14.92		-0.0011794		
14.93		-0.0011806		
14.94		-0.0011818		
14.95		-0.001183		
14.96		-0.0011842		
14.97		-0.0011854		
14.98		-0.0011865		
14.99		-0.0011877		
15		-0.0011889		
15.01		-0.0011901		
15.02		-0.0011913		
15.03		-0.0011925		
15.04		-0.0011937		
15.05		-0.0011949		
15.06		-0.0011961		
15.07		-0.0011973		
15.08		-0.0011985		
15.09		-0.0011996		
15.1		-0.0012008		
15.11		-0.001202		
15.12		-0.0012032		
15.13		-0.0012044		
15.14		-0.0012056		
15.15		-0.0012067		
15.16		-0.0012079		
15.17		-0.0012091		
15.18		-0.0012103		
15.19		-0.0012115		
15.2		-0.0012126		
15.21		-0.0012138		
15.22		-0.001215		
15.23		-0.0012162		
15.24		-0.0012174		
15.25		-0.0012185		
15.26		-0.0012197		
15.27		-0.0012209		
15.28		-0.0012221		
15.29		-0.0012232		
15.3		-0.0012244		
15.31		-0.0012256		
15.32		-0.0012267		
15.33		-0.0012279		
15.34		-0.0012291		
15.35		-0.0012302		
15.36		-0.0012314		
15.37		-0.0012326		
15.38		-0.0012337		
15.39		-0.0012349		
15.4		-0.0012361		
15.41		-0.0012372		
15.42		-0.0012384		
15.43		-0.0012396		
15.44		-0.0012407		
15.45		-0.0012419		
15.46		-0.0012431		
15.47		-0.0012442		
15.48		-0.0012454		
15.49		-0.0012465		
15.5		-0.0012477		
15.51		-0.0012488		
15.52		-0.00125		
15.53		-0.0012512		
15.54		-0.0012523		
15.55		-0.0012535		
15.56		-0.0012546		
15.57		-0.0012558		
15.58		-0.0012569		
15.59		-0.0012581		
15.6		-0.0012592		
15.61		-0.0012604		
15.62		-0.0012615		
15.63		-0.0012627		
15.64		-0.0012638		
15.65		-0.001265		
15.66		-0.0012661		
15.67		-0.0012673		
15.68		-0.0012684		
15.69		-0.0012696		
15.7		-0.0012707		
15.71		-0.0012719		
15.72		-0.001273		
15.73		-0.0012741		
15.74		-0.0012753		
15.75		-0.0012764		
15.76		-0.0012776		
15.77		-0.0012787		
15.78		-0.0012798		
15.79		-0.001281		
15.8		-0.0012821		
15.81		-0.0012833		
15.82		-0.0012844		
15.83		-0.0012855		
15.84		-0.0012867		
15.85		-0.0012878		
15.86		-0.0012889		
15.87		-0.0012901		
15.88		-0.0012912		
15.89		-0.0012923		
15.9		-0.0012935		
15.91		-0.0012946		
15.92		-0.0012957		
15.93		-0.0012969		
15.94		-0.001298		
15.95		-0.0012991		
15.96		-0.0013003		
15.97		-0.0013014		
15.98		-0.0013025		
15.99		-0.0013036		
16		-0.0013048		
16.01		-0.0013059		
16.02		-0.001307		
16.03		-0.0013082		
16.04		-0.0013093		
16.05		-0.0013104		
16.06		-0.0013115		
16.07		-0.0013126		
16.08		-0.0013138		
16.09		-0.0013149		
16.1		-0.001316		
16.11		-0.0013171		
16.12		-0.0013183		
16.13		-0.0013194		
16.14		-0.0013205		
16.15		-0.0013216		
16.16		-0.0013227		
16.17		-0.0013238		
16.18		-0.001325		
16.19		-0.0013261		
16.2		-0.0013272		
16.21		-0.0013283		
16.22		-0.0013294		
16.23		-0.0013305		
16.24		-0.0013316		
16.25		-0.0013328		
16.26		-0.0013339		
16.27		-0.001335		
16.28		-0.0013361		
16.29		-0.0013372		
16.3		-0.0013383		
16.31		-0.0013394		
16.32		-0.0013405		
16.33		-0.0013416		
16.34		-0.0013427		
16.35		-0.0013439		
16.36		-0.001345		
16.37		-0.0013461		
16.38		-0.0013472		
16.39		-0.0013483		
16.4		-0.0013494		
16.41		-0.0013505		
16.42		-0.0013516		
16.43		-0.0013527		
16.44		-0.0013538		
16.45		-0.0013549		
16.46		-0.001356		
16.47		-0.0013571		
16.48		-0.0013582		
16.49		-0.0013593		
16.5		-0.0013604		
16.51		-0.0013615		
16.52		-0.0013626		
16.53		-0.0013637		
16.54		-0.0013648		
16.55		-0.0013659		
16.56		-0.001367		
16.57		-0.0013681		
16.58		-0.0013692		
16.59		-0.0013703		
16.6		-0.0013714		
16.61		-0.0013725		
16.62		-0.0013736		
16.63		-0.0013747		
16.64		-0.0013758		
16.65		-0.0013769		
16.66		-0.0013779		
16.67		-0.001379		
16.68		-0.0013801		
16.69		-0.0013812		
16.7		-0.0013823		
16.71		-0.0013834		
16.72		-0.0013845		
16.73		-0.0013856		
16.74		-0.0013867		
16.75		-0.0013878		
16.76		-0.0013889		
16.77		-0.0013899		
16.78		-0.001391		
16.79		-0.0013921		
16.8		-0.0013932		
16.81		-0.0013943		
16.82		-0.0013954		
16.83		-0.0013965		
16.84		-0.0013975		
16.85		-0.0013986		
16.86		-0.0013997		
16.87		-0.0014008		
16.88		-0.0014019		
16.89		-0.001403		
16.9		-0.001404		
16.91		-0.0014051		
16.92		-0.0014062		
16.93		-0.0014073		
16.94		-0.0014084		
16.95		-0.0014095		
16.96		-0.0014105		
16.97		-0.0014116		
16.98		-0.0014127		
16.99		-0.0014138		
17		-0.0014149		
17.01		-0.0014159		
17.02		-0.001417		
17.03		-0.0014181		
17.04		-0.0014192		
17.05		-0.0014202		
17.06		-0.0014213		
17.07		-0.0014224		
17.08		-0.0014235		
17.09		-0.0014246		
17.1		-0.0014256		
17.11		-0.0014267		
17.12		-0.0014278		
17.13		-0.0014289		
17.14		-0.0014299		
17.15		-0.001431		
17.16		-0.0014321		
17.17		-0.0014332		
17.18		-0.0014342		
17.19		-0.0014353		
17.2		-0.0014364		
17.21		-0.0014374		
17.22		-0.0014385		
17.23		-0.0014396		
17.24		-0.0014407		
17.25		-0.0014417		
17.26		-0.0014428		
17.27		-0.0014439		
17.28		-0.0014449		
17.29		-0.001446		
17.3		-0.0014471		
17.31		-0.0014482		
17.32		-0.0014492		
17.33		-0.0014503		
17.34		-0.0014514		
17.35		-0.0014524		
17.36		-0.0014535		
17.37		-0.0014546		
17.38		-0.0014556		
17.39		-0.0014567		
17.4		-0.0014578		
17.41		-0.0014588		
17.42		-0.0014599		
17.43		-0.001461		
17.44		-0.001462		
17.45		-0.0014631		
17.46		-0.0014642		
17.47		-0.0014652		
17.48		-0.0014663		
17.49		-0.0014674		
17.5		-0.0014684		
17.51		-0.0014695		
17.52		-0.0014706		
17.53		-0.0014716		
17.54		-0.0014727		
17.55		-0.0014738		
17.56		-0.0014748		
17.57		-0.0014759		
17.58		-0.0014769		
17.59		-0.001478		
17.6		-0.0014791		
17.61		-0.0014801		
17.62		-0.0014812		
17.63		-0.0014823		
17.64		-0.0014833		
17.65		-0.0014844		
17.66		-0.0014854		
17.67		-0.0014865		
17.68		-0.0014876		
17.69		-0.0014886		
17.7		-0.0014897		
17.71		-0.0014908		
17.72		-0.0014918		
17.73		-0.0014929		
17.74		-0.0014939		
17.75		-0.001495		
17.76		-0.0014961		
17.77		-0.0014971		
17.78		-0.0014982		
17.79		-0.0014992		
17.8		-0.0015003		
17.81		-0.0015014		
17.82		-0.0015024		
17.83		-0.0015035		
17.84		-0.0015045		
17.85		-0.0015056		
17.86		-0.0015067		
17.87		-0.0015077		
17.88		-0.0015088		
17.89		-0.0015098		
17.9		-0.0015109		
17.91		-0.001512		
17.92		-0.001513		
17.93		-0.0015141		
17.94		-0.0015151		
17.95		-0.0015162		
17.96		-0.0015173		
17.97		-0.0015183		
17.98		-0.0015194		
17.99		-0.0015204		
18		-0.0015215		
18.01		-0.0015226		
18.02		-0.0015236		
18.03		-0.0015247		
18.04		-0.0015257		
18.05		-0.0015268		
18.06		-0.0015278		
18.07		-0.0015289		
18.08		-0.00153		
18.09		-0.001531		
18.1		-0.0015321		
18.11		-0.0015331		
18.12		-0.0015342		
18.13		-0.0015353		
18.14		-0.0015363		
18.15		-0.0015374		
18.16		-0.0015384		
18.17		-0.0015395		
18.18		-0.0015405		
18.19		-0.0015416		
18.2		-0.0015427		
18.21		-0.0015437		
18.22		-0.0015448		
18.23		-0.0015458		
18.24		-0.0015469		
18.25		-0.001548		
18.26		-0.001549		
18.27		-0.0015501		
18.28		-0.0015511		
18.29		-0.0015522		
18.3		-0.0015532		
18.31		-0.0015543		
18.32		-0.0015554		
18.33		-0.0015564		
18.34		-0.0015575		
18.35		-0.0015585		
18.36		-0.0015596		
18.37		-0.0015607		
18.38		-0.0015617		
18.39		-0.0015628		
18.4		-0.0015638		
18.41		-0.0015649		
18.42		-0.001566		
18.43		-0.001567		
18.44		-0.0015681		
18.45		-0.0015691		
18.46		-0.0015702		
18.47		-0.0015713		
18.48		-0.0015723		
18.49		-0.0015734		
18.5		-0.0015744		
18.51		-0.0015755		
18.52		-0.0015766		
18.53		-0.0015776		
18.54		-0.0015787		
18.55		-0.0015797		
18.56		-0.0015808		
18.57		-0.0015819		
18.58		-0.0015829		
18.59		-0.001584		
18.6		-0.0015851		
18.61		-0.0015861		
18.62		-0.0015872		
18.63		-0.0015882		
18.64		-0.0015893		
18.65		-0.0015904		
18.66		-0.0015914		
18.67		-0.0015925		
18.68		-0.0015936		
18.69		-0.0015946		
18.7		-0.0015957		
18.71		-0.0015968		
18.72		-0.0015978		
18.73		-0.0015989		
18.74		-0.0015999		
18.75		-0.001601		
18.76		-0.0016021		
18.77		-0.0016031		
18.78		-0.0016042		
18.79		-0.0016053		
18.8		-0.0016063		
18.81		-0.0016074		
18.82		-0.0016085		
18.83		-0.0016095		
18.84		-0.0016106		
18.85		-0.0016117		
18.86		-0.0016127		
18.87		-0.0016138		
18.88		-0.0016149		
18.89		-0.0016159		
18.9		-0.001617		
18.91		-0.0016181		
18.92		-0.0016192		
18.93		-0.0016202		
18.94		-0.0016213		
18.95		-0.0016224		
18.96		-0.0016234		
18.97		-0.0016245		
18.98		-0.0016256		
18.99		-0.0016267		
19		-0.0016277		
19.01		-0.0016288		
19.02		-0.0016299		
19.03		-0.0016309		
19.04		-0.001632		
19.05		-0.0016331		
19.06		-0.0016342		
19.07		-0.0016352		
19.08		-0.0016363		
19.09		-0.0016374		
19.1		-0.0016385		
19.11		-0.0016395		
19.12		-0.0016406		
19.13		-0.0016417		
19.14		-0.0016428		
19.15		-0.0016438		
19.16		-0.0016449		
19.17		-0.001646		
19.18		-0.0016471		
19.19		-0.0016482		
19.2		-0.0016492		
19.21		-0.0016503		
19.22		-0.0016514		
19.23		-0.0016525		
19.24		-0.0016536		
19.25		-0.0016546		
19.26		-0.0016557		
19.27		-0.0016568		
19.28		-0.0016579		
19.29		-0.001659		
19.3		-0.00166		
19.31		-0.0016611		
19.32		-0.0016622		
19.33		-0.0016633		
19.34		-0.0016644		
19.35		-0.0016655		
19.36		-0.0016666		
19.37		-0.0016676		
19.38		-0.0016687		
19.39		-0.0016698		
19.4		-0.0016709		
19.41		-0.001672		
19.42		-0.0016731		
19.43		-0.0016742		
19.44		-0.0016753		
19.45		-0.0016763		
19.46		-0.0016774		
19.47		-0.0016785		
19.48		-0.0016796		
19.49		-0.0016807		
19.5		-0.0016818		
19.51		-0.0016829		
19.52		-0.001684		
19.53		-0.0016851		
19.54		-0.0016862		
19.55		-0.0016873		
19.56		-0.0016884		
19.57		-0.0016895		
19.58		-0.0016906		
19.59		-0.0016917		
19.6		-0.0016928		
19.61		-0.0016939		
19.62		-0.001695		
19.63		-0.0016961		
19.64		-0.0016972		
19.65		-0.0016983		
19.66		-0.0016994		
19.67		-0.0017005		
19.68		-0.0017016		
19.69		-0.0017027		
19.7		-0.0017038		
19.71		-0.0017049		
19.72		-0.001706		
19.73		-0.0017071		
19.74		-0.0017082		
19.75		-0.0017093		
19.76		-0.0017104		
19.77		-0.0017115		
19.78		-0.0017126		
19.79		-0.0017137		
19.8		-0.0017149		
19.81		-0.001716		
19.82		-0.0017171		
19.83		-0.0017182		
19.84		-0.0017193		
19.85		-0.0017204		
19.86		-0.0017215		
19.87		-0.0017226		
19.88		-0.0017238		
19.89		-0.0017249		
19.9		-0.001726		
19.91		-0.0017271		
19.92		-0.0017282		
19.93		-0.0017293		
19.94		-0.0017305		
19.95		-0.0017316		
19.96		-0.0017327		
19.97		-0.0017338		
19.98		-0.001735		
19.99		-0.0017361		
20		-0.0017372		
