tau [fm]		R_Pi^-1
0.25		0
0.26		-0.0011779		
0.27		-0.0021365		
0.28		-0.0028713		
0.29		-0.0034194		
0.3		-0.0038126		
0.31		-0.0040779		
0.32		-0.0042383		
0.33		-0.0043131		
0.34		-0.0043186		
0.35		-0.0042686		
0.36		-0.0041746		
0.37		-0.0040464		
0.38		-0.0038919		
0.39		-0.0037178		
0.4		-0.0035296		
0.41		-0.003332		
0.42		-0.0031287		
0.43		-0.0029227		
0.44		-0.0027164		
0.45		-0.002512		
0.46		-0.0023108		
0.47		-0.0021142		
0.48		-0.0019231		
0.49		-0.0017382		
0.5		-0.0015599		
0.51		-0.0013887		
0.52		-0.0012248		
0.53		-0.0010682		
0.54		-0.00091898		
0.55		-0.00077708		
0.56		-0.0006424		
0.57		-0.00051479		
0.58		-0.00039405		
0.59		-0.00027999		
0.6		-0.00017237		
0.61		-7.0962e-05		
0.62		2.4484e-05		
0.63		0.00011422		
0.64		0.00019848		
0.65		0.00027753		
0.66		0.00035161		
0.67		0.00042095		
0.68		0.00048579		
0.69		0.00054635		
0.7		0.00060286		
0.71		0.00065551		
0.72		0.00070451		
0.73		0.00075004		
0.74		0.00079231		
0.75		0.00083147		
0.76		0.00086769		
0.77		0.00090113		
0.78		0.00093195		
0.79		0.00096027		
0.8		0.00098625		
0.81		0.00101		
0.82		0.0010316		
0.83		0.0010513		
0.84		0.0010691		
0.85		0.0010851		
0.86		0.0010994		
0.87		0.0011121		
0.88		0.0011233		
0.89		0.0011331		
0.9		0.0011415		
0.91		0.0011486		
0.92		0.0011546		
0.93		0.0011594		
0.94		0.0011631		
0.95		0.0011658		
0.96		0.0011676		
0.97		0.0011684		
0.98		0.0011683		
0.99		0.0011675		
1		0.0011658		
1.01		0.0011634		
1.02		0.0011604		
1.03		0.0011566		
1.04		0.0011523		
1.05		0.0011473		
1.06		0.0011418		
1.07		0.0011358		
1.08		0.0011293		
1.09		0.0011223		
1.1		0.0011149		
1.11		0.001107		
1.12		0.0010988		
1.13		0.0010901		
1.14		0.0010811		
1.15		0.0010718		
1.16		0.0010622		
1.17		0.0010523		
1.18		0.0010421		
1.19		0.0010316		
1.2		0.0010209		
1.21		0.0010099		
1.22		0.00099878		
1.23		0.00098741		
1.24		0.00097585		
1.25		0.00096411		
1.26		0.0009522		
1.27		0.00094014		
1.28		0.00092792		
1.29		0.00091557		
1.3		0.0009031		
1.31		0.0008905		
1.32		0.0008778		
1.33		0.00086499		
1.34		0.00085209		
1.35		0.00083911		
1.36		0.00082604		
1.37		0.0008129		
1.38		0.0007997		
1.39		0.00078643		
1.4		0.00077311		
1.41		0.00075974		
1.42		0.00074633		
1.43		0.00073287		
1.44		0.00071938		
1.45		0.00070586		
1.46		0.00069232		
1.47		0.00067875		
1.48		0.00066516		
1.49		0.00065155		
1.5		0.00063793		
1.51		0.00062431		
1.52		0.00061067		
1.53		0.00059703		
1.54		0.00058339		
1.55		0.00056975		
1.56		0.00055612		
1.57		0.00054248		
1.58		0.00052886		
1.59		0.00051524		
1.6		0.00050163		
1.61		0.00048804		
1.62		0.00047445		
1.63		0.00046089		
1.64		0.00044733		
1.65		0.0004338		
1.66		0.00042028		
1.67		0.00040677		
1.68		0.00039329		
1.69		0.00037983		
1.7		0.00036639		
1.71		0.00035296		
1.72		0.00033956		
1.73		0.00032618		
1.74		0.00031282		
1.75		0.00029949		
1.76		0.00028617		
1.77		0.00027288		
1.78		0.00025961		
1.79		0.00024637		
1.8		0.00023314		
1.81		0.00021994		
1.82		0.00020675		
1.83		0.0001936		
1.84		0.00018046		
1.85		0.00016734		
1.86		0.00015424		
1.87		0.00014117		
1.88		0.00012811		
1.89		0.00011508		
1.9		0.00010206		
1.91		8.906e-05		
1.92		7.608e-05		
1.93		6.3118e-05		
1.94		5.0173e-05		
1.95		3.7245e-05		
1.96		2.4333e-05		
1.97		1.1436e-05		
1.98		-1.4458e-06		
1.99		-1.4313e-05		
2		-2.7167e-05		
2.01		-4.0008e-05		
2.02		-5.2837e-05		
2.03		-6.5654e-05		
2.04		-7.846e-05		
2.05		-9.1256e-05		
2.06		-0.00010404		
2.07		-0.00011682		
2.08		-0.00012959		
2.09		-0.00014235		
2.1		-0.00015511		
2.11		-0.00016785		
2.12		-0.0001806		
2.13		-0.00019334		
2.14		-0.00020607		
2.15		-0.0002188		
2.16		-0.00023153		
2.17		-0.00024426		
2.18		-0.00025699		
2.19		-0.00026971		
2.2		-0.00028244		
2.21		-0.00029517		
2.22		-0.0003079		
2.23		-0.00032063		
2.24		-0.00033336		
2.25		-0.0003461		
2.26		-0.00035884		
2.27		-0.00037159		
2.28		-0.00038434		
2.29		-0.0003971		
2.3		-0.00040987		
2.31		-0.00042265		
2.32		-0.00043543		
2.33		-0.00044822		
2.34		-0.00046102		
2.35		-0.00047383		
2.36		-0.00048665		
2.37		-0.00049949		
2.38		-0.00051233		
2.39		-0.00052519		
2.4		-0.00053806		
2.41		-0.00055094		
2.42		-0.00056384		
2.43		-0.00057675		
2.44		-0.00058968		
2.45		-0.00060262		
2.46		-0.00061558		
2.47		-0.00062855		
2.48		-0.00064155		
2.49		-0.00065456		
2.5		-0.00066758		
2.51		-0.00068063		
2.52		-0.00069369		
2.53		-0.00070677		
2.54		-0.00071988		
2.55		-0.000733		
2.56		-0.00074614		
2.57		-0.00075931		
2.58		-0.00077249		
2.59		-0.0007857		
2.6		-0.00079892		
2.61		-0.00081217		
2.62		-0.00082545		
2.63		-0.00083874		
2.64		-0.00085206		
2.65		-0.0008654		
2.66		-0.00087877		
2.67		-0.00089215		
2.68		-0.00090557		
2.69		-0.00091901		
2.7		-0.00093247		
2.71		-0.00094595		
2.72		-0.00095947		
2.73		-0.000973		
2.74		-0.00098657		
2.75		-0.0010002		
2.76		-0.0010138		
2.77		-0.0010274		
2.78		-0.0010411		
2.79		-0.0010548		
2.8		-0.0010685		
2.81		-0.0010822		
2.82		-0.001096		
2.83		-0.0011098		
2.84		-0.0011236		
2.85		-0.0011375		
2.86		-0.0011514		
2.87		-0.0011653		
2.88		-0.0011792		
2.89		-0.0011932		
2.9		-0.0012072		
2.91		-0.0012212		
2.92		-0.0012353		
2.93		-0.0012493		
2.94		-0.0012634		
2.95		-0.0012776		
2.96		-0.0012917		
2.97		-0.0013059		
2.98		-0.0013202		
2.99		-0.0013344		
3		-0.0013487		
3.01		-0.001363		
3.02		-0.0013773		
3.03		-0.0013917		
3.04		-0.0014061		
3.05		-0.0014205		
3.06		-0.0014349		
3.07		-0.0014494		
3.08		-0.0014639		
3.09		-0.0014784		
3.1		-0.001493		
3.11		-0.0015076		
3.12		-0.0015222		
3.13		-0.0015368		
3.14		-0.0015515		
3.15		-0.0015662		
3.16		-0.0015809		
3.17		-0.0015957		
3.18		-0.0016105		
3.19		-0.0016253		
3.2		-0.0016401		
3.21		-0.001655		
3.22		-0.0016699		
3.23		-0.0016848		
3.24		-0.0016998		
3.25		-0.0017147		
3.26		-0.0017297		
3.27		-0.0017448		
3.28		-0.0017598		
3.29		-0.0017749		
3.3		-0.00179		
3.31		-0.0018052		
3.32		-0.0018203		
3.33		-0.0018355		
3.34		-0.0018507		
3.35		-0.001866		
3.36		-0.0018813		
3.37		-0.0018966		
3.38		-0.0019119		
3.39		-0.0019272		
3.4		-0.0019426		
3.41		-0.001958		
3.42		-0.0019734		
3.43		-0.0019889		
3.44		-0.0020044		
3.45		-0.0020199		
3.46		-0.0020354		
3.47		-0.0020509		
3.48		-0.0020665		
3.49		-0.0020821		
3.5		-0.0020977		
3.51		-0.0021134		
3.52		-0.0021291		
3.53		-0.0021448		
3.54		-0.0021605		
3.55		-0.0021762		
3.56		-0.002192		
3.57		-0.0022078		
3.58		-0.0022236		
3.59		-0.0022394		
3.6		-0.0022553		
3.61		-0.0022712		
3.62		-0.0022871		
3.63		-0.002303		
3.64		-0.002319		
3.65		-0.002335		
3.66		-0.002351		
3.67		-0.002367		
3.68		-0.002383		
3.69		-0.0023991		
3.7		-0.0024152		
3.71		-0.0024313		
3.72		-0.0024474		
3.73		-0.0024636		
3.74		-0.0024798		
3.75		-0.002496		
3.76		-0.0025122		
3.77		-0.0025284		
3.78		-0.0025447		
3.79		-0.0025609		
3.8		-0.0025772		
3.81		-0.0025936		
3.82		-0.0026099		
3.83		-0.0026263		
3.84		-0.0026426		
3.85		-0.002659		
3.86		-0.0026755		
3.87		-0.0026919		
3.88		-0.0027084		
3.89		-0.0027248		
3.9		-0.0027413		
3.91		-0.0027578		
3.92		-0.0027744		
3.93		-0.0027909		
3.94		-0.0028075		
3.95		-0.0028241		
3.96		-0.0028407		
3.97		-0.0028573		
3.98		-0.002874		
3.99		-0.0028907		
4		-0.0029073		
4.01		-0.002924		
4.02		-0.0029408		
4.03		-0.0029575		
4.04		-0.0029743		
4.05		-0.002991		
4.06		-0.0030078		
4.07		-0.0030246		
4.08		-0.0030415		
4.09		-0.0030583		
4.1		-0.0030752		
4.11		-0.003092		
4.12		-0.0031089		
4.13		-0.0031258		
4.14		-0.0031428		
4.15		-0.0031597		
4.16		-0.0031767		
4.17		-0.0031936		
4.18		-0.0032106		
4.19		-0.0032277		
4.2		-0.0032447		
4.21		-0.0032617		
4.22		-0.0032788		
4.23		-0.0032959		
4.24		-0.0033129		
4.25		-0.00333		
4.26		-0.0033472		
4.27		-0.0033643		
4.28		-0.0033815		
4.29		-0.0033986		
4.3		-0.0034158		
4.31		-0.003433		
4.32		-0.0034502		
4.33		-0.0034675		
4.34		-0.0034847		
4.35		-0.003502		
4.36		-0.0035192		
4.37		-0.0035365		
4.38		-0.0035538		
4.39		-0.0035712		
4.4		-0.0035885		
4.41		-0.0036059		
4.42		-0.0036232		
4.43		-0.0036406		
4.44		-0.003658		
4.45		-0.0036754		
4.46		-0.0036928		
4.47		-0.0037103		
4.48		-0.0037277		
4.49		-0.0037452		
4.5		-0.0037627		
4.51		-0.0037802		
4.52		-0.0037977		
4.53		-0.0038152		
4.54		-0.0038328		
4.55		-0.0038503		
4.56		-0.0038679		
4.57		-0.0038855		
4.58		-0.0039031		
4.59		-0.0039207		
4.6		-0.0039383		
4.61		-0.003956		
4.62		-0.0039736		
4.63		-0.0039913		
4.64		-0.004009		
4.65		-0.0040267		
4.66		-0.0040444		
4.67		-0.0040621		
4.68		-0.0040799		
4.69		-0.0040976		
4.7		-0.0041154		
4.71		-0.0041332		
4.72		-0.004151		
4.73		-0.0041688		
4.74		-0.0041866		
4.75		-0.0042044		
4.76		-0.0042223		
4.77		-0.0042402		
4.78		-0.004258		
4.79		-0.0042759		
4.8		-0.0042938		
4.81		-0.0043118		
4.82		-0.0043297		
4.83		-0.0043477		
4.84		-0.0043656		
4.85		-0.0043836		
4.86		-0.0044016		
4.87		-0.0044196		
4.88		-0.0044376		
4.89		-0.0044557		
4.9		-0.0044737		
4.91		-0.0044918		
4.92		-0.0045099		
4.93		-0.004528		
4.94		-0.0045461		
4.95		-0.0045642		
4.96		-0.0045823		
4.97		-0.0046005		
4.98		-0.0046187		
4.99		-0.0046368		
5		-0.004655		
5.01		-0.0046733		
5.02		-0.0046915		
5.03		-0.0047097		
5.04		-0.004728		
5.05		-0.0047462		
5.06		-0.0047645		
5.07		-0.0047828		
5.08		-0.0048011		
5.09		-0.0048195		
5.1		-0.0048378		
5.11		-0.0048562		
5.12		-0.0048745		
5.13		-0.0048929		
5.14		-0.0049113		
5.15		-0.0049297		
5.16		-0.0049482		
5.17		-0.0049666		
5.18		-0.0049851		
5.19		-0.0050036		
5.2		-0.0050221		
5.21		-0.0050406		
5.22		-0.0050591		
5.23		-0.0050776		
5.24		-0.0050962		
5.25		-0.0051148		
5.26		-0.0051333		
5.27		-0.0051519		
5.28		-0.0051706		
5.29		-0.0051892		
5.3		-0.0052078		
5.31		-0.0052265		
5.32		-0.0052452		
5.33		-0.0052639		
5.34		-0.0052826		
5.35		-0.0053013		
5.36		-0.0053201		
5.37		-0.0053388		
5.38		-0.0053576		
5.39		-0.0053764		
5.4		-0.0053952		
5.41		-0.005414		
5.42		-0.0054329		
5.43		-0.0054518		
5.44		-0.0054706		
5.45		-0.0054895		
5.46		-0.0055084		
5.47		-0.0055274		
5.48		-0.0055463		
5.49		-0.0055653		
5.5		-0.0055842		
5.51		-0.0056032		
5.52		-0.0056223		
5.53		-0.0056413		
5.54		-0.0056603		
5.55		-0.0056794		
5.56		-0.0056985		
5.57		-0.0057176		
5.58		-0.0057367		
5.59		-0.0057558		
5.6		-0.005775		
5.61		-0.0057942		
5.62		-0.0058133		
5.63		-0.0058325		
5.64		-0.0058518		
5.65		-0.005871		
5.66		-0.0058903		
5.67		-0.0059096		
5.68		-0.0059289		
5.69		-0.0059482		
5.7		-0.0059675		
5.71		-0.0059869		
5.72		-0.0060062		
5.73		-0.0060256		
5.74		-0.006045		
5.75		-0.0060645		
5.76		-0.0060839		
5.77		-0.0061034		
5.78		-0.0061229		
5.79		-0.0061424		
5.8		-0.0061619		
5.81		-0.0061814		
5.82		-0.006201		
5.83		-0.0062206		
5.84		-0.0062402		
5.85		-0.0062598		
5.86		-0.0062795		
5.87		-0.0062991		
5.88		-0.0063188		
5.89		-0.0063385		
5.9		-0.0063582		
5.91		-0.006378		
5.92		-0.0063977		
5.93		-0.0064175		
5.94		-0.0064373		
5.95		-0.0064571		
5.96		-0.006477		
5.97		-0.0064968		
5.98		-0.0065167		
5.99		-0.0065366		
6		-0.0065566		
6.01		-0.0065765		
6.02		-0.0065965		
6.03		-0.0066165		
6.04		-0.0066365		
6.05		-0.0066565		
6.06		-0.0066766		
6.07		-0.0066967		
6.08		-0.0067168		
6.09		-0.0067369		
6.1		-0.006757		
6.11		-0.0067772		
6.12		-0.0067974		
6.13		-0.0068176		
6.14		-0.0068378		
6.15		-0.0068581		
6.16		-0.0068783		
6.17		-0.0068986		
6.18		-0.006919		
6.19		-0.0069393		
6.2		-0.0069597		
6.21		-0.0069801		
6.22		-0.0070005		
6.23		-0.0070209		
6.24		-0.0070414		
6.25		-0.0070618		
6.26		-0.0070823		
6.27		-0.0071029		
6.28		-0.0071234		
6.29		-0.007144		
6.3		-0.0071646		
6.31		-0.0071852		
6.32		-0.0072059		
6.33		-0.0072265		
6.34		-0.0072472		
6.35		-0.0072679		
6.36		-0.0072887		
6.37		-0.0073094		
6.38		-0.0073302		
6.39		-0.007351		
6.4		-0.0073719		
6.41		-0.0073927		
6.42		-0.0074136		
6.43		-0.0074345		
6.44		-0.0074554		
6.45		-0.0074764		
6.46		-0.0074974		
6.47		-0.0075184		
6.48		-0.0075394		
6.49		-0.0075605		
6.5		-0.0075816		
6.51		-0.0076027		
6.52		-0.0076238		
6.53		-0.007645		
6.54		-0.0076662		
6.55		-0.0076874		
6.56		-0.0077086		
6.57		-0.0077299		
6.58		-0.0077511		
6.59		-0.0077725		
6.6		-0.0077938		
6.61		-0.0078152		
6.62		-0.0078365		
6.63		-0.007858		
6.64		-0.0078794		
6.65		-0.0079009		
6.66		-0.0079224		
6.67		-0.0079439		
6.68		-0.0079654		
6.69		-0.007987		
6.7		-0.0080086		
6.71		-0.0080302		
6.72		-0.0080519		
6.73		-0.0080736		
6.74		-0.0080953		
6.75		-0.008117		
6.76		-0.0081388		
6.77		-0.0081606		
6.78		-0.0081824		
6.79		-0.0082042		
6.8		-0.0082261		
6.81		-0.008248		
6.82		-0.0082699		
6.83		-0.0082919		
6.84		-0.0083139		
6.85		-0.0083359		
6.86		-0.0083579		
6.87		-0.00838		
6.88		-0.0084021		
6.89		-0.0084242		
6.9		-0.0084463		
6.91		-0.0084685		
6.92		-0.0084907		
6.93		-0.008513		
6.94		-0.0085352		
6.95		-0.0085575		
6.96		-0.0085798		
6.97		-0.0086022		
6.98		-0.0086245		
6.99		-0.008647		
7		-0.0086694		
7.01		-0.0086918		
7.02		-0.0087143		
7.03		-0.0087369		
7.04		-0.0087594		
7.05		-0.008782		
7.06		-0.0088046		
7.07		-0.0088272		
7.08		-0.0088499		
7.09		-0.0088726		
7.1		-0.0088953		
7.11		-0.0089181		
7.12		-0.0089408		
7.13		-0.0089637		
7.14		-0.0089865		
7.15		-0.0090094		
7.16		-0.0090323		
7.17		-0.0090552		
7.18		-0.0090782		
7.19		-0.0091012		
7.2		-0.0091242		
7.21		-0.0091472		
7.22		-0.0091703		
7.23		-0.0091934		
7.24		-0.0092166		
7.25		-0.0092397		
7.26		-0.0092629		
7.27		-0.0092862		
7.28		-0.0093094		
7.29		-0.0093327		
7.3		-0.009356		
7.31		-0.0093794		
7.32		-0.0094028		
7.33		-0.0094262		
7.34		-0.0094496		
7.35		-0.0094731		
7.36		-0.0094966		
7.37		-0.0095202		
7.38		-0.0095437		
7.39		-0.0095673		
7.4		-0.009591		
7.41		-0.0096146		
7.42		-0.0096383		
7.43		-0.009662		
7.44		-0.0096858		
7.45		-0.0097096		
7.46		-0.0097334		
7.47		-0.0097572		
7.48		-0.0097811		
7.49		-0.009805		
7.5		-0.009829		
7.51		-0.0098529		
7.52		-0.0098769		
7.53		-0.009901		
7.54		-0.0099251		
7.55		-0.0099492		
7.56		-0.0099733		
7.57		-0.0099975		
7.58		-0.010022		
7.59		-0.010046		
7.6		-0.01007		
7.61		-0.010094		
7.62		-0.010119		
7.63		-0.010143		
7.64		-0.010167		
7.65		-0.010192		
7.66		-0.010216		
7.67		-0.010241		
7.68		-0.010265		
7.69		-0.01029		
7.7		-0.010314		
7.71		-0.010339		
7.72		-0.010364		
7.73		-0.010388		
7.74		-0.010413		
7.75		-0.010438		
7.76		-0.010463		
7.77		-0.010487		
7.78		-0.010512		
7.79		-0.010537		
7.8		-0.010562		
7.81		-0.010587		
7.82		-0.010612		
7.83		-0.010637		
7.84		-0.010662		
7.85		-0.010687		
7.86		-0.010712		
7.87		-0.010737		
7.88		-0.010762		
7.89		-0.010788		
7.9		-0.010813		
7.91		-0.010838		
7.92		-0.010863		
7.93		-0.010889		
7.94		-0.010914		
7.95		-0.01094		
7.96		-0.010965		
7.97		-0.01099		
7.98		-0.011016		
7.99		-0.011041		
8		-0.011067		
8.01		-0.011093		
8.02		-0.011118		
8.03		-0.011144		
8.04		-0.01117		
8.05		-0.011195		
8.06		-0.011221		
8.07		-0.011247		
8.08		-0.011273		
8.09		-0.011299		
8.1		-0.011324		
8.11		-0.01135		
8.12		-0.011376		
8.13		-0.011402		
8.14		-0.011428		
8.15		-0.011454		
8.16		-0.011481		
8.17		-0.011507		
8.18		-0.011533		
8.19		-0.011559		
8.2		-0.011585		
8.21		-0.011612		
8.22		-0.011638		
8.23		-0.011664		
8.24		-0.011691		
8.25		-0.011717		
8.26		-0.011743		
8.27		-0.01177		
8.28		-0.011796		
8.29		-0.011823		
8.3		-0.011849		
8.31		-0.011876		
8.32		-0.011903		
8.33		-0.011929		
8.34		-0.011956		
8.35		-0.011983		
8.36		-0.01201		
8.37		-0.012036		
8.38		-0.012063		
8.39		-0.01209		
8.4		-0.012117		
8.41		-0.012144		
8.42		-0.012171		
8.43		-0.012198		
8.44		-0.012225		
8.45		-0.012252		
8.46		-0.012279		
8.47		-0.012306		
8.48		-0.012333		
8.49		-0.012361		
8.5		-0.012388		
8.51		-0.012415		
8.52		-0.012442		
8.53		-0.01247		
8.54		-0.012497		
8.55		-0.012524		
8.56		-0.012552		
8.57		-0.012579		
8.58		-0.012607		
8.59		-0.012634		
8.6		-0.012662		
8.61		-0.01269		
8.62		-0.012717		
8.63		-0.012745		
8.64		-0.012773		
8.65		-0.0128		
8.66		-0.012828		
8.67		-0.012856		
8.68		-0.012884		
8.69		-0.012912		
8.7		-0.01294		
8.71		-0.012968		
8.72		-0.012996		
8.73		-0.013024		
8.74		-0.013052		
8.75		-0.01308		
8.76		-0.013108		
8.77		-0.013136		
8.78		-0.013164		
8.79		-0.013192		
8.8		-0.013221		
8.81		-0.013249		
8.82		-0.013277		
8.83		-0.013306		
8.84		-0.013334		
8.85		-0.013362		
8.86		-0.013391		
8.87		-0.013419		
8.88		-0.013448		
8.89		-0.013476		
8.9		-0.013505		
8.91		-0.013534		
8.92		-0.013562		
8.93		-0.013591		
8.94		-0.01362		
8.95		-0.013648		
8.96		-0.013677		
8.97		-0.013706		
8.98		-0.013735		
8.99		-0.013764		
9		-0.013793		
9.01		-0.013822		
9.02		-0.013851		
9.03		-0.01388		
9.04		-0.013909		
9.05		-0.013938		
9.06		-0.013967		
9.07		-0.013996		
9.08		-0.014025		
9.09		-0.014055		
9.1		-0.014084		
9.11		-0.014113		
9.12		-0.014142		
9.13		-0.014172		
9.14		-0.014201		
9.15		-0.014231		
9.16		-0.01426		
9.17		-0.01429		
9.18		-0.014319		
9.19		-0.014349		
9.2		-0.014378		
9.21		-0.014408		
9.22		-0.014437		
9.23		-0.014467		
9.24		-0.014497		
9.25		-0.014527		
9.26		-0.014556		
9.27		-0.014586		
9.28		-0.014616		
9.29		-0.014646		
9.3		-0.014676		
9.31		-0.014706		
9.32		-0.014736		
9.33		-0.014766		
9.34		-0.014796		
9.35		-0.014826		
9.36		-0.014856		
9.37		-0.014886		
9.38		-0.014916		
9.39		-0.014947		
9.4		-0.014977		
9.41		-0.015007		
9.42		-0.015038		
9.43		-0.015068		
9.44		-0.015098		
9.45		-0.015129		
9.46		-0.015159		
9.47		-0.01519		
9.48		-0.01522		
9.49		-0.015251		
9.5		-0.015281		
9.51		-0.015312		
9.52		-0.015342		
9.53		-0.015373		
9.54		-0.015404		
9.55		-0.015435		
9.56		-0.015465		
9.57		-0.015496		
9.58		-0.015527		
9.59		-0.015558		
9.6		-0.015589		
9.61		-0.01562		
9.62		-0.015651		
9.63		-0.015682		
9.64		-0.015713		
9.65		-0.015744		
9.66		-0.015775		
9.67		-0.015806		
9.68		-0.015837		
9.69		-0.015868		
9.7		-0.015899		
9.71		-0.015931		
9.72		-0.015962		
9.73		-0.015993		
9.74		-0.016025		
9.75		-0.016056		
9.76		-0.016087		
9.77		-0.016119		
9.78		-0.01615		
9.79		-0.016182		
9.8		-0.016213		
9.81		-0.016245		
9.82		-0.016277		
9.83		-0.016308		
9.84		-0.01634		
9.85		-0.016372		
9.86		-0.016403		
9.87		-0.016435		
9.88		-0.016467		
9.89		-0.016499		
9.9		-0.01653		
9.91		-0.016562		
9.92		-0.016594		
9.93		-0.016626		
9.94		-0.016658		
9.95		-0.01669		
9.96		-0.016722		
9.97		-0.016754		
9.98		-0.016786		
9.99		-0.016819		
10		-0.016851		
10.01		-0.016883		
10.02		-0.016915		
10.03		-0.016947		
10.04		-0.01698		
10.05		-0.017012		
10.06		-0.017044		
10.07		-0.017077		
10.08		-0.017109		
10.09		-0.017142		
10.1		-0.017174		
10.11		-0.017206		
10.12		-0.017239		
10.13		-0.017272		
10.14		-0.017304		
10.15		-0.017337		
10.16		-0.017369		
10.17		-0.017402		
10.18		-0.017435		
10.19		-0.017468		
10.2		-0.0175		
10.21		-0.017533		
10.22		-0.017566		
10.23		-0.017599		
10.24		-0.017632		
10.25		-0.017665		
10.26		-0.017698		
10.27		-0.017731		
10.28		-0.017764		
10.29		-0.017797		
10.3		-0.01783		
10.31		-0.017863		
10.32		-0.017896		
10.33		-0.017929		
10.34		-0.017962		
10.35		-0.017995		
10.36		-0.018029		
10.37		-0.018062		
10.38		-0.018095		
10.39		-0.018129		
10.4		-0.018162		
10.41		-0.018195		
10.42		-0.018229		
10.43		-0.018262		
10.44		-0.018296		
10.45		-0.018329		
10.46		-0.018363		
10.47		-0.018396		
10.48		-0.01843		
10.49		-0.018464		
10.5		-0.018497		
10.51		-0.018531		
10.52		-0.018565		
10.53		-0.018598		
10.54		-0.018632		
10.55		-0.018666		
10.56		-0.0187		
10.57		-0.018734		
10.58		-0.018768		
10.59		-0.018802		
10.6		-0.018835		
10.61		-0.018869		
10.62		-0.018903		
10.63		-0.018937		
10.64		-0.018972		
10.65		-0.019006		
10.66		-0.01904		
10.67		-0.019074		
10.68		-0.019108		
10.69		-0.019142		
10.7		-0.019176		
10.71		-0.019211		
10.72		-0.019245		
10.73		-0.019279		
10.74		-0.019314		
10.75		-0.019348		
10.76		-0.019382		
10.77		-0.019417		
10.78		-0.019451		
10.79		-0.019486		
10.8		-0.01952		
10.81		-0.019555		
10.82		-0.019589		
10.83		-0.019624		
10.84		-0.019659		
10.85		-0.019693		
10.86		-0.019728		
10.87		-0.019763		
10.88		-0.019797		
10.89		-0.019832		
10.9		-0.019867		
10.91		-0.019902		
10.92		-0.019937		
10.93		-0.019971		
10.94		-0.020006		
10.95		-0.020041		
10.96		-0.020076		
10.97		-0.020111		
10.98		-0.020146		
10.99		-0.020181		
11		-0.020216		
11.01		-0.020251		
11.02		-0.020287		
11.03		-0.020322		
11.04		-0.020357		
11.05		-0.020392		
11.06		-0.020427		
11.07		-0.020462		
11.08		-0.020498		
11.09		-0.020533		
11.1		-0.020568		
11.11		-0.020604		
11.12		-0.020639		
11.13		-0.020674		
11.14		-0.02071		
11.15		-0.020745		
11.16		-0.020781		
11.17		-0.020816		
11.18		-0.020852		
11.19		-0.020887		
11.2		-0.020923		
11.21		-0.020959		
11.22		-0.020994		
11.23		-0.02103		
11.24		-0.021066		
11.25		-0.021101		
11.26		-0.021137		
11.27		-0.021173		
11.28		-0.021209		
11.29		-0.021245		
11.3		-0.02128		
11.31		-0.021316		
11.32		-0.021352		
11.33		-0.021388		
11.34		-0.021424		
11.35		-0.02146		
11.36		-0.021496		
11.37		-0.021532		
11.38		-0.021568		
11.39		-0.021604		
11.4		-0.02164		
11.41		-0.021676		
11.42		-0.021713		
11.43		-0.021749		
11.44		-0.021785		
11.45		-0.021821		
11.46		-0.021857		
11.47		-0.021894		
11.48		-0.02193		
11.49		-0.021966		
11.5		-0.022003		
11.51		-0.022039		
11.52		-0.022076		
11.53		-0.022112		
11.54		-0.022148		
11.55		-0.022185		
11.56		-0.022221		
11.57		-0.022258		
11.58		-0.022294		
11.59		-0.022331		
11.6		-0.022368		
11.61		-0.022404		
11.62		-0.022441		
11.63		-0.022478		
11.64		-0.022514		
11.65		-0.022551		
11.66		-0.022588		
11.67		-0.022625		
11.68		-0.022661		
11.69		-0.022698		
11.7		-0.022735		
11.71		-0.022772		
11.72		-0.022809		
11.73		-0.022846		
11.74		-0.022883		
11.75		-0.02292		
11.76		-0.022957		
11.77		-0.022994		
11.78		-0.023031		
11.79		-0.023068		
11.8		-0.023105		
11.81		-0.023142		
11.82		-0.023179		
11.83		-0.023216		
11.84		-0.023253		
11.85		-0.023291		
11.86		-0.023328		
11.87		-0.023365		
11.88		-0.023402		
11.89		-0.02344		
11.9		-0.023477		
11.91		-0.023514		
11.92		-0.023552		
11.93		-0.023589		
11.94		-0.023627		
11.95		-0.023664		
11.96		-0.023702		
11.97		-0.023739		
11.98		-0.023777		
11.99		-0.023814		
12		-0.023852		
12.01		-0.023889		
12.02		-0.023927		
12.03		-0.023964		
12.04		-0.024002		
12.05		-0.02404		
12.06		-0.024078		
12.07		-0.024115		
12.08		-0.024153		
12.09		-0.024191		
12.1		-0.024229		
12.11		-0.024266		
12.12		-0.024304		
12.13		-0.024342		
12.14		-0.02438		
12.15		-0.024418		
12.16		-0.024456		
12.17		-0.024494		
12.18		-0.024532		
12.19		-0.02457		
12.2		-0.024608		
12.21		-0.024646		
12.22		-0.024684		
12.23		-0.024722		
12.24		-0.02476		
12.25		-0.024798		
12.26		-0.024836		
12.27		-0.024874		
12.28		-0.024913		
12.29		-0.024951		
12.3		-0.024989		
12.31		-0.025027		
12.32		-0.025066		
12.33		-0.025104		
12.34		-0.025142		
12.35		-0.025181		
12.36		-0.025219		
12.37		-0.025257		
12.38		-0.025296		
12.39		-0.025334		
12.4		-0.025373		
12.41		-0.025411		
12.42		-0.02545		
12.43		-0.025488		
12.44		-0.025527		
12.45		-0.025565		
12.46		-0.025604		
12.47		-0.025643		
12.48		-0.025681		
12.49		-0.02572		
12.5		-0.025759		
12.51		-0.025797		
12.52		-0.025836		
12.53		-0.025875		
12.54		-0.025914		
12.55		-0.025952		
12.56		-0.025991		
12.57		-0.02603		
12.58		-0.026069		
12.59		-0.026108		
12.6		-0.026147		
12.61		-0.026186		
12.62		-0.026225		
12.63		-0.026264		
12.64		-0.026303		
12.65		-0.026342		
12.66		-0.026381		
12.67		-0.02642		
12.68		-0.026459		
12.69		-0.026498		
12.7		-0.026537		
12.71		-0.026576		
12.72		-0.026615		
12.73		-0.026654		
12.74		-0.026694		
12.75		-0.026733		
12.76		-0.026772		
12.77		-0.026811		
12.78		-0.026851		
12.79		-0.02689		
12.8		-0.026929		
12.81		-0.026969		
12.82		-0.027008		
12.83		-0.027047		
12.84		-0.027087		
12.85		-0.027126		
12.86		-0.027166		
12.87		-0.027205		
12.88		-0.027245		
12.89		-0.027284		
12.9		-0.027324		
12.91		-0.027363		
12.92		-0.027403		
12.93		-0.027442		
12.94		-0.027482		
12.95		-0.027522		
12.96		-0.027561		
12.97		-0.027601		
12.98		-0.027641		
12.99		-0.02768		
13		-0.02772		
13.01		-0.02776		
13.02		-0.0278		
13.03		-0.02784		
13.04		-0.027879		
13.05		-0.027919		
13.06		-0.027959		
13.07		-0.027999		
13.08		-0.028039		
13.09		-0.028079		
13.1		-0.028119		
13.11		-0.028159		
13.12		-0.028199		
13.13		-0.028239		
13.14		-0.028279		
13.15		-0.028319		
13.16		-0.028359		
13.17		-0.028399		
13.18		-0.028439		
13.19		-0.028479		
13.2		-0.028519		
13.21		-0.02856		
13.22		-0.0286		
13.23		-0.02864		
13.24		-0.02868		
13.25		-0.028721		
13.26		-0.028761		
13.27		-0.028801		
13.28		-0.028841		
13.29		-0.028882		
13.3		-0.028922		
13.31		-0.028963		
13.32		-0.029003		
13.33		-0.029043		
13.34		-0.029084		
13.35		-0.029124		
13.36		-0.029165		
13.37		-0.029205		
13.38		-0.029246		
13.39		-0.029286		
13.4		-0.029327		
13.41		-0.029368		
13.42		-0.029408		
13.43		-0.029449		
13.44		-0.029489		
13.45		-0.02953		
13.46		-0.029571		
13.47		-0.029611		
13.48		-0.029652		
13.49		-0.029693		
13.5		-0.029734		
13.51		-0.029775		
13.52		-0.029815		
13.53		-0.029856		
13.54		-0.029897		
13.55		-0.029938		
13.56		-0.029979		
13.57		-0.03002		
13.58		-0.030061		
13.59		-0.030102		
13.6		-0.030143		
13.61		-0.030184		
13.62		-0.030225		
13.63		-0.030266		
13.64		-0.030307		
13.65		-0.030348		
13.66		-0.030389		
13.67		-0.03043		
13.68		-0.030471		
13.69		-0.030512		
13.7		-0.030553		
13.71		-0.030595		
13.72		-0.030636		
13.73		-0.030677		
13.74		-0.030718		
13.75		-0.030759		
13.76		-0.030801		
13.77		-0.030842		
13.78		-0.030883		
13.79		-0.030925		
13.8		-0.030966		
13.81		-0.031008		
13.82		-0.031049		
13.83		-0.03109		
13.84		-0.031132		
13.85		-0.031173		
13.86		-0.031215		
13.87		-0.031256		
13.88		-0.031298		
13.89		-0.031339		
13.9		-0.031381		
13.91		-0.031423		
13.92		-0.031464		
13.93		-0.031506		
13.94		-0.031547		
13.95		-0.031589		
13.96		-0.031631		
13.97		-0.031673		
13.98		-0.031714		
13.99		-0.031756		
14		-0.031798		
14.01		-0.03184		
14.02		-0.031881		
14.03		-0.031923		
14.04		-0.031965		
14.05		-0.032007		
14.06		-0.032049		
14.07		-0.032091		
14.08		-0.032133		
14.09		-0.032175		
14.1		-0.032217		
14.11		-0.032259		
14.12		-0.032301		
14.13		-0.032343		
14.14		-0.032385		
14.15		-0.032427		
14.16		-0.032469		
14.17		-0.032511		
14.18		-0.032553		
14.19		-0.032595		
14.2		-0.032638		
14.21		-0.03268		
14.22		-0.032722		
14.23		-0.032764		
14.24		-0.032807		
14.25		-0.032849		
14.26		-0.032891		
14.27		-0.032933		
14.28		-0.032976		
14.29		-0.033018		
14.3		-0.03306		
14.31		-0.033103		
14.32		-0.033145		
14.33		-0.033188		
14.34		-0.03323		
14.35		-0.033273		
14.36		-0.033315		
14.37		-0.033358		
14.38		-0.0334		
14.39		-0.033443		
14.4		-0.033485		
14.41		-0.033528		
14.42		-0.033571		
14.43		-0.033613		
14.44		-0.033656		
14.45		-0.033699		
14.46		-0.033741		
14.47		-0.033784		
14.48		-0.033827		
14.49		-0.03387		
14.5		-0.033912		
14.51		-0.033955		
14.52		-0.033998		
14.53		-0.034041		
14.54		-0.034084		
14.55		-0.034127		
14.56		-0.03417		
14.57		-0.034212		
14.58		-0.034255		
14.59		-0.034298		
14.6		-0.034341		
14.61		-0.034384		
14.62		-0.034427		
14.63		-0.034471		
14.64		-0.034514		
14.65		-0.034557		
14.66		-0.0346		
14.67		-0.034643		
14.68		-0.034686		
14.69		-0.034729		
14.7		-0.034772		
14.71		-0.034816		
14.72		-0.034859		
14.73		-0.034902		
14.74		-0.034946		
14.75		-0.034989		
14.76		-0.035032		
14.77		-0.035075		
14.78		-0.035119		
14.79		-0.035162		
14.8		-0.035206		
14.81		-0.035249		
14.82		-0.035293		
14.83		-0.035336		
14.84		-0.035379		
14.85		-0.035423		
14.86		-0.035467		
14.87		-0.03551		
14.88		-0.035554		
14.89		-0.035597		
14.9		-0.035641		
14.91		-0.035685		
14.92		-0.035728		
14.93		-0.035772		
14.94		-0.035816		
14.95		-0.035859		
14.96		-0.035903		
14.97		-0.035947		
14.98		-0.035991		
14.99		-0.036034		
15		-0.036078		
15.01		-0.036122		
15.02		-0.036166		
15.03		-0.03621		
15.04		-0.036254		
15.05		-0.036298		
15.06		-0.036342		
15.07		-0.036386		
15.08		-0.03643		
15.09		-0.036474		
15.1		-0.036518		
15.11		-0.036562		
15.12		-0.036606		
15.13		-0.03665		
15.14		-0.036694		
15.15		-0.036738		
15.16		-0.036782		
15.17		-0.036827		
15.18		-0.036871		
15.19		-0.036915		
15.2		-0.036959		
15.21		-0.037004		
15.22		-0.037048		
15.23		-0.037092		
15.24		-0.037136		
15.25		-0.037181		
15.26		-0.037225		
15.27		-0.03727		
15.28		-0.037314		
15.29		-0.037359		
15.3		-0.037403		
15.31		-0.037447		
15.32		-0.037492		
15.33		-0.037537		
15.34		-0.037581		
15.35		-0.037626		
15.36		-0.03767		
15.37		-0.037715		
15.38		-0.03776		
15.39		-0.037804		
15.4		-0.037849		
15.41		-0.037894		
15.42		-0.037938		
15.43		-0.037983		
15.44		-0.038028		
15.45		-0.038073		
15.46		-0.038117		
15.47		-0.038162		
15.48		-0.038207		
15.49		-0.038252		
15.5		-0.038297		
15.51		-0.038342		
15.52		-0.038387		
15.53		-0.038432		
15.54		-0.038477		
15.55		-0.038522		
15.56		-0.038567		
15.57		-0.038612		
15.58		-0.038657		
15.59		-0.038702		
15.6		-0.038747		
15.61		-0.038792		
15.62		-0.038838		
15.63		-0.038883		
15.64		-0.038928		
15.65		-0.038973		
15.66		-0.039019		
15.67		-0.039064		
15.68		-0.039109		
15.69		-0.039154		
15.7		-0.0392		
15.71		-0.039245		
15.72		-0.039291		
15.73		-0.039336		
15.74		-0.039381		
15.75		-0.039427		
15.76		-0.039472		
15.77		-0.039518		
15.78		-0.039563		
15.79		-0.039609		
15.8		-0.039655		
15.81		-0.0397		
15.82		-0.039746		
15.83		-0.039791		
15.84		-0.039837		
15.85		-0.039883		
15.86		-0.039929		
15.87		-0.039974		
15.88		-0.04002		
15.89		-0.040066		
15.9		-0.040112		
15.91		-0.040157		
15.92		-0.040203		
15.93		-0.040249		
15.94		-0.040295		
15.95		-0.040341		
15.96		-0.040387		
15.97		-0.040433		
15.98		-0.040479		
15.99		-0.040525		
16		-0.040571		
16.01		-0.040617		
16.02		-0.040663		
16.03		-0.040709		
16.04		-0.040755		
16.05		-0.040801		
16.06		-0.040848		
16.07		-0.040894		
16.08		-0.04094		
16.09		-0.040986		
16.1		-0.041033		
16.11		-0.041079		
16.12		-0.041125		
16.13		-0.041171		
16.14		-0.041218		
16.15		-0.041264		
16.16		-0.041311		
16.17		-0.041357		
16.18		-0.041403		
16.19		-0.04145		
16.2		-0.041496		
16.21		-0.041543		
16.22		-0.041589		
16.23		-0.041636		
16.24		-0.041683		
16.25		-0.041729		
16.26		-0.041776		
16.27		-0.041823		
16.28		-0.041869		
16.29		-0.041916		
16.3		-0.041963		
16.31		-0.042009		
16.32		-0.042056		
16.33		-0.042103		
16.34		-0.04215		
16.35		-0.042197		
16.36		-0.042244		
16.37		-0.04229		
16.38		-0.042337		
16.39		-0.042384		
16.4		-0.042431		
16.41		-0.042478		
16.42		-0.042525		
16.43		-0.042572		
16.44		-0.042619		
16.45		-0.042666		
16.46		-0.042714		
16.47		-0.042761		
16.48		-0.042808		
16.49		-0.042855		
16.5		-0.042902		
16.51		-0.042949		
16.52		-0.042997		
16.53		-0.043044		
16.54		-0.043091		
16.55		-0.043139		
16.56		-0.043186		
16.57		-0.043233		
16.58		-0.043281		
16.59		-0.043328		
16.6		-0.043376		
16.61		-0.043423		
16.62		-0.043471		
16.63		-0.043518		
16.64		-0.043566		
16.65		-0.043613		
16.66		-0.043661		
16.67		-0.043708		
16.68		-0.043756		
16.69		-0.043804		
16.7		-0.043851		
16.71		-0.043899		
16.72		-0.043947		
16.73		-0.043995		
16.74		-0.044042		
16.75		-0.04409		
16.76		-0.044138		
16.77		-0.044186		
16.78		-0.044234		
16.79		-0.044282		
16.8		-0.04433		
16.81		-0.044377		
16.82		-0.044425		
16.83		-0.044473		
16.84		-0.044521		
16.85		-0.04457		
16.86		-0.044618		
16.87		-0.044666		
16.88		-0.044714		
16.89		-0.044762		
16.9		-0.04481		
16.91		-0.044858		
16.92		-0.044907		
16.93		-0.044955		
16.94		-0.045003		
16.95		-0.045051		
16.96		-0.0451		
16.97		-0.045148		
16.98		-0.045196		
16.99		-0.045245		
17		-0.045293		
17.01		-0.045342		
17.02		-0.04539		
17.03		-0.045439		
17.04		-0.045487		
17.05		-0.045536		
17.06		-0.045584		
17.07		-0.045633		
17.08		-0.045681		
17.09		-0.04573		
17.1		-0.045779		
17.11		-0.045827		
17.12		-0.045876		
17.13		-0.045925		
17.14		-0.045973		
17.15		-0.046022		
17.16		-0.046071		
17.17		-0.04612		
17.18		-0.046169		
17.19		-0.046218		
17.2		-0.046266		
17.21		-0.046315		
17.22		-0.046364		
17.23		-0.046413		
17.24		-0.046462		
17.25		-0.046511		
17.26		-0.04656		
17.27		-0.046609		
17.28		-0.046659		
17.29		-0.046708		
17.3		-0.046757		
17.31		-0.046806		
17.32		-0.046855		
17.33		-0.046904		
17.34		-0.046954		
17.35		-0.047003		
17.36		-0.047052		
17.37		-0.047102		
17.38		-0.047151		
17.39		-0.0472		
17.4		-0.04725		
17.41		-0.047299		
17.42		-0.047348		
17.43		-0.047398		
17.44		-0.047447		
17.45		-0.047497		
17.46		-0.047547		
17.47		-0.047596		
17.48		-0.047646		
17.49		-0.047695		
17.5		-0.047745		
17.51		-0.047795		
17.52		-0.047844		
17.53		-0.047894		
17.54		-0.047944		
17.55		-0.047993		
17.56		-0.048043		
17.57		-0.048093		
17.58		-0.048143		
17.59		-0.048193		
17.6		-0.048243		
17.61		-0.048293		
17.62		-0.048342		
17.63		-0.048392		
17.64		-0.048442		
17.65		-0.048492		
17.66		-0.048542		
17.67		-0.048593		
17.68		-0.048643		
17.69		-0.048693		
17.7		-0.048743		
17.71		-0.048793		
17.72		-0.048843		
17.73		-0.048893		
17.74		-0.048944		
17.75		-0.048994		
17.76		-0.049044		
17.77		-0.049094		
17.78		-0.049145		
17.79		-0.049195		
17.8		-0.049245		
17.81		-0.049296		
17.82		-0.049346		
17.83		-0.049397		
17.84		-0.049447		
17.85		-0.049498		
17.86		-0.049548		
17.87		-0.049599		
17.88		-0.049649		
17.89		-0.0497		
17.9		-0.049751		
17.91		-0.049801		
17.92		-0.049852		
17.93		-0.049903		
17.94		-0.049953		
17.95		-0.050004		
17.96		-0.050055		
17.97		-0.050106		
17.98		-0.050156		
17.99		-0.050207		
18		-0.050258		
18.01		-0.050309		
18.02		-0.05036		
18.03		-0.050411		
18.04		-0.050462		
18.05		-0.050513		
18.06		-0.050564		
18.07		-0.050615		
18.08		-0.050666		
18.09		-0.050717		
18.1		-0.050768		
18.11		-0.050819		
18.12		-0.05087		
18.13		-0.050922		
18.14		-0.050973		
18.15		-0.051024		
18.16		-0.051075		
18.17		-0.051127		
18.18		-0.051178		
18.19		-0.051229		
18.2		-0.051281		
18.21		-0.051332		
18.22		-0.051383		
18.23		-0.051435		
18.24		-0.051486		
18.25		-0.051538		
18.26		-0.051589		
18.27		-0.051641		
18.28		-0.051692		
18.29		-0.051744		
18.3		-0.051795		
18.31		-0.051847		
18.32		-0.051899		
18.33		-0.05195		
18.34		-0.052002		
18.35		-0.052054		
18.36		-0.052105		
18.37		-0.052157		
18.38		-0.052209		
18.39		-0.052261		
18.4		-0.052313		
18.41		-0.052364		
18.42		-0.052416		
18.43		-0.052468		
18.44		-0.05252		
18.45		-0.052572		
18.46		-0.052624		
18.47		-0.052676		
18.48		-0.052728		
18.49		-0.05278		
18.5		-0.052832		
18.51		-0.052884		
18.52		-0.052936		
18.53		-0.052989		
18.54		-0.053041		
18.55		-0.053093		
18.56		-0.053146		
18.57		-0.053198		
18.58		-0.05325		
18.59		-0.053303		
18.6		-0.053355		
18.61		-0.053407		
18.62		-0.053459		
18.63		-0.053512		
18.64		-0.053564		
18.65		-0.053616		
18.66		-0.053668		
18.67		-0.05372		
18.68		-0.053772		
18.69		-0.053824		
18.7		-0.053876		
18.71		-0.053928		
18.72		-0.05398		
18.73		-0.054032		
18.74		-0.054084		
18.75		-0.054136		
18.76		-0.054188		
18.77		-0.05424		
18.78		-0.054292		
18.79		-0.054343		
18.8		-0.054395		
18.81		-0.054447		
18.82		-0.054499		
18.83		-0.05455		
18.84		-0.054602		
18.85		-0.054654		
18.86		-0.054705		
18.87		-0.054757		
18.88		-0.054808		
18.89		-0.05486		
18.9		-0.054911		
18.91		-0.054963		
18.92		-0.055014		
18.93		-0.055066		
18.94		-0.055117		
18.95		-0.055169		
18.96		-0.05522		
18.97		-0.055271		
18.98		-0.055323		
18.99		-0.055374		
19		-0.055425		
19.01		-0.055476		
19.02		-0.055527		
19.03		-0.055579		
19.04		-0.05563		
19.05		-0.055681		
19.06		-0.055732		
19.07		-0.055783		
19.08		-0.055834		
19.09		-0.055885		
19.1		-0.055936		
19.11		-0.055987		
19.12		-0.056038		
19.13		-0.056089		
19.14		-0.05614		
19.15		-0.056191		
19.16		-0.056241		
19.17		-0.056292		
19.18		-0.056343		
19.19		-0.056394		
19.2		-0.056444		
19.21		-0.056495		
19.22		-0.056546		
19.23		-0.056596		
19.24		-0.056647		
19.25		-0.056698		
19.26		-0.056748		
19.27		-0.056799		
19.28		-0.056849		
19.29		-0.0569		
19.3		-0.05695		
19.31		-0.057		
19.32		-0.057051		
19.33		-0.057101		
19.34		-0.057152		
19.35		-0.057202		
19.36		-0.057252		
19.37		-0.057302		
19.38		-0.057353		
19.39		-0.057403		
19.4		-0.057453		
19.41		-0.057503		
19.42		-0.057553		
19.43		-0.057603		
19.44		-0.057653		
19.45		-0.057703		
19.46		-0.057753		
19.47		-0.057803		
19.48		-0.057853		
19.49		-0.057903		
19.5		-0.057953		
19.51		-0.058003		
19.52		-0.058053		
19.53		-0.058102		
19.54		-0.058152		
19.55		-0.058202		
19.56		-0.058252		
19.57		-0.058301		
19.58		-0.058351		
19.59		-0.0584		
19.6		-0.05845		
19.61		-0.0585		
19.62		-0.058549		
19.63		-0.058599		
19.64		-0.058648		
19.65		-0.058698		
19.66		-0.058747		
19.67		-0.058796		
19.68		-0.058846		
19.69		-0.058895		
19.7		-0.058944		
19.71		-0.058994		
19.72		-0.059043		
19.73		-0.059092		
19.74		-0.059141		
19.75		-0.05919		
19.76		-0.05924		
19.77		-0.059289		
19.78		-0.059338		
19.79		-0.059387		
19.8		-0.059436		
19.81		-0.059485		
19.82		-0.059534		
19.83		-0.059583		
19.84		-0.059632		
19.85		-0.05968		
19.86		-0.059729		
19.87		-0.059778		
19.88		-0.059827		
19.89		-0.059876		
19.9		-0.059924		
19.91		-0.059973		
19.92		-0.060022		
19.93		-0.06007		
19.94		-0.060119		
19.95		-0.060167		
19.96		-0.060216		
19.97		-0.060264		
19.98		-0.060313		
19.99		-0.060361		
20		-0.06041		
20.01		-0.060458		
20.02		-0.060507		
20.03		-0.060555		
20.04		-0.060603		
20.05		-0.060651		
20.06		-0.0607		
20.07		-0.060748		
20.08		-0.060796		
20.09		-0.060844		
20.1		-0.060892		
20.11		-0.06094		
20.12		-0.060988		
20.13		-0.061036		
20.14		-0.061084		
20.15		-0.061132		
20.16		-0.06118		
20.17		-0.061228		
20.18		-0.061276		
20.19		-0.061324		
20.2		-0.061372		
20.21		-0.06142		
20.22		-0.061467		
20.23		-0.061515		
20.24		-0.061563		
20.25		-0.06161		
20.26		-0.061658		
20.27		-0.061706		
20.28		-0.061753		
20.29		-0.061801		
20.3		-0.061848		
20.31		-0.061896		
20.32		-0.061943		
20.33		-0.061991		
20.34		-0.062038		
20.35		-0.062085		
20.36		-0.062133		
20.37		-0.06218		
20.38		-0.062227		
20.39		-0.062274		
20.4		-0.062322		
20.41		-0.062369		
20.42		-0.062416		
20.43		-0.062463		
20.44		-0.06251		
20.45		-0.062557		
20.46		-0.062604		
20.47		-0.062651		
20.48		-0.062698		
20.49		-0.062745		
20.5		-0.062792		
20.51		-0.062839		
20.52		-0.062885		
20.53		-0.062932		
20.54		-0.062979		
20.55		-0.063026		
20.56		-0.063072		
20.57		-0.063119		
20.58		-0.063166		
20.59		-0.063212		
20.6		-0.063259		
20.61		-0.063305		
20.62		-0.063352		
20.63		-0.063398		
20.64		-0.063445		
20.65		-0.063491		
20.66		-0.063538		
20.67		-0.063584		
20.68		-0.06363		
20.69		-0.063677		
20.7		-0.063723		
20.71		-0.063769		
20.72		-0.063815		
20.73		-0.063862		
20.74		-0.063908		
20.75		-0.063954		
20.76		-0.064		
20.77		-0.064046		
20.78		-0.064092		
20.79		-0.064138		
20.8		-0.064184		
20.81		-0.06423		
20.82		-0.064276		
20.83		-0.064321		
20.84		-0.064367		
20.85		-0.064413		
20.86		-0.064459		
20.87		-0.064504		
20.88		-0.06455		
20.89		-0.064596		
20.9		-0.064641		
20.91		-0.064687		
20.92		-0.064733		
20.93		-0.064778		
20.94		-0.064824		
20.95		-0.064869		
20.96		-0.064914		
20.97		-0.06496		
20.98		-0.065005		
20.99		-0.06505		
21		-0.065096		
21.01		-0.065141		
21.02		-0.065186		
21.03		-0.065231		
21.04		-0.065277		
21.05		-0.065322		
21.06		-0.065367		
21.07		-0.065412		
21.08		-0.065457		
21.09		-0.065502		
21.1		-0.065547		
21.11		-0.065592		
21.12		-0.065637		
21.13		-0.065682		
21.14		-0.065727		
21.15		-0.065771		
21.16		-0.065816		
21.17		-0.065861		
21.18		-0.065906		
21.19		-0.06595		
21.2		-0.065995		
21.21		-0.06604		
21.22		-0.066084		
21.23		-0.066129		
21.24		-0.066173		
21.25		-0.066218		
21.26		-0.066262		
21.27		-0.066307		
21.28		-0.066351		
21.29		-0.066395		
21.3		-0.06644		
21.31		-0.066484		
21.32		-0.066528		
21.33		-0.066572		
21.34		-0.066617		
21.35		-0.066661		
21.36		-0.066705		
21.37		-0.066749		
21.38		-0.066793		
21.39		-0.066837		
21.4		-0.066881		
21.41		-0.066925		
21.42		-0.066969		
21.43		-0.067013		
21.44		-0.067057		
21.45		-0.0671		
21.46		-0.067144		
21.47		-0.067188		
21.48		-0.067232		
21.49		-0.067275		
21.5		-0.067319		
21.51		-0.067363		
21.52		-0.067406		
21.53		-0.06745		
21.54		-0.067493		
21.55		-0.067537		
21.56		-0.06758		
21.57		-0.067624		
21.58		-0.067667		
21.59		-0.067711		
21.6		-0.067754		
21.61		-0.067797		
21.62		-0.06784		
21.63		-0.067884		
21.64		-0.067927		
21.65		-0.06797		
21.66		-0.068013		
21.67		-0.068056		
21.68		-0.068099		
21.69		-0.068142		
21.7		-0.068185		
21.71		-0.068228		
21.72		-0.068271		
21.73		-0.068314		
21.74		-0.068357		
21.75		-0.0684		
21.76		-0.068443		
21.77		-0.068485		
21.78		-0.068528		
21.79		-0.068571		
21.8		-0.068613		
21.81		-0.068656		
21.82		-0.068699		
21.83		-0.068741		
21.84		-0.068784		
21.85		-0.068826		
21.86		-0.068869		
21.87		-0.068911		
21.88		-0.068953		
21.89		-0.068996		
21.9		-0.069038		
21.91		-0.06908		
21.92		-0.069123		
21.93		-0.069165		
21.94		-0.069207		
21.95		-0.069249		
21.96		-0.069291		
21.97		-0.069333		
21.98		-0.069376		
21.99		-0.069418		
22		-0.06946		
22.01		-0.069501		
22.02		-0.069543		
22.03		-0.069585		
22.04		-0.069627		
22.05		-0.069669		
22.06		-0.069711		
22.07		-0.069752		
22.08		-0.069794		
22.09		-0.069836		
22.1		-0.069878		
22.11		-0.069919		
22.12		-0.069961		
22.13		-0.070002		
22.14		-0.070044		
22.15		-0.070085		
22.16		-0.070127		
22.17		-0.070168		
22.18		-0.070209		
22.19		-0.070251		
22.2		-0.070292		
22.21		-0.070333		
22.22		-0.070375		
22.23		-0.070416		
22.24		-0.070457		
22.25		-0.070498		
22.26		-0.070539		
22.27		-0.07058		
22.28		-0.070621		
22.29		-0.070662		
22.3		-0.070703		
22.31		-0.070744		
22.32		-0.070785		
22.33		-0.070826		
22.34		-0.070867		
22.35		-0.070908		
22.36		-0.070948		
22.37		-0.070989		
22.38		-0.07103		
22.39		-0.07107		
22.4		-0.071111		
22.41		-0.071152		
22.42		-0.071192		
22.43		-0.071233		
22.44		-0.071273		
22.45		-0.071314		
22.46		-0.071354		
22.47		-0.071395		
22.48		-0.071435		
22.49		-0.071475		
22.5		-0.071515		
22.51		-0.071556		
22.52		-0.071596		
22.53		-0.071636		
22.54		-0.071676		
22.55		-0.071716		
22.56		-0.071756		
22.57		-0.071796		
22.58		-0.071837		
22.59		-0.071876		
22.6		-0.071916		
22.61		-0.071956		
22.62		-0.071996		
22.63		-0.072036		
22.64		-0.072076		
22.65		-0.072116		
22.66		-0.072155		
22.67		-0.072195		
22.68		-0.072235		
22.69		-0.072274		
22.7		-0.072314		
22.71		-0.072353		
22.72		-0.072393		
22.73		-0.072432		
22.74		-0.072472		
22.75		-0.072511		
22.76		-0.072551		
22.77		-0.07259		
22.78		-0.072629		
22.79		-0.072669		
22.8		-0.072708		
22.81		-0.072747		
22.82		-0.072786		
22.83		-0.072825		
22.84		-0.072865		
22.85		-0.072904		
22.86		-0.072943		
22.87		-0.072982		
22.88		-0.073021		
22.89		-0.07306		
22.9		-0.073099		
22.91		-0.073137		
22.92		-0.073176		
22.93		-0.073215		
22.94		-0.073254		
22.95		-0.073293		
22.96		-0.073331		
22.97		-0.07337		
22.98		-0.073409		
22.99		-0.073447		
23		-0.073486		
23.01		-0.073524		
23.02		-0.073563		
23.03		-0.073601		
23.04		-0.07364		
23.05		-0.073678		
23.06		-0.073716		
23.07		-0.073755		
23.08		-0.073793		
23.09		-0.073831		
23.1		-0.073869		
23.11		-0.073908		
23.12		-0.073946		
23.13		-0.073984		
23.14		-0.074022		
23.15		-0.07406		
23.16		-0.074098		
23.17		-0.074136		
23.18		-0.074174		
23.19		-0.074212		
23.2		-0.07425		
23.21		-0.074287		
23.22		-0.074325		
23.23		-0.074363		
23.24		-0.074401		
23.25		-0.074438		
23.26		-0.074476		
23.27		-0.074514		
23.28		-0.074551		
23.29		-0.074589		
23.3		-0.074626		
23.31		-0.074664		
23.32		-0.074701		
23.33		-0.074739		
23.34		-0.074776		
23.35		-0.074813		
23.36		-0.074851		
23.37		-0.074888		
23.38		-0.074925		
23.39		-0.074962		
23.4		-0.074999		
23.41		-0.075037		
23.42		-0.075074		
23.43		-0.075111		
23.44		-0.075148		
23.45		-0.075185		
23.46		-0.075222		
23.47		-0.075259		
23.48		-0.075295		
23.49		-0.075332		
23.5		-0.075369		
23.51		-0.075406		
23.52		-0.075443		
23.53		-0.075479		
23.54		-0.075516		
23.55		-0.075553		
23.56		-0.075589		
23.57		-0.075626		
23.58		-0.075662		
23.59		-0.075699		
23.6		-0.075735		
23.61		-0.075772		
23.62		-0.075808		
23.63		-0.075845		
23.64		-0.075881		
23.65		-0.075917		
23.66		-0.075953		
23.67		-0.07599		
23.68		-0.076026		
23.69		-0.076062		
23.7		-0.076098		
23.71		-0.076134		
23.72		-0.07617		
23.73		-0.076206		
23.74		-0.076242		
23.75		-0.076278		
23.76		-0.076314		
23.77		-0.07635		
23.78		-0.076386		
23.79		-0.076422		
23.8		-0.076457		
23.81		-0.076493		
23.82		-0.076529		
23.83		-0.076564		
23.84		-0.0766		
23.85		-0.076636		
23.86		-0.076671		
23.87		-0.076707		
23.88		-0.076742		
23.89		-0.076778		
23.9		-0.076813		
23.91		-0.076848		
23.92		-0.076884		
23.93		-0.076919		
23.94		-0.076954		
23.95		-0.07699		
23.96		-0.077025		
23.97		-0.07706		
23.98		-0.077095		
23.99		-0.07713		
24		-0.077165		
24.01		-0.0772		
24.02		-0.077235		
24.03		-0.07727		
24.04		-0.077305		
24.05		-0.07734		
24.06		-0.077375		
24.07		-0.07741		
24.08		-0.077445		
24.09		-0.077479		
24.1		-0.077514		
24.11		-0.077549		
24.12		-0.077583		
24.13		-0.077618		
24.14		-0.077652		
24.15		-0.077687		
24.16		-0.077722		
24.17		-0.077756		
24.18		-0.07779		
24.19		-0.077825		
24.2		-0.077859		
24.21		-0.077894		
24.22		-0.077928		
24.23		-0.077962		
24.24		-0.077996		
24.25		-0.07803		
24.26		-0.078065		
24.27		-0.078099		
24.28		-0.078133		
24.29		-0.078167		
24.3		-0.078201		
24.31		-0.078235		
24.32		-0.078269		
24.33		-0.078303		
24.34		-0.078337		
24.35		-0.07837		
24.36		-0.078404		
24.37		-0.078438		
24.38		-0.078471		
24.39		-0.078504		
24.4		-0.078537		
24.41		-0.078568		
24.42		-0.0786		
24.43		-0.078631		
24.44		-0.078661		
24.45		-0.078691		
24.46		-0.07872		
24.47		-0.078749		
24.48		-0.078778		
24.49		-0.078806		
24.5		-0.078833		
24.51		-0.07886		
24.52		-0.078887		
24.53		-0.078913		
24.54		-0.078939		
24.55		-0.078964		
24.56		-0.078989		
24.57		-0.079013		
24.58		-0.079037		
24.59		-0.07906		
24.6		-0.079083		
24.61		-0.079105		
24.62		-0.079127		
24.63		-0.079149		
24.64		-0.07917		
24.65		-0.07919		
24.66		-0.079211		
24.67		-0.07923		
24.68		-0.07925		
24.69		-0.079269		
24.7		-0.079287		
24.71		-0.079305		
24.72		-0.079323		
24.73		-0.07934		
24.74		-0.079356		
24.75		-0.079373		
24.76		-0.079389		
24.77		-0.079404		
24.78		-0.079419		
24.79		-0.079434		
24.8		-0.079448		
24.81		-0.079462		
24.82		-0.079475		
24.83		-0.079488		
24.84		-0.079501		
24.85		-0.079513		
24.86		-0.079525		
24.87		-0.079537		
24.88		-0.079548		
24.89		-0.079558		
24.9		-0.079569		
24.91		-0.079579		
24.92		-0.079588		
24.93		-0.079598		
24.94		-0.079606		
24.95		-0.079615		
24.96		-0.079623		
24.97		-0.079631		
24.98		-0.079638		
24.99		-0.079645		
25		-0.079652		
25.01		-0.079658		
25.02		-0.079664		
25.03		-0.07967		
25.04		-0.079675		
25.05		-0.07968		
25.06		-0.079685		
25.07		-0.079689		
25.08		-0.079693		
25.09		-0.079697		
25.1		-0.0797		
25.11		-0.079703		
25.12		-0.079706		
25.13		-0.079708		
25.14		-0.07971		
25.15		-0.079712		
25.16		-0.079714		
25.17		-0.079715		
25.18		-0.079715		
25.19		-0.079716		
25.2		-0.079716		
25.21		-0.079716		
25.22		-0.079715		
25.23		-0.079715		
25.24		-0.079714		
25.25		-0.079712		
25.26		-0.079711		
25.27		-0.079709		
25.28		-0.079706		
25.29		-0.079704		
25.3		-0.079701		
25.31		-0.079698		
25.32		-0.079695		
25.33		-0.079691		
25.34		-0.079687		
25.35		-0.079683		
25.36		-0.079678		
25.37		-0.079673		
25.38		-0.079668		
25.39		-0.079663		
25.4		-0.079657		
25.41		-0.079651		
25.42		-0.079645		
25.43		-0.079639		
25.44		-0.079632		
25.45		-0.079625		
25.46		-0.079618		
25.47		-0.07961		
25.48		-0.079603		
25.49		-0.079594		
25.5		-0.079586		
25.51		-0.079578		
25.52		-0.079569		
25.53		-0.07956		
25.54		-0.07955		
25.55		-0.079541		
25.56		-0.079531		
25.57		-0.079521		
25.58		-0.07951		
25.59		-0.0795		
25.6		-0.079489		
25.61		-0.079478		
25.62		-0.079466		
25.63		-0.079454		
25.64		-0.079443		
25.65		-0.07943		
25.66		-0.079418		
25.67		-0.079405		
25.68		-0.079392		
25.69		-0.079379		
25.7		-0.079366		
25.71		-0.079352		
25.72		-0.079338		
25.73		-0.079324		
25.74		-0.07931		
25.75		-0.079295		
25.76		-0.079281		
25.77		-0.079265		
25.78		-0.07925		
25.79		-0.079235		
25.8		-0.079219		
25.81		-0.079203		
25.82		-0.079186		
25.83		-0.07917		
25.84		-0.079153		
25.85		-0.079136		
25.86		-0.079119		
25.87		-0.079102		
25.88		-0.079084		
25.89		-0.079066		
25.9		-0.079048		
25.91		-0.07903		
25.92		-0.079011		
25.93		-0.078992		
25.94		-0.078973		
25.95		-0.078954		
25.96		-0.078934		
25.97		-0.078914		
25.98		-0.078894		
25.99		-0.078874		
26		-0.078854		
26.01		-0.078833		
26.02		-0.078812		
26.03		-0.078791		
26.04		-0.07877		
26.05		-0.078748		
26.06		-0.078726		
26.07		-0.078704		
26.08		-0.078682		
26.09		-0.07866		
26.1		-0.078637		
26.11		-0.078614		
26.12		-0.078591		
26.13		-0.078568		
26.14		-0.078544		
26.15		-0.07852		
26.16		-0.078496		
26.17		-0.078472		
26.18		-0.078448		
26.19		-0.078423		
26.2		-0.078398		
26.21		-0.078373		
26.22		-0.078348		
26.23		-0.078322		
26.24		-0.078296		
26.25		-0.07827		
26.26		-0.078244		
26.27		-0.078218		
26.28		-0.078191		
26.29		-0.078164		
26.3		-0.078137		
26.31		-0.07811		
26.32		-0.078083		
26.33		-0.078055		
26.34		-0.078027		
26.35		-0.077999		
26.36		-0.077971		
26.37		-0.077942		
26.38		-0.077913		
26.39		-0.077884		
26.4		-0.077855		
26.41		-0.077826		
26.42		-0.077796		
26.43		-0.077766		
26.44		-0.077736		
26.45		-0.077706		
26.46		-0.077676		
26.47		-0.077645		
26.48		-0.077614		
26.49		-0.077583		
26.5		-0.077552		
26.51		-0.07752		
26.52		-0.077489		
26.53		-0.077457		
26.54		-0.077425		
26.55		-0.077392		
26.56		-0.07736		
26.57		-0.077327		
26.58		-0.077294		
26.59		-0.077261		
26.6		-0.077228		
26.61		-0.077194		
26.62		-0.07716		
26.63		-0.077127		
26.64		-0.077092		
26.65		-0.077058		
26.66		-0.077023		
26.67		-0.076989		
26.68		-0.076954		
26.69		-0.076919		
26.7		-0.076883		
26.71		-0.076848		
26.72		-0.076812		
26.73		-0.076776		
26.74		-0.07674		
26.75		-0.076703		
26.76		-0.076667		
26.77		-0.07663		
26.78		-0.076593		
26.79		-0.076556		
26.8		-0.076519		
26.81		-0.076481		
26.82		-0.076443		
26.83		-0.076405		
26.84		-0.076367		
26.85		-0.076329		
26.86		-0.07629		
26.87		-0.076251		
26.88		-0.076213		
26.89		-0.076173		
26.9		-0.076134		
26.91		-0.076095		
26.92		-0.076055		
26.93		-0.076015		
26.94		-0.075975		
26.95		-0.075935		
26.96		-0.075894		
26.97		-0.075853		
26.98		-0.075813		
26.99		-0.075772		
27		-0.07573		
27.01		-0.075689		
27.02		-0.075647		
27.03		-0.075605		
27.04		-0.075563		
27.05		-0.075521		
27.06		-0.075479		
27.07		-0.075436		
27.08		-0.075393		
27.09		-0.075351		
27.1		-0.075307		
27.11		-0.075264		
27.12		-0.075221		
27.13		-0.075177		
27.14		-0.075133		
27.15		-0.075089		
27.16		-0.075045		
27.17		-0.075		
27.18		-0.074956		
27.19		-0.074911		
27.2		-0.074866		
27.21		-0.074821		
27.22		-0.074775		
27.23		-0.07473		
27.24		-0.074684		
27.25		-0.074638		
27.26		-0.074592		
27.27		-0.074546		
27.28		-0.074499		
27.29		-0.074453		
27.3		-0.074406		
27.31		-0.074359		
27.32		-0.074312		
27.33		-0.074265		
27.34		-0.074217		
27.35		-0.074169		
27.36		-0.074122		
27.37		-0.074073		
27.38		-0.074025		
27.39		-0.073977		
27.4		-0.073928		
27.41		-0.07388		
27.42		-0.073831		
27.43		-0.073782		
27.44		-0.073732		
27.45		-0.073683		
27.46		-0.073633		
27.47		-0.073584		
27.48		-0.073534		
27.49		-0.073483		
27.5		-0.073433		
27.51		-0.073383		
27.52		-0.073332		
27.53		-0.073281		
27.54		-0.07323		
27.55		-0.073179		
27.56		-0.073128		
27.57		-0.073076		
27.58		-0.073025		
27.59		-0.072973		
27.6		-0.072921		
27.61		-0.072869		
27.62		-0.072817		
27.63		-0.072764		
27.64		-0.072712		
27.65		-0.072659		
27.66		-0.072606		
27.67		-0.072553		
27.68		-0.0725		
27.69		-0.072446		
27.7		-0.072392		
27.71		-0.072339		
27.72		-0.072285		
27.73		-0.072231		
27.74		-0.072177		
27.75		-0.072122		
27.76		-0.072068		
27.77		-0.072013		
27.78		-0.071958		
27.79		-0.071903		
27.8		-0.071848		
27.81		-0.071793		
27.82		-0.071737		
27.83		-0.071681		
27.84		-0.071626		
27.85		-0.07157		
27.86		-0.071514		
27.87		-0.071457		
27.88		-0.071401		
27.89		-0.071344		
27.9		-0.071288		
27.91		-0.071231		
27.92		-0.071174		
27.93		-0.071117		
27.94		-0.071059		
27.95		-0.071002		
27.96		-0.070944		
27.97		-0.070887		
27.98		-0.070829		
27.99		-0.070771		
28		-0.070712		
28.01		-0.070654		
28.02		-0.070596		
28.03		-0.070537		
28.04		-0.070478		
28.05		-0.070419		
28.06		-0.07036		
28.07		-0.070301		
28.08		-0.070242		
28.09		-0.070182		
28.1		-0.070123		
28.11		-0.070063		
28.12		-0.070003		
28.13		-0.069943		
28.14		-0.069883		
28.15		-0.069822		
28.16		-0.069762		
28.17		-0.069701		
28.18		-0.069641		
28.19		-0.06958		
28.2		-0.069519		
28.21		-0.069458		
28.22		-0.069397		
28.23		-0.069335		
28.24		-0.069274		
28.25		-0.069212		
28.26		-0.06915		
28.27		-0.069088		
28.28		-0.069026		
28.29		-0.068964		
28.3		-0.068902		
28.31		-0.068839		
28.32		-0.068777		
28.33		-0.068714		
28.34		-0.068651		
28.35		-0.068588		
28.36		-0.068525		
28.37		-0.068462		
28.38		-0.068399		
28.39		-0.068335		
28.4		-0.068272		
28.41		-0.068208		
28.42		-0.068144		
28.43		-0.06808		
28.44		-0.068016		
28.45		-0.067952		
28.46		-0.067888		
28.47		-0.067824		
28.48		-0.067759		
28.49		-0.067694		
28.5		-0.06763		
28.51		-0.067565		
28.52		-0.0675		
28.53		-0.067435		
28.54		-0.067369		
28.55		-0.067304		
28.56		-0.067239		
28.57		-0.067173		
28.58		-0.067107		
28.59		-0.067042		
28.6		-0.066976		
28.61		-0.06691		
28.62		-0.066844		
28.63		-0.066777		
28.64		-0.066711		
28.65		-0.066645		
28.66		-0.066578		
28.67		-0.066511		
28.68		-0.066445		
28.69		-0.066378		
28.7		-0.066311		
28.71		-0.066244		
28.72		-0.066177		
28.73		-0.066109		
28.74		-0.066042		
28.75		-0.065974		
28.76		-0.065907		
28.77		-0.065839		
28.78		-0.065771		
28.79		-0.065703		
28.8		-0.065635		
28.81		-0.065567		
28.82		-0.065499		
28.83		-0.065431		
28.84		-0.065362		
28.85		-0.065294		
28.86		-0.065225		
28.87		-0.065157		
28.88		-0.065088		
28.89		-0.065019		
28.9		-0.06495		
28.91		-0.064881		
28.92		-0.064812		
28.93		-0.064743		
28.94		-0.064673		
28.95		-0.064604		
28.96		-0.064534		
28.97		-0.064465		
28.98		-0.064395		
28.99		-0.064325		
29		-0.064256		
29.01		-0.064186		
29.02		-0.064116		
29.03		-0.064046		
29.04		-0.063975		
29.05		-0.063905		
29.06		-0.063835		
29.07		-0.063764		
29.08		-0.063694		
29.09		-0.063623		
29.1		-0.063552		
29.11		-0.063482		
29.12		-0.063411		
29.13		-0.06334		
29.14		-0.063269		
29.15		-0.063198		
29.16		-0.063127		
29.17		-0.063056		
29.18		-0.062984		
29.19		-0.062913		
29.2		-0.062841		
29.21		-0.06277		
29.22		-0.062698		
29.23		-0.062627		
29.24		-0.062555		
29.25		-0.062483		
29.26		-0.062411		
29.27		-0.062339		
29.28		-0.062267		
29.29		-0.062195		
29.3		-0.062123		
29.31		-0.062051		
29.32		-0.061978		
29.33		-0.061906		
29.34		-0.061834		
29.35		-0.061761		
29.36		-0.061689		
29.37		-0.061616		
29.38		-0.061543		
29.39		-0.061471		
29.4		-0.061398		
29.41		-0.061325		
29.42		-0.061252		
29.43		-0.061179		
29.44		-0.061106		
29.45		-0.061033		
29.46		-0.06096		
29.47		-0.060887		
29.48		-0.060813		
29.49		-0.06074		
29.5		-0.060667		
29.51		-0.060593		
29.52		-0.06052		
29.53		-0.060446		
29.54		-0.060373		
29.55		-0.060299		
29.56		-0.060225		
29.57		-0.060151		
29.58		-0.060078		
29.59		-0.060004		
29.6		-0.05993		
29.61		-0.059856		
29.62		-0.059782		
29.63		-0.059708		
29.64		-0.059634		
29.65		-0.05956		
29.66		-0.059486		
29.67		-0.059411		
29.68		-0.059337		
29.69		-0.059263		
29.7		-0.059188		
29.71		-0.059114		
29.72		-0.05904		
29.73		-0.058965		
29.74		-0.058891		
29.75		-0.058816		
29.76		-0.058741		
29.77		-0.058667		
29.78		-0.058592		
29.79		-0.058517		
29.8		-0.058443		
29.81		-0.058368		
29.82		-0.058293		
29.83		-0.058218		
29.84		-0.058143		
29.85		-0.058068		
29.86		-0.057993		
29.87		-0.057918		
29.88		-0.057843		
29.89		-0.057768		
29.9		-0.057693		
29.91		-0.057618		
29.92		-0.057543		
29.93		-0.057468		
29.94		-0.057393		
29.95		-0.057317		
29.96		-0.057242		
29.97		-0.057167		
29.98		-0.057092		
29.99		-0.057016		
30		-0.056941		
