tau [fm]		R_pi^-1
0.25		0
0.26		0.011306		
0.27		0.021797		
0.28		0.031537		
0.29		0.040585		
0.3		0.048993		
0.31		0.056811		
0.32		0.064085		
0.33		0.070855		
0.34		0.077159		
0.35		0.083031		
0.36		0.088504		
0.37		0.093606		
0.38		0.098363		
0.39		0.1028		
0.4		0.10694		
0.41		0.1108		
0.42		0.11441		
0.43		0.11777		
0.44		0.12091		
0.45		0.12384		
0.46		0.12658		
0.47		0.12913		
0.48		0.13151		
0.49		0.13373		
0.5		0.1358		
0.51		0.13772		
0.52		0.13952		
0.53		0.14119		
0.54		0.14274		
0.55		0.14418		
0.56		0.14552		
0.57		0.14676		
0.58		0.14791		
0.59		0.14897		
0.6		0.14996		
0.61		0.15086		
0.62		0.15169		
0.63		0.15245		
0.64		0.15315		
0.65		0.15378		
0.66		0.15436		
0.67		0.15488		
0.68		0.15535		
0.69		0.15577		
0.7		0.15614		
0.71		0.15647		
0.72		0.15676		
0.73		0.15701		
0.74		0.15722		
0.75		0.15739		
0.76		0.15753		
0.77		0.15764		
0.78		0.15772		
0.79		0.15776		
0.8		0.15778		
0.81		0.15778		
0.82		0.15775		
0.83		0.15769		
0.84		0.15762		
0.85		0.15752		
0.86		0.1574		
0.87		0.15726		
0.88		0.1571		
0.89		0.15693		
0.9		0.15674		
0.91		0.15653		
0.92		0.15631		
0.93		0.15607		
0.94		0.15582		
0.95		0.15556		
0.96		0.15529		
0.97		0.155		
0.98		0.1547		
0.99		0.15439		
1		0.15407		
1.01		0.15375		
1.02		0.15341		
1.03		0.15306		
1.04		0.15271		
1.05		0.15235		
1.06		0.15198		
1.07		0.15161		
1.08		0.15122		
1.09		0.15084		
1.1		0.15044		
1.11		0.15004		
1.12		0.14964		
1.13		0.14923		
1.14		0.14881		
1.15		0.14839		
1.16		0.14797		
1.17		0.14754		
1.18		0.14711		
1.19		0.14668		
1.2		0.14624		
1.21		0.1458		
1.22		0.14536		
1.23		0.14491		
1.24		0.14446		
1.25		0.14401		
1.26		0.14356		
1.27		0.1431		
1.28		0.14265		
1.29		0.14219		
1.3		0.14173		
1.31		0.14127		
1.32		0.14081		
1.33		0.14034		
1.34		0.13988		
1.35		0.13941		
1.36		0.13895		
1.37		0.13848		
1.38		0.13801		
1.39		0.13754		
1.4		0.13708		
1.41		0.13661		
1.42		0.13614		
1.43		0.13567		
1.44		0.1352		
1.45		0.13473		
1.46		0.13426		
1.47		0.13379		
1.48		0.13333		
1.49		0.13286		
1.5		0.13239		
1.51		0.13192		
1.52		0.13146		
1.53		0.13099		
1.54		0.13053		
1.55		0.13006		
1.56		0.1296		
1.57		0.12914		
1.58		0.12867		
1.59		0.12821		
1.6		0.12775		
1.61		0.12729		
1.62		0.12683		
1.63		0.12638		
1.64		0.12592		
1.65		0.12546		
1.66		0.12501		
1.67		0.12456		
1.68		0.1241		
1.69		0.12365		
1.7		0.1232		
1.71		0.12276		
1.72		0.12231		
1.73		0.12186		
1.74		0.12142		
1.75		0.12098		
1.76		0.12053		
1.77		0.12009		
1.78		0.11966		
1.79		0.11922		
1.8		0.11878		
1.81		0.11835		
1.82		0.11792		
1.83		0.11748		
1.84		0.11705		
1.85		0.11663		
1.86		0.1162		
1.87		0.11577		
1.88		0.11535		
1.89		0.11493		
1.9		0.11451		
1.91		0.11409		
1.92		0.11367		
1.93		0.11325		
1.94		0.11284		
1.95		0.11243		
1.96		0.11202		
1.97		0.11161		
1.98		0.1112		
1.99		0.11079		
2		0.11039		
2.01		0.10998		
2.02		0.10958		
2.03		0.10918		
2.04		0.10879		
2.05		0.10839		
2.06		0.10799		
2.07		0.1076		
2.08		0.10721		
2.09		0.10682		
2.1		0.10643		
2.11		0.10605		
2.12		0.10566		
2.13		0.10528		
2.14		0.1049		
2.15		0.10452		
2.16		0.10414		
2.17		0.10376		
2.18		0.10339		
2.19		0.10302		
2.2		0.10264		
2.21		0.10227		
2.22		0.10191		
2.23		0.10154		
2.24		0.10117		
2.25		0.10081		
2.26		0.10045		
2.27		0.10009		
2.28		0.099732		
2.29		0.099376		
2.3		0.099021		
2.31		0.098667		
2.32		0.098316		
2.33		0.097966		
2.34		0.097617		
2.35		0.09727		
2.36		0.096925		
2.37		0.096582		
2.38		0.09624		
2.39		0.095899		
2.4		0.09556		
2.41		0.095223		
2.42		0.094887		
2.43		0.094553		
2.44		0.094221		
2.45		0.09389		
2.46		0.093561		
2.47		0.093233		
2.48		0.092907		
2.49		0.092582		
2.5		0.092259		
2.51		0.091937		
2.52		0.091617		
2.53		0.091298		
2.54		0.090981		
2.55		0.090666		
2.56		0.090352		
2.57		0.090039		
2.58		0.089728		
2.59		0.089419		
2.6		0.089111		
2.61		0.088804		
2.62		0.088499		
2.63		0.088196		
2.64		0.087893		
2.65		0.087593		
2.66		0.087294		
2.67		0.086996		
2.68		0.086699		
2.69		0.086405		
2.7		0.086111		
2.71		0.085819		
2.72		0.085528		
2.73		0.085239		
2.74		0.084951		
2.75		0.084665		
2.76		0.08438		
2.77		0.084096		
2.78		0.083814		
2.79		0.083533		
2.8		0.083253		
2.81		0.082975		
2.82		0.082698		
2.83		0.082423		
2.84		0.082148		
2.85		0.081876		
2.86		0.081604		
2.87		0.081334		
2.88		0.081065		
2.89		0.080798		
2.9		0.080531		
2.91		0.080266		
2.92		0.080003		
2.93		0.07974		
2.94		0.079479		
2.95		0.079219		
2.96		0.078961		
2.97		0.078703		
2.98		0.078447		
2.99		0.078192		
3		0.077939		
3.01		0.077687		
3.02		0.077435		
3.03		0.077185		
3.04		0.076937		
3.05		0.076689		
3.06		0.076443		
3.07		0.076198		
3.08		0.075954		
3.09		0.075711		
3.1		0.07547		
3.11		0.075229		
3.12		0.07499		
3.13		0.074752		
3.14		0.074515		
3.15		0.07428		
3.16		0.074045		
3.17		0.073812		
3.18		0.073579		
3.19		0.073348		
3.2		0.073118		
3.21		0.072889		
3.22		0.072661		
3.23		0.072434		
3.24		0.072209		
3.25		0.071984		
3.26		0.071761		
3.27		0.071538		
3.28		0.071317		
3.29		0.071097		
3.3		0.070878		
3.31		0.070659		
3.32		0.070442		
3.33		0.070226		
3.34		0.070011		
3.35		0.069797		
3.36		0.069584		
3.37		0.069372		
3.38		0.069161		
3.39		0.068951		
3.4		0.068742		
3.41		0.068535		
3.42		0.068328		
3.43		0.068122		
3.44		0.067917		
3.45		0.067713		
3.46		0.06751		
3.47		0.067308		
3.48		0.067107		
3.49		0.066907		
3.5		0.066707		
3.51		0.066509		
3.52		0.066312		
3.53		0.066116		
3.54		0.06592		
3.55		0.065726		
3.56		0.065532		
3.57		0.06534		
3.58		0.065148		
3.59		0.064957		
3.6		0.064767		
3.61		0.064578		
3.62		0.06439		
3.63		0.064203		
3.64		0.064016		
3.65		0.063831		
3.66		0.063646		
3.67		0.063462		
3.68		0.06328		
3.69		0.063097		
3.7		0.062916		
3.71		0.062736		
3.72		0.062556		
3.73		0.062378		
3.74		0.0622		
3.75		0.062023		
3.76		0.061847		
3.77		0.061671		
3.78		0.061497		
3.79		0.061323		
3.8		0.06115		
3.81		0.060978		
3.82		0.060807		
3.83		0.060636		
3.84		0.060467		
3.85		0.060298		
3.86		0.060129		
3.87		0.059962		
3.88		0.059795		
3.89		0.059629		
3.9		0.059464		
3.91		0.0593		
3.92		0.059136		
3.93		0.058974		
3.94		0.058811		
3.95		0.05865		
3.96		0.058489		
3.97		0.05833		
3.98		0.05817		
3.99		0.058012		
4		0.057854		
4.01		0.057697		
4.02		0.057541		
4.03		0.057385		
4.04		0.057231		
4.05		0.057076		
4.06		0.056923		
4.07		0.05677		
4.08		0.056618		
4.09		0.056467		
4.1		0.056316		
4.11		0.056166		
4.12		0.056016		
4.13		0.055868		
4.14		0.05572		
4.15		0.055572		
4.16		0.055426		
4.17		0.05528		
4.18		0.055134		
4.19		0.054989		
4.2		0.054845		
4.21		0.054702		
4.22		0.054559		
4.23		0.054417		
4.24		0.054275		
4.25		0.054134		
4.26		0.053994		
4.27		0.053854		
4.28		0.053715		
4.29		0.053577		
4.3		0.053439		
4.31		0.053302		
4.32		0.053165		
4.33		0.053029		
4.34		0.052893		
4.35		0.052758		
4.36		0.052624		
4.37		0.052491		
4.38		0.052357		
4.39		0.052225		
4.4		0.052093		
4.41		0.051962		
4.42		0.051831		
4.43		0.0517		
4.44		0.051571		
4.45		0.051442		
4.46		0.051313		
4.47		0.051185		
4.48		0.051058		
4.49		0.050931		
4.5		0.050804		
4.51		0.050679		
4.52		0.050553		
4.53		0.050429		
4.54		0.050304		
4.55		0.050181		
4.56		0.050058		
4.57		0.049935		
4.58		0.049813		
4.59		0.049691		
4.6		0.04957		
4.61		0.04945		
4.62		0.04933		
4.63		0.04921		
4.64		0.049091		
4.65		0.048972		
4.66		0.048854		
4.67		0.048737		
4.68		0.04862		
4.69		0.048503		
4.7		0.048387		
4.71		0.048272		
4.72		0.048157		
4.73		0.048042		
4.74		0.047928		
4.75		0.047814		
4.76		0.047701		
4.77		0.047588		
4.78		0.047476		
4.79		0.047364		
4.8		0.047253		
4.81		0.047142		
4.82		0.047032		
4.83		0.046922		
4.84		0.046812		
4.85		0.046703		
4.86		0.046595		
4.87		0.046486		
4.88		0.046379		
4.89		0.046271		
4.9		0.046165		
4.91		0.046058		
4.92		0.045952		
4.93		0.045847		
4.94		0.045742		
4.95		0.045637		
4.96		0.045533		
4.97		0.045429		
4.98		0.045326		
4.99		0.045223		
5		0.04512		
5.01		0.045018		
5.02		0.044916		
5.03		0.044815		
5.04		0.044714		
5.05		0.044613		
5.06		0.044513		
5.07		0.044413		
5.08		0.044314		
5.09		0.044215		
5.1		0.044117		
5.11		0.044018		
5.12		0.043921		
5.13		0.043823		
5.14		0.043726		
5.15		0.04363		
5.16		0.043533		
5.17		0.043438		
5.18		0.043342		
5.19		0.043247		
5.2		0.043152		
5.21		0.043058		
5.22		0.042964		
5.23		0.04287		
5.24		0.042777		
5.25		0.042684		
5.26		0.042592		
5.27		0.0425		
5.28		0.042408		
5.29		0.042316		
5.3		0.042225		
5.31		0.042135		
5.32		0.042044		
5.33		0.041954		
5.34		0.041864		
5.35		0.041775		
5.36		0.041686		
5.37		0.041597		
5.38		0.041509		
5.39		0.041421		
5.4		0.041333		
5.41		0.041246		
5.42		0.041159		
5.43		0.041072		
5.44		0.040986		
5.45		0.0409		
5.46		0.040815		
5.47		0.040729		
5.48		0.040644		
5.49		0.040559		
5.5		0.040475		
5.51		0.040391		
5.52		0.040307		
5.53		0.040224		
5.54		0.040141		
5.55		0.040058		
5.56		0.039975		
5.57		0.039893		
5.58		0.039811		
5.59		0.03973		
5.6		0.039648		
5.61		0.039567		
5.62		0.039487		
5.63		0.039406		
5.64		0.039326		
5.65		0.039246		
5.66		0.039167		
5.67		0.039088		
5.68		0.039009		
5.69		0.03893		
5.7		0.038852		
5.71		0.038774		
5.72		0.038696		
5.73		0.038619		
5.74		0.038541		
5.75		0.038464		
5.76		0.038388		
5.77		0.038312		
5.78		0.038235		
5.79		0.03816		
5.8		0.038084		
5.81		0.038009		
5.82		0.037934		
5.83		0.037859		
5.84		0.037785		
5.85		0.03771		
5.86		0.037637		
5.87		0.037563		
5.88		0.03749		
5.89		0.037416		
5.9		0.037344		
5.91		0.037271		
5.92		0.037199		
5.93		0.037126		
5.94		0.037055		
5.95		0.036983		
5.96		0.036912		
5.97		0.036841		
5.98		0.03677		
5.99		0.036699		
6		0.036629		
6.01		0.036559		
6.02		0.036489		
6.03		0.036419		
6.04		0.03635		
6.05		0.036281		
6.06		0.036212		
6.07		0.036143		
6.08		0.036075		
6.09		0.036007		
6.1		0.035939		
6.11		0.035871		
6.12		0.035804		
6.13		0.035737		
6.14		0.03567		
6.15		0.035603		
6.16		0.035536		
6.17		0.03547		
6.18		0.035404		
6.19		0.035338		
6.2		0.035272		
6.21		0.035207		
6.22		0.035142		
6.23		0.035077		
6.24		0.035012		
6.25		0.034948		
6.26		0.034883		
6.27		0.034819		
6.28		0.034756		
6.29		0.034692		
6.3		0.034628		
6.31		0.034565		
6.32		0.034502		
6.33		0.034439		
6.34		0.034377		
6.35		0.034314		
6.36		0.034252		
6.37		0.03419		
6.38		0.034129		
6.39		0.034067		
6.4		0.034006		
6.41		0.033945		
6.42		0.033884		
6.43		0.033823		
6.44		0.033762		
6.45		0.033702		
6.46		0.033642		
6.47		0.033582		
6.48		0.033522		
6.49		0.033463		
6.5		0.033403		
6.51		0.033344		
6.52		0.033285		
6.53		0.033227		
6.54		0.033168		
6.55		0.03311		
6.56		0.033051		
6.57		0.032993		
6.58		0.032936		
6.59		0.032878		
6.6		0.03282		
6.61		0.032763		
6.62		0.032706		
6.63		0.032649		
6.64		0.032593		
6.65		0.032536		
6.66		0.03248		
6.67		0.032424		
6.68		0.032368		
6.69		0.032312		
6.7		0.032256		
6.71		0.032201		
6.72		0.032145		
6.73		0.03209		
6.74		0.032035		
6.75		0.031981		
6.76		0.031926		
6.77		0.031872		
6.78		0.031817		
6.79		0.031763		
6.8		0.031709		
6.81		0.031656		
6.82		0.031602		
6.83		0.031549		
6.84		0.031496		
6.85		0.031443		
6.86		0.03139		
6.87		0.031337		
6.88		0.031284		
6.89		0.031232		
6.9		0.03118		
6.91		0.031128		
6.92		0.031076		
6.93		0.031024		
6.94		0.030972		
6.95		0.030921		
6.96		0.03087		
6.97		0.030819		
6.98		0.030768		
6.99		0.030717		
7		0.030666		
7.01		0.030616		
7.02		0.030565		
7.03		0.030515		
7.04		0.030465		
7.05		0.030415		
7.06		0.030365		
7.07		0.030316		
7.08		0.030266		
7.09		0.030217		
7.1		0.030168		
7.11		0.030119		
7.12		0.03007		
7.13		0.030022		
7.14		0.029973		
7.15		0.029925		
7.16		0.029876		
7.17		0.029828		
7.18		0.02978		
7.19		0.029733		
7.2		0.029685		
7.21		0.029637		
7.22		0.02959		
7.23		0.029543		
7.24		0.029496		
7.25		0.029449		
7.26		0.029402		
7.27		0.029355		
7.28		0.029308		
7.29		0.029262		
7.3		0.029216		
7.31		0.02917		
7.32		0.029124		
7.33		0.029078		
7.34		0.029032		
7.35		0.028986		
7.36		0.028941		
7.37		0.028896		
7.38		0.02885		
7.39		0.028805		
7.4		0.02876		
7.41		0.028715		
7.42		0.028671		
7.43		0.028626		
7.44		0.028582		
7.45		0.028537		
7.46		0.028493		
7.47		0.028449		
7.48		0.028405		
7.49		0.028362		
7.5		0.028318		
7.51		0.028274		
7.52		0.028231		
7.53		0.028188		
7.54		0.028144		
7.55		0.028101		
7.56		0.028058		
7.57		0.028016		
7.58		0.027973		
7.59		0.02793		
7.6		0.027888		
7.61		0.027846		
7.62		0.027803		
7.63		0.027761		
7.64		0.027719		
7.65		0.027677		
7.66		0.027636		
7.67		0.027594		
7.68		0.027553		
7.69		0.027511		
7.7		0.02747		
7.71		0.027429		
7.72		0.027388		
7.73		0.027347		
7.74		0.027306		
7.75		0.027265		
7.76		0.027225		
7.77		0.027184		
7.78		0.027144		
7.79		0.027104		
7.8		0.027063		
7.81		0.027023		
7.82		0.026984		
7.83		0.026944		
7.84		0.026904		
7.85		0.026864		
7.86		0.026825		
7.87		0.026786		
7.88		0.026746		
7.89		0.026707		
7.9		0.026668		
7.91		0.026629		
7.92		0.02659		
7.93		0.026552		
7.94		0.026513		
7.95		0.026474		
7.96		0.026436		
7.97		0.026398		
7.98		0.026359		
7.99		0.026321		
8		0.026283		
8.01		0.026245		
8.02		0.026208		
8.03		0.02617		
8.04		0.026132		
8.05		0.026095		
8.06		0.026057		
8.07		0.02602		
8.08		0.025983		
8.09		0.025946		
8.1		0.025909		
8.11		0.025872		
8.12		0.025835		
8.13		0.025798		
8.14		0.025762		
8.15		0.025725		
8.16		0.025689		
8.17		0.025652		
8.18		0.025616		
8.19		0.02558		
8.2		0.025544		
8.21		0.025508		
8.22		0.025472		
8.23		0.025436		
8.24		0.025401		
8.25		0.025365		
8.26		0.02533		
8.27		0.025294		
8.28		0.025259		
8.29		0.025224		
8.3		0.025188		
8.31		0.025153		
8.32		0.025119		
8.33		0.025084		
8.34		0.025049		
8.35		0.025014		
8.36		0.02498		
8.37		0.024945		
8.38		0.024911		
8.39		0.024876		
8.4		0.024842		
8.41		0.024808		
8.42		0.024774		
8.43		0.02474		
8.44		0.024706		
8.45		0.024672		
8.46		0.024639		
8.47		0.024605		
8.48		0.024572		
8.49		0.024538		
8.5		0.024505		
8.51		0.024471		
8.52		0.024438		
8.53		0.024405		
8.54		0.024372		
8.55		0.024339		
8.56		0.024306		
8.57		0.024273		
8.58		0.024241		
8.59		0.024208		
8.6		0.024176		
8.61		0.024143		
8.62		0.024111		
8.63		0.024078		
8.64		0.024046		
8.65		0.024014		
8.66		0.023982		
8.67		0.02395		
8.68		0.023918		
8.69		0.023886		
8.7		0.023855		
8.71		0.023823		
8.72		0.023791		
8.73		0.02376		
8.74		0.023728		
8.75		0.023697		
8.76		0.023666		
8.77		0.023635		
8.78		0.023603		
8.79		0.023572		
8.8		0.023541		
8.81		0.023511		
8.82		0.02348		
8.83		0.023449		
8.84		0.023418		
8.85		0.023388		
8.86		0.023357		
8.87		0.023327		
8.88		0.023296		
8.89		0.023266		
8.9		0.023236		
8.91		0.023206		
8.92		0.023176		
8.93		0.023146		
8.94		0.023116		
8.95		0.023086		
8.96		0.023056		
8.97		0.023026		
8.98		0.022997		
8.99		0.022967		
9		0.022938		
9.01		0.022908		
9.02		0.022879		
9.03		0.022849		
9.04		0.02282		
9.05		0.022791		
9.06		0.022762		
9.07		0.022733		
9.08		0.022704		
9.09		0.022675		
9.1		0.022646		
9.11		0.022617		
9.12		0.022589		
9.13		0.02256		
9.14		0.022532		
9.15		0.022503		
9.16		0.022475		
9.17		0.022446		
9.18		0.022418		
9.19		0.02239		
9.2		0.022362		
9.21		0.022334		
9.22		0.022306		
9.23		0.022278		
9.24		0.02225		
9.25		0.022222		
9.26		0.022194		
9.27		0.022166		
9.28		0.022139		
9.29		0.022111		
9.3		0.022084		
9.31		0.022056		
9.32		0.022029		
9.33		0.022002		
9.34		0.021974		
9.35		0.021947		
9.36		0.02192		
9.37		0.021893		
9.38		0.021866		
9.39		0.021839		
9.4		0.021812		
9.41		0.021785		
9.42		0.021759		
9.43		0.021732		
9.44		0.021705		
9.45		0.021679		
9.46		0.021652		
9.47		0.021626		
9.48		0.021599		
9.49		0.021573		
9.5		0.021547		
9.51		0.02152		
9.52		0.021494		
9.53		0.021468		
9.54		0.021442		
9.55		0.021416		
9.56		0.02139		
9.57		0.021364		
9.58		0.021339		
9.59		0.021313		
9.6		0.021287		
9.61		0.021262		
9.62		0.021236		
9.63		0.02121		
9.64		0.021185		
9.65		0.02116		
9.66		0.021134		
9.67		0.021109		
9.68		0.021084		
9.69		0.021058		
9.7		0.021033		
9.71		0.021008		
9.72		0.020983		
9.73		0.020958		
9.74		0.020933		
9.75		0.020909		
9.76		0.020884		
9.77		0.020859		
9.78		0.020834		
9.79		0.02081		
9.8		0.020785		
9.81		0.020761		
9.82		0.020736		
9.83		0.020712		
9.84		0.020687		
9.85		0.020663		
9.86		0.020639		
9.87		0.020614		
9.88		0.02059		
9.89		0.020566		
9.9		0.020542		
9.91		0.020518		
9.92		0.020494		
9.93		0.02047		
9.94		0.020446		
9.95		0.020423		
9.96		0.020399		
9.97		0.020375		
9.98		0.020352		
9.99		0.020328		
10		0.020304		
10.01		0.020281		
10.02		0.020258		
10.03		0.020234		
10.04		0.020211		
10.05		0.020187		
10.06		0.020164		
10.07		0.020141		
10.08		0.020118		
10.09		0.020095		
10.1		0.020072		
10.11		0.020049		
10.12		0.020026		
10.13		0.020003		
10.14		0.01998		
10.15		0.019957		
10.16		0.019935		
10.17		0.019912		
10.18		0.019889		
10.19		0.019867		
10.2		0.019844		
10.21		0.019821		
10.22		0.019799		
10.23		0.019777		
10.24		0.019754		
10.25		0.019732		
10.26		0.01971		
10.27		0.019687		
10.28		0.019665		
10.29		0.019643		
10.3		0.019621		
10.31		0.019599		
10.32		0.019577		
10.33		0.019555		
10.34		0.019533		
10.35		0.019511		
10.36		0.019489		
10.37		0.019468		
10.38		0.019446		
10.39		0.019424		
10.4		0.019402		
10.41		0.019381		
10.42		0.019359		
10.43		0.019338		
10.44		0.019316		
10.45		0.019295		
10.46		0.019274		
10.47		0.019252		
10.48		0.019231		
10.49		0.01921		
10.5		0.019188		
10.51		0.019167		
10.52		0.019146		
10.53		0.019125		
10.54		0.019104		
10.55		0.019083		
10.56		0.019062		
10.57		0.019041		
10.58		0.01902		
10.59		0.019		
10.6		0.018979		
10.61		0.018958		
10.62		0.018937		
10.63		0.018917		
10.64		0.018896		
10.65		0.018875		
10.66		0.018855		
10.67		0.018834		
10.68		0.018814		
10.69		0.018794		
10.7		0.018773		
10.71		0.018753		
10.72		0.018733		
10.73		0.018712		
10.74		0.018692		
10.75		0.018672		
10.76		0.018652		
10.77		0.018632		
10.78		0.018612		
10.79		0.018592		
10.8		0.018572		
10.81		0.018552		
10.82		0.018532		
10.83		0.018512		
10.84		0.018492		
10.85		0.018473		
10.86		0.018453		
10.87		0.018433		
10.88		0.018414		
10.89		0.018394		
10.9		0.018374		
10.91		0.018355		
10.92		0.018335		
10.93		0.018316		
10.94		0.018296		
10.95		0.018277		
10.96		0.018258		
10.97		0.018238		
10.98		0.018219		
10.99		0.0182		
11		0.018181		
11.01		0.018162		
11.02		0.018142		
11.03		0.018123		
11.04		0.018104		
11.05		0.018085		
11.06		0.018066		
11.07		0.018047		
11.08		0.018028		
11.09		0.01801		
11.1		0.017991		
11.11		0.017972		
11.12		0.017953		
11.13		0.017935		
11.14		0.017916		
11.15		0.017897		
11.16		0.017879		
11.17		0.01786		
11.18		0.017841		
11.19		0.017823		
11.2		0.017804		
11.21		0.017786		
11.22		0.017768		
11.23		0.017749		
11.24		0.017731		
11.25		0.017713		
11.26		0.017694		
11.27		0.017676		
11.28		0.017658		
11.29		0.01764		
11.3		0.017622		
11.31		0.017604		
11.32		0.017586		
11.33		0.017568		
11.34		0.01755		
11.35		0.017532		
11.36		0.017514		
11.37		0.017496		
11.38		0.017478		
11.39		0.01746		
11.4		0.017442		
11.41		0.017425		
11.42		0.017407		
11.43		0.017389		
11.44		0.017372		
11.45		0.017354		
11.46		0.017336		
11.47		0.017319		
11.48		0.017301		
11.49		0.017284		
11.5		0.017266		
11.51		0.017249		
11.52		0.017232		
11.53		0.017214		
11.54		0.017197		
11.55		0.01718		
11.56		0.017162		
11.57		0.017145		
11.58		0.017128		
11.59		0.017111		
11.6		0.017094		
11.61		0.017076		
11.62		0.017059		
11.63		0.017042		
11.64		0.017025		
11.65		0.017008		
11.66		0.016991		
11.67		0.016975		
11.68		0.016958		
11.69		0.016941		
11.7		0.016924		
11.71		0.016907		
11.72		0.01689		
11.73		0.016874		
11.74		0.016857		
11.75		0.01684		
11.76		0.016824		
11.77		0.016807		
11.78		0.01679		
11.79		0.016774		
11.8		0.016757		
11.81		0.016741		
11.82		0.016724		
11.83		0.016708		
11.84		0.016692		
11.85		0.016675		
11.86		0.016659		
11.87		0.016643		
11.88		0.016626		
11.89		0.01661		
11.9		0.016594		
11.91		0.016578		
11.92		0.016562		
11.93		0.016545		
11.94		0.016529		
11.95		0.016513		
11.96		0.016497		
11.97		0.016481		
11.98		0.016465		
11.99		0.016449		
12		0.016433		
12.01		0.016417		
12.02		0.016401		
12.03		0.016386		
12.04		0.01637		
12.05		0.016354		
12.06		0.016338		
12.07		0.016322		
12.08		0.016307		
12.09		0.016291		
12.1		0.016275		
12.11		0.01626		
12.12		0.016244		
12.13		0.016229		
12.14		0.016213		
12.15		0.016198		
12.16		0.016182		
12.17		0.016167		
12.18		0.016151		
12.19		0.016136		
12.2		0.01612		
12.21		0.016105		
12.22		0.01609		
12.23		0.016074		
12.24		0.016059		
12.25		0.016044		
12.26		0.016029		
12.27		0.016013		
12.28		0.015998		
12.29		0.015983		
12.3		0.015968		
12.31		0.015953		
12.32		0.015938		
12.33		0.015923		
12.34		0.015908		
12.35		0.015893		
12.36		0.015878		
12.37		0.015863		
12.38		0.015848		
12.39		0.015833		
12.4		0.015818		
12.41		0.015803		
12.42		0.015789		
12.43		0.015774		
12.44		0.015759		
12.45		0.015744		
12.46		0.01573		
12.47		0.015715		
12.48		0.0157		
12.49		0.015686		
12.5		0.015671		
12.51		0.015657		
12.52		0.015642		
12.53		0.015627		
12.54		0.015613		
12.55		0.015599		
12.56		0.015584		
12.57		0.01557		
12.58		0.015555		
12.59		0.015541		
12.6		0.015526		
12.61		0.015512		
12.62		0.015498		
12.63		0.015484		
12.64		0.015469		
12.65		0.015455		
12.66		0.015441		
12.67		0.015427		
12.68		0.015412		
12.69		0.015398		
12.7		0.015384		
12.71		0.01537		
12.72		0.015356		
12.73		0.015342		
12.74		0.015328		
12.75		0.015314		
12.76		0.0153		
12.77		0.015286		
12.78		0.015272		
12.79		0.015258		
12.8		0.015244		
12.81		0.015231		
12.82		0.015217		
12.83		0.015203		
12.84		0.015189		
12.85		0.015175		
12.86		0.015162		
12.87		0.015148		
12.88		0.015134		
12.89		0.01512		
12.9		0.015107		
12.91		0.015093		
12.92		0.01508		
12.93		0.015066		
12.94		0.015052		
12.95		0.015039		
12.96		0.015025		
12.97		0.015012		
12.98		0.014998		
12.99		0.014985		
13		0.014972		
13.01		0.014958		
13.02		0.014945		
13.03		0.014931		
13.04		0.014918		
13.05		0.014905		
13.06		0.014891		
13.07		0.014878		
13.08		0.014865		
13.09		0.014852		
13.1		0.014838		
13.11		0.014825		
13.12		0.014812		
13.13		0.014799		
13.14		0.014786		
13.15		0.014773		
13.16		0.01476		
13.17		0.014747		
13.18		0.014734		
13.19		0.014721		
13.2		0.014708		
13.21		0.014695		
13.22		0.014682		
13.23		0.014669		
13.24		0.014656		
13.25		0.014643		
13.26		0.01463		
13.27		0.014617		
13.28		0.014604		
13.29		0.014591		
13.3		0.014579		
13.31		0.014566		
13.32		0.014553		
13.33		0.01454		
13.34		0.014528		
13.35		0.014515		
13.36		0.014502		
13.37		0.01449		
13.38		0.014477		
13.39		0.014464		
13.4		0.014452		
13.41		0.014439		
13.42		0.014427		
13.43		0.014414		
13.44		0.014402		
13.45		0.014389		
13.46		0.014377		
13.47		0.014364		
13.48		0.014352		
13.49		0.01434		
13.5		0.014327		
13.51		0.014315		
13.52		0.014302		
13.53		0.01429		
13.54		0.014278		
13.55		0.014265		
13.56		0.014253		
13.57		0.014241		
13.58		0.014229		
13.59		0.014217		
13.6		0.014204		
13.61		0.014192		
13.62		0.01418		
13.63		0.014168		
13.64		0.014156		
13.65		0.014144		
13.66		0.014132		
13.67		0.014119		
13.68		0.014107		
13.69		0.014095		
13.7		0.014083		
13.71		0.014071		
13.72		0.014059		
13.73		0.014048		
13.74		0.014036		
13.75		0.014024		
13.76		0.014012		
13.77		0.014		
13.78		0.013988		
13.79		0.013976		
13.8		0.013964		
13.81		0.013953		
13.82		0.013941		
13.83		0.013929		
13.84		0.013917		
13.85		0.013906		
13.86		0.013894		
13.87		0.013882		
13.88		0.01387		
13.89		0.013859		
13.9		0.013847		
13.91		0.013836		
13.92		0.013824		
13.93		0.013812		
13.94		0.013801		
13.95		0.013789		
13.96		0.013778		
13.97		0.013766		
13.98		0.013755		
13.99		0.013743		
14		0.013732		
14.01		0.01372		
14.02		0.013709		
14.03		0.013697		
14.04		0.013686		
14.05		0.013675		
14.06		0.013663		
14.07		0.013652		
14.08		0.013641		
14.09		0.013629		
14.1		0.013618		
14.11		0.013607		
14.12		0.013596		
14.13		0.013584		
14.14		0.013573		
14.15		0.013562		
14.16		0.013551		
14.17		0.01354		
14.18		0.013528		
14.19		0.013517		
14.2		0.013506		
14.21		0.013495		
14.22		0.013484		
14.23		0.013473		
14.24		0.013462		
14.25		0.013451		
14.26		0.01344		
14.27		0.013429		
14.28		0.013418		
14.29		0.013407		
14.3		0.013396		
14.31		0.013385		
14.32		0.013374		
14.33		0.013363		
14.34		0.013352		
14.35		0.013341		
14.36		0.01333		
14.37		0.01332		
14.38		0.013309		
14.39		0.013298		
14.4		0.013287		
14.41		0.013276		
14.42		0.013266		
14.43		0.013255		
14.44		0.013244		
14.45		0.013233		
14.46		0.013223		
14.47		0.013212		
14.48		0.013201		
14.49		0.013191		
14.5		0.01318		
14.51		0.013169		
14.52		0.013159		
14.53		0.013148		
14.54		0.013138		
14.55		0.013127		
14.56		0.013117		
14.57		0.013106		
14.58		0.013096		
14.59		0.013085		
14.6		0.013075		
14.61		0.013064		
14.62		0.013054		
14.63		0.013043		
14.64		0.013033		
14.65		0.013022		
14.66		0.013012		
14.67		0.013002		
14.68		0.012991		
14.69		0.012981		
14.7		0.012971		
14.71		0.01296		
14.72		0.01295		
14.73		0.01294		
14.74		0.012929		
14.75		0.012919		
14.76		0.012909		
14.77		0.012899		
14.78		0.012889		
14.79		0.012878		
14.8		0.012868		
14.81		0.012858		
14.82		0.012848		
14.83		0.012838		
14.84		0.012828		
14.85		0.012817		
14.86		0.012807		
14.87		0.012797		
14.88		0.012787		
14.89		0.012777		
14.9		0.012767		
14.91		0.012757		
14.92		0.012747		
14.93		0.012737		
14.94		0.012727		
14.95		0.012717		
14.96		0.012707		
14.97		0.012697		
14.98		0.012687		
14.99		0.012677		
15		0.012668		
15.01		0.012658		
15.02		0.012648		
15.03		0.012638		
15.04		0.012628		
15.05		0.012618		
15.06		0.012609		
15.07		0.012599		
15.08		0.012589		
15.09		0.012579		
15.1		0.012569		
15.11		0.01256		
15.12		0.01255		
15.13		0.01254		
15.14		0.012531		
15.15		0.012521		
15.16		0.012511		
15.17		0.012502		
15.18		0.012492		
15.19		0.012482		
15.2		0.012473		
15.21		0.012463		
15.22		0.012453		
15.23		0.012444		
15.24		0.012434		
15.25		0.012425		
15.26		0.012415		
15.27		0.012406		
15.28		0.012396		
15.29		0.012387		
15.3		0.012377		
15.31		0.012368		
15.32		0.012358		
15.33		0.012349		
15.34		0.012339		
15.35		0.01233		
15.36		0.012321		
15.37		0.012311		
15.38		0.012302		
15.39		0.012292		
15.4		0.012283		
15.41		0.012274		
15.42		0.012264		
15.43		0.012255		
15.44		0.012246		
15.45		0.012236		
15.46		0.012227		
15.47		0.012218		
15.48		0.012209		
15.49		0.012199		
15.5		0.01219		
15.51		0.012181		
15.52		0.012172		
15.53		0.012163		
15.54		0.012153		
15.55		0.012144		
15.56		0.012135		
15.57		0.012126		
15.58		0.012117		
15.59		0.012108		
15.6		0.012099		
15.61		0.01209		
15.62		0.01208		
15.63		0.012071		
15.64		0.012062		
15.65		0.012053		
15.66		0.012044		
15.67		0.012035		
15.68		0.012026		
15.69		0.012017		
15.7		0.012008		
15.71		0.011999		
15.72		0.01199		
15.73		0.011981		
15.74		0.011972		
15.75		0.011964		
15.76		0.011955		
15.77		0.011946		
15.78		0.011937		
15.79		0.011928		
15.8		0.011919		
15.81		0.01191		
15.82		0.011901		
15.83		0.011893		
15.84		0.011884		
15.85		0.011875		
15.86		0.011866		
15.87		0.011857		
15.88		0.011849		
15.89		0.01184		
15.9		0.011831		
15.91		0.011823		
15.92		0.011814		
15.93		0.011805		
15.94		0.011796		
15.95		0.011788		
15.96		0.011779		
15.97		0.01177		
15.98		0.011762		
15.99		0.011753		
16		0.011744		
16.01		0.011736		
16.02		0.011727		
16.03		0.011719		
16.04		0.01171		
16.05		0.011702		
16.06		0.011693		
16.07		0.011684		
16.08		0.011676		
16.09		0.011667		
16.1		0.011659		
16.11		0.01165		
16.12		0.011642		
16.13		0.011633		
16.14		0.011625		
16.15		0.011616		
16.16		0.011608		
16.17		0.0116		
16.18		0.011591		
16.19		0.011583		
16.2		0.011574		
16.21		0.011566		
16.22		0.011558		
16.23		0.011549		
16.24		0.011541		
16.25		0.011533		
16.26		0.011524		
16.27		0.011516		
16.28		0.011508		
16.29		0.011499		
16.3		0.011491		
16.31		0.011483		
16.32		0.011474		
16.33		0.011466		
16.34		0.011458		
16.35		0.01145		
16.36		0.011441		
16.37		0.011433		
16.38		0.011425		
16.39		0.011417		
16.4		0.011409		
16.41		0.0114		
16.42		0.011392		
16.43		0.011384		
16.44		0.011376		
16.45		0.011368		
16.46		0.01136		
16.47		0.011352		
16.48		0.011344		
16.49		0.011335		
16.5		0.011327		
16.51		0.011319		
16.52		0.011311		
16.53		0.011303		
16.54		0.011295		
16.55		0.011287		
16.56		0.011279		
16.57		0.011271		
16.58		0.011263		
16.59		0.011255		
16.6		0.011247		
16.61		0.011239		
16.62		0.011231		
16.63		0.011223		
16.64		0.011215		
16.65		0.011207		
16.66		0.0112		
16.67		0.011192		
16.68		0.011184		
16.69		0.011176		
16.7		0.011168		
16.71		0.01116		
16.72		0.011152		
16.73		0.011144		
16.74		0.011137		
16.75		0.011129		
16.76		0.011121		
16.77		0.011113		
16.78		0.011105		
16.79		0.011098		
16.8		0.01109		
16.81		0.011082		
16.82		0.011074		
16.83		0.011066		
16.84		0.011059		
16.85		0.011051		
16.86		0.011043		
16.87		0.011036		
16.88		0.011028		
16.89		0.01102		
16.9		0.011013		
16.91		0.011005		
16.92		0.010997		
16.93		0.01099		
16.94		0.010982		
16.95		0.010974		
16.96		0.010967		
16.97		0.010959		
16.98		0.010951		
16.99		0.010944		
17		0.010936		
17.01		0.010929		
17.02		0.010921		
17.03		0.010914		
17.04		0.010906		
17.05		0.010898		
17.06		0.010891		
17.07		0.010883		
17.08		0.010876		
17.09		0.010868		
17.1		0.010861		
17.11		0.010853		
17.12		0.010846		
17.13		0.010838		
17.14		0.010831		
17.15		0.010824		
17.16		0.010816		
17.17		0.010809		
17.18		0.010801		
17.19		0.010794		
17.2		0.010786		
17.21		0.010779		
17.22		0.010772		
17.23		0.010764		
17.24		0.010757		
17.25		0.01075		
17.26		0.010742		
17.27		0.010735		
17.28		0.010728		
17.29		0.01072		
17.3		0.010713		
17.31		0.010706		
17.32		0.010698		
17.33		0.010691		
17.34		0.010684		
17.35		0.010677		
17.36		0.010669		
17.37		0.010662		
17.38		0.010655		
17.39		0.010648		
17.4		0.01064		
17.41		0.010633		
17.42		0.010626		
17.43		0.010619		
17.44		0.010612		
17.45		0.010604		
17.46		0.010597		
17.47		0.01059		
17.48		0.010583		
17.49		0.010576		
17.5		0.010569		
17.51		0.010562		
17.52		0.010554		
17.53		0.010547		
17.54		0.01054		
17.55		0.010533		
17.56		0.010526		
17.57		0.010519		
17.58		0.010512		
17.59		0.010505		
17.6		0.010498		
17.61		0.010491		
17.62		0.010484		
17.63		0.010477		
17.64		0.01047		
17.65		0.010463		
17.66		0.010456		
17.67		0.010449		
17.68		0.010442		
17.69		0.010435		
17.7		0.010428		
17.71		0.010421		
17.72		0.010414		
17.73		0.010407		
17.74		0.0104		
17.75		0.010393		
17.76		0.010386		
17.77		0.010379		
17.78		0.010372		
17.79		0.010365		
17.8		0.010359		
17.81		0.010352		
17.82		0.010345		
17.83		0.010338		
17.84		0.010331		
17.85		0.010324		
17.86		0.010317		
17.87		0.010311		
17.88		0.010304		
17.89		0.010297		
17.9		0.01029		
17.91		0.010283		
17.92		0.010277		
17.93		0.01027		
17.94		0.010263		
17.95		0.010256		
17.96		0.01025		
17.97		0.010243		
17.98		0.010236		
17.99		0.010229		
18		0.010223		
18.01		0.010216		
18.02		0.010209		
18.03		0.010202		
18.04		0.010196		
18.05		0.010189		
18.06		0.010182		
18.07		0.010176		
18.08		0.010169		
18.09		0.010162		
18.1		0.010156		
18.11		0.010149		
18.12		0.010143		
18.13		0.010136		
18.14		0.010129		
18.15		0.010123		
18.16		0.010116		
18.17		0.01011		
18.18		0.010103		
18.19		0.010096		
18.2		0.01009		
18.21		0.010083		
18.22		0.010077		
18.23		0.01007		
18.24		0.010064		
18.25		0.010057		
18.26		0.010051		
18.27		0.010044		
18.28		0.010038		
18.29		0.010031		
18.3		0.010025		
18.31		0.010018		
18.32		0.010012		
18.33		0.010005		
18.34		0.0099986		
18.35		0.0099922		
18.36		0.0099857		
18.37		0.0099793		
18.38		0.0099728		
18.39		0.0099664		
18.4		0.00996		
18.41		0.0099536		
18.42		0.0099472		
18.43		0.0099408		
18.44		0.0099344		
18.45		0.009928		
18.46		0.0099216		
18.47		0.0099153		
18.48		0.0099089		
18.49		0.0099026		
18.5		0.0098962		
18.51		0.0098899		
18.52		0.0098835		
18.53		0.0098772		
18.54		0.0098709		
18.55		0.0098646		
18.56		0.0098583		
18.57		0.009852		
18.58		0.0098457		
18.59		0.0098394		
18.6		0.0098331		
18.61		0.0098269		
18.62		0.0098206		
18.63		0.0098144		
18.64		0.0098081		
18.65		0.0098019		
18.66		0.0097956		
18.67		0.0097894		
18.68		0.0097832		
18.69		0.009777		
18.7		0.0097708		
18.71		0.0097646		
18.72		0.0097584		
18.73		0.0097522		
18.74		0.009746		
18.75		0.0097399		
18.76		0.0097337		
18.77		0.0097276		
18.78		0.0097214		
18.79		0.0097153		
18.8		0.0097091		
18.81		0.009703		
18.82		0.0096969		
18.83		0.0096908		
18.84		0.0096847		
18.85		0.0096786		
18.86		0.0096725		
18.87		0.0096664		
18.88		0.0096603		
18.89		0.0096542		
18.9		0.0096482		
18.91		0.0096421		
18.92		0.0096361		
18.93		0.00963		
18.94		0.009624		
18.95		0.0096179		
18.96		0.0096119		
18.97		0.0096059		
18.98		0.0095999		
18.99		0.0095939		
19		0.0095879		
19.01		0.0095819		
19.02		0.0095759		
19.03		0.0095699		
19.04		0.009564		
19.05		0.009558		
19.06		0.0095521		
19.07		0.0095461		
19.08		0.0095402		
19.09		0.0095342		
19.1		0.0095283		
19.11		0.0095224		
19.12		0.0095165		
19.13		0.0095105		
19.14		0.0095046		
19.15		0.0094987		
19.16		0.0094929		
19.17		0.009487		
19.18		0.0094811		
19.19		0.0094752		
19.2		0.0094694		
19.21		0.0094635		
19.22		0.0094577		
19.23		0.0094518		
19.24		0.009446		
19.25		0.0094401		
19.26		0.0094343		
19.27		0.0094285		
19.28		0.0094227		
19.29		0.0094169		
19.3		0.0094111		
19.31		0.0094053		
19.32		0.0093995		
19.33		0.0093937		
19.34		0.009388		
19.35		0.0093822		
19.36		0.0093764		
19.37		0.0093707		
19.38		0.0093649		
19.39		0.0093592		
19.4		0.0093535		
19.41		0.0093477		
19.42		0.009342		
19.43		0.0093363		
19.44		0.0093306		
19.45		0.0093249		
19.46		0.0093192		
19.47		0.0093135		
19.48		0.0093078		
19.49		0.0093022		
19.5		0.0092965		
19.51		0.0092908		
19.52		0.0092852		
19.53		0.0092795		
19.54		0.0092739		
19.55		0.0092682		
19.56		0.0092626		
19.57		0.009257		
19.58		0.0092514		
19.59		0.0092458		
19.6		0.0092402		
19.61		0.0092346		
19.62		0.009229		
19.63		0.0092234		
19.64		0.0092178		
19.65		0.0092122		
19.66		0.0092067		
19.67		0.0092011		
19.68		0.0091955		
19.69		0.00919		
19.7		0.0091844		
19.71		0.0091789		
19.72		0.0091734		
19.73		0.0091678		
19.74		0.0091623		
19.75		0.0091568		
19.76		0.0091513		
19.77		0.0091458		
19.78		0.0091403		
19.79		0.0091348		
19.8		0.0091293		
19.81		0.0091239		
19.82		0.0091184		
19.83		0.0091129		
19.84		0.0091075		
19.85		0.009102		
19.86		0.0090966		
19.87		0.0090911		
19.88		0.0090857		
19.89		0.0090803		
19.9		0.0090748		
19.91		0.0090694		
19.92		0.009064		
19.93		0.0090586		
19.94		0.0090532		
19.95		0.0090478		
19.96		0.0090424		
19.97		0.0090371		
19.98		0.0090317		
19.99		0.0090263		
20		0.009021		
20.01		0.0090156		
20.02		0.0090102		
20.03		0.0090049		
20.04		0.0089996		
20.05		0.0089942		
20.06		0.0089889		
20.07		0.0089836		
20.08		0.0089783		
20.09		0.008973		
20.1		0.0089677		
20.11		0.0089624		
20.12		0.0089571		
20.13		0.0089518		
20.14		0.0089465		
20.15		0.0089412		
20.16		0.008936		
20.17		0.0089307		
20.18		0.0089254		
20.19		0.0089202		
20.2		0.0089149		
20.21		0.0089097		
20.22		0.0089045		
20.23		0.0088992		
20.24		0.008894		
20.25		0.0088888		
20.26		0.0088836		
20.27		0.0088784		
20.28		0.0088732		
20.29		0.008868		
20.3		0.0088628		
20.31		0.0088576		
20.32		0.0088524		
20.33		0.0088473		
20.34		0.0088421		
20.35		0.0088369		
20.36		0.0088318		
20.37		0.0088266		
20.38		0.0088215		
20.39		0.0088163		
20.4		0.0088112		
20.41		0.0088061		
20.42		0.008801		
20.43		0.0087958		
20.44		0.0087907		
20.45		0.0087856		
20.46		0.0087805		
20.47		0.0087754		
20.48		0.0087704		
20.49		0.0087653		
20.5		0.0087602		
20.51		0.0087551		
20.52		0.0087501		
20.53		0.008745		
20.54		0.0087399		
20.55		0.0087349		
20.56		0.0087298		
20.57		0.0087248		
20.58		0.0087198		
20.59		0.0087147		
20.6		0.0087097		
20.61		0.0087047		
20.62		0.0086997		
20.63		0.0086947		
20.64		0.0086897		
20.65		0.0086847		
20.66		0.0086797		
20.67		0.0086747		
20.68		0.0086697		
20.69		0.0086648		
20.7		0.0086598		
20.71		0.0086548		
20.72		0.0086499		
20.73		0.0086449		
20.74		0.00864		
20.75		0.008635		
20.76		0.0086301		
20.77		0.0086252		
20.78		0.0086202		
20.79		0.0086153		
20.8		0.0086104		
20.81		0.0086055		
20.82		0.0086006		
20.83		0.0085957		
20.84		0.0085908		
20.85		0.0085859		
20.86		0.008581		
20.87		0.0085761		
20.88		0.0085713		
20.89		0.0085664		
20.9		0.0085615		
20.91		0.0085567		
20.92		0.0085518		
20.93		0.008547		
20.94		0.0085421		
20.95		0.0085373		
20.96		0.0085324		
20.97		0.0085276		
20.98		0.0085228		
20.99		0.008518		
21		0.0085132		
21.01		0.0085084		
21.02		0.0085036		
21.03		0.0084988		
21.04		0.008494		
21.05		0.0084892		
21.06		0.0084844		
21.07		0.0084796		
21.08		0.0084749		
21.09		0.0084701		
21.1		0.0084653		
21.11		0.0084606		
21.12		0.0084558		
21.13		0.0084511		
21.14		0.0084463		
21.15		0.0084416		
21.16		0.0084369		
21.17		0.0084321		
21.18		0.0084274		
21.19		0.0084227		
21.2		0.008418		
21.21		0.0084133		
21.22		0.0084086		
21.23		0.0084039		
21.24		0.0083992		
21.25		0.0083945		
21.26		0.0083898		
21.27		0.0083851		
21.28		0.0083805		
21.29		0.0083758		
21.3		0.0083711		
21.31		0.0083665		
21.32		0.0083618		
21.33		0.0083572		
21.34		0.0083525		
21.35		0.0083479		
21.36		0.0083433		
21.37		0.0083386		
21.38		0.008334		
21.39		0.0083294		
21.4		0.0083248		
21.41		0.0083202		
21.42		0.0083156		
21.43		0.008311		
21.44		0.0083064		
21.45		0.0083018		
21.46		0.0082972		
21.47		0.0082926		
21.48		0.0082881		
21.49		0.0082835		
21.5		0.0082789		
21.51		0.0082744		
21.52		0.0082698		
21.53		0.0082652		
21.54		0.0082607		
21.55		0.0082562		
21.56		0.0082516		
21.57		0.0082471		
21.58		0.0082426		
21.59		0.008238		
21.6		0.0082335		
21.61		0.008229		
21.62		0.0082245		
21.63		0.00822		
21.64		0.0082155		
21.65		0.008211		
21.66		0.0082065		
21.67		0.008202		
21.68		0.0081975		
21.69		0.0081931		
21.7		0.0081886		
21.71		0.0081841		
21.72		0.0081797		
21.73		0.0081752		
21.74		0.0081708		
21.75		0.0081663		
21.76		0.0081619		
21.77		0.0081574		
21.78		0.008153		
21.79		0.0081486		
21.8		0.0081441		
21.81		0.0081397		
21.82		0.0081353		
21.83		0.0081309		
21.84		0.0081265		
21.85		0.0081221		
21.86		0.0081177		
21.87		0.0081133		
21.88		0.0081089		
21.89		0.0081045		
21.9		0.0081001		
21.91		0.0080957		
21.92		0.0080914		
21.93		0.008087		
21.94		0.0080826		
21.95		0.0080783		
21.96		0.0080739		
21.97		0.0080696		
21.98		0.0080652		
21.99		0.0080609		
22		0.0080566		
22.01		0.0080522		
22.02		0.0080479		
22.03		0.0080436		
22.04		0.0080393		
22.05		0.0080349		
22.06		0.0080306		
22.07		0.0080263		
22.08		0.008022		
22.09		0.0080177		
22.1		0.0080134		
22.11		0.0080091		
22.12		0.0080049		
22.13		0.0080006		
22.14		0.0079963		
22.15		0.007992		
22.16		0.0079878		
22.17		0.0079835		
22.18		0.0079793		
22.19		0.007975		
22.2		0.0079707		
22.21		0.0079665		
22.22		0.0079623		
22.23		0.007958		
22.24		0.0079538		
22.25		0.0079496		
22.26		0.0079453		
22.27		0.0079411		
22.28		0.0079369		
22.29		0.0079327		
22.3		0.0079285		
22.31		0.0079243		
22.32		0.0079201		
22.33		0.0079159		
22.34		0.0079117		
22.35		0.0079075		
22.36		0.0079033		
22.37		0.0078992		
22.38		0.007895		
22.39		0.0078908		
22.4		0.0078867		
22.41		0.0078825		
22.42		0.0078783		
22.43		0.0078742		
22.44		0.00787		
22.45		0.0078659		
22.46		0.0078618		
22.47		0.0078576		
22.48		0.0078535		
22.49		0.0078494		
22.5		0.0078453		
22.51		0.0078411		
22.52		0.007837		
22.53		0.0078329		
22.54		0.0078288		
22.55		0.0078247		
22.56		0.0078206		
22.57		0.0078165		
22.58		0.0078124		
22.59		0.0078083		
22.6		0.0078043		
22.61		0.0078002		
22.62		0.0077961		
22.63		0.007792		
22.64		0.007788		
22.65		0.0077839		
22.66		0.0077798		
22.67		0.0077758		
22.68		0.0077717		
22.69		0.0077677		
22.7		0.0077637		
22.71		0.0077596		
22.72		0.0077556		
22.73		0.0077516		
22.74		0.0077475		
22.75		0.0077435		
22.76		0.0077395		
22.77		0.0077355		
22.78		0.0077315		
22.79		0.0077275		
22.8		0.0077235		
22.81		0.0077195		
22.82		0.0077155		
22.83		0.0077115		
22.84		0.0077075		
22.85		0.0077035		
22.86		0.0076995		
22.87		0.0076956		
22.88		0.0076916		
22.89		0.0076876		
22.9		0.0076837		
22.91		0.0076797		
22.92		0.0076758		
22.93		0.0076718		
22.94		0.0076679		
22.95		0.0076639		
22.96		0.00766		
22.97		0.007656		
22.98		0.0076521		
22.99		0.0076482		
23		0.0076443		
23.01		0.0076403		
23.02		0.0076364		
23.03		0.0076325		
23.04		0.0076286		
23.05		0.0076247		
23.06		0.0076208		
23.07		0.0076169		
23.08		0.007613		
23.09		0.0076091		
23.1		0.0076052		
23.11		0.0076014		
23.12		0.0075975		
23.13		0.0075936		
23.14		0.0075897		
23.15		0.0075859		
23.16		0.007582		
23.17		0.0075782		
23.18		0.0075743		
23.19		0.0075704		
23.2		0.0075666		
23.21		0.0075628		
23.22		0.0075589		
23.23		0.0075551		
23.24		0.0075512		
23.25		0.0075474		
23.26		0.0075436		
23.27		0.0075398		
23.28		0.007536		
23.29		0.0075321		
23.3		0.0075283		
23.31		0.0075245		
23.32		0.0075207		
23.33		0.0075169		
23.34		0.0075131		
23.35		0.0075093		
23.36		0.0075055		
23.37		0.0075018		
23.38		0.007498		
23.39		0.0074942		
23.4		0.0074904		
23.41		0.0074867		
23.42		0.0074829		
23.43		0.0074791		
23.44		0.0074754		
23.45		0.0074716		
23.46		0.0074679		
23.47		0.0074641		
23.48		0.0074604		
23.49		0.0074566		
23.5		0.0074529		
23.51		0.0074492		
23.52		0.0074454		
23.53		0.0074417		
23.54		0.007438		
23.55		0.0074343		
23.56		0.0074305		
23.57		0.0074268		
23.58		0.0074231		
23.59		0.0074194		
23.6		0.0074157		
23.61		0.007412		
23.62		0.0074083		
23.63		0.0074046		
23.64		0.0074009		
23.65		0.0073973		
23.66		0.0073936		
23.67		0.0073899		
23.68		0.0073862		
23.69		0.0073826		
23.7		0.0073789		
23.71		0.0073752		
23.72		0.0073716		
23.73		0.0073679		
23.74		0.0073643		
23.75		0.0073606		
23.76		0.007357		
23.77		0.0073533		
23.78		0.0073497		
23.79		0.0073461		
23.8		0.0073424		
23.81		0.0073388		
23.82		0.0073352		
23.83		0.0073316		
23.84		0.0073279		
23.85		0.0073243		
23.86		0.0073207		
23.87		0.0073171		
23.88		0.0073135		
23.89		0.0073099		
23.9		0.0073063		
23.91		0.0073027		
23.92		0.0072991		
23.93		0.0072955		
23.94		0.0072919		
23.95		0.0072884		
23.96		0.0072848		
23.97		0.0072812		
23.98		0.0072776		
23.99		0.0072741		
24		0.0072705		
24.01		0.007267		
24.02		0.0072634		
24.03		0.0072598		
24.04		0.0072563		
24.05		0.0072528		
24.06		0.0072492		
24.07		0.0072457		
24.08		0.0072421		
24.09		0.0072386		
24.1		0.0072351		
24.11		0.0072315		
24.12		0.007228		
24.13		0.0072245		
24.14		0.007221		
24.15		0.0072175		
24.16		0.007214		
24.17		0.0072105		
24.18		0.007207		
24.19		0.0072035		
24.2		0.0072		
24.21		0.0071965		
24.22		0.007193		
24.23		0.0071895		
24.24		0.007186		
24.25		0.0071825		
24.26		0.007179		
24.27		0.0071756		
24.28		0.0071721		
24.29		0.0071686		
24.3		0.0071652		
24.31		0.0071617		
24.32		0.0071582		
24.33		0.0071548		
24.34		0.0071513		
24.35		0.0071479		
24.36		0.0071444		
24.37		0.007141		
24.38		0.0071376		
24.39		0.0071341		
24.4		0.0071307		
24.41		0.0071273		
24.42		0.0071238		
24.43		0.0071204		
24.44		0.007117		
24.45		0.0071136		
24.46		0.0071102		
24.47		0.0071068		
24.48		0.0071034		
24.49		0.0071		
24.5		0.0070966		
24.51		0.0070932		
24.52		0.0070898		
24.53		0.0070864		
24.54		0.007083		
24.55		0.0070796		
24.56		0.0070763		
24.57		0.0070729		
24.58		0.0070695		
24.59		0.0070661		
24.6		0.0070628		
24.61		0.0070594		
24.62		0.0070561		
24.63		0.0070527		
24.64		0.0070494		
24.65		0.007046		
24.66		0.0070427		
24.67		0.0070394		
24.68		0.007036		
24.69		0.0070327		
24.7		0.0070294		
24.71		0.0070261		
24.72		0.0070227		
24.73		0.0070194		
24.74		0.0070161		
24.75		0.0070128		
24.76		0.0070095		
24.77		0.0070062		
24.78		0.0070029		
24.79		0.0069996		
24.8		0.0069964		
24.81		0.0069931		
24.82		0.0069898		
24.83		0.0069865		
24.84		0.0069833		
24.85		0.00698		
24.86		0.0069767		
24.87		0.0069735		
24.88		0.0069702		
24.89		0.006967		
24.9		0.0069637		
24.91		0.0069605		
24.92		0.0069573		
24.93		0.006954		
24.94		0.0069508		
24.95		0.0069476		
24.96		0.0069444		
24.97		0.0069411		
24.98		0.0069379		
24.99		0.0069347		
25		0.0069315		
25.01		0.0069283		
25.02		0.0069251		
25.03		0.0069219		
25.04		0.0069188		
25.05		0.0069156		
25.06		0.0069124		
25.07		0.0069092		
25.08		0.0069061		
25.09		0.0069029		
25.1		0.0068997		
25.11		0.0068966		
25.12		0.0068934		
25.13		0.0068903		
25.14		0.0068871		
25.15		0.006884		
25.16		0.0068808		
25.17		0.0068777		
25.18		0.0068746		
25.19		0.0068714		
25.2		0.0068683		
25.21		0.0068652		
25.22		0.0068621		
25.23		0.006859		
25.24		0.0068559		
25.25		0.0068528		
25.26		0.0068497		
25.27		0.0068466		
25.28		0.0068435		
25.29		0.0068404		
25.3		0.0068373		
25.31		0.0068343		
25.32		0.0068312		
25.33		0.0068281		
25.34		0.0068251		
25.35		0.006822		
25.36		0.0068189		
25.37		0.0068159		
25.38		0.0068128		
25.39		0.0068098		
25.4		0.0068068		
25.41		0.0068037		
25.42		0.0068007		
25.43		0.0067977		
25.44		0.0067946		
25.45		0.0067916		
25.46		0.0067886		
25.47		0.0067856		
25.48		0.0067826		
25.49		0.0067796		
25.5		0.0067766		
25.51		0.0067736		
25.52		0.0067706		
25.53		0.0067676		
25.54		0.0067646		
25.55		0.0067616		
25.56		0.0067586		
25.57		0.0067557		
25.58		0.0067527		
25.59		0.0067497		
25.6		0.0067468		
25.61		0.0067438		
25.62		0.0067409		
25.63		0.0067379		
25.64		0.006735		
25.65		0.006732		
25.66		0.0067291		
25.67		0.0067262		
25.68		0.0067232		
25.69		0.0067203		
25.7		0.0067174		
25.71		0.0067145		
25.72		0.0067115		
25.73		0.0067086		
25.74		0.0067057		
25.75		0.0067028		
25.76		0.0066999		
25.77		0.006697		
25.78		0.0066941		
25.79		0.0066912		
25.8		0.0066884		
25.81		0.0066855		
25.82		0.0066826		
25.83		0.0066797		
25.84		0.0066768		
25.85		0.006674		
25.86		0.0066711		
25.87		0.0066683		
25.88		0.0066654		
25.89		0.0066626		
25.9		0.0066597		
25.91		0.0066569		
25.92		0.006654		
25.93		0.0066512		
25.94		0.0066484		
25.95		0.0066455		
25.96		0.0066427		
25.97		0.0066399		
25.98		0.0066371		
25.99		0.0066342		
26		0.0066314		
26.01		0.0066286		
26.02		0.0066258		
26.03		0.006623		
26.04		0.0066202		
26.05		0.0066174		
26.06		0.0066146		
26.07		0.0066118		
26.08		0.0066091		
26.09		0.0066063		
26.1		0.0066035		
26.11		0.0066007		
26.12		0.006598		
26.13		0.0065952		
26.14		0.0065924		
26.15		0.0065897		
26.16		0.0065869		
26.17		0.0065842		
26.18		0.0065814		
26.19		0.0065787		
26.2		0.006576		
26.21		0.0065732		
26.22		0.0065705		
26.23		0.0065678		
26.24		0.006565		
26.25		0.0065623		
26.26		0.0065596		
26.27		0.0065569		
26.28		0.0065542		
26.29		0.0065514		
26.3		0.0065487		
26.31		0.006546		
26.32		0.0065433		
26.33		0.0065406		
26.34		0.006538		
26.35		0.0065353		
26.36		0.0065326		
26.37		0.0065299		
26.38		0.0065272		
26.39		0.0065245		
26.4		0.0065219		
26.41		0.0065192		
26.42		0.0065165		
26.43		0.0065139		
26.44		0.0065112		
26.45		0.0065086		
26.46		0.0065059		
26.47		0.0065033		
26.48		0.0065006		
26.49		0.006498		
26.5		0.0064953		
26.51		0.0064927		
26.52		0.0064901		
26.53		0.0064875		
26.54		0.0064848		
26.55		0.0064822		
26.56		0.0064796		
26.57		0.006477		
26.58		0.0064744		
26.59		0.0064718		
26.6		0.0064691		
26.61		0.0064665		
26.62		0.0064639		
26.63		0.0064614		
26.64		0.0064588		
26.65		0.0064562		
26.66		0.0064536		
26.67		0.006451		
26.68		0.0064484		
26.69		0.0064458		
26.7		0.0064433		
26.71		0.0064407		
26.72		0.0064381		
26.73		0.0064356		
26.74		0.006433		
26.75		0.0064305		
26.76		0.0064279		
26.77		0.0064253		
26.78		0.0064228		
26.79		0.0064203		
26.8		0.0064177		
26.81		0.0064152		
26.82		0.0064126		
26.83		0.0064101		
26.84		0.0064076		
26.85		0.0064051		
26.86		0.0064025		
26.87		0.0064		
26.88		0.0063975		
26.89		0.006395		
26.9		0.0063925		
26.91		0.00639		
26.92		0.0063875		
26.93		0.006385		
26.94		0.0063825		
26.95		0.00638		
26.96		0.0063775		
26.97		0.006375		
26.98		0.0063725		
26.99		0.00637		
27		0.0063675		
27.01		0.0063651		
27.02		0.0063626		
27.03		0.0063601		
27.04		0.0063576		
27.05		0.0063552		
27.06		0.0063527		
27.07		0.0063503		
27.08		0.0063478		
27.09		0.0063454		
27.1		0.0063429		
27.11		0.0063405		
27.12		0.006338		
27.13		0.0063356		
27.14		0.0063331		
27.15		0.0063307		
27.16		0.0063283		
27.17		0.0063258		
27.18		0.0063234		
27.19		0.006321		
27.2		0.0063186		
27.21		0.0063162		
27.22		0.0063137		
27.23		0.0063113		
27.24		0.0063089		
27.25		0.0063065		
27.26		0.0063041		
27.27		0.0063017		
27.28		0.0062993		
27.29		0.0062969		
27.3		0.0062945		
27.31		0.0062921		
27.32		0.0062897		
27.33		0.0062874		
27.34		0.006285		
27.35		0.0062826		
27.36		0.0062802		
27.37		0.0062779		
27.38		0.0062755		
27.39		0.0062731		
27.4		0.0062708		
27.41		0.0062684		
27.42		0.006266		
27.43		0.0062637		
27.44		0.0062613		
27.45		0.006259		
27.46		0.0062566		
27.47		0.0062543		
27.48		0.006252		
27.49		0.0062496		
27.5		0.0062473		
27.51		0.006245		
27.52		0.0062426		
27.53		0.0062403		
27.54		0.006238		
27.55		0.0062356		
27.56		0.0062333		
27.57		0.006231		
27.58		0.0062287		
27.59		0.0062264		
27.6		0.0062241		
27.61		0.0062218		
27.62		0.0062195		
27.63		0.0062172		
27.64		0.0062149		
27.65		0.0062126		
27.66		0.0062103		
27.67		0.006208		
27.68		0.0062057		
27.69		0.0062034		
27.7		0.0062012		
27.71		0.0061989		
27.72		0.0061966		
27.73		0.0061943		
27.74		0.0061921		
27.75		0.0061898		
27.76		0.0061875		
27.77		0.0061853		
27.78		0.006183		
27.79		0.0061807		
27.8		0.0061785		
27.81		0.0061762		
27.82		0.006174		
27.83		0.0061717		
27.84		0.0061695		
27.85		0.0061672		
27.86		0.006165		
27.87		0.0061628		
27.88		0.0061605		
27.89		0.0061583		
27.9		0.0061561		
27.91		0.0061539		
27.92		0.0061516		
27.93		0.0061494		
27.94		0.0061472		
27.95		0.006145		
27.96		0.0061428		
27.97		0.0061405		
27.98		0.0061383		
27.99		0.0061361		
28		0.0061339		
28.01		0.0061317		
28.02		0.0061295		
28.03		0.0061273		
28.04		0.0061251		
28.05		0.0061229		
28.06		0.0061208		
28.07		0.0061186		
28.08		0.0061164		
28.09		0.0061142		
28.1		0.006112		
28.11		0.0061098		
28.12		0.0061077		
28.13		0.0061055		
28.14		0.0061033		
28.15		0.0061012		
28.16		0.006099		
28.17		0.0060968		
28.18		0.0060947		
28.19		0.0060925		
28.2		0.0060904		
28.21		0.0060882		
28.22		0.0060861		
28.23		0.0060839		
28.24		0.0060818		
28.25		0.0060796		
28.26		0.0060775		
28.27		0.0060754		
28.28		0.0060732		
28.29		0.0060711		
28.3		0.006069		
28.31		0.0060668		
28.32		0.0060647		
28.33		0.0060626		
28.34		0.0060605		
28.35		0.0060583		
28.36		0.0060562		
28.37		0.0060541		
28.38		0.006052		
28.39		0.0060499		
28.4		0.0060478		
28.41		0.0060457		
28.42		0.0060436		
28.43		0.0060415		
28.44		0.0060394		
28.45		0.0060373		
28.46		0.0060352		
28.47		0.0060331		
28.48		0.006031		
28.49		0.0060289		
28.5		0.0060268		
28.51		0.0060247		
28.52		0.0060227		
28.53		0.0060206		
28.54		0.0060185		
28.55		0.0060164		
28.56		0.0060144		
28.57		0.0060123		
28.58		0.0060102		
28.59		0.0060082		
28.6		0.0060061		
28.61		0.006004		
28.62		0.006002		
28.63		0.0059999		
28.64		0.0059979		
28.65		0.0059958		
28.66		0.0059938		
28.67		0.0059917		
28.68		0.0059897		
28.69		0.0059876		
28.7		0.0059856		
28.71		0.0059836		
28.72		0.0059815		
28.73		0.0059795		
28.74		0.0059775		
28.75		0.0059754		
28.76		0.0059734		
28.77		0.0059714		
28.78		0.0059694		
28.79		0.0059673		
28.8		0.0059653		
28.81		0.0059633		
28.82		0.0059613		
28.83		0.0059593		
28.84		0.0059573		
28.85		0.0059553		
28.86		0.0059532		
28.87		0.0059512		
28.88		0.0059492		
28.89		0.0059472		
28.9		0.0059452		
28.91		0.0059432		
28.92		0.0059412		
28.93		0.0059393		
28.94		0.0059373		
28.95		0.0059353		
28.96		0.0059333		
28.97		0.0059313		
28.98		0.0059293		
28.99		0.0059273		
29		0.0059254		
29.01		0.0059234		
29.02		0.0059214		
29.03		0.0059194		
29.04		0.0059175		
29.05		0.0059155		
29.06		0.0059135		
29.07		0.0059116		
29.08		0.0059096		
29.09		0.0059077		
29.1		0.0059057		
29.11		0.0059037		
29.12		0.0059018		
29.13		0.0058998		
29.14		0.0058979		
29.15		0.0058959		
29.16		0.005894		
29.17		0.0058921		
29.18		0.0058901		
29.19		0.0058882		
29.2		0.0058862		
29.21		0.0058843		
29.22		0.0058824		
29.23		0.0058804		
29.24		0.0058785		
29.25		0.0058766		
29.26		0.0058746		
29.27		0.0058727		
29.28		0.0058708		
29.29		0.0058689		
29.3		0.005867		
29.31		0.005865		
29.32		0.0058631		
29.33		0.0058612		
29.34		0.0058593		
29.35		0.0058574		
29.36		0.0058555		
29.37		0.0058536		
29.38		0.0058517		
29.39		0.0058498		
29.4		0.0058479		
29.41		0.005846		
29.42		0.0058441		
29.43		0.0058422		
29.44		0.0058403		
29.45		0.0058384		
29.46		0.0058365		
29.47		0.0058346		
29.48		0.0058327		
29.49		0.0058308		
29.5		0.005829		
29.51		0.0058271		
29.52		0.0058252		
29.53		0.0058233		
29.54		0.0058214		
29.55		0.0058196		
29.56		0.0058177		
29.57		0.0058158		
29.58		0.005814		
29.59		0.0058121		
29.6		0.0058102		
29.61		0.0058084		
29.62		0.0058065		
29.63		0.0058046		
29.64		0.0058028		
29.65		0.0058009		
29.66		0.0057991		
29.67		0.0057972		
29.68		0.0057954		
29.69		0.0057935		
29.7		0.0057917		
29.71		0.0057898		
29.72		0.005788		
29.73		0.0057861		
29.74		0.0057843		
29.75		0.0057824		
29.76		0.0057806		
29.77		0.0057788		
29.78		0.0057769		
29.79		0.0057751		
29.8		0.0057733		
29.81		0.0057714		
29.82		0.0057696		
29.83		0.0057678		
29.84		0.005766		
29.85		0.0057641		
29.86		0.0057623		
29.87		0.0057605		
29.88		0.0057587		
29.89		0.0057569		
29.9		0.0057551		
29.91		0.0057532		
29.92		0.0057514		
29.93		0.0057496		
29.94		0.0057478		
29.95		0.005746		
29.96		0.0057442		
29.97		0.0057424		
29.98		0.0057406		
29.99		0.0057388		
30		0.005737		
