tau [fm]		tau_Pi
0.25		0.256591
0.27		0.297142		
0.29		0.341998		
0.31		0.39123		
0.33		0.441492		
0.35		0.497114		
0.37		0.555416		
0.39		0.616341		
0.41		0.679697		
0.43		0.745283		
0.45		0.812912		
0.47		0.882407		
0.49		0.953607		
0.51		1.02636		
0.53		1.10053		
0.55		1.176		
0.57		1.25263		
0.59		1.33034		
0.61		1.40901		
0.63		1.48857		
0.65		1.56892		
0.67		1.65001		
0.69		1.73175		
0.71		1.8141		
0.73		1.897		
0.75		1.98041		
0.77		2.06429		
0.79		2.14861		
0.81		2.23334		
0.83		2.31847		
0.85		2.40398		
0.87		2.48987		
0.89		2.57613		
0.91		2.66276		
0.93		2.74978		
0.95		2.83719		
0.97		2.92502		
0.99		3.01328		
1.01		3.102		
1.03		3.19121		
1.05		3.28094		
1.07		3.37124		
1.09		3.46213		
1.11		3.55366		
1.13		3.64589		
1.15		3.73885		
1.17		3.83261		
1.19		3.92723		
1.21		4.02276		
1.23		4.11926		
1.25		4.21682		
1.27		4.3155		
1.29		4.41538		
1.31		4.51654		
1.33		4.61908		
1.35		4.72307		
1.37		4.82862		
1.39		4.93583		
1.41		5.04481		
1.43		5.15567		
1.45		5.26852		
1.47		5.38349		
1.49		5.50071		
1.51		5.62031		
1.53		5.74244		
1.55		5.86724		
1.57		5.99486		
1.59		6.12546		
1.61		6.25919		
1.63		6.39624		
1.65		6.53677		
1.67		6.68097		
1.69		6.82902		
1.71		6.9811		
1.73		7.13743		
1.75		7.29819		
1.77		7.46359		
1.79		7.63384		
1.81		7.80917		
1.83		7.98979		
1.85		8.17592		
1.87		8.3678		
1.89		8.56566		
1.91		8.76975		
1.93		8.98029		
1.95		9.19755		
1.97		9.42177		
1.99		9.65322		
2.01		9.89214		
2.03		10.1388		
2.05		10.3935		
2.07		10.6564		
2.09		10.928		
2.11		11.2083		
2.13		11.4978		
2.15		11.7967		
2.17		12.1052		
2.19		12.4238		
2.21		12.7527		
2.23		13.0921		
2.25		13.4425		
2.27		13.804		
2.29		14.1771		
2.31		14.3907		
2.33		14.4508		
2.35		14.5078		
2.37		14.5618		
2.39		14.6129		
2.41		14.6614		
2.43		14.7072		
2.45		14.7506		
2.47		14.7916		
2.49		14.8303		
2.51		14.8669		
2.53		14.9014		
2.55		14.934		
2.57		14.9647		
2.59		14.9936		
2.61		15.0209		
2.63		15.0465		
2.65		15.0706		
2.67		15.0932		
2.69		15.1144		
2.71		15.1342		
2.73		15.1529		
2.75		15.1703		
2.77		15.1865		
2.79		15.2017		
2.81		15.2159		
2.83		15.229		
2.85		15.2412		
2.87		15.2525		
2.89		15.263		
2.91		15.2727		
2.93		15.2815		
2.95		15.2897		
2.97		15.2971		
2.99		15.3039		
3.01		15.3101		
3.03		15.3156		
3.05		15.3206		
3.07		15.325		
3.09		15.329		
3.11		15.3324		
3.13		15.3353		
3.15		15.3377		
3.17		15.3398		
3.19		15.3414		
3.21		15.3426		
3.23		15.3434		
3.25		15.3439		
3.27		15.344		
3.29		15.3438		
3.31		15.3432		
3.33		15.3423		
3.35		15.3411		
3.37		15.3396		
3.39		14.4325		
3.41		12.8377		
3.43		11.61		
3.45		10.6514		
3.47		9.89114		
3.49		9.27793		
3.51		8.77443		
3.53		8.35342		
3.55		7.99497		
3.57		7.68441		
3.59		7.41095		
3.61		7.16657		
3.63		6.94531		
3.65		6.74271		
3.67		6.5554		
3.69		6.38083		
3.71		6.21706		
3.73		6.06257		
3.75		5.9162		
3.77		5.77701		
3.79		5.64427		
3.81		5.51739		
3.83		5.39587		
3.85		5.2793		
3.87		5.16735		
3.89		5.05971		
3.91		4.95613		
3.93		4.85638		
3.95		4.76027		
3.97		4.6676		
3.99		4.57822		
4.01		4.49197		
4.03		4.40872		
4.05		4.32833		
4.07		4.25068		
4.09		4.17566		
4.11		4.10316		
4.13		4.03309		
4.15		3.96533		
4.17		3.89981		
4.19		3.83644		
4.21		3.77513		
4.23		3.71581		
4.25		3.6584		
4.27		3.60283		
4.29		3.54903		
4.31		3.49695		
4.33		3.44651		
4.35		3.39765		
4.37		3.35033		
4.39		3.30448		
4.41		3.26005		
4.43		3.217		
4.45		3.17528		
4.47		3.13483		
4.49		3.09562		
4.51		3.0576		
4.53		3.02073		
4.55		2.98497		
4.57		2.95029		
4.59		2.91665		
4.61		2.88402		
4.63		2.85235		
4.65		2.82163		
4.67		2.79181		
4.69		2.76287		
4.71		2.73478		
4.73		2.70752		
4.75		2.68105		
4.77		2.65535		
4.79		2.6304		
4.81		2.60617		
4.83		2.58265		
4.85		2.5598		
4.87		2.5376		
4.89		2.51605		
4.91		2.49511		
4.93		2.47476		
4.95		2.455		
4.97		2.4358		
4.99		2.41715		
5.01		2.39902		
5.03		2.38141		
5.05		2.36429		
5.07		2.34765		
5.09		2.33149		
5.11		2.31578		
5.13		2.30051		
5.15		2.28566		
5.17		2.27124		
5.19		2.25721		
5.21		2.24358		
5.23		2.23033		
5.25		2.21745		
5.27		2.20493		
5.29		2.19276		
5.31		2.18092		
5.33		2.16942		
5.35		2.15824		
5.37		2.14736		
5.39		2.13679		
5.41		2.12652		
5.43		2.11653		
5.45		2.10682		
5.47		2.09738		
5.49		2.0882		
5.51		2.07928		
5.53		2.0706		
5.55		2.06217		
5.57		2.05398		
5.59		2.04601		
5.61		2.03827		
5.63		2.03074		
5.65		2.02343		
5.67		2.01632		
5.69		2.00941		
5.71		2.00269		
5.73		1.99617		
5.75		1.98983		
5.77		1.98367		
5.79		1.97769		
5.81		1.97188		
5.83		1.96623		
5.85		1.96075		
5.87		1.95542		
5.89		1.95025		
5.91		1.94523		
5.93		1.94035		
5.95		1.93562		
5.97		1.93102		
5.99		1.92656		
6.01		1.92223		
6.03		1.91803		
6.05		1.91396		
6.07		1.91		
6.09		1.90617		
6.11		1.90245		
6.13		1.89885		
6.15		1.89535		
6.17		1.89197		
6.19		1.88869		
6.21		1.88551		
6.23		1.88243		
6.25		1.87945		
6.27		1.87656		
6.29		1.87377		
6.31		1.87106		
6.33		1.86845		
6.35		1.86592		
6.37		1.86347		
6.39		1.86111		
6.41		1.85883		
6.43		1.85662		
6.45		1.85449		
6.47		1.85244		
6.49		1.85046		
6.51		1.84855		
6.53		1.84671		
6.55		1.84493		
6.57		1.84323		
6.59		1.84158		
6.61		1.84		
6.63		1.83848		
6.65		1.83703		
6.67		1.83563		
6.69		1.83428		
6.71		1.833		
6.73		1.83176		
6.75		1.83059		
6.77		1.82946		
6.79		1.82838		
6.81		1.82736		
6.83		1.82638		
6.85		1.82545		
6.87		1.82457		
6.89		1.82373		
6.91		1.82293		
6.93		1.82218		
6.95		1.82148		
6.97		1.82081		
6.99		1.82018		
7.01		1.81959		
7.03		1.81905		
7.05		1.81853		
7.07		1.81806		
7.09		1.81762		
7.11		1.81722		
7.13		1.81685		
7.15		1.81652		
7.17		1.81621		
7.19		1.81594		
7.21		1.81571		
7.23		1.8155		
7.25		1.81532		
7.27		1.81517		
7.29		1.81505		
7.31		1.81496		
7.33		1.8149		
7.35		1.81486		
7.37		1.81485		
7.39		1.81487		
7.41		1.81491		
7.43		1.81497		
7.45		1.81506		
7.47		1.81517		
7.49		1.81531		
7.51		1.81546		
7.53		1.81564		
7.55		1.81585		
7.57		1.81607		
7.59		1.81631		
7.61		1.81657		
7.63		1.81686		
7.65		1.81716		
7.67		1.81748		
7.69		1.81782		
7.71		1.81817		
7.73		1.81855		
7.75		1.81894		
7.77		1.81935		
7.79		1.81977		
7.81		1.82021		
7.83		1.82067		
7.85		1.82111		
7.87		1.82166		
7.89		1.82215		
7.91		1.82266		
7.93		1.8232		
7.95		1.82374		
7.97		1.8243		
7.99		1.82487		
8.01		1.82546		
8.03		1.82605		
8.05		1.82667		
8.07		1.82729		
8.09		1.82792		
8.11		1.82857		
8.13		1.82923		
8.15		1.8299		
8.17		1.83058		
8.19		1.83127		
8.21		1.83197		
8.23		1.83268		
8.25		1.8334		
8.27		1.83413		
8.29		1.83488		
8.31		1.83563		
8.33		1.83639		
8.35		1.83716		
8.37		1.83793		
8.39		1.83872		
8.41		1.83951		
8.43		1.84032		
8.45		1.84113		
8.47		1.84195		
8.49		1.84277		
8.51		1.84361		
8.53		1.84445		
8.55		1.8453		
8.57		1.84616		
8.59		1.84702		
8.61		1.84789		
8.63		1.84877		
8.65		1.84965		
8.67		1.85054		
8.69		1.85143		
8.71		1.85234		
8.73		1.85324		
8.75		1.85416		
8.77		1.85508		
8.79		1.856		
8.81		1.85693		
8.83		1.85787		
8.85		1.85881		
8.87		1.85976		
8.89		1.86071		
8.91		1.86166		
8.93		1.86262		
8.95		1.86359		
8.97		1.86456		
8.99		1.86554		
9.01		1.86652		
9.03		1.8675		
9.05		1.86849		
9.07		1.86948		
9.09		1.87047		
9.11		1.87147		
9.13		1.87248		
9.15		1.87349		
9.17		1.8745		
9.19		1.87551		
9.21		1.87653		
9.23		1.87755		
9.25		1.87858		
9.27		1.87961		
9.29		1.88064		
9.31		1.88167		
9.33		1.88271		
9.35		1.88375		
9.37		1.8848		
9.39		1.88584		
9.41		1.88689		
9.43		1.88794		
9.45		1.889		
9.47		1.89006		
9.49		1.89112		
9.51		1.89218		
9.53		1.89325		
9.55		1.89431		
9.57		1.89538		
9.59		1.89646		
9.61		1.89753		
9.63		1.89861		
9.65		1.89969		
9.67		1.90077		
9.69		1.90185		
9.71		1.90293		
9.73		1.90402		
9.75		1.90511		
9.77		1.9062		
9.79		1.90729		
9.81		1.90839		
9.83		1.90948		
9.85		1.91058		
9.87		1.91168		
9.89		1.91278		
9.91		1.91388		
9.93		1.91498		
9.95		1.91609		
9.97		1.9172		
9.99		1.9183		
10.01		1.91941		
10.03		1.92052		
10.05		1.92164		
10.07		1.92275		
10.09		1.92386		
10.11		1.92498		
10.13		1.92609		
10.15		1.92721		
10.17		1.92833		
10.19		1.92945		
10.21		1.93057		
10.23		1.93169		
10.25		1.93282		
10.27		1.93394		
10.29		1.93507		
10.31		1.93619		
10.33		1.93732		
10.35		1.93844		
10.37		1.93957		
10.39		1.9407		
10.41		1.94183		
10.43		1.94296		
10.45		1.94409		
10.47		1.94522		
10.49		1.94636		
10.51		1.94749		
10.53		1.94862		
10.55		1.94976		
10.57		1.95089		
10.59		1.95203		
10.61		1.95316		
10.63		1.9543		
10.65		1.95544		
10.67		1.95658		
10.69		1.95771		
10.71		1.95885		
10.73		1.95999		
10.75		1.96113		
10.77		1.96227		
10.79		1.96341		
10.81		1.96455		
10.83		1.96569		
10.85		1.96683		
10.87		1.96797		
10.89		1.96911		
10.91		1.97026		
10.93		1.9714		
10.95		1.97254		
10.97		1.97368		
10.99		1.97483		
11.01		1.97597		
11.03		1.97711		
11.05		1.97826		
11.07		1.9794		
11.09		1.98054		
11.11		1.98169		
11.13		1.98283		
11.15		1.98398		
11.17		1.98512		
11.19		1.98626		
11.21		1.98741		
11.23		1.98855		
11.25		1.9897		
11.27		1.99084		
11.29		1.99199		
11.31		1.99313		
11.33		1.99428		
11.35		1.99542		
11.37		1.99657		
11.39		1.99771		
11.41		1.99886		
11.43		2		
11.45		2.00114		
11.47		2.00229		
11.49		2.00343		
11.51		2.00458		
11.53		2.00572		
11.55		2.00687		
11.57		2.00801		
11.59		2.00916		
11.61		2.0103		
11.63		2.01144		
11.65		2.01259		
11.67		2.01373		
11.69		2.01488		
11.71		2.01602		
11.73		2.01716		
11.75		2.01831		
11.77		2.01945		
11.79		2.02059		
11.81		2.02173		
11.83		2.02288		
11.85		2.02402		
11.87		2.02516		
11.89		2.0263		
11.91		2.02744		
11.93		2.02859		
11.95		2.02973		
11.97		2.03087		
11.99		2.03201		
12.01		2.03315		
12.03		2.03429		
12.05		2.03543		
12.07		2.03657		
12.09		2.03771		
12.11		2.03885		
12.13		2.03999		
12.15		2.04113		
12.17		2.04227		
12.19		2.04341		
12.21		2.04454		
12.23		2.04568		
12.25		2.04682		
12.27		2.04796		
12.29		2.04909		
12.31		2.05023		
12.33		2.05137		
12.35		2.0525		
12.37		2.05364		
12.39		2.05478		
12.41		2.05591		
12.43		2.05705		
12.45		2.05818		
12.47		2.05932		
12.49		2.06045		
12.51		2.06158		
12.53		2.06272		
12.55		2.06385		
12.57		2.06498		
12.59		2.06611		
12.61		2.06725		
12.63		2.06838		
12.65		2.06951		
12.67		2.07064		
12.69		2.07177		
12.71		2.0729		
12.73		2.07403		
12.75		2.07516		
12.77		2.07629		
12.79		2.07742		
12.81		2.07855		
12.83		2.07968		
12.85		2.08081		
12.87		2.08193		
12.89		2.08306		
12.91		2.08419		
12.93		2.08531		
12.95		2.08644		
12.97		2.08756		
12.99		2.08869		
13.01		2.08982		
13.03		2.09094		
13.05		2.09206		
13.07		2.09319		
13.09		2.09431		
13.11		2.09543		
13.13		2.09656		
13.15		2.09768		
13.17		2.0988		
13.19		2.09992		
13.21		2.10104		
13.23		2.10216		
13.25		2.10328		
13.27		2.1044		
13.29		2.10552		
13.31		2.10664		
13.33		2.10776		
13.35		2.10888		
13.37		2.11		
13.39		2.11112		
13.41		2.11223		
13.43		2.11335		
13.45		2.11447		
13.47		2.11558		
13.49		2.1167		
13.51		2.11781		
13.53		2.11893		
13.55		2.12004		
13.57		2.12115		
13.59		2.12227		
13.61		2.12338		
13.63		2.12449		
13.65		2.12561		
13.67		2.12672		
13.69		2.12783		
13.71		2.12894		
13.73		2.13005		
13.75		2.13116		
13.77		2.13227		
13.79		2.13338		
13.81		2.13449		
13.83		2.1356		
13.85		2.13671		
13.87		2.13781		
13.89		2.13892		
13.91		2.14003		
13.93		2.14113		
13.95		2.14224		
13.97		2.14335		
13.99		2.14445		
14.01		2.14556		
14.03		2.14666		
14.05		2.14776		
14.07		2.14887		
14.09		2.14997		
14.11		2.15107		
14.13		2.15218		
14.15		2.15328		
14.17		2.15438		
14.19		2.15548		
14.21		2.15658		
14.23		2.15768		
14.25		2.15878		
14.27		2.15988		
14.29		2.16098		
14.31		2.16208		
14.33		2.16317		
14.35		2.16427		
14.37		2.16537		
14.39		2.16647		
14.41		2.16756		
14.43		2.16866		
14.45		2.16975		
14.47		2.17085		
14.49		2.17194		
14.51		2.17304		
14.53		2.17413		
14.55		2.17522		
14.57		2.17632		
14.59		2.17741		
14.61		2.1785		
14.63		2.17959		
14.65		2.18069		
14.67		2.18178		
14.69		2.18287		
14.71		2.18396		
14.73		2.18505		
14.75		2.18614		
14.77		2.18722		
14.79		2.18831		
14.81		2.1894		
14.83		2.19049		
14.85		2.19157		
14.87		2.19266		
14.89		2.19375		
14.91		2.19483		
14.93		2.19592		
14.95		2.197		
14.97		2.19808		
14.99		2.19915		
15.01		2.20029		
15.03		2.20135		
15.05		2.20243		
15.07		2.20351		
15.09		2.20459		
15.11		2.20567		
15.13		2.20675		
15.15		2.20783		
15.17		2.20892		
15.19		2.20999		
15.21		2.21107		
15.23		2.21215		
15.25		2.21323		
15.27		2.21431		
15.29		2.21539		
15.31		2.21647		
15.33		2.21754		
15.35		2.21862		
15.37		2.2197		
15.39		2.22077		
15.41		2.22185		
15.43		2.22292		
15.45		2.224		
15.47		2.22507		
15.49		2.22615		
15.51		2.22722		
15.53		2.22829		
15.55		2.22936		
15.57		2.23044		
15.59		2.23151		
15.61		2.23258		
15.63		2.23365		
15.65		2.23472		
15.67		2.23579		
15.69		2.23686		
15.71		2.23793		
15.73		2.239		
15.75		2.24007		
15.77		2.24114		
15.79		2.24221		
15.81		2.24327		
15.83		2.24434		
15.85		2.24541		
15.87		2.24647		
15.89		2.24754		
15.91		2.2486		
15.93		2.24967		
15.95		2.25073		
15.97		2.2518		
15.99		2.25286		
16.01		2.25393		
16.03		2.25499		
16.05		2.25605		
16.07		2.25711		
16.09		2.25817		
16.11		2.25924		
16.13		2.2603		
16.15		2.26136		
16.17		2.26242		
16.19		2.26348		
16.21		2.26454		
16.23		2.2656		
16.25		2.26666		
16.27		2.26771		
16.29		2.26877		
16.31		2.26983		
16.33		2.27089		
16.35		2.27194		
16.37		2.273		
16.39		2.27406		
16.41		2.27511		
16.43		2.27617		
16.45		2.27722		
16.47		2.27828		
16.49		2.27933		
16.51		2.28038		
16.53		2.28144		
16.55		2.28249		
16.57		2.28354		
16.59		2.28459		
16.61		2.28565		
16.63		2.2867		
16.65		2.28775		
16.67		2.2888		
16.69		2.28985		
16.71		2.2909		
16.73		2.29195		
16.75		2.293		
16.77		2.29405		
16.79		2.2951		
16.81		2.29614		
16.83		2.29719		
16.85		2.29824		
16.87		2.29928		
16.89		2.30033		
16.91		2.30138		
16.93		2.30242		
16.95		2.30347		
16.97		2.30451		
16.99		2.30556		
17.01		2.3066		
17.03		2.30765		
17.05		2.30869		
17.07		2.30973		
17.09		2.31078		
17.11		2.31182		
17.13		2.31286		
17.15		2.3139		
17.17		2.31494		
17.19		2.31598		
17.21		2.31702		
17.23		2.31806		
17.25		2.3191		
17.27		2.32014		
17.29		2.32118		
17.31		2.32222		
17.33		2.32326		
17.35		2.3243		
17.37		2.32533		
17.39		2.32637		
17.41		2.32741		
17.43		2.32845		
17.45		2.32948		
17.47		2.33052		
17.49		2.33155		
17.51		2.33259		
17.53		2.33362		
17.55		2.33466		
17.57		2.33569		
17.59		2.33672		
17.61		2.33776		
17.63		2.33879		
17.65		2.33982		
17.67		2.34085		
17.69		2.34189		
17.71		2.34292		
17.73		2.34395		
17.75		2.34498		
17.77		2.34601		
17.79		2.34704		
17.81		2.34807		
17.83		2.3491		
17.85		2.35013		
17.87		2.35116		
17.89		2.35219		
17.91		2.35321		
17.93		2.35424		
17.95		2.35527		
17.97		2.35629		
17.99		2.35732		
18.01		2.35835		
18.03		2.35937		
18.05		2.3604		
18.07		2.36142		
18.09		2.36245		
18.11		2.36347		
18.13		2.3645		
18.15		2.36552		
18.17		2.36654		
18.19		2.36757		
18.21		2.36859		
18.23		2.36961		
18.25		2.37063		
18.27		2.37166		
18.29		2.37268		
18.31		2.3737		
18.33		2.37472		
18.35		2.37574		
18.37		2.37676		
18.39		2.37778		
18.41		2.3788		
18.43		2.37982		
18.45		2.38084		
18.47		2.38185		
18.49		2.38287		
18.51		2.38389		
18.53		2.38491		
18.55		2.38592		
18.57		2.38694		
18.59		2.38796		
18.61		2.38897		
18.63		2.38999		
18.65		2.391		
18.67		2.39202		
18.69		2.39303		
18.71		2.39405		
18.73		2.39506		
18.75		2.39607		
18.77		2.39709		
18.79		2.3981		
18.81		2.39911		
18.83		2.40012		
18.85		2.40114		
18.87		2.40215		
18.89		2.40316		
18.91		2.40417		
18.93		2.40518		
18.95		2.40619		
18.97		2.4072		
18.99		2.40821		
19.01		2.40922		
19.03		2.41023		
19.05		2.41124		
19.07		2.41225		
19.09		2.41325		
19.11		2.41426		
19.13		2.41527		
19.15		2.41628		
19.17		2.41728		
19.19		2.41829		
19.21		2.41929		
19.23		2.4203		
19.25		2.42131		
19.27		2.42231		
19.29		2.42331		
19.31		2.42432		
19.33		2.42532		
19.35		2.42633		
19.37		2.42733		
19.39		2.42833		
19.41		2.42934		
19.43		2.43034		
19.45		2.43134		
19.47		2.43234		
19.49		2.43334		
19.51		2.43435		
19.53		2.43535		
19.55		2.43635		
19.57		2.43735		
19.59		2.43835		
19.61		2.43935		
19.63		2.44035		
19.65		2.44134		
19.67		2.44234		
19.69		2.44334		
19.71		2.44434		
19.73		2.44534		
19.75		2.44633		
19.77		2.44733		
19.79		2.44833		
19.81		2.44932		
19.83		2.45032		
19.85		2.45132		
19.87		2.45231		
19.89		2.45331		
19.91		2.4543		
19.93		2.4553		
19.95		2.45629		
19.97		2.45729		
19.99		2.45828		
20.01		2.45927		
20.03		2.46027		
20.05		2.46126		
20.07		2.46225		
20.09		2.46324		
20.11		2.46423		
20.13		2.46523		
20.15		2.46622		
20.17		2.46721		
20.19		2.4682		
20.21		2.46919		
20.23		2.47018		
20.25		2.47117		
20.27		2.47216		
20.29		2.47315		
20.31		2.47414		
20.33		2.47512		
20.35		2.47611		
20.37		2.4771		
20.39		2.47809		
20.41		2.47907		
20.43		2.48006		
20.45		2.48105		
20.47		2.48203		
20.49		2.48302		
20.51		2.48401		
20.53		2.48499		
20.55		2.48598		
20.57		2.48696		
20.59		2.48795		
20.61		2.48893		
20.63		2.48991		
20.65		2.4909		
20.67		2.49188		
20.69		2.49286		
20.71		2.49385		
20.73		2.49483		
20.75		2.49581		
20.77		2.49679		
20.79		2.49778		
20.81		2.49876		
20.83		2.49974		
20.85		2.50072		
20.87		2.5017		
20.89		2.50268		
20.91		2.50366		
20.93		2.50464		
20.95		2.50562		
20.97		2.5066		
20.99		2.50758		
21.01		2.50855		
21.03		2.50953		
21.05		2.51051		
21.07		2.51149		
21.09		2.51246		
21.11		2.51344		
21.13		2.51442		
21.15		2.51539		
21.17		2.51637		
21.19		2.51735		
21.21		2.51832		
21.23		2.5193		
21.25		2.52027		
21.27		2.52125		
21.29		2.52222		
21.31		2.52319		
21.33		2.52417		
21.35		2.52514		
21.37		2.52612		
21.39		2.52709		
21.41		2.52806		
21.43		2.52903		
21.45		2.53001		
21.47		2.53098		
21.49		2.53195		
21.51		2.53292		
21.53		2.53389		
21.55		2.53486		
21.57		2.53583		
21.59		2.5368		
21.61		2.53777		
21.63		2.53874		
21.65		2.53971		
21.67		2.54068		
21.69		2.54165		
21.71		2.54262		
21.73		2.54358		
21.75		2.54455		
21.77		2.54552		
21.79		2.54649		
21.81		2.54745		
21.83		2.54842		
21.85		2.54939		
21.87		2.55035		
21.89		2.55132		
21.91		2.55228		
21.93		2.55325		
21.95		2.55421		
21.97		2.55518		
21.99		2.55614		
22.01		2.55711		
22.03		2.55807		
22.05		2.55904		
22.07		2.56		
22.09		2.56096		
22.11		2.56193		
22.13		2.56289		
22.15		2.56385		
22.17		2.56481		
22.19		2.56577		
22.21		2.56674		
22.23		2.5677		
22.25		2.56866		
22.27		2.56962		
22.29		2.57058		
22.31		2.57154		
22.33		2.5725		
22.35		2.57346		
22.37		2.57442		
22.39		2.57538		
22.41		2.57634		
22.43		2.57729		
22.45		2.57825		
22.47		2.57921		
22.49		2.58017		
22.51		2.58113		
22.53		2.58208		
22.55		2.58304		
22.57		2.584		
22.59		2.58495		
22.61		2.58591		
22.63		2.58687		
22.65		2.58782		
22.67		2.58878		
22.69		2.58973		
22.71		2.59069		
22.73		2.59164		
22.75		2.59259		
22.77		2.59355		
22.79		2.5945		
22.81		2.59546		
22.83		2.59641		
22.85		2.59736		
22.87		2.59831		
22.89		2.59927		
22.91		2.60022		
22.93		2.60117		
22.95		2.60212		
22.97		2.60307		
22.99		2.60403		
23.01		2.60498		
23.03		2.60593		
23.05		2.60688		
23.07		2.60783		
23.09		2.60878		
23.11		2.60973		
23.13		2.61068		
23.15		2.61163		
23.17		2.61257		
23.19		2.61352		
23.21		2.61447		
23.23		2.61542		
23.25		2.61637		
23.27		2.61731		
23.29		2.61826		
23.31		2.61921		
23.33		2.62016		
23.35		2.6211		
23.37		2.62205		
23.39		2.62299		
23.41		2.62394		
23.43		2.62489		
23.45		2.62583		
23.47		2.62678		
23.49		2.62772		
23.51		2.62866		
23.53		2.62961		
23.55		2.63055		
23.57		2.6315		
23.59		2.63244		
23.61		2.63338		
23.63		2.63433		
23.65		2.63527		
23.67		2.63621		
23.69		2.63715		
23.71		2.6381		
23.73		2.63904		
23.75		2.63998		
23.77		2.64092		
23.79		2.64186		
23.81		2.6428		
23.83		2.64374		
23.85		2.64468		
23.87		2.64562		
23.89		2.64656		
23.91		2.6475		
23.93		2.64844		
23.95		2.64938		
23.97		2.65032		
23.99		2.65126		
24.01		2.6522		
24.03		2.65313		
24.05		2.65407		
24.07		2.65501		
24.09		2.65595		
24.11		2.65688		
24.13		2.65782		
24.15		2.65876		
24.17		2.65969		
24.19		2.66063		
24.21		2.66156		
24.23		2.6625		
24.25		2.66344		
24.27		2.66437		
24.29		2.66531		
24.31		2.66624		
24.33		2.66717		
24.35		2.66811		
24.37		2.66904		
24.39		2.66998		
24.41		2.67091		
24.43		2.67184		
24.45		2.67278		
24.47		2.67371		
24.49		2.67464		
24.51		2.67557		
24.53		2.67651		
24.55		2.67744		
24.57		2.67837		
24.59		2.6793		
24.61		2.68023		
24.63		2.68116		
24.65		2.68209		
24.67		2.68302		
24.69		2.68395		
24.71		2.68488		
24.73		2.68581		
24.75		2.68674		
24.77		2.68767		
24.79		2.6886		
24.81		2.68953		
24.83		2.69046		
24.85		2.69138		
24.87		2.69231		
24.89		2.69324		
24.91		2.69417		
24.93		2.6951		
24.95		2.69602		
24.97		2.69695		
24.99		2.69788		
25.01		2.6988		
25.03		2.69973		
25.05		2.70065		
25.07		2.70158		
25.09		2.70251		
25.11		2.70343		
25.13		2.70436		
25.15		2.70528		
25.17		2.70621		
25.19		2.70713		
25.21		2.70805		
25.23		2.70898		
25.25		2.7099		
25.27		2.71082		
25.29		2.71175		
25.31		2.71267		
25.33		2.71359		
25.35		2.71452		
25.37		2.71544		
25.39		2.71636		
25.41		2.71728		
25.43		2.7182		
25.45		2.71912		
25.47		2.72005		
25.49		2.72097		
25.51		2.72189		
25.53		2.72281		
25.55		2.72373		
25.57		2.72465		
25.59		2.72557		
25.61		2.72649		
25.63		2.72741		
25.65		2.72833		
25.67		2.72925		
25.69		2.73016		
25.71		2.73108		
25.73		2.732		
25.75		2.73292		
25.77		2.73384		
25.79		2.73475		
25.81		2.73567		
25.83		2.73659		
25.85		2.73751		
25.87		2.73842		
25.89		2.73934		
25.91		2.74026		
25.93		2.74117		
25.95		2.74209		
25.97		2.743		
25.99		2.74392		
26.01		2.74483		
26.03		2.74575		
26.05		2.74666		
26.07		2.74758		
26.09		2.74849		
26.11		2.74941		
26.13		2.75032		
26.15		2.75123		
26.17		2.75215		
26.19		2.75306		
26.21		2.75397		
26.23		2.75489		
26.25		2.7558		
26.27		2.75671		
26.29		2.75762		
26.31		2.75854		
26.33		2.75945		
26.35		2.76036		
26.37		2.76127		
26.39		2.76218		
26.41		2.76309		
26.43		2.764		
26.45		2.76491		
26.47		2.76582		
26.49		2.76673		
26.51		2.76764		
26.53		2.76855		
26.55		2.76946		
26.57		2.77037		
26.59		2.77128		
26.61		2.77219		
26.63		2.7731		
26.65		2.77401		
26.67		2.77492		
26.69		2.77582		
26.71		2.77673		
26.73		2.77764		
26.75		2.77855		
26.77		2.77945		
26.79		2.78036		
26.81		2.78127		
26.83		2.78217		
26.85		2.78308		
26.87		2.78399		
26.89		2.78489		
26.91		2.7858		
26.93		2.7867		
26.95		2.78761		
26.97		2.78852		
26.99		2.78942		
27.01		2.79032		
27.03		2.79123		
27.05		2.79213		
27.07		2.79304		
27.09		2.79394		
27.11		2.79485		
27.13		2.79575		
27.15		2.79665		
27.17		2.79756		
27.19		2.79846		
27.21		2.79936		
27.23		2.80026		
27.25		2.80117		
27.27		2.80207		
27.29		2.80297		
27.31		2.80387		
27.33		2.80477		
27.35		2.80568		
27.37		2.80658		
27.39		2.80748		
27.41		2.80838		
27.43		2.80928		
27.45		2.81018		
27.47		2.81108		
27.49		2.81198		
27.51		2.81288		
27.53		2.81378		
27.55		2.81468		
27.57		2.81558		
27.59		2.81648		
27.61		2.81738		
27.63		2.81828		
27.65		2.81917		
27.67		2.82007		
27.69		2.82097		
27.71		2.82187		
27.73		2.82277		
27.75		2.82366		
27.77		2.82456		
27.79		2.82546		
27.81		2.82636		
27.83		2.82725		
27.85		2.82815		
27.87		2.82905		
27.89		2.82994		
27.91		2.83084		
27.93		2.83173		
27.95		2.83263		
27.97		2.83352		
27.99		2.83442		
28.01		2.83531		
28.03		2.83621		
28.05		2.8371		
28.07		2.838		
28.09		2.83889		
28.11		2.83979		
28.13		2.84068		
28.15		2.84158		
28.17		2.84247		
28.19		2.84336		
28.21		2.84426		
28.23		2.84515		
28.25		2.84604		
28.27		2.84693		
28.29		2.84783		
28.31		2.84872		
28.33		2.84961		
28.35		2.8505		
28.37		2.8514		
28.39		2.85229		
28.41		2.85318		
28.43		2.85407		
28.45		2.85496		
28.47		2.85585		
28.49		2.85674		
28.51		2.85763		
28.53		2.85852		
28.55		2.85941		
28.57		2.8603		
28.59		2.86119		
28.61		2.86208		
28.63		2.86297		
28.65		2.86386		
28.67		2.86475		
28.69		2.86564		
28.71		2.86653		
28.73		2.86742		
28.75		2.86831		
28.77		2.8692		
28.79		2.87008		
28.81		2.87097		
28.83		2.87186		
28.85		2.87275		
28.87		2.87363		
28.89		2.87452		
28.91		2.87541		
28.93		2.8763		
28.95		2.87718		
28.97		2.87807		
28.99		2.87896		
29.01		2.87984		
29.03		2.88073		
29.05		2.88161		
29.07		2.8825		
29.09		2.88339		
29.11		2.88427		
29.13		2.88516		
29.15		2.88604		
29.17		2.88693		
29.19		2.88781		
29.21		2.8887		
29.23		2.88958		
29.25		2.89046		
29.27		2.89135		
29.29		2.89223		
29.31		2.89312		
29.33		2.894		
29.35		2.89488		
29.37		2.89577		
29.39		2.89665		
29.41		2.89753		
29.43		2.89842		
29.45		2.8993		
29.47		2.90018		
29.49		2.90106		
29.51		2.90195		
29.53		2.90283		
29.55		2.90371		
29.57		2.90459		
29.59		2.90547		
29.61		2.90635		
29.63		2.90724		
29.65		2.90812		
29.67		2.909		
29.69		2.90988		
29.71		2.91076		
29.73		2.91164		
29.75		2.91252		
29.77		2.9134		
29.79		2.91428		
29.81		2.91516		
29.83		2.91604		
29.85		2.91692		
29.87		2.9178		
29.89		2.91868		
29.91		2.91956		
29.93		2.92043		
29.95		2.92131		
29.97		2.92219		
29.99		2.92307		
30.01		2.92395		
30.03		2.92483		
30.05		2.9257		
30.07		2.92658		
30.09		2.92746		
30.11		2.92834		
30.13		2.92921		
30.15		2.93009		
30.17		2.93097		
30.19		2.93185		
30.21		2.93272		
30.23		2.9336		
30.25		2.93448		
30.27		2.93535		
30.29		2.93623		
30.31		2.9371		
30.33		2.93798		
30.35		2.93886		
30.37		2.93973		
30.39		2.94061		
30.41		2.94148		
30.43		2.94236		
30.45		2.94323		
30.47		2.94411		
30.49		2.94498		
30.51		2.94586		
30.53		2.94673		
30.55		2.94761		
30.57		2.94848		
30.59		2.94935		
30.61		2.95023		
30.63		2.9511		
30.65		2.95197		
30.67		2.95285		
30.69		2.95372		
30.71		2.95459		
30.73		2.95547		
30.75		2.95634		
30.77		2.95721		
30.79		2.95809		
30.81		2.95896		
30.83		2.95983		
30.85		2.9607		
30.87		2.96157		
30.89		2.96245		
30.91		2.96332		
30.93		2.96419		
30.95		2.96506		
30.97		2.96593		
30.99		2.9668		
31.01		2.96768		
31.03		2.96855		
31.05		2.96942		
31.07		2.97029		
31.09		2.97116		
31.11		2.97203		
31.13		2.9729		
31.15		2.97377		
31.17		2.97464		
31.19		2.97551		
31.21		2.97638		
31.23		2.97725		
31.25		2.97812		
31.27		2.97899		
31.29		2.97986		
31.31		2.98073		
31.33		2.98159		
31.35		2.98246		
31.37		2.98333		
31.39		2.9842		
31.41		2.98507		
31.43		2.98594		
31.45		2.98681		
31.47		2.98767		
31.49		2.98854		
31.51		2.98941		
31.53		2.99028		
31.55		2.99115		
31.57		2.99201		
31.59		2.99288		
31.61		2.99375		
31.63		2.99461		
31.65		2.99548		
31.67		2.99635		
31.69		2.99722		
31.71		2.99808		
31.73		2.99895		
31.75		2.99981		
31.77		3.00068		
31.79		3.00155		
31.81		3.00241		
31.83		3.00328		
31.85		3.00415		
31.87		3.00501		
31.89		3.00588		
31.91		3.00674		
31.93		3.00761		
31.95		3.00847		
31.97		3.00934		
31.99		3.0102		
32.01		3.01107		
32.03		3.01193		
32.05		3.0128		
32.07		3.01366		
32.09		3.01453		
32.11		3.01539		
32.13		3.01625		
32.15		3.01712		
32.17		3.01798		
32.19		3.01885		
32.21		3.01971		
32.23		3.02057		
32.25		3.02144		
32.27		3.0223		
32.29		3.02316		
32.31		3.02403		
32.33		3.02489		
32.35		3.02575		
32.37		3.02661		
32.39		3.02748		
32.41		3.02834		
32.43		3.0292		
32.45		3.03006		
32.47		3.03093		
32.49		3.03179		
32.51		3.03265		
32.53		3.03351		
32.55		3.03438		
32.57		3.03524		
32.59		3.0361		
32.61		3.03696		
32.63		3.03782		
32.65		3.03868		
32.67		3.03954		
32.69		3.04041		
32.71		3.04127		
32.73		3.04213		
32.75		3.04299		
32.77		3.04385		
32.79		3.04471		
32.81		3.04557		
32.83		3.04643		
32.85		3.04729		
32.87		3.04815		
32.89		3.04901		
32.91		3.04987		
32.93		3.05073		
32.95		3.05159		
32.97		3.05245		
32.99		3.05331		
33.01		3.05417		
33.03		3.05503		
33.05		3.05589		
33.07		3.05675		
33.09		3.05761		
33.11		3.05846		
33.13		3.05932		
33.15		3.06018		
33.17		3.06104		
33.19		3.0619		
33.21		3.06276		
33.23		3.06362		
33.25		3.06448		
33.27		3.06533		
33.29		3.06619		
33.31		3.06705		
33.33		3.06791		
33.35		3.06877		
33.37		3.06962		
33.39		3.07048		
33.41		3.07134		
33.43		3.0722		
33.45		3.07305		
33.47		3.07391		
33.49		3.07477		
33.51		3.07563		
33.53		3.07648		
33.55		3.07734		
33.57		3.0782		
33.59		3.07905		
33.61		3.07991		
33.63		3.08077		
33.65		3.08162		
33.67		3.08248		
33.69		3.08334		
33.71		3.08419		
33.73		3.08505		
33.75		3.0859		
33.77		3.08676		
33.79		3.08762		
33.81		3.08847		
33.83		3.08933		
33.85		3.09018		
33.87		3.09104		
33.89		3.09189		
33.91		3.09275		
33.93		3.09361		
33.95		3.09446		
33.97		3.09532		
33.99		3.09617		
34.01		3.09703		
34.03		3.09788		
34.05		3.09874		
34.07		3.09959		
34.09		3.10045		
34.11		3.1013		
34.13		3.10215		
34.15		3.10301		
34.17		3.10386		
34.19		3.10472		
34.21		3.10557		
34.23		3.10643		
34.25		3.10728		
34.27		3.10813		
34.29		3.10899		
34.31		3.10984		
34.33		3.1107		
34.35		3.11155		
34.37		3.1124		
34.39		3.11326		
34.41		3.11411		
34.43		3.11496		
34.45		3.11582		
34.47		3.11667		
34.49		3.11752		
34.51		3.11838		
34.53		3.11923		
34.55		3.12008		
34.57		3.12094		
34.59		3.12179		
34.61		3.12264		
34.63		3.1235		
34.65		3.12435		
34.67		3.1252		
34.69		3.12605		
34.71		3.12691		
34.73		3.12776		
34.75		3.12861		
34.77		3.12946		
34.79		3.13031		
34.81		3.13117		
34.83		3.13202		
34.85		3.13287		
34.87		3.13372		
34.89		3.13458		
34.91		3.13543		
34.93		3.13628		
34.95		3.13713		
34.97		3.13798		
34.99		3.13883		
35.01		3.13969		
35.03		3.14054		
35.05		3.14139		
35.07		3.14224		
35.09		3.14309		
35.11		3.14394		
35.13		3.14479		
35.15		3.14564		
35.17		3.1465		
35.19		3.14735		
35.21		3.1482		
35.23		3.14905		
35.25		3.1499		
35.27		3.15075		
35.29		3.1516		
35.31		3.15245		
35.33		3.1533		
35.35		3.15415		
35.37		3.155		
35.39		3.15585		
35.41		3.1567		
35.43		3.15755		
35.45		3.1584		
35.47		3.15925		
35.49		3.1601		
35.51		3.16095		
35.53		3.1618		
35.55		3.16265		
35.57		3.1635		
35.59		3.16435		
35.61		3.1652		
35.63		3.16605		
35.65		3.1669		
35.67		3.16775		
35.69		3.1686		
35.71		3.16945		
35.73		3.1703		
35.75		3.17115		
35.77		3.172		
35.79		3.17285		
35.81		3.1737		
35.83		3.17455		
35.85		3.1754		
35.87		3.17625		
35.89		3.1771		
35.91		3.17795		
35.93		3.17879		
35.95		3.17964		
35.97		3.18049		
35.99		3.18134		
36.01		3.18219		
36.03		3.18304		
36.05		3.18389		
36.07		3.18474		
36.09		3.18559		
36.11		3.18643		
36.13		3.18728		
36.15		3.18813		
36.17		3.18898		
36.19		3.18983		
36.21		3.19068		
36.23		3.19152		
36.25		3.19237		
36.27		3.19322		
36.29		3.19407		
36.31		3.19492		
36.33		3.19577		
36.35		3.19661		
36.37		3.19746		
36.39		3.19831		
36.41		3.19916		
36.43		3.20001		
36.45		3.20085		
36.47		3.2017		
36.49		3.20255		
36.51		3.2034		
36.53		3.20425		
36.55		3.20509		
36.57		3.20594		
36.59		3.20679		
36.61		3.20764		
36.63		3.20848		
36.65		3.20933		
36.67		3.21018		
36.69		3.21103		
36.71		3.21187		
36.73		3.21272		
36.75		3.21357		
36.77		3.21442		
36.79		3.21526		
36.81		3.21611		
36.83		3.21696		
36.85		3.21781		
36.87		3.21865		
36.89		3.2195		
36.91		3.22035		
36.93		3.2212		
36.95		3.22204		
36.97		3.22289		
36.99		3.22374		
37.01		3.22458		
37.03		3.22543		
37.05		3.22628		
37.07		3.22712		
37.09		3.22797		
37.11		3.22882		
37.13		3.22967		
37.15		3.23051		
37.17		3.23136		
37.19		3.23221		
37.21		3.23305		
37.23		3.2339		
37.25		3.23475		
37.27		3.23559		
37.29		3.23644		
37.31		3.23729		
37.33		3.23813		
37.35		3.23898		
37.37		3.23983		
37.39		3.24067		
37.41		3.24152		
37.43		3.24237		
37.45		3.24321		
37.47		3.24406		
37.49		3.2449		
37.51		3.24575		
37.53		3.2466		
37.55		3.24744		
37.57		3.24829		
37.59		3.24914		
37.61		3.24998		
37.63		3.25083		
37.65		3.25168		
37.67		3.25252		
37.69		3.25337		
37.71		3.25421		
37.73		3.25506		
37.75		3.25591		
37.77		3.25675		
37.79		3.2576		
37.81		3.25844		
37.83		3.25929		
37.85		3.26014		
37.87		3.26098		
37.89		3.26183		
37.91		3.26268		
37.93		3.26352		
37.95		3.26437		
37.97		3.26521		
37.99		3.26606		
38.01		3.26691		
38.03		3.26775		
38.05		3.2686		
38.07		3.26944		
38.09		3.27029		
38.11		3.27114		
38.13		3.27198		
38.15		3.27283		
38.17		3.27367		
38.19		3.27452		
38.21		3.27536		
38.23		3.27621		
38.25		3.27706		
38.27		3.2779		
38.29		3.27875		
38.31		3.27959		
38.33		3.28044		
38.35		3.28129		
38.37		3.28213		
38.39		3.28298		
38.41		3.28382		
38.43		3.28467		
38.45		3.28551		
38.47		3.28636		
38.49		3.28721		
38.51		3.28805		
38.53		3.2889		
38.55		3.28974		
38.57		3.29059		
38.59		3.29143		
38.61		3.29228		
38.63		3.29313		
38.65		3.29397		
38.67		3.29482		
38.69		3.29566		
38.71		3.29651		
38.73		3.29735		
38.75		3.2982		
38.77		3.29904		
38.79		3.29989		
38.81		3.30074		
38.83		3.30158		
38.85		3.30243		
38.87		3.30327		
38.89		3.30412		
38.91		3.30496		
38.93		3.30581		
38.95		3.30666		
38.97		3.3075		
38.99		3.30835		
39.01		3.30919		
39.03		3.31004		
39.05		3.31088		
39.07		3.31173		
39.09		3.31257		
39.11		3.31342		
39.13		3.31427		
39.15		3.31511		
39.17		3.31596		
39.19		3.3168		
39.21		3.31765		
39.23		3.31849		
39.25		3.31934		
39.27		3.32018		
39.29		3.32103		
39.31		3.32188		
39.33		3.32272		
39.35		3.32357		
39.37		3.32441		
39.39		3.32526		
39.41		3.3261		
39.43		3.32695		
39.45		3.3278		
39.47		3.32864		
39.49		3.32949		
39.51		3.33033		
39.53		3.33118		
39.55		3.33202		
39.57		3.33287		
39.59		3.33371		
39.61		3.33456		
39.63		3.33541		
39.65		3.33625		
39.67		3.3371		
39.69		3.33794		
39.71		3.33879		
39.73		3.33963		
39.75		3.34048		
39.77		3.34133		
39.79		3.34217		
39.81		3.34302		
39.83		3.34386		
39.85		3.34471		
39.87		3.34555		
39.89		3.3464		
39.91		3.34725		
39.93		3.34809		
39.95		3.34894		
39.97		3.34978		
39.99		3.35063		
40.01		3.35147		
40.03		3.35232		
40.05		3.35317		
40.07		3.35401		
40.09		3.35486		
40.11		3.3557		
40.13		3.35655		
40.15		3.3574		
40.17		3.35824		
40.19		3.35909		
40.21		3.35993		
40.23		3.36078		
40.25		3.36162		
40.27		3.36247		
40.29		3.36332		
40.31		3.36416		
40.33		3.36501		
40.35		3.36585		
40.37		3.3667		
40.39		3.36755		
40.41		3.36839		
40.43		3.36924		
40.45		3.37008		
40.47		3.37093		
40.49		3.37178		
40.51		3.37262		
40.53		3.37347		
40.55		3.37431		
40.57		3.37516		
40.59		3.37601		
40.61		3.37685		
40.63		3.3777		
40.65		3.37855		
40.67		3.37939		
40.69		3.38024		
40.71		3.38108		
40.73		3.38193		
40.75		3.38278		
40.77		3.38362		
40.79		3.38447		
40.81		3.38532		
40.83		3.38616		
40.85		3.38701		
40.87		3.38785		
40.89		3.3887		
40.91		3.38955		
40.93		3.39039		
40.95		3.39124		
40.97		3.39209		
40.99		3.39293		
41.01		3.39378		
41.03		3.39463		
41.05		3.39547		
41.07		3.39632		
41.09		3.39717		
41.11		3.39801		
41.13		3.39886		
41.15		3.3997		
41.17		3.40055		
41.19		3.4014		
41.21		3.40224		
41.23		3.40309		
41.25		3.40394		
41.27		3.40478		
41.29		3.40563		
41.31		3.40648		
41.33		3.40732		
41.35		3.40817		
41.37		3.40902		
41.39		3.40987		
41.41		3.41071		
41.43		3.41156		
41.45		3.41241		
41.47		3.41325		
41.49		3.4141		
41.51		3.41495		
41.53		3.41579		
41.55		3.41664		
41.57		3.41749		
41.59		3.41833		
41.61		3.41918		
41.63		3.42003		
41.65		3.42088		
41.67		3.42172		
41.69		3.42257		
41.71		3.42342		
41.73		3.42426		
41.75		3.42511		
41.77		3.42596		
41.79		3.42681		
41.81		3.42765		
41.83		3.4285		
41.85		3.42935		
41.87		3.43019		
41.89		3.43104		
41.91		3.43189		
41.93		3.43274		
41.95		3.43358		
41.97		3.43443		
41.99		3.43528		
42.01		3.43613		
42.03		3.43697		
42.05		3.43782		
42.07		3.43867		
42.09		3.43952		
42.11		3.44036		
42.13		3.44121		
42.15		3.44206		
42.17		3.44291		
42.19		3.44375		
42.21		3.4446		
42.23		3.44545		
42.25		3.4463		
42.27		3.44715		
42.29		3.44799		
42.31		3.44884		
42.33		3.44969		
42.35		3.45054		
42.37		3.45138		
42.39		3.45223		
42.41		3.45308		
42.43		3.45393		
42.45		3.45478		
42.47		3.45562		
42.49		3.45647		
42.51		3.45732		
42.53		3.45817		
42.55		3.45902		
42.57		3.45986		
42.59		3.46071		
42.61		3.46156		
42.63		3.46241		
42.65		3.46326		
42.67		3.46411		
42.69		3.46495		
42.71		3.4658		
42.73		3.46665		
42.75		3.4675		
42.77		3.46835		
42.79		3.4692		
42.81		3.47004		
42.83		3.47089		
42.85		3.47174		
42.87		3.47259		
42.89		3.47344		
42.91		3.47429		
42.93		3.47513		
42.95		3.47598		
42.97		3.47683		
42.99		3.47768		
43.01		3.47853		
43.03		3.47938		
43.05		3.48023		
43.07		3.48108		
43.09		3.48192		
43.11		3.48277		
43.13		3.48362		
43.15		3.48447		
43.17		3.48532		
43.19		3.48617		
43.21		3.48702		
43.23		3.48787		
43.25		3.48872		
43.27		3.48956		
43.29		3.49041		
43.31		3.49126		
43.33		3.49211		
43.35		3.49296		
43.37		3.49381		
43.39		3.49466		
43.41		3.49551		
43.43		3.49636		
43.45		3.49721		
43.47		3.49806		
43.49		3.49891		
43.51		3.49976		
43.53		3.5006		
43.55		3.50145		
43.57		3.5023		
43.59		3.50315		
43.61		3.504		
43.63		3.50485		
43.65		3.5057		
43.67		3.50655		
43.69		3.5074		
43.71		3.50825		
43.73		3.5091		
43.75		3.50995		
43.77		3.5108		
43.79		3.51165		
43.81		3.5125		
43.83		3.51335		
43.85		3.5142		
43.87		3.51505		
43.89		3.5159		
43.91		3.51675		
43.93		3.5176		
43.95		3.51845		
43.97		3.5193		
43.99		3.52015		
44.01		3.521		
44.03		3.52185		
44.05		3.5227		
44.07		3.52355		
44.09		3.5244		
44.11		3.52525		
44.13		3.5261		
44.15		3.52695		
44.17		3.5278		
44.19		3.52865		
44.21		3.5295		
44.23		3.53035		
44.25		3.5312		
44.27		3.53205		
44.29		3.5329		
44.31		3.53375		
44.33		3.5346		
44.35		3.53545		
44.37		3.5363		
44.39		3.53715		
44.41		3.538		
44.43		3.53885		
44.45		3.5397		
44.47		3.54055		
44.49		3.54141		
44.51		3.54226		
44.53		3.54311		
44.55		3.54396		
44.57		3.54481		
44.59		3.54566		
44.61		3.54651		
44.63		3.54736		
44.65		3.54821		
44.67		3.54906		
44.69		3.54991		
44.71		3.55076		
44.73		3.55162		
44.75		3.55247		
44.77		3.55332		
44.79		3.55417		
44.81		3.55502		
44.83		3.55587		
44.85		3.55672		
44.87		3.55757		
44.89		3.55842		
44.91		3.55927		
44.93		3.56013		
44.95		3.56098		
44.97		3.56183		
44.99		3.56268		
45.01		3.56353		
45.03		3.56438		
45.05		3.56523		
45.07		3.56609		
45.09		3.56694		
45.11		3.56779		
45.13		3.56864		
45.15		3.56949		
45.17		3.57034		
45.19		3.57119		
45.21		3.57205		
45.23		3.5729		
45.25		3.57375		
45.27		3.5746		
45.29		3.57545		
45.31		3.5763		
45.33		3.57716		
45.35		3.57801		
45.37		3.57886		
45.39		3.57971		
45.41		3.58056		
45.43		3.58141		
45.45		3.58227		
45.47		3.58312		
45.49		3.58397		
45.51		3.58482		
45.53		3.58567		
45.55		3.58653		
45.57		3.58738		
45.59		3.58823		
45.61		3.58908		
45.63		3.58993		
45.65		3.59079		
45.67		3.59164		
45.69		3.59249		
45.71		3.59334		
45.73		3.59419		
45.75		3.59505		
45.77		3.5959		
45.79		3.59675		
45.81		3.5976		
45.83		3.59846		
45.85		3.59931		
45.87		3.60016		
45.89		3.60101		
45.91		3.60187		
45.93		3.60272		
45.95		3.60357		
45.97		3.60442		
45.99		3.60528		
46.01		3.60613		
46.03		3.60698		
46.05		3.60783		
46.07		3.60869		
46.09		3.60954		
46.11		3.61039		
46.13		3.61124		
46.15		3.6121		
46.17		3.61295		
46.19		3.6138		
46.21		3.61465		
46.23		3.61551		
46.25		3.61636		
46.27		3.61721		
46.29		3.61806		
46.31		3.61892		
46.33		3.61977		
46.35		3.62062		
46.37		3.62148		
46.39		3.62233		
46.41		3.62318		
46.43		3.62403		
46.45		3.62489		
46.47		3.62574		
46.49		3.62659		
46.51		3.62745		
46.53		3.6283		
46.55		3.62915		
46.57		3.63001		
46.59		3.63086		
46.61		3.63171		
46.63		3.63256		
46.65		3.63342		
46.67		3.63427		
46.69		3.63512		
46.71		3.63598		
46.73		3.63683		
46.75		3.63768		
46.77		3.63854		
46.79		3.63939		
46.81		3.64024		
46.83		3.6411		
46.85		3.64195		
46.87		3.6428		
46.89		3.64366		
46.91		3.64451		
46.93		3.64536		
46.95		3.64622		
46.97		3.64707		
46.99		3.64792		
47.01		3.64878		
47.03		3.64963		
47.05		3.65048		
47.07		3.65134		
47.09		3.65219		
47.11		3.65304		
47.13		3.6539		
47.15		3.65475		
47.17		3.65561		
47.19		3.65646		
47.21		3.65731		
47.23		3.65817		
47.25		3.65902		
47.27		3.65987		
47.29		3.66073		
47.31		3.66158		
47.33		3.66243		
47.35		3.66329		
47.37		3.66414		
47.39		3.665		
47.41		3.66585		
47.43		3.6667		
47.45		3.66756		
47.47		3.66841		
47.49		3.66926		
47.51		3.67012		
47.53		3.67097		
47.55		3.67183		
47.57		3.67268		
47.59		3.67353		
47.61		3.67439		
47.63		3.67524		
47.65		3.6761		
47.67		3.67695		
47.69		3.6778		
47.71		3.67866		
47.73		3.67951		
47.75		3.68036		
47.77		3.68122		
47.79		3.68207		
47.81		3.68293		
47.83		3.68378		
47.85		3.68463		
47.87		3.68549		
47.89		3.68634		
47.91		3.6872		
47.93		3.68805		
47.95		3.6889		
47.97		3.68976		
47.99		3.69061		
48.01		3.69147		
48.03		3.69232		
48.05		3.69317		
48.07		3.69403		
48.09		3.69488		
48.11		3.69574		
48.13		3.69659		
48.15		3.69745		
48.17		3.6983		
48.19		3.69915		
48.21		3.70001		
48.23		3.70086		
48.25		3.70172		
48.27		3.70257		
48.29		3.70342		
48.31		3.70428		
48.33		3.70513		
48.35		3.70599		
48.37		3.70684		
48.39		3.7077		
48.41		3.70855		
48.43		3.7094		
48.45		3.71026		
48.47		3.71111		
48.49		3.71197		
48.51		3.71282		
48.53		3.71368		
48.55		3.71453		
48.57		3.71538		
48.59		3.71624		
48.61		3.71709		
48.63		3.71795		
48.65		3.7188		
48.67		3.71966		
48.69		3.72051		
48.71		3.72136		
48.73		3.72222		
48.75		3.72307		
48.77		3.72393		
48.79		3.72478		
48.81		3.72564		
48.83		3.72649		
48.85		3.72734		
48.87		3.7282		
48.89		3.72905		
48.91		3.72991		
48.93		3.73076		
48.95		3.73162		
48.97		3.73247		
48.99		3.73332		
49.01		3.73418		
49.03		3.73503		
49.05		3.73589		
49.07		3.73674		
49.09		3.7376		
49.11		3.73845		
49.13		3.7393		
49.15		3.74016		
49.17		3.74101		
49.19		3.74187		
49.21		3.74272		
49.23		3.74358		
49.25		3.74443		
49.27		3.74529		
49.29		3.74614		
49.31		3.74699		
49.33		3.74785		
49.35		3.7487		
49.37		3.74956		
49.39		3.75041		
49.41		3.75127		
49.43		3.75212		
49.45		3.75297		
49.47		3.75383		
49.49		3.75468		
49.51		3.75554		
49.53		3.75639		
49.55		3.75725		
49.57		3.7581		
49.59		3.75895		
49.61		3.75981		
49.63		3.76066		
49.65		3.76152		
49.67		3.76237		
49.69		3.76323		
49.71		3.76408		
49.73		3.76493		
49.75		3.76579		
49.77		3.76664		
49.79		3.7675		
49.81		3.76835		
49.83		3.76921		
49.85		3.77006		
49.87		3.77091		
49.89		3.77177		
49.91		3.77262		
49.93		3.77348		
49.95		3.77433		
49.97		3.77518		
49.99		3.77604		
50.01		3.77689		
50.03		3.77775		
50.05		3.7786		
50.07		3.77946		
50.09		3.78031		
50.11		3.78116		
50.13		3.78202		
50.15		3.78287		
50.17		3.78373		
50.19		3.78458		
50.21		3.78543		
50.23		3.78629		
50.25		3.78714		
50.27		3.788		
50.29		3.78885		
50.31		3.7897		
50.33		3.79056		
50.35		3.79141		
50.37		3.79227		
50.39		3.79312		
50.41		3.79397		
50.43		3.79483		
50.45		3.79568		
50.47		3.79654		
50.49		3.79739		
50.51		3.79824		
50.53		3.7991		
50.55		3.79995		
50.57		3.80081		
50.59		3.80166		
50.61		3.80251		
50.63		3.80337		
50.65		3.80422		
50.67		3.80507		
50.69		3.80593		
50.71		3.80678		
50.73		3.80764		
50.75		3.80849		
50.77		3.80934		
50.79		3.8102		
50.81		3.81105		
50.83		3.8119		
50.85		3.81276		
50.87		3.81361		
50.89		3.81447		
50.91		3.81532		
50.93		3.81617		
50.95		3.81703		
50.97		3.81788		
50.99		3.81873		
51.01		3.81959		
51.03		3.82044		
51.05		3.82129		
51.07		3.82215		
51.09		3.823		
51.11		3.82385		
51.13		3.82471		
51.15		3.82556		
51.17		3.82641		
51.19		3.82727		
51.21		3.82812		
51.23		3.82897		
51.25		3.82983		
51.27		3.83068		
51.29		3.83153		
51.31		3.83239		
51.33		3.83324		
51.35		3.83409		
51.37		3.83495		
51.39		3.8358		
51.41		3.83665		
51.43		3.83751		
51.45		3.83836		
51.47		3.83921		
51.49		3.84007		
51.51		3.84092		
51.53		3.84177		
51.55		3.84262		
51.57		3.84348		
51.59		3.84433		
51.61		3.84518		
51.63		3.84604		
51.65		3.84689		
51.67		3.84774		
51.69		3.8486		
51.71		3.84945		
51.73		3.8503		
51.75		3.85115		
51.77		3.85201		
51.79		3.85286		
51.81		3.85371		
51.83		3.85456		
51.85		3.85542		
51.87		3.85627		
51.89		3.85712		
51.91		3.85797		
51.93		3.85883		
51.95		3.85968		
51.97		3.86053		
51.99		3.86138		
52.01		3.86224		
52.03		3.86309		
52.05		3.86394		
52.07		3.86479		
52.09		3.86565		
52.11		3.8665		
52.13		3.86735		
52.15		3.8682		
52.17		3.86906		
52.19		3.86991		
52.21		3.87076		
52.23		3.87161		
52.25		3.87246		
52.27		3.87332		
52.29		3.87417		
52.31		3.87502		
52.33		3.87587		
52.35		3.87672		
52.37		3.87758		
52.39		3.87843		
52.41		3.87928		
52.43		3.88013		
52.45		3.88098		
52.47		3.88183		
52.49		3.88269		
52.51		3.88354		
52.53		3.88439		
52.55		3.88524		
52.57		3.88609		
52.59		3.88694		
52.61		3.8878		
52.63		3.88865		
52.65		3.8895		
52.67		3.89035		
52.69		3.8912		
52.71		3.89205		
52.73		3.8929		
52.75		3.89375		
52.77		3.89461		
52.79		3.89546		
52.81		3.89631		
52.83		3.89716		
52.85		3.89801		
52.87		3.89886		
52.89		3.89971		
52.91		3.90056		
52.93		3.90141		
52.95		3.90227		
52.97		3.90312		
52.99		3.90397		
53.01		3.90482		
53.03		3.90567		
53.05		3.90652		
53.07		3.90737		
53.09		3.90822		
53.11		3.90907		
53.13		3.90992		
53.15		3.91077		
53.17		3.91162		
53.19		3.91247		
53.21		3.91332		
53.23		3.91417		
53.25		3.91502		
53.27		3.91587		
53.29		3.91672		
53.31		3.91757		
53.33		3.91842		
53.35		3.91928		
53.37		3.92013		
53.39		3.92098		
53.41		3.92183		
53.43		3.92268		
53.45		3.92353		
53.47		3.92437		
53.49		3.92522		
53.51		3.92607		
53.53		3.92692		
53.55		3.92777		
53.57		3.92862		
53.59		3.92947		
53.61		3.93032		
53.63		3.93117		
53.65		3.93202		
53.67		3.93287		
53.69		3.93372		
53.71		3.93457		
53.73		3.93542		
53.75		3.93627		
53.77		3.93712		
53.79		3.93797		
53.81		3.93882		
53.83		3.93967		
53.85		3.94051		
53.87		3.94136		
53.89		3.94221		
53.91		3.94306		
53.93		3.94391		
53.95		3.94476		
53.97		3.94561		
53.99		3.94646		
54.01		3.9473		
54.03		3.94815		
54.05		3.949		
54.07		3.94985		
54.09		3.9507		
54.11		3.95155		
54.13		3.9524		
54.15		3.95324		
54.17		3.95409		
54.19		3.95494		
54.21		3.95579		
54.23		3.95664		
54.25		3.95749		
54.27		3.95833		
54.29		3.95918		
54.31		3.96003		
54.33		3.96088		
54.35		3.96172		
54.37		3.96257		
54.39		3.96342		
54.41		3.96427		
54.43		3.96512		
54.45		3.96596		
54.47		3.96681		
54.49		3.96766		
54.51		3.96851		
54.53		3.96935		
54.55		3.9702		
54.57		3.97105		
54.59		3.97189		
54.61		3.97274		
54.63		3.97359		
54.65		3.97444		
54.67		3.97528		
54.69		3.97613		
54.71		3.97698		
54.73		3.97782		
54.75		3.97867		
54.77		3.97952		
54.79		3.98036		
54.81		3.98121		
54.83		3.98206		
54.85		3.9829		
54.87		3.98375		
54.89		3.9846		
54.91		3.98544		
54.93		3.98629		
54.95		3.98714		
54.97		3.98798		
54.99		3.98883		
55.01		3.98967		
55.03		3.99052		
55.05		3.99137		
55.07		3.99221		
55.09		3.99306		
55.11		3.9939		
55.13		3.99475		
55.15		3.99559		
55.17		3.99644		
55.19		3.99729		
55.21		3.99813		
55.23		3.99898		
55.25		3.99982		
55.27		4.00067		
55.29		4.00151		
55.31		4.00236		
55.33		4.0032		
55.35		4.00405		
55.37		4.00489		
55.39		4.00574		
55.41		4.00658		
55.43		4.00743		
55.45		4.00827		
55.47		4.00912		
55.49		4.00996		
55.51		4.01081		
55.53		4.01165		
55.55		4.0125		
55.57		4.01334		
55.59		4.01418		
55.61		4.01503		
55.63		4.01587		
55.65		4.01672		
55.67		4.01756		
55.69		4.0184		
55.71		4.01925		
55.73		4.02009		
55.75		4.02094		
55.77		4.02178		
55.79		4.02262		
55.81		4.02347		
55.83		4.02431		
55.85		4.02515		
55.87		4.026		
55.89		4.02684		
55.91		4.02768		
55.93		4.02853		
55.95		4.02937		
55.97		4.03021		
55.99		4.03106		
56.01		4.0319		
56.03		4.03274		
56.05		4.03359		
56.07		4.03443		
56.09		4.03527		
56.11		4.03611		
56.13		4.03696		
56.15		4.0378		
56.17		4.03864		
56.19		4.03948		
56.21		4.04033		
56.23		4.04117		
56.25		4.04201		
56.27		4.04285		
56.29		4.0437		
56.31		4.04454		
56.33		4.04538		
56.35		4.04622		
56.37		4.04706		
56.39		4.0479		
56.41		4.04875		
56.43		4.04959		
56.45		4.05043		
56.47		4.05127		
56.49		4.05211		
56.51		4.05295		
56.53		4.05379		
56.55		4.05464		
56.57		4.05548		
56.59		4.05632		
56.61		4.05716		
56.63		4.058		
56.65		4.05884		
56.67		4.05968		
56.69		4.06052		
56.71		4.06136		
56.73		4.0622		
56.75		4.06304		
56.77		4.06388		
56.79		4.06472		
56.81		4.06556		
56.83		4.0664		
56.85		4.06724		
56.87		4.06808		
56.89		4.06892		
56.91		4.06976		
56.93		4.0706		
56.95		4.07144		
56.97		4.07228		
56.99		4.07312		
57.01		4.07396		
57.03		4.0748		
57.05		4.07564		
57.07		4.07648		
57.09		4.07732		
57.11		4.07816		
57.13		4.079		
57.15		4.07984		
57.17		4.08068		
57.19		4.08151		
57.21		4.08235		
57.23		4.08319		
57.25		4.08403		
57.27		4.08487		
57.29		4.08571		
57.31		4.08655		
57.33		4.08738		
57.35		4.08822		
57.37		4.08906		
57.39		4.0899		
57.41		4.09074		
57.43		4.09157		
57.45		4.09241		
57.47		4.09325		
57.49		4.09409		
57.51		4.09492		
57.53		4.09576		
57.55		4.0966		
57.57		4.09744		
57.59		4.09827		
57.61		4.09911		
57.63		4.09995		
57.65		4.10079		
57.67		4.10162		
57.69		4.10246		
57.71		4.1033		
57.73		4.10413		
57.75		4.10497		
57.77		4.10581		
57.79		4.10664		
57.81		4.10748		
57.83		4.10831		
57.85		4.10915		
57.87		4.10999		
57.89		4.11082		
57.91		4.11166		
57.93		4.1125		
57.95		4.11333		
57.97		4.11417		
57.99		4.115		
58.01		4.11584		
58.03		4.11667		
58.05		4.11751		
58.07		4.11834		
58.09		4.11918		
58.11		4.12001		
58.13		4.12085		
58.15		4.12168		
58.17		4.12252		
58.19		4.12335		
58.21		4.12419		
58.23		4.12502		
58.25		4.12586		
58.27		4.12669		
58.29		4.12753		
58.31		4.12836		
58.33		4.1292		
58.35		4.13003		
58.37		4.13086		
58.39		4.1317		
58.41		4.13253		
58.43		4.13337		
58.45		4.1342		
58.47		4.13503		
58.49		4.13587		
58.51		4.1367		
58.53		4.13753		
58.55		4.13837		
58.57		4.1392		
58.59		4.14003		
58.61		4.14087		
58.63		4.1417		
58.65		4.14253		
58.67		4.14336		
58.69		4.1442		
58.71		4.14503		
58.73		4.14586		
58.75		4.14669		
58.77		4.14753		
58.79		4.14836		
58.81		4.14919		
58.83		4.15002		
58.85		4.15085		
58.87		4.15169		
58.89		4.15252		
58.91		4.15335		
58.93		4.15418		
58.95		4.15501		
58.97		4.15584		
58.99		4.15668		
59.01		4.15751		
59.03		4.15834		
59.05		4.15917		
59.07		4.16		
59.09		4.16083		
59.11		4.16166		
59.13		4.16249		
59.15		4.16332		
59.17		4.16415		
59.19		4.16498		
59.21		4.16582		
59.23		4.16665		
59.25		4.16748		
59.27		4.16831		
59.29		4.16914		
59.31		4.16997		
59.33		4.1708		
59.35		4.17162		
59.37		4.17245		
59.39		4.17328		
59.41		4.17411		
59.43		4.17494		
59.45		4.17577		
59.47		4.1766		
59.49		4.17743		
59.51		4.17826		
59.53		4.17909		
59.55		4.17992		
59.57		4.18075		
59.59		4.18157		
59.61		4.1824		
59.63		4.18323		
59.65		4.18406		
59.67		4.18489		
59.69		4.18572		
59.71		4.18654		
59.73		4.18737		
59.75		4.1882		
59.77		4.18903		
59.79		4.18985		
59.81		4.19068		
59.83		4.19151		
59.85		4.19234		
59.87		4.19316		
59.89		4.19399		
59.91		4.19482		
59.93		4.19565		
59.95		4.19647		
59.97		4.1973		
59.99		4.19813		
60.01		4.19895		
60.03		4.19978		
60.05		4.20061		
60.07		4.20143		
60.09		4.20226		
60.11		4.20308		
60.13		4.20391		
60.15		4.20474		
60.17		4.20556		
60.19		4.20639		
60.21		4.20721		
60.23		4.20804		
60.25		4.20886		
60.27		4.20969		
60.29		4.21051		
60.31		4.21134		
60.33		4.21216		
60.35		4.21299		
60.37		4.21381		
60.39		4.21464		
60.41		4.21546		
60.43		4.21629		
60.45		4.21711		
60.47		4.21794		
60.49		4.21876		
60.51		4.21959		
60.53		4.22041		
60.55		4.22123		
60.57		4.22206		
60.59		4.22288		
60.61		4.2237		
60.63		4.22453		
60.65		4.22535		
60.67		4.22618		
60.69		4.227		
60.71		4.22782		
60.73		4.22864		
60.75		4.22947		
60.77		4.23029		
60.79		4.23111		
60.81		4.23194		
60.83		4.23276		
60.85		4.23358		
60.87		4.2344		
60.89		4.23523		
60.91		4.23605		
60.93		4.23687		
60.95		4.23769		
60.97		4.23851		
60.99		4.23933		
61.01		4.24016		
61.03		4.24098		
61.05		4.2418		
61.07		4.24262		
61.09		4.24344		
61.11		4.24426		
61.13		4.24508		
61.15		4.2459		
61.17		4.24673		
61.19		4.24755		
61.21		4.24837		
61.23		4.24919		
61.25		4.25001		
61.27		4.25083		
61.29		4.25165		
61.31		4.25247		
61.33		4.25329		
61.35		4.25411		
61.37		4.25493		
61.39		4.25575		
61.41		4.25657		
61.43		4.25739		
61.45		4.25821		
61.47		4.25903		
61.49		4.25984		
61.51		4.26066		
61.53		4.26148		
61.55		4.2623		
61.57		4.26312		
61.59		4.26394		
61.61		4.26476		
61.63		4.26558		
61.65		4.26639		
61.67		4.26721		
61.69		4.26803		
61.71		4.26885		
61.73		4.26967		
61.75		4.27048		
61.77		4.2713		
61.79		4.27212		
61.81		4.27294		
61.83		4.27375		
61.85		4.27457		
61.87		4.27539		
61.89		4.2762		
61.91		4.27702		
61.93		4.27784		
61.95		4.27865		
61.97		4.27947		
61.99		4.28029		
62.01		4.2811		
62.03		4.28192		
62.05		4.28274		
62.07		4.28355		
62.09		4.28437		
62.11		4.28518		
62.13		4.286		
62.15		4.28682		
62.17		4.28763		
62.19		4.28845		
62.21		4.28926		
62.23		4.29008		
62.25		4.29089		
62.27		4.29171		
62.29		4.29252		
62.31		4.29334		
62.33		4.29415		
62.35		4.29497		
62.37		4.29578		
62.39		4.29659		
62.41		4.29741		
62.43		4.29822		
62.45		4.29904		
62.47		4.29985		
62.49		4.30066		
62.51		4.30148		
62.53		4.30229		
62.55		4.3031		
62.57		4.30392		
62.59		4.30473		
62.61		4.30554		
62.63		4.30636		
62.65		4.30717		
62.67		4.30798		
62.69		4.3088		
62.71		4.30961		
62.73		4.31042		
62.75		4.31123		
62.77		4.31204		
62.79		4.31286		
62.81		4.31367		
62.83		4.31448		
62.85		4.31529		
62.87		4.3161		
62.89		4.31692		
62.91		4.31773		
62.93		4.31854		
62.95		4.31935		
62.97		4.32016		
62.99		4.32097		
63.01		4.32178		
63.03		4.32259		
63.05		4.3234		
63.07		4.32421		
63.09		4.32502		
63.11		4.32583		
63.13		4.32664		
63.15		4.32745		
63.17		4.32826		
63.19		4.32907		
63.21		4.32988		
63.23		4.33069		
63.25		4.3315		
63.27		4.33231		
63.29		4.33312		
63.31		4.33393		
63.33		4.33474		
63.35		4.33555		
63.37		4.33636		
63.39		4.33717		
63.41		4.33797		
63.43		4.33878		
63.45		4.33959		
63.47		4.3404		
63.49		4.34121		
63.51		4.34202		
63.53		4.34282		
63.55		4.34363		
63.57		4.34444		
63.59		4.34525		
63.61		4.34605		
63.63		4.34686		
63.65		4.34767		
63.67		4.34848		
63.69		4.34928		
63.71		4.35009		
63.73		4.3509		
63.75		4.3517		
63.77		4.35251		
63.79		4.35332		
63.81		4.35412		
63.83		4.35493		
63.85		4.35573		
63.87		4.35654		
63.89		4.35735		
63.91		4.35815		
63.93		4.35896		
63.95		4.35976		
63.97		4.36057		
63.99		4.36137		
64.01		4.36218		
64.03		4.36298		
64.05		4.36379		
64.07		4.36459		
64.09		4.3654		
64.11		4.3662		
64.13		4.36701		
64.15		4.36781		
64.17		4.36861		
64.19		4.36942		
64.21		4.37022		
64.23		4.37103		
64.25		4.37183		
64.27		4.37263		
64.29		4.37344		
64.31		4.37424		
64.33		4.37504		
64.35		4.37585		
64.37		4.37665		
64.39		4.37745		
64.41		4.37825		
64.43		4.37906		
64.45		4.37986		
64.47		4.38066		
64.49		4.38146		
64.51		4.38227		
64.53		4.38307		
64.55		4.38387		
64.57		4.38467		
64.59		4.38547		
64.61		4.38628		
64.63		4.38708		
64.65		4.38788		
64.67		4.38868		
64.69		4.38948		
64.71		4.39028		
64.73		4.39108		
64.75		4.39188		
64.77		4.39268		
64.79		4.39348		
64.81		4.39428		
64.83		4.39508		
64.85		4.39588		
64.87		4.39668		
64.89		4.39748		
64.91		4.39828		
64.93		4.39908		
64.95		4.39988		
64.97		4.40068		
64.99		4.40148		
65.01		4.40228		
65.03		4.40308		
65.05		4.40388		
65.07		4.40468		
65.09		4.40548		
65.11		4.40627		
65.13		4.40707		
65.15		4.40787		
65.17		4.40867		
65.19		4.40947		
65.21		4.41027		
65.23		4.41106		
65.25		4.41186		
65.27		4.41266		
65.29		4.41346		
65.31		4.41425		
65.33		4.41505		
65.35		4.41585		
65.37		4.41664		
65.39		4.41744		
65.41		4.41824		
65.43		4.41903		
65.45		4.41983		
65.47		4.42063		
65.49		4.42142		
65.51		4.42222		
65.53		4.42302		
65.55		4.42381		
65.57		4.42461		
65.59		4.4254		
65.61		4.4262		
65.63		4.42699		
65.65		4.42779		
65.67		4.42858		
65.69		4.42938		
65.71		4.43017		
65.73		4.43097		
65.75		4.43176		
65.77		4.43256		
65.79		4.43335		
65.81		4.43415		
65.83		4.43494		
65.85		4.43573		
65.87		4.43653		
65.89		4.43732		
65.91		4.43812		
65.93		4.43891		
65.95		4.4397		
65.97		4.4405		
65.99		4.44129		
66.01		4.44208		
66.03		4.44287		
66.05		4.44367		
66.07		4.44446		
66.09		4.44525		
66.11		4.44605		
66.13		4.44684		
66.15		4.44763		
66.17		4.44842		
66.19		4.44921		
66.21		4.45001		
66.23		4.4508		
66.25		4.45159		
66.27		4.45238		
66.29		4.45317		
66.31		4.45396		
66.33		4.45475		
66.35		4.45554		
66.37		4.45633		
66.39		4.45713		
66.41		4.45792		
66.43		4.45871		
66.45		4.4595		
66.47		4.46029		
66.49		4.46108		
66.51		4.46187		
66.53		4.46266		
66.55		4.46345		
66.57		4.46424		
66.59		4.46502		
66.61		4.46581		
66.63		4.4666		
66.65		4.46739		
66.67		4.46818		
66.69		4.46897		
66.71		4.46976		
66.73		4.47055		
66.75		4.47134		
66.77		4.47212		
66.79		4.47291		
66.81		4.4737		
66.83		4.47449		
66.85		4.47528		
66.87		4.47606		
66.89		4.47685		
66.91		4.47764		
66.93		4.47843		
66.95		4.47921		
66.97		4.48		
66.99		4.48079		
67.01		4.48157		
67.03		4.48236		
67.05		4.48315		
67.07		4.48393		
67.09		4.48472		
67.11		4.4855		
67.13		4.48629		
67.15		4.48708		
67.17		4.48786		
67.19		4.48865		
67.21		4.48943		
67.23		4.49022		
67.25		4.491		
67.27		4.49179		
67.29		4.49257		
67.31		4.49336		
67.33		4.49414		
67.35		4.49493		
67.37		4.49571		
67.39		4.4965		
67.41		4.49728		
67.43		4.49806		
67.45		4.49885		
67.47		4.49963		
67.49		4.50042		
67.51		4.5012		
67.53		4.50198		
67.55		4.50277		
67.57		4.50355		
67.59		4.50433		
67.61		4.50512		
67.63		4.5059		
67.65		4.50668		
67.67		4.50746		
67.69		4.50825		
67.71		4.50903		
67.73		4.50981		
67.75		4.51059		
67.77		4.51137		
67.79		4.51216		
67.81		4.51294		
67.83		4.51372		
67.85		4.5145		
67.87		4.51528		
67.89		4.51606		
67.91		4.51684		
67.93		4.51762		
67.95		4.51841		
67.97		4.51919		
67.99		4.51997		
68.01		4.52075		
68.03		4.52153		
68.05		4.52231		
68.07		4.52309		
68.09		4.52387		
68.11		4.52465		
68.13		4.52543		
68.15		4.52621		
68.17		4.52698		
68.19		4.52776		
68.21		4.52854		
68.23		4.52932		
68.25		4.5301		
68.27		4.53088		
68.29		4.53166		
68.31		4.53244		
68.33		4.53321		
68.35		4.53399		
68.37		4.53477		
68.39		4.53555		
68.41		4.53633		
68.43		4.5371		
68.45		4.53788		
68.47		4.53866		
68.49		4.53944		
68.51		4.54021		
68.53		4.54099		
68.55		4.54177		
68.57		4.54254		
68.59		4.54332		
68.61		4.5441		
68.63		4.54487		
68.65		4.54565		
68.67		4.54642		
68.69		4.5472		
68.71		4.54798		
68.73		4.54875		
68.75		4.54953		
68.77		4.5503		
68.79		4.55108		
68.81		4.55185		
68.83		4.55263		
68.85		4.5534		
68.87		4.55418		
68.89		4.55495		
68.91		4.55573		
68.93		4.5565		
68.95		4.55728		
68.97		4.55805		
68.99		4.55882		
69.01		4.5596		
69.03		4.56037		
69.05		4.56114		
69.07		4.56192		
69.09		4.56269		
69.11		4.56346		
69.13		4.56424		
69.15		4.56501		
69.17		4.56578		
69.19		4.56656		
69.21		4.56733		
69.23		4.5681		
69.25		4.56887		
69.27		4.56965		
69.29		4.57042		
69.31		4.57119		
69.33		4.57196		
69.35		4.57273		
69.37		4.5735		
69.39		4.57428		
69.41		4.57505		
69.43		4.57582		
69.45		4.57659		
69.47		4.57736		
69.49		4.57813		
69.51		4.5789		
69.53		4.57967		
69.55		4.58044		
69.57		4.58121		
69.59		4.58198		
69.61		4.58275		
69.63		4.58352		
69.65		4.58429		
69.67		4.58506		
69.69		4.58583		
69.71		4.5866		
69.73		4.58737		
69.75		4.58814		
69.77		4.5889		
69.79		4.58967		
69.81		4.59044		
69.83		4.59121		
69.85		4.59198		
69.87		4.59275		
69.89		4.59351		
69.91		4.59428		
69.93		4.59505		
69.95		4.59582		
69.97		4.59659		
69.99		4.59735		
70.01		4.59812		
70.03		4.59889		
70.05		4.59965		
70.07		4.60042		
70.09		4.60119		
70.11		4.60195		
70.13		4.60272		
70.15		4.60349		
70.17		4.60425		
70.19		4.60502		
70.21		4.60578		
70.23		4.60655		
70.25		4.60732		
70.27		4.60808		
70.29		4.60885		
70.31		4.60961		
70.33		4.61038		
70.35		4.61114		
70.37		4.61191		
70.39		4.61267		
70.41		4.61344		
70.43		4.6142		
70.45		4.61496		
70.47		4.61573		
70.49		4.61649		
70.51		4.61726		
70.53		4.61802		
70.55		4.61878		
70.57		4.61955		
70.59		4.62031		
70.61		4.62107		
70.63		4.62184		
70.65		4.6226		
70.67		4.62336		
70.69		4.62413		
70.71		4.62489		
70.73		4.62565		
70.75		4.62641		
70.77		4.62717		
70.79		4.62794		
70.81		4.6287		
70.83		4.62946		
70.85		4.63022		
70.87		4.63098		
70.89		4.63174		
70.91		4.63251		
70.93		4.63327		
70.95		4.63403		
70.97		4.63479		
70.99		4.63555		
71.01		4.63631		
71.03		4.63707		
71.05		4.63783		
71.07		4.63859		
71.09		4.63935		
71.11		4.64011		
71.13		4.64087		
71.15		4.64163		
71.17		4.64239		
71.19		4.64315		
71.21		4.64391		
71.23		4.64467		
71.25		4.64543		
71.27		4.64618		
71.29		4.64694		
71.31		4.6477		
71.33		4.64846		
71.35		4.64922		
71.37		4.64998		
71.39		4.65073		
71.41		4.65149		
71.43		4.65225		
71.45		4.65301		
71.47		4.65376		
71.49		4.65452		
71.51		4.65528		
71.53		4.65604		
71.55		4.65679		
71.57		4.65755		
71.59		4.65831		
71.61		4.65906		
71.63		4.65982		
71.65		4.66058		
71.67		4.66133		
71.69		4.66209		
71.71		4.66284		
71.73		4.6636		
71.75		4.66435		
71.77		4.66511		
71.79		4.66586		
71.81		4.66662		
71.83		4.66737		
71.85		4.66813		
71.87		4.66888		
71.89		4.66964		
71.91		4.67039		
71.93		4.67115		
71.95		4.6719		
71.97		4.67266		
71.99		4.67341		
72.01		4.67416		
72.03		4.67492		
72.05		4.67567		
72.07		4.67642		
72.09		4.67718		
72.11		4.67793		
72.13		4.67868		
72.15		4.67944		
72.17		4.68019		
72.19		4.68094		
72.21		4.68169		
72.23		4.68245		
72.25		4.6832		
72.27		4.68395		
72.29		4.6847		
72.31		4.68545		
72.33		4.68621		
72.35		4.68696		
72.37		4.68771		
72.39		4.68846		
72.41		4.68921		
72.43		4.68996		
72.45		4.69071		
72.47		4.69146		
72.49		4.69221		
72.51		4.69296		
72.53		4.69371		
72.55		4.69446		
72.57		4.69521		
72.59		4.69596		
72.61		4.69671		
72.63		4.69746		
72.65		4.69821		
72.67		4.69896		
72.69		4.69971		
72.71		4.70046		
72.73		4.70121		
72.75		4.70196		
72.77		4.70271		
72.79		4.70345		
72.81		4.7042		
72.83		4.70495		
72.85		4.7057		
72.87		4.70645		
72.89		4.70719		
72.91		4.70794		
72.93		4.70869		
72.95		4.70944		
72.97		4.71018		
72.99		4.71093		
73.01		4.71168		
73.03		4.71242		
73.05		4.71317		
73.07		4.71392		
73.09		4.71466		
73.11		4.71541		
73.13		4.71616		
73.15		4.7169		
73.17		4.71765		
73.19		4.71839		
73.21		4.71914		
73.23		4.71989		
73.25		4.72063		
73.27		4.72138		
73.29		4.72212		
73.31		4.72287		
73.33		4.72361		
73.35		4.72436		
73.37		4.7251		
73.39		4.72584		
73.41		4.72659		
73.43		4.72733		
73.45		4.72808		
73.47		4.72882		
73.49		4.72956		
73.51		4.73031		
73.53		4.73105		
73.55		4.73179		
73.57		4.73254		
73.59		4.73328		
73.61		4.73402		
73.63		4.73477		
73.65		4.73551		
73.67		4.73625		
73.69		4.73699		
73.71		4.73773		
73.73		4.73848		
73.75		4.73922		
73.77		4.73996		
73.79		4.7407		
73.81		4.74144		
73.83		4.74219		
73.85		4.74293		
73.87		4.74367		
73.89		4.74441		
73.91		4.74515		
73.93		4.74589		
73.95		4.74663		
73.97		4.74737		
73.99		4.74811		
74.01		4.74885		
74.03		4.74959		
74.05		4.75033		
74.07		4.75107		
74.09		4.75181		
74.11		4.75255		
74.13		4.75329		
74.15		4.75403		
74.17		4.75477		
74.19		4.75551		
74.21		4.75624		
74.23		4.75698		
74.25		4.75772		
74.27		4.75846		
74.29		4.7592		
74.31		4.75994		
74.33		4.76067		
74.35		4.76141		
74.37		4.76215		
74.39		4.76289		
74.41		4.76362		
74.43		4.76436		
74.45		4.7651		
74.47		4.76584		
74.49		4.76657		
74.51		4.76731		
74.53		4.76805		
74.55		4.76878		
74.57		4.76952		
74.59		4.77025		
74.61		4.77099		
74.63		4.77173		
74.65		4.77246		
74.67		4.7732		
74.69		4.77393		
74.71		4.77467		
74.73		4.7754		
74.75		4.77614		
74.77		4.77687		
74.79		4.77761		
74.81		4.77834		
74.83		4.77908		
74.85		4.77981		
74.87		4.78054		
74.89		4.78128		
74.91		4.78201		
74.93		4.78275		
74.95		4.78348		
74.97		4.78421		
74.99		4.78495		
75.01		4.78568		
75.03		4.78641		
75.05		4.78715		
75.07		4.78788		
75.09		4.78861		
75.11		4.78934		
75.13		4.79008		
75.15		4.79081		
75.17		4.79154		
75.19		4.79227		
75.21		4.793		
75.23		4.79374		
75.25		4.79447		
75.27		4.7952		
75.29		4.79593		
75.31		4.79666		
75.33		4.79739		
75.35		4.79812		
75.37		4.79885		
75.39		4.79958		
75.41		4.80032		
75.43		4.80105		
75.45		4.80178		
75.47		4.80251		
75.49		4.80324		
75.51		4.80397		
75.53		4.8047		
75.55		4.80542		
75.57		4.80615		
75.59		4.80688		
75.61		4.80761		
75.63		4.80834		
75.65		4.80907		
75.67		4.8098		
75.69		4.81053		
75.71		4.81126		
75.73		4.81198		
75.75		4.81271		
75.77		4.81344		
75.79		4.81417		
75.81		4.8149		
75.83		4.81562		
75.85		4.81635		
75.87		4.81708		
75.89		4.8178		
75.91		4.81853		
75.93		4.81926		
75.95		4.81999		
75.97		4.82071		
75.99		4.82144		
76.01		4.82216		
76.03		4.82289		
76.05		4.82362		
76.07		4.82434		
76.09		4.82507		
76.11		4.82579		
76.13		4.82652		
76.15		4.82724		
76.17		4.82797		
76.19		4.8287		
76.21		4.82942		
76.23		4.83014		
76.25		4.83087		
76.27		4.83159		
76.29		4.83232		
76.31		4.83304		
76.33		4.83377		
76.35		4.83449		
76.37		4.83521		
76.39		4.83594		
76.41		4.83666		
76.43		4.83738		
76.45		4.83811		
76.47		4.83883		
76.49		4.83955		
76.51		4.84028		
76.53		4.841		
76.55		4.84172		
76.57		4.84244		
76.59		4.84317		
76.61		4.84389		
76.63		4.84461		
76.65		4.84533		
76.67		4.84605		
76.69		4.84678		
76.71		4.8475		
76.73		4.84822		
76.75		4.84894		
76.77		4.84966		
76.79		4.85038		
76.81		4.8511		
76.83		4.85182		
76.85		4.85254		
76.87		4.85326		
76.89		4.85398		
76.91		4.8547		
76.93		4.85542		
76.95		4.85614		
76.97		4.85686		
76.99		4.85758		
77.01		4.8583		
77.03		4.85902		
77.05		4.85974		
77.07		4.86046		
77.09		4.86118		
77.11		4.8619		
77.13		4.86262		
77.15		4.86333		
77.17		4.86405		
77.19		4.86477		
77.21		4.86549		
77.23		4.86621		
77.25		4.86692		
77.27		4.86764		
77.29		4.86836		
77.31		4.86908		
77.33		4.86979		
77.35		4.87051		
77.37		4.87123		
77.39		4.87194		
77.41		4.87266		
77.43		4.87338		
77.45		4.87409		
77.47		4.87481		
77.49		4.87553		
77.51		4.87624		
77.53		4.87696		
77.55		4.87767		
77.57		4.87839		
77.59		4.8791		
77.61		4.87982		
77.63		4.88053		
77.65		4.88125		
77.67		4.88196		
77.69		4.88268		
77.71		4.88339		
77.73		4.88411		
77.75		4.88482		
77.77		4.88554		
77.79		4.88625		
77.81		4.88696		
77.83		4.88768		
77.85		4.88839		
77.87		4.8891		
77.89		4.88982		
77.91		4.89053		
77.93		4.89124		
77.95		4.89196		
77.97		4.89267		
77.99		4.89338		
78.01		4.89409		
78.03		4.89481		
78.05		4.89552		
78.07		4.89623		
78.09		4.89694		
78.11		4.89765		
78.13		4.89837		
78.15		4.89908		
78.17		4.89979		
78.19		4.9005		
78.21		4.90121		
78.23		4.90192		
78.25		4.90263		
78.27		4.90334		
78.29		4.90405		
78.31		4.90476		
78.33		4.90547		
78.35		4.90618		
78.37		4.90689		
78.39		4.9076		
78.41		4.90831		
78.43		4.90902		
78.45		4.90973		
78.47		4.91044		
78.49		4.91115		
78.51		4.91186		
78.53		4.91257		
78.55		4.91328		
78.57		4.91399		
78.59		4.91469		
78.61		4.9154		
78.63		4.91611		
78.65		4.91682		
78.67		4.91753		
78.69		4.91823		
78.71		4.91894		
78.73		4.91965		
78.75		4.92036		
78.77		4.92106		
78.79		4.92177		
78.81		4.92248		
78.83		4.92318		
78.85		4.92389		
78.87		4.9246		
78.89		4.9253		
78.91		4.92601		
78.93		4.92672		
78.95		4.92742		
78.97		4.92813		
78.99		4.92883		
79.01		4.92954		
79.03		4.93024		
79.05		4.93095		
79.07		4.93165		
79.09		4.93236		
79.11		4.93306		
79.13		4.93377		
79.15		4.93447		
79.17		4.93518		
79.19		4.93588		
79.21		4.93659		
79.23		4.93729		
79.25		4.93799		
79.27		4.9387		
79.29		4.9394		
79.31		4.9401		
79.33		4.94081		
79.35		4.94151		
79.37		4.94221		
79.39		4.94292		
79.41		4.94362		
79.43		4.94432		
79.45		4.94502		
79.47		4.94573		
79.49		4.94643		
79.51		4.94713		
79.53		4.94783		
79.55		4.94853		
79.57		4.94923		
79.59		4.94994		
79.61		4.95064		
79.63		4.95134		
79.65		4.95204		
79.67		4.95274		
79.69		4.95344		
79.71		4.95414		
79.73		4.95484		
79.75		4.95554		
79.77		4.95624		
79.79		4.95694		
79.81		4.95764		
79.83		4.95834		
79.85		4.95904		
79.87		4.95974		
79.89		4.96044		
79.91		4.96114		
79.93		4.96184		
79.95		4.96254		
79.97		4.96324		
79.99		4.96394		
80.01		4.96463		
80.03		4.96533		
80.05		4.96603		
80.07		4.96673		
80.09		4.96743		
80.11		4.96812		
80.13		4.96882		
80.15		4.96952		
80.17		4.97022		
80.19		4.97091		
80.21		4.97161		
80.23		4.97231		
80.25		4.97301		
80.27		4.9737		
80.29		4.9744		
80.31		4.9751		
80.33		4.97579		
80.35		4.97649		
80.37		4.97718		
80.39		4.97788		
80.41		4.97858		
80.43		4.97927		
80.45		4.97997		
80.47		4.98066		
80.49		4.98136		
80.51		4.98205		
80.53		4.98275		
80.55		4.98344		
80.57		4.98414		
80.59		4.98483		
80.61		4.98553		
80.63		4.98622		
80.65		4.98691		
80.67		4.98761		
80.69		4.9883		
80.71		4.98899		
80.73		4.98969		
80.75		4.99038		
80.77		4.99107		
80.79		4.99177		
80.81		4.99246		
80.83		4.99315		
80.85		4.99385		
80.87		4.99454		
80.89		4.99523		
80.91		4.99592		
80.93		4.99662		
80.95		4.99731		
80.97		4.998		
80.99		4.99869		
81.01		4.99938		
81.03		5.00007		
81.05		5.00077		
81.07		5.00146		
81.09		5.00215		
81.11		5.00284		
81.13		5.00353		
81.15		5.00422		
81.17		5.00491		
81.19		5.0056		
81.21		5.00629		
81.23		5.00698		
81.25		5.00767		
81.27		5.00836		
81.29		5.00905		
81.31		5.00974		
81.33		5.01043		
81.35		5.01112		
81.37		5.01181		
81.39		5.0125		
81.41		5.01318		
81.43		5.01387		
81.45		5.01456		
81.47		5.01525		
81.49		5.01594		
81.51		5.01663		
81.53		5.01731		
81.55		5.018		
81.57		5.01869		
81.59		5.01938		
81.61		5.02006		
81.63		5.02075		
81.65		5.02144		
81.67		5.02213		
81.69		5.02281		
81.71		5.0235		
81.73		5.02419		
81.75		5.02487		
81.77		5.02556		
81.79		5.02625		
81.81		5.02693		
81.83		5.02762		
81.85		5.0283		
81.87		5.02899		
81.89		5.02967		
81.91		5.03036		
81.93		5.03104		
81.95		5.03173		
81.97		5.03241		
81.99		5.0331		
82.01		5.03378		
82.03		5.03447		
82.05		5.03515		
82.07		5.03584		
82.09		5.03652		
82.11		5.0372		
82.13		5.03789		
82.15		5.03857		
82.17		5.03926		
82.19		5.03994		
82.21		5.04062		
82.23		5.04131		
82.25		5.04199		
82.27		5.04267		
82.29		5.04335		
82.31		5.04404		
82.33		5.04472		
82.35		5.0454		
82.37		5.04608		
82.39		5.04676		
82.41		5.04745		
82.43		5.04813		
82.45		5.04881		
82.47		5.04949		
82.49		5.05017		
82.51		5.05085		
82.53		5.05153		
82.55		5.05222		
82.57		5.0529		
82.59		5.05358		
82.61		5.05426		
82.63		5.05494		
82.65		5.05562		
82.67		5.0563		
82.69		5.05698		
82.71		5.05766		
82.73		5.05834		
82.75		5.05902		
82.77		5.0597		
82.79		5.06038		
82.81		5.06105		
82.83		5.06173		
82.85		5.06241		
82.87		5.06309		
82.89		5.06377		
82.91		5.06445		
82.93		5.06513		
82.95		5.0658		
82.97		5.06648		
82.99		5.06716		
83.01		5.06784		
83.03		5.06851		
83.05		5.06919		
83.07		5.06987		
83.09		5.07055		
83.11		5.07122		
83.13		5.0719		
83.15		5.07258		
83.17		5.07325		
83.19		5.07393		
83.21		5.07461		
83.23		5.07528		
83.25		5.07596		
83.27		5.07663		
83.29		5.07731		
83.31		5.07799		
83.33		5.07866		
83.35		5.07934		
83.37		5.08001		
83.39		5.08069		
83.41		5.08136		
83.43		5.08204		
83.45		5.08271		
83.47		5.08339		
83.49		5.08406		
83.51		5.08473		
83.53		5.08541		
83.55		5.08608		
83.57		5.08676		
83.59		5.08743		
83.61		5.0881		
83.63		5.08878		
83.65		5.08945		
83.67		5.09012		
83.69		5.0908		
83.71		5.09147		
83.73		5.09214		
83.75		5.09281		
83.77		5.09349		
83.79		5.09416		
83.81		5.09483		
83.83		5.0955		
83.85		5.09617		
83.87		5.09685		
83.89		5.09752		
83.91		5.09819		
83.93		5.09886		
83.95		5.09953		
83.97		5.1002		
83.99		5.10087		
84.01		5.10154		
84.03		5.10221		
84.05		5.10288		
84.07		5.10356		
84.09		5.10423		
84.11		5.1049		
84.13		5.10557		
84.15		5.10624		
84.17		5.1069		
84.19		5.10757		
84.21		5.10824		
84.23		5.10891		
84.25		5.10958		
84.27		5.11025		
84.29		5.11092		
84.31		5.11159		
84.33		5.11226		
84.35		5.11293		
84.37		5.11359		
84.39		5.11426		
84.41		5.11493		
84.43		5.1156		
84.45		5.11626		
84.47		5.11693		
84.49		5.1176		
84.51		5.11827		
84.53		5.11893		
84.55		5.1196		
84.57		5.12027		
84.59		5.12093		
84.61		5.1216		
84.63		5.12227		
84.65		5.12293		
84.67		5.1236		
84.69		5.12427		
84.71		5.12493		
84.73		5.1256		
84.75		5.12626		
84.77		5.12693		
84.79		5.12759		
84.81		5.12826		
84.83		5.12892		
84.85		5.12959		
84.87		5.13025		
84.89		5.13092		
84.91		5.13158		
84.93		5.13225		
84.95		5.13291		
84.97		5.13358		
84.99		5.13424		
85.01		5.1349		
85.03		5.13557		
85.05		5.13623		
85.07		5.13689		
85.09		5.13756		
85.11		5.13822		
85.13		5.13888		
85.15		5.13955		
85.17		5.14021		
85.19		5.14087		
85.21		5.14153		
85.23		5.1422		
85.25		5.14286		
85.27		5.14352		
85.29		5.14418		
85.31		5.14484		
85.33		5.14551		
85.35		5.14617		
85.37		5.14683		
85.39		5.14749		
85.41		5.14815		
85.43		5.14881		
85.45		5.14947		
85.47		5.15013		
85.49		5.15079		
85.51		5.15145		
85.53		5.15211		
85.55		5.15277		
85.57		5.15343		
85.59		5.15409		
85.61		5.15475		
85.63		5.15541		
85.65		5.15607		
85.67		5.15673		
85.69		5.15739		
85.71		5.15805		
85.73		5.15871		
85.75		5.15937		
85.77		5.16003		
85.79		5.16069		
85.81		5.16134		
85.83		5.162		
85.85		5.16266		
85.87		5.16332		
85.89		5.16398		
85.91		5.16463		
85.93		5.16529		
85.95		5.16595		
85.97		5.1666		
85.99		5.16726		
86.01		5.16792		
86.03		5.16858		
86.05		5.16923		
86.07		5.16989		
86.09		5.17054		
86.11		5.1712		
86.13		5.17186		
86.15		5.17251		
86.17		5.17317		
86.19		5.17382		
86.21		5.17448		
86.23		5.17514		
86.25		5.17579		
86.27		5.17645		
86.29		5.1771		
86.31		5.17776		
86.33		5.17841		
86.35		5.17907		
86.37		5.17972		
86.39		5.18037		
86.41		5.18103		
86.43		5.18168		
86.45		5.18234		
86.47		5.18299		
86.49		5.18364		
86.51		5.1843		
86.53		5.18495		
86.55		5.1856		
86.57		5.18626		
86.59		5.18691		
86.61		5.18756		
86.63		5.18821		
86.65		5.18887		
86.67		5.18952		
86.69		5.19017		
86.71		5.19082		
86.73		5.19148		
86.75		5.19213		
86.77		5.19278		
86.79		5.19343		
86.81		5.19408		
86.83		5.19473		
86.85		5.19538		
86.87		5.19604		
86.89		5.19669		
86.91		5.19734		
86.93		5.19799		
86.95		5.19864		
86.97		5.19929		
86.99		5.19994		
87.01		5.20059		
87.03		5.20124		
87.05		5.20189		
87.07		5.20254		
87.09		5.20319		
87.11		5.20384		
87.13		5.20449		
87.15		5.20513		
87.17		5.20578		
87.19		5.20643		
87.21		5.20708		
87.23		5.20773		
87.25		5.20838		
87.27		5.20903		
87.29		5.20967		
87.31		5.21032		
87.33		5.21097		
87.35		5.21162		
87.37		5.21227		
87.39		5.21291		
87.41		5.21356		
87.43		5.21421		
87.45		5.21485		
87.47		5.2155		
87.49		5.21615		
87.51		5.21679		
87.53		5.21744		
87.55		5.21809		
87.57		5.21873		
87.59		5.21938		
87.61		5.22002		
87.63		5.22067		
87.65		5.22132		
87.67		5.22196		
87.69		5.22261		
87.71		5.22325		
87.73		5.2239		
87.75		5.22454		
87.77		5.22519		
87.79		5.22583		
87.81		5.22648		
87.83		5.22712		
87.85		5.22776		
87.87		5.22841		
87.89		5.22905		
87.91		5.2297		
87.93		5.23034		
87.95		5.23098		
87.97		5.23163		
87.99		5.23227		
88.01		5.23291		
88.03		5.23356		
88.05		5.2342		
88.07		5.23484		
88.09		5.23549		
88.11		5.23613		
88.13		5.23677		
88.15		5.23741		
88.17		5.23805		
88.19		5.2387		
88.21		5.23934		
88.23		5.23998		
88.25		5.24062		
88.27		5.24126		
88.29		5.2419		
88.31		5.24254		
88.33		5.24319		
88.35		5.24383		
88.37		5.24447		
88.39		5.24511		
88.41		5.24575		
88.43		5.24639		
88.45		5.24703		
88.47		5.24767		
88.49		5.24831		
88.51		5.24895		
88.53		5.24959		
88.55		5.25023		
88.57		5.25087		
88.59		5.25151		
88.61		5.25214		
88.63		5.25278		
88.65		5.25342		
88.67		5.25406		
88.69		5.2547		
88.71		5.25534		
88.73		5.25598		
88.75		5.25661		
88.77		5.25725		
88.79		5.25789		
88.81		5.25853		
88.83		5.25916		
88.85		5.2598		
88.87		5.26044		
88.89		5.26108		
88.91		5.26171		
88.93		5.26235		
88.95		5.26299		
88.97		5.26362		
88.99		5.26426		
89.01		5.2649		
89.03		5.26553		
89.05		5.26617		
89.07		5.2668		
89.09		5.26744		
89.11		5.26808		
89.13		5.26871		
89.15		5.26935		
89.17		5.26998		
89.19		5.27062		
89.21		5.27125		
89.23		5.27189		
89.25		5.27252		
89.27		5.27316		
89.29		5.27379		
89.31		5.27442		
89.33		5.27506		
89.35		5.27569		
89.37		5.27633		
89.39		5.27696		
89.41		5.27759		
89.43		5.27823		
89.45		5.27886		
89.47		5.27949		
89.49		5.28013		
89.51		5.28076		
89.53		5.28139		
89.55		5.28202		
89.57		5.28266		
89.59		5.28329		
89.61		5.28392		
89.63		5.28455		
89.65		5.28518		
89.67		5.28582		
89.69		5.28645		
89.71		5.28708		
89.73		5.28771		
89.75		5.28834		
89.77		5.28897		
89.79		5.2896		
89.81		5.29024		
89.83		5.29087		
89.85		5.2915		
89.87		5.29213		
89.89		5.29276		
89.91		5.29339		
89.93		5.29402		
89.95		5.29465		
89.97		5.29528		
89.99		5.29591		
90.01		5.29654		
90.03		5.29717		
90.05		5.29779		
90.07		5.29842		
90.09		5.29905		
90.11		5.29968		
90.13		5.30031		
90.15		5.30094		
90.17		5.30157		
90.19		5.30219		
90.21		5.30282		
90.23		5.30345		
90.25		5.30408		
90.27		5.30471		
90.29		5.30533		
90.31		5.30596		
90.33		5.30659		
90.35		5.30722		
90.37		5.30784		
90.39		5.30847		
90.41		5.3091		
90.43		5.30972		
90.45		5.31035		
90.47		5.31098		
90.49		5.3116		
90.51		5.31223		
90.53		5.31285		
90.55		5.31348		
90.57		5.31411		
90.59		5.31473		
90.61		5.31536		
90.63		5.31598		
90.65		5.31661		
90.67		5.31723		
90.69		5.31786		
90.71		5.31848		
90.73		5.31911		
90.75		5.31973		
90.77		5.32035		
90.79		5.32098		
90.81		5.3216		
90.83		5.32223		
90.85		5.32285		
90.87		5.32347		
90.89		5.3241		
90.91		5.32472		
90.93		5.32534		
90.95		5.32597		
90.97		5.32659		
90.99		5.32721		
91.01		5.32783		
91.03		5.32846		
91.05		5.32908		
91.07		5.3297		
91.09		5.33032		
91.11		5.33095		
91.13		5.33157		
91.15		5.33219		
91.17		5.33281		
91.19		5.33343		
91.21		5.33405		
91.23		5.33467		
91.25		5.3353		
91.27		5.33592		
91.29		5.33654		
91.31		5.33716		
91.33		5.33778		
91.35		5.3384		
91.37		5.33902		
91.39		5.33964		
91.41		5.34026		
91.43		5.34088		
91.45		5.3415		
91.47		5.34212		
91.49		5.34274		
91.51		5.34336		
91.53		5.34398		
91.55		5.34459		
91.57		5.34521		
91.59		5.34583		
91.61		5.34645		
91.63		5.34707		
91.65		5.34769		
91.67		5.34831		
91.69		5.34892		
91.71		5.34954		
91.73		5.35016		
91.75		5.35078		
91.77		5.35139		
91.79		5.35201		
91.81		5.35263		
91.83		5.35325		
91.85		5.35386		
91.87		5.35448		
91.89		5.3551		
91.91		5.35571		
91.93		5.35633		
91.95		5.35694		
91.97		5.35756		
91.99		5.35818		
92.01		5.35879		
92.03		5.35941		
92.05		5.36002		
92.07		5.36064		
92.09		5.36125		
92.11		5.36187		
92.13		5.36248		
92.15		5.3631		
92.17		5.36371		
92.19		5.36433		
92.21		5.36494		
92.23		5.36556		
92.25		5.36617		
92.27		5.36679		
92.29		5.3674		
92.31		5.36801		
92.33		5.36863		
92.35		5.36924		
92.37		5.36985		
92.39		5.37047		
92.41		5.37108		
92.43		5.37169		
92.45		5.37231		
92.47		5.37292		
92.49		5.37353		
92.51		5.37414		
92.53		5.37476		
92.55		5.37537		
92.57		5.37598		
92.59		5.37659		
92.61		5.3772		
92.63		5.37782		
92.65		5.37843		
92.67		5.37904		
92.69		5.37965		
92.71		5.38026		
92.73		5.38087		
92.75		5.38148		
92.77		5.38209		
92.79		5.3827		
92.81		5.38331		
92.83		5.38393		
92.85		5.38454		
92.87		5.38515		
92.89		5.38576		
92.91		5.38637		
92.93		5.38697		
92.95		5.38758		
92.97		5.38819		
92.99		5.3888		
93.01		5.38941		
93.03		5.39002		
93.05		5.39063		
93.07		5.39124		
93.09		5.39185		
93.11		5.39245		
93.13		5.39306		
93.15		5.39367		
93.17		5.39428		
93.19		5.39489		
93.21		5.39549		
93.23		5.3961		
93.25		5.39671		
93.27		5.39732		
93.29		5.39792		
93.31		5.39853		
93.33		5.39914		
93.35		5.39975		
93.37		5.40035		
93.39		5.40096		
93.41		5.40156		
93.43		5.40217		
93.45		5.40278		
93.47		5.40338		
93.49		5.40399		
93.51		5.40459		
93.53		5.4052		
93.55		5.40581		
93.57		5.40641		
93.59		5.40702		
93.61		5.40762		
93.63		5.40823		
93.65		5.40883		
93.67		5.40943		
93.69		5.41004		
93.71		5.41064		
93.73		5.41125		
93.75		5.41185		
93.77		5.41246		
93.79		5.41306		
93.81		5.41366		
93.83		5.41427		
93.85		5.41487		
93.87		5.41547		
93.89		5.41608		
93.91		5.41668		
93.93		5.41728		
93.95		5.41789		
93.97		5.41849		
93.99		5.41909		
94.01		5.41969		
94.03		5.42029		
94.05		5.4209		
94.07		5.4215		
94.09		5.4221		
94.11		5.4227		
94.13		5.4233		
94.15		5.42391		
94.17		5.42451		
94.19		5.42511		
94.21		5.42571		
94.23		5.42631		
94.25		5.42691		
94.27		5.42751		
94.29		5.42811		
94.31		5.42871		
94.33		5.42931		
94.35		5.42991		
94.37		5.43051		
94.39		5.43111		
94.41		5.43171		
94.43		5.43231		
94.45		5.43291		
94.47		5.43351		
94.49		5.43411		
94.51		5.43471		
94.53		5.43531		
94.55		5.4359		
94.57		5.4365		
94.59		5.4371		
94.61		5.4377		
94.63		5.4383		
94.65		5.4389		
94.67		5.43949		
94.69		5.44009		
94.71		5.44069		
94.73		5.44129		
94.75		5.44188		
94.77		5.44248		
94.79		5.44308		
94.81		5.44367		
94.83		5.44427		
94.85		5.44487		
94.87		5.44546		
94.89		5.44606		
94.91		5.44666		
94.93		5.44725		
94.95		5.44785		
94.97		5.44845		
94.99		5.44904		
95.01		5.44964		
95.03		5.45023		
95.05		5.45083		
95.07		5.45142		
95.09		5.45202		
95.11		5.45261		
95.13		5.45321		
95.15		5.4538		
95.17		5.4544		
95.19		5.45499		
95.21		5.45559		
95.23		5.45618		
95.25		5.45677		
95.27		5.45737		
95.29		5.45796		
95.31		5.45855		
95.33		5.45915		
95.35		5.45974		
95.37		5.46033		
95.39		5.46093		
95.41		5.46152		
95.43		5.46211		
95.45		5.46271		
95.47		5.4633		
95.49		5.46389		
95.51		5.46448		
95.53		5.46507		
95.55		5.46567		
95.57		5.46626		
95.59		5.46685		
95.61		5.46744		
95.63		5.46803		
95.65		5.46862		
95.67		5.46922		
95.69		5.46981		
95.71		5.4704		
95.73		5.47099		
95.75		5.47158		
95.77		5.47217		
95.79		5.47276		
95.81		5.47335		
95.83		5.47394		
95.85		5.47453		
95.87		5.47512		
95.89		5.47571		
95.91		5.4763		
95.93		5.47689		
95.95		5.47748		
95.97		5.47807		
95.99		5.47866		
96.01		5.47924		
96.03		5.47983		
96.05		5.48042		
96.07		5.48101		
96.09		5.4816		
96.11		5.48219		
96.13		5.48278		
96.15		5.48336		
96.17		5.48395		
96.19		5.48454		
96.21		5.48513		
96.23		5.48571		
96.25		5.4863		
96.27		5.48689		
96.29		5.48748		
96.31		5.48806		
96.33		5.48865		
96.35		5.48924		
96.37		5.48982		
96.39		5.49041		
96.41		5.49099		
96.43		5.49158		
96.45		5.49217		
96.47		5.49275		
96.49		5.49334		
96.51		5.49392		
96.53		5.49451		
96.55		5.49509		
96.57		5.49568		
96.59		5.49626		
96.61		5.49685		
96.63		5.49743		
96.65		5.49802		
96.67		5.4986		
96.69		5.49919		
96.71		5.49977		
96.73		5.50036		
96.75		5.50094		
96.77		5.50152		
96.79		5.50211		
96.81		5.50269		
96.83		5.50327		
96.85		5.50386		
96.87		5.50444		
96.89		5.50502		
96.91		5.50561		
96.93		5.50619		
96.95		5.50677		
96.97		5.50735		
96.99		5.50794		
97.01		5.50852		
97.03		5.5091		
97.05		5.50968		
97.07		5.51026		
97.09		5.51085		
97.11		5.51143		
97.13		5.51201		
97.15		5.51259		
97.17		5.51317		
97.19		5.51375		
97.21		5.51433		
97.23		5.51491		
97.25		5.51549		
97.27		5.51607		
97.29		5.51666		
97.31		5.51724		
97.33		5.51782		
97.35		5.5184		
97.37		5.51898		
97.39		5.51956		
97.41		5.52013		
97.43		5.52071		
97.45		5.52129		
97.47		5.52187		
97.49		5.52245		
97.51		5.52303		
97.53		5.52361		
97.55		5.52419		
97.57		5.52477		
97.59		5.52534		
97.61		5.52592		
97.63		5.5265		
97.65		5.52708		
97.67		5.52766		
97.69		5.52823		
97.71		5.52881		
97.73		5.52939		
97.75		5.52997		
97.77		5.53054		
97.79		5.53112		
97.81		5.5317		
97.83		5.53227		
97.85		5.53285		
97.87		5.53343		
97.89		5.534		
97.91		5.53458		
97.93		5.53516		
97.95		5.53573		
97.97		5.53631		
97.99		5.53688		
98.01		5.53746		
98.03		5.53803		
98.05		5.53861		
98.07		5.53918		
98.09		5.53976		
98.11		5.54033		
98.13		5.54091		
98.15		5.54148		
98.17		5.54206		
98.19		5.54263		
98.21		5.54321		
98.23		5.54378		
98.25		5.54436		
98.27		5.54493		
98.29		5.5455		
98.31		5.54608		
98.33		5.54665		
98.35		5.54722		
98.37		5.5478		
98.39		5.54837		
98.41		5.54894		
98.43		5.54951		
98.45		5.55009		
98.47		5.55066		
98.49		5.55123		
98.51		5.5518		
98.53		5.55238		
98.55		5.55295		
98.57		5.55352		
98.59		5.55409		
98.61		5.55466		
98.63		5.55524		
98.65		5.55581		
98.67		5.55638		
98.69		5.55695		
98.71		5.55752		
98.73		5.55809		
98.75		5.55866		
98.77		5.55923		
98.79		5.5598		
98.81		5.56037		
98.83		5.56094		
98.85		5.56151		
98.87		5.56208		
98.89		5.56265		
98.91		5.56322		
98.93		5.56379		
98.95		5.56436		
98.97		5.56493		
98.99		5.5655		
99.01		5.56607		
99.03		5.56664		
99.05		5.5672		
99.07		5.56777		
99.09		5.56834		
99.11		5.56891		
99.13		5.56948		
99.15		5.57005		
99.17		5.57061		
99.19		5.57118		
99.21		5.57175		
99.23		5.57232		
99.25		5.57288		
99.27		5.57345		
99.29		5.57402		
99.31		5.57459		
99.33		5.57515		
99.35		5.57572		
99.37		5.57629		
99.39		5.57685		
99.41		5.57742		
99.43		5.57798		
99.45		5.57855		
99.47		5.57912		
99.49		5.57968		
99.51		5.58025		
99.53		5.58081		
99.55		5.58138		
99.57		5.58194		
99.59		5.58251		
99.61		5.58307		
99.63		5.58364		
99.65		5.5842		
99.67		5.58477		
99.69		5.58533		
99.71		5.5859		
99.73		5.58646		
99.75		5.58702		
99.77		5.58759		
99.79		5.58815		
99.81		5.58872		
99.83		5.58928		
99.85		5.58984		
99.87		5.59041		
99.89		5.59097		
99.91		5.59153		
99.93		5.59209		
99.95		5.59266		
99.97		5.59322		
99.99		5.59378		
