t [fm]		Pi [fm^-4]
0.25		15.611
0.29		11.211		
0.33		8.2218		
0.37		6.1541		
0.41		4.6995		
0.45		3.6593		
0.49		2.9031		
0.53		2.344		
0.57		1.9236		
0.61		1.6019		
0.65		1.3517		
0.69		1.154		
0.73		0.99532		
0.77		0.86626		
0.81		0.75993		
0.85		0.67133		
0.89		0.59674		
0.93		0.53338		
0.97		0.47911		
1.01		0.43231		
1.05		0.39169		
1.09		0.35622		
1.13		0.3251		
1.17		0.29766		
1.21		0.27337		
1.25		0.25178		
1.29		0.23253		
1.33		0.2153		
1.37		0.19984		
1.41		0.18592		
1.45		0.17336		
1.49		0.162		
1.53		0.15169		
1.57		0.14233		
1.61		0.1338		
1.65		0.12602		
1.69		0.11891		
1.73		0.11239		
1.77		0.10641		
1.81		0.10092		
1.85		0.095857		
1.89		0.091193		
1.93		0.086886		
1.97		0.082903		
2.01		0.079214		
2.05		0.075792		
2.09		0.072615		
2.13		0.06966		
2.17		0.066908		
2.21		0.064341		
2.25		0.061945		
2.29		0.059705		
2.33		0.057609		
2.37		0.055643		
2.41		0.053799		
2.45		0.052066		
2.49		0.050436		
2.53		0.048901		
2.57		0.047453		
2.61		0.046085		
2.65		0.044793		
2.69		0.04357		
2.73		0.04241		
2.77		0.04131		
2.81		0.040266		
2.85		0.039272		
2.89		0.038326		
2.93		0.037424		
2.97		0.036563		
3.01		0.035741		
3.05		0.034954		
3.09		0.0342		
3.13		0.033478		
3.17		0.032784		
3.21		0.032117		
3.25		0.031476		
3.29		0.030858		
3.33		0.030262		
3.37		0.029687		
3.41		0.029132		
3.45		0.028594		
3.49		0.028074		
3.53		0.027569		
3.57		0.02708		
3.61		0.026605		
3.65		0.026143		
3.69		0.025693		
3.73		0.025255		
3.77		0.024828		
3.81		0.024412		
3.85		0.024006		
3.89		0.023608		
3.93		0.02322		
3.97		0.022839		
4.01		0.022467		
4.05		0.022102		
4.09		0.021744		
4.13		0.021392		
4.17		0.021047		
4.21		0.020708		
4.25		0.020374		
4.29		0.020046		
4.33		0.019722		
4.37		0.019404		
4.41		0.01909		
4.45		0.018781		
4.49		0.018476		
4.53		0.018174		
4.57		0.017877		
4.61		0.017583		
4.65		0.017292		
4.69		0.017005		
4.73		0.016721		
4.77		0.01644		
4.81		0.016162		
4.85		0.015887		
4.89		0.015614		
4.93		0.015344		
4.97		0.015076		
5.01		0.014811		
5.05		0.014548		
5.09		0.014287		
5.13		0.014028		
5.17		0.013772		
5.21		0.013517		
5.25		0.013264		
5.29		0.013013		
5.33		0.012764		
5.37		0.012516		
5.41		0.012271		
5.45		0.012026		
5.49		0.011784		
5.53		0.011543		
5.57		0.011303		
5.61		0.011065		
5.65		0.010828		
5.69		0.010593		
5.73		0.010358		
5.77		0.010126		
5.81		0.0098942		
5.85		0.0096639		
5.89		0.0094349		
5.93		0.009207		
5.97		0.0089803		
6.01		0.0087548		
6.05		0.0085304		
6.09		0.008307		
6.13		0.0080848		
6.17		0.0078636		
6.21		0.0076435		
6.25		0.0074243		
6.29		0.0072062		
6.33		0.0069891		
6.37		0.006773		
6.41		0.0065578		
6.45		0.0063436		
6.49		0.0061303		
6.53		0.0059179		
6.57		0.0057065		
6.61		0.0054959		
6.65		0.0052863		
6.69		0.0050775		
6.73		0.0048696		
6.77		0.0046626		
6.81		0.0044564		
6.85		0.0042511		
6.89		0.0040466		
6.93		0.0038429		
6.97		0.0036401		
7.01		0.0034381		
7.05		0.0032369		
7.09		0.0030365		
7.13		0.0028369		
7.17		0.0026381		
7.21		0.00244		
7.25		0.0022428		
7.29		0.0020463		
7.33		0.0018506		
7.37		0.0016557		
7.41		0.0014616		
7.45		0.0012682		
7.49		0.0010755		
7.53		0.0008836		
7.57		0.00069245		
7.61		0.00050204		
7.65		0.00031237		
7.69		0.00012344		
7.73		-6.4765e-05		
7.77		-0.00025224		
7.81		-0.00043899		
7.85		-0.00062501		
7.89		-0.00081032		
7.93		-0.0009949		
7.97		-0.0011788		
8.01		-0.0013619		
8.05		-0.0015444		
8.09		-0.0017261		
8.13		-0.0019072		
8.17		-0.0020875		
8.21		-0.0022671		
8.25		-0.0024461		
8.29		-0.0026243		
8.33		-0.0028019		
8.37		-0.0029787		
8.41		-0.0031549		
8.45		-0.0033304		
8.49		-0.0035052		
8.53		-0.0036793		
8.57		-0.0038527		
8.61		-0.0040255		
8.65		-0.0041976		
8.69		-0.004369		
8.73		-0.0045397		
8.77		-0.0047097		
8.81		-0.0048791		
8.85		-0.0050478		
8.89		-0.0052159		
8.93		-0.0053832		
8.97		-0.0055499		
9.01		-0.005716		
9.05		-0.0058814		
9.09		-0.0060461		
9.13		-0.0062101		
9.17		-0.0063735		
9.21		-0.0065363		
9.25		-0.0066984		
9.29		-0.0068598		
9.33		-0.0070206		
9.37		-0.0071807		
9.41		-0.0073402		
9.45		-0.0074991		
9.49		-0.0076572		
9.53		-0.0078148		
9.57		-0.0079717		
9.61		-0.008128		
9.65		-0.0082836		
9.69		-0.0084386		
9.73		-0.0085929		
9.77		-0.0087466		
9.81		-0.0088997		
9.85		-0.0090521		
9.89		-0.0092039		
9.93		-0.0093551		
9.97		-0.0095056		
10.01		-0.0096555		
10.05		-0.0098048		
10.09		-0.0099535		
10.13		-0.010101		
10.17		-0.010249		
10.21		-0.010396		
10.25		-0.010542		
10.29		-0.010687		
10.33		-0.010832		
10.37		-0.010977		
10.41		-0.01112		
10.45		-0.011263		
10.49		-0.011406		
10.53		-0.011548		
10.57		-0.011689		
10.61		-0.01183		
10.65		-0.01197		
10.69		-0.012109		
10.73		-0.012248		
10.77		-0.012386		
10.81		-0.012524		
10.85		-0.012661		
10.89		-0.012797		
10.93		-0.012933		
10.97		-0.013068		
11.01		-0.013203		
11.05		-0.013337		
11.09		-0.01347		
11.13		-0.013603		
11.17		-0.013736		
11.21		-0.013867		
11.25		-0.013998		
11.29		-0.014129		
11.33		-0.014259		
11.37		-0.014388		
11.41		-0.014517		
11.45		-0.014645		
11.49		-0.014773		
11.53		-0.0149		
11.57		-0.015026		
11.61		-0.015152		
11.65		-0.015278		
11.69		-0.015402		
11.73		-0.015527		
11.77		-0.01565		
11.81		-0.015773		
11.85		-0.015896		
11.89		-0.016018		
11.93		-0.016139		
11.97		-0.01626		
12.01		-0.01638		
12.05		-0.0165		
12.09		-0.016619		
12.13		-0.016738		
12.17		-0.016856		
12.21		-0.016974		
12.25		-0.017091		
12.29		-0.017207		
12.33		-0.017323		
12.37		-0.017438		
12.41		-0.017553		
12.45		-0.017667		
12.49		-0.017781		
12.53		-0.017894		
12.57		-0.018007		
12.61		-0.018119		
12.65		-0.018231		
12.69		-0.018342		
12.73		-0.018453		
12.77		-0.018563		
12.81		-0.018672		
12.85		-0.018781		
12.89		-0.01889		
12.93		-0.018998		
12.97		-0.019105		
13.01		-0.019212		
13.05		-0.019319		
13.09		-0.019425		
13.13		-0.01953		
13.17		-0.019635		
13.21		-0.019739		
13.25		-0.019843		
13.29		-0.019947		
13.33		-0.02005		
13.37		-0.020152		
13.41		-0.020254		
13.45		-0.020355		
13.49		-0.020456		
13.53		-0.020557		
13.57		-0.020657		
13.61		-0.020756		
13.65		-0.020855		
13.69		-0.020954		
13.73		-0.021052		
13.77		-0.021149		
13.81		-0.021247		
13.85		-0.021343		
13.89		-0.021439		
13.93		-0.021535		
13.97		-0.02163		
14.01		-0.021725		
14.05		-0.021819		
14.09		-0.021913		
14.13		-0.022007		
14.17		-0.022099		
14.21		-0.022192		
14.25		-0.022284		
14.29		-0.022375		
14.33		-0.022467		
14.37		-0.022557		
14.41		-0.022647		
14.45		-0.022737		
14.49		-0.022826		
14.53		-0.022915		
14.57		-0.023004		
14.61		-0.023092		
14.65		-0.023179		
14.69		-0.023266		
14.73		-0.023353		
14.77		-0.023439		
14.81		-0.023525		
14.85		-0.023611		
14.89		-0.023696		
14.93		-0.02378		
14.97		-0.023864		
15.01		-0.023948		
15.05		-0.024032		
15.09		-0.024114		
15.13		-0.024197		
15.17		-0.024279		
15.21		-0.024361		
15.25		-0.024442		
15.29		-0.024523		
15.33		-0.024603		
15.37		-0.024684		
15.41		-0.024763		
15.45		-0.024843		
15.49		-0.024921		
15.53		-0.025		
15.57		-0.025078		
15.61		-0.025156		
15.65		-0.025233		
15.69		-0.02531		
15.73		-0.025387		
15.77		-0.025463		
15.81		-0.025539		
15.85		-0.025614		
15.89		-0.025689		
15.93		-0.025764		
15.97		-0.025839		
16.01		-0.025913		
16.05		-0.025986		
16.09		-0.02606		
16.13		-0.026132		
16.17		-0.026205		
16.21		-0.026277		
16.25		-0.026349		
16.29		-0.026421		
16.33		-0.026492		
16.37		-0.026563		
16.41		-0.026633		
16.45		-0.026703		
16.49		-0.026773		
16.53		-0.026842		
16.57		-0.026911		
16.61		-0.02698		
16.65		-0.027049		
16.69		-0.027117		
16.73		-0.027185		
16.77		-0.027252		
16.81		-0.027319		
16.85		-0.027386		
16.89		-0.027452		
16.93		-0.027519		
16.97		-0.027585		
17.01		-0.02765		
17.05		-0.027715		
17.09		-0.02778		
17.13		-0.027845		
17.17		-0.027909		
17.21		-0.027973		
17.25		-0.028037		
17.29		-0.0281		
17.33		-0.028163		
17.37		-0.028226		
17.41		-0.028289		
17.45		-0.028351		
17.49		-0.028413		
17.53		-0.028475		
17.57		-0.028536		
17.61		-0.028597		
17.65		-0.028658		
17.69		-0.028718		
17.73		-0.028779		
17.77		-0.028839		
17.81		-0.028898		
17.85		-0.028958		
17.89		-0.029017		
17.93		-0.029076		
17.97		-0.029135		
18.01		-0.029193		
18.05		-0.029251		
18.09		-0.029309		
18.13		-0.029367		
18.17		-0.029424		
18.21		-0.029481		
18.25		-0.029538		
18.29		-0.029594		
18.33		-0.029651		
18.37		-0.029707		
18.41		-0.029763		
18.45		-0.029818		
18.49		-0.029874		
18.53		-0.029929		
18.57		-0.029984		
18.61		-0.030039		
18.65		-0.030093		
18.69		-0.030147		
18.73		-0.030201		
18.77		-0.030255		
18.81		-0.030309		
18.85		-0.030362		
18.89		-0.030415		
18.93		-0.030468		
18.97		-0.030521		
19.01		-0.030573		
19.05		-0.030626		
19.09		-0.030678		
19.13		-0.030729		
19.17		-0.030781		
19.21		-0.030833		
19.25		-0.030884		
19.29		-0.030935		
19.33		-0.030986		
19.37		-0.031036		
19.41		-0.031087		
19.45		-0.031137		
19.49		-0.031187		
19.53		-0.031237		
19.57		-0.031287		
19.61		-0.031336		
19.65		-0.031386		
19.69		-0.031435		
19.73		-0.031484		
19.77		-0.031533		
19.81		-0.031581		
19.85		-0.03163		
19.89		-0.031678		
19.93		-0.031726		
19.97		-0.031774		
20.01		-0.031822		
20.05		-0.03187		
20.09		-0.031917		
20.13		-0.031965		
20.17		-0.032012		
20.21		-0.032059		
20.25		-0.032106		
20.29		-0.032152		
20.33		-0.032199		
20.37		-0.032245		
20.41		-0.032292		
20.45		-0.032338		
20.49		-0.032384		
20.53		-0.032429		
20.57		-0.032475		
20.61		-0.032521		
20.65		-0.032566		
20.69		-0.032611		
20.73		-0.032657		
20.77		-0.032702		
20.81		-0.032746		
20.85		-0.032791		
20.89		-0.032836		
20.93		-0.03288		
20.97		-0.032925		
21.01		-0.032969		
21.05		-0.033013		
21.09		-0.033057		
21.13		-0.033101		
21.17		-0.033145		
21.21		-0.033189		
21.25		-0.033232		
21.29		-0.033276		
21.33		-0.033319		
21.37		-0.033362		
21.41		-0.033405		
21.45		-0.033449		
21.49		-0.033491		
21.53		-0.033534		
21.57		-0.033577		
21.61		-0.03362		
21.65		-0.033662		
21.69		-0.033705		
21.73		-0.033747		
21.77		-0.033789		
21.81		-0.033832		
21.85		-0.033874		
21.89		-0.033916		
21.93		-0.033958		
21.97		-0.033999		
22.01		-0.034041		
22.05		-0.034083		
22.09		-0.034125		
22.13		-0.034166		
22.17		-0.034208		
22.21		-0.034249		
22.25		-0.03429		
22.29		-0.034331		
22.33		-0.034373		
22.37		-0.034414		
22.41		-0.034455		
22.45		-0.034496		
22.49		-0.034537		
22.53		-0.034577		
22.57		-0.034618		
22.61		-0.034659		
22.65		-0.0347		
22.69		-0.03474		
22.73		-0.034781		
22.77		-0.034821		
22.81		-0.034862		
22.85		-0.034902		
22.89		-0.034942		
22.93		-0.034983		
22.97		-0.035023		
23.01		-0.035063		
23.05		-0.035103		
23.09		-0.035143		
23.13		-0.035183		
23.17		-0.035223		
23.21		-0.035263		
23.25		-0.035303		
23.29		-0.035343		
23.33		-0.035383		
23.37		-0.035423		
23.41		-0.035462		
23.45		-0.035502		
23.49		-0.035542		
23.53		-0.035582		
23.57		-0.035621		
23.61		-0.035661		
23.65		-0.0357		
23.69		-0.03574		
23.73		-0.035779		
23.77		-0.035819		
23.81		-0.035858		
23.85		-0.035898		
23.89		-0.035937		
23.93		-0.035977		
23.97		-0.036016		
24.01		-0.036055		
24.05		-0.036095		
24.09		-0.036134		
24.13		-0.036173		
24.17		-0.036213		
24.21		-0.036252		
24.25		-0.036291		
24.29		-0.03633		
24.33		-0.03637		
24.37		-0.036409		
24.41		-0.036448		
24.45		-0.036487		
24.49		-0.036526		
24.53		-0.036566		
24.57		-0.036605		
24.61		-0.036644		
24.65		-0.036683		
24.69		-0.036722		
24.73		-0.036762		
24.77		-0.036801		
24.81		-0.03684		
24.85		-0.036879		
24.89		-0.036918		
24.93		-0.036957		
24.97		-0.036996		
25.01		-0.037036		
25.05		-0.037075		
25.09		-0.037114		
25.13		-0.037153		
25.17		-0.037192		
25.21		-0.037231		
25.25		-0.037271		
25.29		-0.03731		
25.33		-0.037349		
25.37		-0.037388		
25.41		-0.037427		
25.45		-0.037467		
25.49		-0.037506		
25.53		-0.037545		
25.57		-0.037584		
25.61		-0.037624		
25.65		-0.037663		
25.69		-0.037702		
25.73		-0.037741		
25.77		-0.037781		
25.81		-0.03782		
25.85		-0.037859		
25.89		-0.037899		
25.93		-0.037938		
25.97		-0.037978		
26.01		-0.038017		
26.05		-0.038056		
26.09		-0.038096		
26.13		-0.038135		
26.17		-0.038175		
26.21		-0.038214		
26.25		-0.038254		
26.29		-0.038293		
26.33		-0.038333		
26.37		-0.038373		
26.41		-0.038412		
26.45		-0.038452		
26.49		-0.038491		
26.53		-0.038531		
26.57		-0.038571		
26.61		-0.03861		
26.65		-0.03865		
26.69		-0.03869		
26.73		-0.03873		
26.77		-0.03877		
26.81		-0.038809		
26.85		-0.038849		
26.89		-0.038889		
26.93		-0.038929		
26.97		-0.038969		
27.01		-0.039009		
27.05		-0.039049		
27.09		-0.039089		
27.13		-0.039129		
27.17		-0.039169		
27.21		-0.039209		
27.25		-0.039249		
27.29		-0.039289		
27.33		-0.03933		
27.37		-0.03937		
27.41		-0.03941		
27.45		-0.03945		
27.49		-0.039491		
27.53		-0.039531		
27.57		-0.039571		
27.61		-0.039612		
27.65		-0.039652		
27.69		-0.039693		
27.73		-0.039733		
27.77		-0.039774		
27.81		-0.039814		
27.85		-0.039855		
27.89		-0.039895		
27.93		-0.039936		
27.97		-0.039976		
28.01		-0.040017		
28.05		-0.040058		
28.09		-0.040099		
28.13		-0.040139		
28.17		-0.04018		
28.21		-0.040221		
28.25		-0.040262		
28.29		-0.040303		
28.33		-0.040344		
28.37		-0.040385		
28.41		-0.040426		
28.45		-0.040467		
28.49		-0.040508		
28.53		-0.040549		
28.57		-0.04059		
28.61		-0.040631		
28.65		-0.040672		
28.69		-0.040713		
28.73		-0.040754		
28.77		-0.040796		
28.81		-0.040837		
28.85		-0.040878		
28.89		-0.04092		
28.93		-0.040961		
28.97		-0.041002		
29.01		-0.041044		
29.05		-0.041085		
29.09		-0.041127		
29.13		-0.041168		
29.17		-0.04121		
29.21		-0.041251		
29.25		-0.041293		
29.29		-0.041334		
29.33		-0.041376		
29.37		-0.041418		
29.41		-0.041459		
29.45		-0.041501		
29.49		-0.041543		
29.53		-0.041585		
29.57		-0.041627		
29.61		-0.041668		
29.65		-0.04171		
29.69		-0.041752		
29.73		-0.041794		
29.77		-0.041836		
29.81		-0.041878		
29.85		-0.04192		
29.89		-0.041962		
29.93		-0.042004		
29.97		-0.042046		
30.01		-0.042088		
30.05		-0.04213		
30.09		-0.042172		
30.13		-0.042215		
30.17		-0.042257		
30.21		-0.0423		
30.25		-0.042342		
30.29		-0.042385		
30.33		-0.042427		
30.37		-0.042469		
30.41		-0.04251		
30.45		-0.042552		
30.49		-0.042593		
30.53		-0.042633		
30.57		-0.042674		
30.61		-0.042714		
30.65		-0.042754		
30.69		-0.042794		
30.73		-0.042833		
30.77		-0.042873		
30.81		-0.042912		
30.85		-0.04295		
30.89		-0.042989		
30.93		-0.043027		
30.97		-0.043065		
31.01		-0.043103		
31.05		-0.04314		
31.09		-0.043177		
31.13		-0.043214		
31.17		-0.043251		
31.21		-0.043287		
31.25		-0.043323		
31.29		-0.043359		
31.33		-0.043395		
31.37		-0.04343		
31.41		-0.043465		
31.45		-0.0435		
31.49		-0.043535		
31.53		-0.043569		
31.57		-0.043603		
31.61		-0.043637		
31.65		-0.043671		
31.69		-0.043704		
31.73		-0.043738		
31.77		-0.04377		
31.81		-0.043803		
31.85		-0.043836		
31.89		-0.043868		
31.93		-0.0439		
31.97		-0.043932		
32.01		-0.043963		
32.05		-0.043994		
32.09		-0.044025		
32.13		-0.044056		
32.17		-0.044087		
32.21		-0.044117		
32.25		-0.044147		
32.29		-0.044177		
32.33		-0.044207		
32.37		-0.044236		
32.41		-0.044265		
32.45		-0.044294		
32.49		-0.044323		
32.53		-0.044351		
32.57		-0.04438		
32.61		-0.044408		
32.65		-0.044435		
32.69		-0.044463		
32.73		-0.04449		
32.77		-0.044517		
32.81		-0.044544		
32.85		-0.044571		
32.89		-0.044597		
32.93		-0.044624		
32.97		-0.04465		
33.01		-0.044675		
33.05		-0.044701		
33.09		-0.044726		
33.13		-0.044751		
33.17		-0.044776		
33.21		-0.044801		
33.25		-0.044825		
33.29		-0.04485		
33.33		-0.044874		
33.37		-0.044898		
33.41		-0.044921		
33.45		-0.044945		
33.49		-0.044968		
33.53		-0.044991		
33.57		-0.045013		
33.61		-0.045036		
33.65		-0.045058		
33.69		-0.04508		
33.73		-0.045102		
33.77		-0.045124		
33.81		-0.045145		
33.85		-0.045167		
33.89		-0.045188		
33.93		-0.045209		
33.97		-0.045229		
34.01		-0.04525		
34.05		-0.04527		
34.09		-0.04529		
34.13		-0.04531		
34.17		-0.045329		
34.21		-0.045349		
34.25		-0.045368		
34.29		-0.045387		
34.33		-0.045406		
34.37		-0.045424		
34.41		-0.045443		
34.45		-0.045461		
34.49		-0.045479		
34.53		-0.045497		
34.57		-0.045514		
34.61		-0.045532		
34.65		-0.045549		
34.69		-0.045566		
34.73		-0.045583		
34.77		-0.045599		
34.81		-0.045616		
34.85		-0.045632		
34.89		-0.045648		
34.93		-0.045664		
34.97		-0.045679		
35.01		-0.045695		
35.05		-0.04571		
35.09		-0.045725		
35.13		-0.04574		
35.17		-0.045755		
35.21		-0.045769		
35.25		-0.045783		
35.29		-0.045797		
35.33		-0.045811		
35.37		-0.045825		
35.41		-0.045839		
35.45		-0.045852		
35.49		-0.045865		
35.53		-0.045878		
35.57		-0.045891		
35.61		-0.045903		
35.65		-0.045916		
35.69		-0.045928		
35.73		-0.04594		
35.77		-0.045952		
35.81		-0.045963		
35.85		-0.045975		
35.89		-0.045986		
35.93		-0.045997		
35.97		-0.046008		
36.01		-0.046019		
36.05		-0.046029		
36.09		-0.04604		
36.13		-0.04605		
36.17		-0.04606		
36.21		-0.04607		
36.25		-0.046079		
36.29		-0.046089		
36.33		-0.046098		
36.37		-0.046107		
36.41		-0.046116		
36.45		-0.046125		
36.49		-0.046133		
36.53		-0.046142		
36.57		-0.04615		
36.61		-0.046158		
36.65		-0.046166		
36.69		-0.046174		
36.73		-0.046181		
36.77		-0.046189		
36.81		-0.046196		
36.85		-0.046203		
36.89		-0.046209		
36.93		-0.046216		
36.97		-0.046223		
37.01		-0.046229		
37.05		-0.046235		
37.09		-0.046241		
37.13		-0.046247		
37.17		-0.046252		
37.21		-0.046258		
37.25		-0.046263		
37.29		-0.046268		
37.33		-0.046273		
37.37		-0.046278		
37.41		-0.046283		
37.45		-0.046287		
37.49		-0.046291		
37.53		-0.046295		
37.57		-0.046299		
37.61		-0.046303		
37.65		-0.046307		
37.69		-0.04631		
37.73		-0.046314		
37.77		-0.046317		
37.81		-0.04632		
37.85		-0.046322		
37.89		-0.046325		
37.93		-0.046328		
37.97		-0.04633		
38.01		-0.046332		
38.05		-0.046334		
38.09		-0.046336		
38.13		-0.046338		
38.17		-0.046339		
38.21		-0.04634		
38.25		-0.046342		
38.29		-0.046343		
38.33		-0.046343		
38.37		-0.046344		
38.41		-0.046345		
38.45		-0.046345		
38.49		-0.046345		
38.53		-0.046345		
38.57		-0.046345		
38.61		-0.046345		
38.65		-0.046345		
38.69		-0.046344		
38.73		-0.046344		
38.77		-0.046343		
38.81		-0.046342		
38.85		-0.046341		
38.89		-0.046339		
38.93		-0.046338		
38.97		-0.046336		
39.01		-0.046335		
39.05		-0.046333		
39.09		-0.046331		
39.13		-0.046328		
39.17		-0.046326		
39.21		-0.046324		
39.25		-0.046321		
39.29		-0.046318		
39.33		-0.046315		
39.37		-0.046312		
39.41		-0.046309		
39.45		-0.046305		
39.49		-0.046302		
39.53		-0.046298		
39.57		-0.046294		
39.61		-0.04629		
39.65		-0.046286		
39.69		-0.046282		
39.73		-0.046278		
39.77		-0.046273		
39.81		-0.046268		
39.85		-0.046264		
39.89		-0.046259		
39.93		-0.046253		
39.97		-0.046248		
40.01		-0.046243		
40.05		-0.046237		
40.09		-0.046231		
40.13		-0.046226		
40.17		-0.04622		
40.21		-0.046214		
40.25		-0.046207		
40.29		-0.046201		
40.33		-0.046194		
40.37		-0.046188		
40.41		-0.046181		
40.45		-0.046174		
40.49		-0.046167		
40.53		-0.04616		
40.57		-0.046152		
40.61		-0.046145		
40.65		-0.046137		
40.69		-0.046129		
40.73		-0.046122		
40.77		-0.046114		
40.81		-0.046105		
40.85		-0.046097		
40.89		-0.046089		
40.93		-0.04608		
40.97		-0.046071		
41.01		-0.046063		
41.05		-0.046054		
41.09		-0.046044		
41.13		-0.046035		
41.17		-0.046026		
41.21		-0.046016		
41.25		-0.046007		
41.29		-0.045997		
41.33		-0.045987		
41.37		-0.045977		
41.41		-0.045967		
41.45		-0.045957		
41.49		-0.045946		
41.53		-0.045936		
41.57		-0.045925		
41.61		-0.045914		
41.65		-0.045904		
41.69		-0.045893		
41.73		-0.045881		
41.77		-0.04587		
41.81		-0.045859		
41.85		-0.045847		
41.89		-0.045836		
41.93		-0.045824		
41.97		-0.045812		
42.01		-0.0458		
42.05		-0.045788		
42.09		-0.045776		
42.13		-0.045763		
42.17		-0.045751		
42.21		-0.045738		
42.25		-0.045725		
42.29		-0.045712		
42.33		-0.045699		
42.37		-0.045686		
42.41		-0.045673		
42.45		-0.04566		
42.49		-0.045646		
42.53		-0.045633		
42.57		-0.045619		
42.61		-0.045605		
42.65		-0.045591		
42.69		-0.045577		
42.73		-0.045563		
42.77		-0.045549		
42.81		-0.045534		
42.85		-0.04552		
42.89		-0.045505		
42.93		-0.04549		
42.97		-0.045476		
43.01		-0.045461		
43.05		-0.045445		
43.09		-0.04543		
43.13		-0.045415		
43.17		-0.0454		
43.21		-0.045384		
43.25		-0.045368		
43.29		-0.045353		
43.33		-0.045337		
43.37		-0.045321		
43.41		-0.045305		
43.45		-0.045288		
43.49		-0.045272		
43.53		-0.045256		
43.57		-0.045239		
43.61		-0.045222		
43.65		-0.045206		
43.69		-0.045189		
43.73		-0.045172		
43.77		-0.045155		
43.81		-0.045138		
43.85		-0.04512		
43.89		-0.045103		
43.93		-0.045085		
43.97		-0.045064		
44.01		-0.045042		
44.05		-0.045018		
44.09		-0.044992		
44.13		-0.044965		
44.17		-0.044935		
44.21		-0.044904		
44.25		-0.044871		
44.29		-0.044836		
44.33		-0.044799		
44.37		-0.044761		
44.41		-0.044721		
44.45		-0.044679		
44.49		-0.044636		
44.53		-0.044591		
44.57		-0.044544		
44.61		-0.044496		
44.65		-0.044446		
44.69		-0.044395		
44.73		-0.044342		
44.77		-0.044288		
44.81		-0.044232		
44.85		-0.044175		
44.89		-0.044116		
44.93		-0.044056		
44.97		-0.043995		
45.01		-0.043932		
45.05		-0.043868		
45.09		-0.043803		
45.13		-0.043736		
45.17		-0.043668		
45.21		-0.043599		
45.25		-0.043529		
45.29		-0.043458		
45.33		-0.043385		
45.37		-0.043312		
45.41		-0.043237		
45.45		-0.043162		
45.49		-0.043085		
45.53		-0.043007		
45.57		-0.042928		
45.61		-0.042849		
45.65		-0.042768		
45.69		-0.042686		
45.73		-0.042604		
45.77		-0.042521		
45.81		-0.042436		
45.85		-0.042351		
45.89		-0.042265		
45.93		-0.042178		
45.97		-0.042091		
46.01		-0.042003		
46.05		-0.041913		
46.09		-0.041824		
46.13		-0.041733		
46.17		-0.041642		
46.21		-0.04155		
46.25		-0.041457		
46.29		-0.041364		
46.33		-0.04127		
46.37		-0.041175		
46.41		-0.04108		
46.45		-0.040984		
46.49		-0.040888		
46.53		-0.040791		
46.57		-0.040693		
46.61		-0.040595		
46.65		-0.040496		
46.69		-0.040397		
46.73		-0.040297		
46.77		-0.040197		
46.81		-0.040096		
46.85		-0.039995		
46.89		-0.039893		
46.93		-0.039791		
46.97		-0.039688		
47.01		-0.039585		
47.05		-0.039482		
47.09		-0.039378		
47.13		-0.039274		
47.17		-0.039169		
47.21		-0.039064		
47.25		-0.038958		
47.29		-0.038852		
47.33		-0.038746		
47.37		-0.038639		
47.41		-0.038532		
47.45		-0.038425		
47.49		-0.038317		
47.53		-0.038209		
47.57		-0.0381		
47.61		-0.037992		
47.65		-0.037883		
47.69		-0.037773		
47.73		-0.037664		
47.77		-0.037554		
47.81		-0.037443		
47.85		-0.037333		
47.89		-0.037222		
47.93		-0.037111		
47.97		-0.037		
48.01		-0.036888		
48.05		-0.036777		
48.09		-0.036665		
48.13		-0.036553		
48.17		-0.03644		
48.21		-0.036327		
48.25		-0.036215		
48.29		-0.036101		
48.33		-0.035988		
48.37		-0.035875		
48.41		-0.035761		
48.45		-0.035647		
48.49		-0.035533		
48.53		-0.035419		
48.57		-0.035305		
48.61		-0.03519		
48.65		-0.035075		
48.69		-0.03496		
48.73		-0.034845		
48.77		-0.03473		
48.81		-0.034615		
48.85		-0.0345		
48.89		-0.034384		
48.93		-0.034268		
48.97		-0.034153		
49.01		-0.034037		
49.05		-0.033921		
49.09		-0.033805		
49.13		-0.033689		
49.17		-0.033572		
49.21		-0.033456		
49.25		-0.03334		
49.29		-0.033223		
49.33		-0.033106		
49.37		-0.03299		
49.41		-0.032873		
49.45		-0.032756		
49.49		-0.032639		
49.53		-0.032523		
49.57		-0.032406		
49.61		-0.032289		
49.65		-0.032172		
49.69		-0.032055		
49.73		-0.031938		
49.77		-0.031821		
49.81		-0.031703		
49.85		-0.031586		
49.89		-0.031469		
49.93		-0.031352		
49.97		-0.031235		
