t [fm]		T [fm^-1]
0.25		2.5339
0.26		2.5086		
0.27		2.4844		
0.28		2.4614		
0.29		2.4393		
0.3		2.4182		
0.31		2.3979		
0.32		2.3785		
0.33		2.3597		
0.34		2.3417		
0.35		2.3243		
0.36		2.3076		
0.37		2.2913		
0.38		2.2757		
0.39		2.2605		
0.4		2.2458		
0.41		2.2316		
0.42		2.2178		
0.43		2.2044		
0.44		2.1914		
0.45		2.1788		
0.46		2.1665		
0.47		2.1545		
0.48		2.1429		
0.49		2.1316		
0.5		2.1205		
0.51		2.1097		
0.52		2.0992		
0.53		2.089		
0.54		2.0789		
0.55		2.0691		
0.56		2.0596		
0.57		2.0502		
0.58		2.0411		
0.59		2.0321		
0.6		2.0234		
0.61		2.0148		
0.62		2.0064		
0.63		1.9981		
0.64		1.9901		
0.65		1.9821		
0.66		1.9744		
0.67		1.9668		
0.68		1.9593		
0.69		1.9519		
0.7		1.9447		
0.71		1.9377		
0.72		1.9307		
0.73		1.9239		
0.74		1.9172		
0.75		1.9106		
0.76		1.9041		
0.77		1.8977		
0.78		1.8914		
0.79		1.8852		
0.8		1.8791		
0.81		1.8731		
0.82		1.8672		
0.83		1.8614		
0.84		1.8557		
0.85		1.8501		
0.86		1.8445		
0.87		1.839		
0.88		1.8336		
0.89		1.8283		
0.9		1.8231		
0.91		1.8179		
0.92		1.8128		
0.93		1.8078		
0.94		1.8028		
0.95		1.7979		
0.96		1.7931		
0.97		1.7883		
0.98		1.7836		
0.99		1.7789		
1		1.7743		
1.01		1.7698		
1.02		1.7653		
1.03		1.7609		
1.04		1.7565		
1.05		1.7522		
1.06		1.7479		
1.07		1.7437		
1.08		1.7395		
1.09		1.7354		
1.1		1.7313		
1.11		1.7273		
1.12		1.7233		
1.13		1.7194		
1.14		1.7155		
1.15		1.7116		
1.16		1.7078		
1.17		1.7041		
1.18		1.7003		
1.19		1.6966		
1.2		1.693		
1.21		1.6894		
1.22		1.6858		
1.23		1.6822		
1.24		1.6787		
1.25		1.6753		
1.26		1.6718		
1.27		1.6684		
1.28		1.6651		
1.29		1.6617		
1.3		1.6584		
1.31		1.6551		
1.32		1.6519		
1.33		1.6487		
1.34		1.6455		
1.35		1.6424		
1.36		1.6392		
1.37		1.6361		
1.38		1.6331		
1.39		1.63		
1.4		1.627		
1.41		1.624		
1.42		1.6211		
1.43		1.6182		
1.44		1.6153		
1.45		1.6124		
1.46		1.6095		
1.47		1.6067		
1.48		1.6039		
1.49		1.6011		
1.5		1.5983		
1.51		1.5956		
1.52		1.5929		
1.53		1.5902		
1.54		1.5875		
1.55		1.5849		
1.56		1.5823		
1.57		1.5797		
1.58		1.5771		
1.59		1.5745		
1.6		1.572		
1.61		1.5694		
1.62		1.5669		
1.63		1.5645		
1.64		1.562		
1.65		1.5596		
1.66		1.5571		
1.67		1.5547		
1.68		1.5523		
1.69		1.55		
1.7		1.5476		
1.71		1.5453		
1.72		1.5429		
1.73		1.5406		
1.74		1.5384		
1.75		1.5361		
1.76		1.5338		
1.77		1.5316		
1.78		1.5294		
1.79		1.5272		
1.8		1.525		
1.81		1.5228		
1.82		1.5206		
1.83		1.5185		
1.84		1.5164		
1.85		1.5143		
1.86		1.5122		
1.87		1.5101		
1.88		1.508		
1.89		1.5059		
1.9		1.5039		
1.91		1.5019		
1.92		1.4998		
1.93		1.4978		
1.94		1.4959		
1.95		1.4939		
1.96		1.4919		
1.97		1.49		
1.98		1.488		
1.99		1.4861		
2		1.4842		
2.01		1.4823		
2.02		1.4804		
2.03		1.4785		
2.04		1.4766		
2.05		1.4748		
2.06		1.4729		
2.07		1.4711		
2.08		1.4693		
2.09		1.4675		
2.1		1.4657		
2.11		1.4639		
2.12		1.4621		
2.13		1.4604		
2.14		1.4586		
2.15		1.4569		
2.16		1.4551		
2.17		1.4534		
2.18		1.4517		
2.19		1.45		
2.2		1.4483		
2.21		1.4466		
2.22		1.4449		
2.23		1.4433		
2.24		1.4416		
2.25		1.44		
2.26		1.4383		
2.27		1.4367		
2.28		1.4351		
2.29		1.4335		
2.3		1.4319		
2.31		1.4303		
2.32		1.4287		
2.33		1.4271		
2.34		1.4256		
2.35		1.424		
2.36		1.4225		
2.37		1.4209		
2.38		1.4194		
2.39		1.4179		
2.4		1.4163		
2.41		1.4148		
2.42		1.4133		
2.43		1.4119		
2.44		1.4104		
2.45		1.4089		
2.46		1.4074		
2.47		1.406		
2.48		1.4045		
2.49		1.4031		
2.5		1.4016		
2.51		1.4002		
2.52		1.3988		
2.53		1.3974		
2.54		1.396		
2.55		1.3946		
2.56		1.3932		
2.57		1.3918		
2.58		1.3904		
2.59		1.389		
2.6		1.3877		
2.61		1.3863		
2.62		1.385		
2.63		1.3836		
2.64		1.3823		
2.65		1.3809		
2.66		1.3796		
2.67		1.3783		
2.68		1.377		
2.69		1.3757		
2.7		1.3744		
2.71		1.3731		
2.72		1.3718		
2.73		1.3705		
2.74		1.3693		
2.75		1.368		
2.76		1.3667		
2.77		1.3655		
2.78		1.3642		
2.79		1.363		
2.8		1.3617		
2.81		1.3605		
2.82		1.3593		
2.83		1.358		
2.84		1.3568		
2.85		1.3556		
2.86		1.3544		
2.87		1.3532		
2.88		1.352		
2.89		1.3508		
2.9		1.3496		
2.91		1.3485		
2.92		1.3473		
2.93		1.3461		
2.94		1.345		
2.95		1.3438		
2.96		1.3426		
2.97		1.3415		
2.98		1.3404		
2.99		1.3392		
3		1.3381		
3.01		1.337		
3.02		1.3358		
3.03		1.3347		
3.04		1.3336		
3.05		1.3325		
3.06		1.3314		
3.07		1.3303		
3.08		1.3292		
3.09		1.3281		
3.1		1.327		
3.11		1.326		
3.12		1.3249		
3.13		1.3238		
3.14		1.3227		
3.15		1.3217		
3.16		1.3206		
3.17		1.3196		
3.18		1.3185		
3.19		1.3175		
3.2		1.3164		
3.21		1.3154		
3.22		1.3144		
3.23		1.3133		
3.24		1.3123		
3.25		1.3113		
3.26		1.3103		
3.27		1.3093		
3.28		1.3083		
3.29		1.3073		
3.3		1.3063		
3.31		1.3053		
3.32		1.3043		
3.33		1.3033		
3.34		1.3023		
3.35		1.3013		
3.36		1.3003		
3.37		1.2994		
3.38		1.2984		
3.39		1.2974		
3.4		1.2965		
3.41		1.2955		
3.42		1.2946		
3.43		1.2936		
3.44		1.2927		
3.45		1.2917		
3.46		1.2908		
3.47		1.2899		
3.48		1.2889		
3.49		1.288		
3.5		1.2871		
3.51		1.2862		
3.52		1.2852		
3.53		1.2843		
3.54		1.2834		
3.55		1.2825		
3.56		1.2816		
3.57		1.2807		
3.58		1.2798		
3.59		1.2789		
3.6		1.278		
3.61		1.2771		
3.62		1.2763		
3.63		1.2754		
3.64		1.2745		
3.65		1.2736		
3.66		1.2728		
3.67		1.2719		
3.68		1.271		
3.69		1.2702		
3.7		1.2693		
3.71		1.2684		
3.72		1.2676		
3.73		1.2667		
3.74		1.2659		
3.75		1.2651		
3.76		1.2642		
3.77		1.2634		
3.78		1.2625		
3.79		1.2617		
3.8		1.2609		
3.81		1.2601		
3.82		1.2592		
3.83		1.2584		
3.84		1.2576		
3.85		1.2568		
3.86		1.256		
3.87		1.2552		
3.88		1.2544		
3.89		1.2536		
3.9		1.2528		
3.91		1.252		
3.92		1.2512		
3.93		1.2504		
3.94		1.2496		
3.95		1.2488		
3.96		1.248		
3.97		1.2472		
3.98		1.2464		
3.99		1.2457		
4		1.2449		
4.01		1.2441		
4.02		1.2434		
4.03		1.2426		
4.04		1.2418		
4.05		1.2411		
4.06		1.2403		
4.07		1.2396		
4.08		1.2388		
4.09		1.238		
4.1		1.2373		
4.11		1.2366		
4.12		1.2358		
4.13		1.2351		
4.14		1.2343		
4.15		1.2336		
4.16		1.2329		
4.17		1.2321		
4.18		1.2314		
4.19		1.2307		
4.2		1.2299		
4.21		1.2292		
4.22		1.2285		
4.23		1.2278		
4.24		1.2271		
4.25		1.2264		
4.26		1.2256		
4.27		1.2249		
4.28		1.2242		
4.29		1.2235		
4.3		1.2228		
4.31		1.2221		
4.32		1.2214		
4.33		1.2207		
4.34		1.22		
4.35		1.2193		
4.36		1.2187		
4.37		1.218		
4.38		1.2173		
4.39		1.2166		
4.4		1.2159		
4.41		1.2152		
4.42		1.2146		
4.43		1.2139		
4.44		1.2132		
4.45		1.2125		
4.46		1.2119		
4.47		1.2112		
4.48		1.2105		
4.49		1.2099		
4.5		1.2092		
4.51		1.2086		
4.52		1.2079		
4.53		1.2073		
4.54		1.2066		
4.55		1.206		
4.56		1.2053		
4.57		1.2047		
4.58		1.204		
4.59		1.2034		
4.6		1.2027		
4.61		1.2021		
4.62		1.2014		
4.63		1.2008		
4.64		1.2002		
4.65		1.1995		
4.66		1.1989		
4.67		1.1983		
4.68		1.1977		
4.69		1.197		
4.7		1.1964		
4.71		1.1958		
4.72		1.1952		
4.73		1.1946		
4.74		1.1939		
4.75		1.1933		
4.76		1.1927		
4.77		1.1921		
4.78		1.1915		
4.79		1.1909		
4.8		1.1903		
4.81		1.1897		
4.82		1.1891		
4.83		1.1885		
4.84		1.1879		
4.85		1.1873		
4.86		1.1867		
4.87		1.1861		
4.88		1.1855		
4.89		1.1849		
4.9		1.1843		
4.91		1.1837		
4.92		1.1831		
4.93		1.1826		
4.94		1.182		
4.95		1.1814		
4.96		1.1808		
4.97		1.1802		
4.98		1.1797		
4.99		1.1791		
5		1.1785		
5.01		1.1779		
5.02		1.1774		
5.03		1.1768		
5.04		1.1762		
5.05		1.1757		
5.06		1.1751		
5.07		1.1746		
5.08		1.174		
5.09		1.1734		
5.1		1.1729		
5.11		1.1723		
5.12		1.1718		
5.13		1.1712		
5.14		1.1707		
5.15		1.1701		
5.16		1.1696		
5.17		1.169		
5.18		1.1685		
5.19		1.1679		
5.2		1.1674		
5.21		1.1668		
5.22		1.1663		
5.23		1.1658		
5.24		1.1652		
5.25		1.1647		
5.26		1.1642		
5.27		1.1636		
5.28		1.1631		
5.29		1.1626		
5.3		1.162		
5.31		1.1615		
5.32		1.161		
5.33		1.1604		
5.34		1.1599		
5.35		1.1594		
5.36		1.1589		
5.37		1.1584		
5.38		1.1578		
5.39		1.1573		
5.4		1.1568		
5.41		1.1563		
5.42		1.1558		
5.43		1.1553		
5.44		1.1548		
5.45		1.1542		
5.46		1.1537		
5.47		1.1532		
5.48		1.1527		
5.49		1.1522		
5.5		1.1517		
5.51		1.1512		
5.52		1.1507		
5.53		1.1502		
5.54		1.1497		
5.55		1.1492		
5.56		1.1487		
5.57		1.1482		
5.58		1.1477		
5.59		1.1472		
5.6		1.1468		
5.61		1.1463		
5.62		1.1458		
5.63		1.1453		
5.64		1.1448		
5.65		1.1443		
5.66		1.1438		
5.67		1.1434		
5.68		1.1429		
5.69		1.1424		
5.7		1.1419		
5.71		1.1414		
5.72		1.141		
5.73		1.1405		
5.74		1.14		
5.75		1.1395		
5.76		1.1391		
5.77		1.1386		
5.78		1.1381		
5.79		1.1377		
5.8		1.1372		
5.81		1.1367		
5.82		1.1363		
5.83		1.1358		
5.84		1.1353		
5.85		1.1349		
5.86		1.1344		
5.87		1.1339		
5.88		1.1335		
5.89		1.133		
5.9		1.1326		
5.91		1.1321		
5.92		1.1317		
5.93		1.1312		
5.94		1.1307		
5.95		1.1303		
5.96		1.1298		
5.97		1.1294		
5.98		1.1289		
5.99		1.1285		
6		1.1281		
6.01		1.1276		
6.02		1.1272		
6.03		1.1267		
6.04		1.1263		
6.05		1.1258		
6.06		1.1254		
6.07		1.125		
6.08		1.1245		
6.09		1.1241		
6.1		1.1236		
6.11		1.1232		
6.12		1.1228		
6.13		1.1223		
6.14		1.1219		
6.15		1.1215		
6.16		1.121		
6.17		1.1206		
6.18		1.1202		
6.19		1.1198		
6.2		1.1193		
6.21		1.1189		
6.22		1.1185		
6.23		1.1181		
6.24		1.1176		
6.25		1.1172		
6.26		1.1168		
6.27		1.1164		
6.28		1.116		
6.29		1.1155		
6.3		1.1151		
6.31		1.1147		
6.32		1.1143		
6.33		1.1139		
6.34		1.1135		
6.35		1.113		
6.36		1.1126		
6.37		1.1122		
6.38		1.1118		
6.39		1.1114		
6.4		1.111		
6.41		1.1106		
6.42		1.1102		
6.43		1.1098		
6.44		1.1094		
6.45		1.109		
6.46		1.1086		
6.47		1.1082		
6.48		1.1078		
6.49		1.1074		
6.5		1.107		
6.51		1.1066		
6.52		1.1062		
6.53		1.1058		
6.54		1.1054		
6.55		1.105		
6.56		1.1046		
6.57		1.1042		
6.58		1.1038		
6.59		1.1034		
6.6		1.103		
6.61		1.1026		
6.62		1.1022		
6.63		1.1018		
6.64		1.1014		
6.65		1.1011		
6.66		1.1007		
6.67		1.1003		
6.68		1.0999		
6.69		1.0995		
6.7		1.0991		
6.71		1.0987		
6.72		1.0984		
6.73		1.098		
6.74		1.0976		
6.75		1.0972		
6.76		1.0968		
6.77		1.0965		
6.78		1.0961		
6.79		1.0957		
6.8		1.0953		
6.81		1.095		
6.82		1.0946		
6.83		1.0942		
6.84		1.0938		
6.85		1.0935		
6.86		1.0931		
6.87		1.0927		
6.88		1.0924		
6.89		1.092		
6.9		1.0916		
6.91		1.0913		
6.92		1.0909		
6.93		1.0905		
6.94		1.0902		
6.95		1.0898		
6.96		1.0894		
6.97		1.0891		
6.98		1.0887		
6.99		1.0883		
7		1.088		
7.01		1.0876		
7.02		1.0873		
7.03		1.0869		
7.04		1.0865		
7.05		1.0862		
7.06		1.0858		
7.07		1.0855		
7.08		1.0851		
7.09		1.0848		
7.1		1.0844		
7.11		1.0841		
7.12		1.0837		
7.13		1.0834		
7.14		1.083		
7.15		1.0827		
7.16		1.0823		
7.17		1.082		
7.18		1.0816		
7.19		1.0813		
7.2		1.0809		
7.21		1.0806		
7.22		1.0802		
7.23		1.0799		
7.24		1.0795		
7.25		1.0792		
7.26		1.0789		
7.27		1.0785		
7.28		1.0782		
7.29		1.0778		
7.3		1.0775		
7.31		1.0771		
7.32		1.0768		
7.33		1.0765		
7.34		1.0761		
7.35		1.0758		
7.36		1.0755		
7.37		1.0751		
7.38		1.0748		
7.39		1.0745		
7.4		1.0741		
7.41		1.0738		
7.42		1.0735		
7.43		1.0731		
7.44		1.0728		
7.45		1.0725		
7.46		1.0721		
7.47		1.0718		
7.48		1.0715		
7.49		1.0711		
7.5		1.0708		
7.51		1.0705		
7.52		1.0702		
7.53		1.0698		
7.54		1.0695		
7.55		1.0692		
7.56		1.0689		
7.57		1.0685		
7.58		1.0682		
7.59		1.0679		
7.6		1.0676		
7.61		1.0672		
7.62		1.0669		
7.63		1.0666		
7.64		1.0663		
7.65		1.066		
7.66		1.0657		
7.67		1.0653		
7.68		1.065		
7.69		1.0647		
7.7		1.0644		
7.71		1.0641		
7.72		1.0638		
7.73		1.0634		
7.74		1.0631		
7.75		1.0628		
7.76		1.0625		
7.77		1.0622		
7.78		1.0619		
7.79		1.0616		
7.8		1.0613		
7.81		1.061		
7.82		1.0606		
7.83		1.0603		
7.84		1.06		
7.85		1.0597		
7.86		1.0594		
7.87		1.0591		
7.88		1.0588		
7.89		1.0585		
7.9		1.0582		
7.91		1.0579		
7.92		1.0576		
7.93		1.0573		
7.94		1.057		
7.95		1.0567		
7.96		1.0564		
7.97		1.0561		
7.98		1.0558		
7.99		1.0555		
8		1.0552		
8.01		1.0549		
8.02		1.0546		
8.03		1.0543		
8.04		1.054		
8.05		1.0537		
8.06		1.0534		
8.07		1.0531		
8.08		1.0528		
8.09		1.0525		
8.1		1.0522		
8.11		1.0519		
8.12		1.0516		
8.13		1.0513		
8.14		1.051		
8.15		1.0507		
8.16		1.0505		
8.17		1.0502		
8.18		1.0499		
8.19		1.0496		
8.2		1.0493		
8.21		1.049		
8.22		1.0487		
8.23		1.0484		
8.24		1.0481		
8.25		1.0479		
8.26		1.0476		
8.27		1.0473		
8.28		1.047		
8.29		1.0467		
8.3		1.0464		
8.31		1.0461		
8.32		1.0459		
8.33		1.0456		
8.34		1.0453		
8.35		1.045		
8.36		1.0447		
8.37		1.0445		
8.38		1.0442		
8.39		1.0439		
8.4		1.0436		
8.41		1.0433		
8.42		1.0431		
8.43		1.0428		
8.44		1.0425		
8.45		1.0422		
8.46		1.042		
8.47		1.0417		
8.48		1.0414		
8.49		1.0411		
8.5		1.0409		
8.51		1.0406		
8.52		1.0403		
8.53		1.04		
8.54		1.0398		
8.55		1.0395		
8.56		1.0392		
8.57		1.0389		
8.58		1.0387		
8.59		1.0384		
8.6		1.0381		
8.61		1.0379		
8.62		1.0376		
8.63		1.0373		
8.64		1.0371		
8.65		1.0368		
8.66		1.0365		
8.67		1.0362		
8.68		1.036		
8.69		1.0357		
8.7		1.0355		
8.71		1.0352		
8.72		1.0349		
8.73		1.0347		
8.74		1.0344		
8.75		1.0341		
8.76		1.0339		
8.77		1.0336		
8.78		1.0333		
8.79		1.0331		
8.8		1.0328		
8.81		1.0326		
8.82		1.0323		
8.83		1.032		
8.84		1.0318		
8.85		1.0315		
8.86		1.0313		
8.87		1.031		
8.88		1.0307		
8.89		1.0305		
8.9		1.0302		
8.91		1.03		
8.92		1.0297		
8.93		1.0295		
8.94		1.0292		
8.95		1.0289		
8.96		1.0287		
8.97		1.0284		
8.98		1.0282		
8.99		1.0279		
9		1.0277		
9.01		1.0274		
9.02		1.0272		
9.03		1.0269		
9.04		1.0267		
9.05		1.0264		
9.06		1.0262		
9.07		1.0259		
9.08		1.0257		
9.09		1.0254		
9.1		1.0252		
9.11		1.0249		
9.12		1.0247		
9.13		1.0244		
9.14		1.0242		
9.15		1.0239		
9.16		1.0237		
9.17		1.0234		
9.18		1.0232		
9.19		1.0229		
9.2		1.0227		
9.21		1.0224		
9.22		1.0222		
9.23		1.022		
9.24		1.0217		
9.25		1.0215		
9.26		1.0212		
9.27		1.021		
9.28		1.0207		
9.29		1.0205		
9.3		1.0203		
9.31		1.02		
9.32		1.0198		
9.33		1.0195		
9.34		1.0193		
9.35		1.0191		
9.36		1.0188		
9.37		1.0186		
9.38		1.0183		
9.39		1.0181		
9.4		1.0179		
9.41		1.0176		
9.42		1.0174		
9.43		1.0171		
9.44		1.0169		
9.45		1.0167		
9.46		1.0164		
9.47		1.0162		
9.48		1.016		
9.49		1.0157		
9.5		1.0155		
9.51		1.0153		
9.52		1.015		
9.53		1.0148		
9.54		1.0146		
9.55		1.0143		
9.56		1.0141		
9.57		1.0139		
9.58		1.0136		
9.59		1.0134		
9.6		1.0132		
9.61		1.0129		
9.62		1.0127		
9.63		1.0125		
9.64		1.0122		
9.65		1.012		
9.66		1.0118		
9.67		1.0116		
9.68		1.0113		
9.69		1.0111		
9.7		1.0109		
9.71		1.0107		
9.72		1.0104		
9.73		1.0102		
9.74		1.01		
9.75		1.0097		
9.76		1.0095		
9.77		1.0093		
9.78		1.0091		
9.79		1.0088		
9.8		1.0086		
9.81		1.0084		
9.82		1.0082		
9.83		1.0079		
9.84		1.0077		
9.85		1.0075		
9.86		1.0073		
9.87		1.0071		
9.88		1.0068		
9.89		1.0066		
9.9		1.0064		
9.91		1.0062		
9.92		1.006		
9.93		1.0057		
9.94		1.0055		
9.95		1.0053		
9.96		1.0051		
9.97		1.0049		
9.98		1.0046		
9.99		1.0044		
10		1.0042		
10.01		1.004		
10.02		1.0038		
10.03		1.0036		
10.04		1.0033		
10.05		1.0031		
10.06		1.0029		
10.07		1.0027		
10.08		1.0025		
10.09		1.0023		
10.1		1.002		
10.11		1.0018		
10.12		1.0016		
10.13		1.0014		
10.14		1.0012		
10.15		1.001		
10.16		1.0008		
10.17		1.0005		
10.18		1.0003		
10.19		1.0001		
10.2		0.99991		
10.21		0.9997		
10.22		0.99949		
10.23		0.99928		
10.24		0.99906		
10.25		0.99885		
10.26		0.99864		
10.27		0.99843		
10.28		0.99823		
10.29		0.99802		
10.3		0.99781		
10.31		0.9976		
10.32		0.99739		
10.33		0.99718		
10.34		0.99698		
10.35		0.99677		
10.36		0.99656		
10.37		0.99635		
10.38		0.99615		
10.39		0.99594		
10.4		0.99574		
10.41		0.99553		
10.42		0.99532		
10.43		0.99512		
10.44		0.99491		
10.45		0.99471		
10.46		0.99451		
10.47		0.9943		
10.48		0.9941		
10.49		0.99389		
10.5		0.99369		
10.51		0.99349		
10.52		0.99329		
10.53		0.99308		
10.54		0.99288		
10.55		0.99268		
10.56		0.99248		
10.57		0.99228		
10.58		0.99208		
10.59		0.99188		
10.6		0.99168		
10.61		0.99147		
10.62		0.99128		
10.63		0.99108		
10.64		0.99088		
10.65		0.99068		
10.66		0.99048		
10.67		0.99028		
10.68		0.99008		
10.69		0.98988		
10.7		0.98969		
10.71		0.98949		
10.72		0.98929		
10.73		0.98909		
10.74		0.9889		
10.75		0.9887		
10.76		0.98851		
10.77		0.98831		
10.78		0.98811		
10.79		0.98792		
10.8		0.98772		
10.81		0.98753		
10.82		0.98733		
10.83		0.98714		
10.84		0.98695		
10.85		0.98675		
10.86		0.98656		
10.87		0.98637		
10.88		0.98617		
10.89		0.98598		
10.9		0.98579		
10.91		0.9856		
10.92		0.9854		
10.93		0.98521		
10.94		0.98502		
10.95		0.98483		
10.96		0.98464		
10.97		0.98445		
10.98		0.98426		
10.99		0.98407		
11		0.98388		
11.01		0.98369		
11.02		0.9835		
11.03		0.98331		
11.04		0.98312		
11.05		0.98293		
11.06		0.98274		
11.07		0.98255		
11.08		0.98237		
11.09		0.98218		
11.1		0.98199		
11.11		0.9818		
11.12		0.98162		
11.13		0.98143		
11.14		0.98124		
11.15		0.98106		
11.16		0.98087		
11.17		0.98069		
11.18		0.9805		
11.19		0.98032		
11.2		0.98013		
11.21		0.97995		
11.22		0.97976		
11.23		0.97958		
11.24		0.97939		
11.25		0.97921		
11.26		0.97903		
11.27		0.97884		
11.28		0.97866		
11.29		0.97848		
11.3		0.97829		
11.31		0.97811		
11.32		0.97793		
11.33		0.97775		
11.34		0.97756		
11.35		0.97738		
11.36		0.9772		
11.37		0.97702		
11.38		0.97684		
11.39		0.97666		
11.4		0.97648		
11.41		0.9763		
11.42		0.97612		
11.43		0.97594		
11.44		0.97576		
11.45		0.97558		
11.46		0.9754		
11.47		0.97522		
11.48		0.97504		
11.49		0.97487		
11.5		0.97469		
11.51		0.97451		
11.52		0.97433		
11.53		0.97416		
11.54		0.97398		
11.55		0.9738		
11.56		0.97362		
11.57		0.97345		
11.58		0.97327		
11.59		0.9731		
11.6		0.97292		
11.61		0.97274		
11.62		0.97257		
11.63		0.97239		
11.64		0.97222		
11.65		0.97204		
11.66		0.97187		
11.67		0.97169		
11.68		0.97152		
11.69		0.97135		
11.7		0.97117		
11.71		0.971		
11.72		0.97083		
11.73		0.97065		
11.74		0.97048		
11.75		0.97031		
11.76		0.97014		
11.77		0.96996		
11.78		0.96979		
11.79		0.96962		
11.8		0.96945		
11.81		0.96928		
11.82		0.96911		
11.83		0.96894		
11.84		0.96876		
11.85		0.96859		
11.86		0.96842		
11.87		0.96825		
11.88		0.96808		
11.89		0.96791		
11.9		0.96774		
11.91		0.96758		
11.92		0.96741		
11.93		0.96724		
11.94		0.96707		
11.95		0.9669		
11.96		0.96673		
11.97		0.96656		
11.98		0.9664		
11.99		0.96623		
12		0.96606		
12.01		0.96589		
12.02		0.96573		
12.03		0.96556		
12.04		0.96539		
12.05		0.96523		
12.06		0.96506		
12.07		0.9649		
12.08		0.96473		
12.09		0.96456		
12.1		0.9644		
12.11		0.96423		
12.12		0.96407		
12.13		0.9639		
12.14		0.96374		
12.15		0.96357		
12.16		0.96341		
12.17		0.96325		
12.18		0.96308		
12.19		0.96292		
12.2		0.96276		
12.21		0.96259		
12.22		0.96243		
12.23		0.96227		
12.24		0.9621		
12.25		0.96194		
12.26		0.96178		
12.27		0.96162		
12.28		0.96146		
12.29		0.96129		
12.3		0.96113		
12.31		0.96097		
12.32		0.96081		
12.33		0.96065		
12.34		0.96049		
12.35		0.96033		
12.36		0.96017		
12.37		0.96001		
12.38		0.95985		
12.39		0.95969		
12.4		0.95953		
12.41		0.95937		
12.42		0.95921		
12.43		0.95905		
12.44		0.95889		
12.45		0.95873		
12.46		0.95857		
12.47		0.95842		
12.48		0.95826		
12.49		0.9581		
12.5		0.95794		
12.51		0.95779		
12.52		0.95763		
12.53		0.95747		
12.54		0.95731		
12.55		0.95716		
12.56		0.957		
12.57		0.95684		
12.58		0.95669		
12.59		0.95653		
12.6		0.95638		
12.61		0.95622		
12.62		0.95606		
12.63		0.95591		
12.64		0.95575		
12.65		0.9556		
12.66		0.95544		
12.67		0.95529		
12.68		0.95514		
12.69		0.95498		
12.7		0.95483		
12.71		0.95467		
12.72		0.95452		
12.73		0.95437		
12.74		0.95421		
12.75		0.95406		
12.76		0.95391		
12.77		0.95375		
12.78		0.9536		
12.79		0.95345		
12.8		0.9533		
12.81		0.95314		
12.82		0.95299		
12.83		0.95284		
12.84		0.95269		
12.85		0.95254		
12.86		0.95239		
12.87		0.95223		
12.88		0.95208		
12.89		0.95193		
12.9		0.95178		
12.91		0.95163		
12.92		0.95148		
12.93		0.95133		
12.94		0.95118		
12.95		0.95103		
12.96		0.95088		
12.97		0.95073		
12.98		0.95058		
12.99		0.95043		
13		0.95028		
13.01		0.95014		
13.02		0.94999		
13.03		0.94984		
13.04		0.94969		
13.05		0.94954		
13.06		0.94939		
13.07		0.94925		
13.08		0.9491		
13.09		0.94895		
13.1		0.9488		
13.11		0.94866		
13.12		0.94851		
13.13		0.94836		
13.14		0.94822		
13.15		0.94807		
13.16		0.94792		
13.17		0.94778		
13.18		0.94763		
13.19		0.94749		
13.2		0.94734		
13.21		0.9472		
13.22		0.94705		
13.23		0.94691		
13.24		0.94676		
13.25		0.94662		
13.26		0.94647		
13.27		0.94633		
13.28		0.94618		
13.29		0.94604		
13.3		0.94589		
13.31		0.94575		
13.32		0.94561		
13.33		0.94546		
13.34		0.94532		
13.35		0.94518		
13.36		0.94503		
13.37		0.94489		
13.38		0.94475		
13.39		0.9446		
13.4		0.94446		
13.41		0.94432		
13.42		0.94418		
13.43		0.94404		
13.44		0.94389		
13.45		0.94375		
13.46		0.94361		
13.47		0.94347		
13.48		0.94333		
13.49		0.94319		
13.5		0.94305		
13.51		0.94291		
13.52		0.94277		
13.53		0.94262		
13.54		0.94248		
13.55		0.94234		
13.56		0.9422		
13.57		0.94206		
13.58		0.94192		
13.59		0.94179		
13.6		0.94165		
13.61		0.94151		
13.62		0.94137		
13.63		0.94123		
13.64		0.94109		
13.65		0.94095		
13.66		0.94081		
13.67		0.94067		
13.68		0.94054		
13.69		0.9404		
13.7		0.94026		
13.71		0.94012		
13.72		0.93998		
13.73		0.93985		
13.74		0.93971		
13.75		0.93957		
13.76		0.93944		
13.77		0.9393		
13.78		0.93916		
13.79		0.93903		
13.8		0.93889		
13.81		0.93875		
13.82		0.93862		
13.83		0.93848		
13.84		0.93835		
13.85		0.93821		
13.86		0.93807		
13.87		0.93794		
13.88		0.9378		
13.89		0.93767		
13.9		0.93753		
13.91		0.9374		
13.92		0.93726		
13.93		0.93713		
13.94		0.93699		
13.95		0.93686		
13.96		0.93673		
13.97		0.93659		
13.98		0.93646		
13.99		0.93632		
14		0.93619		
14.01		0.93606		
14.02		0.93592		
14.03		0.93579		
14.04		0.93566		
14.05		0.93553		
14.06		0.93539		
14.07		0.93526		
14.08		0.93513		
14.09		0.935		
14.1		0.93486		
14.11		0.93473		
14.12		0.9346		
14.13		0.93447		
14.14		0.93434		
14.15		0.9342		
14.16		0.93407		
14.17		0.93394		
14.18		0.93381		
14.19		0.93368		
14.2		0.93355		
14.21		0.93342		
14.22		0.93329		
14.23		0.93316		
14.24		0.93303		
14.25		0.9329		
14.26		0.93277		
14.27		0.93264		
14.28		0.93251		
14.29		0.93238		
14.3		0.93225		
14.31		0.93212		
14.32		0.93199		
14.33		0.93186		
14.34		0.93173		
14.35		0.9316		
14.36		0.93147		
14.37		0.93135		
14.38		0.93122		
14.39		0.93109		
14.4		0.93096		
14.41		0.93083		
14.42		0.9307		
14.43		0.93058		
14.44		0.93045		
14.45		0.93032		
14.46		0.93019		
14.47		0.93007		
14.48		0.92994		
14.49		0.92981		
14.5		0.92969		
14.51		0.92956		
14.52		0.92943		
14.53		0.92931		
14.54		0.92918		
14.55		0.92905		
14.56		0.92893		
14.57		0.9288		
14.58		0.92868		
14.59		0.92855		
14.6		0.92843		
14.61		0.9283		
14.62		0.92817		
14.63		0.92805		
14.64		0.92792		
14.65		0.9278		
14.66		0.92767		
14.67		0.92755		
14.68		0.92743		
14.69		0.9273		
14.7		0.92718		
14.71		0.92705		
14.72		0.92693		
14.73		0.9268		
14.74		0.92668		
14.75		0.92656		
14.76		0.92643		
14.77		0.92631		
14.78		0.92619		
14.79		0.92606		
14.8		0.92594		
14.81		0.92582		
14.82		0.92569		
14.83		0.92557		
14.84		0.92545		
14.85		0.92533		
14.86		0.9252		
14.87		0.92508		
14.88		0.92496		
14.89		0.92484		
14.9		0.92472		
14.91		0.92459		
14.92		0.92447		
14.93		0.92435		
14.94		0.92423		
14.95		0.92411		
14.96		0.92399		
14.97		0.92387		
14.98		0.92375		
14.99		0.92362		
15		0.9235		
15.01		0.92338		
15.02		0.92326		
15.03		0.92314		
15.04		0.92302		
15.05		0.9229		
15.06		0.92278		
15.07		0.92266		
15.08		0.92254		
15.09		0.92242		
15.1		0.9223		
15.11		0.92218		
15.12		0.92207		
15.13		0.92195		
15.14		0.92183		
15.15		0.92171		
15.16		0.92159		
15.17		0.92147		
15.18		0.92135		
15.19		0.92123		
15.2		0.92112		
15.21		0.921		
15.22		0.92088		
15.23		0.92076		
15.24		0.92064		
15.25		0.92053		
15.26		0.92041		
15.27		0.92029		
15.28		0.92017		
15.29		0.92006		
15.3		0.91994		
15.31		0.91982		
15.32		0.9197		
15.33		0.91959		
15.34		0.91947		
15.35		0.91935		
15.36		0.91924		
15.37		0.91912		
15.38		0.91901		
15.39		0.91889		
15.4		0.91877		
15.41		0.91866		
15.42		0.91854		
15.43		0.91843		
15.44		0.91831		
15.45		0.91819		
15.46		0.91808		
15.47		0.91796		
15.48		0.91785		
15.49		0.91773		
15.5		0.91762		
15.51		0.9175		
15.52		0.91739		
15.53		0.91727		
15.54		0.91716		
15.55		0.91705		
15.56		0.91693		
15.57		0.91682		
15.58		0.9167		
15.59		0.91659		
15.6		0.91647		
15.61		0.91636		
15.62		0.91625		
15.63		0.91613		
15.64		0.91602		
15.65		0.91591		
15.66		0.91579		
15.67		0.91568		
15.68		0.91557		
15.69		0.91545		
15.7		0.91534		
15.71		0.91523		
15.72		0.91512		
15.73		0.915		
15.74		0.91489		
15.75		0.91478		
15.76		0.91467		
15.77		0.91456		
15.78		0.91444		
15.79		0.91433		
15.8		0.91422		
15.81		0.91411		
15.82		0.914		
15.83		0.91388		
15.84		0.91377		
15.85		0.91366		
15.86		0.91355		
15.87		0.91344		
15.88		0.91333		
15.89		0.91322		
15.9		0.91311		
15.91		0.913		
15.92		0.91289		
15.93		0.91278		
15.94		0.91267		
15.95		0.91256		
15.96		0.91245		
15.97		0.91234		
15.98		0.91223		
15.99		0.91212		
16		0.91201		
16.01		0.9119		
16.02		0.91179		
16.03		0.91168		
16.04		0.91157		
16.05		0.91146		
16.06		0.91135		
16.07		0.91124		
16.08		0.91113		
16.09		0.91102		
16.1		0.91092		
16.11		0.91081		
16.12		0.9107		
16.13		0.91059		
16.14		0.91048		
16.15		0.91037		
16.16		0.91027		
16.17		0.91016		
16.18		0.91005		
16.19		0.90994		
16.2		0.90983		
16.21		0.90973		
16.22		0.90962		
16.23		0.90951		
16.24		0.9094		
16.25		0.9093		
16.26		0.90919		
16.27		0.90908		
16.28		0.90898		
16.29		0.90887		
16.3		0.90876		
16.31		0.90866		
16.32		0.90855		
16.33		0.90844		
16.34		0.90834		
16.35		0.90823		
16.36		0.90812		
16.37		0.90802		
16.38		0.90791		
16.39		0.90781		
16.4		0.9077		
16.41		0.90759		
16.42		0.90749		
16.43		0.90738		
16.44		0.90728		
16.45		0.90717		
16.46		0.90707		
16.47		0.90696		
16.48		0.90686		
16.49		0.90675		
16.5		0.90665		
16.51		0.90654		
16.52		0.90644		
16.53		0.90633		
16.54		0.90623		
16.55		0.90613		
16.56		0.90602		
16.57		0.90592		
16.58		0.90581		
16.59		0.90571		
16.6		0.90561		
16.61		0.9055		
16.62		0.9054		
16.63		0.90529		
16.64		0.90519		
16.65		0.90509		
16.66		0.90498		
16.67		0.90488		
16.68		0.90478		
16.69		0.90467		
16.7		0.90457		
16.71		0.90447		
16.72		0.90437		
16.73		0.90426		
16.74		0.90416		
16.75		0.90406		
16.76		0.90396		
16.77		0.90385		
16.78		0.90375		
16.79		0.90365		
16.8		0.90355		
16.81		0.90345		
16.82		0.90334		
16.83		0.90324		
16.84		0.90314		
16.85		0.90304		
16.86		0.90294		
16.87		0.90284		
16.88		0.90273		
16.89		0.90263		
16.9		0.90253		
16.91		0.90243		
16.92		0.90233		
16.93		0.90223		
16.94		0.90213		
16.95		0.90203		
16.96		0.90193		
16.97		0.90183		
16.98		0.90173		
16.99		0.90163		
17		0.90152		
17.01		0.90142		
17.02		0.90132		
17.03		0.90122		
17.04		0.90112		
17.05		0.90102		
17.06		0.90093		
17.07		0.90083		
17.08		0.90073		
17.09		0.90063		
17.1		0.90053		
17.11		0.90043		
17.12		0.90033		
17.13		0.90023		
17.14		0.90013		
17.15		0.90003		
17.16		0.89993		
17.17		0.89983		
17.18		0.89974		
17.19		0.89964		
17.2		0.89954		
17.21		0.89944		
17.22		0.89934		
17.23		0.89924		
17.24		0.89914		
17.25		0.89905		
17.26		0.89895		
17.27		0.89885		
17.28		0.89875		
17.29		0.89865		
17.3		0.89856		
17.31		0.89846		
17.32		0.89836		
17.33		0.89826		
17.34		0.89817		
17.35		0.89807		
17.36		0.89797		
17.37		0.89788		
17.38		0.89778		
17.39		0.89768		
17.4		0.89758		
17.41		0.89749		
17.42		0.89739		
17.43		0.89729		
17.44		0.8972		
17.45		0.8971		
17.46		0.89701		
17.47		0.89691		
17.48		0.89681		
17.49		0.89672		
17.5		0.89662		
17.51		0.89652		
17.52		0.89643		
17.53		0.89633		
17.54		0.89624		
17.55		0.89614		
17.56		0.89605		
17.57		0.89595		
17.58		0.89586		
17.59		0.89576		
17.6		0.89566		
17.61		0.89557		
17.62		0.89547		
17.63		0.89538		
17.64		0.89528		
17.65		0.89519		
17.66		0.89509		
17.67		0.895		
17.68		0.89491		
17.69		0.89481		
17.7		0.89472		
17.71		0.89462		
17.72		0.89453		
17.73		0.89443		
17.74		0.89434		
17.75		0.89425		
17.76		0.89415		
17.77		0.89406		
17.78		0.89396		
17.79		0.89387		
17.8		0.89378		
17.81		0.89368		
17.82		0.89359		
17.83		0.8935		
17.84		0.8934		
17.85		0.89331		
17.86		0.89322		
17.87		0.89312		
17.88		0.89303		
17.89		0.89294		
17.9		0.89284		
17.91		0.89275		
17.92		0.89266		
17.93		0.89257		
17.94		0.89247		
17.95		0.89238		
17.96		0.89229		
17.97		0.8922		
17.98		0.8921		
17.99		0.89201		
18		0.89192		
18.01		0.89183		
18.02		0.89174		
18.03		0.89164		
18.04		0.89155		
18.05		0.89146		
18.06		0.89137		
18.07		0.89128		
18.08		0.89119		
18.09		0.89109		
18.1		0.891		
18.11		0.89091		
18.12		0.89082		
18.13		0.89073		
18.14		0.89064		
18.15		0.89055		
18.16		0.89046		
18.17		0.89037		
18.18		0.89027		
18.19		0.89018		
18.2		0.89009		
18.21		0.89		
18.22		0.88991		
18.23		0.88982		
18.24		0.88973		
18.25		0.88964		
18.26		0.88955		
18.27		0.88946		
18.28		0.88937		
18.29		0.88928		
18.3		0.88919		
18.31		0.8891		
18.32		0.88901		
18.33		0.88892		
18.34		0.88883		
18.35		0.88874		
18.36		0.88865		
18.37		0.88856		
18.38		0.88848		
18.39		0.88839		
18.4		0.8883		
18.41		0.88821		
18.42		0.88812		
18.43		0.88803		
18.44		0.88794		
18.45		0.88785		
18.46		0.88776		
18.47		0.88767		
18.48		0.88759		
18.49		0.8875		
18.5		0.88741		
18.51		0.88732		
18.52		0.88723		
18.53		0.88714		
18.54		0.88706		
18.55		0.88697		
18.56		0.88688		
18.57		0.88679		
18.58		0.8867		
18.59		0.88662		
18.6		0.88653		
18.61		0.88644		
18.62		0.88635		
18.63		0.88627		
18.64		0.88618		
18.65		0.88609		
18.66		0.886		
18.67		0.88592		
18.68		0.88583		
18.69		0.88574		
18.7		0.88566		
18.71		0.88557		
18.72		0.88548		
18.73		0.88539		
18.74		0.88531		
18.75		0.88522		
18.76		0.88513		
18.77		0.88505		
18.78		0.88496		
18.79		0.88488		
18.8		0.88479		
18.81		0.8847		
18.82		0.88462		
18.83		0.88453		
18.84		0.88444		
18.85		0.88436		
18.86		0.88427		
18.87		0.88419		
18.88		0.8841		
18.89		0.88402		
18.9		0.88393		
18.91		0.88384		
18.92		0.88376		
18.93		0.88367		
18.94		0.88359		
18.95		0.8835		
18.96		0.88342		
18.97		0.88333		
18.98		0.88325		
18.99		0.88316		
19		0.88308		
19.01		0.88299		
19.02		0.88291		
19.03		0.88282		
19.04		0.88274		
19.05		0.88265		
19.06		0.88257		
19.07		0.88248		
19.08		0.8824		
19.09		0.88231		
19.1		0.88223		
19.11		0.88215		
19.12		0.88206		
19.13		0.88198		
19.14		0.88189		
19.15		0.88181		
19.16		0.88173		
19.17		0.88164		
19.18		0.88156		
19.19		0.88147		
19.2		0.88139		
19.21		0.88131		
19.22		0.88122		
19.23		0.88114		
19.24		0.88106		
19.25		0.88097		
19.26		0.88089		
19.27		0.88081		
19.28		0.88072		
19.29		0.88064		
19.3		0.88056		
19.31		0.88047		
19.32		0.88039		
19.33		0.88031		
19.34		0.88023		
19.35		0.88014		
19.36		0.88006		
19.37		0.87998		
19.38		0.8799		
19.39		0.87981		
19.4		0.87973		
19.41		0.87965		
19.42		0.87957		
19.43		0.87948		
19.44		0.8794		
19.45		0.87932		
19.46		0.87924		
19.47		0.87916		
19.48		0.87907		
19.49		0.87899		
19.5		0.87891		
19.51		0.87883		
19.52		0.87875		
19.53		0.87867		
19.54		0.87858		
19.55		0.8785		
19.56		0.87842		
19.57		0.87834		
19.58		0.87826		
19.59		0.87818		
19.6		0.8781		
19.61		0.87802		
19.62		0.87793		
19.63		0.87785		
19.64		0.87777		
19.65		0.87769		
19.66		0.87761		
19.67		0.87753		
19.68		0.87745		
19.69		0.87737		
19.7		0.87729		
19.71		0.87721		
19.72		0.87713		
19.73		0.87705		
19.74		0.87697		
19.75		0.87689		
19.76		0.87681		
19.77		0.87673		
19.78		0.87665		
19.79		0.87657		
19.8		0.87649		
19.81		0.87641		
19.82		0.87633		
19.83		0.87625		
19.84		0.87617		
19.85		0.87609		
19.86		0.87601		
19.87		0.87593		
19.88		0.87585		
19.89		0.87577		
19.9		0.87569		
19.91		0.87561		
19.92		0.87553		
19.93		0.87545		
19.94		0.87537		
19.95		0.8753		
19.96		0.87522		
19.97		0.87514		
19.98		0.87506		
19.99		0.87498		
20		0.8749		
20.01		0.87482		
20.02		0.87474		
20.03		0.87467		
20.04		0.87459		
20.05		0.87451		
20.06		0.87443		
20.07		0.87435		
20.08		0.87427		
20.09		0.8742		
20.1		0.87412		
20.11		0.87404		
20.12		0.87396		
20.13		0.87388		
20.14		0.87381		
20.15		0.87373		
20.16		0.87365		
20.17		0.87357		
20.18		0.87349		
20.19		0.87342		
20.2		0.87334		
20.21		0.87326		
20.22		0.87318		
20.23		0.87311		
20.24		0.87303		
20.25		0.87295		
20.26		0.87288		
20.27		0.8728		
20.28		0.87272		
20.29		0.87264		
20.3		0.87257		
20.31		0.87249		
20.32		0.87241		
20.33		0.87234		
20.34		0.87226		
20.35		0.87218		
20.36		0.87211		
20.37		0.87203		
20.38		0.87195		
20.39		0.87188		
20.4		0.8718		
20.41		0.87172		
20.42		0.87165		
20.43		0.87157		
20.44		0.8715		
20.45		0.87142		
20.46		0.87134		
20.47		0.87127		
20.48		0.87119		
20.49		0.87112		
20.5		0.87104		
20.51		0.87096		
20.52		0.87089		
20.53		0.87081		
20.54		0.87074		
20.55		0.87066		
20.56		0.87059		
20.57		0.87051		
20.58		0.87043		
20.59		0.87036		
20.6		0.87028		
20.61		0.87021		
20.62		0.87013		
20.63		0.87006		
20.64		0.86998		
20.65		0.86991		
20.66		0.86983		
20.67		0.86976		
20.68		0.86968		
20.69		0.86961		
20.7		0.86953		
20.71		0.86946		
20.72		0.86938		
20.73		0.86931		
20.74		0.86924		
20.75		0.86916		
20.76		0.86909		
20.77		0.86901		
20.78		0.86894		
20.79		0.86886		
20.8		0.86879		
20.81		0.86872		
20.82		0.86864		
20.83		0.86857		
20.84		0.86849		
20.85		0.86842		
20.86		0.86835		
20.87		0.86827		
20.88		0.8682		
20.89		0.86812		
20.9		0.86805		
20.91		0.86798		
20.92		0.8679		
20.93		0.86783		
20.94		0.86776		
20.95		0.86768		
20.96		0.86761		
20.97		0.86754		
20.98		0.86746		
20.99		0.86739		
21		0.86732		
21.01		0.86724		
21.02		0.86717		
21.03		0.8671		
21.04		0.86702		
21.05		0.86695		
21.06		0.86688		
21.07		0.86681		
21.08		0.86673		
21.09		0.86666		
21.1		0.86659		
21.11		0.86652		
21.12		0.86644		
21.13		0.86637		
21.14		0.8663		
21.15		0.86623		
21.16		0.86615		
21.17		0.86608		
21.18		0.86601		
21.19		0.86594		
21.2		0.86586		
21.21		0.86579		
21.22		0.86572		
21.23		0.86565		
21.24		0.86558		
21.25		0.8655		
21.26		0.86543		
21.27		0.86536		
21.28		0.86529		
21.29		0.86522		
21.3		0.86515		
21.31		0.86507		
21.32		0.865		
21.33		0.86493		
21.34		0.86486		
21.35		0.86479		
21.36		0.86472		
21.37		0.86465		
21.38		0.86457		
21.39		0.8645		
21.4		0.86443		
21.41		0.86436		
21.42		0.86429		
21.43		0.86422		
21.44		0.86415		
21.45		0.86408		
21.46		0.86401		
21.47		0.86394		
21.48		0.86387		
21.49		0.86379		
21.5		0.86372		
21.51		0.86365		
21.52		0.86358		
21.53		0.86351		
21.54		0.86344		
21.55		0.86337		
21.56		0.8633		
21.57		0.86323		
21.58		0.86316		
21.59		0.86309		
21.6		0.86302		
21.61		0.86295		
21.62		0.86288		
21.63		0.86281		
21.64		0.86274		
21.65		0.86267		
21.66		0.8626		
21.67		0.86253		
21.68		0.86246		
21.69		0.86239		
21.7		0.86232		
21.71		0.86225		
21.72		0.86218		
21.73		0.86211		
21.74		0.86204		
21.75		0.86198		
21.76		0.86191		
21.77		0.86184		
21.78		0.86177		
21.79		0.8617		
21.8		0.86163		
21.81		0.86156		
21.82		0.86149		
21.83		0.86142		
21.84		0.86135		
21.85		0.86128		
21.86		0.86122		
21.87		0.86115		
21.88		0.86108		
21.89		0.86101		
21.9		0.86094		
21.91		0.86087		
21.92		0.8608		
21.93		0.86073		
21.94		0.86067		
21.95		0.8606		
21.96		0.86053		
21.97		0.86046		
21.98		0.86039		
21.99		0.86032		
22		0.86026		
22.01		0.86019		
22.02		0.86012		
22.03		0.86005		
22.04		0.85998		
22.05		0.85992		
22.06		0.85985		
22.07		0.85978		
22.08		0.85971		
22.09		0.85964		
22.1		0.85958		
22.11		0.85951		
22.12		0.85944		
22.13		0.85937		
22.14		0.85931		
22.15		0.85924		
22.16		0.85917		
22.17		0.8591		
22.18		0.85904		
22.19		0.85897		
22.2		0.8589		
22.21		0.85883		
22.22		0.85877		
22.23		0.8587		
22.24		0.85863		
22.25		0.85857		
22.26		0.8585		
22.27		0.85843		
22.28		0.85837		
22.29		0.8583		
22.3		0.85823		
22.31		0.85816		
22.32		0.8581		
22.33		0.85803		
22.34		0.85796		
22.35		0.8579		
22.36		0.85783		
22.37		0.85777		
22.38		0.8577		
22.39		0.85763		
22.4		0.85757		
22.41		0.8575		
22.42		0.85743		
22.43		0.85737		
22.44		0.8573		
22.45		0.85723		
22.46		0.85717		
22.47		0.8571		
22.48		0.85704		
22.49		0.85697		
22.5		0.8569		
22.51		0.85684		
22.52		0.85677		
22.53		0.85671		
22.54		0.85664		
22.55		0.85658		
22.56		0.85651		
22.57		0.85644		
22.58		0.85638		
22.59		0.85631		
22.6		0.85625		
22.61		0.85618		
22.62		0.85612		
22.63		0.85605		
22.64		0.85599		
22.65		0.85592		
22.66		0.85586		
22.67		0.85579		
22.68		0.85573		
22.69		0.85566		
22.7		0.8556		
22.71		0.85553		
22.72		0.85547		
22.73		0.8554		
22.74		0.85534		
22.75		0.85527		
22.76		0.85521		
22.77		0.85514		
22.78		0.85508		
22.79		0.85501		
22.8		0.85495		
22.81		0.85488		
22.82		0.85482		
22.83		0.85475		
22.84		0.85469		
22.85		0.85463		
22.86		0.85456		
22.87		0.8545		
22.88		0.85443		
22.89		0.85437		
22.9		0.8543		
22.91		0.85424		
22.92		0.85418		
22.93		0.85411		
22.94		0.85405		
22.95		0.85398		
22.96		0.85392		
22.97		0.85386		
22.98		0.85379		
22.99		0.85373		
23		0.85367		
23.01		0.8536		
23.02		0.85354		
23.03		0.85347		
23.04		0.85341		
23.05		0.85335		
23.06		0.85328		
23.07		0.85322		
23.08		0.85316		
23.09		0.85309		
23.1		0.85303		
23.11		0.85297		
23.12		0.8529		
23.13		0.85284		
23.14		0.85278		
23.15		0.85271		
23.16		0.85265		
23.17		0.85259		
23.18		0.85252		
23.19		0.85246		
23.2		0.8524		
23.21		0.85234		
23.22		0.85227		
23.23		0.85221		
23.24		0.85215		
23.25		0.85209		
23.26		0.85202		
23.27		0.85196		
23.28		0.8519		
23.29		0.85183		
23.3		0.85177		
23.31		0.85171		
23.32		0.85165		
23.33		0.85158		
23.34		0.85152		
23.35		0.85146		
23.36		0.8514		
23.37		0.85134		
23.38		0.85127		
23.39		0.85121		
23.4		0.85115		
23.41		0.85109		
23.42		0.85103		
23.43		0.85096		
23.44		0.8509		
23.45		0.85084		
23.46		0.85078		
23.47		0.85072		
23.48		0.85065		
23.49		0.85059		
23.5		0.85053		
23.51		0.85047		
23.52		0.85041		
23.53		0.85035		
23.54		0.85028		
23.55		0.85022		
23.56		0.85016		
23.57		0.8501		
23.58		0.85004		
23.59		0.84998		
23.6		0.84992		
23.61		0.84985		
23.62		0.84979		
23.63		0.84973		
23.64		0.84967		
23.65		0.84961		
23.66		0.84955		
23.67		0.84949		
23.68		0.84943		
23.69		0.84937		
23.7		0.84931		
23.71		0.84924		
23.72		0.84918		
23.73		0.84912		
23.74		0.84906		
23.75		0.849		
23.76		0.84894		
23.77		0.84888		
23.78		0.84882		
23.79		0.84876		
23.8		0.8487		
23.81		0.84864		
23.82		0.84858		
23.83		0.84852		
23.84		0.84846		
23.85		0.8484		
23.86		0.84834		
23.87		0.84828		
23.88		0.84822		
23.89		0.84816		
23.9		0.8481		
23.91		0.84804		
23.92		0.84798		
23.93		0.84792		
23.94		0.84786		
23.95		0.8478		
23.96		0.84774		
23.97		0.84768		
23.98		0.84762		
23.99		0.84756		
24		0.8475		
24.01		0.84744		
24.02		0.84738		
24.03		0.84732		
24.04		0.84726		
24.05		0.8472		
24.06		0.84714		
24.07		0.84708		
24.08		0.84702		
24.09		0.84696		
24.1		0.8469		
24.11		0.84684		
24.12		0.84678		
24.13		0.84672		
24.14		0.84666		
24.15		0.84661		
24.16		0.84655		
24.17		0.84649		
24.18		0.84643		
24.19		0.84637		
24.2		0.84631		
24.21		0.84625		
24.22		0.84619		
24.23		0.84613		
24.24		0.84607		
24.25		0.84602		
24.26		0.84596		
24.27		0.8459		
24.28		0.84584		
24.29		0.84578		
24.3		0.84572		
24.31		0.84566		
24.32		0.84561		
24.33		0.84555		
24.34		0.84549		
24.35		0.84543		
24.36		0.84537		
24.37		0.84531		
24.38		0.84525		
24.39		0.8452		
24.4		0.84514		
24.41		0.84508		
24.42		0.84502		
24.43		0.84496		
24.44		0.84491		
24.45		0.84485		
24.46		0.84479		
24.47		0.84473		
24.48		0.84467		
24.49		0.84462		
24.5		0.84456		
24.51		0.8445		
24.52		0.84444		
24.53		0.84438		
24.54		0.84433		
24.55		0.84427		
24.56		0.84421		
24.57		0.84415		
24.58		0.8441		
24.59		0.84404		
24.6		0.84398		
24.61		0.84392		
24.62		0.84387		
24.63		0.84381		
24.64		0.84375		
24.65		0.84369		
24.66		0.84364		
24.67		0.84358		
24.68		0.84352		
24.69		0.84347		
24.7		0.84341		
24.71		0.84335		
24.72		0.84329		
24.73		0.84324		
24.74		0.84318		
24.75		0.84312		
24.76		0.84307		
24.77		0.84301		
24.78		0.84295		
24.79		0.8429		
24.8		0.84284		
24.81		0.84278		
24.82		0.84273		
24.83		0.84267		
24.84		0.84261		
24.85		0.84256		
24.86		0.8425		
24.87		0.84244		
24.88		0.84239		
24.89		0.84233		
24.9		0.84227		
24.91		0.84222		
24.92		0.84216		
24.93		0.8421		
24.94		0.84205		
24.95		0.84199		
24.96		0.84194		
24.97		0.84188		
24.98		0.84182		
24.99		0.84177		
25		0.84171		
25.01		0.84165		
25.02		0.8416		
25.03		0.84154		
25.04		0.84149		
25.05		0.84143		
25.06		0.84137		
25.07		0.84132		
25.08		0.84126		
25.09		0.84121		
25.1		0.84115		
25.11		0.8411		
25.12		0.84104		
25.13		0.84098		
25.14		0.84093		
25.15		0.84087		
25.16		0.84082		
25.17		0.84076		
25.18		0.84071		
25.19		0.84065		
25.2		0.8406		
25.21		0.84054		
25.22		0.84049		
25.23		0.84043		
25.24		0.84037		
25.25		0.84032		
25.26		0.84026		
25.27		0.84021		
25.28		0.84015		
25.29		0.8401		
25.3		0.84004		
25.31		0.83999		
25.32		0.83993		
25.33		0.83988		
25.34		0.83982		
25.35		0.83977		
25.36		0.83971		
25.37		0.83966		
25.38		0.8396		
25.39		0.83955		
25.4		0.8395		
25.41		0.83944		
25.42		0.83939		
25.43		0.83933		
25.44		0.83928		
25.45		0.83922		
25.46		0.83917		
25.47		0.83911		
25.48		0.83906		
25.49		0.839		
25.5		0.83895		
25.51		0.8389		
25.52		0.83884		
25.53		0.83879		
25.54		0.83873		
25.55		0.83868		
25.56		0.83862		
25.57		0.83857		
25.58		0.83852		
25.59		0.83846		
25.6		0.83841		
25.61		0.83835		
25.62		0.8383		
25.63		0.83825		
25.64		0.83819		
25.65		0.83814		
25.66		0.83808		
25.67		0.83803		
25.68		0.83798		
25.69		0.83792		
25.7		0.83787		
25.71		0.83781		
25.72		0.83776		
25.73		0.83771		
25.74		0.83765		
25.75		0.8376		
25.76		0.83755		
25.77		0.83749		
25.78		0.83744		
25.79		0.83739		
25.8		0.83733		
25.81		0.83728		
25.82		0.83723		
25.83		0.83717		
25.84		0.83712		
25.85		0.83707		
25.86		0.83701		
25.87		0.83696		
25.88		0.83691		
25.89		0.83685		
25.9		0.8368		
25.91		0.83675		
25.92		0.83669		
25.93		0.83664		
25.94		0.83659		
25.95		0.83654		
25.96		0.83648		
25.97		0.83643		
25.98		0.83638		
25.99		0.83632		
26		0.83627		
26.01		0.83622		
26.02		0.83617		
26.03		0.83611		
26.04		0.83606		
26.05		0.83601		
26.06		0.83596		
26.07		0.8359		
26.08		0.83585		
26.09		0.8358		
26.1		0.83575		
26.11		0.83569		
26.12		0.83564		
26.13		0.83559		
26.14		0.83554		
26.15		0.83548		
26.16		0.83543		
26.17		0.83538		
26.18		0.83533		
26.19		0.83527		
26.2		0.83522		
26.21		0.83517		
26.22		0.83512		
26.23		0.83507		
26.24		0.83501		
26.25		0.83496		
26.26		0.83491		
26.27		0.83486		
26.28		0.83481		
26.29		0.83475		
26.3		0.8347		
26.31		0.83465		
26.32		0.8346		
26.33		0.83455		
26.34		0.8345		
26.35		0.83444		
26.36		0.83439		
26.37		0.83434		
26.38		0.83429		
26.39		0.83424		
26.4		0.83419		
26.41		0.83413		
26.42		0.83408		
26.43		0.83403		
26.44		0.83398		
26.45		0.83393		
26.46		0.83388		
26.47		0.83383		
26.48		0.83377		
26.49		0.83372		
26.5		0.83367		
26.51		0.83362		
26.52		0.83357		
26.53		0.83352		
26.54		0.83347		
26.55		0.83342		
26.56		0.83337		
26.57		0.83331		
26.58		0.83326		
26.59		0.83321		
26.6		0.83316		
26.61		0.83311		
26.62		0.83306		
26.63		0.83301		
26.64		0.83296		
26.65		0.83291		
26.66		0.83286		
26.67		0.83281		
26.68		0.83276		
26.69		0.8327		
26.7		0.83265		
26.71		0.8326		
26.72		0.83255		
26.73		0.8325		
26.74		0.83245		
26.75		0.8324		
26.76		0.83235		
26.77		0.8323		
26.78		0.83225		
26.79		0.8322		
26.8		0.83215		
26.81		0.8321		
26.82		0.83205		
26.83		0.832		
26.84		0.83195		
26.85		0.8319		
26.86		0.83185		
26.87		0.8318		
26.88		0.83175		
26.89		0.8317		
26.9		0.83165		
26.91		0.8316		
26.92		0.83155		
26.93		0.8315		
26.94		0.83145		
26.95		0.8314		
26.96		0.83135		
26.97		0.8313		
26.98		0.83125		
26.99		0.8312		
27		0.83115		
27.01		0.8311		
27.02		0.83105		
27.03		0.831		
27.04		0.83095		
27.05		0.8309		
27.06		0.83085		
27.07		0.8308		
27.08		0.83075		
27.09		0.8307		
27.1		0.83065		
27.11		0.8306		
27.12		0.83055		
27.13		0.8305		
27.14		0.83045		
27.15		0.83041		
27.16		0.83036		
27.17		0.83031		
27.18		0.83026		
27.19		0.83021		
27.2		0.83016		
27.21		0.83011		
27.22		0.83006		
27.23		0.83001		
27.24		0.82996		
27.25		0.82991		
27.26		0.82986		
27.27		0.82982		
27.28		0.82977		
27.29		0.82972		
27.3		0.82967		
27.31		0.82962		
27.32		0.82957		
27.33		0.82952		
27.34		0.82947		
27.35		0.82943		
27.36		0.82938		
27.37		0.82933		
27.38		0.82928		
27.39		0.82923		
27.4		0.82918		
27.41		0.82913		
27.42		0.82908		
27.43		0.82904		
27.44		0.82899		
27.45		0.82894		
27.46		0.82889		
27.47		0.82884		
27.48		0.82879		
27.49		0.82875		
27.5		0.8287		
27.51		0.82865		
27.52		0.8286		
27.53		0.82855		
27.54		0.8285		
27.55		0.82846		
27.56		0.82841		
27.57		0.82836		
27.58		0.82831		
27.59		0.82826		
27.6		0.82822		
27.61		0.82817		
27.62		0.82812		
27.63		0.82807		
27.64		0.82802		
27.65		0.82798		
27.66		0.82793		
27.67		0.82788		
27.68		0.82783		
27.69		0.82778		
27.7		0.82774		
27.71		0.82769		
27.72		0.82764		
27.73		0.82759		
27.74		0.82754		
27.75		0.8275		
27.76		0.82745		
27.77		0.8274		
27.78		0.82735		
27.79		0.82731		
27.8		0.82726		
27.81		0.82721		
27.82		0.82716		
27.83		0.82712		
27.84		0.82707		
27.85		0.82702		
27.86		0.82697		
27.87		0.82693		
27.88		0.82688		
27.89		0.82683		
27.9		0.82679		
27.91		0.82674		
27.92		0.82669		
27.93		0.82664		
27.94		0.8266		
27.95		0.82655		
27.96		0.8265		
27.97		0.82646		
27.98		0.82641		
27.99		0.82636		
28		0.82631		
28.01		0.82627		
28.02		0.82622		
28.03		0.82617		
28.04		0.82613		
28.05		0.82608		
28.06		0.82603		
28.07		0.82599		
28.08		0.82594		
28.09		0.82589		
28.1		0.82585		
28.11		0.8258		
28.12		0.82575		
28.13		0.82571		
28.14		0.82566		
28.15		0.82561		
28.16		0.82557		
28.17		0.82552		
28.18		0.82547		
28.19		0.82543		
28.2		0.82538		
28.21		0.82533		
28.22		0.82529		
28.23		0.82524		
28.24		0.82519		
28.25		0.82515		
28.26		0.8251		
28.27		0.82506		
28.28		0.82501		
28.29		0.82496		
28.3		0.82492		
28.31		0.82487		
28.32		0.82482		
28.33		0.82478		
28.34		0.82473		
28.35		0.82469		
28.36		0.82464		
28.37		0.82459		
28.38		0.82455		
28.39		0.8245		
28.4		0.82446		
28.41		0.82441		
28.42		0.82436		
28.43		0.82432		
28.44		0.82427		
28.45		0.82423		
28.46		0.82418		
28.47		0.82414		
28.48		0.82409		
28.49		0.82404		
28.5		0.824		
28.51		0.82395		
28.52		0.82391		
28.53		0.82386		
28.54		0.82382		
28.55		0.82377		
28.56		0.82372		
28.57		0.82368		
28.58		0.82363		
28.59		0.82359		
28.6		0.82354		
28.61		0.8235		
28.62		0.82345		
28.63		0.82341		
28.64		0.82336		
28.65		0.82332		
28.66		0.82327		
28.67		0.82323		
28.68		0.82318		
28.69		0.82313		
28.7		0.82309		
28.71		0.82304		
28.72		0.823		
28.73		0.82295		
28.74		0.82291		
28.75		0.82286		
28.76		0.82282		
28.77		0.82277		
28.78		0.82273		
28.79		0.82268		
28.8		0.82264		
28.81		0.82259		
28.82		0.82255		
28.83		0.8225		
28.84		0.82246		
28.85		0.82241		
28.86		0.82237		
28.87		0.82232		
28.88		0.82228		
28.89		0.82224		
28.9		0.82219		
28.91		0.82215		
28.92		0.8221		
28.93		0.82206		
28.94		0.82201		
28.95		0.82197		
28.96		0.82192		
28.97		0.82188		
28.98		0.82183		
28.99		0.82179		
29		0.82174		
29.01		0.8217		
29.02		0.82166		
29.03		0.82161		
29.04		0.82157		
29.05		0.82152		
29.06		0.82148		
29.07		0.82143		
29.08		0.82139		
29.09		0.82135		
29.1		0.8213		
29.11		0.82126		
29.12		0.82121		
29.13		0.82117		
29.14		0.82112		
29.15		0.82108		
29.16		0.82104		
29.17		0.82099		
29.18		0.82095		
29.19		0.8209		
29.2		0.82086		
29.21		0.82082		
29.22		0.82077		
29.23		0.82073		
29.24		0.82069		
29.25		0.82064		
29.26		0.8206		
29.27		0.82055		
29.28		0.82051		
29.29		0.82047		
29.3		0.82042		
29.31		0.82038		
29.32		0.82033		
29.33		0.82029		
29.34		0.82025		
29.35		0.8202		
29.36		0.82016		
29.37		0.82012		
29.38		0.82007		
29.39		0.82003		
29.4		0.81999		
29.41		0.81994		
29.42		0.8199		
29.43		0.81986		
29.44		0.81981		
29.45		0.81977		
29.46		0.81973		
29.47		0.81968		
29.48		0.81964		
29.49		0.8196		
29.5		0.81955		
29.51		0.81951		
29.52		0.81947		
29.53		0.81942		
29.54		0.81938		
29.55		0.81934		
29.56		0.81929		
29.57		0.81925		
29.58		0.81921		
29.59		0.81916		
29.6		0.81912		
29.61		0.81908		
29.62		0.81903		
29.63		0.81899		
29.64		0.81895		
29.65		0.81891		
29.66		0.81886		
29.67		0.81882		
29.68		0.81878		
29.69		0.81873		
29.7		0.81869		
29.71		0.81865		
29.72		0.81861		
29.73		0.81856		
29.74		0.81852		
29.75		0.81848		
29.76		0.81844		
29.77		0.81839		
29.78		0.81835		
29.79		0.81831		
29.8		0.81826		
29.81		0.81822		
29.82		0.81818		
29.83		0.81814		
29.84		0.81809		
29.85		0.81805		
29.86		0.81801		
29.87		0.81797		
29.88		0.81792		
29.89		0.81788		
29.9		0.81784		
29.91		0.8178		
29.92		0.81776		
29.93		0.81771		
29.94		0.81767		
29.95		0.81763		
29.96		0.81759		
29.97		0.81754		
29.98		0.8175		
29.99		0.81746		
30		0.81742		
30.01		0.81738		
30.02		0.81733		
30.03		0.81729		
30.04		0.81725		
30.05		0.81721		
30.06		0.81717		
30.07		0.81712		
30.08		0.81708		
30.09		0.81704		
30.1		0.817		
30.11		0.81696		
30.12		0.81691		
30.13		0.81687		
30.14		0.81683		
30.15		0.81679		
30.16		0.81675		
30.17		0.8167		
30.18		0.81666		
30.19		0.81662		
30.2		0.81658		
30.21		0.81654		
30.22		0.8165		
30.23		0.81645		
30.24		0.81641		
30.25		0.81637		
30.26		0.81633		
30.27		0.81629		
30.28		0.81625		
30.29		0.81621		
30.3		0.81616		
30.31		0.81612		
30.32		0.81608		
30.33		0.81604		
30.34		0.816		
30.35		0.81596		
30.36		0.81592		
30.37		0.81587		
30.38		0.81583		
30.39		0.81579		
30.4		0.81575		
30.41		0.81571		
30.42		0.81567		
30.43		0.81563		
30.44		0.81559		
30.45		0.81554		
30.46		0.8155		
30.47		0.81546		
30.48		0.81542		
30.49		0.81538		
30.5		0.81534		
30.51		0.8153		
30.52		0.81526		
30.53		0.81522		
30.54		0.81517		
30.55		0.81513		
30.56		0.81509		
30.57		0.81505		
30.58		0.81501		
30.59		0.81497		
30.6		0.81493		
30.61		0.81489		
30.62		0.81485		
30.63		0.81481		
30.64		0.81477		
30.65		0.81473		
30.66		0.81468		
30.67		0.81464		
30.68		0.8146		
30.69		0.81456		
30.7		0.81452		
30.71		0.81448		
30.72		0.81444		
30.73		0.8144		
30.74		0.81436		
30.75		0.81432		
30.76		0.81428		
30.77		0.81424		
30.78		0.8142		
30.79		0.81416		
30.8		0.81412		
30.81		0.81408		
30.82		0.81404		
30.83		0.814		
30.84		0.81396		
30.85		0.81392		
30.86		0.81387		
30.87		0.81383		
30.88		0.81379		
30.89		0.81375		
30.9		0.81371		
30.91		0.81367		
30.92		0.81363		
30.93		0.81359		
30.94		0.81355		
30.95		0.81351		
30.96		0.81347		
30.97		0.81343		
30.98		0.81339		
30.99		0.81335		
31		0.81331		
31.01		0.81327		
31.02		0.81323		
31.03		0.81319		
31.04		0.81315		
31.05		0.81311		
31.06		0.81307		
31.07		0.81303		
31.08		0.81299		
31.09		0.81295		
31.1		0.81291		
31.11		0.81287		
31.12		0.81283		
31.13		0.81279		
31.14		0.81275		
31.15		0.81272		
31.16		0.81268		
31.17		0.81264		
31.18		0.8126		
31.19		0.81256		
31.2		0.81252		
31.21		0.81248		
31.22		0.81244		
31.23		0.8124		
31.24		0.81236		
31.25		0.81232		
31.26		0.81228		
31.27		0.81224		
31.28		0.8122		
31.29		0.81216		
31.3		0.81212		
31.31		0.81208		
31.32		0.81204		
31.33		0.812		
31.34		0.81196		
31.35		0.81193		
31.36		0.81189		
31.37		0.81185		
31.38		0.81181		
31.39		0.81177		
31.4		0.81173		
31.41		0.81169		
31.42		0.81165		
31.43		0.81161		
31.44		0.81157		
31.45		0.81153		
31.46		0.81149		
31.47		0.81146		
31.48		0.81142		
31.49		0.81138		
31.5		0.81134		
31.51		0.8113		
31.52		0.81126		
31.53		0.81122		
31.54		0.81118		
31.55		0.81114		
31.56		0.8111		
31.57		0.81107		
31.58		0.81103		
31.59		0.81099		
31.6		0.81095		
31.61		0.81091		
31.62		0.81087		
31.63		0.81083		
31.64		0.81079		
31.65		0.81076		
31.66		0.81072		
31.67		0.81068		
31.68		0.81064		
31.69		0.8106		
31.7		0.81056		
31.71		0.81052		
31.72		0.81048		
31.73		0.81045		
31.74		0.81041		
31.75		0.81037		
31.76		0.81033		
31.77		0.81029		
31.78		0.81025		
31.79		0.81021		
31.8		0.81018		
31.81		0.81014		
31.82		0.8101		
31.83		0.81006		
31.84		0.81002		
31.85		0.80998		
31.86		0.80995		
31.87		0.80991		
31.88		0.80987		
31.89		0.80983		
31.9		0.80979		
31.91		0.80975		
31.92		0.80972		
31.93		0.80968		
31.94		0.80964		
31.95		0.8096		
31.96		0.80956		
31.97		0.80953		
31.98		0.80949		
31.99		0.80945		
32		0.80941		
32.01		0.80937		
32.02		0.80934		
32.03		0.8093		
32.04		0.80926		
32.05		0.80922		
32.06		0.80918		
32.07		0.80915		
32.08		0.80911		
32.09		0.80907		
32.1		0.80903		
32.11		0.80899		
32.12		0.80896		
32.13		0.80892		
32.14		0.80888		
32.15		0.80884		
32.16		0.80881		
32.17		0.80877		
32.18		0.80873		
32.19		0.80869		
32.2		0.80865		
32.21		0.80862		
32.22		0.80858		
32.23		0.80854		
32.24		0.8085		
32.25		0.80847		
32.26		0.80843		
32.27		0.80839		
32.28		0.80835		
32.29		0.80832		
32.3		0.80828		
32.31		0.80824		
32.32		0.8082		
32.33		0.80817		
32.34		0.80813		
32.35		0.80809		
32.36		0.80805		
32.37		0.80802		
32.38		0.80798		
32.39		0.80794		
32.4		0.8079		
32.41		0.80787		
32.42		0.80783		
32.43		0.80779		
32.44		0.80776		
32.45		0.80772		
32.46		0.80768		
32.47		0.80764		
32.48		0.80761		
32.49		0.80757		
32.5		0.80753		
32.51		0.8075		
32.52		0.80746		
32.53		0.80742		
32.54		0.80738		
32.55		0.80735		
32.56		0.80731		
32.57		0.80727		
32.58		0.80724		
32.59		0.8072		
32.6		0.80716		
32.61		0.80712		
32.62		0.80709		
32.63		0.80705		
32.64		0.80701		
32.65		0.80698		
32.66		0.80694		
32.67		0.8069		
32.68		0.80687		
32.69		0.80683		
32.7		0.80679		
32.71		0.80676		
32.72		0.80672		
32.73		0.80668		
32.74		0.80665		
32.75		0.80661		
32.76		0.80657		
32.77		0.80654		
32.78		0.8065		
32.79		0.80646		
32.8		0.80643		
32.81		0.80639		
32.82		0.80635		
32.83		0.80632		
32.84		0.80628		
32.85		0.80624		
32.86		0.80621		
32.87		0.80617		
32.88		0.80613		
32.89		0.8061		
32.9		0.80606		
32.91		0.80602		
32.92		0.80599		
32.93		0.80595		
32.94		0.80592		
32.95		0.80588		
32.96		0.80584		
32.97		0.80581		
32.98		0.80577		
32.99		0.80573		
33		0.8057		
33.01		0.80566		
33.02		0.80563		
33.03		0.80559		
33.04		0.80555		
33.05		0.80552		
33.06		0.80548		
33.07		0.80544		
33.08		0.80541		
33.09		0.80537		
33.1		0.80534		
33.11		0.8053		
33.12		0.80526		
33.13		0.80523		
33.14		0.80519		
33.15		0.80516		
33.16		0.80512		
33.17		0.80508		
33.18		0.80505		
33.19		0.80501		
33.2		0.80498		
33.21		0.80494		
33.22		0.8049		
33.23		0.80487		
33.24		0.80483		
33.25		0.8048		
33.26		0.80476		
33.27		0.80472		
33.28		0.80469		
33.29		0.80465		
33.3		0.80462		
33.31		0.80458		
33.32		0.80455		
33.33		0.80451		
33.34		0.80447		
33.35		0.80444		
33.36		0.8044		
33.37		0.80437		
33.38		0.80433		
33.39		0.8043		
33.4		0.80426		
33.41		0.80423		
33.42		0.80419		
33.43		0.80415		
33.44		0.80412		
33.45		0.80408		
33.46		0.80405		
33.47		0.80401		
33.48		0.80398		
33.49		0.80394		
33.5		0.80391		
33.51		0.80387		
33.52		0.80383		
33.53		0.8038		
33.54		0.80376		
33.55		0.80373		
33.56		0.80369		
33.57		0.80366		
33.58		0.80362		
33.59		0.80359		
33.6		0.80355		
33.61		0.80352		
33.62		0.80348		
33.63		0.80345		
33.64		0.80341		
33.65		0.80338		
33.66		0.80334		
33.67		0.80331		
33.68		0.80327		
33.69		0.80324		
33.7		0.8032		
33.71		0.80317		
33.72		0.80313		
33.73		0.8031		
33.74		0.80306		
33.75		0.80303		
33.76		0.80299		
33.77		0.80296		
33.78		0.80292		
33.79		0.80289		
33.8		0.80285		
33.81		0.80282		
33.82		0.80278		
33.83		0.80275		
33.84		0.80271		
33.85		0.80268		
33.86		0.80264		
33.87		0.80261		
33.88		0.80257		
33.89		0.80254		
33.9		0.8025		
33.91		0.80247		
33.92		0.80243		
33.93		0.8024		
33.94		0.80236		
33.95		0.80233		
33.96		0.80229		
33.97		0.80226		
33.98		0.80222		
33.99		0.80219		
34		0.80215		
34.01		0.80212		
34.02		0.80209		
34.03		0.80205		
34.04		0.80202		
34.05		0.80198		
34.06		0.80195		
34.07		0.80191		
34.08		0.80188		
34.09		0.80184		
34.1		0.80181		
34.11		0.80178		
34.12		0.80174		
34.13		0.80171		
34.14		0.80167		
34.15		0.80164		
34.16		0.8016		
34.17		0.80157		
34.18		0.80153		
34.19		0.8015		
34.2		0.80147		
34.21		0.80143		
34.22		0.8014		
34.23		0.80136		
34.24		0.80133		
34.25		0.80129		
34.26		0.80126		
34.27		0.80123		
34.28		0.80119		
34.29		0.80116		
34.3		0.80112		
34.31		0.80109		
34.32		0.80106		
34.33		0.80102		
34.34		0.80099		
34.35		0.80095		
34.36		0.80092		
34.37		0.80088		
34.38		0.80085		
34.39		0.80082		
34.4		0.80078		
34.41		0.80075		
34.42		0.80071		
34.43		0.80068		
34.44		0.80065		
34.45		0.80061		
34.46		0.80058		
34.47		0.80055		
34.48		0.80051		
34.49		0.80048		
34.5		0.80044		
34.51		0.80041		
34.52		0.80038		
34.53		0.80034		
34.54		0.80031		
34.55		0.80027		
34.56		0.80024		
34.57		0.80021		
34.58		0.80017		
34.59		0.80014		
34.6		0.80011		
34.61		0.80007		
34.62		0.80004		
34.63		0.8		
34.64		0.79997		
34.65		0.79994		
34.66		0.7999		
34.67		0.79987		
34.68		0.79984		
34.69		0.7998		
34.7		0.79977		
34.71		0.79974		
34.72		0.7997		
34.73		0.79967		
34.74		0.79964		
34.75		0.7996		
34.76		0.79957		
34.77		0.79954		
34.78		0.7995		
34.79		0.79947		
34.8		0.79943		
34.81		0.7994		
34.82		0.79937		
34.83		0.79933		
34.84		0.7993		
34.85		0.79927		
34.86		0.79923		
34.87		0.7992		
34.88		0.79917		
34.89		0.79913		
34.9		0.7991		
34.91		0.79907		
34.92		0.79904		
34.93		0.799		
34.94		0.79897		
34.95		0.79894		
34.96		0.7989		
34.97		0.79887		
34.98		0.79884		
34.99		0.7988		
35		0.79877		
35.01		0.79874		
35.02		0.7987		
35.03		0.79867		
35.04		0.79864		
35.05		0.7986		
35.06		0.79857		
35.07		0.79854		
35.08		0.79851		
35.09		0.79847		
35.1		0.79844		
35.11		0.79841		
35.12		0.79837		
35.13		0.79834		
35.14		0.79831		
35.15		0.79827		
35.16		0.79824		
35.17		0.79821		
35.18		0.79818		
35.19		0.79814		
35.2		0.79811		
35.21		0.79808		
35.22		0.79804		
35.23		0.79801		
35.24		0.79798		
35.25		0.79795		
35.26		0.79791		
35.27		0.79788		
35.28		0.79785		
35.29		0.79782		
35.3		0.79778		
35.31		0.79775		
35.32		0.79772		
35.33		0.79768		
35.34		0.79765		
35.35		0.79762		
35.36		0.79759		
35.37		0.79755		
35.38		0.79752		
35.39		0.79749		
35.4		0.79746		
35.41		0.79742		
35.42		0.79739		
35.43		0.79736		
35.44		0.79733		
35.45		0.79729		
35.46		0.79726		
35.47		0.79723		
35.48		0.7972		
35.49		0.79716		
35.5		0.79713		
35.51		0.7971		
35.52		0.79707		
35.53		0.79703		
35.54		0.797		
35.55		0.79697		
35.56		0.79694		
35.57		0.79691		
35.58		0.79687		
35.59		0.79684		
35.6		0.79681		
35.61		0.79678		
35.62		0.79674		
35.63		0.79671		
35.64		0.79668		
35.65		0.79665		
35.66		0.79662		
35.67		0.79658		
35.68		0.79655		
35.69		0.79652		
35.7		0.79649		
35.71		0.79645		
35.72		0.79642		
35.73		0.79639		
35.74		0.79636		
35.75		0.79633		
35.76		0.79629		
35.77		0.79626		
35.78		0.79623		
35.79		0.7962		
35.8		0.79617		
35.81		0.79613		
35.82		0.7961		
35.83		0.79607		
35.84		0.79604		
35.85		0.79601		
35.86		0.79597		
35.87		0.79594		
35.88		0.79591		
35.89		0.79588		
35.9		0.79585		
35.91		0.79581		
35.92		0.79578		
35.93		0.79575		
35.94		0.79572		
35.95		0.79569		
35.96		0.79566		
35.97		0.79562		
35.98		0.79559		
35.99		0.79556		
36		0.79553		
36.01		0.7955		
36.02		0.79547		
36.03		0.79543		
36.04		0.7954		
36.05		0.79537		
36.06		0.79534		
36.07		0.79531		
36.08		0.79528		
36.09		0.79524		
36.1		0.79521		
36.11		0.79518		
36.12		0.79515		
36.13		0.79512		
36.14		0.79509		
36.15		0.79505		
36.16		0.79502		
36.17		0.79499		
36.18		0.79496		
36.19		0.79493		
36.2		0.7949		
36.21		0.79487		
36.22		0.79483		
36.23		0.7948		
36.24		0.79477		
36.25		0.79474		
36.26		0.79471		
36.27		0.79468		
36.28		0.79465		
36.29		0.79461		
36.3		0.79458		
36.31		0.79455		
36.32		0.79452		
36.33		0.79449		
36.34		0.79446		
36.35		0.79443		
36.36		0.79439		
36.37		0.79436		
36.38		0.79433		
36.39		0.7943		
36.4		0.79427		
36.41		0.79424		
36.42		0.79421		
36.43		0.79418		
36.44		0.79415		
36.45		0.79411		
36.46		0.79408		
36.47		0.79405		
36.48		0.79402		
36.49		0.79399		
36.5		0.79396		
36.51		0.79393		
36.52		0.7939		
36.53		0.79387		
36.54		0.79383		
36.55		0.7938		
36.56		0.79377		
36.57		0.79374		
36.58		0.79371		
36.59		0.79368		
36.6		0.79365		
36.61		0.79362		
36.62		0.79359		
36.63		0.79356		
36.64		0.79352		
36.65		0.79349		
36.66		0.79346		
36.67		0.79343		
36.68		0.7934		
36.69		0.79337		
36.7		0.79334		
36.71		0.79331		
36.72		0.79328		
36.73		0.79325		
36.74		0.79322		
36.75		0.79319		
36.76		0.79315		
36.77		0.79312		
36.78		0.79309		
36.79		0.79306		
36.8		0.79303		
36.81		0.793		
36.82		0.79297		
36.83		0.79294		
36.84		0.79291		
36.85		0.79288		
36.86		0.79285		
36.87		0.79282		
36.88		0.79279		
36.89		0.79276		
36.9		0.79273		
36.91		0.79269		
36.92		0.79266		
36.93		0.79263		
36.94		0.7926		
36.95		0.79257		
36.96		0.79254		
36.97		0.79251		
36.98		0.79248		
36.99		0.79245		
37		0.79242		
37.01		0.79239		
37.02		0.79236		
37.03		0.79233		
37.04		0.7923		
37.05		0.79227		
37.06		0.79224		
37.07		0.79221		
37.08		0.79218		
37.09		0.79215		
37.1		0.79212		
37.11		0.79209		
37.12		0.79206		
37.13		0.79203		
37.14		0.79199		
37.15		0.79196		
37.16		0.79193		
37.17		0.7919		
37.18		0.79187		
37.19		0.79184		
37.2		0.79181		
37.21		0.79178		
37.22		0.79175		
37.23		0.79172		
37.24		0.79169		
37.25		0.79166		
37.26		0.79163		
37.27		0.7916		
37.28		0.79157		
37.29		0.79154		
37.3		0.79151		
37.31		0.79148		
37.32		0.79145		
37.33		0.79142		
37.34		0.79139		
37.35		0.79136		
37.36		0.79133		
37.37		0.7913		
37.38		0.79127		
37.39		0.79124		
37.4		0.79121		
37.41		0.79118		
37.42		0.79115		
37.43		0.79112		
37.44		0.79109		
37.45		0.79106		
37.46		0.79103		
37.47		0.791		
37.48		0.79097		
37.49		0.79094		
37.5		0.79091		
37.51		0.79088		
37.52		0.79085		
37.53		0.79082		
37.54		0.79079		
37.55		0.79076		
37.56		0.79073		
37.57		0.7907		
37.58		0.79067		
37.59		0.79064		
37.6		0.79061		
37.61		0.79058		
37.62		0.79055		
37.63		0.79053		
37.64		0.7905		
37.65		0.79047		
37.66		0.79044		
37.67		0.79041		
37.68		0.79038		
37.69		0.79035		
37.7		0.79032		
37.71		0.79029		
37.72		0.79026		
37.73		0.79023		
37.74		0.7902		
37.75		0.79017		
37.76		0.79014		
37.77		0.79011		
37.78		0.79008		
37.79		0.79005		
37.8		0.79002		
37.81		0.78999		
37.82		0.78996		
37.83		0.78993		
37.84		0.7899		
37.85		0.78987		
37.86		0.78984		
37.87		0.78982		
37.88		0.78979		
37.89		0.78976		
37.9		0.78973		
37.91		0.7897		
37.92		0.78967		
37.93		0.78964		
37.94		0.78961		
37.95		0.78958		
37.96		0.78955		
37.97		0.78952		
37.98		0.78949		
37.99		0.78946		
38		0.78943		
38.01		0.7894		
38.02		0.78937		
38.03		0.78935		
38.04		0.78932		
38.05		0.78929		
38.06		0.78926		
38.07		0.78923		
38.08		0.7892		
38.09		0.78917		
38.1		0.78914		
38.11		0.78911		
38.12		0.78908		
38.13		0.78905		
38.14		0.78902		
38.15		0.789		
38.16		0.78897		
38.17		0.78894		
38.18		0.78891		
38.19		0.78888		
38.2		0.78885		
38.21		0.78882		
38.22		0.78879		
38.23		0.78876		
38.24		0.78873		
38.25		0.7887		
38.26		0.78868		
38.27		0.78865		
38.28		0.78862		
38.29		0.78859		
38.3		0.78856		
38.31		0.78853		
38.32		0.7885		
38.33		0.78847		
38.34		0.78844		
38.35		0.78841		
38.36		0.78839		
38.37		0.78836		
38.38		0.78833		
38.39		0.7883		
38.4		0.78827		
38.41		0.78824		
38.42		0.78821		
38.43		0.78818		
38.44		0.78816		
38.45		0.78813		
38.46		0.7881		
38.47		0.78807		
38.48		0.78804		
38.49		0.78801		
38.5		0.78798		
38.51		0.78795		
38.52		0.78793		
38.53		0.7879		
38.54		0.78787		
38.55		0.78784		
38.56		0.78781		
38.57		0.78778		
38.58		0.78775		
38.59		0.78772		
38.6		0.7877		
38.61		0.78767		
38.62		0.78764		
38.63		0.78761		
38.64		0.78758		
38.65		0.78755		
38.66		0.78752		
38.67		0.7875		
38.68		0.78747		
38.69		0.78744		
38.7		0.78741		
38.71		0.78738		
38.72		0.78735		
38.73		0.78732		
38.74		0.7873		
38.75		0.78727		
38.76		0.78724		
38.77		0.78721		
38.78		0.78718		
38.79		0.78715		
38.8		0.78712		
38.81		0.7871		
38.82		0.78707		
38.83		0.78704		
38.84		0.78701		
38.85		0.78698		
38.86		0.78695		
38.87		0.78693		
38.88		0.7869		
38.89		0.78687		
38.9		0.78684		
38.91		0.78681		
38.92		0.78678		
38.93		0.78676		
38.94		0.78673		
38.95		0.7867		
38.96		0.78667		
38.97		0.78664		
38.98		0.78661		
38.99		0.78659		
39		0.78656		
39.01		0.78653		
39.02		0.7865		
39.03		0.78647		
39.04		0.78645		
39.05		0.78642		
39.06		0.78639		
39.07		0.78636		
39.08		0.78633		
39.09		0.7863		
39.1		0.78628		
39.11		0.78625		
39.12		0.78622		
39.13		0.78619		
39.14		0.78616		
39.15		0.78614		
39.16		0.78611		
39.17		0.78608		
39.18		0.78605		
39.19		0.78602		
39.2		0.786		
39.21		0.78597		
39.22		0.78594		
39.23		0.78591		
39.24		0.78588		
39.25		0.78586		
39.26		0.78583		
39.27		0.7858		
39.28		0.78577		
39.29		0.78574		
39.3		0.78572		
39.31		0.78569		
39.32		0.78566		
39.33		0.78563		
39.34		0.7856		
39.35		0.78558		
39.36		0.78555		
39.37		0.78552		
39.38		0.78549		
39.39		0.78547		
39.4		0.78544		
39.41		0.78541		
39.42		0.78538		
39.43		0.78535		
39.44		0.78533		
39.45		0.7853		
39.46		0.78527		
39.47		0.78524		
39.48		0.78522		
39.49		0.78519		
39.5		0.78516		
39.51		0.78513		
39.52		0.7851		
39.53		0.78508		
39.54		0.78505		
39.55		0.78502		
39.56		0.78499		
39.57		0.78497		
39.58		0.78494		
39.59		0.78491		
39.6		0.78488		
39.61		0.78486		
39.62		0.78483		
39.63		0.7848		
39.64		0.78477		
39.65		0.78475		
39.66		0.78472		
39.67		0.78469		
39.68		0.78466		
39.69		0.78464		
39.7		0.78461		
39.71		0.78458		
39.72		0.78455		
39.73		0.78453		
39.74		0.7845		
39.75		0.78447		
39.76		0.78444		
39.77		0.78442		
39.78		0.78439		
39.79		0.78436		
39.8		0.78433		
39.81		0.78431		
39.82		0.78428		
39.83		0.78425		
39.84		0.78422		
39.85		0.7842		
39.86		0.78417		
39.87		0.78414		
39.88		0.78411		
39.89		0.78409		
39.9		0.78406		
39.91		0.78403		
39.92		0.784		
39.93		0.78398		
39.94		0.78395		
39.95		0.78392		
39.96		0.7839		
39.97		0.78387		
39.98		0.78384		
39.99		0.78381		
40		0.78379		
40.01		0.78376		
40.02		0.78373		
40.03		0.7837		
40.04		0.78368		
40.05		0.78365		
40.06		0.78362		
40.07		0.7836		
40.08		0.78357		
40.09		0.78354		
40.1		0.78351		
40.11		0.78349		
40.12		0.78346		
40.13		0.78343		
40.14		0.78341		
40.15		0.78338		
40.16		0.78335		
40.17		0.78332		
40.18		0.7833		
40.19		0.78327		
40.2		0.78324		
40.21		0.78322		
40.22		0.78319		
40.23		0.78316		
40.24		0.78314		
40.25		0.78311		
40.26		0.78308		
40.27		0.78305		
40.28		0.78303		
40.29		0.783		
40.3		0.78297		
40.31		0.78295		
40.32		0.78292		
40.33		0.78289		
40.34		0.78287		
40.35		0.78284		
40.36		0.78281		
40.37		0.78278		
40.38		0.78276		
40.39		0.78273		
40.4		0.7827		
40.41		0.78268		
40.42		0.78265		
40.43		0.78262		
40.44		0.7826		
40.45		0.78257		
40.46		0.78254		
40.47		0.78252		
40.48		0.78249		
40.49		0.78246		
40.5		0.78244		
40.51		0.78241		
40.52		0.78238		
40.53		0.78236		
40.54		0.78233		
40.55		0.7823		
40.56		0.78228		
40.57		0.78225		
40.58		0.78222		
40.59		0.7822		
40.6		0.78217		
40.61		0.78214		
40.62		0.78212		
40.63		0.78209		
40.64		0.78206		
40.65		0.78204		
40.66		0.78201		
40.67		0.78198		
40.68		0.78196		
40.69		0.78193		
40.7		0.7819		
40.71		0.78188		
40.72		0.78185		
40.73		0.78182		
40.74		0.7818		
40.75		0.78177		
40.76		0.78174		
40.77		0.78172		
40.78		0.78169		
40.79		0.78166		
40.8		0.78164		
40.81		0.78161		
40.82		0.78158		
40.83		0.78156		
40.84		0.78153		
40.85		0.7815		
40.86		0.78148		
40.87		0.78145		
40.88		0.78143		
40.89		0.7814		
40.9		0.78137		
40.91		0.78135		
40.92		0.78132		
40.93		0.78129		
40.94		0.78127		
40.95		0.78124		
40.96		0.78121		
40.97		0.78119		
40.98		0.78116		
40.99		0.78113		
41		0.78111		
41.01		0.78108		
41.02		0.78106		
41.03		0.78103		
41.04		0.781		
41.05		0.78098		
41.06		0.78095		
41.07		0.78092		
41.08		0.7809		
41.09		0.78087		
41.1		0.78085		
41.11		0.78082		
41.12		0.78079		
41.13		0.78077		
41.14		0.78074		
41.15		0.78071		
41.16		0.78069		
41.17		0.78066		
41.18		0.78064		
41.19		0.78061		
41.2		0.78058		
41.21		0.78056		
41.22		0.78053		
41.23		0.78051		
41.24		0.78048		
41.25		0.78045		
41.26		0.78043		
41.27		0.7804		
41.28		0.78037		
41.29		0.78035		
41.3		0.78032		
41.31		0.7803		
41.32		0.78027		
41.33		0.78024		
41.34		0.78022		
41.35		0.78019		
41.36		0.78017		
41.37		0.78014		
41.38		0.78011		
41.39		0.78009		
41.4		0.78006		
41.41		0.78004		
41.42		0.78001		
41.43		0.77998		
41.44		0.77996		
41.45		0.77993		
41.46		0.77991		
41.47		0.77988		
41.48		0.77985		
41.49		0.77983		
41.5		0.7798		
41.51		0.77978		
41.52		0.77975		
41.53		0.77973		
41.54		0.7797		
41.55		0.77967		
41.56		0.77965		
41.57		0.77962		
41.58		0.7796		
41.59		0.77957		
41.6		0.77954		
41.61		0.77952		
41.62		0.77949		
41.63		0.77947		
41.64		0.77944		
41.65		0.77942		
41.66		0.77939		
41.67		0.77936		
41.68		0.77934		
41.69		0.77931		
41.7		0.77929		
41.71		0.77926		
41.72		0.77924		
41.73		0.77921		
41.74		0.77918		
41.75		0.77916		
41.76		0.77913		
41.77		0.77911		
41.78		0.77908		
41.79		0.77906		
41.8		0.77903		
41.81		0.779		
41.82		0.77898		
41.83		0.77895		
41.84		0.77893		
41.85		0.7789		
41.86		0.77888		
41.87		0.77885		
41.88		0.77882		
41.89		0.7788		
41.9		0.77877		
41.91		0.77875		
41.92		0.77872		
41.93		0.7787		
41.94		0.77867		
41.95		0.77865		
41.96		0.77862		
41.97		0.77859		
41.98		0.77857		
41.99		0.77854		
42		0.77852		
42.01		0.77849		
42.02		0.77847		
42.03		0.77844		
42.04		0.77842		
42.05		0.77839		
42.06		0.77837		
42.07		0.77834		
42.08		0.77831		
42.09		0.77829		
42.1		0.77826		
42.11		0.77824		
42.12		0.77821		
42.13		0.77819		
42.14		0.77816		
42.15		0.77814		
42.16		0.77811		
42.17		0.77809		
42.18		0.77806		
42.19		0.77804		
42.2		0.77801		
42.21		0.77798		
42.22		0.77796		
42.23		0.77793		
42.24		0.77791		
42.25		0.77788		
42.26		0.77786		
42.27		0.77783		
42.28		0.77781		
42.29		0.77778		
42.3		0.77776		
42.31		0.77773		
42.32		0.77771		
42.33		0.77768		
42.34		0.77766		
42.35		0.77763		
42.36		0.77761		
42.37		0.77758		
42.38		0.77756		
42.39		0.77753		
42.4		0.7775		
42.41		0.77748		
42.42		0.77745		
42.43		0.77743		
42.44		0.7774		
42.45		0.77738		
42.46		0.77735		
42.47		0.77733		
42.48		0.7773		
42.49		0.77728		
42.5		0.77725		
42.51		0.77723		
42.52		0.7772		
42.53		0.77718		
42.54		0.77715		
42.55		0.77713		
42.56		0.7771		
42.57		0.77708		
42.58		0.77705		
42.59		0.77703		
42.6		0.777		
42.61		0.77698		
42.62		0.77695		
42.63		0.77693		
42.64		0.7769		
42.65		0.77688		
42.66		0.77685		
42.67		0.77683		
42.68		0.7768		
42.69		0.77678		
42.7		0.77675		
42.71		0.77673		
42.72		0.7767		
42.73		0.77668		
42.74		0.77665		
42.75		0.77663		
42.76		0.7766		
42.77		0.77658		
42.78		0.77655		
42.79		0.77653		
42.8		0.7765		
42.81		0.77648		
42.82		0.77645		
42.83		0.77643		
42.84		0.7764		
42.85		0.77638		
42.86		0.77636		
42.87		0.77633		
42.88		0.77631		
42.89		0.77628		
42.9		0.77626		
42.91		0.77623		
42.92		0.77621		
42.93		0.77618		
42.94		0.77616		
42.95		0.77613		
42.96		0.77611		
42.97		0.77608		
42.98		0.77606		
42.99		0.77603		
43		0.77601		
43.01		0.77598		
43.02		0.77596		
43.03		0.77593		
43.04		0.77591		
43.05		0.77588		
43.06		0.77586		
43.07		0.77584		
43.08		0.77581		
43.09		0.77579		
43.1		0.77576		
43.11		0.77574		
43.12		0.77571		
43.13		0.77569		
43.14		0.77566		
43.15		0.77564		
43.16		0.77561		
43.17		0.77559		
43.18		0.77556		
43.19		0.77554		
43.2		0.77552		
43.21		0.77549		
43.22		0.77547		
43.23		0.77544		
43.24		0.77542		
43.25		0.77539		
43.26		0.77537		
43.27		0.77534		
43.28		0.77532		
43.29		0.77529		
43.3		0.77527		
43.31		0.77525		
43.32		0.77522		
43.33		0.7752		
43.34		0.77517		
43.35		0.77515		
43.36		0.77512		
43.37		0.7751		
43.38		0.77507		
43.39		0.77505		
43.4		0.77503		
43.41		0.775		
43.42		0.77498		
43.43		0.77495		
43.44		0.77493		
43.45		0.7749		
43.46		0.77488		
43.47		0.77485		
43.48		0.77483		
43.49		0.77481		
43.5		0.77478		
43.51		0.77476		
43.52		0.77473		
43.53		0.77471		
43.54		0.77468		
43.55		0.77466		
43.56		0.77464		
43.57		0.77461		
43.58		0.77459		
43.59		0.77456		
43.6		0.77454		
43.61		0.77451		
43.62		0.77449		
43.63		0.77447		
43.64		0.77444		
43.65		0.77442		
43.66		0.77439		
43.67		0.77437		
43.68		0.77434		
43.69		0.77432		
43.7		0.7743		
43.71		0.77427		
43.72		0.77425		
43.73		0.77422		
43.74		0.7742		
43.75		0.77418		
43.76		0.77415		
43.77		0.77413		
43.78		0.7741		
43.79		0.77408		
43.8		0.77405		
43.81		0.77403		
43.82		0.77401		
43.83		0.77398		
43.84		0.77396		
43.85		0.77393		
43.86		0.77391		
43.87		0.77389		
43.88		0.77386		
43.89		0.77384		
43.9		0.77381		
43.91		0.77379		
43.92		0.77377		
43.93		0.77374		
43.94		0.77372		
43.95		0.77369		
43.96		0.77367		
43.97		0.77364		
43.98		0.77362		
43.99		0.7736		
44		0.77357		
44.01		0.77355		
44.02		0.77352		
44.03		0.7735		
44.04		0.77348		
44.05		0.77345		
44.06		0.77343		
44.07		0.7734		
44.08		0.77338		
44.09		0.77336		
44.1		0.77333		
44.11		0.77331		
44.12		0.77329		
44.13		0.77326		
44.14		0.77324		
44.15		0.77321		
44.16		0.77319		
44.17		0.77317		
44.18		0.77314		
44.19		0.77312		
44.2		0.77309		
44.21		0.77307		
44.22		0.77305		
44.23		0.77302		
44.24		0.773		
44.25		0.77297		
44.26		0.77295		
44.27		0.77293		
44.28		0.7729		
44.29		0.77288		
44.3		0.77286		
44.31		0.77283		
44.32		0.77281		
44.33		0.77278		
44.34		0.77276		
44.35		0.77274		
44.36		0.77271		
44.37		0.77269		
44.38		0.77267		
44.39		0.77264		
44.4		0.77262		
44.41		0.77259		
44.42		0.77257		
44.43		0.77255		
44.44		0.77252		
44.45		0.7725		
44.46		0.77248		
44.47		0.77245		
44.48		0.77243		
44.49		0.7724		
44.5		0.77238		
44.51		0.77236		
44.52		0.77233		
44.53		0.77231		
44.54		0.77229		
44.55		0.77226		
44.56		0.77224		
44.57		0.77222		
44.58		0.77219		
44.59		0.77217		
44.6		0.77214		
44.61		0.77212		
44.62		0.7721		
44.63		0.77207		
44.64		0.77205		
44.65		0.77203		
44.66		0.772		
44.67		0.77198		
44.68		0.77196		
44.69		0.77193		
44.7		0.77191		
44.71		0.77189		
44.72		0.77186		
44.73		0.77184		
44.74		0.77181		
44.75		0.77179		
44.76		0.77177		
44.77		0.77174		
44.78		0.77172		
44.79		0.7717		
44.8		0.77167		
44.81		0.77165		
44.82		0.77163		
44.83		0.7716		
44.84		0.77158		
44.85		0.77156		
44.86		0.77153		
44.87		0.77151		
44.88		0.77149		
44.89		0.77146		
44.9		0.77144		
44.91		0.77142		
44.92		0.77139		
44.93		0.77137		
44.94		0.77135		
44.95		0.77132		
44.96		0.7713		
44.97		0.77128		
44.98		0.77125		
44.99		0.77123		
45		0.77121		
45.01		0.77118		
45.02		0.77116		
45.03		0.77114		
45.04		0.77111		
45.05		0.77109		
45.06		0.77107		
45.07		0.77104		
45.08		0.77102		
45.09		0.771		
45.1		0.77097		
45.11		0.77095		
45.12		0.77093		
45.13		0.7709		
45.14		0.77088		
45.15		0.77086		
45.16		0.77083		
45.17		0.77081		
45.18		0.77079		
45.19		0.77076		
45.2		0.77074		
45.21		0.77072		
45.22		0.77069		
45.23		0.77067		
45.24		0.77065		
45.25		0.77062		
45.26		0.7706		
45.27		0.77058		
45.28		0.77055		
45.29		0.77053		
45.3		0.77051		
45.31		0.77048		
45.32		0.77046		
45.33		0.77044		
45.34		0.77041		
45.35		0.77039		
45.36		0.77037		
45.37		0.77035		
45.38		0.77032		
45.39		0.7703		
45.4		0.77028		
45.41		0.77025		
45.42		0.77023		
45.43		0.77021		
45.44		0.77018		
45.45		0.77016		
45.46		0.77014		
45.47		0.77011		
45.48		0.77009		
45.49		0.77007		
45.5		0.77005		
45.51		0.77002		
45.52		0.77		
45.53		0.76998		
45.54		0.76995		
45.55		0.76993		
45.56		0.76991		
45.57		0.76988		
45.58		0.76986		
45.59		0.76984		
45.6		0.76982		
45.61		0.76979		
45.62		0.76977		
45.63		0.76975		
45.64		0.76972		
45.65		0.7697		
45.66		0.76968		
45.67		0.76965		
45.68		0.76963		
45.69		0.76961		
45.7		0.76959		
45.71		0.76956		
45.72		0.76954		
45.73		0.76952		
45.74		0.76949		
45.75		0.76947		
45.76		0.76945		
45.77		0.76943		
45.78		0.7694		
45.79		0.76938		
45.8		0.76936		
45.81		0.76933		
45.82		0.76931		
45.83		0.76929		
45.84		0.76927		
45.85		0.76924		
45.86		0.76922		
45.87		0.7692		
45.88		0.76917		
45.89		0.76915		
45.9		0.76913		
45.91		0.76911		
45.92		0.76908		
45.93		0.76906		
45.94		0.76904		
45.95		0.76901		
45.96		0.76899		
45.97		0.76897		
45.98		0.76895		
45.99		0.76892		
46		0.7689		
46.01		0.76888		
46.02		0.76886		
46.03		0.76883		
46.04		0.76881		
46.05		0.76879		
46.06		0.76876		
46.07		0.76874		
46.08		0.76872		
46.09		0.7687		
46.1		0.76867		
46.11		0.76865		
46.12		0.76863		
46.13		0.76861		
46.14		0.76858		
46.15		0.76856		
46.16		0.76854		
46.17		0.76851		
46.18		0.76849		
46.19		0.76847		
46.2		0.76845		
46.21		0.76842		
46.22		0.7684		
46.23		0.76838		
46.24		0.76836		
46.25		0.76833		
46.26		0.76831		
46.27		0.76829		
46.28		0.76827		
46.29		0.76824		
46.3		0.76822		
46.31		0.7682		
46.32		0.76818		
46.33		0.76815		
46.34		0.76813		
46.35		0.76811		
46.36		0.76809		
46.37		0.76806		
46.38		0.76804		
46.39		0.76802		
46.4		0.768		
46.41		0.76797		
46.42		0.76795		
46.43		0.76793		
46.44		0.76791		
46.45		0.76788		
46.46		0.76786		
46.47		0.76784		
46.48		0.76782		
46.49		0.76779		
46.5		0.76777		
46.51		0.76775		
46.52		0.76773		
46.53		0.7677		
46.54		0.76768		
46.55		0.76766		
46.56		0.76764		
46.57		0.76761		
46.58		0.76759		
46.59		0.76757		
46.6		0.76755		
46.61		0.76752		
46.62		0.7675		
46.63		0.76748		
46.64		0.76746		
46.65		0.76743		
46.66		0.76741		
46.67		0.76739		
46.68		0.76737		
46.69		0.76734		
46.7		0.76732		
46.71		0.7673		
46.72		0.76728		
46.73		0.76726		
46.74		0.76723		
46.75		0.76721		
46.76		0.76719		
46.77		0.76717		
46.78		0.76714		
46.79		0.76712		
46.8		0.7671		
46.81		0.76708		
46.82		0.76705		
46.83		0.76703		
46.84		0.76701		
46.85		0.76699		
46.86		0.76697		
46.87		0.76694		
46.88		0.76692		
46.89		0.7669		
46.9		0.76688		
46.91		0.76685		
46.92		0.76683		
46.93		0.76681		
46.94		0.76679		
46.95		0.76677		
46.96		0.76674		
46.97		0.76672		
46.98		0.7667		
46.99		0.76668		
47		0.76665		
47.01		0.76663		
47.02		0.76661		
47.03		0.76659		
47.04		0.76657		
47.05		0.76654		
47.06		0.76652		
47.07		0.7665		
47.08		0.76648		
47.09		0.76645		
47.1		0.76643		
47.11		0.76641		
47.12		0.76639		
47.13		0.76637		
47.14		0.76634		
47.15		0.76632		
47.16		0.7663		
47.17		0.76628		
47.18		0.76626		
47.19		0.76623		
47.2		0.76621		
47.21		0.76619		
47.22		0.76617		
47.23		0.76615		
47.24		0.76612		
47.25		0.7661		
47.26		0.76608		
47.27		0.76606		
47.28		0.76604		
47.29		0.76601		
47.3		0.76599		
47.31		0.76597		
47.32		0.76595		
47.33		0.76593		
47.34		0.7659		
47.35		0.76588		
47.36		0.76586		
47.37		0.76584		
47.38		0.76582		
47.39		0.76579		
47.4		0.76577		
47.41		0.76575		
47.42		0.76573		
47.43		0.76571		
47.44		0.76568		
47.45		0.76566		
47.46		0.76564		
47.47		0.76562		
47.48		0.7656		
47.49		0.76557		
47.5		0.76555		
47.51		0.76553		
47.52		0.76551		
47.53		0.76549		
47.54		0.76546		
47.55		0.76544		
47.56		0.76542		
47.57		0.7654		
47.58		0.76538		
47.59		0.76535		
47.6		0.76533		
47.61		0.76531		
47.62		0.76529		
47.63		0.76527		
47.64		0.76525		
47.65		0.76522		
47.66		0.7652		
47.67		0.76518		
47.68		0.76516		
47.69		0.76514		
47.7		0.76511		
47.71		0.76509		
47.72		0.76507		
47.73		0.76505		
47.74		0.76503		
47.75		0.76501		
47.76		0.76498		
47.77		0.76496		
47.78		0.76494		
47.79		0.76492		
47.8		0.7649		
47.81		0.76487		
47.82		0.76485		
47.83		0.76483		
47.84		0.76481		
47.85		0.76479		
47.86		0.76477		
47.87		0.76474		
47.88		0.76472		
47.89		0.7647		
47.9		0.76468		
47.91		0.76466		
47.92		0.76464		
47.93		0.76461		
47.94		0.76459		
47.95		0.76457		
47.96		0.76455		
47.97		0.76453		
47.98		0.76451		
47.99		0.76448		
48		0.76446		
48.01		0.76444		
48.02		0.76442		
48.03		0.7644		
48.04		0.76438		
48.05		0.76435		
48.06		0.76433		
48.07		0.76431		
48.08		0.76429		
48.09		0.76427		
48.1		0.76425		
48.11		0.76422		
48.12		0.7642		
48.13		0.76418		
48.14		0.76416		
48.15		0.76414		
48.16		0.76412		
48.17		0.76409		
48.18		0.76407		
48.19		0.76405		
48.2		0.76403		
48.21		0.76401		
48.22		0.76399		
48.23		0.76397		
48.24		0.76394		
48.25		0.76392		
48.26		0.7639		
48.27		0.76388		
48.28		0.76386		
48.29		0.76384		
48.3		0.76381		
48.31		0.76379		
48.32		0.76377		
48.33		0.76375		
48.34		0.76373		
48.35		0.76371		
48.36		0.76369		
48.37		0.76366		
48.38		0.76364		
48.39		0.76362		
48.4		0.7636		
48.41		0.76358		
48.42		0.76356		
48.43		0.76354		
48.44		0.76351		
48.45		0.76349		
48.46		0.76347		
48.47		0.76345		
48.48		0.76343		
48.49		0.76341		
48.5		0.76339		
48.51		0.76336		
48.52		0.76334		
48.53		0.76332		
48.54		0.7633		
48.55		0.76328		
48.56		0.76326		
48.57		0.76324		
48.58		0.76321		
48.59		0.76319		
48.6		0.76317		
48.61		0.76315		
48.62		0.76313		
48.63		0.76311		
48.64		0.76309		
48.65		0.76306		
48.66		0.76304		
48.67		0.76302		
48.68		0.763		
48.69		0.76298		
48.7		0.76296		
48.71		0.76294		
48.72		0.76292		
48.73		0.76289		
48.74		0.76287		
48.75		0.76285		
48.76		0.76283		
48.77		0.76281		
48.78		0.76279		
48.79		0.76277		
48.8		0.76275		
48.81		0.76272		
48.82		0.7627		
48.83		0.76268		
48.84		0.76266		
48.85		0.76264		
48.86		0.76262		
48.87		0.7626		
48.88		0.76258		
48.89		0.76255		
48.9		0.76253		
48.91		0.76251		
48.92		0.76249		
48.93		0.76247		
48.94		0.76245		
48.95		0.76243		
48.96		0.76241		
48.97		0.76238		
48.98		0.76236		
48.99		0.76234		
49		0.76232		
49.01		0.7623		
49.02		0.76228		
49.03		0.76226		
49.04		0.76224		
49.05		0.76222		
49.06		0.76219		
49.07		0.76217		
49.08		0.76215		
49.09		0.76213		
49.1		0.76211		
49.11		0.76209		
49.12		0.76207		
49.13		0.76205		
49.14		0.76202		
49.15		0.762		
49.16		0.76198		
49.17		0.76196		
49.18		0.76194		
49.19		0.76192		
49.2		0.7619		
49.21		0.76188		
49.22		0.76186		
49.23		0.76184		
49.24		0.76181		
49.25		0.76179		
49.26		0.76177		
49.27		0.76175		
49.28		0.76173		
49.29		0.76171		
49.3		0.76169		
49.31		0.76167		
49.32		0.76165		
49.33		0.76162		
49.34		0.7616		
49.35		0.76158		
49.36		0.76156		
49.37		0.76154		
49.38		0.76152		
49.39		0.7615		
49.4		0.76148		
49.41		0.76146		
49.42		0.76144		
49.43		0.76141		
49.44		0.76139		
49.45		0.76137		
49.46		0.76135		
49.47		0.76133		
49.48		0.76131		
49.49		0.76129		
49.5		0.76127		
49.51		0.76125		
49.52		0.76123		
49.53		0.76121		
49.54		0.76118		
49.55		0.76116		
49.56		0.76114		
49.57		0.76112		
49.58		0.7611		
49.59		0.76108		
49.6		0.76106		
49.61		0.76104		
49.62		0.76102		
49.63		0.761		
49.64		0.76098		
49.65		0.76095		
49.66		0.76093		
49.67		0.76091		
49.68		0.76089		
49.69		0.76087		
49.7		0.76085		
49.71		0.76083		
49.72		0.76081		
49.73		0.76079		
49.74		0.76077		
49.75		0.76075		
49.76		0.76073		
49.77		0.7607		
49.78		0.76068		
49.79		0.76066		
49.8		0.76064		
49.81		0.76062		
49.82		0.7606		
49.83		0.76058		
49.84		0.76056		
49.85		0.76054		
49.86		0.76052		
49.87		0.7605		
49.88		0.76048		
49.89		0.76045		
49.9		0.76043		
49.91		0.76041		
49.92		0.76039		
49.93		0.76037		
49.94		0.76035		
49.95		0.76033		
49.96		0.76031		
49.97		0.76029		
49.98		0.76027		
49.99		0.76025		
50		0.76023		
