t [fm]		ax
0.25		10.198
0.26		9.5043		
0.27		8.2021		
0.28		7.1854		
0.29		6.3905		
0.3		5.7546		
0.31		5.2342		
0.32		4.8003		
0.33		4.4327		
0.34		4.1171		
0.35		3.8433		
0.36		3.6033		
0.37		3.3914		
0.38		3.2028		
0.39		3.0342		
0.4		2.8824		
0.41		2.7453		
0.42		2.6209		
0.43		2.5076		
0.44		2.404		
0.45		2.3092		
0.46		2.2221		
0.47		2.1419		
0.48		2.0679		
0.49		1.9995		
0.5		1.9362		
0.51		1.8776		
0.52		1.8231		
0.53		1.7725		
0.54		1.7254		
0.55		1.6816		
0.56		1.6408		
0.57		1.6027		
0.58		1.5672		
0.59		1.534		
0.6		1.503		
0.61		1.4741		
0.62		1.447		
0.63		1.4218		
0.64		1.3981		
0.65		1.376		
0.66		1.3553		
0.67		1.336		
0.68		1.3179		
0.69		1.301		
0.7		1.2852		
0.71		1.2704		
0.72		1.2565		
0.73		1.2436		
0.74		1.2315		
0.75		1.2202		
0.76		1.2096		
0.77		1.1998		
0.78		1.1905		
0.79		1.1819		
0.8		1.1739		
0.81		1.1664		
0.82		1.1594		
0.83		1.1529		
0.84		1.1468		
0.85		1.1412		
0.86		1.1359		
0.87		1.131		
0.88		1.1265		
0.89		1.1222		
0.9		1.1183		
0.91		1.1147		
0.92		1.1113		
0.93		1.1081		
0.94		1.1052		
0.95		1.1026		
0.96		1.1001		
0.97		1.0978		
0.98		1.0957		
0.99		1.0937		
1		1.0919		
1.01		1.0903		
1.02		1.0888		
1.03		1.0874		
1.04		1.0861		
1.05		1.085		
1.06		1.0839		
1.07		1.0829		
1.08		1.0821		
1.09		1.0813		
1.1		1.0806		
1.11		1.0799		
1.12		1.0793		
1.13		1.0788		
1.14		1.0784		
1.15		1.078		
1.16		1.0776		
1.17		1.0773		
1.18		1.077		
1.19		1.0768		
1.2		1.0766		
1.21		1.0764		
1.22		1.0763		
1.23		1.0762		
1.24		1.0761		
1.25		1.076		
1.26		1.076		
1.27		1.076		
1.28		1.076		
1.29		1.076		
1.3		1.076		
1.31		1.0761		
1.32		1.0761		
1.33		1.0762		
1.34		1.0763		
1.35		1.0763		
1.36		1.0764		
1.37		1.0765		
1.38		1.0766		
1.39		1.0767		
1.4		1.0768		
1.41		1.0769		
1.42		1.077		
1.43		1.0771		
1.44		1.0773		
1.45		1.0774		
1.46		1.0775		
1.47		1.0776		
1.48		1.0777		
1.49		1.0778		
1.5		1.0779		
1.51		1.078		
1.52		1.0782		
1.53		1.0783		
1.54		1.0784		
1.55		1.0785		
1.56		1.0786		
1.57		1.0787		
1.58		1.0788		
1.59		1.0789		
1.6		1.0789		
1.61		1.079		
1.62		1.0791		
1.63		1.0792		
1.64		1.0793		
1.65		1.0793		
1.66		1.0794		
1.67		1.0795		
1.68		1.0795		
1.69		1.0796		
1.7		1.0796		
1.71		1.0797		
1.72		1.0797		
1.73		1.0798		
1.74		1.0798		
1.75		1.0798		
1.76		1.0799		
1.77		1.0799		
1.78		1.0799		
1.79		1.0799		
1.8		1.0799		
1.81		1.0799		
1.82		1.08		
1.83		1.08		
1.84		1.08		
1.85		1.08		
1.86		1.08		
1.87		1.0799		
1.88		1.0799		
1.89		1.0799		
1.9		1.0799		
1.91		1.0799		
1.92		1.0798		
1.93		1.0798		
1.94		1.0798		
1.95		1.0797		
1.96		1.0797		
1.97		1.0797		
1.98		1.0796		
1.99		1.0796		
2		1.0795		
2.01		1.0795		
2.02		1.0794		
2.03		1.0793		
2.04		1.0793		
2.05		1.0792		
2.06		1.0791		
2.07		1.0791		
2.08		1.079		
2.09		1.0789		
2.1		1.0789		
2.11		1.0788		
2.12		1.0787		
2.13		1.0786		
2.14		1.0785		
2.15		1.0784		
2.16		1.0783		
2.17		1.0782		
2.18		1.0781		
2.19		1.078		
2.2		1.0779		
2.21		1.0778		
2.22		1.0777		
2.23		1.0776		
2.24		1.0775		
2.25		1.0774		
2.26		1.0773		
2.27		1.0772		
2.28		1.0771		
2.29		1.077		
2.3		1.0768		
2.31		1.0767		
2.32		1.0766		
2.33		1.0765		
2.34		1.0764		
2.35		1.0762		
2.36		1.0761		
2.37		1.076		
2.38		1.0758		
2.39		1.0757		
2.4		1.0756		
2.41		1.0754		
2.42		1.0753		
2.43		1.0752		
2.44		1.075		
2.45		1.0749		
2.46		1.0748		
2.47		1.0746		
2.48		1.0745		
2.49		1.0743		
2.5		1.0742		
2.51		1.074		
2.52		1.0739		
2.53		1.0737		
2.54		1.0736		
2.55		1.0734		
2.56		1.0733		
2.57		1.0731		
2.58		1.073		
2.59		1.0728		
2.6		1.0727		
2.61		1.0725		
2.62		1.0724		
2.63		1.0722		
2.64		1.0721		
2.65		1.0719		
2.66		1.0717		
2.67		1.0716		
2.68		1.0714		
2.69		1.0713		
2.7		1.0711		
2.71		1.0709		
2.72		1.0708		
2.73		1.0706		
2.74		1.0704		
2.75		1.0703		
2.76		1.0701		
2.77		1.0699		
2.78		1.0698		
2.79		1.0696		
2.8		1.0694		
2.81		1.0693		
2.82		1.0691		
2.83		1.0689		
2.84		1.0688		
2.85		1.0686		
2.86		1.0684		
2.87		1.0683		
2.88		1.0681		
2.89		1.0679		
2.9		1.0677		
2.91		1.0676		
2.92		1.0674		
2.93		1.0672		
2.94		1.0671		
2.95		1.0669		
2.96		1.0667		
2.97		1.0665		
2.98		1.0664		
2.99		1.0662		
3		1.066		
3.01		1.0658		
3.02		1.0657		
3.03		1.0655		
3.04		1.0653		
3.05		1.0651		
3.06		1.065		
3.07		1.0648		
3.08		1.0646		
3.09		1.0644		
3.1		1.0643		
3.11		1.0641		
3.12		1.0639		
3.13		1.0637		
3.14		1.0635		
3.15		1.0634		
3.16		1.0632		
3.17		1.063		
3.18		1.0628		
3.19		1.0627		
3.2		1.0625		
3.21		1.0623		
3.22		1.0621		
3.23		1.0619		
3.24		1.0618		
3.25		1.0616		
3.26		1.0614		
3.27		1.0612		
3.28		1.0611		
3.29		1.0609		
3.3		1.0607		
3.31		1.0605		
3.32		1.0603		
3.33		1.0602		
3.34		1.06		
3.35		1.0598		
3.36		1.0596		
3.37		1.0595		
3.38		1.0593		
3.39		1.0591		
3.4		1.0589		
3.41		1.0588		
3.42		1.0586		
3.43		1.0584		
3.44		1.0582		
3.45		1.058		
3.46		1.0579		
3.47		1.0577		
3.48		1.0575		
3.49		1.0573		
3.5		1.0572		
3.51		1.057		
3.52		1.0568		
3.53		1.0566		
3.54		1.0565		
3.55		1.0563		
3.56		1.0561		
3.57		1.0559		
3.58		1.0557		
3.59		1.0556		
3.6		1.0554		
3.61		1.0552		
3.62		1.055		
3.63		1.0549		
3.64		1.0547		
3.65		1.0545		
3.66		1.0543		
3.67		1.0542		
3.68		1.054		
3.69		1.0538		
3.7		1.0536		
3.71		1.0535		
3.72		1.0533		
3.73		1.0531		
3.74		1.053		
3.75		1.0528		
3.76		1.0526		
3.77		1.0524		
3.78		1.0523		
3.79		1.0521		
3.8		1.0519		
3.81		1.0517		
3.82		1.0516		
3.83		1.0514		
3.84		1.0512		
3.85		1.0511		
3.86		1.0509		
3.87		1.0507		
3.88		1.0505		
3.89		1.0504		
3.9		1.0502		
3.91		1.05		
3.92		1.0499		
3.93		1.0497		
3.94		1.0495		
3.95		1.0493		
3.96		1.0492		
3.97		1.049		
3.98		1.0488		
3.99		1.0487		
4		1.0485		
4.01		1.0483		
4.02		1.0482		
4.03		1.048		
4.04		1.0478		
4.05		1.0477		
4.06		1.0475		
4.07		1.0473		
4.08		1.0472		
4.09		1.047		
4.1		1.0468		
4.11		1.0467		
4.12		1.0465		
4.13		1.0463		
4.14		1.0462		
4.15		1.046		
4.16		1.0458		
4.17		1.0457		
4.18		1.0455		
4.19		1.0453		
4.2		1.0452		
4.21		1.045		
4.22		1.0448		
4.23		1.0447		
4.24		1.0445		
4.25		1.0444		
4.26		1.0442		
4.27		1.044		
4.28		1.0439		
4.29		1.0437		
4.3		1.0435		
4.31		1.0434		
4.32		1.0432		
4.33		1.0431		
4.34		1.0429		
4.35		1.0427		
4.36		1.0426		
4.37		1.0424		
4.38		1.0423		
4.39		1.0421		
4.4		1.0419		
4.41		1.0418		
4.42		1.0416		
4.43		1.0415		
4.44		1.0413		
4.45		1.0411		
4.46		1.041		
4.47		1.0408		
4.48		1.0407		
4.49		1.0405		
4.5		1.0404		
4.51		1.0402		
4.52		1.04		
4.53		1.0399		
4.54		1.0397		
4.55		1.0396		
4.56		1.0394		
4.57		1.0393		
4.58		1.0391		
4.59		1.0389		
4.6		1.0388		
4.61		1.0386		
4.62		1.0385		
4.63		1.0383		
4.64		1.0382		
4.65		1.038		
4.66		1.0379		
4.67		1.0377		
4.68		1.0376		
4.69		1.0374		
4.7		1.0372		
4.71		1.0371		
4.72		1.0369		
4.73		1.0368		
4.74		1.0366		
4.75		1.0365		
4.76		1.0363		
4.77		1.0362		
4.78		1.036		
4.79		1.0359		
4.8		1.0357		
4.81		1.0356		
4.82		1.0354		
4.83		1.0353		
4.84		1.0351		
4.85		1.035		
4.86		1.0348		
4.87		1.0347		
4.88		1.0345		
4.89		1.0344		
4.9		1.0342		
4.91		1.0341		
4.92		1.0339		
4.93		1.0338		
4.94		1.0337		
4.95		1.0335		
4.96		1.0334		
4.97		1.0332		
4.98		1.0331		
4.99		1.0329		
5		1.0328		
5.01		1.0326		
5.02		1.0325		
5.03		1.0324		
5.04		1.0322		
5.05		1.0321		
5.06		1.0319		
5.07		1.0318		
5.08		1.0316		
5.09		1.0315		
5.1		1.0313		
5.11		1.0312		
5.12		1.0311		
5.13		1.0309		
5.14		1.0308		
5.15		1.0306		
5.16		1.0305		
5.17		1.0304		
5.18		1.0302		
5.19		1.0301		
5.2		1.0299		
5.21		1.0298		
5.22		1.0296		
5.23		1.0295		
5.24		1.0294		
5.25		1.0292		
5.26		1.0291		
5.27		1.0289		
5.28		1.0288		
5.29		1.0287		
5.3		1.0285		
5.31		1.0284		
5.32		1.0283		
5.33		1.0281		
5.34		1.028		
5.35		1.0278		
5.36		1.0277		
5.37		1.0276		
5.38		1.0274		
5.39		1.0273		
5.4		1.0272		
5.41		1.027		
5.42		1.0269		
5.43		1.0267		
5.44		1.0266		
5.45		1.0265		
5.46		1.0263		
5.47		1.0262		
5.48		1.0261		
5.49		1.0259		
5.5		1.0258		
5.51		1.0257		
5.52		1.0255		
5.53		1.0254		
5.54		1.0253		
5.55		1.0251		
5.56		1.025		
5.57		1.0249		
5.58		1.0247		
5.59		1.0246		
5.6		1.0245		
5.61		1.0243		
5.62		1.0242		
5.63		1.0241		
5.64		1.0239		
5.65		1.0238		
5.66		1.0237		
5.67		1.0235		
5.68		1.0234		
5.69		1.0233		
5.7		1.0231		
5.71		1.023		
5.72		1.0229		
5.73		1.0227		
5.74		1.0226		
5.75		1.0225		
5.76		1.0224		
5.77		1.0222		
5.78		1.0221		
5.79		1.022		
5.8		1.0218		
5.81		1.0217		
5.82		1.0216		
5.83		1.0215		
5.84		1.0213		
5.85		1.0212		
5.86		1.0211		
5.87		1.0209		
5.88		1.0208		
5.89		1.0207		
5.9		1.0206		
5.91		1.0204		
5.92		1.0203		
5.93		1.0202		
5.94		1.0201		
5.95		1.0199		
5.96		1.0198		
5.97		1.0197		
5.98		1.0196		
5.99		1.0194		
6		1.0193		
6.01		1.0192		
6.02		1.0191		
6.03		1.0189		
6.04		1.0188		
6.05		1.0187		
6.06		1.0186		
6.07		1.0184		
6.08		1.0183		
6.09		1.0182		
6.1		1.0181		
6.11		1.0179		
6.12		1.0178		
6.13		1.0177		
6.14		1.0176		
6.15		1.0174		
6.16		1.0173		
6.17		1.0172		
6.18		1.0171		
6.19		1.017		
6.2		1.0168		
6.21		1.0167		
6.22		1.0166		
6.23		1.0165		
6.24		1.0164		
6.25		1.0162		
6.26		1.0161		
6.27		1.016		
6.28		1.0159		
6.29		1.0158		
6.3		1.0156		
6.31		1.0155		
6.32		1.0154		
6.33		1.0153		
6.34		1.0152		
6.35		1.015		
6.36		1.0149		
6.37		1.0148		
6.38		1.0147		
6.39		1.0146		
6.4		1.0144		
6.41		1.0143		
6.42		1.0142		
6.43		1.0141		
6.44		1.014		
6.45		1.0139		
6.46		1.0137		
6.47		1.0136		
6.48		1.0135		
6.49		1.0134		
6.5		1.0133		
6.51		1.0132		
6.52		1.013		
6.53		1.0129		
6.54		1.0128		
6.55		1.0127		
6.56		1.0126		
6.57		1.0125		
6.58		1.0123		
6.59		1.0122		
6.6		1.0121		
6.61		1.012		
6.62		1.0119		
6.63		1.0118		
6.64		1.0117		
6.65		1.0115		
6.66		1.0114		
6.67		1.0113		
6.68		1.0112		
6.69		1.0111		
6.7		1.011		
6.71		1.0109		
6.72		1.0107		
6.73		1.0106		
6.74		1.0105		
6.75		1.0104		
6.76		1.0103		
6.77		1.0102		
6.78		1.0101		
6.79		1.01		
6.8		1.0098		
6.81		1.0097		
6.82		1.0096		
6.83		1.0095		
6.84		1.0094		
6.85		1.0093		
6.86		1.0092		
6.87		1.0091		
6.88		1.009		
6.89		1.0088		
6.9		1.0087		
6.91		1.0086		
6.92		1.0085		
6.93		1.0084		
6.94		1.0083		
6.95		1.0082		
6.96		1.0081		
6.97		1.008		
6.98		1.0079		
6.99		1.0078		
7		1.0076		
7.01		1.0075		
7.02		1.0074		
7.03		1.0073		
7.04		1.0072		
7.05		1.0071		
7.06		1.007		
7.07		1.0069		
7.08		1.0068		
7.09		1.0067		
7.1		1.0066		
7.11		1.0065		
7.12		1.0063		
7.13		1.0062		
7.14		1.0061		
7.15		1.006		
7.16		1.0059		
7.17		1.0058		
7.18		1.0057		
7.19		1.0056		
7.2		1.0055		
7.21		1.0054		
7.22		1.0053		
7.23		1.0052		
7.24		1.0051		
7.25		1.005		
7.26		1.0049		
7.27		1.0048		
7.28		1.0047		
7.29		1.0045		
7.3		1.0044		
7.31		1.0043		
7.32		1.0042		
7.33		1.0041		
7.34		1.004		
7.35		1.0039		
7.36		1.0038		
7.37		1.0037		
7.38		1.0036		
7.39		1.0035		
7.4		1.0034		
7.41		1.0033		
7.42		1.0032		
7.43		1.0031		
7.44		1.003		
7.45		1.0029		
7.46		1.0028		
7.47		1.0027		
7.48		1.0026		
7.49		1.0025		
7.5		1.0024		
7.51		1.0023		
7.52		1.0022		
7.53		1.0021		
7.54		1.002		
7.55		1.0019		
7.56		1.0018		
7.57		1.0017		
7.58		1.0016		
7.59		1.0015		
7.6		1.0014		
7.61		1.0013		
7.62		1.0012		
7.63		1.0011		
7.64		1.001		
7.65		1.0009		
7.66		1.0008		
7.67		1.0007		
7.68		1.0006		
7.69		1.0005		
7.7		1.0004		
7.71		1.0003		
7.72		1.0002		
7.73		1.0001		
7.74		0.99997		
7.75		0.99987		
7.76		0.99977		
7.77		0.99967		
7.78		0.99958		
7.79		0.99948		
7.8		0.99938		
7.81		0.99928		
7.82		0.99918		
7.83		0.99909		
7.84		0.99899		
7.85		0.99889		
7.86		0.99879		
7.87		0.9987		
7.88		0.9986		
7.89		0.9985		
7.9		0.9984		
7.91		0.99831		
7.92		0.99821		
7.93		0.99811		
7.94		0.99802		
7.95		0.99792		
7.96		0.99782		
7.97		0.99773		
7.98		0.99763		
7.99		0.99754		
8		0.99744		
8.01		0.99734		
8.02		0.99725		
8.03		0.99715		
8.04		0.99706		
8.05		0.99696		
8.06		0.99687		
8.07		0.99677		
8.08		0.99668		
8.09		0.99658		
8.1		0.99649		
8.11		0.99639		
8.12		0.9963		
8.13		0.99621		
8.14		0.99611		
8.15		0.99602		
8.16		0.99592		
8.17		0.99583		
8.18		0.99574		
8.19		0.99564		
8.2		0.99555		
8.21		0.99546		
8.22		0.99536		
8.23		0.99527		
8.24		0.99518		
8.25		0.99508		
8.26		0.99499		
8.27		0.9949		
8.28		0.9948		
8.29		0.99471		
8.3		0.99462		
8.31		0.99453		
8.32		0.99443		
8.33		0.99434		
8.34		0.99425		
8.35		0.99416		
8.36		0.99407		
8.37		0.99398		
8.38		0.99388		
8.39		0.99379		
8.4		0.9937		
8.41		0.99361		
8.42		0.99352		
8.43		0.99343		
8.44		0.99334		
8.45		0.99325		
8.46		0.99316		
8.47		0.99307		
8.48		0.99297		
8.49		0.99288		
8.5		0.99279		
8.51		0.9927		
8.52		0.99261		
8.53		0.99252		
8.54		0.99243		
8.55		0.99234		
8.56		0.99225		
8.57		0.99217		
8.58		0.99208		
8.59		0.99199		
8.6		0.9919		
8.61		0.99181		
8.62		0.99172		
8.63		0.99163		
8.64		0.99154		
8.65		0.99145		
8.66		0.99136		
8.67		0.99128		
8.68		0.99119		
8.69		0.9911		
8.7		0.99101		
8.71		0.99092		
8.72		0.99083		
8.73		0.99075		
8.74		0.99066		
8.75		0.99057		
8.76		0.99048		
8.77		0.9904		
8.78		0.99031		
8.79		0.99022		
8.8		0.99013		
8.81		0.99005		
8.82		0.98996		
8.83		0.98987		
8.84		0.98979		
8.85		0.9897		
8.86		0.98961		
8.87		0.98953		
8.88		0.98944		
8.89		0.98935		
8.9		0.98927		
8.91		0.98918		
8.92		0.9891		
8.93		0.98901		
8.94		0.98892		
8.95		0.98884		
8.96		0.98875		
8.97		0.98867		
8.98		0.98858		
8.99		0.9885		
9		0.98841		
9.01		0.98833		
9.02		0.98824		
9.03		0.98816		
9.04		0.98807		
9.05		0.98799		
9.06		0.9879		
9.07		0.98782		
9.08		0.98773		
9.09		0.98765		
9.1		0.98757		
9.11		0.98748		
9.12		0.9874		
9.13		0.98731		
9.14		0.98723		
9.15		0.98715		
9.16		0.98706		
9.17		0.98698		
9.18		0.98689		
9.19		0.98681		
9.2		0.98673		
9.21		0.98664		
9.22		0.98656		
9.23		0.98648		
9.24		0.9864		
9.25		0.98631		
9.26		0.98623		
9.27		0.98615		
9.28		0.98606		
9.29		0.98598		
9.3		0.9859		
9.31		0.98582		
9.32		0.98573		
9.33		0.98565		
9.34		0.98557		
9.35		0.98549		
9.36		0.98541		
9.37		0.98533		
9.38		0.98524		
9.39		0.98516		
9.4		0.98508		
9.41		0.985		
9.42		0.98492		
9.43		0.98484		
9.44		0.98476		
9.45		0.98467		
9.46		0.98459		
9.47		0.98451		
9.48		0.98443		
9.49		0.98435		
9.5		0.98427		
9.51		0.98419		
9.52		0.98411		
9.53		0.98403		
9.54		0.98395		
9.55		0.98387		
9.56		0.98379		
9.57		0.98371		
9.58		0.98363		
9.59		0.98355		
9.6		0.98347		
9.61		0.98339		
9.62		0.98331		
9.63		0.98323		
9.64		0.98315		
9.65		0.98307		
9.66		0.98299		
9.67		0.98291		
9.68		0.98283		
9.69		0.98276		
9.7		0.98268		
9.71		0.9826		
9.72		0.98252		
9.73		0.98244		
9.74		0.98236		
9.75		0.98228		
9.76		0.98221		
9.77		0.98213		
9.78		0.98205		
9.79		0.98197		
9.8		0.98189		
9.81		0.98181		
9.82		0.98174		
9.83		0.98166		
9.84		0.98158		
9.85		0.9815		
9.86		0.98143		
9.87		0.98135		
9.88		0.98127		
9.89		0.98119		
9.9		0.98112		
9.91		0.98104		
9.92		0.98096		
9.93		0.98089		
9.94		0.98081		
9.95		0.98073		
9.96		0.98066		
9.97		0.98058		
9.98		0.9805		
9.99		0.98043		
10		0.98035		
10.01		0.98027		
10.02		0.9802		
10.03		0.98012		
10.04		0.98004		
10.05		0.97997		
10.06		0.97989		
10.07		0.97982		
10.08		0.97974		
10.09		0.97967		
10.1		0.97959		
10.11		0.97951		
10.12		0.97944		
10.13		0.97936		
10.14		0.97929		
10.15		0.97921		
10.16		0.97914		
10.17		0.97906		
10.18		0.97899		
10.19		0.97891		
10.2		0.97884		
10.21		0.97876		
10.22		0.97869		
10.23		0.97861		
10.24		0.97854		
10.25		0.97847		
10.26		0.97839		
10.27		0.97832		
10.28		0.97824		
10.29		0.97817		
10.3		0.9781		
10.31		0.97802		
10.32		0.97795		
10.33		0.97787		
10.34		0.9778		
10.35		0.97773		
10.36		0.97765		
10.37		0.97758		
10.38		0.97751		
10.39		0.97743		
10.4		0.97736		
10.41		0.97729		
10.42		0.97721		
10.43		0.97714		
10.44		0.97707		
10.45		0.97699		
10.46		0.97692		
10.47		0.97685		
10.48		0.97678		
10.49		0.9767		
10.5		0.97663		
10.51		0.97656		
10.52		0.97649		
10.53		0.97641		
10.54		0.97634		
10.55		0.97627		
10.56		0.9762		
10.57		0.97613		
10.58		0.97605		
10.59		0.97598		
10.6		0.97591		
10.61		0.97584		
10.62		0.97577		
10.63		0.9757		
10.64		0.97562		
10.65		0.97555		
10.66		0.97548		
10.67		0.97541		
10.68		0.97534		
10.69		0.97527		
10.7		0.9752		
10.71		0.97513		
10.72		0.97506		
10.73		0.97498		
10.74		0.97491		
10.75		0.97484		
10.76		0.97477		
10.77		0.9747		
10.78		0.97463		
10.79		0.97456		
10.8		0.97449		
10.81		0.97442		
10.82		0.97435		
10.83		0.97428		
10.84		0.97421		
10.85		0.97414		
10.86		0.97407		
10.87		0.974		
10.88		0.97393		
10.89		0.97386		
10.9		0.97379		
10.91		0.97372		
10.92		0.97365		
10.93		0.97358		
10.94		0.97351		
10.95		0.97345		
10.96		0.97338		
10.97		0.97331		
10.98		0.97324		
10.99		0.97317		
11		0.9731		
11.01		0.97303		
11.02		0.97296		
11.03		0.97289		
11.04		0.97283		
11.05		0.97276		
11.06		0.97269		
11.07		0.97262		
11.08		0.97255		
11.09		0.97248		
11.1		0.97242		
11.11		0.97235		
11.12		0.97228		
11.13		0.97221		
11.14		0.97214		
11.15		0.97208		
11.16		0.97201		
11.17		0.97194		
11.18		0.97187		
11.19		0.9718		
11.2		0.97174		
11.21		0.97167		
11.22		0.9716		
11.23		0.97153		
11.24		0.97147		
11.25		0.9714		
11.26		0.97133		
11.27		0.97127		
11.28		0.9712		
11.29		0.97113		
11.3		0.97107		
11.31		0.971		
11.32		0.97093		
11.33		0.97087		
11.34		0.9708		
11.35		0.97073		
11.36		0.97067		
11.37		0.9706		
11.38		0.97053		
11.39		0.97047		
11.4		0.9704		
11.41		0.97033		
11.42		0.97027		
11.43		0.9702		
11.44		0.97014		
11.45		0.97007		
11.46		0.97		
11.47		0.96994		
11.48		0.96987		
11.49		0.96981		
11.5		0.96974		
11.51		0.96968		
11.52		0.96961		
11.53		0.96955		
11.54		0.96948		
11.55		0.96942		
11.56		0.96935		
11.57		0.96929		
11.58		0.96922		
11.59		0.96916		
11.6		0.96909		
11.61		0.96903		
11.62		0.96896		
11.63		0.9689		
11.64		0.96883		
11.65		0.96877		
11.66		0.9687		
11.67		0.96864		
11.68		0.96857		
11.69		0.96851		
11.7		0.96844		
11.71		0.96838		
11.72		0.96832		
11.73		0.96825		
11.74		0.96819		
11.75		0.96812		
11.76		0.96806		
11.77		0.968		
11.78		0.96793		
11.79		0.96787		
11.8		0.96781		
11.81		0.96774		
11.82		0.96768		
11.83		0.96761		
11.84		0.96755		
11.85		0.96749		
11.86		0.96742		
11.87		0.96736		
11.88		0.9673		
11.89		0.96724		
11.9		0.96717		
11.91		0.96711		
11.92		0.96705		
11.93		0.96698		
11.94		0.96692		
11.95		0.96686		
11.96		0.9668		
11.97		0.96673		
11.98		0.96667		
11.99		0.96661		
12		0.96655		
12.01		0.96648		
12.02		0.96642		
12.03		0.96636		
12.04		0.9663		
12.05		0.96623		
12.06		0.96617		
12.07		0.96611		
12.08		0.96605		
12.09		0.96599		
12.1		0.96592		
12.11		0.96586		
12.12		0.9658		
12.13		0.96574		
12.14		0.96568		
12.15		0.96562		
12.16		0.96555		
12.17		0.96549		
12.18		0.96543		
12.19		0.96537		
12.2		0.96531		
12.21		0.96525		
12.22		0.96519		
12.23		0.96513		
12.24		0.96506		
12.25		0.965		
12.26		0.96494		
12.27		0.96488		
12.28		0.96482		
12.29		0.96476		
12.3		0.9647		
12.31		0.96464		
12.32		0.96458		
12.33		0.96452		
12.34		0.96446		
12.35		0.9644		
12.36		0.96434		
12.37		0.96428		
12.38		0.96422		
12.39		0.96416		
12.4		0.9641		
12.41		0.96404		
12.42		0.96398		
12.43		0.96392		
12.44		0.96386		
12.45		0.9638		
12.46		0.96374		
12.47		0.96368		
12.48		0.96362		
12.49		0.96356		
12.5		0.9635		
12.51		0.96344		
12.52		0.96338		
12.53		0.96332		
12.54		0.96326		
12.55		0.9632		
12.56		0.96314		
12.57		0.96308		
12.58		0.96302		
12.59		0.96296		
12.6		0.9629		
12.61		0.96285		
12.62		0.96279		
12.63		0.96273		
12.64		0.96267		
12.65		0.96261		
12.66		0.96255		
12.67		0.96249		
12.68		0.96243		
12.69		0.96238		
12.7		0.96232		
12.71		0.96226		
12.72		0.9622		
12.73		0.96214		
12.74		0.96208		
12.75		0.96203		
12.76		0.96197		
12.77		0.96191		
12.78		0.96185		
12.79		0.96179		
12.8		0.96174		
12.81		0.96168		
12.82		0.96162		
12.83		0.96156		
12.84		0.9615		
12.85		0.96145		
12.86		0.96139		
12.87		0.96133		
12.88		0.96127		
12.89		0.96122		
12.9		0.96116		
12.91		0.9611		
12.92		0.96104		
12.93		0.96099		
12.94		0.96093		
12.95		0.96087		
12.96		0.96082		
12.97		0.96076		
12.98		0.9607		
12.99		0.96064		
13		0.96059		
13.01		0.96053		
13.02		0.96047		
13.03		0.96042		
13.04		0.96036		
13.05		0.9603		
13.06		0.96025		
13.07		0.96019		
13.08		0.96013		
13.09		0.96008		
13.1		0.96002		
13.11		0.95996		
13.12		0.95991		
13.13		0.95985		
13.14		0.9598		
13.15		0.95974		
13.16		0.95968		
13.17		0.95963		
13.18		0.95957		
13.19		0.95952		
13.2		0.95946		
13.21		0.9594		
13.22		0.95935		
13.23		0.95929		
13.24		0.95924		
13.25		0.95918		
13.26		0.95913		
13.27		0.95907		
13.28		0.95901		
13.29		0.95896		
13.3		0.9589		
13.31		0.95885		
13.32		0.95879		
13.33		0.95874		
13.34		0.95868		
13.35		0.95863		
13.36		0.95857		
13.37		0.95852		
13.38		0.95846		
13.39		0.95841		
13.4		0.95835		
13.41		0.9583		
13.42		0.95824		
13.43		0.95819		
13.44		0.95813		
13.45		0.95808		
13.46		0.95802		
13.47		0.95797		
13.48		0.95792		
13.49		0.95786		
13.5		0.95781		
13.51		0.95775		
13.52		0.9577		
13.53		0.95764		
13.54		0.95759		
13.55		0.95753		
13.56		0.95748		
13.57		0.95743		
13.58		0.95737		
13.59		0.95732		
13.6		0.95726		
13.61		0.95721		
13.62		0.95716		
13.63		0.9571		
13.64		0.95705		
13.65		0.957		
13.66		0.95694		
13.67		0.95689		
13.68		0.95683		
13.69		0.95678		
13.7		0.95673		
13.71		0.95667		
13.72		0.95662		
13.73		0.95657		
13.74		0.95651		
13.75		0.95646		
13.76		0.95641		
13.77		0.95635		
13.78		0.9563		
13.79		0.95625		
13.8		0.9562		
13.81		0.95614		
13.82		0.95609		
13.83		0.95604		
13.84		0.95598		
13.85		0.95593		
13.86		0.95588		
13.87		0.95583		
13.88		0.95577		
13.89		0.95572		
13.9		0.95567		
13.91		0.95561		
13.92		0.95556		
13.93		0.95551		
13.94		0.95546		
13.95		0.9554		
13.96		0.95535		
13.97		0.9553		
13.98		0.95525		
13.99		0.9552		
14		0.95514		
14.01		0.95509		
14.02		0.95504		
14.03		0.95499		
14.04		0.95494		
14.05		0.95488		
14.06		0.95483		
14.07		0.95478		
14.08		0.95473		
14.09		0.95468		
14.1		0.95462		
14.11		0.95457		
14.12		0.95452		
14.13		0.95447		
14.14		0.95442		
14.15		0.95437		
14.16		0.95432		
14.17		0.95426		
14.18		0.95421		
14.19		0.95416		
14.2		0.95411		
14.21		0.95406		
14.22		0.95401		
14.23		0.95396		
14.24		0.95391		
14.25		0.95385		
14.26		0.9538		
14.27		0.95375		
14.28		0.9537		
14.29		0.95365		
14.3		0.9536		
14.31		0.95355		
14.32		0.9535		
14.33		0.95345		
14.34		0.9534		
14.35		0.95335		
14.36		0.9533		
14.37		0.95325		
14.38		0.95319		
14.39		0.95314		
14.4		0.95309		
14.41		0.95304		
14.42		0.95299		
14.43		0.95294		
14.44		0.95289		
14.45		0.95284		
14.46		0.95279		
14.47		0.95274		
14.48		0.95269		
14.49		0.95264		
14.5		0.95259		
14.51		0.95254		
14.52		0.95249		
14.53		0.95244		
14.54		0.95239		
14.55		0.95234		
14.56		0.95229		
14.57		0.95224		
14.58		0.95219		
14.59		0.95214		
14.6		0.95209		
14.61		0.95204		
14.62		0.95199		
14.63		0.95194		
14.64		0.9519		
14.65		0.95185		
14.66		0.9518		
14.67		0.95175		
14.68		0.9517		
14.69		0.95165		
14.7		0.9516		
14.71		0.95155		
14.72		0.9515		
14.73		0.95145		
14.74		0.9514		
14.75		0.95135		
14.76		0.9513		
14.77		0.95126		
14.78		0.95121		
14.79		0.95116		
14.8		0.95111		
14.81		0.95106		
14.82		0.95101		
14.83		0.95096		
14.84		0.95091		
14.85		0.95087		
14.86		0.95082		
14.87		0.95077		
14.88		0.95072		
14.89		0.95067		
14.9		0.95062		
14.91		0.95057		
14.92		0.95053		
14.93		0.95048		
14.94		0.95043		
14.95		0.95038		
14.96		0.95033		
14.97		0.95028		
14.98		0.95024		
14.99		0.95019		
15		0.95014		
15.01		0.95009		
15.02		0.95004		
15.03		0.95		
15.04		0.94995		
15.05		0.9499		
15.06		0.94985		
15.07		0.94981		
15.08		0.94976		
15.09		0.94971		
15.1		0.94966		
15.11		0.94961		
15.12		0.94957		
15.13		0.94952		
15.14		0.94947		
15.15		0.94942		
15.16		0.94938		
15.17		0.94933		
15.18		0.94928		
15.19		0.94923		
15.2		0.94919		
15.21		0.94914		
15.22		0.94909		
15.23		0.94904		
15.24		0.949		
15.25		0.94895		
15.26		0.9489		
15.27		0.94886		
15.28		0.94881		
15.29		0.94876		
15.3		0.94872		
15.31		0.94867		
15.32		0.94862		
15.33		0.94857		
15.34		0.94853		
15.35		0.94848		
15.36		0.94843		
15.37		0.94839		
15.38		0.94834		
15.39		0.94829		
15.4		0.94825		
15.41		0.9482		
15.42		0.94815		
15.43		0.94811		
15.44		0.94806		
15.45		0.94801		
15.46		0.94797		
15.47		0.94792		
15.48		0.94788		
15.49		0.94783		
15.5		0.94778		
15.51		0.94774		
15.52		0.94769		
15.53		0.94764		
15.54		0.9476		
15.55		0.94755		
15.56		0.94751		
15.57		0.94746		
15.58		0.94741		
15.59		0.94737		
15.6		0.94732		
15.61		0.94728		
15.62		0.94723		
15.63		0.94718		
15.64		0.94714		
15.65		0.94709		
15.66		0.94705		
15.67		0.947		
15.68		0.94696		
15.69		0.94691		
15.7		0.94686		
15.71		0.94682		
15.72		0.94677		
15.73		0.94673		
15.74		0.94668		
15.75		0.94664		
15.76		0.94659		
15.77		0.94655		
15.78		0.9465		
15.79		0.94645		
15.8		0.94641		
15.81		0.94636		
15.82		0.94632		
15.83		0.94627		
15.84		0.94623		
15.85		0.94618		
15.86		0.94614		
15.87		0.94609		
15.88		0.94605		
15.89		0.946		
15.9		0.94596		
15.91		0.94591		
15.92		0.94587		
15.93		0.94582		
15.94		0.94578		
15.95		0.94573		
15.96		0.94569		
15.97		0.94564		
15.98		0.9456		
15.99		0.94555		
16		0.94551		
16.01		0.94547		
16.02		0.94542		
16.03		0.94538		
16.04		0.94533		
16.05		0.94529		
16.06		0.94524		
16.07		0.9452		
16.08		0.94515		
16.09		0.94511		
16.1		0.94507		
16.11		0.94502		
16.12		0.94498		
16.13		0.94493		
16.14		0.94489		
16.15		0.94484		
16.16		0.9448		
16.17		0.94476		
16.18		0.94471		
16.19		0.94467		
16.2		0.94462		
16.21		0.94458		
16.22		0.94454		
16.23		0.94449		
16.24		0.94445		
16.25		0.9444		
16.26		0.94436		
16.27		0.94432		
16.28		0.94427		
16.29		0.94423		
16.3		0.94418		
16.31		0.94414		
16.32		0.9441		
16.33		0.94405		
16.34		0.94401		
16.35		0.94397		
16.36		0.94392		
16.37		0.94388		
16.38		0.94384		
16.39		0.94379		
16.4		0.94375		
16.41		0.9437		
16.42		0.94366		
16.43		0.94362		
16.44		0.94357		
16.45		0.94353		
16.46		0.94349		
16.47		0.94344		
16.48		0.9434		
16.49		0.94336		
16.5		0.94331		
16.51		0.94327		
16.52		0.94323		
16.53		0.94319		
16.54		0.94314		
16.55		0.9431		
16.56		0.94306		
16.57		0.94301		
16.58		0.94297		
16.59		0.94293		
16.6		0.94288		
16.61		0.94284		
16.62		0.9428		
16.63		0.94276		
16.64		0.94271		
16.65		0.94267		
16.66		0.94263		
16.67		0.94258		
16.68		0.94254		
16.69		0.9425		
16.7		0.94246		
16.71		0.94241		
16.72		0.94237		
16.73		0.94233		
16.74		0.94229		
16.75		0.94224		
16.76		0.9422		
16.77		0.94216		
16.78		0.94212		
16.79		0.94207		
16.8		0.94203		
16.81		0.94199		
16.82		0.94195		
16.83		0.9419		
16.84		0.94186		
16.85		0.94182		
16.86		0.94178		
16.87		0.94174		
16.88		0.94169		
16.89		0.94165		
16.9		0.94161		
16.91		0.94157		
16.92		0.94153		
16.93		0.94148		
16.94		0.94144		
16.95		0.9414		
16.96		0.94136		
16.97		0.94132		
16.98		0.94127		
16.99		0.94123		
17		0.94119		
17.01		0.94115		
17.02		0.94111		
17.03		0.94106		
17.04		0.94102		
17.05		0.94098		
17.06		0.94094		
17.07		0.9409		
17.08		0.94086		
17.09		0.94081		
17.1		0.94077		
17.11		0.94073		
17.12		0.94069		
17.13		0.94065		
17.14		0.94061		
17.15		0.94056		
17.16		0.94052		
17.17		0.94048		
17.18		0.94044		
17.19		0.9404		
17.2		0.94036		
17.21		0.94032		
17.22		0.94027		
17.23		0.94023		
17.24		0.94019		
17.25		0.94015		
17.26		0.94011		
17.27		0.94007		
17.28		0.94003		
17.29		0.93999		
17.3		0.93994		
17.31		0.9399		
17.32		0.93986		
17.33		0.93982		
17.34		0.93978		
17.35		0.93974		
17.36		0.9397		
17.37		0.93966		
17.38		0.93962		
17.39		0.93958		
17.4		0.93953		
17.41		0.93949		
17.42		0.93945		
17.43		0.93941		
17.44		0.93937		
17.45		0.93933		
17.46		0.93929		
17.47		0.93925		
17.48		0.93921		
17.49		0.93917		
17.5		0.93913		
17.51		0.93909		
17.52		0.93905		
17.53		0.939		
17.54		0.93896		
17.55		0.93892		
17.56		0.93888		
17.57		0.93884		
17.58		0.9388		
17.59		0.93876		
17.6		0.93872		
17.61		0.93868		
17.62		0.93864		
17.63		0.9386		
17.64		0.93856		
17.65		0.93852		
17.66		0.93848		
17.67		0.93844		
17.68		0.9384		
17.69		0.93836		
17.7		0.93832		
17.71		0.93828		
17.72		0.93824		
17.73		0.9382		
17.74		0.93816		
17.75		0.93812		
17.76		0.93808		
17.77		0.93804		
17.78		0.938		
17.79		0.93796		
17.8		0.93792		
17.81		0.93788		
17.82		0.93784		
17.83		0.9378		
17.84		0.93776		
17.85		0.93772		
17.86		0.93768		
17.87		0.93764		
17.88		0.9376		
17.89		0.93756		
17.9		0.93752		
17.91		0.93748		
17.92		0.93744		
17.93		0.9374		
17.94		0.93736		
17.95		0.93732		
17.96		0.93728		
17.97		0.93724		
17.98		0.9372		
17.99		0.93716		
18		0.93712		
18.01		0.93708		
18.02		0.93704		
18.03		0.937		
18.04		0.93696		
18.05		0.93692		
18.06		0.93688		
18.07		0.93684		
18.08		0.9368		
18.09		0.93676		
18.1		0.93672		
18.11		0.93668		
18.12		0.93665		
18.13		0.93661		
18.14		0.93657		
18.15		0.93653		
18.16		0.93649		
18.17		0.93645		
18.18		0.93641		
18.19		0.93637		
18.2		0.93633		
18.21		0.93629		
18.22		0.93625		
18.23		0.93621		
18.24		0.93617		
18.25		0.93613		
18.26		0.9361		
18.27		0.93606		
18.28		0.93602		
18.29		0.93598		
18.3		0.93594		
18.31		0.9359		
18.32		0.93586		
18.33		0.93582		
18.34		0.93578		
18.35		0.93574		
18.36		0.93571		
18.37		0.93567		
18.38		0.93563		
18.39		0.93559		
18.4		0.93555		
18.41		0.93551		
18.42		0.93547		
18.43		0.93543		
18.44		0.93539		
18.45		0.93536		
18.46		0.93532		
18.47		0.93528		
18.48		0.93524		
18.49		0.9352		
18.5		0.93516		
18.51		0.93512		
18.52		0.93508		
18.53		0.93505		
18.54		0.93501		
18.55		0.93497		
18.56		0.93493		
18.57		0.93489		
18.58		0.93485		
18.59		0.93481		
18.6		0.93477		
18.61		0.93474		
18.62		0.9347		
18.63		0.93466		
18.64		0.93462		
18.65		0.93458		
18.66		0.93454		
18.67		0.93451		
18.68		0.93447		
18.69		0.93443		
18.7		0.93439		
18.71		0.93435		
18.72		0.93431		
18.73		0.93427		
18.74		0.93424		
18.75		0.9342		
18.76		0.93416		
18.77		0.93412		
18.78		0.93408		
18.79		0.93404		
18.8		0.93401		
18.81		0.93397		
18.82		0.93393		
18.83		0.93389		
18.84		0.93385		
18.85		0.93382		
18.86		0.93378		
18.87		0.93374		
18.88		0.9337		
18.89		0.93366		
18.9		0.93362		
18.91		0.93359		
18.92		0.93355		
18.93		0.93351		
18.94		0.93347		
18.95		0.93343		
18.96		0.9334		
18.97		0.93336		
18.98		0.93332		
18.99		0.93328		
19		0.93324		
19.01		0.93321		
19.02		0.93317		
19.03		0.93313		
19.04		0.93309		
19.05		0.93305		
19.06		0.93302		
19.07		0.93298		
19.08		0.93294		
19.09		0.9329		
19.1		0.93287		
19.11		0.93283		
19.12		0.93279		
19.13		0.93275		
19.14		0.93271		
19.15		0.93268		
19.16		0.93264		
19.17		0.9326		
19.18		0.93256		
19.19		0.93253		
19.2		0.93249		
19.21		0.93245		
19.22		0.93241		
19.23		0.93238		
19.24		0.93234		
19.25		0.9323		
19.26		0.93226		
19.27		0.93222		
19.28		0.93219		
19.29		0.93215		
19.3		0.93211		
19.31		0.93207		
19.32		0.93204		
19.33		0.932		
19.34		0.93196		
19.35		0.93192		
19.36		0.93189		
19.37		0.93185		
19.38		0.93181		
19.39		0.93177		
19.4		0.93174		
19.41		0.9317		
19.42		0.93166		
19.43		0.93162		
19.44		0.93159		
19.45		0.93155		
19.46		0.93151		
19.47		0.93147		
19.48		0.93144		
19.49		0.9314		
19.5		0.93136		
19.51		0.93133		
19.52		0.93129		
19.53		0.93125		
19.54		0.93121		
19.55		0.93118		
19.56		0.93114		
19.57		0.9311		
19.58		0.93106		
19.59		0.93103		
19.6		0.93099		
19.61		0.93095		
19.62		0.93092		
19.63		0.93088		
19.64		0.93084		
19.65		0.9308		
19.66		0.93077		
19.67		0.93073		
19.68		0.93069		
19.69		0.93066		
19.7		0.93062		
19.71		0.93058		
19.72		0.93054		
19.73		0.93051		
19.74		0.93047		
19.75		0.93043		
19.76		0.9304		
19.77		0.93036		
19.78		0.93032		
19.79		0.93029		
19.8		0.93025		
19.81		0.93021		
19.82		0.93017		
19.83		0.93014		
19.84		0.9301		
19.85		0.93006		
19.86		0.93003		
19.87		0.92999		
19.88		0.92995		
19.89		0.92992		
19.9		0.92988		
19.91		0.92984		
19.92		0.9298		
19.93		0.92977		
19.94		0.92973		
19.95		0.92969		
19.96		0.92966		
19.97		0.92962		
19.98		0.92958		
19.99		0.92955		
20		0.92951		
20.01		0.92947		
20.02		0.92944		
20.03		0.9294		
20.04		0.92936		
20.05		0.92933		
20.06		0.92929		
20.07		0.92925		
20.08		0.92922		
20.09		0.92918		
20.1		0.92914		
20.11		0.92911		
20.12		0.92907		
20.13		0.92903		
20.14		0.929		
20.15		0.92896		
20.16		0.92892		
20.17		0.92889		
20.18		0.92885		
20.19		0.92881		
20.2		0.92878		
20.21		0.92874		
20.22		0.9287		
20.23		0.92867		
20.24		0.92863		
20.25		0.92859		
20.26		0.92856		
20.27		0.92852		
20.28		0.92848		
20.29		0.92845		
20.3		0.92841		
20.31		0.92837		
20.32		0.92834		
20.33		0.9283		
20.34		0.92826		
20.35		0.92823		
20.36		0.92819		
20.37		0.92815		
20.38		0.92812		
20.39		0.92808		
20.4		0.92804		
20.41		0.92801		
20.42		0.92797		
20.43		0.92793		
20.44		0.9279		
20.45		0.92786		
20.46		0.92782		
20.47		0.92779		
20.48		0.92775		
20.49		0.92772		
20.5		0.92768		
20.51		0.92764		
20.52		0.92761		
20.53		0.92757		
20.54		0.92753		
20.55		0.9275		
20.56		0.92746		
20.57		0.92742		
20.58		0.92739		
20.59		0.92735		
20.6		0.92731		
20.61		0.92728		
20.62		0.92724		
20.63		0.92721		
20.64		0.92717		
20.65		0.92713		
20.66		0.9271		
20.67		0.92706		
20.68		0.92702		
20.69		0.92699		
20.7		0.92695		
20.71		0.92692		
20.72		0.92688		
20.73		0.92684		
20.74		0.92681		
20.75		0.92677		
20.76		0.92673		
20.77		0.9267		
20.78		0.92666		
20.79		0.92662		
20.8		0.92659		
20.81		0.92655		
20.82		0.92652		
20.83		0.92648		
20.84		0.92644		
20.85		0.92641		
20.86		0.92637		
20.87		0.92633		
20.88		0.9263		
20.89		0.92626		
20.9		0.92623		
20.91		0.92619		
20.92		0.92615		
20.93		0.92612		
20.94		0.92608		
20.95		0.92604		
20.96		0.92601		
20.97		0.92597		
20.98		0.92594		
20.99		0.9259		
21		0.92586		
21.01		0.92583		
21.02		0.92579		
21.03		0.92576		
21.04		0.92572		
21.05		0.92568		
21.06		0.92565		
21.07		0.92561		
21.08		0.92557		
21.09		0.92554		
21.1		0.9255		
21.11		0.92547		
21.12		0.92543		
21.13		0.92539		
21.14		0.92536		
21.15		0.92532		
21.16		0.92529		
21.17		0.92525		
21.18		0.92521		
21.19		0.92518		
21.2		0.92514		
21.21		0.9251		
21.22		0.92507		
21.23		0.92503		
21.24		0.925		
21.25		0.92496		
21.26		0.92492		
21.27		0.92489		
21.28		0.92485		
21.29		0.92482		
21.3		0.92478		
21.31		0.92474		
21.32		0.92471		
21.33		0.92467		
21.34		0.92464		
21.35		0.9246		
21.36		0.92456		
21.37		0.92453		
21.38		0.92449		
21.39		0.92446		
21.4		0.92442		
21.41		0.92438		
21.42		0.92435		
21.43		0.92431		
21.44		0.92428		
21.45		0.92424		
21.46		0.9242		
21.47		0.92417		
21.48		0.92413		
21.49		0.92409		
21.5		0.92406		
21.51		0.92402		
21.52		0.92399		
21.53		0.92395		
21.54		0.92391		
21.55		0.92388		
21.56		0.92384		
21.57		0.92381		
21.58		0.92377		
21.59		0.92373		
21.6		0.9237		
21.61		0.92366		
21.62		0.92363		
21.63		0.92359		
21.64		0.92355		
21.65		0.92352		
21.66		0.92348		
21.67		0.92345		
21.68		0.92341		
21.69		0.92337		
21.7		0.92334		
21.71		0.9233		
21.72		0.92327		
21.73		0.92323		
21.74		0.92319		
21.75		0.92316		
21.76		0.92312		
21.77		0.92309		
21.78		0.92305		
21.79		0.92301		
21.8		0.92298		
21.81		0.92294		
21.82		0.92291		
21.83		0.92287		
21.84		0.92283		
21.85		0.9228		
21.86		0.92276		
21.87		0.92273		
21.88		0.92269		
21.89		0.92265		
21.9		0.92262		
21.91		0.92258		
21.92		0.92255		
21.93		0.92251		
21.94		0.92247		
21.95		0.92244		
21.96		0.9224		
21.97		0.92237		
21.98		0.92233		
21.99		0.92229		
22		0.92226		
22.01		0.92222		
22.02		0.92219		
22.03		0.92215		
22.04		0.92211		
22.05		0.92208		
22.06		0.92204		
22.07		0.92201		
22.08		0.92197		
22.09		0.92193		
22.1		0.9219		
22.11		0.92186		
22.12		0.92182		
22.13		0.92179		
22.14		0.92175		
22.15		0.92172		
22.16		0.92168		
22.17		0.92164		
22.18		0.92161		
22.19		0.92157		
22.2		0.92154		
22.21		0.9215		
22.22		0.92146		
22.23		0.92143		
22.24		0.92139		
22.25		0.92136		
22.26		0.92132		
22.27		0.92128		
22.28		0.92125		
22.29		0.92121		
22.3		0.92118		
22.31		0.92114		
22.32		0.9211		
22.33		0.92107		
22.34		0.92103		
22.35		0.921		
22.36		0.92096		
22.37		0.92092		
22.38		0.92089		
22.39		0.92085		
22.4		0.92082		
22.41		0.92078		
22.42		0.92074		
22.43		0.92071		
22.44		0.92067		
22.45		0.92063		
22.46		0.9206		
22.47		0.92056		
22.48		0.92053		
22.49		0.92049		
22.5		0.92045		
22.51		0.92042		
22.52		0.92038		
22.53		0.92035		
22.54		0.92031		
22.55		0.92027		
22.56		0.92024		
22.57		0.9202		
22.58		0.92017		
22.59		0.92013		
22.6		0.92009		
22.61		0.92006		
22.62		0.92002		
22.63		0.91998		
22.64		0.91995		
22.65		0.91991		
22.66		0.91988		
22.67		0.91984		
22.68		0.9198		
22.69		0.91977		
22.7		0.91973		
22.71		0.91969		
22.72		0.91966		
22.73		0.91962		
22.74		0.91959		
22.75		0.91955		
22.76		0.91951		
22.77		0.91948		
22.78		0.91944		
22.79		0.91941		
22.8		0.91937		
22.81		0.91933		
22.82		0.9193		
22.83		0.91926		
22.84		0.91922		
22.85		0.91919		
22.86		0.91915		
22.87		0.91912		
22.88		0.91908		
22.89		0.91904		
22.9		0.91901		
22.91		0.91897		
22.92		0.91893		
22.93		0.9189		
22.94		0.91886		
22.95		0.91883		
22.96		0.91879		
22.97		0.91875		
22.98		0.91872		
22.99		0.91868		
23		0.91864		
23.01		0.91861		
23.02		0.91857		
23.03		0.91853		
23.04		0.9185		
23.05		0.91846		
23.06		0.91843		
23.07		0.91839		
23.08		0.91835		
23.09		0.91832		
23.1		0.91828		
23.11		0.91824		
23.12		0.91821		
23.13		0.91817		
23.14		0.91813		
23.15		0.9181		
23.16		0.91806		
23.17		0.91803		
23.18		0.91799		
23.19		0.91795		
23.2		0.91792		
23.21		0.91788		
23.22		0.91784		
23.23		0.91781		
23.24		0.91777		
23.25		0.91773		
23.26		0.9177		
23.27		0.91766		
23.28		0.91762		
23.29		0.91759		
23.3		0.91755		
23.31		0.91752		
23.32		0.91748		
23.33		0.91744		
23.34		0.91741		
23.35		0.91737		
23.36		0.91733		
23.37		0.9173		
23.38		0.91726		
23.39		0.91722		
23.4		0.91719		
23.41		0.91715		
23.42		0.91711		
23.43		0.91708		
23.44		0.91704		
23.45		0.917		
23.46		0.91697		
23.47		0.91693		
23.48		0.91689		
23.49		0.91686		
23.5		0.91682		
23.51		0.91678		
23.52		0.91675		
23.53		0.91671		
23.54		0.91667		
23.55		0.91664		
23.56		0.9166		
23.57		0.91656		
23.58		0.91653		
23.59		0.91649		
23.6		0.91645		
23.61		0.91642		
23.62		0.91638		
23.63		0.91634		
23.64		0.91631		
23.65		0.91627		
23.66		0.91623		
23.67		0.9162		
23.68		0.91616		
23.69		0.91612		
23.7		0.91609		
23.71		0.91605		
23.72		0.91601		
23.73		0.91598		
23.74		0.91594		
23.75		0.9159		
23.76		0.91587		
23.77		0.91583		
23.78		0.91579		
23.79		0.91576		
23.8		0.91572		
23.81		0.91568		
23.82		0.91564		
23.83		0.91561		
23.84		0.91557		
23.85		0.91553		
23.86		0.9155		
23.87		0.91546		
23.88		0.91542		
23.89		0.91539		
23.9		0.91535		
23.91		0.91531		
23.92		0.91528		
23.93		0.91524		
23.94		0.9152		
23.95		0.91517		
23.96		0.91513		
23.97		0.91509		
23.98		0.91505		
23.99		0.91502		
24		0.91498		
24.01		0.91494		
24.02		0.91491		
24.03		0.91487		
24.04		0.91483		
24.05		0.91479		
24.06		0.91476		
24.07		0.91472		
24.08		0.91468		
24.09		0.91465		
24.1		0.91461		
24.11		0.91457		
24.12		0.91454		
24.13		0.9145		
24.14		0.91446		
24.15		0.91442		
24.16		0.91439		
24.17		0.91435		
24.18		0.91431		
24.19		0.91428		
24.2		0.91424		
24.21		0.9142		
24.22		0.91416		
24.23		0.91413		
24.24		0.91409		
24.25		0.91405		
24.26		0.91401		
24.27		0.91398		
24.28		0.91394		
24.29		0.9139		
24.3		0.91387		
24.31		0.91383		
24.32		0.91379		
24.33		0.91375		
24.34		0.91372		
24.35		0.91368		
24.36		0.91364		
24.37		0.9136		
24.38		0.91357		
24.39		0.91353		
24.4		0.91349		
24.41		0.91345		
24.42		0.91342		
24.43		0.91338		
24.44		0.91334		
24.45		0.91331		
24.46		0.91327		
24.47		0.91323		
24.48		0.91319		
24.49		0.91316		
24.5		0.91312		
24.51		0.91308		
24.52		0.91304		
24.53		0.91301		
24.54		0.91297		
24.55		0.91293		
24.56		0.91289		
24.57		0.91286		
24.58		0.91282		
24.59		0.91278		
24.6		0.91274		
24.61		0.9127		
24.62		0.91267		
24.63		0.91263		
24.64		0.91259		
24.65		0.91255		
24.66		0.91252		
24.67		0.91248		
24.68		0.91244		
24.69		0.9124		
24.7		0.91237		
24.71		0.91233		
24.72		0.91229		
24.73		0.91225		
24.74		0.91222		
24.75		0.91218		
24.76		0.91214		
24.77		0.9121		
24.78		0.91206		
24.79		0.91203		
24.8		0.91199		
24.81		0.91195		
24.82		0.91191		
24.83		0.91187		
24.84		0.91184		
24.85		0.9118		
24.86		0.91176		
24.87		0.91172		
24.88		0.91169		
24.89		0.91165		
24.9		0.91161		
24.91		0.91157		
24.92		0.91153		
24.93		0.9115		
24.94		0.91146		
24.95		0.91142		
24.96		0.91138		
24.97		0.91134		
24.98		0.91131		
24.99		0.91127		
25		0.91123		
25.01		0.91119		
25.02		0.91115		
25.03		0.91112		
25.04		0.91108		
25.05		0.91104		
25.06		0.911		
25.07		0.91096		
25.08		0.91093		
25.09		0.91089		
25.1		0.91085		
25.11		0.91081		
25.12		0.91077		
25.13		0.91073		
25.14		0.9107		
25.15		0.91066		
25.16		0.91062		
25.17		0.91058		
25.18		0.91054		
25.19		0.9105		
25.2		0.91047		
25.21		0.91043		
25.22		0.91039		
25.23		0.91035		
25.24		0.91031		
25.25		0.91027		
25.26		0.91024		
25.27		0.9102		
25.28		0.91016		
25.29		0.91012		
25.3		0.91008		
25.31		0.91004		
25.32		0.91001		
25.33		0.90997		
25.34		0.90993		
25.35		0.90989		
25.36		0.90985		
25.37		0.90981		
25.38		0.90978		
25.39		0.90974		
25.4		0.9097		
25.41		0.90966		
25.42		0.90962		
25.43		0.90958		
25.44		0.90954		
25.45		0.90951		
25.46		0.90947		
25.47		0.90943		
25.48		0.90939		
25.49		0.90935		
25.5		0.90931		
25.51		0.90927		
25.52		0.90923		
25.53		0.9092		
25.54		0.90916		
25.55		0.90912		
25.56		0.90908		
25.57		0.90904		
25.58		0.909		
25.59		0.90896		
25.6		0.90892		
25.61		0.90889		
25.62		0.90885		
25.63		0.90881		
25.64		0.90877		
25.65		0.90873		
25.66		0.90869		
25.67		0.90865		
25.68		0.90861		
25.69		0.90857		
25.7		0.90854		
25.71		0.9085		
25.72		0.90846		
25.73		0.90842		
25.74		0.90838		
25.75		0.90834		
25.76		0.9083		
25.77		0.90826		
25.78		0.90822		
25.79		0.90818		
25.8		0.90815		
25.81		0.90811		
25.82		0.90807		
25.83		0.90803		
25.84		0.90799		
25.85		0.90795		
25.86		0.90791		
25.87		0.90787		
25.88		0.90783		
25.89		0.90779		
25.9		0.90775		
25.91		0.90772		
25.92		0.90768		
25.93		0.90764		
25.94		0.9076		
25.95		0.90756		
25.96		0.90752		
25.97		0.90748		
25.98		0.90744		
25.99		0.9074		
26		0.90736		
26.01		0.90732		
26.02		0.90728		
26.03		0.90724		
26.04		0.9072		
26.05		0.90716		
26.06		0.90712		
26.07		0.90709		
26.08		0.90705		
26.09		0.90701		
26.1		0.90697		
26.11		0.90693		
26.12		0.90689		
26.13		0.90685		
26.14		0.90681		
26.15		0.90677		
26.16		0.90673		
26.17		0.90669		
26.18		0.90665		
26.19		0.90661		
26.2		0.90657		
26.21		0.90653		
26.22		0.90649		
26.23		0.90645		
26.24		0.90641		
26.25		0.90637		
26.26		0.90633		
26.27		0.90629		
26.28		0.90625		
26.29		0.90621		
26.3		0.90617		
26.31		0.90613		
26.32		0.90609		
26.33		0.90605		
26.34		0.90601		
26.35		0.90597		
26.36		0.90593		
26.37		0.9059		
26.38		0.90586		
26.39		0.90582		
26.4		0.90578		
26.41		0.90574		
26.42		0.9057		
26.43		0.90566		
26.44		0.90562		
26.45		0.90558		
26.46		0.90554		
26.47		0.9055		
26.48		0.90546		
26.49		0.90542		
26.5		0.90538		
26.51		0.90533		
26.52		0.90529		
26.53		0.90525		
26.54		0.90521		
26.55		0.90517		
26.56		0.90513		
26.57		0.90509		
26.58		0.90505		
26.59		0.90501		
26.6		0.90497		
26.61		0.90493		
26.62		0.90489		
26.63		0.90485		
26.64		0.90481		
26.65		0.90477		
26.66		0.90473		
26.67		0.90469		
26.68		0.90465		
26.69		0.90461		
26.7		0.90457		
26.71		0.90453		
26.72		0.90449		
26.73		0.90445		
26.74		0.90441		
26.75		0.90437		
26.76		0.90433		
26.77		0.90429		
26.78		0.90425		
26.79		0.90421		
26.8		0.90417		
26.81		0.90412		
26.82		0.90408		
26.83		0.90404		
26.84		0.904		
26.85		0.90396		
26.86		0.90392		
26.87		0.90388		
26.88		0.90384		
26.89		0.9038		
26.9		0.90376		
26.91		0.90372		
26.92		0.90368		
26.93		0.90364		
26.94		0.9036		
26.95		0.90355		
26.96		0.90351		
26.97		0.90347		
26.98		0.90343		
26.99		0.90339		
27		0.90335		
27.01		0.90331		
27.02		0.90327		
27.03		0.90323		
27.04		0.90319		
27.05		0.90315		
27.06		0.90311		
27.07		0.90306		
27.08		0.90302		
27.09		0.90298		
27.1		0.90294		
27.11		0.9029		
27.12		0.90286		
27.13		0.90282		
27.14		0.90278		
27.15		0.90274		
27.16		0.90269		
27.17		0.90265		
27.18		0.90261		
27.19		0.90257		
27.2		0.90253		
27.21		0.90249		
27.22		0.90245		
27.23		0.90241		
27.24		0.90236		
27.25		0.90232		
27.26		0.90228		
27.27		0.90224		
27.28		0.9022		
27.29		0.90216		
27.3		0.90212		
27.31		0.90208		
27.32		0.90203		
27.33		0.90199		
27.34		0.90195		
27.35		0.90191		
27.36		0.90187		
27.37		0.90183		
27.38		0.90179		
27.39		0.90174		
27.4		0.9017		
27.41		0.90166		
27.42		0.90162		
27.43		0.90158		
27.44		0.90154		
27.45		0.90149		
27.46		0.90145		
27.47		0.90141		
27.48		0.90137		
27.49		0.90133		
27.5		0.90129		
27.51		0.90124		
27.52		0.9012		
27.53		0.90116		
27.54		0.90112		
27.55		0.90108		
27.56		0.90104		
27.57		0.90099		
27.58		0.90095		
27.59		0.90091		
27.6		0.90087		
27.61		0.90083		
27.62		0.90079		
27.63		0.90074		
27.64		0.9007		
27.65		0.90066		
27.66		0.90062		
27.67		0.90058		
27.68		0.90053		
27.69		0.90049		
27.7		0.90045		
27.71		0.90041		
27.72		0.90037		
27.73		0.90032		
27.74		0.90028		
27.75		0.90024		
27.76		0.9002		
27.77		0.90015		
27.78		0.90011		
27.79		0.90007		
27.8		0.90003		
27.81		0.89999		
27.82		0.89994		
27.83		0.8999		
27.84		0.89986		
27.85		0.89982		
27.86		0.89977		
27.87		0.89973		
27.88		0.89969		
27.89		0.89965		
27.9		0.89961		
27.91		0.89956		
27.92		0.89952		
27.93		0.89948		
27.94		0.89944		
27.95		0.89939		
27.96		0.89935		
27.97		0.89931		
27.98		0.89927		
27.99		0.89922		
28		0.89918		
28.01		0.89914		
28.02		0.8991		
28.03		0.89905		
28.04		0.89901		
28.05		0.89897		
28.06		0.89893		
28.07		0.89888		
28.08		0.89884		
28.09		0.8988		
28.1		0.89875		
28.11		0.89871		
28.12		0.89867		
28.13		0.89863		
28.14		0.89858		
28.15		0.89854		
28.16		0.8985		
28.17		0.89846		
28.18		0.89841		
28.19		0.89837		
28.2		0.89833		
28.21		0.89828		
28.22		0.89824		
28.23		0.8982		
28.24		0.89816		
28.25		0.89811		
28.26		0.89807		
28.27		0.89803		
28.28		0.89798		
28.29		0.89794		
28.3		0.8979		
28.31		0.89785		
28.32		0.89781		
28.33		0.89777		
28.34		0.89773		
28.35		0.89768		
28.36		0.89764		
28.37		0.8976		
28.38		0.89755		
28.39		0.89751		
28.4		0.89747		
28.41		0.89742		
28.42		0.89738		
28.43		0.89734		
28.44		0.89729		
28.45		0.89725		
28.46		0.89721		
28.47		0.89716		
28.48		0.89712		
28.49		0.89708		
28.5		0.89703		
28.51		0.89699		
28.52		0.89695		
28.53		0.8969		
28.54		0.89686		
28.55		0.89682		
28.56		0.89677		
28.57		0.89673		
28.58		0.89669		
28.59		0.89664		
28.6		0.8966		
28.61		0.89656		
28.62		0.89651		
28.63		0.89647		
28.64		0.89642		
28.65		0.89638		
28.66		0.89634		
28.67		0.89629		
28.68		0.89625		
28.69		0.89621		
28.7		0.89616		
28.71		0.89612		
28.72		0.89608		
28.73		0.89603		
28.74		0.89599		
28.75		0.89594		
28.76		0.8959		
28.77		0.89586		
28.78		0.89581		
28.79		0.89577		
28.8		0.89572		
28.81		0.89568		
28.82		0.89564		
28.83		0.89559		
28.84		0.89555		
28.85		0.8955		
28.86		0.89546		
28.87		0.89542		
28.88		0.89537		
28.89		0.89533		
28.9		0.89528		
28.91		0.89524		
28.92		0.8952		
28.93		0.89515		
28.94		0.89511		
28.95		0.89506		
28.96		0.89502		
28.97		0.89498		
28.98		0.89493		
28.99		0.89489		
29		0.89484		
29.01		0.8948		
29.02		0.89475		
29.03		0.89471		
29.04		0.89467		
29.05		0.89462		
29.06		0.89458		
29.07		0.89453		
29.08		0.89449		
29.09		0.89444		
29.1		0.8944		
29.11		0.89436		
29.12		0.89431		
29.13		0.89427		
29.14		0.89422		
29.15		0.89418		
29.16		0.89413		
29.17		0.89409		
29.18		0.89404		
29.19		0.894		
29.2		0.89396		
29.21		0.89391		
29.22		0.89387		
29.23		0.89382		
29.24		0.89378		
29.25		0.89373		
29.26		0.89369		
29.27		0.89364		
29.28		0.8936		
29.29		0.89355		
29.3		0.89351		
29.31		0.89346		
29.32		0.89342		
29.33		0.89337		
29.34		0.89333		
29.35		0.89328		
29.36		0.89324		
29.37		0.89319		
29.38		0.89315		
29.39		0.8931		
29.4		0.89306		
29.41		0.89302		
29.42		0.89297		
29.43		0.89293		
29.44		0.89288		
29.45		0.89284		
29.46		0.89279		
29.47		0.89275		
29.48		0.8927		
29.49		0.89266		
29.5		0.89261		
29.51		0.89256		
29.52		0.89252		
29.53		0.89247		
29.54		0.89243		
29.55		0.89238		
29.56		0.89234		
29.57		0.89229		
29.58		0.89225		
29.59		0.8922		
29.6		0.89216		
29.61		0.89211		
29.62		0.89207		
29.63		0.89202		
29.64		0.89198		
29.65		0.89193		
29.66		0.89189		
29.67		0.89184		
29.68		0.8918		
29.69		0.89175		
29.7		0.8917		
29.71		0.89166		
29.72		0.89161		
29.73		0.89157		
29.74		0.89152		
29.75		0.89148		
29.76		0.89143		
29.77		0.89139		
29.78		0.89134		
29.79		0.8913		
29.8		0.89125		
29.81		0.8912		
29.82		0.89116		
29.83		0.89111		
29.84		0.89107		
29.85		0.89102		
29.86		0.89098		
29.87		0.89093		
29.88		0.89088		
29.89		0.89084		
29.9		0.89079		
29.91		0.89075		
29.92		0.8907		
29.93		0.89066		
29.94		0.89061		
29.95		0.89056		
29.96		0.89052		
29.97		0.89047		
29.98		0.89043		
29.99		0.89038		
30		0.89033		
30.01		0.89029		
30.02		0.89024		
30.03		0.8902		
30.04		0.89015		
30.05		0.8901		
30.06		0.89006		
30.07		0.89001		
30.08		0.88997		
30.09		0.88992		
30.1		0.88987		
30.11		0.88983		
30.12		0.88978		
30.13		0.88974		
30.14		0.88969		
30.15		0.88964		
30.16		0.8896		
30.17		0.88955		
30.18		0.8895		
30.19		0.88946		
30.2		0.88941		
30.21		0.88937		
30.22		0.88932		
30.23		0.88927		
30.24		0.88923		
30.25		0.88918		
30.26		0.88913		
30.27		0.88909		
30.28		0.88904		
30.29		0.88899		
30.3		0.88895		
30.31		0.8889		
30.32		0.88885		
30.33		0.88881		
30.34		0.88876		
30.35		0.88871		
30.36		0.88867		
30.37		0.88862		
30.38		0.88857		
30.39		0.88853		
30.4		0.88848		
30.41		0.88843		
30.42		0.88839		
30.43		0.88834		
30.44		0.88829		
30.45		0.88825		
30.46		0.8882		
30.47		0.88815		
30.48		0.88811		
30.49		0.88806		
30.5		0.88802		
30.51		0.88797		
30.52		0.88792		
30.53		0.88788		
30.54		0.88783		
30.55		0.88779		
30.56		0.88774		
30.57		0.8877		
30.58		0.88765		
30.59		0.88761		
30.6		0.88756		
30.61		0.88751		
30.62		0.88747		
30.63		0.88742		
30.64		0.88738		
30.65		0.88733		
30.66		0.88729		
30.67		0.88724		
30.68		0.8872		
30.69		0.88715		
30.7		0.88711		
30.71		0.88706		
30.72		0.88702		
30.73		0.88697		
30.74		0.88693		
30.75		0.88689		
30.76		0.88684		
30.77		0.8868		
30.78		0.88675		
30.79		0.88671		
30.8		0.88666		
30.81		0.88662		
30.82		0.88657		
30.83		0.88653		
30.84		0.88649		
30.85		0.88644		
30.86		0.8864		
30.87		0.88635		
30.88		0.88631		
30.89		0.88627		
30.9		0.88622		
30.91		0.88618		
30.92		0.88613		
30.93		0.88609		
30.94		0.88605		
30.95		0.886		
30.96		0.88596		
30.97		0.88592		
30.98		0.88587		
30.99		0.88583		
31		0.88579		
31.01		0.88574		
31.02		0.8857		
31.03		0.88566		
31.04		0.88561		
31.05		0.88557		
31.06		0.88553		
31.07		0.88549		
31.08		0.88544		
31.09		0.8854		
31.1		0.88536		
31.11		0.88531		
31.12		0.88527		
31.13		0.88523		
31.14		0.88519		
31.15		0.88514		
31.16		0.8851		
31.17		0.88506		
31.18		0.88502		
31.19		0.88497		
31.2		0.88493		
31.21		0.88489		
31.22		0.88485		
31.23		0.88481		
31.24		0.88476		
31.25		0.88472		
31.26		0.88468		
31.27		0.88464		
31.28		0.8846		
31.29		0.88455		
31.3		0.88451		
31.31		0.88447		
31.32		0.88443		
31.33		0.88439		
31.34		0.88435		
31.35		0.88431		
31.36		0.88426		
31.37		0.88422		
31.38		0.88418		
31.39		0.88414		
31.4		0.8841		
31.41		0.88406		
31.42		0.88402		
31.43		0.88398		
31.44		0.88393		
31.45		0.88389		
31.46		0.88385		
31.47		0.88381		
31.48		0.88377		
31.49		0.88373		
31.5		0.88369		
31.51		0.88365		
31.52		0.88361		
31.53		0.88357		
31.54		0.88353		
31.55		0.88349		
31.56		0.88345		
31.57		0.88341		
31.58		0.88337		
31.59		0.88333		
31.6		0.88329		
31.61		0.88325		
31.62		0.88321		
31.63		0.88317		
31.64		0.88313		
31.65		0.88309		
31.66		0.88305		
31.67		0.88301		
31.68		0.88297		
31.69		0.88293		
31.7		0.88289		
31.71		0.88285		
31.72		0.88281		
31.73		0.88277		
31.74		0.88273		
31.75		0.88269		
31.76		0.88265		
31.77		0.88261		
31.78		0.88257		
31.79		0.88253		
31.8		0.88249		
31.81		0.88245		
31.82		0.88241		
31.83		0.88238		
31.84		0.88234		
31.85		0.8823		
31.86		0.88226		
31.87		0.88222		
31.88		0.88218		
31.89		0.88214		
31.9		0.8821		
31.91		0.88206		
31.92		0.88203		
31.93		0.88199		
31.94		0.88195		
31.95		0.88191		
31.96		0.88187		
31.97		0.88183		
31.98		0.8818		
31.99		0.88176		
32		0.88172		
32.01		0.88168		
32.02		0.88164		
32.03		0.88161		
32.04		0.88157		
32.05		0.88153		
32.06		0.88149		
32.07		0.88145		
32.08		0.88142		
32.09		0.88138		
32.1		0.88134		
32.11		0.8813		
32.12		0.88126		
32.13		0.88123		
32.14		0.88119		
32.15		0.88115		
32.16		0.88112		
32.17		0.88108		
32.18		0.88104		
32.19		0.881		
32.2		0.88097		
32.21		0.88093		
32.22		0.88089		
32.23		0.88085		
32.24		0.88082		
32.25		0.88078		
32.26		0.88074		
32.27		0.88071		
32.28		0.88067		
32.29		0.88063		
32.3		0.8806		
32.31		0.88056		
32.32		0.88052		
32.33		0.88049		
32.34		0.88045		
32.35		0.88041		
32.36		0.88038		
32.37		0.88034		
32.38		0.8803		
32.39		0.88027		
32.4		0.88023		
32.41		0.8802		
32.42		0.88016		
32.43		0.88012		
32.44		0.88009		
32.45		0.88005		
32.46		0.88002		
32.47		0.87998		
32.48		0.87994		
32.49		0.87991		
32.5		0.87987		
32.51		0.87984		
32.52		0.8798		
32.53		0.87976		
32.54		0.87973		
32.55		0.87969		
32.56		0.87966		
32.57		0.87962		
32.58		0.87959		
32.59		0.87955		
32.6		0.87952		
32.61		0.87948		
32.62		0.87945		
32.63		0.87941		
32.64		0.87938		
32.65		0.87934		
32.66		0.87931		
32.67		0.87927		
32.68		0.87924		
32.69		0.8792		
32.7		0.87917		
32.71		0.87913		
32.72		0.8791		
32.73		0.87906		
32.74		0.87903		
32.75		0.87899		
32.76		0.87896		
32.77		0.87892		
32.78		0.87889		
32.79		0.87886		
32.8		0.87882		
32.81		0.87879		
32.82		0.87875		
32.83		0.87872		
32.84		0.87868		
32.85		0.87865		
32.86		0.87862		
32.87		0.87858		
32.88		0.87855		
32.89		0.87851		
32.9		0.87848		
32.91		0.87845		
32.92		0.87841		
32.93		0.87838		
32.94		0.87834		
32.95		0.87831		
32.96		0.87828		
32.97		0.87824		
32.98		0.87821		
32.99		0.87818		
33		0.87814		
33.01		0.87811		
33.02		0.87808		
33.03		0.87804		
33.04		0.87801		
33.05		0.87798		
33.06		0.87794		
33.07		0.87791		
33.08		0.87788		
33.09		0.87784		
33.1		0.87781		
33.11		0.87778		
33.12		0.87775		
33.13		0.87771		
33.14		0.87768		
33.15		0.87765		
33.16		0.87761		
33.17		0.87758		
33.18		0.87755		
33.19		0.87752		
33.2		0.87748		
33.21		0.87745		
33.22		0.87742		
33.23		0.87739		
33.24		0.87735		
33.25		0.87732		
33.26		0.87729		
33.27		0.87726		
33.28		0.87723		
33.29		0.87719		
33.3		0.87716		
33.31		0.87713		
33.32		0.8771		
33.33		0.87707		
33.34		0.87703		
33.35		0.877		
33.36		0.87697		
33.37		0.87694		
33.38		0.87691		
33.39		0.87687		
33.4		0.87684		
33.41		0.87681		
33.42		0.87678		
33.43		0.87675		
33.44		0.87672		
33.45		0.87669		
33.46		0.87665		
33.47		0.87662		
33.48		0.87659		
33.49		0.87656		
33.5		0.87653		
33.51		0.8765		
33.52		0.87647		
33.53		0.87644		
33.54		0.87641		
33.55		0.87637		
33.56		0.87634		
33.57		0.87631		
33.58		0.87628		
33.59		0.87625		
33.6		0.87622		
33.61		0.87619		
33.62		0.87616		
33.63		0.87613		
33.64		0.8761		
33.65		0.87607		
33.66		0.87604		
33.67		0.87601		
33.68		0.87598		
33.69		0.87595		
33.7		0.87592		
33.71		0.87588		
33.72		0.87585		
33.73		0.87582		
33.74		0.87579		
33.75		0.87576		
33.76		0.87573		
33.77		0.8757		
33.78		0.87567		
33.79		0.87564		
33.8		0.87561		
33.81		0.87558		
33.82		0.87555		
33.83		0.87553		
33.84		0.8755		
33.85		0.87547		
33.86		0.87544		
33.87		0.87541		
33.88		0.87538		
33.89		0.87535		
33.9		0.87532		
33.91		0.87529		
33.92		0.87526		
33.93		0.87523		
33.94		0.8752		
33.95		0.87517		
33.96		0.87514		
33.97		0.87511		
33.98		0.87508		
33.99		0.87506		
34		0.87503		
34.01		0.875		
34.02		0.87497		
34.03		0.87494		
34.04		0.87491		
34.05		0.87488		
34.06		0.87485		
34.07		0.87482		
34.08		0.8748		
34.09		0.87477		
34.1		0.87474		
34.11		0.87471		
34.12		0.87468		
34.13		0.87465		
34.14		0.87462		
34.15		0.8746		
34.16		0.87457		
34.17		0.87454		
34.18		0.87451		
34.19		0.87448		
34.2		0.87446		
34.21		0.87443		
34.22		0.8744		
34.23		0.87437		
34.24		0.87434		
34.25		0.87431		
34.26		0.87429		
34.27		0.87426		
34.28		0.87423		
34.29		0.8742		
34.3		0.87418		
34.31		0.87415		
34.32		0.87412		
34.33		0.87409		
34.34		0.87407		
34.35		0.87404		
34.36		0.87401		
34.37		0.87398		
34.38		0.87396		
34.39		0.87393		
34.4		0.8739		
34.41		0.87387		
34.42		0.87385		
34.43		0.87382		
34.44		0.87379		
34.45		0.87376		
34.46		0.87374		
34.47		0.87371		
34.48		0.87368		
34.49		0.87366		
34.5		0.87363		
34.51		0.8736		
34.52		0.87358		
34.53		0.87355		
34.54		0.87352		
34.55		0.8735		
34.56		0.87347		
34.57		0.87344		
34.58		0.87342		
34.59		0.87339		
34.6		0.87336		
34.61		0.87334		
34.62		0.87331		
34.63		0.87328		
34.64		0.87326		
34.65		0.87323		
34.66		0.87321		
34.67		0.87318		
34.68		0.87315		
34.69		0.87313		
34.7		0.8731		
34.71		0.87307		
34.72		0.87305		
34.73		0.87302		
34.74		0.873		
34.75		0.87297		
34.76		0.87294		
34.77		0.87292		
34.78		0.87289		
34.79		0.87287		
34.8		0.87284		
34.81		0.87282		
34.82		0.87279		
34.83		0.87277		
34.84		0.87274		
34.85		0.87271		
34.86		0.87269		
34.87		0.87266		
34.88		0.87264		
34.89		0.87261		
34.9		0.87259		
34.91		0.87256		
34.92		0.87254		
34.93		0.87251		
34.94		0.87249		
34.95		0.87246		
34.96		0.87244		
34.97		0.87241		
34.98		0.87239		
34.99		0.87236		
35		0.87234		
35.01		0.87231		
35.02		0.87229		
35.03		0.87226		
35.04		0.87224		
35.05		0.87221		
35.06		0.87219		
35.07		0.87216		
35.08		0.87214		
35.09		0.87211		
35.1		0.87209		
35.11		0.87207		
35.12		0.87204		
35.13		0.87202		
35.14		0.87199		
35.15		0.87197		
35.16		0.87194		
35.17		0.87192		
35.18		0.8719		
35.19		0.87187		
35.2		0.87185		
35.21		0.87182		
35.22		0.8718		
35.23		0.87178		
35.24		0.87175		
35.25		0.87173		
35.26		0.8717		
35.27		0.87168		
35.28		0.87166		
35.29		0.87163		
35.3		0.87161		
35.31		0.87159		
35.32		0.87156		
35.33		0.87154		
35.34		0.87151		
35.35		0.87149		
35.36		0.87147		
35.37		0.87144		
35.38		0.87142		
35.39		0.8714		
35.4		0.87137		
35.41		0.87135		
35.42		0.87133		
35.43		0.8713		
35.44		0.87128		
35.45		0.87126		
35.46		0.87124		
35.47		0.87121		
35.48		0.87119		
35.49		0.87117		
35.5		0.87114		
35.51		0.87112		
35.52		0.8711		
35.53		0.87107		
35.54		0.87105		
35.55		0.87103		
35.56		0.87101		
35.57		0.87098		
35.58		0.87096		
35.59		0.87094		
35.6		0.87092		
35.61		0.87089		
35.62		0.87087		
35.63		0.87085		
35.64		0.87083		
35.65		0.8708		
35.66		0.87078		
35.67		0.87076		
35.68		0.87074		
35.69		0.87072		
35.7		0.87069		
35.71		0.87067		
35.72		0.87065		
35.73		0.87063		
35.74		0.8706		
35.75		0.87058		
35.76		0.87056		
35.77		0.87054		
35.78		0.87052		
35.79		0.8705		
35.8		0.87047		
35.81		0.87045		
35.82		0.87043		
35.83		0.87041		
35.84		0.87039		
35.85		0.87037		
35.86		0.87034		
35.87		0.87032		
35.88		0.8703		
35.89		0.87028		
35.9		0.87026		
35.91		0.87024		
35.92		0.87022		
35.93		0.87019		
35.94		0.87017		
35.95		0.87015		
35.96		0.87013		
35.97		0.87011		
35.98		0.87009		
35.99		0.87007		
36		0.87005		
36.01		0.87003		
36.02		0.87		
36.03		0.86998		
36.04		0.86996		
36.05		0.86994		
36.06		0.86992		
36.07		0.8699		
36.08		0.86988		
36.09		0.86986		
36.1		0.86984		
36.11		0.86982		
36.12		0.8698		
36.13		0.86978		
36.14		0.86976		
36.15		0.86974		
36.16		0.86971		
36.17		0.86969		
36.18		0.86967		
36.19		0.86965		
36.2		0.86963		
36.21		0.86961		
36.22		0.86959		
36.23		0.86957		
36.24		0.86955		
36.25		0.86953		
36.26		0.86951		
36.27		0.86949		
36.28		0.86947		
36.29		0.86945		
36.3		0.86943		
36.31		0.86941		
36.32		0.86939		
36.33		0.86937		
36.34		0.86935		
36.35		0.86933		
36.36		0.86931		
36.37		0.86929		
36.38		0.86927		
36.39		0.86926		
36.4		0.86924		
36.41		0.86922		
36.42		0.8692		
36.43		0.86918		
36.44		0.86916		
36.45		0.86914		
36.46		0.86912		
36.47		0.8691		
36.48		0.86908		
36.49		0.86906		
36.5		0.86904		
36.51		0.86902		
36.52		0.869		
36.53		0.86898		
36.54		0.86897		
36.55		0.86895		
36.56		0.86893		
36.57		0.86891		
36.58		0.86889		
36.59		0.86887		
36.6		0.86885		
36.61		0.86883		
36.62		0.86881		
36.63		0.8688		
36.64		0.86878		
36.65		0.86876		
36.66		0.86874		
36.67		0.86872		
36.68		0.8687		
36.69		0.86868		
36.7		0.86867		
36.71		0.86865		
36.72		0.86863		
36.73		0.86861		
36.74		0.86859		
36.75		0.86857		
36.76		0.86856		
36.77		0.86854		
36.78		0.86852		
36.79		0.8685		
36.8		0.86848		
36.81		0.86846		
36.82		0.86845		
36.83		0.86843		
36.84		0.86841		
36.85		0.86839		
36.86		0.86837		
36.87		0.86836		
36.88		0.86834		
36.89		0.86832		
36.9		0.8683		
36.91		0.86829		
36.92		0.86827		
36.93		0.86825		
36.94		0.86823		
36.95		0.86821		
36.96		0.8682		
36.97		0.86818		
36.98		0.86816		
36.99		0.86814		
37		0.86813		
37.01		0.86811		
37.02		0.86809		
37.03		0.86808		
37.04		0.86806		
37.05		0.86804		
37.06		0.86802		
37.07		0.86801		
37.08		0.86799		
37.09		0.86797		
37.1		0.86795		
37.11		0.86794		
37.12		0.86792		
37.13		0.8679		
37.14		0.86789		
37.15		0.86787		
37.16		0.86785		
37.17		0.86784		
37.18		0.86782		
37.19		0.8678		
37.2		0.86779		
37.21		0.86777		
37.22		0.86775		
37.23		0.86774		
37.24		0.86772		
37.25		0.8677		
37.26		0.86769		
37.27		0.86767		
37.28		0.86765		
37.29		0.86764		
37.3		0.86762		
37.31		0.8676		
37.32		0.86759		
37.33		0.86757		
37.34		0.86755		
37.35		0.86754		
37.36		0.86752		
37.37		0.86751		
37.38		0.86749		
37.39		0.86747		
37.4		0.86746		
37.41		0.86744		
37.42		0.86743		
37.43		0.86741		
37.44		0.86739		
37.45		0.86738		
37.46		0.86736		
37.47		0.86735		
37.48		0.86733		
37.49		0.86731		
37.5		0.8673		
37.51		0.86728		
37.52		0.86727		
37.53		0.86725		
37.54		0.86724		
37.55		0.86722		
37.56		0.86721		
37.57		0.86719		
37.58		0.86717		
37.59		0.86716		
37.6		0.86714		
37.61		0.86713		
37.62		0.86711		
37.63		0.8671		
37.64		0.86708		
37.65		0.86707		
37.66		0.86705		
37.67		0.86704		
37.68		0.86702		
37.69		0.86701		
37.7		0.86699		
37.71		0.86698		
37.72		0.86696		
37.73		0.86695		
37.74		0.86693		
37.75		0.86692		
37.76		0.8669		
37.77		0.86689		
37.78		0.86687		
37.79		0.86686		
37.8		0.86684		
37.81		0.86683		
37.82		0.86681		
37.83		0.8668		
37.84		0.86678		
37.85		0.86677		
37.86		0.86675		
37.87		0.86674		
37.88		0.86673		
37.89		0.86671		
37.9		0.8667		
37.91		0.86668		
37.92		0.86667		
37.93		0.86665		
37.94		0.86664		
37.95		0.86662		
37.96		0.86661		
37.97		0.8666		
37.98		0.86658		
37.99		0.86657		
38		0.86655		
38.01		0.86654		
38.02		0.86653		
38.03		0.86651		
38.04		0.8665		
38.05		0.86648		
38.06		0.86647		
38.07		0.86646		
38.08		0.86644		
38.09		0.86643		
38.1		0.86641		
38.11		0.8664		
38.12		0.86639		
38.13		0.86637		
38.14		0.86636		
38.15		0.86635		
38.16		0.86633		
38.17		0.86632		
38.18		0.86631		
38.19		0.86629		
38.2		0.86628		
38.21		0.86627		
38.22		0.86625		
38.23		0.86624		
38.24		0.86623		
38.25		0.86621		
38.26		0.8662		
38.27		0.86619		
38.28		0.86617		
38.29		0.86616		
38.3		0.86615		
38.31		0.86613		
38.32		0.86612		
38.33		0.86611		
38.34		0.86609		
38.35		0.86608		
38.36		0.86607		
38.37		0.86605		
38.38		0.86604		
38.39		0.86603		
38.4		0.86602		
38.41		0.866		
38.42		0.86599		
38.43		0.86598		
38.44		0.86597		
38.45		0.86595		
38.46		0.86594		
38.47		0.86593		
38.48		0.86591		
38.49		0.8659		
38.5		0.86589		
38.51		0.86588		
38.52		0.86586		
38.53		0.86585		
38.54		0.86584		
38.55		0.86583		
38.56		0.86581		
38.57		0.8658		
38.58		0.86579		
38.59		0.86578		
38.6		0.86577		
38.61		0.86575		
38.62		0.86574		
38.63		0.86573		
38.64		0.86572		
38.65		0.86571		
38.66		0.86569		
38.67		0.86568		
38.68		0.86567		
38.69		0.86566		
38.7		0.86565		
38.71		0.86563		
38.72		0.86562		
38.73		0.86561		
38.74		0.8656		
38.75		0.86559		
38.76		0.86557		
38.77		0.86556		
38.78		0.86555		
38.79		0.86554		
38.8		0.86553		
38.81		0.86552		
38.82		0.8655		
38.83		0.86549		
38.84		0.86548		
38.85		0.86547		
38.86		0.86546		
38.87		0.86545		
38.88		0.86544		
38.89		0.86543		
38.9		0.86541		
38.91		0.8654		
38.92		0.86539		
38.93		0.86538		
38.94		0.86537		
38.95		0.86536		
38.96		0.86535		
38.97		0.86534		
38.98		0.86532		
38.99		0.86531		
39		0.8653		
39.01		0.86529		
39.02		0.86528		
39.03		0.86527		
39.04		0.86526		
39.05		0.86525		
39.06		0.86524		
39.07		0.86523		
39.08		0.86522		
39.09		0.8652		
39.1		0.86519		
39.11		0.86518		
39.12		0.86517		
39.13		0.86516		
39.14		0.86515		
39.15		0.86514		
39.16		0.86513		
39.17		0.86512		
39.18		0.86511		
39.19		0.8651		
39.2		0.86509		
39.21		0.86508		
39.22		0.86507		
39.23		0.86506		
39.24		0.86505		
39.25		0.86504		
39.26		0.86503		
39.27		0.86502		
39.28		0.86501		
39.29		0.865		
39.3		0.86499		
39.31		0.86498		
39.32		0.86497		
39.33		0.86496		
39.34		0.86495		
39.35		0.86494		
39.36		0.86493		
39.37		0.86492		
39.38		0.86491		
39.39		0.8649		
39.4		0.86489		
39.41		0.86488		
39.42		0.86487		
39.43		0.86486		
39.44		0.86485		
39.45		0.86484		
39.46		0.86483		
39.47		0.86482		
39.48		0.86481		
39.49		0.8648		
39.5		0.86479		
39.51		0.86478		
39.52		0.86477		
39.53		0.86476		
39.54		0.86475		
39.55		0.86474		
39.56		0.86473		
39.57		0.86472		
39.58		0.86471		
39.59		0.86471		
39.6		0.8647		
39.61		0.86469		
39.62		0.86468		
39.63		0.86467		
39.64		0.86466		
39.65		0.86465		
39.66		0.86464		
39.67		0.86463		
39.68		0.86462		
39.69		0.86461		
39.7		0.86461		
39.71		0.8646		
39.72		0.86459		
39.73		0.86458		
39.74		0.86457		
39.75		0.86456		
39.76		0.86455		
39.77		0.86454		
39.78		0.86453		
39.79		0.86453		
39.8		0.86452		
39.81		0.86451		
39.82		0.8645		
39.83		0.86449		
39.84		0.86448		
39.85		0.86447		
39.86		0.86447		
39.87		0.86446		
39.88		0.86445		
39.89		0.86444		
39.9		0.86443		
39.91		0.86442		
39.92		0.86442		
39.93		0.86441		
39.94		0.8644		
39.95		0.86439		
39.96		0.86438		
39.97		0.86437		
39.98		0.86437		
39.99		0.86436		
40		0.86435		
40.01		0.86434		
40.02		0.86433		
40.03		0.86433		
40.04		0.86432		
40.05		0.86431		
40.06		0.8643		
40.07		0.86429		
40.08		0.86429		
40.09		0.86428		
40.1		0.86427		
40.11		0.86426		
40.12		0.86425		
40.13		0.86425		
40.14		0.86424		
40.15		0.86423		
40.16		0.86422		
40.17		0.86422		
40.18		0.86421		
40.19		0.8642		
40.2		0.86419		
40.21		0.86419		
40.22		0.86418		
40.23		0.86417		
40.24		0.86416		
40.25		0.86416		
40.26		0.86415		
40.27		0.86414		
40.28		0.86413		
40.29		0.86413		
40.3		0.86412		
40.31		0.86411		
40.32		0.8641		
40.33		0.8641		
40.34		0.86409		
40.35		0.86408		
40.36		0.86408		
40.37		0.86407		
40.38		0.86406		
40.39		0.86405		
40.4		0.86405		
40.41		0.86404		
40.42		0.86403		
40.43		0.86403		
40.44		0.86402		
40.45		0.86401		
40.46		0.86401		
40.47		0.864		
40.48		0.86399		
40.49		0.86398		
40.5		0.86398		
40.51		0.86397		
40.52		0.86396		
40.53		0.86396		
40.54		0.86395		
40.55		0.86394		
40.56		0.86394		
40.57		0.86393		
40.58		0.86392		
40.59		0.86392		
40.6		0.86391		
40.61		0.86391		
40.62		0.8639		
40.63		0.86389		
40.64		0.86389		
40.65		0.86388		
40.66		0.86387		
40.67		0.86387		
40.68		0.86386		
40.69		0.86385		
40.7		0.86385		
40.71		0.86384		
40.72		0.86384		
40.73		0.86383		
40.74		0.86382		
40.75		0.86382		
40.76		0.86381		
40.77		0.86381		
40.78		0.8638		
40.79		0.86379		
40.8		0.86379		
40.81		0.86378		
40.82		0.86378		
40.83		0.86377		
40.84		0.86376		
40.85		0.86376		
40.86		0.86375		
40.87		0.86375		
40.88		0.86374		
40.89		0.86373		
40.9		0.86373		
40.91		0.86372		
40.92		0.86372		
40.93		0.86371		
40.94		0.86371		
40.95		0.8637		
40.96		0.86369		
40.97		0.86369		
40.98		0.86368		
40.99		0.86368		
41		0.86367		
41.01		0.86367		
41.02		0.86366		
41.03		0.86366		
41.04		0.86365		
41.05		0.86365		
41.06		0.86364		
41.07		0.86364		
41.08		0.86363		
41.09		0.86362		
41.1		0.86362		
41.11		0.86361		
41.12		0.86361		
41.13		0.8636		
41.14		0.8636		
41.15		0.86359		
41.16		0.86359		
41.17		0.86358		
41.18		0.86358		
41.19		0.86357		
41.2		0.86357		
41.21		0.86356		
41.22		0.86356		
41.23		0.86355		
41.24		0.86355		
41.25		0.86354		
41.26		0.86354		
41.27		0.86353		
41.28		0.86353		
41.29		0.86353		
41.3		0.86352		
41.31		0.86352		
41.32		0.86351		
41.33		0.86351		
41.34		0.8635		
41.35		0.8635		
41.36		0.86349		
41.37		0.86349		
41.38		0.86348		
41.39		0.86348		
41.4		0.86348		
41.41		0.86347		
41.42		0.86347		
41.43		0.86346		
41.44		0.86346		
41.45		0.86345		
41.46		0.86345		
41.47		0.86344		
41.48		0.86344		
41.49		0.86344		
41.5		0.86343		
41.51		0.86343		
41.52		0.86342		
41.53		0.86342		
41.54		0.86342		
41.55		0.86341		
41.56		0.86341		
41.57		0.8634		
41.58		0.8634		
41.59		0.8634		
41.6		0.86339		
41.61		0.86339		
41.62		0.86338		
41.63		0.86338		
41.64		0.86338		
41.65		0.86337		
41.66		0.86337		
41.67		0.86336		
41.68		0.86336		
41.69		0.86336		
41.7		0.86335		
41.71		0.86335		
41.72		0.86335		
41.73		0.86334		
41.74		0.86334		
41.75		0.86333		
41.76		0.86333		
41.77		0.86333		
41.78		0.86332		
41.79		0.86332		
41.8		0.86332		
41.81		0.86331		
41.82		0.86331		
41.83		0.86331		
41.84		0.8633		
41.85		0.8633		
41.86		0.8633		
41.87		0.86329		
41.88		0.86329		
41.89		0.86329		
41.9		0.86328		
41.91		0.86328		
41.92		0.86328		
41.93		0.86327		
41.94		0.86327		
41.95		0.86327		
41.96		0.86326		
41.97		0.86326		
41.98		0.86326		
41.99		0.86326		
42		0.86325		
42.01		0.86325		
42.02		0.86325		
42.03		0.86324		
42.04		0.86324		
42.05		0.86324		
42.06		0.86323		
42.07		0.86323		
42.08		0.86323		
42.09		0.86323		
42.1		0.86322		
42.11		0.86322		
42.12		0.86322		
42.13		0.86322		
42.14		0.86321		
42.15		0.86321		
42.16		0.86321		
42.17		0.86321		
42.18		0.8632		
42.19		0.8632		
42.2		0.8632		
42.21		0.86319		
42.22		0.86319		
42.23		0.86319		
42.24		0.86319		
42.25		0.86319		
42.26		0.86318		
42.27		0.86318		
42.28		0.86318		
42.29		0.86318		
42.3		0.86317		
42.31		0.86317		
42.32		0.86317		
42.33		0.86317		
42.34		0.86316		
42.35		0.86316		
42.36		0.86316		
42.37		0.86316		
42.38		0.86316		
42.39		0.86315		
42.4		0.86315		
42.41		0.86315		
42.42		0.86315		
42.43		0.86315		
42.44		0.86314		
42.45		0.86314		
42.46		0.86314		
42.47		0.86314		
42.48		0.86314		
42.49		0.86313		
42.5		0.86313		
42.51		0.86313		
42.52		0.86313		
42.53		0.86313		
42.54		0.86313		
42.55		0.86312		
42.56		0.86312		
42.57		0.86312		
42.58		0.86312		
42.59		0.86312		
42.6		0.86312		
42.61		0.86311		
42.62		0.86311		
42.63		0.86311		
42.64		0.86311		
42.65		0.86311		
42.66		0.86311		
42.67		0.86311		
42.68		0.86311		
42.69		0.8631		
42.7		0.8631		
42.71		0.8631		
42.72		0.8631		
42.73		0.8631		
42.74		0.8631		
42.75		0.8631		
42.76		0.8631		
42.77		0.86309		
42.78		0.86309		
42.79		0.86309		
42.8		0.86309		
42.81		0.86309		
42.82		0.86309		
42.83		0.86309		
42.84		0.86309		
42.85		0.86309		
42.86		0.86309		
42.87		0.86308		
42.88		0.86308		
42.89		0.86308		
42.9		0.86308		
42.91		0.86308		
42.92		0.86308		
42.93		0.86308		
42.94		0.86308		
42.95		0.86308		
42.96		0.86308		
42.97		0.86308		
42.98		0.86308		
42.99		0.86308		
43		0.86308		
43.01		0.86307		
43.02		0.86307		
43.03		0.86307		
43.04		0.86307		
43.05		0.86307		
43.06		0.86307		
43.07		0.86307		
43.08		0.86307		
43.09		0.86307		
43.1		0.86307		
43.11		0.86307		
43.12		0.86307		
43.13		0.86307		
43.14		0.86307		
43.15		0.86307		
43.16		0.86307		
43.17		0.86307		
43.18		0.86307		
43.19		0.86307		
43.2		0.86307		
43.21		0.86307		
43.22		0.86307		
43.23		0.86307		
43.24		0.86307		
43.25		0.86307		
43.26		0.86307		
43.27		0.86307		
43.28		0.86307		
43.29		0.86307		
43.3		0.86307		
43.31		0.86307		
43.32		0.86307		
43.33		0.86307		
43.34		0.86307		
43.35		0.86307		
43.36		0.86307		
43.37		0.86307		
43.38		0.86307		
43.39		0.86307		
43.4		0.86307		
43.41		0.86307		
43.42		0.86307		
43.43		0.86307		
43.44		0.86307		
43.45		0.86307		
43.46		0.86307		
43.47		0.86307		
43.48		0.86307		
43.49		0.86308		
43.5		0.86308		
43.51		0.86308		
43.52		0.86308		
43.53		0.86308		
43.54		0.86308		
43.55		0.86308		
43.56		0.86308		
43.57		0.86308		
43.58		0.86308		
43.59		0.86308		
43.6		0.86308		
43.61		0.86308		
43.62		0.86308		
43.63		0.86308		
43.64		0.86309		
43.65		0.86309		
43.66		0.86309		
43.67		0.86309		
43.68		0.86309		
43.69		0.86309		
43.7		0.86309		
43.71		0.86309		
43.72		0.86309		
43.73		0.86309		
43.74		0.8631		
43.75		0.8631		
43.76		0.8631		
43.77		0.8631		
43.78		0.8631		
43.79		0.8631		
43.8		0.8631		
43.81		0.8631		
43.82		0.8631		
43.83		0.86311		
43.84		0.86311		
43.85		0.86311		
43.86		0.86311		
43.87		0.86311		
43.88		0.86311		
43.89		0.86312		
43.9		0.86312		
43.91		0.86312		
43.92		0.86313		
43.93		0.86313		
43.94		0.86314		
43.95		0.86315		
43.96		0.86315		
43.97		0.86316		
43.98		0.86317		
43.99		0.86317		
44		0.86318		
44.01		0.86319		
44.02		0.8632		
44.03		0.86321		
44.04		0.86322		
44.05		0.86323		
44.06		0.86324		
44.07		0.86326		
44.08		0.86327		
44.09		0.86328		
44.1		0.86329		
44.11		0.86331		
44.12		0.86332		
44.13		0.86334		
44.14		0.86335		
44.15		0.86337		
44.16		0.86338		
44.17		0.8634		
44.18		0.86342		
44.19		0.86344		
44.2		0.86345		
44.21		0.86347		
44.22		0.86349		
44.23		0.86351		
44.24		0.86353		
44.25		0.86355		
44.26		0.86357		
44.27		0.86359		
44.28		0.86361		
44.29		0.86364		
44.3		0.86366		
44.31		0.86368		
44.32		0.86371		
44.33		0.86373		
44.34		0.86375		
44.35		0.86378		
44.36		0.8638		
44.37		0.86383		
44.38		0.86386		
44.39		0.86388		
44.4		0.86391		
44.41		0.86394		
44.42		0.86396		
44.43		0.86399		
44.44		0.86402		
44.45		0.86405		
44.46		0.86408		
44.47		0.86411		
44.48		0.86414		
44.49		0.86417		
44.5		0.8642		
44.51		0.86424		
44.52		0.86427		
44.53		0.8643		
44.54		0.86433		
44.55		0.86437		
44.56		0.8644		
44.57		0.86443		
44.58		0.86447		
44.59		0.8645		
44.6		0.86454		
44.61		0.86458		
44.62		0.86461		
44.63		0.86465		
44.64		0.86469		
44.65		0.86472		
44.66		0.86476		
44.67		0.8648		
44.68		0.86484		
44.69		0.86488		
44.7		0.86492		
44.71		0.86496		
44.72		0.865		
44.73		0.86504		
44.74		0.86508		
44.75		0.86512		
44.76		0.86516		
44.77		0.8652		
44.78		0.86525		
44.79		0.86529		
44.8		0.86533		
44.81		0.86538		
44.82		0.86542		
44.83		0.86546		
44.84		0.86551		
44.85		0.86555		
44.86		0.8656		
44.87		0.86564		
44.88		0.86569		
44.89		0.86574		
44.9		0.86578		
44.91		0.86583		
44.92		0.86588		
44.93		0.86593		
44.94		0.86597		
44.95		0.86602		
44.96		0.86607		
44.97		0.86612		
44.98		0.86617		
44.99		0.86622		
45		0.86627		
45.01		0.86632		
45.02		0.86637		
45.03		0.86642		
45.04		0.86648		
45.05		0.86653		
45.06		0.86658		
45.07		0.86663		
45.08		0.86669		
45.09		0.86674		
45.1		0.86679		
45.11		0.86685		
45.12		0.8669		
45.13		0.86695		
45.14		0.86701		
45.15		0.86706		
45.16		0.86712		
45.17		0.86718		
45.18		0.86723		
45.19		0.86729		
45.2		0.86734		
45.21		0.8674		
45.22		0.86746		
45.23		0.86752		
45.24		0.86757		
45.25		0.86763		
45.26		0.86769		
45.27		0.86775		
45.28		0.86781		
45.29		0.86787		
45.3		0.86793		
45.31		0.86799		
45.32		0.86805		
45.33		0.86811		
45.34		0.86817		
45.35		0.86823		
45.36		0.86829		
45.37		0.86835		
45.38		0.86841		
45.39		0.86848		
45.4		0.86854		
45.41		0.8686		
45.42		0.86866		
45.43		0.86873		
45.44		0.86879		
45.45		0.86885		
45.46		0.86892		
45.47		0.86898		
45.48		0.86905		
45.49		0.86911		
45.5		0.86918		
45.51		0.86924		
45.52		0.86931		
45.53		0.86937		
45.54		0.86944		
45.55		0.8695		
45.56		0.86957		
45.57		0.86964		
45.58		0.8697		
45.59		0.86977		
45.6		0.86984		
45.61		0.86991		
45.62		0.86997		
45.63		0.87004		
45.64		0.87011		
45.65		0.87018		
45.66		0.87025		
45.67		0.87032		
45.68		0.87039		
45.69		0.87046		
45.7		0.87052		
45.71		0.87059		
45.72		0.87066		
45.73		0.87074		
45.74		0.87081		
45.75		0.87088		
45.76		0.87095		
45.77		0.87102		
45.78		0.87109		
45.79		0.87116		
45.8		0.87123		
45.81		0.87131		
45.82		0.87138		
45.83		0.87145		
45.84		0.87152		
45.85		0.8716		
45.86		0.87167		
45.87		0.87174		
45.88		0.87182		
45.89		0.87189		
45.9		0.87196		
45.91		0.87204		
45.92		0.87211		
45.93		0.87219		
45.94		0.87226		
45.95		0.87234		
45.96		0.87241		
45.97		0.87249		
45.98		0.87256		
45.99		0.87264		
46		0.87271		
46.01		0.87279		
46.02		0.87287		
46.03		0.87294		
46.04		0.87302		
46.05		0.8731		
46.06		0.87317		
46.07		0.87325		
46.08		0.87333		
46.09		0.87341		
46.1		0.87348		
46.11		0.87356		
46.12		0.87364		
46.13		0.87372		
46.14		0.8738		
46.15		0.87387		
46.16		0.87395		
46.17		0.87403		
46.18		0.87411		
46.19		0.87419		
46.2		0.87427		
46.21		0.87435		
46.22		0.87443		
46.23		0.87451		
46.24		0.87459		
46.25		0.87467		
46.26		0.87475		
46.27		0.87483		
46.28		0.87491		
46.29		0.87499		
46.3		0.87507		
46.31		0.87515		
46.32		0.87524		
46.33		0.87532		
46.34		0.8754		
46.35		0.87548		
46.36		0.87556		
46.37		0.87565		
46.38		0.87573		
46.39		0.87581		
46.4		0.87589		
46.41		0.87598		
46.42		0.87606		
46.43		0.87614		
46.44		0.87622		
46.45		0.87631		
46.46		0.87639		
46.47		0.87647		
46.48		0.87656		
46.49		0.87664		
46.5		0.87673		
46.51		0.87681		
46.52		0.87689		
46.53		0.87698		
46.54		0.87706		
46.55		0.87715		
46.56		0.87723		
46.57		0.87732		
46.58		0.8774		
46.59		0.87749		
46.6		0.87757		
46.61		0.87766		
46.62		0.87774		
46.63		0.87783		
46.64		0.87792		
46.65		0.878		
46.66		0.87809		
46.67		0.87817		
46.68		0.87826		
46.69		0.87835		
46.7		0.87843		
46.71		0.87852		
46.72		0.87861		
46.73		0.87869		
46.74		0.87878		
46.75		0.87887		
46.76		0.87896		
46.77		0.87904		
46.78		0.87913		
46.79		0.87922		
46.8		0.87931		
46.81		0.87939		
46.82		0.87948		
46.83		0.87957		
46.84		0.87966		
46.85		0.87975		
46.86		0.87983		
46.87		0.87992		
46.88		0.88001		
46.89		0.8801		
46.9		0.88019		
46.91		0.88028		
46.92		0.88037		
46.93		0.88046		
46.94		0.88055		
46.95		0.88064		
46.96		0.88073		
46.97		0.88081		
46.98		0.8809		
46.99		0.88099		
47		0.88108		
47.01		0.88117		
47.02		0.88126		
47.03		0.88135		
47.04		0.88144		
47.05		0.88154		
47.06		0.88163		
47.07		0.88172		
47.08		0.88181		
47.09		0.8819		
47.1		0.88199		
47.11		0.88208		
47.12		0.88217		
47.13		0.88226		
47.14		0.88235		
47.15		0.88244		
47.16		0.88254		
47.17		0.88263		
47.18		0.88272		
47.19		0.88281		
47.2		0.8829		
47.21		0.88299		
47.22		0.88309		
47.23		0.88318		
47.24		0.88327		
47.25		0.88336		
47.26		0.88346		
47.27		0.88355		
47.28		0.88364		
47.29		0.88373		
47.3		0.88383		
47.31		0.88392		
47.32		0.88401		
47.33		0.8841		
47.34		0.8842		
47.35		0.88429		
47.36		0.88438		
47.37		0.88448		
47.38		0.88457		
47.39		0.88466		
47.4		0.88476		
47.41		0.88485		
47.42		0.88494		
47.43		0.88504		
47.44		0.88513		
47.45		0.88522		
47.46		0.88532		
47.47		0.88541		
47.48		0.88551		
47.49		0.8856		
47.5		0.8857		
47.51		0.88579		
47.52		0.88588		
47.53		0.88598		
47.54		0.88607		
47.55		0.88617		
47.56		0.88626		
47.57		0.88636		
47.58		0.88645		
47.59		0.88655		
47.6		0.88664		
47.61		0.88674		
47.62		0.88683		
47.63		0.88693		
47.64		0.88702		
47.65		0.88712		
47.66		0.88721		
47.67		0.88731		
47.68		0.8874		
47.69		0.8875		
47.7		0.88759		
47.71		0.88769		
47.72		0.88778		
47.73		0.88788		
47.74		0.88798		
47.75		0.88807		
47.76		0.88817		
47.77		0.88826		
47.78		0.88836		
47.79		0.88846		
47.8		0.88855		
47.81		0.88865		
47.82		0.88874		
47.83		0.88884		
47.84		0.88894		
47.85		0.88903		
47.86		0.88913		
47.87		0.88923		
47.88		0.88932		
47.89		0.88942		
47.9		0.88952		
47.91		0.88961		
47.92		0.88971		
47.93		0.88981		
47.94		0.8899		
47.95		0.89		
47.96		0.8901		
47.97		0.89019		
47.98		0.89029		
47.99		0.89039		
48		0.89048		
48.01		0.89058		
48.02		0.89068		
48.03		0.89078		
48.04		0.89087		
48.05		0.89097		
48.06		0.89107		
48.07		0.89117		
48.08		0.89126		
48.09		0.89136		
48.1		0.89146		
48.11		0.89156		
48.12		0.89165		
48.13		0.89175		
48.14		0.89185		
48.15		0.89195		
48.16		0.89205		
48.17		0.89214		
48.18		0.89224		
48.19		0.89234		
48.2		0.89244		
48.21		0.89254		
48.22		0.89263		
48.23		0.89273		
48.24		0.89283		
48.25		0.89293		
48.26		0.89303		
48.27		0.89312		
48.28		0.89322		
48.29		0.89332		
48.3		0.89342		
48.31		0.89352		
48.32		0.89362		
48.33		0.89372		
48.34		0.89381		
48.35		0.89391		
48.36		0.89401		
48.37		0.89411		
48.38		0.89421		
48.39		0.89431		
48.4		0.89441		
48.41		0.8945		
48.42		0.8946		
48.43		0.8947		
48.44		0.8948		
48.45		0.8949		
48.46		0.895		
48.47		0.8951		
48.48		0.8952		
48.49		0.8953		
48.5		0.89539		
48.51		0.89549		
48.52		0.89559		
48.53		0.89569		
48.54		0.89579		
48.55		0.89589		
48.56		0.89599		
48.57		0.89609		
48.58		0.89619		
48.59		0.89629		
48.6		0.89639		
48.61		0.89649		
48.62		0.89658		
48.63		0.89668		
48.64		0.89678		
48.65		0.89688		
48.66		0.89698		
48.67		0.89708		
48.68		0.89718		
48.69		0.89728		
48.7		0.89738		
48.71		0.89748		
48.72		0.89758		
48.73		0.89768		
48.74		0.89778		
48.75		0.89788		
48.76		0.89798		
48.77		0.89808		
48.78		0.89818		
48.79		0.89828		
48.8		0.89838		
48.81		0.89848		
48.82		0.89858		
48.83		0.89868		
48.84		0.89878		
48.85		0.89888		
48.86		0.89898		
48.87		0.89908		
48.88		0.89917		
48.89		0.89927		
48.9		0.89937		
48.91		0.89947		
48.92		0.89957		
48.93		0.89967		
48.94		0.89977		
48.95		0.89987		
48.96		0.89997		
48.97		0.90007		
48.98		0.90017		
48.99		0.90027		
49		0.90037		
49.01		0.90047		
49.02		0.90057		
49.03		0.90067		
49.04		0.90077		
49.05		0.90087		
49.06		0.90097		
49.07		0.90107		
49.08		0.90117		
49.09		0.90127		
49.1		0.90137		
49.11		0.90147		
49.12		0.90157		
49.13		0.90167		
49.14		0.90177		
49.15		0.90187		
49.16		0.90197		
49.17		0.90207		
49.18		0.90218		
49.19		0.90228		
49.2		0.90238		
49.21		0.90248		
49.22		0.90258		
49.23		0.90268		
49.24		0.90278		
49.25		0.90288		
49.26		0.90298		
49.27		0.90308		
49.28		0.90318		
49.29		0.90328		
49.3		0.90338		
49.31		0.90348		
49.32		0.90358		
49.33		0.90368		
49.34		0.90378		
49.35		0.90388		
49.36		0.90398		
49.37		0.90408		
49.38		0.90418		
49.39		0.90428		
49.4		0.90438		
49.41		0.90448		
49.42		0.90458		
49.43		0.90468		
49.44		0.90478		
49.45		0.90488		
49.46		0.90498		
49.47		0.90508		
49.48		0.90518		
49.49		0.90528		
49.5		0.90538		
49.51		0.90548		
49.52		0.90558		
49.53		0.90568		
49.54		0.90578		
49.55		0.90588		
49.56		0.90598		
49.57		0.90608		
49.58		0.90618		
49.59		0.90628		
49.6		0.90638		
49.61		0.90648		
49.62		0.90658		
49.63		0.90668		
49.64		0.90678		
49.65		0.90688		
49.66		0.90698		
49.67		0.90708		
49.68		0.90718		
49.69		0.90728		
49.7		0.90738		
49.71		0.90748		
49.72		0.90758		
49.73		0.90768		
49.74		0.90778		
49.75		0.90788		
49.76		0.90798		
49.77		0.90808		
49.78		0.90818		
49.79		0.90828		
49.8		0.90838		
49.81		0.90848		
49.82		0.90858		
49.83		0.90868		
49.84		0.90878		
49.85		0.90888		
49.86		0.90898		
49.87		0.90908		
49.88		0.90918		
49.89		0.90928		
49.9		0.90938		
49.91		0.90948		
49.92		0.90958		
49.93		0.90968		
49.94		0.90977		
49.95		0.90987		
49.96		0.90997		
49.97		0.91007		
49.98		0.91017		
49.99		0.91027		
50		0.91037		
