t [fm]		az
0.25		0.18027
0.26		0.48304		
0.27		0.56934		
0.28		0.6017		
0.29		0.61184		
0.3		0.61131		
0.31		0.60531		
0.32		0.59642		
0.33		0.58607		
0.34		0.57507		
0.35		0.56388		
0.36		0.5528		
0.37		0.542		
0.38		0.53158		
0.39		0.5216		
0.4		0.51209		
0.41		0.50306		
0.42		0.49452		
0.43		0.48645		
0.44		0.47886		
0.45		0.47172		
0.46		0.46503		
0.47		0.45876		
0.48		0.4529		
0.49		0.44744		
0.5		0.44237		
0.51		0.43765		
0.52		0.43329		
0.53		0.42927		
0.54		0.42557		
0.55		0.42219		
0.56		0.4191		
0.57		0.41631		
0.58		0.41379		
0.59		0.41153		
0.6		0.40953		
0.61		0.40778		
0.62		0.40627		
0.63		0.40498		
0.64		0.40391		
0.65		0.40304		
0.66		0.40238		
0.67		0.40191		
0.68		0.40163		
0.69		0.40152		
0.7		0.40158		
0.71		0.4018		
0.72		0.40218		
0.73		0.4027		
0.74		0.40337		
0.75		0.40417		
0.76		0.40509		
0.77		0.40614		
0.78		0.40731		
0.79		0.40858		
0.8		0.40996		
0.81		0.41144		
0.82		0.41301		
0.83		0.41467		
0.84		0.41642		
0.85		0.41824		
0.86		0.42013		
0.87		0.4221		
0.88		0.42413		
0.89		0.42622		
0.9		0.42837		
0.91		0.43057		
0.92		0.43282		
0.93		0.43512		
0.94		0.43746		
0.95		0.43984		
0.96		0.44226		
0.97		0.44471		
0.98		0.44719		
0.99		0.44969		
1		0.45223		
1.01		0.45478		
1.02		0.45736		
1.03		0.45995		
1.04		0.46256		
1.05		0.46518		
1.06		0.46781		
1.07		0.47046		
1.08		0.47311		
1.09		0.47577		
1.1		0.47843		
1.11		0.4811		
1.12		0.48377		
1.13		0.48644		
1.14		0.48911		
1.15		0.49177		
1.16		0.49444		
1.17		0.4971		
1.18		0.49975		
1.19		0.5024		
1.2		0.50505		
1.21		0.50769		
1.22		0.51031		
1.23		0.51293		
1.24		0.51554		
1.25		0.51814		
1.26		0.52073		
1.27		0.52331		
1.28		0.52587		
1.29		0.52843		
1.3		0.53097		
1.31		0.5335		
1.32		0.53601		
1.33		0.53851		
1.34		0.541		
1.35		0.54348		
1.36		0.54593		
1.37		0.54838		
1.38		0.55081		
1.39		0.55322		
1.4		0.55562		
1.41		0.55801		
1.42		0.56037		
1.43		0.56273		
1.44		0.56506		
1.45		0.56739		
1.46		0.56969		
1.47		0.57198		
1.48		0.57426		
1.49		0.57651		
1.5		0.57876		
1.51		0.58098		
1.52		0.58319		
1.53		0.58539		
1.54		0.58757		
1.55		0.58973		
1.56		0.59188		
1.57		0.59401		
1.58		0.59613		
1.59		0.59823		
1.6		0.60031		
1.61		0.60238		
1.62		0.60444		
1.63		0.60647		
1.64		0.6085		
1.65		0.61051		
1.66		0.6125		
1.67		0.61448		
1.68		0.61644		
1.69		0.61839		
1.7		0.62032		
1.71		0.62224		
1.72		0.62415		
1.73		0.62604		
1.74		0.62791		
1.75		0.62978		
1.76		0.63162		
1.77		0.63346		
1.78		0.63528		
1.79		0.63708		
1.8		0.63887		
1.81		0.64065		
1.82		0.64242		
1.83		0.64417		
1.84		0.64591		
1.85		0.64763		
1.86		0.64934		
1.87		0.65104		
1.88		0.65273		
1.89		0.6544		
1.9		0.65606		
1.91		0.65771		
1.92		0.65934		
1.93		0.66097		
1.94		0.66258		
1.95		0.66418		
1.96		0.66576		
1.97		0.66734		
1.98		0.6689		
1.99		0.67045		
2		0.67199		
2.01		0.67352		
2.02		0.67504		
2.03		0.67654		
2.04		0.67804		
2.05		0.67952		
2.06		0.68099		
2.07		0.68245		
2.08		0.6839		
2.09		0.68534		
2.1		0.68677		
2.11		0.68819		
2.12		0.6896		
2.13		0.69099		
2.14		0.69238		
2.15		0.69376		
2.16		0.69512		
2.17		0.69648		
2.18		0.69782		
2.19		0.69916		
2.2		0.70049		
2.21		0.7018		
2.22		0.70311		
2.23		0.70441		
2.24		0.70569		
2.25		0.70697		
2.26		0.70824		
2.27		0.7095		
2.28		0.71075		
2.29		0.71199		
2.3		0.71323		
2.31		0.71445		
2.32		0.71566		
2.33		0.71687		
2.34		0.71807		
2.35		0.71926		
2.36		0.72044		
2.37		0.72161		
2.38		0.72277		
2.39		0.72393		
2.4		0.72507		
2.41		0.72621		
2.42		0.72734		
2.43		0.72846		
2.44		0.72958		
2.45		0.73068		
2.46		0.73178		
2.47		0.73287		
2.48		0.73395		
2.49		0.73503		
2.5		0.7361		
2.51		0.73715		
2.52		0.73821		
2.53		0.73925		
2.54		0.74029		
2.55		0.74132		
2.56		0.74234		
2.57		0.74336		
2.58		0.74437		
2.59		0.74537		
2.6		0.74636		
2.61		0.74735		
2.62		0.74833		
2.63		0.7493		
2.64		0.75027		
2.65		0.75123		
2.66		0.75218		
2.67		0.75313		
2.68		0.75407		
2.69		0.75501		
2.7		0.75593		
2.71		0.75685		
2.72		0.75777		
2.73		0.75868		
2.74		0.75958		
2.75		0.76047		
2.76		0.76136		
2.77		0.76225		
2.78		0.76312		
2.79		0.764		
2.8		0.76486		
2.81		0.76572		
2.82		0.76658		
2.83		0.76742		
2.84		0.76827		
2.85		0.7691		
2.86		0.76993		
2.87		0.77076		
2.88		0.77158		
2.89		0.77239		
2.9		0.7732		
2.91		0.774		
2.92		0.7748		
2.93		0.77559		
2.94		0.77638		
2.95		0.77716		
2.96		0.77794		
2.97		0.77871		
2.98		0.77947		
2.99		0.78023		
3		0.78099		
3.01		0.78174		
3.02		0.78248		
3.03		0.78323		
3.04		0.78396		
3.05		0.78469		
3.06		0.78542		
3.07		0.78614		
3.08		0.78685		
3.09		0.78757		
3.1		0.78827		
3.11		0.78898		
3.12		0.78967		
3.13		0.79037		
3.14		0.79105		
3.15		0.79174		
3.16		0.79242		
3.17		0.79309		
3.18		0.79376		
3.19		0.79443		
3.2		0.79509		
3.21		0.79575		
3.22		0.7964		
3.23		0.79705		
3.24		0.79769		
3.25		0.79833		
3.26		0.79897		
3.27		0.7996		
3.28		0.80023		
3.29		0.80085		
3.3		0.80147		
3.31		0.80209		
3.32		0.8027		
3.33		0.80331		
3.34		0.80391		
3.35		0.80451		
3.36		0.80511		
3.37		0.8057		
3.38		0.80629		
3.39		0.80687		
3.4		0.80745		
3.41		0.80803		
3.42		0.8086		
3.43		0.80917		
3.44		0.80974		
3.45		0.8103		
3.46		0.81086		
3.47		0.81142		
3.48		0.81197		
3.49		0.81252		
3.5		0.81306		
3.51		0.8136		
3.52		0.81414		
3.53		0.81468		
3.54		0.81521		
3.55		0.81574		
3.56		0.81626		
3.57		0.81678		
3.58		0.8173		
3.59		0.81781		
3.6		0.81832		
3.61		0.81883		
3.62		0.81934		
3.63		0.81984		
3.64		0.82034		
3.65		0.82083		
3.66		0.82133		
3.67		0.82181		
3.68		0.8223		
3.69		0.82278		
3.7		0.82326		
3.71		0.82374		
3.72		0.82422		
3.73		0.82469		
3.74		0.82516		
3.75		0.82562		
3.76		0.82608		
3.77		0.82654		
3.78		0.827		
3.79		0.82745		
3.8		0.8279		
3.81		0.82835		
3.82		0.8288		
3.83		0.82924		
3.84		0.82968		
3.85		0.83012		
3.86		0.83055		
3.87		0.83099		
3.88		0.83142		
3.89		0.83184		
3.9		0.83227		
3.91		0.83269		
3.92		0.83311		
3.93		0.83352		
3.94		0.83394		
3.95		0.83435		
3.96		0.83476		
3.97		0.83516		
3.98		0.83557		
3.99		0.83597		
4		0.83637		
4.01		0.83676		
4.02		0.83716		
4.03		0.83755		
4.04		0.83794		
4.05		0.83833		
4.06		0.83871		
4.07		0.83909		
4.08		0.83947		
4.09		0.83985		
4.1		0.84023		
4.11		0.8406		
4.12		0.84097		
4.13		0.84134		
4.14		0.84171		
4.15		0.84207		
4.16		0.84243		
4.17		0.84279		
4.18		0.84315		
4.19		0.84351		
4.2		0.84386		
4.21		0.84421		
4.22		0.84456		
4.23		0.84491		
4.24		0.84525		
4.25		0.8456		
4.26		0.84594		
4.27		0.84628		
4.28		0.84661		
4.29		0.84695		
4.3		0.84728		
4.31		0.84761		
4.32		0.84794		
4.33		0.84827		
4.34		0.84859		
4.35		0.84892		
4.36		0.84924		
4.37		0.84956		
4.38		0.84988		
4.39		0.85019		
4.4		0.85051		
4.41		0.85082		
4.42		0.85113		
4.43		0.85144		
4.44		0.85174		
4.45		0.85205		
4.46		0.85235		
4.47		0.85265		
4.48		0.85295		
4.49		0.85325		
4.5		0.85354		
4.51		0.85384		
4.52		0.85413		
4.53		0.85442		
4.54		0.85471		
4.55		0.855		
4.56		0.85528		
4.57		0.85557		
4.58		0.85585		
4.59		0.85613		
4.6		0.85641		
4.61		0.85669		
4.62		0.85696		
4.63		0.85724		
4.64		0.85751		
4.65		0.85778		
4.66		0.85805		
4.67		0.85832		
4.68		0.85858		
4.69		0.85885		
4.7		0.85911		
4.71		0.85937		
4.72		0.85963		
4.73		0.85989		
4.74		0.86015		
4.75		0.8604		
4.76		0.86066		
4.77		0.86091		
4.78		0.86116		
4.79		0.86141		
4.8		0.86166		
4.81		0.86191		
4.82		0.86215		
4.83		0.8624		
4.84		0.86264		
4.85		0.86288		
4.86		0.86312		
4.87		0.86336		
4.88		0.8636		
4.89		0.86383		
4.9		0.86407		
4.91		0.8643		
4.92		0.86454		
4.93		0.86477		
4.94		0.865		
4.95		0.86523		
4.96		0.86546		
4.97		0.86568		
4.98		0.86591		
4.99		0.86613		
5		0.86636		
5.01		0.86658		
5.02		0.8668		
5.03		0.86702		
5.04		0.86723		
5.05		0.86745		
5.06		0.86767		
5.07		0.86788		
5.08		0.86809		
5.09		0.8683		
5.1		0.86851		
5.11		0.86872		
5.12		0.86893		
5.13		0.86914		
5.14		0.86934		
5.15		0.86955		
5.16		0.86975		
5.17		0.86995		
5.18		0.87015		
5.19		0.87035		
5.2		0.87055		
5.21		0.87075		
5.22		0.87094		
5.23		0.87114		
5.24		0.87133		
5.25		0.87153		
5.26		0.87172		
5.27		0.87191		
5.28		0.8721		
5.29		0.87229		
5.3		0.87247		
5.31		0.87266		
5.32		0.87285		
5.33		0.87303		
5.34		0.87321		
5.35		0.8734		
5.36		0.87358		
5.37		0.87376		
5.38		0.87394		
5.39		0.87411		
5.4		0.87429		
5.41		0.87447		
5.42		0.87464		
5.43		0.87482		
5.44		0.87499		
5.45		0.87516		
5.46		0.87533		
5.47		0.87551		
5.48		0.87567		
5.49		0.87584		
5.5		0.87601		
5.51		0.87618		
5.52		0.87634		
5.53		0.87651		
5.54		0.87667		
5.55		0.87684		
5.56		0.877		
5.57		0.87716		
5.58		0.87732		
5.59		0.87748		
5.6		0.87764		
5.61		0.87779		
5.62		0.87795		
5.63		0.87811		
5.64		0.87826		
5.65		0.87842		
5.66		0.87857		
5.67		0.87872		
5.68		0.87887		
5.69		0.87903		
5.7		0.87918		
5.71		0.87932		
5.72		0.87947		
5.73		0.87962		
5.74		0.87977		
5.75		0.87991		
5.76		0.88006		
5.77		0.8802		
5.78		0.88035		
5.79		0.88049		
5.8		0.88063		
5.81		0.88077		
5.82		0.88091		
5.83		0.88105		
5.84		0.88119		
5.85		0.88133		
5.86		0.88147		
5.87		0.8816		
5.88		0.88174		
5.89		0.88187		
5.9		0.88201		
5.91		0.88214		
5.92		0.88227		
5.93		0.88241		
5.94		0.88254		
5.95		0.88267		
5.96		0.8828		
5.97		0.88293		
5.98		0.88306		
5.99		0.88318		
6		0.88331		
6.01		0.88344		
6.02		0.88356		
6.03		0.88369		
6.04		0.88381		
6.05		0.88394		
6.06		0.88406		
6.07		0.88418		
6.08		0.8843		
6.09		0.88443		
6.1		0.88455		
6.11		0.88467		
6.12		0.88479		
6.13		0.8849		
6.14		0.88502		
6.15		0.88514		
6.16		0.88525		
6.17		0.88537		
6.18		0.88549		
6.19		0.8856		
6.2		0.88571		
6.21		0.88583		
6.22		0.88594		
6.23		0.88605		
6.24		0.88616		
6.25		0.88628		
6.26		0.88639		
6.27		0.8865		
6.28		0.8866		
6.29		0.88671		
6.3		0.88682		
6.31		0.88693		
6.32		0.88703		
6.33		0.88714		
6.34		0.88725		
6.35		0.88735		
6.36		0.88746		
6.37		0.88756		
6.38		0.88766		
6.39		0.88777		
6.4		0.88787		
6.41		0.88797		
6.42		0.88807		
6.43		0.88817		
6.44		0.88827		
6.45		0.88837		
6.46		0.88847		
6.47		0.88857		
6.48		0.88867		
6.49		0.88876		
6.5		0.88886		
6.51		0.88896		
6.52		0.88905		
6.53		0.88915		
6.54		0.88924		
6.55		0.88934		
6.56		0.88943		
6.57		0.88952		
6.58		0.88961		
6.59		0.88971		
6.6		0.8898		
6.61		0.88989		
6.62		0.88998		
6.63		0.89007		
6.64		0.89016		
6.65		0.89025		
6.66		0.89034		
6.67		0.89042		
6.68		0.89051		
6.69		0.8906		
6.7		0.89069		
6.71		0.89077		
6.72		0.89086		
6.73		0.89094		
6.74		0.89103		
6.75		0.89111		
6.76		0.8912		
6.77		0.89128		
6.78		0.89136		
6.79		0.89144		
6.8		0.89153		
6.81		0.89161		
6.82		0.89169		
6.83		0.89177		
6.84		0.89185		
6.85		0.89193		
6.86		0.89201		
6.87		0.89209		
6.88		0.89217		
6.89		0.89224		
6.9		0.89232		
6.91		0.8924		
6.92		0.89248		
6.93		0.89255		
6.94		0.89263		
6.95		0.8927		
6.96		0.89278		
6.97		0.89285		
6.98		0.89293		
6.99		0.893		
7		0.89308		
7.01		0.89315		
7.02		0.89322		
7.03		0.89329		
7.04		0.89336		
7.05		0.89344		
7.06		0.89351		
7.07		0.89358		
7.08		0.89365		
7.09		0.89372		
7.1		0.89379		
7.11		0.89386		
7.12		0.89392		
7.13		0.89399		
7.14		0.89406		
7.15		0.89413		
7.16		0.8942		
7.17		0.89426		
7.18		0.89433		
7.19		0.89439		
7.2		0.89446		
7.21		0.89453		
7.22		0.89459		
7.23		0.89466		
7.24		0.89472		
7.25		0.89478		
7.26		0.89485		
7.27		0.89491		
7.28		0.89497		
7.29		0.89504		
7.3		0.8951		
7.31		0.89516		
7.32		0.89522		
7.33		0.89528		
7.34		0.89534		
7.35		0.8954		
7.36		0.89546		
7.37		0.89552		
7.38		0.89558		
7.39		0.89564		
7.4		0.8957		
7.41		0.89576		
7.42		0.89582		
7.43		0.89587		
7.44		0.89593		
7.45		0.89599		
7.46		0.89604		
7.47		0.8961		
7.48		0.89616		
7.49		0.89621		
7.5		0.89627		
7.51		0.89632		
7.52		0.89638		
7.53		0.89643		
7.54		0.89649		
7.55		0.89654		
7.56		0.89659		
7.57		0.89665		
7.58		0.8967		
7.59		0.89675		
7.6		0.8968		
7.61		0.89686		
7.62		0.89691		
7.63		0.89696		
7.64		0.89701		
7.65		0.89706		
7.66		0.89711		
7.67		0.89716		
7.68		0.89721		
7.69		0.89726		
7.7		0.89731		
7.71		0.89736		
7.72		0.89741		
7.73		0.89746		
7.74		0.8975		
7.75		0.89755		
7.76		0.8976		
7.77		0.89765		
7.78		0.89769		
7.79		0.89774		
7.8		0.89779		
7.81		0.89783		
7.82		0.89788		
7.83		0.89793		
7.84		0.89797		
7.85		0.89802		
7.86		0.89806		
7.87		0.89811		
7.88		0.89815		
7.89		0.89819		
7.9		0.89824		
7.91		0.89828		
7.92		0.89833		
7.93		0.89837		
7.94		0.89841		
7.95		0.89845		
7.96		0.8985		
7.97		0.89854		
7.98		0.89858		
7.99		0.89862		
8		0.89866		
8.01		0.8987		
8.02		0.89875		
8.03		0.89879		
8.04		0.89883		
8.05		0.89887		
8.06		0.89891		
8.07		0.89895		
8.08		0.89898		
8.09		0.89902		
8.1		0.89906		
8.11		0.8991		
8.12		0.89914		
8.13		0.89918		
8.14		0.89922		
8.15		0.89925		
8.16		0.89929		
8.17		0.89933		
8.18		0.89937		
8.19		0.8994		
8.2		0.89944		
8.21		0.89947		
8.22		0.89951		
8.23		0.89955		
8.24		0.89958		
8.25		0.89962		
8.26		0.89965		
8.27		0.89969		
8.28		0.89972		
8.29		0.89976		
8.3		0.89979		
8.31		0.89983		
8.32		0.89986		
8.33		0.89989		
8.34		0.89993		
8.35		0.89996		
8.36		0.89999		
8.37		0.90003		
8.38		0.90006		
8.39		0.90009		
8.4		0.90012		
8.41		0.90016		
8.42		0.90019		
8.43		0.90022		
8.44		0.90025		
8.45		0.90028		
8.46		0.90031		
8.47		0.90034		
8.48		0.90037		
8.49		0.9004		
8.5		0.90043		
8.51		0.90046		
8.52		0.90049		
8.53		0.90052		
8.54		0.90055		
8.55		0.90058		
8.56		0.90061		
8.57		0.90064		
8.58		0.90067		
8.59		0.9007		
8.6		0.90073		
8.61		0.90075		
8.62		0.90078		
8.63		0.90081		
8.64		0.90084		
8.65		0.90086		
8.66		0.90089		
8.67		0.90092		
8.68		0.90095		
8.69		0.90097		
8.7		0.901		
8.71		0.90102		
8.72		0.90105		
8.73		0.90108		
8.74		0.9011		
8.75		0.90113		
8.76		0.90115		
8.77		0.90118		
8.78		0.9012		
8.79		0.90123		
8.8		0.90125		
8.81		0.90128		
8.82		0.9013		
8.83		0.90133		
8.84		0.90135		
8.85		0.90137		
8.86		0.9014		
8.87		0.90142		
8.88		0.90144		
8.89		0.90147		
8.9		0.90149		
8.91		0.90151		
8.92		0.90154		
8.93		0.90156		
8.94		0.90158		
8.95		0.9016		
8.96		0.90163		
8.97		0.90165		
8.98		0.90167		
8.99		0.90169		
9		0.90171		
9.01		0.90173		
9.02		0.90175		
9.03		0.90178		
9.04		0.9018		
9.05		0.90182		
9.06		0.90184		
9.07		0.90186		
9.08		0.90188		
9.09		0.9019		
9.1		0.90192		
9.11		0.90194		
9.12		0.90196		
9.13		0.90198		
9.14		0.902		
9.15		0.90201		
9.16		0.90203		
9.17		0.90205		
9.18		0.90207		
9.19		0.90209		
9.2		0.90211		
9.21		0.90213		
9.22		0.90214		
9.23		0.90216		
9.24		0.90218		
9.25		0.9022		
9.26		0.90222		
9.27		0.90223		
9.28		0.90225		
9.29		0.90227		
9.3		0.90228		
9.31		0.9023		
9.32		0.90232		
9.33		0.90233		
9.34		0.90235		
9.35		0.90237		
9.36		0.90238		
9.37		0.9024		
9.38		0.90242		
9.39		0.90243		
9.4		0.90245		
9.41		0.90246		
9.42		0.90248		
9.43		0.90249		
9.44		0.90251		
9.45		0.90252		
9.46		0.90254		
9.47		0.90255		
9.48		0.90257		
9.49		0.90258		
9.5		0.9026		
9.51		0.90261		
9.52		0.90262		
9.53		0.90264		
9.54		0.90265		
9.55		0.90267		
9.56		0.90268		
9.57		0.90269		
9.58		0.90271		
9.59		0.90272		
9.6		0.90273		
9.61		0.90275		
9.62		0.90276		
9.63		0.90277		
9.64		0.90278		
9.65		0.9028		
9.66		0.90281		
9.67		0.90282		
9.68		0.90283		
9.69		0.90285		
9.7		0.90286		
9.71		0.90287		
9.72		0.90288		
9.73		0.90289		
9.74		0.9029		
9.75		0.90292		
9.76		0.90293		
9.77		0.90294		
9.78		0.90295		
9.79		0.90296		
9.8		0.90297		
9.81		0.90298		
9.82		0.90299		
9.83		0.903		
9.84		0.90301		
9.85		0.90302		
9.86		0.90303		
9.87		0.90304		
9.88		0.90305		
9.89		0.90306		
9.9		0.90307		
9.91		0.90308		
9.92		0.90309		
9.93		0.9031		
9.94		0.90311		
9.95		0.90312		
9.96		0.90313		
9.97		0.90314		
9.98		0.90315		
9.99		0.90316		
10		0.90317		
10.01		0.90317		
10.02		0.90318		
10.03		0.90319		
10.04		0.9032		
10.05		0.90321		
10.06		0.90322		
10.07		0.90322		
10.08		0.90323		
10.09		0.90324		
10.1		0.90325		
10.11		0.90326		
10.12		0.90326		
10.13		0.90327		
10.14		0.90328		
10.15		0.90329		
10.16		0.90329		
10.17		0.9033		
10.18		0.90331		
10.19		0.90331		
10.2		0.90332		
10.21		0.90333		
10.22		0.90333		
10.23		0.90334		
10.24		0.90335		
10.25		0.90335		
10.26		0.90336		
10.27		0.90337		
10.28		0.90337		
10.29		0.90338		
10.3		0.90338		
10.31		0.90339		
10.32		0.90339		
10.33		0.9034		
10.34		0.90341		
10.35		0.90341		
10.36		0.90342		
10.37		0.90342		
10.38		0.90343		
10.39		0.90343		
10.4		0.90344		
10.41		0.90344		
10.42		0.90345		
10.43		0.90345		
10.44		0.90346		
10.45		0.90346		
10.46		0.90347		
10.47		0.90347		
10.48		0.90347		
10.49		0.90348		
10.5		0.90348		
10.51		0.90349		
10.52		0.90349		
10.53		0.9035		
10.54		0.9035		
10.55		0.9035		
10.56		0.90351		
10.57		0.90351		
10.58		0.90351		
10.59		0.90352		
10.6		0.90352		
10.61		0.90352		
10.62		0.90353		
10.63		0.90353		
10.64		0.90353		
10.65		0.90354		
10.66		0.90354		
10.67		0.90354		
10.68		0.90355		
10.69		0.90355		
10.7		0.90355		
10.71		0.90355		
10.72		0.90356		
10.73		0.90356		
10.74		0.90356		
10.75		0.90356		
10.76		0.90356		
10.77		0.90357		
10.78		0.90357		
10.79		0.90357		
10.8		0.90357		
10.81		0.90357		
10.82		0.90358		
10.83		0.90358		
10.84		0.90358		
10.85		0.90358		
10.86		0.90358		
10.87		0.90358		
10.88		0.90359		
10.89		0.90359		
10.9		0.90359		
10.91		0.90359		
10.92		0.90359		
10.93		0.90359		
10.94		0.90359		
10.95		0.90359		
10.96		0.90359		
10.97		0.90359		
10.98		0.9036		
10.99		0.9036		
11		0.9036		
11.01		0.9036		
11.02		0.9036		
11.03		0.9036		
11.04		0.9036		
11.05		0.9036		
11.06		0.9036		
11.07		0.9036		
11.08		0.9036		
11.09		0.9036		
11.1		0.9036		
11.11		0.9036		
11.12		0.9036		
11.13		0.9036		
11.14		0.9036		
11.15		0.9036		
11.16		0.9036		
11.17		0.9036		
11.18		0.9036		
11.19		0.90359		
11.2		0.90359		
11.21		0.90359		
11.22		0.90359		
11.23		0.90359		
11.24		0.90359		
11.25		0.90359		
11.26		0.90359		
11.27		0.90359		
11.28		0.90359		
11.29		0.90358		
11.3		0.90358		
11.31		0.90358		
11.32		0.90358		
11.33		0.90358		
11.34		0.90358		
11.35		0.90358		
11.36		0.90357		
11.37		0.90357		
11.38		0.90357		
11.39		0.90357		
11.4		0.90357		
11.41		0.90357		
11.42		0.90356		
11.43		0.90356		
11.44		0.90356		
11.45		0.90356		
11.46		0.90356		
11.47		0.90355		
11.48		0.90355		
11.49		0.90355		
11.5		0.90355		
11.51		0.90354		
11.52		0.90354		
11.53		0.90354		
11.54		0.90354		
11.55		0.90353		
11.56		0.90353		
11.57		0.90353		
11.58		0.90352		
11.59		0.90352		
11.6		0.90352		
11.61		0.90352		
11.62		0.90351		
11.63		0.90351		
11.64		0.90351		
11.65		0.9035		
11.66		0.9035		
11.67		0.9035		
11.68		0.90349		
11.69		0.90349		
11.7		0.90349		
11.71		0.90348		
11.72		0.90348		
11.73		0.90348		
11.74		0.90347		
11.75		0.90347		
11.76		0.90347		
11.77		0.90346		
11.78		0.90346		
11.79		0.90345		
11.8		0.90345		
11.81		0.90345		
11.82		0.90344		
11.83		0.90344		
11.84		0.90343		
11.85		0.90343		
11.86		0.90343		
11.87		0.90342		
11.88		0.90342		
11.89		0.90341		
11.9		0.90341		
11.91		0.9034		
11.92		0.9034		
11.93		0.90339		
11.94		0.90339		
11.95		0.90339		
11.96		0.90338		
11.97		0.90338		
11.98		0.90337		
11.99		0.90337		
12		0.90336		
12.01		0.90336		
12.02		0.90335		
12.03		0.90335		
12.04		0.90334		
12.05		0.90334		
12.06		0.90333		
12.07		0.90333		
12.08		0.90332		
12.09		0.90332		
12.1		0.90331		
12.11		0.90331		
12.12		0.9033		
12.13		0.9033		
12.14		0.90329		
12.15		0.90329		
12.16		0.90328		
12.17		0.90327		
12.18		0.90327		
12.19		0.90326		
12.2		0.90326		
12.21		0.90325		
12.22		0.90325		
12.23		0.90324		
12.24		0.90323		
12.25		0.90323		
12.26		0.90322		
12.27		0.90322		
12.28		0.90321		
12.29		0.90321		
12.3		0.9032		
12.31		0.90319		
12.32		0.90319		
12.33		0.90318		
12.34		0.90317		
12.35		0.90317		
12.36		0.90316		
12.37		0.90316		
12.38		0.90315		
12.39		0.90314		
12.4		0.90314		
12.41		0.90313		
12.42		0.90312		
12.43		0.90312		
12.44		0.90311		
12.45		0.9031		
12.46		0.9031		
12.47		0.90309		
12.48		0.90308		
12.49		0.90308		
12.5		0.90307		
12.51		0.90306		
12.52		0.90306		
12.53		0.90305		
12.54		0.90304		
12.55		0.90304		
12.56		0.90303		
12.57		0.90302		
12.58		0.90302		
12.59		0.90301		
12.6		0.903		
12.61		0.90299		
12.62		0.90299		
12.63		0.90298		
12.64		0.90297		
12.65		0.90297		
12.66		0.90296		
12.67		0.90295		
12.68		0.90294		
12.69		0.90294		
12.7		0.90293		
12.71		0.90292		
12.72		0.90291		
12.73		0.90291		
12.74		0.9029		
12.75		0.90289		
12.76		0.90288		
12.77		0.90288		
12.78		0.90287		
12.79		0.90286		
12.8		0.90285		
12.81		0.90285		
12.82		0.90284		
12.83		0.90283		
12.84		0.90282		
12.85		0.90281		
12.86		0.90281		
12.87		0.9028		
12.88		0.90279		
12.89		0.90278		
12.9		0.90277		
12.91		0.90277		
12.92		0.90276		
12.93		0.90275		
12.94		0.90274		
12.95		0.90273		
12.96		0.90273		
12.97		0.90272		
12.98		0.90271		
12.99		0.9027		
13		0.90269		
13.01		0.90268		
13.02		0.90268		
13.03		0.90267		
13.04		0.90266		
13.05		0.90265		
13.06		0.90264		
13.07		0.90263		
13.08		0.90263		
13.09		0.90262		
13.1		0.90261		
13.11		0.9026		
13.12		0.90259		
13.13		0.90258		
13.14		0.90257		
13.15		0.90256		
13.16		0.90256		
13.17		0.90255		
13.18		0.90254		
13.19		0.90253		
13.2		0.90252		
13.21		0.90251		
13.22		0.9025		
13.23		0.90249		
13.24		0.90248		
13.25		0.90248		
13.26		0.90247		
13.27		0.90246		
13.28		0.90245		
13.29		0.90244		
13.3		0.90243		
13.31		0.90242		
13.32		0.90241		
13.33		0.9024		
13.34		0.90239		
13.35		0.90238		
13.36		0.90238		
13.37		0.90237		
13.38		0.90236		
13.39		0.90235		
13.4		0.90234		
13.41		0.90233		
13.42		0.90232		
13.43		0.90231		
13.44		0.9023		
13.45		0.90229		
13.46		0.90228		
13.47		0.90227		
13.48		0.90226		
13.49		0.90225		
13.5		0.90224		
13.51		0.90223		
13.52		0.90222		
13.53		0.90221		
13.54		0.9022		
13.55		0.90219		
13.56		0.90218		
13.57		0.90217		
13.58		0.90217		
13.59		0.90216		
13.6		0.90215		
13.61		0.90214		
13.62		0.90213		
13.63		0.90212		
13.64		0.90211		
13.65		0.9021		
13.66		0.90209		
13.67		0.90208		
13.68		0.90207		
13.69		0.90206		
13.7		0.90205		
13.71		0.90204		
13.72		0.90203		
13.73		0.90202		
13.74		0.90201		
13.75		0.902		
13.76		0.90199		
13.77		0.90197		
13.78		0.90196		
13.79		0.90195		
13.8		0.90194		
13.81		0.90193		
13.82		0.90192		
13.83		0.90191		
13.84		0.9019		
13.85		0.90189		
13.86		0.90188		
13.87		0.90187		
13.88		0.90186		
13.89		0.90185		
13.9		0.90184		
13.91		0.90183		
13.92		0.90182		
13.93		0.90181		
13.94		0.9018		
13.95		0.90179		
13.96		0.90178		
13.97		0.90177		
13.98		0.90176		
13.99		0.90175		
14		0.90173		
14.01		0.90172		
14.02		0.90171		
14.03		0.9017		
14.04		0.90169		
14.05		0.90168		
14.06		0.90167		
14.07		0.90166		
14.08		0.90165		
14.09		0.90164		
14.1		0.90163		
14.11		0.90162		
14.12		0.90161		
14.13		0.90159		
14.14		0.90158		
14.15		0.90157		
14.16		0.90156		
14.17		0.90155		
14.18		0.90154		
14.19		0.90153		
14.2		0.90152		
14.21		0.90151		
14.22		0.9015		
14.23		0.90148		
14.24		0.90147		
14.25		0.90146		
14.26		0.90145		
14.27		0.90144		
14.28		0.90143		
14.29		0.90142		
14.3		0.90141		
14.31		0.9014		
14.32		0.90138		
14.33		0.90137		
14.34		0.90136		
14.35		0.90135		
14.36		0.90134		
14.37		0.90133		
14.38		0.90132		
14.39		0.9013		
14.4		0.90129		
14.41		0.90128		
14.42		0.90127		
14.43		0.90126		
14.44		0.90125		
14.45		0.90124		
14.46		0.90122		
14.47		0.90121		
14.48		0.9012		
14.49		0.90119		
14.5		0.90118		
14.51		0.90117		
14.52		0.90116		
14.53		0.90114		
14.54		0.90113		
14.55		0.90112		
14.56		0.90111		
14.57		0.9011		
14.58		0.90109		
14.59		0.90107		
14.6		0.90106		
14.61		0.90105		
14.62		0.90104		
14.63		0.90103		
14.64		0.90102		
14.65		0.901		
14.66		0.90099		
14.67		0.90098		
14.68		0.90097		
14.69		0.90096		
14.7		0.90095		
14.71		0.90093		
14.72		0.90092		
14.73		0.90091		
14.74		0.9009		
14.75		0.90089		
14.76		0.90087		
14.77		0.90086		
14.78		0.90085		
14.79		0.90084		
14.8		0.90083		
14.81		0.90081		
14.82		0.9008		
14.83		0.90079		
14.84		0.90078		
14.85		0.90077		
14.86		0.90075		
14.87		0.90074		
14.88		0.90073		
14.89		0.90072		
14.9		0.90071		
14.91		0.90069		
14.92		0.90068		
14.93		0.90067		
14.94		0.90066		
14.95		0.90064		
14.96		0.90063		
14.97		0.90062		
14.98		0.90061		
14.99		0.9006		
15		0.90058		
15.01		0.90057		
15.02		0.90056		
15.03		0.90055		
15.04		0.90053		
15.05		0.90052		
15.06		0.90051		
15.07		0.9005		
15.08		0.90048		
15.09		0.90047		
15.1		0.90046		
15.11		0.90045		
15.12		0.90043		
15.13		0.90042		
15.14		0.90041		
15.15		0.9004		
15.16		0.90039		
15.17		0.90037		
15.18		0.90036		
15.19		0.90035		
15.2		0.90033		
15.21		0.90032		
15.22		0.90031		
15.23		0.9003		
15.24		0.90028		
15.25		0.90027		
15.26		0.90026		
15.27		0.90025		
15.28		0.90023		
15.29		0.90022		
15.3		0.90021		
15.31		0.9002		
15.32		0.90018		
15.33		0.90017		
15.34		0.90016		
15.35		0.90015		
15.36		0.90013		
15.37		0.90012		
15.38		0.90011		
15.39		0.90009		
15.4		0.90008		
15.41		0.90007		
15.42		0.90006		
15.43		0.90004		
15.44		0.90003		
15.45		0.90002		
15.46		0.9		
15.47		0.89999		
15.48		0.89998		
15.49		0.89997		
15.5		0.89995		
15.51		0.89994		
15.52		0.89993		
15.53		0.89991		
15.54		0.8999		
15.55		0.89989		
15.56		0.89988		
15.57		0.89986		
15.58		0.89985		
15.59		0.89984		
15.6		0.89982		
15.61		0.89981		
15.62		0.8998		
15.63		0.89978		
15.64		0.89977		
15.65		0.89976		
15.66		0.89975		
15.67		0.89973		
15.68		0.89972		
15.69		0.89971		
15.7		0.89969		
15.71		0.89968		
15.72		0.89967		
15.73		0.89965		
15.74		0.89964		
15.75		0.89963		
15.76		0.89961		
15.77		0.8996		
15.78		0.89959		
15.79		0.89957		
15.8		0.89956		
15.81		0.89955		
15.82		0.89953		
15.83		0.89952		
15.84		0.89951		
15.85		0.89949		
15.86		0.89948		
15.87		0.89947		
15.88		0.89946		
15.89		0.89944		
15.9		0.89943		
15.91		0.89941		
15.92		0.8994		
15.93		0.89939		
15.94		0.89937		
15.95		0.89936		
15.96		0.89935		
15.97		0.89933		
15.98		0.89932		
15.99		0.89931		
16		0.89929		
16.01		0.89928		
16.02		0.89927		
16.03		0.89925		
16.04		0.89924		
16.05		0.89923		
16.06		0.89921		
16.07		0.8992		
16.08		0.89919		
16.09		0.89917		
16.1		0.89916		
16.11		0.89915		
16.12		0.89913		
16.13		0.89912		
16.14		0.89911		
16.15		0.89909		
16.16		0.89908		
16.17		0.89906		
16.18		0.89905		
16.19		0.89904		
16.2		0.89902		
16.21		0.89901		
16.22		0.899		
16.23		0.89898		
16.24		0.89897		
16.25		0.89895		
16.26		0.89894		
16.27		0.89893		
16.28		0.89891		
16.29		0.8989		
16.3		0.89889		
16.31		0.89887		
16.32		0.89886		
16.33		0.89884		
16.34		0.89883		
16.35		0.89882		
16.36		0.8988		
16.37		0.89879		
16.38		0.89878		
16.39		0.89876		
16.4		0.89875		
16.41		0.89873		
16.42		0.89872		
16.43		0.89871		
16.44		0.89869		
16.45		0.89868		
16.46		0.89867		
16.47		0.89865		
16.48		0.89864		
16.49		0.89862		
16.5		0.89861		
16.51		0.8986		
16.52		0.89858		
16.53		0.89857		
16.54		0.89855		
16.55		0.89854		
16.56		0.89853		
16.57		0.89851		
16.58		0.8985		
16.59		0.89848		
16.6		0.89847		
16.61		0.89846		
16.62		0.89844		
16.63		0.89843		
16.64		0.89841		
16.65		0.8984		
16.66		0.89838		
16.67		0.89837		
16.68		0.89836		
16.69		0.89834		
16.7		0.89833		
16.71		0.89831		
16.72		0.8983		
16.73		0.89829		
16.74		0.89827		
16.75		0.89826		
16.76		0.89824		
16.77		0.89823		
16.78		0.89822		
16.79		0.8982		
16.8		0.89819		
16.81		0.89817		
16.82		0.89816		
16.83		0.89814		
16.84		0.89813		
16.85		0.89812		
16.86		0.8981		
16.87		0.89809		
16.88		0.89807		
16.89		0.89806		
16.9		0.89804		
16.91		0.89803		
16.92		0.89802		
16.93		0.898		
16.94		0.89799		
16.95		0.89797		
16.96		0.89796		
16.97		0.89794		
16.98		0.89793		
16.99		0.89791		
17		0.8979		
17.01		0.89789		
17.02		0.89787		
17.03		0.89786		
17.04		0.89784		
17.05		0.89783		
17.06		0.89781		
17.07		0.8978		
17.08		0.89778		
17.09		0.89777		
17.1		0.89776		
17.11		0.89774		
17.12		0.89773		
17.13		0.89771		
17.14		0.8977		
17.15		0.89768		
17.16		0.89767		
17.17		0.89765		
17.18		0.89764		
17.19		0.89763		
17.2		0.89761		
17.21		0.8976		
17.22		0.89758		
17.23		0.89757		
17.24		0.89755		
17.25		0.89754		
17.26		0.89752		
17.27		0.89751		
17.28		0.89749		
17.29		0.89748		
17.3		0.89746		
17.31		0.89745		
17.32		0.89743		
17.33		0.89742		
17.34		0.89741		
17.35		0.89739		
17.36		0.89738		
17.37		0.89736		
17.38		0.89735		
17.39		0.89733		
17.4		0.89732		
17.41		0.8973		
17.42		0.89729		
17.43		0.89727		
17.44		0.89726		
17.45		0.89724		
17.46		0.89723		
17.47		0.89721		
17.48		0.8972		
17.49		0.89718		
17.5		0.89717		
17.51		0.89715		
17.52		0.89714		
17.53		0.89712		
17.54		0.89711		
17.55		0.89709		
17.56		0.89708		
17.57		0.89706		
17.58		0.89705		
17.59		0.89703		
17.6		0.89702		
17.61		0.897		
17.62		0.89699		
17.63		0.89698		
17.64		0.89696		
17.65		0.89695		
17.66		0.89693		
17.67		0.89692		
17.68		0.8969		
17.69		0.89689		
17.7		0.89687		
17.71		0.89685		
17.72		0.89684		
17.73		0.89682		
17.74		0.89681		
17.75		0.89679		
17.76		0.89678		
17.77		0.89676		
17.78		0.89675		
17.79		0.89673		
17.8		0.89672		
17.81		0.8967		
17.82		0.89669		
17.83		0.89667		
17.84		0.89666		
17.85		0.89664		
17.86		0.89663		
17.87		0.89661		
17.88		0.8966		
17.89		0.89658		
17.9		0.89657		
17.91		0.89655		
17.92		0.89654		
17.93		0.89652		
17.94		0.89651		
17.95		0.89649		
17.96		0.89648		
17.97		0.89646		
17.98		0.89645		
17.99		0.89643		
18		0.89642		
18.01		0.8964		
18.02		0.89638		
18.03		0.89637		
18.04		0.89635		
18.05		0.89634		
18.06		0.89632		
18.07		0.89631		
18.08		0.89629		
18.09		0.89628		
18.1		0.89626		
18.11		0.89625		
18.12		0.89623		
18.13		0.89622		
18.14		0.8962		
18.15		0.89618		
18.16		0.89617		
18.17		0.89615		
18.18		0.89614		
18.19		0.89612		
18.2		0.89611		
18.21		0.89609		
18.22		0.89608		
18.23		0.89606		
18.24		0.89605		
18.25		0.89603		
18.26		0.89601		
18.27		0.896		
18.28		0.89598		
18.29		0.89597		
18.3		0.89595		
18.31		0.89594		
18.32		0.89592		
18.33		0.89591		
18.34		0.89589		
18.35		0.89587		
18.36		0.89586		
18.37		0.89584		
18.38		0.89583		
18.39		0.89581		
18.4		0.8958		
18.41		0.89578		
18.42		0.89576		
18.43		0.89575		
18.44		0.89573		
18.45		0.89572		
18.46		0.8957		
18.47		0.89569		
18.48		0.89567		
18.49		0.89565		
18.5		0.89564		
18.51		0.89562		
18.52		0.89561		
18.53		0.89559		
18.54		0.89558		
18.55		0.89556		
18.56		0.89554		
18.57		0.89553		
18.58		0.89551		
18.59		0.8955		
18.6		0.89548		
18.61		0.89547		
18.62		0.89545		
18.63		0.89543		
18.64		0.89542		
18.65		0.8954		
18.66		0.89539		
18.67		0.89537		
18.68		0.89535		
18.69		0.89534		
18.7		0.89532		
18.71		0.89531		
18.72		0.89529		
18.73		0.89527		
18.74		0.89526		
18.75		0.89524		
18.76		0.89523		
18.77		0.89521		
18.78		0.89519		
18.79		0.89518		
18.8		0.89516		
18.81		0.89515		
18.82		0.89513		
18.83		0.89511		
18.84		0.8951		
18.85		0.89508		
18.86		0.89507		
18.87		0.89505		
18.88		0.89503		
18.89		0.89502		
18.9		0.895		
18.91		0.89499		
18.92		0.89497		
18.93		0.89495		
18.94		0.89494		
18.95		0.89492		
18.96		0.8949		
18.97		0.89489		
18.98		0.89487		
18.99		0.89486		
19		0.89484		
19.01		0.89482		
19.02		0.89481		
19.03		0.89479		
19.04		0.89477		
19.05		0.89476		
19.06		0.89474		
19.07		0.89473		
19.08		0.89471		
19.09		0.89469		
19.1		0.89468		
19.11		0.89466		
19.12		0.89464		
19.13		0.89463		
19.14		0.89461		
19.15		0.8946		
19.16		0.89458		
19.17		0.89456		
19.18		0.89455		
19.19		0.89453		
19.2		0.89451		
19.21		0.8945		
19.22		0.89448		
19.23		0.89446		
19.24		0.89445		
19.25		0.89443		
19.26		0.89441		
19.27		0.8944		
19.28		0.89438		
19.29		0.89436		
19.3		0.89435		
19.31		0.89433		
19.32		0.89432		
19.33		0.8943		
19.34		0.89428		
19.35		0.89427		
19.36		0.89425		
19.37		0.89423		
19.38		0.89422		
19.39		0.8942		
19.4		0.89418		
19.41		0.89417		
19.42		0.89415		
19.43		0.89413		
19.44		0.89412		
19.45		0.8941		
19.46		0.89408		
19.47		0.89407		
19.48		0.89405		
19.49		0.89403		
19.5		0.89402		
19.51		0.894		
19.52		0.89398		
19.53		0.89397		
19.54		0.89395		
19.55		0.89393		
19.56		0.89392		
19.57		0.8939		
19.58		0.89388		
19.59		0.89386		
19.6		0.89385		
19.61		0.89383		
19.62		0.89381		
19.63		0.8938		
19.64		0.89378		
19.65		0.89376		
19.66		0.89375		
19.67		0.89373		
19.68		0.89371		
19.69		0.8937		
19.7		0.89368		
19.71		0.89366		
19.72		0.89364		
19.73		0.89363		
19.74		0.89361		
19.75		0.89359		
19.76		0.89358		
19.77		0.89356		
19.78		0.89354		
19.79		0.89353		
19.8		0.89351		
19.81		0.89349		
19.82		0.89347		
19.83		0.89346		
19.84		0.89344		
19.85		0.89342		
19.86		0.89341		
19.87		0.89339		
19.88		0.89337		
19.89		0.89335		
19.9		0.89334		
19.91		0.89332		
19.92		0.8933		
19.93		0.89329		
19.94		0.89327		
19.95		0.89325		
19.96		0.89323		
19.97		0.89322		
19.98		0.8932		
19.99		0.89318		
20		0.89317		
20.01		0.89315		
20.02		0.89313		
20.03		0.89311		
20.04		0.8931		
20.05		0.89308		
20.06		0.89306		
20.07		0.89304		
20.08		0.89303		
20.09		0.89301		
20.1		0.89299		
20.11		0.89297		
20.12		0.89296		
20.13		0.89294		
20.14		0.89292		
20.15		0.8929		
20.16		0.89289		
20.17		0.89287		
20.18		0.89285		
20.19		0.89284		
20.2		0.89282		
20.21		0.8928		
20.22		0.89278		
20.23		0.89276		
20.24		0.89275		
20.25		0.89273		
20.26		0.89271		
20.27		0.89269		
20.28		0.89268		
20.29		0.89266		
20.3		0.89264		
20.31		0.89262		
20.32		0.89261		
20.33		0.89259		
20.34		0.89257		
20.35		0.89255		
20.36		0.89254		
20.37		0.89252		
20.38		0.8925		
20.39		0.89248		
20.4		0.89246		
20.41		0.89245		
20.42		0.89243		
20.43		0.89241		
20.44		0.89239		
20.45		0.89238		
20.46		0.89236		
20.47		0.89234		
20.48		0.89232		
20.49		0.8923		
20.5		0.89229		
20.51		0.89227		
20.52		0.89225		
20.53		0.89223		
20.54		0.89222		
20.55		0.8922		
20.56		0.89218		
20.57		0.89216		
20.58		0.89214		
20.59		0.89213		
20.6		0.89211		
20.61		0.89209		
20.62		0.89207		
20.63		0.89205		
20.64		0.89204		
20.65		0.89202		
20.66		0.892		
20.67		0.89198		
20.68		0.89196		
20.69		0.89194		
20.7		0.89193		
20.71		0.89191		
20.72		0.89189		
20.73		0.89187		
20.74		0.89185		
20.75		0.89184		
20.76		0.89182		
20.77		0.8918		
20.78		0.89178		
20.79		0.89176		
20.8		0.89175		
20.81		0.89173		
20.82		0.89171		
20.83		0.89169		
20.84		0.89167		
20.85		0.89165		
20.86		0.89164		
20.87		0.89162		
20.88		0.8916		
20.89		0.89158		
20.9		0.89156		
20.91		0.89154		
20.92		0.89153		
20.93		0.89151		
20.94		0.89149		
20.95		0.89147		
20.96		0.89145		
20.97		0.89143		
20.98		0.89141		
20.99		0.8914		
21		0.89138		
21.01		0.89136		
21.02		0.89134		
21.03		0.89132		
21.04		0.8913		
21.05		0.89128		
21.06		0.89127		
21.07		0.89125		
21.08		0.89123		
21.09		0.89121		
21.1		0.89119		
21.11		0.89117		
21.12		0.89115		
21.13		0.89114		
21.14		0.89112		
21.15		0.8911		
21.16		0.89108		
21.17		0.89106		
21.18		0.89104		
21.19		0.89102		
21.2		0.891		
21.21		0.89099		
21.22		0.89097		
21.23		0.89095		
21.24		0.89093		
21.25		0.89091		
21.26		0.89089		
21.27		0.89087		
21.28		0.89085		
21.29		0.89083		
21.3		0.89082		
21.31		0.8908		
21.32		0.89078		
21.33		0.89076		
21.34		0.89074		
21.35		0.89072		
21.36		0.8907		
21.37		0.89068		
21.38		0.89066		
21.39		0.89065		
21.4		0.89063		
21.41		0.89061		
21.42		0.89059		
21.43		0.89057		
21.44		0.89055		
21.45		0.89053		
21.46		0.89051		
21.47		0.89049		
21.48		0.89047		
21.49		0.89045		
21.5		0.89043		
21.51		0.89042		
21.52		0.8904		
21.53		0.89038		
21.54		0.89036		
21.55		0.89034		
21.56		0.89032		
21.57		0.8903		
21.58		0.89028		
21.59		0.89026		
21.6		0.89024		
21.61		0.89022		
21.62		0.8902		
21.63		0.89018		
21.64		0.89016		
21.65		0.89014		
21.66		0.89013		
21.67		0.89011		
21.68		0.89009		
21.69		0.89007		
21.7		0.89005		
21.71		0.89003		
21.72		0.89001		
21.73		0.88999		
21.74		0.88997		
21.75		0.88995		
21.76		0.88993		
21.77		0.88991		
21.78		0.88989		
21.79		0.88987		
21.8		0.88985		
21.81		0.88983		
21.82		0.88981		
21.83		0.88979		
21.84		0.88977		
21.85		0.88975		
21.86		0.88973		
21.87		0.88971		
21.88		0.88969		
21.89		0.88967		
21.9		0.88965		
21.91		0.88963		
21.92		0.88962		
21.93		0.8896		
21.94		0.88958		
21.95		0.88956		
21.96		0.88954		
21.97		0.88952		
21.98		0.8895		
21.99		0.88948		
22		0.88946		
22.01		0.88944		
22.02		0.88942		
22.03		0.8894		
22.04		0.88938		
22.05		0.88936		
22.06		0.88934		
22.07		0.88932		
22.08		0.8893		
22.09		0.88928		
22.1		0.88926		
22.11		0.88924		
22.12		0.88922		
22.13		0.8892		
22.14		0.88918		
22.15		0.88915		
22.16		0.88913		
22.17		0.88911		
22.18		0.88909		
22.19		0.88907		
22.2		0.88905		
22.21		0.88903		
22.22		0.88901		
22.23		0.88899		
22.24		0.88897		
22.25		0.88895		
22.26		0.88893		
22.27		0.88891		
22.28		0.88889		
22.29		0.88887		
22.3		0.88885		
22.31		0.88883		
22.32		0.88881		
22.33		0.88879		
22.34		0.88877		
22.35		0.88875		
22.36		0.88873		
22.37		0.88871		
22.38		0.88869		
22.39		0.88867		
22.4		0.88865		
22.41		0.88862		
22.42		0.8886		
22.43		0.88858		
22.44		0.88856		
22.45		0.88854		
22.46		0.88852		
22.47		0.8885		
22.48		0.88848		
22.49		0.88846		
22.5		0.88844		
22.51		0.88842		
22.52		0.8884		
22.53		0.88838		
22.54		0.88836		
22.55		0.88833		
22.56		0.88831		
22.57		0.88829		
22.58		0.88827		
22.59		0.88825		
22.6		0.88823		
22.61		0.88821		
22.62		0.88819		
22.63		0.88817		
22.64		0.88815		
22.65		0.88812		
22.66		0.8881		
22.67		0.88808		
22.68		0.88806		
22.69		0.88804		
22.7		0.88802		
22.71		0.888		
22.72		0.88798		
22.73		0.88796		
22.74		0.88794		
22.75		0.88791		
22.76		0.88789		
22.77		0.88787		
22.78		0.88785		
22.79		0.88783		
22.8		0.88781		
22.81		0.88779		
22.82		0.88777		
22.83		0.88774		
22.84		0.88772		
22.85		0.8877		
22.86		0.88768		
22.87		0.88766		
22.88		0.88764		
22.89		0.88762		
22.9		0.88759		
22.91		0.88757		
22.92		0.88755		
22.93		0.88753		
22.94		0.88751		
22.95		0.88749		
22.96		0.88747		
22.97		0.88744		
22.98		0.88742		
22.99		0.8874		
23		0.88738		
23.01		0.88736		
23.02		0.88734		
23.03		0.88731		
23.04		0.88729		
23.05		0.88727		
23.06		0.88725		
23.07		0.88723		
23.08		0.88721		
23.09		0.88718		
23.1		0.88716		
23.11		0.88714		
23.12		0.88712		
23.13		0.8871		
23.14		0.88707		
23.15		0.88705		
23.16		0.88703		
23.17		0.88701		
23.18		0.88699		
23.19		0.88696		
23.2		0.88694		
23.21		0.88692		
23.22		0.8869		
23.23		0.88688		
23.24		0.88685		
23.25		0.88683		
23.26		0.88681		
23.27		0.88679		
23.28		0.88677		
23.29		0.88674		
23.3		0.88672		
23.31		0.8867		
23.32		0.88668		
23.33		0.88666		
23.34		0.88663		
23.35		0.88661		
23.36		0.88659		
23.37		0.88657		
23.38		0.88654		
23.39		0.88652		
23.4		0.8865		
23.41		0.88648		
23.42		0.88645		
23.43		0.88643		
23.44		0.88641		
23.45		0.88639		
23.46		0.88636		
23.47		0.88634		
23.48		0.88632		
23.49		0.8863		
23.5		0.88627		
23.51		0.88625		
23.52		0.88623		
23.53		0.88621		
23.54		0.88618		
23.55		0.88616		
23.56		0.88614		
23.57		0.88612		
23.58		0.88609		
23.59		0.88607		
23.6		0.88605		
23.61		0.88603		
23.62		0.886		
23.63		0.88598		
23.64		0.88596		
23.65		0.88593		
23.66		0.88591		
23.67		0.88589		
23.68		0.88587		
23.69		0.88584		
23.7		0.88582		
23.71		0.8858		
23.72		0.88577		
23.73		0.88575		
23.74		0.88573		
23.75		0.88571		
23.76		0.88568		
23.77		0.88566		
23.78		0.88564		
23.79		0.88561		
23.8		0.88559		
23.81		0.88557		
23.82		0.88554		
23.83		0.88552		
23.84		0.8855		
23.85		0.88547		
23.86		0.88545		
23.87		0.88543		
23.88		0.8854		
23.89		0.88538		
23.9		0.88536		
23.91		0.88533		
23.92		0.88531		
23.93		0.88529		
23.94		0.88526		
23.95		0.88524		
23.96		0.88522		
23.97		0.88519		
23.98		0.88517		
23.99		0.88515		
24		0.88512		
24.01		0.8851		
24.02		0.88508		
24.03		0.88505		
24.04		0.88503		
24.05		0.88501		
24.06		0.88498		
24.07		0.88496		
24.08		0.88494		
24.09		0.88491		
24.1		0.88489		
24.11		0.88486		
24.12		0.88484		
24.13		0.88482		
24.14		0.88479		
24.15		0.88477		
24.16		0.88475		
24.17		0.88472		
24.18		0.8847		
24.19		0.88467		
24.2		0.88465		
24.21		0.88463		
24.22		0.8846		
24.23		0.88458		
24.24		0.88455		
24.25		0.88453		
24.26		0.88451		
24.27		0.88448		
24.28		0.88446		
24.29		0.88443		
24.3		0.88441		
24.31		0.88439		
24.32		0.88436		
24.33		0.88434		
24.34		0.88431		
24.35		0.88429		
24.36		0.88426		
24.37		0.88424		
24.38		0.88422		
24.39		0.88419		
24.4		0.88417		
24.41		0.88414		
24.42		0.88412		
24.43		0.88409		
24.44		0.88407		
24.45		0.88405		
24.46		0.88402		
24.47		0.884		
24.48		0.88397		
24.49		0.88395		
24.5		0.88392		
24.51		0.8839		
24.52		0.88387		
24.53		0.88385		
24.54		0.88382		
24.55		0.8838		
24.56		0.88378		
24.57		0.88375		
24.58		0.88373		
24.59		0.8837		
24.6		0.88368		
24.61		0.88365		
24.62		0.88363		
24.63		0.8836		
24.64		0.88358		
24.65		0.88355		
24.66		0.88353		
24.67		0.8835		
24.68		0.88348		
24.69		0.88345		
24.7		0.88343		
24.71		0.8834		
24.72		0.88338		
24.73		0.88335		
24.74		0.88333		
24.75		0.8833		
24.76		0.88328		
24.77		0.88325		
24.78		0.88323		
24.79		0.8832		
24.8		0.88318		
24.81		0.88315		
24.82		0.88313		
24.83		0.8831		
24.84		0.88308		
24.85		0.88305		
24.86		0.88303		
24.87		0.883		
24.88		0.88298		
24.89		0.88295		
24.9		0.88293		
24.91		0.8829		
24.92		0.88287		
24.93		0.88285		
24.94		0.88282		
24.95		0.8828		
24.96		0.88277		
24.97		0.88275		
24.98		0.88272		
24.99		0.8827		
25		0.88267		
25.01		0.88265		
25.02		0.88262		
25.03		0.88259		
25.04		0.88257		
25.05		0.88254		
25.06		0.88252		
25.07		0.88249		
25.08		0.88247		
25.09		0.88244		
25.1		0.88241		
25.11		0.88239		
25.12		0.88236		
25.13		0.88234		
25.14		0.88231		
25.15		0.88228		
25.16		0.88226		
25.17		0.88223		
25.18		0.88221		
25.19		0.88218		
25.2		0.88215		
25.21		0.88213		
25.22		0.8821		
25.23		0.88208		
25.24		0.88205		
25.25		0.88202		
25.26		0.882		
25.27		0.88197		
25.28		0.88195		
25.29		0.88192		
25.3		0.88189		
25.31		0.88187		
25.32		0.88184		
25.33		0.88181		
25.34		0.88179		
25.35		0.88176		
25.36		0.88174		
25.37		0.88171		
25.38		0.88168		
25.39		0.88166		
25.4		0.88163		
25.41		0.8816		
25.42		0.88158		
25.43		0.88155		
25.44		0.88152		
25.45		0.8815		
25.46		0.88147		
25.47		0.88144		
25.48		0.88142		
25.49		0.88139		
25.5		0.88136		
25.51		0.88134		
25.52		0.88131		
25.53		0.88128		
25.54		0.88126		
25.55		0.88123		
25.56		0.8812		
25.57		0.88118		
25.58		0.88115		
25.59		0.88112		
25.6		0.8811		
25.61		0.88107		
25.62		0.88104		
25.63		0.88102		
25.64		0.88099		
25.65		0.88096		
25.66		0.88093		
25.67		0.88091		
25.68		0.88088		
25.69		0.88085		
25.7		0.88083		
25.71		0.8808		
25.72		0.88077		
25.73		0.88074		
25.74		0.88072		
25.75		0.88069		
25.76		0.88066		
25.77		0.88064		
25.78		0.88061		
25.79		0.88058		
25.8		0.88055		
25.81		0.88053		
25.82		0.8805		
25.83		0.88047		
25.84		0.88044		
25.85		0.88042		
25.86		0.88039		
25.87		0.88036		
25.88		0.88033		
25.89		0.88031		
25.9		0.88028		
25.91		0.88025		
25.92		0.88022		
25.93		0.8802		
25.94		0.88017		
25.95		0.88014		
25.96		0.88011		
25.97		0.88009		
25.98		0.88006		
25.99		0.88003		
26		0.88		
26.01		0.87997		
26.02		0.87995		
26.03		0.87992		
26.04		0.87989		
26.05		0.87986		
26.06		0.87983		
26.07		0.87981		
26.08		0.87978		
26.09		0.87975		
26.1		0.87972		
26.11		0.87969		
26.12		0.87967		
26.13		0.87964		
26.14		0.87961		
26.15		0.87958		
26.16		0.87955		
26.17		0.87953		
26.18		0.8795		
26.19		0.87947		
26.2		0.87944		
26.21		0.87941		
26.22		0.87938		
26.23		0.87936		
26.24		0.87933		
26.25		0.8793		
26.26		0.87927		
26.27		0.87924		
26.28		0.87921		
26.29		0.87919		
26.3		0.87916		
26.31		0.87913		
26.32		0.8791		
26.33		0.87907		
26.34		0.87904		
26.35		0.87901		
26.36		0.87899		
26.37		0.87896		
26.38		0.87893		
26.39		0.8789		
26.4		0.87887		
26.41		0.87884		
26.42		0.87881		
26.43		0.87878		
26.44		0.87876		
26.45		0.87873		
26.46		0.8787		
26.47		0.87867		
26.48		0.87864		
26.49		0.87861		
26.5		0.87858		
26.51		0.87855		
26.52		0.87852		
26.53		0.8785		
26.54		0.87847		
26.55		0.87844		
26.56		0.87841		
26.57		0.87838		
26.58		0.87835		
26.59		0.87832		
26.6		0.87829		
26.61		0.87826		
26.62		0.87823		
26.63		0.8782		
26.64		0.87817		
26.65		0.87815		
26.66		0.87812		
26.67		0.87809		
26.68		0.87806		
26.69		0.87803		
26.7		0.878		
26.71		0.87797		
26.72		0.87794		
26.73		0.87791		
26.74		0.87788		
26.75		0.87785		
26.76		0.87782		
26.77		0.87779		
26.78		0.87776		
26.79		0.87773		
26.8		0.8777		
26.81		0.87767		
26.82		0.87764		
26.83		0.87761		
26.84		0.87758		
26.85		0.87755		
26.86		0.87752		
26.87		0.87749		
26.88		0.87746		
26.89		0.87744		
26.9		0.87741		
26.91		0.87738		
26.92		0.87735		
26.93		0.87732		
26.94		0.87729		
26.95		0.87726		
26.96		0.87723		
26.97		0.8772		
26.98		0.87717		
26.99		0.87714		
27		0.8771		
27.01		0.87707		
27.02		0.87704		
27.03		0.87701		
27.04		0.87698		
27.05		0.87695		
27.06		0.87692		
27.07		0.87689		
27.08		0.87686		
27.09		0.87683		
27.1		0.8768		
27.11		0.87677		
27.12		0.87674		
27.13		0.87671		
27.14		0.87668		
27.15		0.87665		
27.16		0.87662		
27.17		0.87659		
27.18		0.87656		
27.19		0.87653		
27.2		0.8765		
27.21		0.87647		
27.22		0.87644		
27.23		0.87641		
27.24		0.87637		
27.25		0.87634		
27.26		0.87631		
27.27		0.87628		
27.28		0.87625		
27.29		0.87622		
27.3		0.87619		
27.31		0.87616		
27.32		0.87613		
27.33		0.8761		
27.34		0.87607		
27.35		0.87604		
27.36		0.876		
27.37		0.87597		
27.38		0.87594		
27.39		0.87591		
27.4		0.87588		
27.41		0.87585		
27.42		0.87582		
27.43		0.87579		
27.44		0.87576		
27.45		0.87572		
27.46		0.87569		
27.47		0.87566		
27.48		0.87563		
27.49		0.8756		
27.5		0.87557		
27.51		0.87554		
27.52		0.87551		
27.53		0.87547		
27.54		0.87544		
27.55		0.87541		
27.56		0.87538		
27.57		0.87535		
27.58		0.87532		
27.59		0.87529		
27.6		0.87525		
27.61		0.87522		
27.62		0.87519		
27.63		0.87516		
27.64		0.87513		
27.65		0.8751		
27.66		0.87506		
27.67		0.87503		
27.68		0.875		
27.69		0.87497		
27.7		0.87494		
27.71		0.87491		
27.72		0.87487		
27.73		0.87484		
27.74		0.87481		
27.75		0.87478		
27.76		0.87475		
27.77		0.87471		
27.78		0.87468		
27.79		0.87465		
27.8		0.87462		
27.81		0.87459		
27.82		0.87455		
27.83		0.87452		
27.84		0.87449		
27.85		0.87446		
27.86		0.87443		
27.87		0.87439		
27.88		0.87436		
27.89		0.87433		
27.9		0.8743		
27.91		0.87426		
27.92		0.87423		
27.93		0.8742		
27.94		0.87417		
27.95		0.87414		
27.96		0.8741		
27.97		0.87407		
27.98		0.87404		
27.99		0.87401		
28		0.87397		
28.01		0.87394		
28.02		0.87391		
28.03		0.87388		
28.04		0.87384		
28.05		0.87381		
28.06		0.87378		
28.07		0.87374		
28.08		0.87371		
28.09		0.87368		
28.1		0.87365		
28.11		0.87361		
28.12		0.87358		
28.13		0.87355		
28.14		0.87352		
28.15		0.87348		
28.16		0.87345		
28.17		0.87342		
28.18		0.87338		
28.19		0.87335		
28.2		0.87332		
28.21		0.87329		
28.22		0.87325		
28.23		0.87322		
28.24		0.87319		
28.25		0.87315		
28.26		0.87312		
28.27		0.87309		
28.28		0.87305		
28.29		0.87302		
28.3		0.87299		
28.31		0.87295		
28.32		0.87292		
28.33		0.87289		
28.34		0.87285		
28.35		0.87282		
28.36		0.87279		
28.37		0.87275		
28.38		0.87272		
28.39		0.87269		
28.4		0.87265		
28.41		0.87262		
28.42		0.87259		
28.43		0.87255		
28.44		0.87252		
28.45		0.87249		
28.46		0.87245		
28.47		0.87242		
28.48		0.87239		
28.49		0.87235		
28.5		0.87232		
28.51		0.87228		
28.52		0.87225		
28.53		0.87222		
28.54		0.87218		
28.55		0.87215		
28.56		0.87212		
28.57		0.87208		
28.58		0.87205		
28.59		0.87201		
28.6		0.87198		
28.61		0.87195		
28.62		0.87191		
28.63		0.87188		
28.64		0.87184		
28.65		0.87181		
28.66		0.87178		
28.67		0.87174		
28.68		0.87171		
28.69		0.87167		
28.7		0.87164		
28.71		0.87161		
28.72		0.87157		
28.73		0.87154		
28.74		0.8715		
28.75		0.87147		
28.76		0.87143		
28.77		0.8714		
28.78		0.87137		
28.79		0.87133		
28.8		0.8713		
28.81		0.87126		
28.82		0.87123		
28.83		0.87119		
28.84		0.87116		
28.85		0.87113		
28.86		0.87109		
28.87		0.87106		
28.88		0.87102		
28.89		0.87099		
28.9		0.87095		
28.91		0.87092		
28.92		0.87088		
28.93		0.87085		
28.94		0.87081		
28.95		0.87078		
28.96		0.87074		
28.97		0.87071		
28.98		0.87067		
28.99		0.87064		
29		0.87061		
29.01		0.87057		
29.02		0.87054		
29.03		0.8705		
29.04		0.87047		
29.05		0.87043		
29.06		0.8704		
29.07		0.87036		
29.08		0.87033		
29.09		0.87029		
29.1		0.87026		
29.11		0.87022		
29.12		0.87019		
29.13		0.87015		
29.14		0.87011		
29.15		0.87008		
29.16		0.87004		
29.17		0.87001		
29.18		0.86997		
29.19		0.86994		
29.2		0.8699		
29.21		0.86987		
29.22		0.86983		
29.23		0.8698		
29.24		0.86976		
29.25		0.86973		
29.26		0.86969		
29.27		0.86966		
29.28		0.86962		
29.29		0.86958		
29.3		0.86955		
29.31		0.86951		
29.32		0.86948		
29.33		0.86944		
29.34		0.86941		
29.35		0.86937		
29.36		0.86934		
29.37		0.8693		
29.38		0.86926		
29.39		0.86923		
29.4		0.86919		
29.41		0.86916		
29.42		0.86912		
29.43		0.86909		
29.44		0.86905		
29.45		0.86901		
29.46		0.86898		
29.47		0.86894		
29.48		0.86891		
29.49		0.86887		
29.5		0.86883		
29.51		0.8688		
29.52		0.86876		
29.53		0.86873		
29.54		0.86869		
29.55		0.86865		
29.56		0.86862		
29.57		0.86858		
29.58		0.86855		
29.59		0.86851		
29.6		0.86847		
29.61		0.86844		
29.62		0.8684		
29.63		0.86836		
29.64		0.86833		
29.65		0.86829		
29.66		0.86825		
29.67		0.86822		
29.68		0.86818		
29.69		0.86815		
29.7		0.86811		
29.71		0.86807		
29.72		0.86804		
29.73		0.868		
29.74		0.86796		
29.75		0.86793		
29.76		0.86789		
29.77		0.86785		
29.78		0.86782		
29.79		0.86778		
29.8		0.86774		
29.81		0.86771		
29.82		0.86767		
29.83		0.86763		
29.84		0.8676		
29.85		0.86756		
29.86		0.86752		
29.87		0.86749		
29.88		0.86745		
29.89		0.86741		
29.9		0.86738		
29.91		0.86734		
29.92		0.8673		
29.93		0.86726		
29.94		0.86723		
29.95		0.86719		
29.96		0.86715		
29.97		0.86712		
29.98		0.86708		
29.99		0.86704		
30		0.86701		
30.01		0.86697		
30.02		0.86693		
30.03		0.86689		
30.04		0.86686		
30.05		0.86682		
30.06		0.86678		
30.07		0.86675		
30.08		0.86671		
30.09		0.86667		
30.1		0.86663		
30.11		0.8666		
30.12		0.86656		
30.13		0.86652		
30.14		0.86648		
30.15		0.86645		
30.16		0.86641		
30.17		0.86637		
30.18		0.86633		
30.19		0.8663		
30.2		0.86626		
30.21		0.86622		
30.22		0.86618		
30.23		0.86615		
30.24		0.86611		
30.25		0.86607		
30.26		0.86603		
30.27		0.86599		
30.28		0.86596		
30.29		0.86592		
30.3		0.86588		
30.31		0.86584		
30.32		0.8658		
30.33		0.86576		
30.34		0.86573		
30.35		0.86569		
30.36		0.86565		
30.37		0.86561		
30.38		0.86557		
30.39		0.86554		
30.4		0.8655		
30.41		0.86546		
30.42		0.86542		
30.43		0.86538		
30.44		0.86535		
30.45		0.86531		
30.46		0.86527		
30.47		0.86523		
30.48		0.8652		
30.49		0.86516		
30.5		0.86512		
30.51		0.86508		
30.52		0.86505		
30.53		0.86501		
30.54		0.86497		
30.55		0.86494		
30.56		0.8649		
30.57		0.86486		
30.58		0.86482		
30.59		0.86479		
30.6		0.86475		
30.61		0.86471		
30.62		0.86468		
30.63		0.86464		
30.64		0.8646		
30.65		0.86457		
30.66		0.86453		
30.67		0.86449		
30.68		0.86446		
30.69		0.86442		
30.7		0.86438		
30.71		0.86435		
30.72		0.86431		
30.73		0.86427		
30.74		0.86424		
30.75		0.8642		
30.76		0.86417		
30.77		0.86413		
30.78		0.86409		
30.79		0.86406		
30.8		0.86402		
30.81		0.86398		
30.82		0.86395		
30.83		0.86391		
30.84		0.86388		
30.85		0.86384		
30.86		0.86381		
30.87		0.86377		
30.88		0.86373		
30.89		0.8637		
30.9		0.86366		
30.91		0.86363		
30.92		0.86359		
30.93		0.86356		
30.94		0.86352		
30.95		0.86349		
30.96		0.86345		
30.97		0.86342		
30.98		0.86338		
30.99		0.86335		
31		0.86331		
31.01		0.86328		
31.02		0.86324		
31.03		0.86321		
31.04		0.86317		
31.05		0.86314		
31.06		0.8631		
31.07		0.86307		
31.08		0.86303		
31.09		0.863		
31.1		0.86296		
31.11		0.86293		
31.12		0.86289		
31.13		0.86286		
31.14		0.86282		
31.15		0.86279		
31.16		0.86276		
31.17		0.86272		
31.18		0.86269		
31.19		0.86265		
31.2		0.86262		
31.21		0.86258		
31.22		0.86255		
31.23		0.86252		
31.24		0.86248		
31.25		0.86245		
31.26		0.86242		
31.27		0.86238		
31.28		0.86235		
31.29		0.86231		
31.3		0.86228		
31.31		0.86225		
31.32		0.86221		
31.33		0.86218		
31.34		0.86215		
31.35		0.86211		
31.36		0.86208		
31.37		0.86205		
31.38		0.86201		
31.39		0.86198		
31.4		0.86195		
31.41		0.86191		
31.42		0.86188		
31.43		0.86185		
31.44		0.86181		
31.45		0.86178		
31.46		0.86175		
31.47		0.86171		
31.48		0.86168		
31.49		0.86165		
31.5		0.86162		
31.51		0.86158		
31.52		0.86155		
31.53		0.86152		
31.54		0.86148		
31.55		0.86145		
31.56		0.86142		
31.57		0.86139		
31.58		0.86135		
31.59		0.86132		
31.6		0.86129		
31.61		0.86126		
31.62		0.86123		
31.63		0.86119		
31.64		0.86116		
31.65		0.86113		
31.66		0.8611		
31.67		0.86107		
31.68		0.86103		
31.69		0.861		
31.7		0.86097		
31.71		0.86094		
31.72		0.86091		
31.73		0.86087		
31.74		0.86084		
31.75		0.86081		
31.76		0.86078		
31.77		0.86075		
31.78		0.86072		
31.79		0.86068		
31.8		0.86065		
31.81		0.86062		
31.82		0.86059		
31.83		0.86056		
31.84		0.86053		
31.85		0.8605		
31.86		0.86046		
31.87		0.86043		
31.88		0.8604		
31.89		0.86037		
31.9		0.86034		
31.91		0.86031		
31.92		0.86028		
31.93		0.86025		
31.94		0.86022		
31.95		0.86019		
31.96		0.86016		
31.97		0.86012		
31.98		0.86009		
31.99		0.86006		
32		0.86003		
32.01		0.86		
32.02		0.85997		
32.03		0.85994		
32.04		0.85991		
32.05		0.85988		
32.06		0.85985		
32.07		0.85982		
32.08		0.85979		
32.09		0.85976		
32.1		0.85973		
32.11		0.8597		
32.12		0.85967		
32.13		0.85964		
32.14		0.85961		
32.15		0.85958		
32.16		0.85955		
32.17		0.85952		
32.18		0.85949		
32.19		0.85946		
32.2		0.85943		
32.21		0.8594		
32.22		0.85937		
32.23		0.85934		
32.24		0.85931		
32.25		0.85928		
32.26		0.85925		
32.27		0.85922		
32.28		0.85919		
32.29		0.85916		
32.3		0.85914		
32.31		0.85911		
32.32		0.85908		
32.33		0.85905		
32.34		0.85902		
32.35		0.85899		
32.36		0.85896		
32.37		0.85893		
32.38		0.8589		
32.39		0.85887		
32.4		0.85884		
32.41		0.85882		
32.42		0.85879		
32.43		0.85876		
32.44		0.85873		
32.45		0.8587		
32.46		0.85867		
32.47		0.85864		
32.48		0.85861		
32.49		0.85859		
32.5		0.85856		
32.51		0.85853		
32.52		0.8585		
32.53		0.85847		
32.54		0.85844		
32.55		0.85842		
32.56		0.85839		
32.57		0.85836		
32.58		0.85833		
32.59		0.8583		
32.6		0.85828		
32.61		0.85825		
32.62		0.85822		
32.63		0.85819		
32.64		0.85816		
32.65		0.85814		
32.66		0.85811		
32.67		0.85808		
32.68		0.85805		
32.69		0.85803		
32.7		0.858		
32.71		0.85797		
32.72		0.85794		
32.73		0.85791		
32.74		0.85789		
32.75		0.85786		
32.76		0.85783		
32.77		0.85781		
32.78		0.85778		
32.79		0.85775		
32.8		0.85772		
32.81		0.8577		
32.82		0.85767		
32.83		0.85764		
32.84		0.85761		
32.85		0.85759		
32.86		0.85756		
32.87		0.85753		
32.88		0.85751		
32.89		0.85748		
32.9		0.85745		
32.91		0.85743		
32.92		0.8574		
32.93		0.85737		
32.94		0.85735		
32.95		0.85732		
32.96		0.85729		
32.97		0.85727		
32.98		0.85724		
32.99		0.85721		
33		0.85719		
33.01		0.85716		
33.02		0.85713		
33.03		0.85711		
33.04		0.85708		
33.05		0.85706		
33.06		0.85703		
33.07		0.857		
33.08		0.85698		
33.09		0.85695		
33.1		0.85693		
33.11		0.8569		
33.12		0.85687		
33.13		0.85685		
33.14		0.85682		
33.15		0.8568		
33.16		0.85677		
33.17		0.85675		
33.18		0.85672		
33.19		0.85669		
33.2		0.85667		
33.21		0.85664		
33.22		0.85662		
33.23		0.85659		
33.24		0.85657		
33.25		0.85654		
33.26		0.85652		
33.27		0.85649		
33.28		0.85646		
33.29		0.85644		
33.3		0.85641		
33.31		0.85639		
33.32		0.85636		
33.33		0.85634		
33.34		0.85631		
33.35		0.85629		
33.36		0.85626		
33.37		0.85624		
33.38		0.85621		
33.39		0.85619		
33.4		0.85616		
33.41		0.85614		
33.42		0.85612		
33.43		0.85609		
33.44		0.85607		
33.45		0.85604		
33.46		0.85602		
33.47		0.85599		
33.48		0.85597		
33.49		0.85594		
33.5		0.85592		
33.51		0.85589		
33.52		0.85587		
33.53		0.85585		
33.54		0.85582		
33.55		0.8558		
33.56		0.85577		
33.57		0.85575		
33.58		0.85572		
33.59		0.8557		
33.6		0.85568		
33.61		0.85565		
33.62		0.85563		
33.63		0.8556		
33.64		0.85558		
33.65		0.85556		
33.66		0.85553		
33.67		0.85551		
33.68		0.85549		
33.69		0.85546		
33.7		0.85544		
33.71		0.85542		
33.72		0.85539		
33.73		0.85537		
33.74		0.85534		
33.75		0.85532		
33.76		0.8553		
33.77		0.85527		
33.78		0.85525		
33.79		0.85523		
33.8		0.8552		
33.81		0.85518		
33.82		0.85516		
33.83		0.85514		
33.84		0.85511		
33.85		0.85509		
33.86		0.85507		
33.87		0.85504		
33.88		0.85502		
33.89		0.855		
33.9		0.85497		
33.91		0.85495		
33.92		0.85493		
33.93		0.85491		
33.94		0.85488		
33.95		0.85486		
33.96		0.85484		
33.97		0.85482		
33.98		0.85479		
33.99		0.85477		
34		0.85475		
34.01		0.85473		
34.02		0.8547		
34.03		0.85468		
34.04		0.85466		
34.05		0.85464		
34.06		0.85461		
34.07		0.85459		
34.08		0.85457		
34.09		0.85455		
34.1		0.85452		
34.11		0.8545		
34.12		0.85448		
34.13		0.85446		
34.14		0.85444		
34.15		0.85442		
34.16		0.85439		
34.17		0.85437		
34.18		0.85435		
34.19		0.85433		
34.2		0.85431		
34.21		0.85428		
34.22		0.85426		
34.23		0.85424		
34.24		0.85422		
34.25		0.8542		
34.26		0.85418		
34.27		0.85415		
34.28		0.85413		
34.29		0.85411		
34.3		0.85409		
34.31		0.85407		
34.32		0.85405		
34.33		0.85403		
34.34		0.85401		
34.35		0.85398		
34.36		0.85396		
34.37		0.85394		
34.38		0.85392		
34.39		0.8539		
34.4		0.85388		
34.41		0.85386		
34.42		0.85384		
34.43		0.85382		
34.44		0.8538		
34.45		0.85377		
34.46		0.85375		
34.47		0.85373		
34.48		0.85371		
34.49		0.85369		
34.5		0.85367		
34.51		0.85365		
34.52		0.85363		
34.53		0.85361		
34.54		0.85359		
34.55		0.85357		
34.56		0.85355		
34.57		0.85353		
34.58		0.85351		
34.59		0.85349		
34.6		0.85347		
34.61		0.85345		
34.62		0.85343		
34.63		0.85341		
34.64		0.85339		
34.65		0.85337		
34.66		0.85335		
34.67		0.85333		
34.68		0.85331		
34.69		0.85329		
34.7		0.85327		
34.71		0.85325		
34.72		0.85323		
34.73		0.85321		
34.74		0.85319		
34.75		0.85317		
34.76		0.85315		
34.77		0.85313		
34.78		0.85311		
34.79		0.85309		
34.8		0.85307		
34.81		0.85305		
34.82		0.85303		
34.83		0.85301		
34.84		0.85299		
34.85		0.85297		
34.86		0.85295		
34.87		0.85293		
34.88		0.85292		
34.89		0.8529		
34.9		0.85288		
34.91		0.85286		
34.92		0.85284		
34.93		0.85282		
34.94		0.8528		
34.95		0.85278		
34.96		0.85276		
34.97		0.85274		
34.98		0.85272		
34.99		0.85271		
35		0.85269		
35.01		0.85267		
35.02		0.85265		
35.03		0.85263		
35.04		0.85261		
35.05		0.85259		
35.06		0.85257		
35.07		0.85256		
35.08		0.85254		
35.09		0.85252		
35.1		0.8525		
35.11		0.85248		
35.12		0.85246		
35.13		0.85245		
35.14		0.85243		
35.15		0.85241		
35.16		0.85239		
35.17		0.85237		
35.18		0.85235		
35.19		0.85234		
35.2		0.85232		
35.21		0.8523		
35.22		0.85228		
35.23		0.85226		
35.24		0.85225		
35.25		0.85223		
35.26		0.85221		
35.27		0.85219		
35.28		0.85217		
35.29		0.85216		
35.3		0.85214		
35.31		0.85212		
35.32		0.8521		
35.33		0.85209		
35.34		0.85207		
35.35		0.85205		
35.36		0.85203		
35.37		0.85202		
35.38		0.852		
35.39		0.85198		
35.4		0.85196		
35.41		0.85195		
35.42		0.85193		
35.43		0.85191		
35.44		0.85189		
35.45		0.85188		
35.46		0.85186		
35.47		0.85184		
35.48		0.85183		
35.49		0.85181		
35.5		0.85179		
35.51		0.85177		
35.52		0.85176		
35.53		0.85174		
35.54		0.85172		
35.55		0.85171		
35.56		0.85169		
35.57		0.85167		
35.58		0.85166		
35.59		0.85164		
35.6		0.85162		
35.61		0.85161		
35.62		0.85159		
35.63		0.85157		
35.64		0.85156		
35.65		0.85154		
35.66		0.85152		
35.67		0.85151		
35.68		0.85149		
35.69		0.85147		
35.7		0.85146		
35.71		0.85144		
35.72		0.85142		
35.73		0.85141		
35.74		0.85139		
35.75		0.85138		
35.76		0.85136		
35.77		0.85134		
35.78		0.85133		
35.79		0.85131		
35.8		0.85129		
35.81		0.85128		
35.82		0.85126		
35.83		0.85125		
35.84		0.85123		
35.85		0.85122		
35.86		0.8512		
35.87		0.85118		
35.88		0.85117		
35.89		0.85115		
35.9		0.85114		
35.91		0.85112		
35.92		0.85111		
35.93		0.85109		
35.94		0.85107		
35.95		0.85106		
35.96		0.85104		
35.97		0.85103		
35.98		0.85101		
35.99		0.851		
36		0.85098		
36.01		0.85097		
36.02		0.85095		
36.03		0.85094		
36.04		0.85092		
36.05		0.8509		
36.06		0.85089		
36.07		0.85087		
36.08		0.85086		
36.09		0.85084		
36.1		0.85083		
36.11		0.85081		
36.12		0.8508		
36.13		0.85078		
36.14		0.85077		
36.15		0.85075		
36.16		0.85074		
36.17		0.85072		
36.18		0.85071		
36.19		0.8507		
36.2		0.85068		
36.21		0.85067		
36.22		0.85065		
36.23		0.85064		
36.24		0.85062		
36.25		0.85061		
36.26		0.85059		
36.27		0.85058		
36.28		0.85056		
36.29		0.85055		
36.3		0.85054		
36.31		0.85052		
36.32		0.85051		
36.33		0.85049		
36.34		0.85048		
36.35		0.85046		
36.36		0.85045		
36.37		0.85044		
36.38		0.85042		
36.39		0.85041		
36.4		0.85039		
36.41		0.85038		
36.42		0.85036		
36.43		0.85035		
36.44		0.85034		
36.45		0.85032		
36.46		0.85031		
36.47		0.8503		
36.48		0.85028		
36.49		0.85027		
36.5		0.85025		
36.51		0.85024		
36.52		0.85023		
36.53		0.85021		
36.54		0.8502		
36.55		0.85019		
36.56		0.85017		
36.57		0.85016		
36.58		0.85015		
36.59		0.85013		
36.6		0.85012		
36.61		0.8501		
36.62		0.85009		
36.63		0.85008		
36.64		0.85006		
36.65		0.85005		
36.66		0.85004		
36.67		0.85003		
36.68		0.85001		
36.69		0.85		
36.7		0.84999		
36.71		0.84997		
36.72		0.84996		
36.73		0.84995		
36.74		0.84993		
36.75		0.84992		
36.76		0.84991		
36.77		0.84989		
36.78		0.84988		
36.79		0.84987		
36.8		0.84986		
36.81		0.84984		
36.82		0.84983		
36.83		0.84982		
36.84		0.84981		
36.85		0.84979		
36.86		0.84978		
36.87		0.84977		
36.88		0.84976		
36.89		0.84974		
36.9		0.84973		
36.91		0.84972		
36.92		0.84971		
36.93		0.84969		
36.94		0.84968		
36.95		0.84967		
36.96		0.84966		
36.97		0.84964		
36.98		0.84963		
36.99		0.84962		
37		0.84961		
37.01		0.84959		
37.02		0.84958		
37.03		0.84957		
37.04		0.84956		
37.05		0.84955		
37.06		0.84953		
37.07		0.84952		
37.08		0.84951		
37.09		0.8495		
37.1		0.84949		
37.11		0.84948		
37.12		0.84946		
37.13		0.84945		
37.14		0.84944		
37.15		0.84943		
37.16		0.84942		
37.17		0.8494		
37.18		0.84939		
37.19		0.84938		
37.2		0.84937		
37.21		0.84936		
37.22		0.84935		
37.23		0.84934		
37.24		0.84932		
37.25		0.84931		
37.26		0.8493		
37.27		0.84929		
37.28		0.84928		
37.29		0.84927		
37.3		0.84926		
37.31		0.84925		
37.32		0.84923		
37.33		0.84922		
37.34		0.84921		
37.35		0.8492		
37.36		0.84919		
37.37		0.84918		
37.38		0.84917		
37.39		0.84916		
37.4		0.84915		
37.41		0.84913		
37.42		0.84912		
37.43		0.84911		
37.44		0.8491		
37.45		0.84909		
37.46		0.84908		
37.47		0.84907		
37.48		0.84906		
37.49		0.84905		
37.5		0.84904		
37.51		0.84903		
37.52		0.84902		
37.53		0.84901		
37.54		0.849		
37.55		0.84898		
37.56		0.84897		
37.57		0.84896		
37.58		0.84895		
37.59		0.84894		
37.6		0.84893		
37.61		0.84892		
37.62		0.84891		
37.63		0.8489		
37.64		0.84889		
37.65		0.84888		
37.66		0.84887		
37.67		0.84886		
37.68		0.84885		
37.69		0.84884		
37.7		0.84883		
37.71		0.84882		
37.72		0.84881		
37.73		0.8488		
37.74		0.84879		
37.75		0.84878		
37.76		0.84877		
37.77		0.84876		
37.78		0.84875		
37.79		0.84874		
37.8		0.84873		
37.81		0.84872		
37.82		0.84871		
37.83		0.8487		
37.84		0.84869		
37.85		0.84868		
37.86		0.84867		
37.87		0.84866		
37.88		0.84865		
37.89		0.84865		
37.9		0.84864		
37.91		0.84863		
37.92		0.84862		
37.93		0.84861		
37.94		0.8486		
37.95		0.84859		
37.96		0.84858		
37.97		0.84857		
37.98		0.84856		
37.99		0.84855		
38		0.84854		
38.01		0.84853		
38.02		0.84852		
38.03		0.84852		
38.04		0.84851		
38.05		0.8485		
38.06		0.84849		
38.07		0.84848		
38.08		0.84847		
38.09		0.84846		
38.1		0.84845		
38.11		0.84844		
38.12		0.84843		
38.13		0.84843		
38.14		0.84842		
38.15		0.84841		
38.16		0.8484		
38.17		0.84839		
38.18		0.84838		
38.19		0.84837		
38.2		0.84837		
38.21		0.84836		
38.22		0.84835		
38.23		0.84834		
38.24		0.84833		
38.25		0.84832		
38.26		0.84831		
38.27		0.84831		
38.28		0.8483		
38.29		0.84829		
38.3		0.84828		
38.31		0.84827		
38.32		0.84826		
38.33		0.84826		
38.34		0.84825		
38.35		0.84824		
38.36		0.84823		
38.37		0.84822		
38.38		0.84822		
38.39		0.84821		
38.4		0.8482		
38.41		0.84819		
38.42		0.84818		
38.43		0.84818		
38.44		0.84817		
38.45		0.84816		
38.46		0.84815		
38.47		0.84814		
38.48		0.84814		
38.49		0.84813		
38.5		0.84812		
38.51		0.84811		
38.52		0.8481		
38.53		0.8481		
38.54		0.84809		
38.55		0.84808		
38.56		0.84807		
38.57		0.84807		
38.58		0.84806		
38.59		0.84805		
38.6		0.84804		
38.61		0.84804		
38.62		0.84803		
38.63		0.84802		
38.64		0.84801		
38.65		0.84801		
38.66		0.848		
38.67		0.84799		
38.68		0.84799		
38.69		0.84798		
38.7		0.84797		
38.71		0.84796		
38.72		0.84796		
38.73		0.84795		
38.74		0.84794		
38.75		0.84794		
38.76		0.84793		
38.77		0.84792		
38.78		0.84791		
38.79		0.84791		
38.8		0.8479		
38.81		0.84789		
38.82		0.84789		
38.83		0.84788		
38.84		0.84787		
38.85		0.84787		
38.86		0.84786		
38.87		0.84785		
38.88		0.84785		
38.89		0.84784		
38.9		0.84783		
38.91		0.84783		
38.92		0.84782		
38.93		0.84781		
38.94		0.84781		
38.95		0.8478		
38.96		0.84779		
38.97		0.84779		
38.98		0.84778		
38.99		0.84777		
39		0.84777		
39.01		0.84776		
39.02		0.84775		
39.03		0.84775		
39.04		0.84774		
39.05		0.84774		
39.06		0.84773		
39.07		0.84772		
39.08		0.84772		
39.09		0.84771		
39.1		0.84771		
39.11		0.8477		
39.12		0.84769		
39.13		0.84769		
39.14		0.84768		
39.15		0.84767		
39.16		0.84767		
39.17		0.84766		
39.18		0.84766		
39.19		0.84765		
39.2		0.84765		
39.21		0.84764		
39.22		0.84763		
39.23		0.84763		
39.24		0.84762		
39.25		0.84762		
39.26		0.84761		
39.27		0.84761		
39.28		0.8476		
39.29		0.84759		
39.3		0.84759		
39.31		0.84758		
39.32		0.84758		
39.33		0.84757		
39.34		0.84757		
39.35		0.84756		
39.36		0.84756		
39.37		0.84755		
39.38		0.84754		
39.39		0.84754		
39.4		0.84753		
39.41		0.84753		
39.42		0.84752		
39.43		0.84752		
39.44		0.84751		
39.45		0.84751		
39.46		0.8475		
39.47		0.8475		
39.48		0.84749		
39.49		0.84749		
39.5		0.84748		
39.51		0.84748		
39.52		0.84747		
39.53		0.84747		
39.54		0.84746		
39.55		0.84746		
39.56		0.84745		
39.57		0.84745		
39.58		0.84744		
39.59		0.84744		
39.6		0.84743		
39.61		0.84743		
39.62		0.84742		
39.63		0.84742		
39.64		0.84741		
39.65		0.84741		
39.66		0.8474		
39.67		0.8474		
39.68		0.8474		
39.69		0.84739		
39.7		0.84739		
39.71		0.84738		
39.72		0.84738		
39.73		0.84737		
39.74		0.84737		
39.75		0.84736		
39.76		0.84736		
39.77		0.84735		
39.78		0.84735		
39.79		0.84735		
39.8		0.84734		
39.81		0.84734		
39.82		0.84733		
39.83		0.84733		
39.84		0.84732		
39.85		0.84732		
39.86		0.84732		
39.87		0.84731		
39.88		0.84731		
39.89		0.8473		
39.9		0.8473		
39.91		0.8473		
39.92		0.84729		
39.93		0.84729		
39.94		0.84728		
39.95		0.84728		
39.96		0.84728		
39.97		0.84727		
39.98		0.84727		
39.99		0.84726		
40		0.84726		
40.01		0.84726		
40.02		0.84725		
40.03		0.84725		
40.04		0.84725		
40.05		0.84724		
40.06		0.84724		
40.07		0.84724		
40.08		0.84723		
40.09		0.84723		
40.1		0.84722		
40.11		0.84722		
40.12		0.84722		
40.13		0.84721		
40.14		0.84721		
40.15		0.84721		
40.16		0.8472		
40.17		0.8472		
40.18		0.8472		
40.19		0.84719		
40.2		0.84719		
40.21		0.84719		
40.22		0.84718		
40.23		0.84718		
40.24		0.84718		
40.25		0.84717		
40.26		0.84717		
40.27		0.84717		
40.28		0.84716		
40.29		0.84716		
40.3		0.84716		
40.31		0.84716		
40.32		0.84715		
40.33		0.84715		
40.34		0.84715		
40.35		0.84714		
40.36		0.84714		
40.37		0.84714		
40.38		0.84714		
40.39		0.84713		
40.4		0.84713		
40.41		0.84713		
40.42		0.84712		
40.43		0.84712		
40.44		0.84712		
40.45		0.84712		
40.46		0.84711		
40.47		0.84711		
40.48		0.84711		
40.49		0.84711		
40.5		0.8471		
40.51		0.8471		
40.52		0.8471		
40.53		0.84709		
40.54		0.84709		
40.55		0.84709		
40.56		0.84709		
40.57		0.84709		
40.58		0.84708		
40.59		0.84708		
40.6		0.84708		
40.61		0.84708		
40.62		0.84707		
40.63		0.84707		
40.64		0.84707		
40.65		0.84707		
40.66		0.84706		
40.67		0.84706		
40.68		0.84706		
40.69		0.84706		
40.7		0.84706		
40.71		0.84705		
40.72		0.84705		
40.73		0.84705		
40.74		0.84705		
40.75		0.84705		
40.76		0.84704		
40.77		0.84704		
40.78		0.84704		
40.79		0.84704		
40.8		0.84704		
40.81		0.84703		
40.82		0.84703		
40.83		0.84703		
40.84		0.84703		
40.85		0.84703		
40.86		0.84703		
40.87		0.84702		
40.88		0.84702		
40.89		0.84702		
40.9		0.84702		
40.91		0.84702		
40.92		0.84702		
40.93		0.84701		
40.94		0.84701		
40.95		0.84701		
40.96		0.84701		
40.97		0.84701		
40.98		0.84701		
40.99		0.84701		
41		0.847		
41.01		0.847		
41.02		0.847		
41.03		0.847		
41.04		0.847		
41.05		0.847		
41.06		0.847		
41.07		0.84699		
41.08		0.84699		
41.09		0.84699		
41.1		0.84699		
41.11		0.84699		
41.12		0.84699		
41.13		0.84699		
41.14		0.84699		
41.15		0.84699		
41.16		0.84698		
41.17		0.84698		
41.18		0.84698		
41.19		0.84698		
41.2		0.84698		
41.21		0.84698		
41.22		0.84698		
41.23		0.84698		
41.24		0.84698		
41.25		0.84698		
41.26		0.84698		
41.27		0.84698		
41.28		0.84697		
41.29		0.84697		
41.3		0.84697		
41.31		0.84697		
41.32		0.84697		
41.33		0.84697		
41.34		0.84697		
41.35		0.84697		
41.36		0.84697		
41.37		0.84697		
41.38		0.84697		
41.39		0.84697		
41.4		0.84697		
41.41		0.84697		
41.42		0.84697		
41.43		0.84697		
41.44		0.84697		
41.45		0.84696		
41.46		0.84696		
41.47		0.84696		
41.48		0.84696		
41.49		0.84696		
41.5		0.84696		
41.51		0.84696		
41.52		0.84696		
41.53		0.84696		
41.54		0.84696		
41.55		0.84696		
41.56		0.84696		
41.57		0.84696		
41.58		0.84696		
41.59		0.84696		
41.6		0.84696		
41.61		0.84696		
41.62		0.84696		
41.63		0.84696		
41.64		0.84696		
41.65		0.84696		
41.66		0.84696		
41.67		0.84696		
41.68		0.84696		
41.69		0.84696		
41.7		0.84696		
41.71		0.84696		
41.72		0.84696		
41.73		0.84696		
41.74		0.84696		
41.75		0.84696		
41.76		0.84696		
41.77		0.84696		
41.78		0.84697		
41.79		0.84697		
41.8		0.84697		
41.81		0.84697		
41.82		0.84697		
41.83		0.84697		
41.84		0.84697		
41.85		0.84697		
41.86		0.84697		
41.87		0.84697		
41.88		0.84697		
41.89		0.84697		
41.9		0.84697		
41.91		0.84697		
41.92		0.84697		
41.93		0.84697		
41.94		0.84697		
41.95		0.84697		
41.96		0.84698		
41.97		0.84698		
41.98		0.84698		
41.99		0.84698		
42		0.84698		
42.01		0.84698		
42.02		0.84698		
42.03		0.84698		
42.04		0.84698		
42.05		0.84698		
42.06		0.84698		
42.07		0.84698		
42.08		0.84699		
42.09		0.84699		
42.1		0.84699		
42.11		0.84699		
42.12		0.84699		
42.13		0.84699		
42.14		0.84699		
42.15		0.84699		
42.16		0.84699		
42.17		0.847		
42.18		0.847		
42.19		0.847		
42.2		0.847		
42.21		0.847		
42.22		0.847		
42.23		0.847		
42.24		0.847		
42.25		0.84701		
42.26		0.84701		
42.27		0.84701		
42.28		0.84701		
42.29		0.84701		
42.3		0.84701		
42.31		0.84701		
42.32		0.84702		
42.33		0.84702		
42.34		0.84702		
42.35		0.84702		
42.36		0.84702		
42.37		0.84702		
42.38		0.84703		
42.39		0.84703		
42.4		0.84703		
42.41		0.84703		
42.42		0.84703		
42.43		0.84703		
42.44		0.84704		
42.45		0.84704		
42.46		0.84704		
42.47		0.84704		
42.48		0.84704		
42.49		0.84704		
42.5		0.84705		
42.51		0.84705		
42.52		0.84705		
42.53		0.84705		
42.54		0.84705		
42.55		0.84705		
42.56		0.84706		
42.57		0.84706		
42.58		0.84706		
42.59		0.84706		
42.6		0.84706		
42.61		0.84707		
42.62		0.84707		
42.63		0.84707		
42.64		0.84707		
42.65		0.84707		
42.66		0.84708		
42.67		0.84708		
42.68		0.84708		
42.69		0.84708		
42.7		0.84708		
42.71		0.84709		
42.72		0.84709		
42.73		0.84709		
42.74		0.84709		
42.75		0.84709		
42.76		0.8471		
42.77		0.8471		
42.78		0.8471		
42.79		0.8471		
42.8		0.84711		
42.81		0.84711		
42.82		0.84711		
42.83		0.84711		
42.84		0.84711		
42.85		0.84712		
42.86		0.84712		
42.87		0.84712		
42.88		0.84712		
42.89		0.84713		
42.9		0.84713		
42.91		0.84713		
42.92		0.84713		
42.93		0.84714		
42.94		0.84714		
42.95		0.84714		
42.96		0.84714		
42.97		0.84715		
42.98		0.84715		
42.99		0.84715		
43		0.84715		
43.01		0.84716		
43.02		0.84716		
43.03		0.84716		
43.04		0.84716		
43.05		0.84717		
43.06		0.84717		
43.07		0.84717		
43.08		0.84717		
43.09		0.84718		
43.1		0.84718		
43.11		0.84718		
43.12		0.84719		
43.13		0.84719		
43.14		0.84719		
43.15		0.84719		
43.16		0.8472		
43.17		0.8472		
43.18		0.8472		
43.19		0.8472		
43.2		0.84721		
43.21		0.84721		
43.22		0.84721		
43.23		0.84722		
43.24		0.84722		
43.25		0.84722		
43.26		0.84723		
43.27		0.84723		
43.28		0.84723		
43.29		0.84723		
43.3		0.84724		
43.31		0.84724		
43.32		0.84724		
43.33		0.84725		
43.34		0.84725		
43.35		0.84725		
43.36		0.84726		
43.37		0.84726		
43.38		0.84726		
43.39		0.84727		
43.4		0.84727		
43.41		0.84727		
43.42		0.84728		
43.43		0.84728		
43.44		0.84728		
43.45		0.84729		
43.46		0.84729		
43.47		0.84729		
43.48		0.8473		
43.49		0.8473		
43.5		0.8473		
43.51		0.84731		
43.52		0.84731		
43.53		0.84731		
43.54		0.84732		
43.55		0.84732		
43.56		0.84732		
43.57		0.84733		
43.58		0.84733		
43.59		0.84733		
43.6		0.84734		
43.61		0.84734		
43.62		0.84735		
43.63		0.84735		
43.64		0.84735		
43.65		0.84736		
43.66		0.84736		
43.67		0.84736		
43.68		0.84737		
43.69		0.84737		
43.7		0.84738		
43.71		0.84738		
43.72		0.84738		
43.73		0.84739		
43.74		0.84739		
43.75		0.84739		
43.76		0.8474		
43.77		0.8474		
43.78		0.84741		
43.79		0.84741		
43.8		0.84741		
43.81		0.84742		
43.82		0.84742		
43.83		0.84743		
43.84		0.84743		
43.85		0.84743		
43.86		0.84744		
43.87		0.84744		
43.88		0.84745		
43.89		0.84745		
43.9		0.84746		
43.91		0.84747		
43.92		0.84747		
43.93		0.84748		
43.94		0.84749		
43.95		0.8475		
43.96		0.84751		
43.97		0.84752		
43.98		0.84753		
43.99		0.84754		
44		0.84755		
44.01		0.84756		
44.02		0.84757		
44.03		0.84759		
44.04		0.8476		
44.05		0.84761		
44.06		0.84763		
44.07		0.84764		
44.08		0.84766		
44.09		0.84767		
44.1		0.84769		
44.11		0.8477		
44.12		0.84772		
44.13		0.84774		
44.14		0.84776		
44.15		0.84777		
44.16		0.84779		
44.17		0.84781		
44.18		0.84783		
44.19		0.84785		
44.2		0.84787		
44.21		0.84789		
44.22		0.84791		
44.23		0.84794		
44.24		0.84796		
44.25		0.84798		
44.26		0.848		
44.27		0.84803		
44.28		0.84805		
44.29		0.84808		
44.3		0.8481		
44.31		0.84813		
44.32		0.84815		
44.33		0.84818		
44.34		0.84821		
44.35		0.84823		
44.36		0.84826		
44.37		0.84829		
44.38		0.84832		
44.39		0.84835		
44.4		0.84838		
44.41		0.84841		
44.42		0.84844		
44.43		0.84847		
44.44		0.8485		
44.45		0.84853		
44.46		0.84856		
44.47		0.84859		
44.48		0.84863		
44.49		0.84866		
44.5		0.84869		
44.51		0.84873		
44.52		0.84876		
44.53		0.8488		
44.54		0.84883		
44.55		0.84887		
44.56		0.8489		
44.57		0.84894		
44.58		0.84898		
44.59		0.84901		
44.6		0.84905		
44.61		0.84909		
44.62		0.84913		
44.63		0.84917		
44.64		0.84921		
44.65		0.84925		
44.66		0.84929		
44.67		0.84933		
44.68		0.84937		
44.69		0.84941		
44.7		0.84945		
44.71		0.84949		
44.72		0.84953		
44.73		0.84958		
44.74		0.84962		
44.75		0.84966		
44.76		0.84971		
44.77		0.84975		
44.78		0.84979		
44.79		0.84984		
44.8		0.84988		
44.81		0.84993		
44.82		0.84998		
44.83		0.85002		
44.84		0.85007		
44.85		0.85012		
44.86		0.85016		
44.87		0.85021		
44.88		0.85026		
44.89		0.85031		
44.9		0.85036		
44.91		0.85041		
44.92		0.85046		
44.93		0.85051		
44.94		0.85056		
44.95		0.85061		
44.96		0.85066		
44.97		0.85071		
44.98		0.85076		
44.99		0.85081		
45		0.85086		
45.01		0.85092		
45.02		0.85097		
45.03		0.85102		
45.04		0.85108		
45.05		0.85113		
45.06		0.85118		
45.07		0.85124		
45.08		0.85129		
45.09		0.85135		
45.1		0.8514		
45.11		0.85146		
45.12		0.85151		
45.13		0.85157		
45.14		0.85163		
45.15		0.85168		
45.16		0.85174		
45.17		0.8518		
45.18		0.85186		
45.19		0.85191		
45.2		0.85197		
45.21		0.85203		
45.22		0.85209		
45.23		0.85215		
45.24		0.85221		
45.25		0.85227		
45.26		0.85233		
45.27		0.85239		
45.28		0.85245		
45.29		0.85251		
45.3		0.85257		
45.31		0.85263		
45.32		0.8527		
45.33		0.85276		
45.34		0.85282		
45.35		0.85288		
45.36		0.85295		
45.37		0.85301		
45.38		0.85307		
45.39		0.85314		
45.4		0.8532		
45.41		0.85326		
45.42		0.85333		
45.43		0.85339		
45.44		0.85346		
45.45		0.85352		
45.46		0.85359		
45.47		0.85366		
45.48		0.85372		
45.49		0.85379		
45.5		0.85385		
45.51		0.85392		
45.52		0.85399		
45.53		0.85405		
45.54		0.85412		
45.55		0.85419		
45.56		0.85426		
45.57		0.85433		
45.58		0.85439		
45.59		0.85446		
45.6		0.85453		
45.61		0.8546		
45.62		0.85467		
45.63		0.85474		
45.64		0.85481		
45.65		0.85488		
45.66		0.85495		
45.67		0.85502		
45.68		0.85509		
45.69		0.85516		
45.7		0.85523		
45.71		0.85531		
45.72		0.85538		
45.73		0.85545		
45.74		0.85552		
45.75		0.85559		
45.76		0.85567		
45.77		0.85574		
45.78		0.85581		
45.79		0.85588		
45.8		0.85596		
45.81		0.85603		
45.82		0.8561		
45.83		0.85618		
45.84		0.85625		
45.85		0.85633		
45.86		0.8564		
45.87		0.85648		
45.88		0.85655		
45.89		0.85663		
45.9		0.8567		
45.91		0.85678		
45.92		0.85685		
45.93		0.85693		
45.94		0.85701		
45.95		0.85708		
45.96		0.85716		
45.97		0.85723		
45.98		0.85731		
45.99		0.85739		
46		0.85747		
46.01		0.85754		
46.02		0.85762		
46.03		0.8577		
46.04		0.85778		
46.05		0.85785		
46.06		0.85793		
46.07		0.85801		
46.08		0.85809		
46.09		0.85817		
46.1		0.85825		
46.11		0.85833		
46.12		0.85841		
46.13		0.85849		
46.14		0.85857		
46.15		0.85865		
46.16		0.85873		
46.17		0.85881		
46.18		0.85889		
46.19		0.85897		
46.2		0.85905		
46.21		0.85913		
46.22		0.85921		
46.23		0.85929		
46.24		0.85937		
46.25		0.85945		
46.26		0.85953		
46.27		0.85962		
46.28		0.8597		
46.29		0.85978		
46.3		0.85986		
46.31		0.85994		
46.32		0.86003		
46.33		0.86011		
46.34		0.86019		
46.35		0.86028		
46.36		0.86036		
46.37		0.86044		
46.38		0.86053		
46.39		0.86061		
46.4		0.86069		
46.41		0.86078		
46.42		0.86086		
46.43		0.86094		
46.44		0.86103		
46.45		0.86111		
46.46		0.8612		
46.47		0.86128		
46.48		0.86137		
46.49		0.86145		
46.5		0.86154		
46.51		0.86162		
46.52		0.86171		
46.53		0.86179		
46.54		0.86188		
46.55		0.86197		
46.56		0.86205		
46.57		0.86214		
46.58		0.86222		
46.59		0.86231		
46.6		0.8624		
46.61		0.86248		
46.62		0.86257		
46.63		0.86266		
46.64		0.86274		
46.65		0.86283		
46.66		0.86292		
46.67		0.863		
46.68		0.86309		
46.69		0.86318		
46.7		0.86327		
46.71		0.86335		
46.72		0.86344		
46.73		0.86353		
46.74		0.86362		
46.75		0.86371		
46.76		0.8638		
46.77		0.86388		
46.78		0.86397		
46.79		0.86406		
46.8		0.86415		
46.81		0.86424		
46.82		0.86433		
46.83		0.86442		
46.84		0.86451		
46.85		0.8646		
46.86		0.86468		
46.87		0.86477		
46.88		0.86486		
46.89		0.86495		
46.9		0.86504		
46.91		0.86513		
46.92		0.86522		
46.93		0.86531		
46.94		0.8654		
46.95		0.86549		
46.96		0.86558		
46.97		0.86568		
46.98		0.86577		
46.99		0.86586		
47		0.86595		
47.01		0.86604		
47.02		0.86613		
47.03		0.86622		
47.04		0.86631		
47.05		0.8664		
47.06		0.8665		
47.07		0.86659		
47.08		0.86668		
47.09		0.86677		
47.1		0.86686		
47.11		0.86695		
47.12		0.86705		
47.13		0.86714		
47.14		0.86723		
47.15		0.86732		
47.16		0.86741		
47.17		0.86751		
47.18		0.8676		
47.19		0.86769		
47.2		0.86779		
47.21		0.86788		
47.22		0.86797		
47.23		0.86806		
47.24		0.86816		
47.25		0.86825		
47.26		0.86834		
47.27		0.86844		
47.28		0.86853		
47.29		0.86862		
47.3		0.86872		
47.31		0.86881		
47.32		0.8689		
47.33		0.869		
47.34		0.86909		
47.35		0.86919		
47.36		0.86928		
47.37		0.86937		
47.38		0.86947		
47.39		0.86956		
47.4		0.86966		
47.41		0.86975		
47.42		0.86985		
47.43		0.86994		
47.44		0.87003		
47.45		0.87013		
47.46		0.87022		
47.47		0.87032		
47.48		0.87041		
47.49		0.87051		
47.5		0.8706		
47.51		0.8707		
47.52		0.87079		
47.53		0.87089		
47.54		0.87098		
47.55		0.87108		
47.56		0.87118		
47.57		0.87127		
47.58		0.87137		
47.59		0.87146		
47.6		0.87156		
47.61		0.87165		
47.62		0.87175		
47.63		0.87185		
47.64		0.87194		
47.65		0.87204		
47.66		0.87213		
47.67		0.87223		
47.68		0.87233		
47.69		0.87242		
47.7		0.87252		
47.71		0.87261		
47.72		0.87271		
47.73		0.87281		
47.74		0.8729		
47.75		0.873		
47.76		0.8731		
47.77		0.87319		
47.78		0.87329		
47.79		0.87339		
47.8		0.87348		
47.81		0.87358		
47.82		0.87368		
47.83		0.87378		
47.84		0.87387		
47.85		0.87397		
47.86		0.87407		
47.87		0.87416		
47.88		0.87426		
47.89		0.87436		
47.9		0.87446		
47.91		0.87455		
47.92		0.87465		
47.93		0.87475		
47.94		0.87485		
47.95		0.87494		
47.96		0.87504		
47.97		0.87514		
47.98		0.87524		
47.99		0.87534		
48		0.87543		
48.01		0.87553		
48.02		0.87563		
48.03		0.87573		
48.04		0.87583		
48.05		0.87592		
48.06		0.87602		
48.07		0.87612		
48.08		0.87622		
48.09		0.87632		
48.1		0.87641		
48.11		0.87651		
48.12		0.87661		
48.13		0.87671		
48.14		0.87681		
48.15		0.87691		
48.16		0.87701		
48.17		0.8771		
48.18		0.8772		
48.19		0.8773		
48.2		0.8774		
48.21		0.8775		
48.22		0.8776		
48.23		0.8777		
48.24		0.8778		
48.25		0.87789		
48.26		0.87799		
48.27		0.87809		
48.28		0.87819		
48.29		0.87829		
48.3		0.87839		
48.31		0.87849		
48.32		0.87859		
48.33		0.87869		
48.34		0.87879		
48.35		0.87889		
48.36		0.87899		
48.37		0.87908		
48.38		0.87918		
48.39		0.87928		
48.4		0.87938		
48.41		0.87948		
48.42		0.87958		
48.43		0.87968		
48.44		0.87978		
48.45		0.87988		
48.46		0.87998		
48.47		0.88008		
48.48		0.88018		
48.49		0.88028		
48.5		0.88038		
48.51		0.88048		
48.52		0.88058		
48.53		0.88068		
48.54		0.88078		
48.55		0.88088		
48.56		0.88098		
48.57		0.88108		
48.58		0.88118		
48.59		0.88128		
48.6		0.88138		
48.61		0.88148		
48.62		0.88158		
48.63		0.88168		
48.64		0.88178		
48.65		0.88188		
48.66		0.88198		
48.67		0.88208		
48.68		0.88218		
48.69		0.88228		
48.7		0.88238		
48.71		0.88248		
48.72		0.88258		
48.73		0.88268		
48.74		0.88278		
48.75		0.88288		
48.76		0.88298		
48.77		0.88308		
48.78		0.88318		
48.79		0.88328		
48.8		0.88338		
48.81		0.88348		
48.82		0.88358		
48.83		0.88368		
48.84		0.88378		
48.85		0.88388		
48.86		0.88398		
48.87		0.88408		
48.88		0.88418		
48.89		0.88428		
48.9		0.88439		
48.91		0.88449		
48.92		0.88459		
48.93		0.88469		
48.94		0.88479		
48.95		0.88489		
48.96		0.88499		
48.97		0.88509		
48.98		0.88519		
48.99		0.88529		
49		0.88539		
49.01		0.88549		
49.02		0.88559		
49.03		0.88569		
49.04		0.88579		
49.05		0.88589		
49.06		0.88599		
49.07		0.8861		
49.08		0.8862		
49.09		0.8863		
49.1		0.8864		
49.11		0.8865		
49.12		0.8866		
49.13		0.8867		
49.14		0.8868		
49.15		0.8869		
49.16		0.887		
49.17		0.8871		
49.18		0.8872		
49.19		0.8873		
49.2		0.8874		
49.21		0.88751		
49.22		0.88761		
49.23		0.88771		
49.24		0.88781		
49.25		0.88791		
49.26		0.88801		
49.27		0.88811		
49.28		0.88821		
49.29		0.88831		
49.3		0.88841		
49.31		0.88851		
49.32		0.88861		
49.33		0.88871		
49.34		0.88882		
49.35		0.88892		
49.36		0.88902		
49.37		0.88912		
49.38		0.88922		
49.39		0.88932		
49.4		0.88942		
49.41		0.88952		
49.42		0.88962		
49.43		0.88972		
49.44		0.88982		
49.45		0.88992		
49.46		0.89002		
49.47		0.89013		
49.48		0.89023		
49.49		0.89033		
49.5		0.89043		
49.51		0.89053		
49.52		0.89063		
49.53		0.89073		
49.54		0.89083		
49.55		0.89093		
49.56		0.89103		
49.57		0.89113		
49.58		0.89123		
49.59		0.89133		
49.6		0.89143		
49.61		0.89153		
49.62		0.89164		
49.63		0.89174		
49.64		0.89184		
49.65		0.89194		
49.66		0.89204		
49.67		0.89214		
49.68		0.89224		
49.69		0.89234		
49.7		0.89244		
49.71		0.89254		
49.72		0.89264		
49.73		0.89274		
49.74		0.89284		
49.75		0.89294		
49.76		0.89304		
49.77		0.89314		
49.78		0.89324		
49.79		0.89334		
49.8		0.89344		
49.81		0.89355		
49.82		0.89365		
49.83		0.89375		
49.84		0.89385		
49.85		0.89395		
49.86		0.89405		
49.87		0.89415		
49.88		0.89425		
49.89		0.89435		
49.9		0.89445		
49.91		0.89455		
49.92		0.89465		
49.93		0.89475		
49.94		0.89485		
49.95		0.89495		
49.96		0.89505		
49.97		0.89515		
49.98		0.89525		
49.99		0.89535		
50		0.89545		
