t [fm]		Beq
0.25		-11.7
0.3		-8.617		
0.35		-6.6384		
0.4		-5.2757		
0.45		-4.2882		
0.5		-3.5446		
0.55		-2.9681		
0.6		-2.5104		
0.65		-2.14		
0.7		-1.8357		
0.75		-1.5822		
0.8		-1.3687		
0.85		-1.1871		
0.9		-1.0314		
0.95		-0.89681		
1		-0.77978		
1.05		-0.67741		
1.1		-0.58739		
1.15		-0.50786		
1.2		-0.43729		
1.25		-0.37444		
1.3		-0.31827		
1.35		-0.2679		
1.4		-0.2226		
1.45		-0.18175		
1.5		-0.14483		
1.55		-0.11137		
1.6		-0.080998		
1.65		-0.053363		
1.7		-0.028177		
1.75		-0.0051834		
1.8		0.01584		
1.85		0.035091		
1.9		0.052742		
1.95		0.068945		
2		0.083837		
2.05		0.097538		
2.1		0.11015		
2.15		0.12178		
2.2		0.13251		
2.25		0.14241		
2.3		0.15156		
2.35		0.16001		
2.4		0.16783		
2.45		0.17506		
2.5		0.18175		
2.55		0.18794		
2.6		0.19368		
2.65		0.19899		
2.7		0.2039		
2.75		0.20846		
2.8		0.21267		
2.85		0.21658		
2.9		0.22019		
2.95		0.22353		
3		0.22662		
3.05		0.22947		
3.1		0.23211		
3.15		0.23454		
3.2		0.23678		
3.25		0.23885		
3.3		0.24075		
3.35		0.24249		
3.4		0.24409		
3.45		0.24555		
3.5		0.24688		
3.55		0.24809		
3.6		0.24919		
3.65		0.25019		
3.7		0.25108		
3.75		0.25188		
3.8		0.2526		
3.85		0.25323		
3.9		0.25378		
3.95		0.25426		
4		0.25468		
4.05		0.25502		
4.1		0.25531		
4.15		0.25554		
4.2		0.25571		
4.25		0.25584		
4.3		0.25591		
4.35		0.25594		
4.4		0.25593		
4.45		0.25587		
4.5		0.25578		
4.55		0.25565		
4.6		0.25548		
4.65		0.25529		
4.7		0.25506		
4.75		0.2548		
4.8		0.25452		
4.85		0.25421		
4.9		0.25387		
4.95		0.25351		
5		0.25313		
5.05		0.25273		
5.1		0.25231		
5.15		0.25187		
5.2		0.25141		
5.25		0.25094		
5.3		0.25045		
5.35		0.24994		
5.4		0.24942		
5.45		0.24889		
5.5		0.24834		
5.55		0.24779		
5.6		0.24722		
5.65		0.24664		
5.7		0.24605		
5.75		0.24545		
5.8		0.24484		
5.85		0.24422		
5.9		0.2436		
5.95		0.24297		
6		0.24233		
6.05		0.24168		
6.1		0.24103		
6.15		0.24037		
6.2		0.23971		
6.25		0.23904		
6.3		0.23836		
6.35		0.23768		
6.4		0.237		
6.45		0.23631		
6.5		0.23562		
6.55		0.23493		
6.6		0.23423		
6.65		0.23353		
6.7		0.23283		
6.75		0.23212		
6.8		0.23141		
6.85		0.2307		
6.9		0.22999		
6.95		0.22928		
7		0.22856		
7.05		0.22784		
7.1		0.22712		
7.15		0.22641		
7.2		0.22568		
7.25		0.22496		
7.3		0.22424		
7.35		0.22352		
7.4		0.2228		
7.45		0.22207		
7.5		0.22135		
7.55		0.22062		
7.6		0.2199		
7.65		0.21918		
7.7		0.21845		
7.75		0.21773		
7.8		0.21701		
7.85		0.21628		
7.9		0.21556		
7.95		0.21484		
8		0.21412		
8.05		0.2134		
8.1		0.21268		
8.15		0.21196		
8.2		0.21124		
8.25		0.21053		
8.3		0.20981		
8.35		0.2091		
8.4		0.20839		
8.45		0.20767		
8.5		0.20696		
8.55		0.20625		
8.6		0.20554		
8.65		0.20484		
8.7		0.20413		
8.75		0.20343		
8.8		0.20273		
8.85		0.20203		
8.9		0.20133		
8.95		0.20063		
9		0.19993		
9.05		0.19924		
9.1		0.19855		
9.15		0.19785		
9.2		0.19716		
9.25		0.19648		
9.3		0.19579		
9.35		0.19511		
9.4		0.19443		
9.45		0.19375		
9.5		0.19307		
9.55		0.19239		
9.6		0.19172		
9.65		0.19104		
9.7		0.19037		
9.75		0.1897		
9.8		0.18904		
9.85		0.18837		
9.9		0.18771		
9.95		0.18705		
10		0.18639		
10.05		0.18573		
10.1		0.18508		
10.15		0.18443		
10.2		0.18378		
10.25		0.18313		
10.3		0.18248		
10.35		0.18184		
10.4		0.1812		
10.45		0.18056		
10.5		0.17992		
10.55		0.17928		
10.6		0.17865		
10.65		0.17802		
10.7		0.17739		
10.75		0.17676		
10.8		0.17614		
10.85		0.17551		
10.9		0.17489		
10.95		0.17428		
11		0.17366		
11.05		0.17304		
11.1		0.17243		
11.15		0.17182		
11.2		0.17122		
11.25		0.17061		
11.3		0.17001		
11.35		0.16941		
11.4		0.16881		
11.45		0.16821		
11.5		0.16762		
11.55		0.16702		
11.6		0.16643		
11.65		0.16585		
11.7		0.16526		
11.75		0.16468		
11.8		0.16409		
11.85		0.16351		
11.9		0.16294		
11.95		0.16236		
12		0.16179		
12.05		0.16122		
12.1		0.16065		
12.15		0.16008		
12.2		0.15952		
12.25		0.15896		
12.3		0.1584		
12.35		0.15784		
12.4		0.15728		
12.45		0.15673		
12.5		0.15618		
12.55		0.15563		
12.6		0.15508		
12.65		0.15454		
12.7		0.15399		
12.75		0.15345		
12.8		0.15291		
12.85		0.15238		
12.9		0.15184		
12.95		0.15131		
13		0.15078		
13.05		0.15025		
13.1		0.14972		
13.15		0.1492		
13.2		0.14868		
13.25		0.14816		
13.3		0.14764		
13.35		0.14712		
13.4		0.14661		
13.45		0.1461		
13.5		0.14559		
13.55		0.14508		
13.6		0.14457		
13.65		0.14407		
13.7		0.14356		
13.75		0.14306		
13.8		0.14256		
13.85		0.14207		
13.9		0.14157		
13.95		0.14108		
14		0.14059		
14.05		0.1401		
14.1		0.13962		
14.15		0.13913		
14.2		0.13865		
14.25		0.13817		
14.3		0.13769		
14.35		0.13721		
14.4		0.13673		
14.45		0.13626		
14.5		0.13579		
14.55		0.13532		
14.6		0.13485		
14.65		0.13438		
14.7		0.13392		
14.75		0.13346		
14.8		0.133		
14.85		0.13254		
14.9		0.13208		
14.95		0.13163		
15		0.13117		
15.05		0.13072		
15.1		0.13027		
15.15		0.12982		
15.2		0.12938		
15.25		0.12893		
15.3		0.12849		
15.35		0.12805		
15.4		0.12761		
15.45		0.12717		
15.5		0.12673		
15.55		0.1263		
15.6		0.12587		
15.65		0.12543		
15.7		0.125		
15.75		0.12458		
15.8		0.12415		
15.85		0.12373		
15.9		0.1233		
15.95		0.12288		
16		0.12246		
16.05		0.12204		
16.1		0.12163		
16.15		0.12121		
16.2		0.1208		
16.25		0.12039		
16.3		0.11998		
16.35		0.11957		
16.4		0.11916		
16.45		0.11876		
16.5		0.11835		
16.55		0.11795		
16.6		0.11755		
16.65		0.11715		
16.7		0.11675		
16.75		0.11636		
16.8		0.11596		
16.85		0.11557		
16.9		0.11518		
16.95		0.11479		
17		0.1144		
17.05		0.11401		
17.1		0.11362		
17.15		0.11324		
17.2		0.11286		
17.25		0.11247		
17.3		0.11209		
17.35		0.11171		
17.4		0.11134		
17.45		0.11096		
17.5		0.11059		
17.55		0.11021		
17.6		0.10984		
17.65		0.10947		
17.7		0.1091		
17.75		0.10873		
17.8		0.10837		
17.85		0.108		
17.9		0.10764		
17.95		0.10727		
18		0.10691		
18.05		0.10655		
18.1		0.10619		
18.15		0.10584		
18.2		0.10548		
18.25		0.10512		
18.3		0.10477		
18.35		0.10442		
18.4		0.10407		
18.45		0.10372		
18.5		0.10337		
18.55		0.10302		
18.6		0.10267		
18.65		0.10233		
18.7		0.10199		
18.75		0.10164		
18.8		0.1013		
18.85		0.10096		
18.9		0.10062		
18.95		0.10028		
19		0.099947		
19.05		0.099612		
19.1		0.099277		
19.15		0.098944		
19.2		0.098612		
19.25		0.098281		
19.3		0.097951		
19.35		0.097622		
19.4		0.097294		
19.45		0.096968		
19.5		0.096642		
19.55		0.096318		
19.6		0.095995		
19.65		0.095672		
19.7		0.095351		
19.75		0.095031		
19.8		0.094712		
19.85		0.094394		
19.9		0.094077		
19.95		0.093761		
20		0.093447		
20.05		0.093133		
20.1		0.09282		
20.15		0.092508		
20.2		0.092197		
20.25		0.091888		
20.3		0.091579		
20.35		0.091271		
20.4		0.090964		
20.45		0.090659		
20.5		0.090354		
20.55		0.09005		
20.6		0.089747		
20.65		0.089445		
20.7		0.089144		
20.75		0.088844		
20.8		0.088545		
20.85		0.088247		
20.9		0.08795		
20.95		0.087654		
21		0.087358		
21.05		0.087064		
21.1		0.08677		
21.15		0.086478		
21.2		0.086186		
21.25		0.085895		
21.3		0.085605		
21.35		0.085316		
21.4		0.085028		
21.45		0.084741		
21.5		0.084454		
21.55		0.084169		
21.6		0.083884		
21.65		0.083601		
21.7		0.083318		
21.75		0.083035		
21.8		0.082754		
21.85		0.082474		
21.9		0.082194		
21.95		0.081915		
22		0.081638		
22.05		0.08136		
22.1		0.081084		
22.15		0.080809		
22.2		0.080534		
22.25		0.08026		
22.3		0.079987		
22.35		0.079715		
22.4		0.079443		
22.45		0.079173		
22.5		0.078903		
22.55		0.078634		
22.6		0.078365		
22.65		0.078098		
22.7		0.077831		
22.75		0.077565		
22.8		0.0773		
22.85		0.077035		
22.9		0.076771		
22.95		0.076508		
23		0.076246		
23.05		0.075984		
23.1		0.075723		
23.15		0.075463		
23.2		0.075204		
23.25		0.074945		
23.3		0.074687		
23.35		0.07443		
23.4		0.074174		
23.45		0.073918		
23.5		0.073663		
23.55		0.073408		
23.6		0.073155		
23.65		0.072902		
23.7		0.07265		
23.75		0.072398		
23.8		0.072147		
23.85		0.071897		
23.9		0.071647		
23.95		0.071398		
24		0.07115		
24.05		0.070903		
24.1		0.070656		
24.15		0.07041		
24.2		0.070164		
24.25		0.069919		
24.3		0.069675		
24.35		0.069432		
24.4		0.069189		
24.45		0.068947		
24.5		0.068705		
24.55		0.068464		
24.6		0.068224		
24.65		0.067984		
24.7		0.067745		
24.75		0.067507		
24.8		0.067269		
24.85		0.067032		
24.9		0.066795		
24.95		0.066559		
25		0.066324		
25.05		0.066089		
25.1		0.065855		
25.15		0.065622		
25.2		0.065389		
25.25		0.065157		
25.3		0.064925		
25.35		0.064694		
25.4		0.064464		
25.45		0.064234		
25.5		0.064005		
25.55		0.063776		
25.6		0.063548		
25.65		0.063321		
25.7		0.063094		
25.75		0.062868		
25.8		0.062642		
25.85		0.062417		
25.9		0.062193		
25.95		0.061969		
26		0.061745		
26.05		0.061523		
26.1		0.0613		
26.15		0.061079		
26.2		0.060858		
26.25		0.060637		
26.3		0.060417		
26.35		0.060198		
26.4		0.059979		
26.45		0.059761		
26.5		0.059543		
26.55		0.059326		
26.6		0.05911		
26.65		0.058894		
26.7		0.058678		
26.75		0.058463		
26.8		0.058249		
26.85		0.058035		
26.9		0.057822		
26.95		0.057609		
27		0.057397		
27.05		0.057185		
27.1		0.056974		
27.15		0.056763		
27.2		0.056553		
27.25		0.056344		
27.3		0.056135		
27.35		0.055926		
27.4		0.055719		
27.45		0.055511		
27.5		0.055304		
27.55		0.055098		
27.6		0.054892		
27.65		0.054687		
27.7		0.054482		
27.75		0.054278		
27.8		0.054074		
27.85		0.053871		
27.9		0.053668		
27.95		0.053466		
28		0.053264		
28.05		0.053063		
28.1		0.052863		
28.15		0.052663		
28.2		0.052463		
28.25		0.052264		
28.3		0.052065		
28.35		0.051867		
28.4		0.051669		
28.45		0.051472		
28.5		0.051276		
28.55		0.05108		
28.6		0.050884		
28.65		0.050689		
28.7		0.050494		
28.75		0.0503		
28.8		0.050107		
28.85		0.049914		
28.9		0.049721		
28.95		0.049529		
29		0.049337		
29.05		0.049146		
29.1		0.048955		
29.15		0.048765		
29.2		0.048576		
29.25		0.048386		
29.3		0.048198		
29.35		0.048009		
29.4		0.047822		
29.45		0.047634		
29.5		0.047448		
29.55		0.047261		
29.6		0.047076		
29.65		0.04689		
29.7		0.046705		
29.75		0.046521		
29.8		0.046337		
29.85		0.046154		
29.9		0.045971		
29.95		0.045788		
30		0.045606		
30.05		0.045425		
30.1		0.045244		
30.15		0.045063		
30.2		0.044883		
30.25		0.044703		
30.3		0.044524		
30.35		0.044345		
30.4		0.044167		
30.45		0.043989		
30.5		0.043812		
30.55		0.043635		
30.6		0.043459		
30.65		0.043283		
30.7		0.043107		
30.75		0.042932		
30.8		0.042757		
30.85		0.042583		
30.9		0.04241		
30.95		0.042236		
31		0.042064		
31.05		0.041891		
31.1		0.04172		
31.15		0.041548		
31.2		0.041377		
31.25		0.041207		
31.3		0.041037		
31.35		0.040867		
31.4		0.040698		
31.45		0.040529		
31.5		0.040361		
31.55		0.040193		
31.6		0.040026		
31.65		0.039859		
31.7		0.039692		
31.75		0.039526		
31.8		0.039361		
31.85		0.039196		
31.9		0.039031		
31.95		0.038867		
32		0.038703		
32.05		0.03854		
32.1		0.038377		
32.15		0.038214		
32.2		0.038052		
32.25		0.03789		
32.3		0.037729		
32.35		0.037569		
32.4		0.037408		
32.45		0.037248		
32.5		0.037089		
32.55		0.03693		
32.6		0.036771		
32.65		0.036613		
32.7		0.036455		
32.75		0.036298		
32.8		0.036141		
32.85		0.035985		
32.9		0.035829		
32.95		0.035673		
33		0.035518		
33.05		0.035363		
33.1		0.035209		
33.15		0.035055		
33.2		0.034901		
33.25		0.034748		
33.3		0.034596		
33.35		0.034443		
33.4		0.034292		
33.45		0.03414		
33.5		0.033989		
33.55		0.033839		
33.6		0.033689		
33.65		0.033539		
33.7		0.03339		
33.75		0.033241		
33.8		0.033092		
33.85		0.032944		
33.9		0.032797		
33.95		0.032649		
34		0.032502		
34.05		0.032356		
34.1		0.03221		
34.15		0.032064		
34.2		0.031919		
34.25		0.031774		
34.3		0.03163		
34.35		0.031486		
34.4		0.031342		
34.45		0.031199		
34.5		0.031056		
34.55		0.030914		
34.6		0.030772		
34.65		0.030631		
34.7		0.030489		
34.75		0.030349		
34.8		0.030208		
34.85		0.030068		
34.9		0.029929		
34.95		0.029789		
35		0.029651		
35.05		0.029512		
35.1		0.029374		
35.15		0.029237		
35.2		0.029099		
35.25		0.028963		
35.3		0.028826		
35.35		0.02869		
35.4		0.028554		
35.45		0.028419		
35.5		0.028284		
35.55		0.02815		
35.6		0.028016		
35.65		0.027882		
35.7		0.027749		
35.75		0.027616		
35.8		0.027483		
35.85		0.027351		
35.9		0.027219		
35.95		0.027088		
36		0.026956		
36.05		0.026826		
36.1		0.026695		
36.15		0.026566		
36.2		0.026436		
36.25		0.026307		
36.3		0.026178		
36.35		0.02605		
36.4		0.025922		
36.45		0.025794		
36.5		0.025667		
36.55		0.02554		
36.6		0.025413		
36.65		0.025287		
36.7		0.025161		
36.75		0.025036		
36.8		0.02491		
36.85		0.024786		
36.9		0.024661		
36.95		0.024537		
37		0.024414		
37.05		0.02429		
37.1		0.024168		
37.15		0.024045		
37.2		0.023923		
37.25		0.023801		
37.3		0.02368		
37.35		0.023558		
37.4		0.023438		
37.45		0.023317		
37.5		0.023197		
37.55		0.023078		
37.6		0.022958		
37.65		0.022839		
37.7		0.022721		
37.75		0.022602		
37.8		0.022484		
37.85		0.022367		
37.9		0.02225		
37.95		0.022133		
38		0.022016		
38.05		0.0219		
38.1		0.021784		
38.15		0.021669		
38.2		0.021554		
38.25		0.021439		
38.3		0.021324		
38.35		0.02121		
38.4		0.021097		
38.45		0.020983		
38.5		0.02087		
38.55		0.020757		
38.6		0.020645		
38.65		0.020533		
38.7		0.020421		
38.75		0.02031		
38.8		0.020199		
38.85		0.020088		
38.9		0.019977		
38.95		0.019867		
39		0.019758		
39.05		0.019648		
39.1		0.019539		
39.15		0.01943		
39.2		0.019322		
39.25		0.019214		
39.3		0.019106		
39.35		0.018999		
39.4		0.018892		
39.45		0.018785		
39.5		0.018678		
39.55		0.018572		
39.6		0.018466		
39.65		0.018361		
39.7		0.018255		
39.75		0.018151		
39.8		0.018046		
39.85		0.017942		
39.9		0.017838		
39.95		0.017734		
40		0.017631		
40.05		0.017528		
40.1		0.017425		
40.15		0.017323		
40.2		0.017221		
40.25		0.017119		
40.3		0.017018		
40.35		0.016916		
40.4		0.016816		
40.45		0.016715		
40.5		0.016615		
40.55		0.016515		
40.6		0.016415		
40.65		0.016316		
40.7		0.016217		
40.75		0.016118		
40.8		0.01602		
40.85		0.015922		
40.9		0.015824		
40.95		0.015726		
41		0.015629		
41.05		0.015532		
41.1		0.015436		
41.15		0.015339		
41.2		0.015243		
41.25		0.015148		
41.3		0.015052		
41.35		0.014957		
41.4		0.014862		
41.45		0.014768		
41.5		0.014673		
41.55		0.014579		
41.6		0.014486		
41.65		0.014392		
41.7		0.014299		
41.75		0.014206		
41.8		0.014114		
41.85		0.014022		
41.9		0.01393		
41.95		0.013838		
42		0.013746		
42.05		0.013655		
42.1		0.013564		
42.15		0.013474		
42.2		0.013384		
42.25		0.013294		
42.3		0.013204		
42.35		0.013114		
42.4		0.013025		
42.45		0.012936		
42.5		0.012848		
42.55		0.012759		
42.6		0.012671		
42.65		0.012583		
42.7		0.012496		
42.75		0.012409		
42.8		0.012322		
42.85		0.012235		
42.9		0.012148		
42.95		0.012062		
43		0.011976		
43.05		0.011891		
43.1		0.011805		
43.15		0.01172		
43.2		0.011635		
43.25		0.011551		
43.3		0.011466		
43.35		0.011382		
43.4		0.011298		
43.45		0.011215		
43.5		0.011132		
43.55		0.011049		
43.6		0.010966		
43.65		0.010883		
43.7		0.010801		
43.75		0.010719		
43.8		0.010637		
43.85		0.010556		
43.9		0.010475		
43.95		0.010394		
44		0.010313		
44.05		0.010232		
44.1		0.010152		
44.15		0.010072		
44.2		0.0099925		
44.25		0.009913		
44.3		0.0098338		
44.35		0.0097548		
44.4		0.0096761		
44.45		0.0095976		
44.5		0.0095194		
44.55		0.0094414		
44.6		0.0093636		
44.65		0.0092861		
44.7		0.0092089		
44.75		0.0091319		
44.8		0.0090551		
44.85		0.0089786		
44.9		0.0089023		
44.95		0.0088262		
45		0.0087504		
45.05		0.0086748		
45.1		0.0085995		
45.15		0.0085244		
45.2		0.0084495		
45.25		0.0083749		
45.3		0.0083005		
45.35		0.0082264		
45.4		0.0081524		
45.45		0.0080787		
45.5		0.0080053		
45.55		0.0079321		
45.6		0.0078591		
45.65		0.0077863		
45.7		0.0077138		
45.75		0.0076415		
45.8		0.0075694		
45.85		0.0074975		
45.9		0.0074259		
45.95		0.0073545		
46		0.0072834		
46.05		0.0072124		
46.1		0.0071417		
46.15		0.0070712		
46.2		0.0070009		
46.25		0.0069309		
46.3		0.006861		
46.35		0.0067914		
46.4		0.006722		
46.45		0.0066529		
46.5		0.0065839		
46.55		0.0065152		
46.6		0.0064467		
46.65		0.0063784		
46.7		0.0063103		
46.75		0.0062425		
46.8		0.0061748		
46.85		0.0061074		
46.9		0.0060402		
46.95		0.0059731		
47		0.0059064		
47.05		0.0058398		
47.1		0.0057734		
47.15		0.0057073		
47.2		0.0056413		
47.25		0.0055756		
47.3		0.00551		
47.35		0.0054447		
47.4		0.0053796		
47.45		0.0053147		
47.5		0.00525		
47.55		0.0051855		
47.6		0.0051212		
47.65		0.0050571		
47.7		0.0049933		
47.75		0.0049296		
47.8		0.0048661		
47.85		0.0048029		
47.9		0.0047398		
47.95		0.0046769		
48		0.0046142		
48.05		0.0045518		
48.1		0.0044895		
48.15		0.0044274		
48.2		0.0043656		
48.25		0.0043039		
48.3		0.0042424		
48.35		0.0041811		
48.4		0.0041201		
48.45		0.0040592		
48.5		0.0039985		
48.55		0.003938		
48.6		0.0038777		
48.65		0.0038175		
48.7		0.0037576		
48.75		0.0036979		
48.8		0.0036383		
48.85		0.003579		
48.9		0.0035198		
48.95		0.0034609		
49		0.0034021		
49.05		0.0033435		
49.1		0.0032851		
49.15		0.0032268		
49.2		0.0031688		
49.25		0.003111		
49.3		0.0030533		
49.35		0.0029958		
49.4		0.0029385		
49.45		0.0028814		
49.5		0.0028245		
49.55		0.0027677		
49.6		0.0027112		
49.65		0.0026548		
49.7		0.0025986		
49.75		0.0025425		
49.8		0.0024867		
49.85		0.002431		
49.9		0.0023755		
49.95		0.0023202		
50		0.0022651		
