tau [fm]		B
0.25		-13.0745
0.26		-12.2772		
0.27		-11.5644		
0.28		-10.9235		
0.29		-10.344		
0.3		-9.81754		
0.31		-9.33703		
0.32		-8.89668		
0.33		-8.49159		
0.34		-8.11765		
0.35		-7.77136		
0.36		-7.44972		
0.37		-7.15016		
0.38		-6.87047		
0.39		-6.60871		
0.4		-6.3632		
0.41		-6.13247		
0.42		-5.9152		
0.43		-5.71027		
0.44		-5.51664		
0.45		-5.33341		
0.46		-5.15976		
0.47		-4.99498		
0.48		-4.8384		
0.49		-4.68944		
0.5		-4.54755		
0.51		-4.41226		
0.52		-4.28313		
0.53		-4.15975		
0.54		-4.04175		
0.55		-3.9288		
0.56		-3.82058		
0.57		-3.71682		
0.58		-3.61725		
0.59		-3.52164		
0.6		-3.42974		
0.61		-3.34137		
0.62		-3.25633		
0.63		-3.17443		
0.64		-3.09551		
0.65		-3.01943		
0.66		-2.94602		
0.67		-2.87517		
0.68		-2.80674		
0.69		-2.74061		
0.7		-2.67668		
0.71		-2.61484		
0.72		-2.555		
0.73		-2.49705		
0.74		-2.44093		
0.75		-2.38654		
0.76		-2.33381		
0.77		-2.28266		
0.78		-2.23304		
0.79		-2.18487		
0.8		-2.1381		
0.81		-2.09267		
0.82		-2.04852		
0.83		-2.0056		
0.84		-1.96387		
0.85		-1.92328		
0.86		-1.88378		
0.87		-1.84533		
0.88		-1.80789		
0.89		-1.77143		
0.9		-1.73591		
0.91		-1.7013		
0.92		-1.66755		
0.93		-1.63465		
0.94		-1.60256		
0.95		-1.57126		
0.96		-1.54071		
0.97		-1.51089		
0.98		-1.48178		
0.99		-1.45336		
1		-1.42559		
1.01		-1.39847		
1.02		-1.37196		
1.03		-1.34605		
1.04		-1.32072		
1.05		-1.29596		
1.06		-1.27174		
1.07		-1.24804		
1.08		-1.22486		
1.09		-1.20218		
1.1		-1.17998		
1.11		-1.15824		
1.12		-1.13696		
1.13		-1.11612		
1.14		-1.09571		
1.15		-1.07571		
1.16		-1.05612		
1.17		-1.03692		
1.18		-1.01811		
1.19		-0.999664		
1.2		-0.98158		
1.21		-0.963849		
1.22		-0.946459		
1.23		-0.929403		
1.24		-0.912671		
1.25		-0.896255		
1.26		-0.880147		
1.27		-0.864339		
1.28		-0.848823		
1.29		-0.833591		
1.3		-0.818637		
1.31		-0.803954		
1.32		-0.789535		
1.33		-0.775374		
1.34		-0.761464		
1.35		-0.747799		
1.36		-0.734373		
1.37		-0.721181		
1.38		-0.708217		
1.39		-0.695476		
1.4		-0.682952		
1.41		-0.67064		
1.42		-0.658537		
1.43		-0.646636		
1.44		-0.634933		
1.45		-0.623424		
1.46		-0.612105		
1.47		-0.60097		
1.48		-0.590017		
1.49		-0.579241		
1.5		-0.568639		
1.51		-0.558205		
1.52		-0.547938		
1.53		-0.537833		
1.54		-0.527887		
1.55		-0.518097		
1.56		-0.508459		
1.57		-0.498969		
1.58		-0.489626		
1.59		-0.480426		
1.6		-0.471366		
1.61		-0.462444		
1.62		-0.453655		
1.63		-0.444999		
1.64		-0.436471		
1.65		-0.42807		
1.66		-0.419793		
1.67		-0.411638		
1.68		-0.403602		
1.69		-0.395683		
1.7		-0.387878		
1.71		-0.380186		
1.72		-0.372604		
1.73		-0.365131		
1.74		-0.357763		
1.75		-0.3505		
1.76		-0.343339		
1.77		-0.336278		
1.78		-0.329316		
1.79		-0.32245		
1.8		-0.315679		
1.81		-0.309002		
1.82		-0.302416		
1.83		-0.295919		
1.84		-0.289511		
1.85		-0.28319		
1.86		-0.276953		
1.87		-0.2708		
1.88		-0.26473		
1.89		-0.25874		
1.9		-0.252829		
1.91		-0.246996		
1.92		-0.24124		
1.93		-0.235559		
1.94		-0.229952		
1.95		-0.224418		
1.96		-0.218955		
1.97		-0.213562		
1.98		-0.208239		
1.99		-0.202983		
2		-0.197795		
2.01		-0.192672		
2.02		-0.187614		
2.03		-0.182619		
2.04		-0.177687		
2.05		-0.172816		
2.06		-0.168006		
2.07		-0.163256		
2.08		-0.158564		
2.09		-0.15393		
2.1		-0.149352		
2.11		-0.144831		
2.12		-0.140364		
2.13		-0.135952		
2.14		-0.131593		
2.15		-0.127286		
2.16		-0.123031		
2.17		-0.118827		
2.18		-0.114673		
2.19		-0.110568		
2.2		-0.106512		
2.21		-0.102504		
2.22		-0.0985424		
2.23		-0.0946276		
2.24		-0.0907585		
2.25		-0.0869344		
2.26		-0.0831547		
2.27		-0.0794187		
2.28		-0.0757258		
2.29		-0.0720753		
2.3		-0.0684666		
2.31		-0.0648991		
2.32		-0.0613723		
2.33		-0.0578854		
2.34		-0.054438		
2.35		-0.0510295		
2.36		-0.0476594		
2.37		-0.044327		
2.38		-0.0410319		
2.39		-0.0377735		
2.4		-0.0345513		
2.41		-0.0313648		
2.42		-0.0282135		
2.43		-0.025097		
2.44		-0.0220147		
2.45		-0.0189661		
2.46		-0.0159509		
2.47		-0.0129685		
2.48		-0.0100185		
2.49		-0.00710049		
2.5		-0.004214		
2.51		-0.0013586		
2.52		0.0014661		
2.53		0.00426053		
2.54		0.00702509		
2.55		0.00976017		
2.56		0.0124662		
2.57		0.0151435		
2.58		0.0177924		
2.59		0.0204135		
2.6		0.0230069		
2.61		0.0255731		
2.62		0.0281124		
2.63		0.0306252		
2.64		0.0331119		
2.65		0.0355726		
2.66		0.0380079		
2.67		0.0404179		
2.68		0.0428031		
2.69		0.0451638		
2.7		0.0475001		
2.71		0.0498126		
2.72		0.0521014		
2.73		0.0543668		
2.74		0.0566092		
2.75		0.0588288		
2.76		0.0610259		
2.77		0.0632009		
2.78		0.0653538		
2.79		0.0674852		
2.8		0.0695951		
2.81		0.0716838		
2.82		0.0737517		
2.83		0.075799		
2.84		0.0778258		
2.85		0.0798325		
2.86		0.0818194		
2.87		0.0837865		
2.88		0.0857343		
2.89		0.0876628		
2.9		0.0895724		
2.91		0.0914632		
2.92		0.0933355		
2.93		0.0951895		
2.94		0.0970254		
2.95		0.0988435		
2.96		0.100644		
2.97		0.102427		
2.98		0.104192		
2.99		0.105941		
3		0.107674		
3.01		0.109386		
3.02		0.111086		
3.03		0.112768		
3.04		0.114434		
3.05		0.116084		
3.06		0.117719		
3.07		0.119338		
3.08		0.120941		
3.09		0.122529		
3.1		0.124102		
3.11		0.125661		
3.12		0.127204		
3.13		0.128733		
3.14		0.130248		
3.15		0.131748		
3.16		0.133234		
3.17		0.134706		
3.18		0.136165		
3.19		0.13761		
3.2		0.139041		
3.21		0.140459		
3.22		0.141864		
3.23		0.143256		
3.24		0.144635		
3.25		0.146001		
3.26		0.147354		
3.27		0.148695		
3.28		0.150024		
3.29		0.15134		
3.3		0.152644		
3.31		0.153937		
3.32		0.155217		
3.33		0.156486		
3.34		0.157743		
3.35		0.158988		
3.36		0.160222		
3.37		0.161445		
3.38		0.162657		
3.39		0.163858		
3.4		0.165048		
3.41		0.166227		
3.42		0.167395		
3.43		0.168553		
3.44		0.1697		
3.45		0.170837		
3.46		0.171964		
3.47		0.17308		
3.48		0.174187		
3.49		0.175283		
3.5		0.17637		
3.51		0.177447		
3.52		0.178514		
3.53		0.179572		
3.54		0.18062		
3.55		0.181659		
3.56		0.182688		
3.57		0.183708		
3.58		0.18472		
3.59		0.185722		
3.6		0.186715		
3.61		0.1877		
3.62		0.188675		
3.63		0.189642		
3.64		0.190601		
3.65		0.191551		
3.66		0.192492		
3.67		0.193425		
3.68		0.19435		
3.69		0.195267		
3.7		0.196176		
3.71		0.197076		
3.72		0.197969		
3.73		0.198854		
3.74		0.199731		
3.75		0.2006		
3.76		0.201461		
3.77		0.202315		
3.78		0.203162		
3.79		0.204001		
3.8		0.204833		
3.81		0.205657		
3.82		0.206474		
3.83		0.207284		
3.84		0.208087		
3.85		0.208883		
3.86		0.209672		
3.87		0.210454		
3.88		0.211229		
3.89		0.211997		
3.9		0.212758		
3.91		0.213513		
3.92		0.214262		
3.93		0.215003		
3.94		0.215739		
3.95		0.216467		
3.96		0.21719		
3.97		0.217906		
3.98		0.218616		
3.99		0.21932		
4		0.220017		
4.01		0.220709		
4.02		0.221394		
4.03		0.222073		
4.04		0.222747		
4.05		0.223414		
4.06		0.224076		
4.07		0.224732		
4.08		0.225383		
4.09		0.226027		
4.1		0.226666		
4.11		0.227299		
4.12		0.227927		
4.13		0.22855		
4.14		0.229167		
4.15		0.229778		
4.16		0.230384		
4.17		0.230985		
4.18		0.231581		
4.19		0.232171		
4.2		0.232756		
4.21		0.233337		
4.22		0.233912		
4.23		0.234482		
4.24		0.235047		
4.25		0.235607		
4.26		0.236162		
4.27		0.236712		
4.28		0.237258		
4.29		0.237798		
4.3		0.238334		
4.31		0.238866		
4.32		0.239392		
4.33		0.239914		
4.34		0.240431		
4.35		0.240944		
4.36		0.241452		
4.37		0.241956		
4.38		0.242455		
4.39		0.24295		
4.4		0.243441		
4.41		0.243927		
4.42		0.244409		
4.43		0.244887		
4.44		0.24536		
4.45		0.245829		
4.46		0.246294		
4.47		0.246755		
4.48		0.247212		
4.49		0.247665		
4.5		0.248113		
4.51		0.248558		
4.52		0.248999		
4.53		0.249436		
4.54		0.249869		
4.55		0.250298		
4.56		0.250723		
4.57		0.251144		
4.58		0.251562		
4.59		0.251975		
4.6		0.252386		
4.61		0.252792		
4.62		0.253195		
4.63		0.253594		
4.64		0.253989		
4.65		0.254381		
4.66		0.254769		
4.67		0.255154		
4.68		0.255535		
4.69		0.255913		
4.7		0.256288		
4.71		0.256659		
4.72		0.257026		
4.73		0.25739		
4.74		0.257751		
4.75		0.258109		
4.76		0.258463		
4.77		0.258814		
4.78		0.259162		
4.79		0.259506		
4.8		0.259847		
4.81		0.260185		
4.82		0.26052		
4.83		0.260852		
4.84		0.261181		
4.85		0.261507		
4.86		0.261829		
4.87		0.262149		
4.88		0.262465		
4.89		0.262779		
4.9		0.26309		
4.91		0.263397		
4.92		0.263702		
4.93		0.264004		
4.94		0.264303		
4.95		0.264599		
4.96		0.264892		
4.97		0.265183		
4.98		0.26547		
4.99		0.265755		
5		0.266037		
5.01		0.266317		
5.02		0.266594		
5.03		0.266868		
5.04		0.267139		
5.05		0.267408		
5.06		0.267674		
5.07		0.267937		
5.08		0.268198		
5.09		0.268456		
5.1		0.268712		
5.11		0.268965		
5.12		0.269215		
5.13		0.269463		
5.14		0.269709		
5.15		0.269952		
5.16		0.270193		
5.17		0.270431		
5.18		0.270667		
5.19		0.2709		
5.2		0.271131		
5.21		0.27136		
5.22		0.271586		
5.23		0.27181		
5.24		0.272031		
5.25		0.272251		
5.26		0.272468		
5.27		0.272682		
5.28		0.272895		
5.29		0.273105		
5.3		0.273313		
5.31		0.273519		
5.32		0.273723		
5.33		0.273924		
5.34		0.274123		
5.35		0.27432		
5.36		0.274515		
5.37		0.274708		
5.38		0.274899		
5.39		0.275087		
5.4		0.275274		
5.41		0.275458		
5.42		0.275641		
5.43		0.275821		
5.44		0.276		
5.45		0.276176		
5.46		0.27635		
5.47		0.276523		
5.48		0.276693		
5.49		0.276862		
5.5		0.277028		
5.51		0.277193		
5.52		0.277355		
5.53		0.277516		
5.54		0.277675		
5.55		0.277832		
5.56		0.277987		
5.57		0.27814		
5.58		0.278292		
5.59		0.278441		
5.6		0.278589		
5.61		0.278735		
5.62		0.278879		
5.63		0.279022		
5.64		0.279162		
5.65		0.279301		
5.66		0.279438		
5.67		0.279574		
5.68		0.279707		
5.69		0.279839		
5.7		0.279969		
5.71		0.280098		
5.72		0.280225		
5.73		0.28035		
5.74		0.280474		
5.75		0.280595		
5.76		0.280716		
5.77		0.280834		
5.78		0.280951		
5.79		0.281067		
5.8		0.28118		
5.81		0.281293		
5.82		0.281403		
5.83		0.281512		
5.84		0.28162		
5.85		0.281726		
5.86		0.28183		
5.87		0.281933		
5.88		0.282035		
5.89		0.282134		
5.9		0.282233		
5.91		0.28233		
5.92		0.282425		
5.93		0.282519		
5.94		0.282612		
5.95		0.282703		
5.96		0.282792		
5.97		0.28288		
5.98		0.282967		
5.99		0.283052		
6		0.283136		
6.01		0.283219		
6.02		0.2833		
6.03		0.28338		
6.04		0.283458		
6.05		0.283535		
6.06		0.283611		
6.07		0.283685		
6.08		0.283758		
6.09		0.28383		
6.1		0.2839		
6.11		0.283969		
6.12		0.284037		
6.13		0.284103		
6.14		0.284168		
6.15		0.284232		
6.16		0.284295		
6.17		0.284356		
6.18		0.284416		
6.19		0.284475		
6.2		0.284533		
6.21		0.284589		
6.22		0.284644		
6.23		0.284698		
6.24		0.28475		
6.25		0.284802		
6.26		0.284852		
6.27		0.284901		
6.28		0.284949		
6.29		0.284996		
6.3		0.285041		
6.31		0.285086		
6.32		0.285129		
6.33		0.285171		
6.34		0.285212		
6.35		0.285252		
6.36		0.285291		
6.37		0.285328		
6.38		0.285365		
6.39		0.2854		
6.4		0.285434		
6.41		0.285467		
6.42		0.285499		
6.43		0.28553		
6.44		0.28556		
6.45		0.285589		
6.46		0.285617		
6.47		0.285644		
6.48		0.285669		
6.49		0.285694		
6.5		0.285718		
6.51		0.28574		
6.52		0.285762		
6.53		0.285782		
6.54		0.285802		
6.55		0.28582		
6.56		0.285838		
6.57		0.285854		
6.58		0.28587		
6.59		0.285884		
6.6		0.285898		
6.61		0.285911		
6.62		0.285922		
6.63		0.285933		
6.64		0.285943		
6.65		0.285951		
6.66		0.285959		
6.67		0.285966		
6.68		0.285972		
6.69		0.285977		
6.7		0.285981		
6.71		0.285984		
6.72		0.285987		
6.73		0.285988		
6.74		0.285989		
6.75		0.285988		
6.76		0.285987		
6.77		0.285985		
6.78		0.285982		
6.79		0.285978		
6.8		0.285973		
6.81		0.285967		
6.82		0.285961		
6.83		0.285953		
6.84		0.285945		
6.85		0.285936		
6.86		0.285926		
6.87		0.285915		
6.88		0.285904		
6.89		0.285891		
6.9		0.285878		
6.91		0.285864		
6.92		0.285849		
6.93		0.285834		
6.94		0.285817		
6.95		0.2858		
6.96		0.285782		
6.97		0.285763		
6.98		0.285744		
6.99		0.285723		
7		0.285702		
7.01		0.28568		
7.02		0.285657		
7.03		0.285634		
7.04		0.28561		
7.05		0.285585		
7.06		0.285559		
7.07		0.285533		
7.08		0.285505		
7.09		0.285477		
7.1		0.285449		
7.11		0.285419		
7.12		0.285389		
7.13		0.285358		
7.14		0.285327		
7.15		0.285295		
7.16		0.285262		
7.17		0.285228		
7.18		0.285194		
7.19		0.285159		
7.2		0.285123		
7.21		0.285086		
7.22		0.285049		
7.23		0.285011		
7.24		0.284973		
7.25		0.284934		
7.26		0.284894		
7.27		0.284854		
7.28		0.284812		
7.29		0.284771		
7.3		0.284728		
7.31		0.284685		
7.32		0.284641		
7.33		0.284597		
7.34		0.284552		
7.35		0.284506		
7.36		0.28446		
7.37		0.284413		
7.38		0.284366		
7.39		0.284317		
7.4		0.284269		
7.41		0.284219		
7.42		0.284169		
7.43		0.284119		
7.44		0.284068		
7.45		0.284016		
7.46		0.283963		
7.47		0.28391		
7.48		0.283857		
7.49		0.283803		
7.5		0.283748		
7.51		0.283693		
7.52		0.283637		
7.53		0.28358		
7.54		0.283523		
7.55		0.283465		
7.56		0.283407		
7.57		0.283349		
7.58		0.283289		
7.59		0.283229		
7.6		0.283169		
7.61		0.283108		
7.62		0.283047		
7.63		0.282985		
7.64		0.282922		
7.65		0.282859		
7.66		0.282795		
7.67		0.282731		
7.68		0.282666		
7.69		0.282601		
7.7		0.282535		
7.71		0.282469		
7.72		0.282402		
7.73		0.282335		
7.74		0.282267		
7.75		0.282199		
7.76		0.28213		
7.77		0.282061		
7.78		0.281991		
7.79		0.281921		
7.8		0.28185		
7.81		0.281779		
7.82		0.281707		
7.83		0.281635		
7.84		0.281562		
7.85		0.281489		
7.86		0.281415		
7.87		0.281341		
7.88		0.281266		
7.89		0.281191		
7.9		0.281116		
7.91		0.28104		
7.92		0.280963		
7.93		0.280886		
7.94		0.280809		
7.95		0.280731		
7.96		0.280653		
7.97		0.280574		
7.98		0.280495		
7.99		0.280415		
8		0.280335		
8.01		0.280255		
8.02		0.280174		
8.03		0.280092		
8.04		0.28001		
8.05		0.279928		
8.06		0.279845		
8.07		0.279762		
8.08		0.279679		
8.09		0.279595		
8.1		0.279511		
8.11		0.279426		
8.12		0.279341		
8.13		0.279255		
8.14		0.279169		
8.15		0.279083		
8.16		0.278996		
8.17		0.278909		
8.18		0.278821		
8.19		0.278733		
8.2		0.278645		
8.21		0.278556		
8.22		0.278467		
8.23		0.278377		
8.24		0.278288		
8.25		0.278197		
8.26		0.278107		
8.27		0.278015		
8.28		0.277924		
8.29		0.277832		
8.3		0.27774		
8.31		0.277648		
8.32		0.277555		
8.33		0.277461		
8.34		0.277368		
8.35		0.277274		
8.36		0.277179		
8.37		0.277085		
8.38		0.27699		
8.39		0.276894		
8.4		0.276798		
8.41		0.276702		
8.42		0.276606		
8.43		0.276509		
8.44		0.276412		
8.45		0.276314		
8.46		0.276216		
8.47		0.276118		
8.48		0.27602		
8.49		0.275921		
8.5		0.275822		
8.51		0.275722		
8.52		0.275622		
8.53		0.275522		
8.54		0.275422		
8.55		0.275321		
8.56		0.27522		
8.57		0.275118		
8.58		0.275017		
8.59		0.274915		
8.6		0.274812		
8.61		0.27471		
8.62		0.274607		
8.63		0.274503		
8.64		0.2744		
8.65		0.274296		
8.66		0.274191		
8.67		0.274087		
8.68		0.273982		
8.69		0.273877		
8.7		0.273772		
8.71		0.273666		
8.72		0.27356		
8.73		0.273454		
8.74		0.273347		
8.75		0.27324		
8.76		0.273133		
8.77		0.273026		
8.78		0.272918		
8.79		0.27281		
8.8		0.272702		
8.81		0.272593		
8.82		0.272484		
8.83		0.272375		
8.84		0.272266		
8.85		0.272156		
8.86		0.272046		
8.87		0.271936		
8.88		0.271826		
8.89		0.271715		
8.9		0.271604		
8.91		0.271493		
8.92		0.271382		
8.93		0.27127		
8.94		0.271158		
8.95		0.271046		
8.96		0.270933		
8.97		0.27082		
8.98		0.270707		
8.99		0.270594		
9		0.270481		
9.01		0.270367		
9.02		0.270253		
9.03		0.270139		
9.04		0.270024		
9.05		0.26991		
9.06		0.269795		
9.07		0.26968		
9.08		0.269564		
9.09		0.269449		
9.1		0.269333		
9.11		0.269217		
9.12		0.2691		
9.13		0.268984		
9.14		0.268867		
9.15		0.26875		
9.16		0.268633		
9.17		0.268515		
9.18		0.268398		
9.19		0.26828		
9.2		0.268162		
9.21		0.268043		
9.22		0.267925		
9.23		0.267806		
9.24		0.267687		
9.25		0.267568		
9.26		0.267449		
9.27		0.267329		
9.28		0.267209		
9.29		0.267089		
9.3		0.266969		
9.31		0.266849		
9.32		0.266728		
9.33		0.266607		
9.34		0.266486		
9.35		0.266365		
9.36		0.266243		
9.37		0.266122		
9.38		0.266		
9.39		0.265878		
9.4		0.265756		
9.41		0.265634		
9.42		0.265511		
9.43		0.265388		
9.44		0.265265		
9.45		0.265142		
9.46		0.265019		
9.47		0.264895		
9.48		0.264772		
9.49		0.264648		
9.5		0.264524		
9.51		0.2644		
9.52		0.264275		
9.53		0.264151		
9.54		0.264026		
9.55		0.263901		
9.56		0.263776		
9.57		0.263651		
9.58		0.263525		
9.59		0.263399		
9.6		0.263274		
9.61		0.263148		
9.62		0.263022		
9.63		0.262895		
9.64		0.262769		
9.65		0.262642		
9.66		0.262516		
9.67		0.262389		
9.68		0.262262		
9.69		0.262134		
9.7		0.262007		
9.71		0.261879		
9.72		0.261752		
9.73		0.261624		
9.74		0.261496		
9.75		0.261368		
9.76		0.261239		
9.77		0.261111		
9.78		0.260982		
9.79		0.260853		
9.8		0.260724		
9.81		0.260595		
9.82		0.260466		
9.83		0.260337		
9.84		0.260207		
9.85		0.260078		
9.86		0.259948		
9.87		0.259818		
9.88		0.259688		
9.89		0.259558		
9.9		0.259427		
9.91		0.259297		
9.92		0.259166		
9.93		0.259036		
9.94		0.258905		
9.95		0.258774		
9.96		0.258643		
9.97		0.258511		
9.98		0.25838		
9.99		0.258249		
10		0.258117		
10.01		0.257985		
10.02		0.257853		
10.03		0.257721		
10.04		0.257589		
10.05		0.257457		
10.06		0.257324		
10.07		0.257192		
10.08		0.257059		
10.09		0.256927		
10.1		0.256794		
10.11		0.256661		
10.12		0.256528		
10.13		0.256394		
10.14		0.256261		
10.15		0.256128		
10.16		0.255994		
10.17		0.25586		
10.18		0.255727		
10.19		0.255593		
10.2		0.255459		
10.21		0.255325		
10.22		0.25519		
10.23		0.255056		
10.24		0.254922		
10.25		0.254787		
10.26		0.254653		
10.27		0.254518		
10.28		0.254383		
10.29		0.254248		
10.3		0.254113		
10.31		0.253978		
10.32		0.253843		
10.33		0.253707		
10.34		0.253572		
10.35		0.253436		
10.36		0.253301		
10.37		0.253165		
10.38		0.253029		
10.39		0.252893		
10.4		0.252757		
10.41		0.252621		
10.42		0.252485		
10.43		0.252349		
10.44		0.252212		
10.45		0.252076		
10.46		0.251939		
10.47		0.251803		
10.48		0.251666		
10.49		0.251529		
10.5		0.251392		
10.51		0.251255		
10.52		0.251118		
10.53		0.250981		
10.54		0.250844		
10.55		0.250707		
10.56		0.250569		
10.57		0.250432		
10.58		0.250294		
10.59		0.250157		
10.6		0.250019		
10.61		0.249881		
10.62		0.249743		
10.63		0.249605		
10.64		0.249467		
10.65		0.249329		
10.66		0.249191		
10.67		0.249053		
10.68		0.248915		
10.69		0.248776		
10.7		0.248638		
10.71		0.248499		
10.72		0.248361		
10.73		0.248222		
10.74		0.248084		
10.75		0.247945		
10.76		0.247806		
10.77		0.247667		
10.78		0.247528		
10.79		0.247389		
10.8		0.24725		
10.81		0.247111		
10.82		0.246972		
10.83		0.246832		
10.84		0.246693		
10.85		0.246554		
10.86		0.246414		
10.87		0.246275		
10.88		0.246135		
10.89		0.245995		
10.9		0.245856		
10.91		0.245716		
10.92		0.245576		
10.93		0.245436		
10.94		0.245296		
10.95		0.245156		
10.96		0.245016		
10.97		0.244876		
10.98		0.244736		
10.99		0.244596		
11		0.244456		
11.01		0.244316		
11.02		0.244175		
11.03		0.244035		
11.04		0.243894		
11.05		0.243754		
11.06		0.243613		
11.07		0.243473		
11.08		0.243332		
11.09		0.243192		
11.1		0.243051		
11.11		0.24291		
11.12		0.242769		
11.13		0.242628		
11.14		0.242488		
11.15		0.242347		
11.16		0.242206		
11.17		0.242065		
11.18		0.241924		
11.19		0.241783		
11.2		0.241642		
11.21		0.2415		
11.22		0.241359		
11.23		0.241218		
11.24		0.241077		
11.25		0.240935		
11.26		0.240794		
11.27		0.240653		
11.28		0.240511		
11.29		0.24037		
11.3		0.240228		
11.31		0.240087		
11.32		0.239945		
11.33		0.239804		
11.34		0.239662		
11.35		0.23952		
11.36		0.239379		
11.37		0.239237		
11.38		0.239095		
11.39		0.238954		
11.4		0.238812		
11.41		0.23867		
11.42		0.238528		
11.43		0.238386		
11.44		0.238244		
11.45		0.238102		
11.46		0.23796		
11.47		0.237819		
11.48		0.237677		
11.49		0.237535		
11.5		0.237392		
11.51		0.23725		
11.52		0.237108		
11.53		0.236966		
11.54		0.236824		
11.55		0.236682		
11.56		0.23654		
11.57		0.236398		
11.58		0.236255		
11.59		0.236113		
11.6		0.235971		
11.61		0.235829		
11.62		0.235686		
11.63		0.235544		
11.64		0.235402		
11.65		0.235259		
11.66		0.235117		
11.67		0.234975		
11.68		0.234832		
11.69		0.23469		
11.7		0.234548		
11.71		0.234405		
11.72		0.234263		
11.73		0.23412		
11.74		0.233978		
11.75		0.233835		
11.76		0.233693		
11.77		0.23355		
11.78		0.233408		
11.79		0.233265		
11.8		0.233123		
11.81		0.23298		
11.82		0.232838		
11.83		0.232695		
11.84		0.232553		
11.85		0.23241		
11.86		0.232268		
11.87		0.232125		
11.88		0.231982		
11.89		0.23184		
11.9		0.231697		
11.91		0.231555		
11.92		0.231412		
11.93		0.231269		
11.94		0.231127		
11.95		0.230984		
11.96		0.230842		
11.97		0.230699		
11.98		0.230556		
11.99		0.230414		
12		0.230271		
12.01		0.230128		
12.02		0.229986		
12.03		0.229843		
12.04		0.229701		
12.05		0.229558		
12.06		0.229415		
12.07		0.229273		
12.08		0.22913		
12.09		0.228988		
12.1		0.228845		
12.11		0.228702		
12.12		0.22856		
12.13		0.228417		
12.14		0.228275		
12.15		0.228132		
12.16		0.227989		
12.17		0.227847		
12.18		0.227704		
12.19		0.227562		
12.2		0.227419		
12.21		0.227277		
12.22		0.227134		
12.23		0.226991		
12.24		0.226849		
12.25		0.226706		
12.26		0.226564		
12.27		0.226421		
12.28		0.226279		
12.29		0.226136		
12.3		0.225994		
12.31		0.225851		
12.32		0.225709		
12.33		0.225567		
12.34		0.225424		
12.35		0.225282		
12.36		0.225139		
12.37		0.224997		
12.38		0.224855		
12.39		0.224712		
12.4		0.22457		
12.41		0.224428		
12.42		0.224285		
12.43		0.224143		
12.44		0.224001		
12.45		0.223858		
12.46		0.223716		
12.47		0.223574		
12.48		0.223432		
12.49		0.223289		
12.5		0.223147		
12.51		0.223005		
12.52		0.222863		
12.53		0.222721		
12.54		0.222579		
12.55		0.222436		
12.56		0.222294		
12.57		0.222152		
12.58		0.22201		
12.59		0.221868		
12.6		0.221726		
12.61		0.221584		
12.62		0.221442		
12.63		0.2213		
12.64		0.221158		
12.65		0.221016		
12.66		0.220875		
12.67		0.220733		
12.68		0.220591		
12.69		0.220449		
12.7		0.220307		
12.71		0.220165		
12.72		0.220024		
12.73		0.219882		
12.74		0.21974		
12.75		0.219599		
12.76		0.219457		
12.77		0.219315		
12.78		0.219174		
12.79		0.219032		
12.8		0.218891		
12.81		0.218749		
12.82		0.218608		
12.83		0.218466		
12.84		0.218325		
12.85		0.218183		
12.86		0.218042		
12.87		0.2179		
12.88		0.217759		
12.89		0.217618		
12.9		0.217477		
12.91		0.217335		
12.92		0.217194		
12.93		0.217053		
12.94		0.216912		
12.95		0.216771		
12.96		0.216629		
12.97		0.216488		
12.98		0.216347		
12.99		0.216206		
13		0.216065		
13.01		0.215924		
13.02		0.215784		
13.03		0.215643		
13.04		0.215502		
13.05		0.215361		
13.06		0.21522		
13.07		0.215079		
13.08		0.214939		
13.09		0.214798		
13.1		0.214657		
13.11		0.214517		
13.12		0.214376		
13.13		0.214236		
13.14		0.214095		
13.15		0.213955		
13.16		0.213814		
13.17		0.213674		
13.18		0.213533		
13.19		0.213393		
13.2		0.213253		
13.21		0.213113		
13.22		0.212972		
13.23		0.212832		
13.24		0.212692		
13.25		0.212552		
13.26		0.212412		
13.27		0.212272		
13.28		0.212132		
13.29		0.211992		
13.3		0.211852		
13.31		0.211712		
13.32		0.211572		
13.33		0.211432		
13.34		0.211293		
13.35		0.211153		
13.36		0.211013		
13.37		0.210873		
13.38		0.210734		
13.39		0.210594		
13.4		0.210455		
13.41		0.210315		
13.42		0.210176		
13.43		0.210036		
13.44		0.209897		
13.45		0.209758		
13.46		0.209618		
13.47		0.209479		
13.48		0.20934		
13.49		0.209201		
13.5		0.209062		
13.51		0.208923		
13.52		0.208784		
13.53		0.208645		
13.54		0.208506		
13.55		0.208367		
13.56		0.208228		
13.57		0.208089		
13.58		0.20795		
13.59		0.207812		
13.6		0.207673		
13.61		0.207534		
13.62		0.207396		
13.63		0.207257		
13.64		0.207119		
13.65		0.20698		
13.66		0.206842		
13.67		0.206704		
13.68		0.206565		
13.69		0.206427		
13.7		0.206289		
13.71		0.206151		
13.72		0.206013		
13.73		0.205874		
13.74		0.205736		
13.75		0.205598		
13.76		0.205461		
13.77		0.205323		
13.78		0.205185		
13.79		0.205047		
13.8		0.204909		
13.81		0.204772		
13.82		0.204634		
13.83		0.204496		
13.84		0.204359		
13.85		0.204221		
13.86		0.204084		
13.87		0.203947		
13.88		0.203809		
13.89		0.203672		
13.9		0.203535		
13.91		0.203398		
13.92		0.203261		
13.93		0.203124		
13.94		0.202986		
13.95		0.20285		
13.96		0.202713		
13.97		0.202576		
13.98		0.20244		
13.99		0.202304		
14		0.202171		
14.01		0.202008		
14.02		0.201887		
14.03		0.201753		
14.04		0.201617		
14.05		0.201481		
14.06		0.201344		
14.07		0.201208		
14.08		0.201072		
14.09		0.200936		
14.1		0.2008		
14.11		0.200663		
14.12		0.200527		
14.13		0.200391		
14.14		0.200255		
14.15		0.20012		
14.16		0.199984		
14.17		0.199848		
14.18		0.199712		
14.19		0.199576		
14.2		0.199441		
14.21		0.199305		
14.22		0.19917		
14.23		0.199034		
14.24		0.198899		
14.25		0.198763		
14.26		0.198628		
14.27		0.198493		
14.28		0.198357		
14.29		0.198222		
14.3		0.198087		
14.31		0.197952		
14.32		0.197817		
14.33		0.197682		
14.34		0.197547		
14.35		0.197412		
14.36		0.197278		
14.37		0.197143		
14.38		0.197008		
14.39		0.196874		
14.4		0.196739		
14.41		0.196605		
14.42		0.19647		
14.43		0.196336		
14.44		0.196201		
14.45		0.196067		
14.46		0.195933		
14.47		0.195799		
14.48		0.195665		
14.49		0.195531		
14.5		0.195397		
14.51		0.195263		
14.52		0.195129		
14.53		0.194995		
14.54		0.194862		
14.55		0.194728		
14.56		0.194594		
14.57		0.194461		
14.58		0.194327		
14.59		0.194194		
14.6		0.19406		
14.61		0.193927		
14.62		0.193794		
14.63		0.193661		
14.64		0.193528		
14.65		0.193394		
14.66		0.193261		
14.67		0.193128		
14.68		0.192996		
14.69		0.192863		
14.7		0.19273		
14.71		0.192597		
14.72		0.192465		
14.73		0.192332		
14.74		0.1922		
14.75		0.192067		
14.76		0.191935		
14.77		0.191802		
14.78		0.19167		
14.79		0.191538		
14.8		0.191406		
14.81		0.191274		
14.82		0.191142		
14.83		0.19101		
14.84		0.190878		
14.85		0.190746		
14.86		0.190614		
14.87		0.190482		
14.88		0.190351		
14.89		0.190219		
14.9		0.190088		
14.91		0.189956		
14.92		0.189825		
14.93		0.189693		
14.94		0.189562		
14.95		0.189431		
14.96		0.1893		
14.97		0.189169		
14.98		0.189038		
14.99		0.188907		
15		0.188776		
15.01		0.188645		
15.02		0.188514		
15.03		0.188384		
15.04		0.188253		
15.05		0.188122		
15.06		0.187992		
15.07		0.187861		
15.08		0.187731		
15.09		0.187601		
15.1		0.187471		
15.11		0.18734		
15.12		0.18721		
15.13		0.18708		
15.14		0.18695		
15.15		0.18682		
15.16		0.18669		
15.17		0.186561		
15.18		0.186431		
15.19		0.186301		
15.2		0.186172		
15.21		0.186042		
15.22		0.185913		
15.23		0.185783		
15.24		0.185654		
15.25		0.185525		
15.26		0.185396		
15.27		0.185266		
15.28		0.185137		
15.29		0.185008		
15.3		0.18488		
15.31		0.184751		
15.32		0.184622		
15.33		0.184493		
15.34		0.184364		
15.35		0.184236		
15.36		0.184107		
15.37		0.183979		
15.38		0.183851		
15.39		0.183722		
15.4		0.183594		
15.41		0.183466		
15.42		0.183338		
15.43		0.18321		
15.44		0.183082		
15.45		0.182954		
15.46		0.182826		
15.47		0.182698		
15.48		0.18257		
15.49		0.182443		
15.5		0.182315		
15.51		0.182188		
15.52		0.18206		
15.53		0.181933		
15.54		0.181806		
15.55		0.181678		
15.56		0.181551		
15.57		0.181424		
15.58		0.181297		
15.59		0.18117		
15.6		0.181043		
15.61		0.180916		
15.62		0.18079		
15.63		0.180663		
15.64		0.180536		
15.65		0.18041		
15.66		0.180283		
15.67		0.180157		
15.68		0.180031		
15.69		0.179904		
15.7		0.179778		
15.71		0.179652		
15.72		0.179526		
15.73		0.1794		
15.74		0.179274		
15.75		0.179148		
15.76		0.179022		
15.77		0.178897		
15.78		0.178771		
15.79		0.178645		
15.8		0.17852		
15.81		0.178394		
15.82		0.178269		
15.83		0.178144		
15.84		0.178019		
15.85		0.177893		
15.86		0.177768		
15.87		0.177643		
15.88		0.177518		
15.89		0.177393		
15.9		0.177269		
15.91		0.177144		
15.92		0.177019		
15.93		0.176895		
15.94		0.17677		
15.95		0.176646		
15.96		0.176521		
15.97		0.176397		
15.98		0.176273		
15.99		0.176149		
16		0.176025		
16.01		0.175901		
16.02		0.175777		
16.03		0.175653		
16.04		0.175529		
16.05		0.175405		
16.06		0.175281		
16.07		0.175158		
16.08		0.175034		
16.09		0.174911		
16.1		0.174787		
16.11		0.174664		
16.12		0.174541		
16.13		0.174418		
16.14		0.174295		
16.15		0.174172		
16.16		0.174049		
16.17		0.173926		
16.18		0.173803		
16.19		0.17368		
16.2		0.173558		
16.21		0.173435		
16.22		0.173312		
16.23		0.17319		
16.24		0.173068		
16.25		0.172945		
16.26		0.172823		
16.27		0.172701		
16.28		0.172579		
16.29		0.172457		
16.3		0.172335		
16.31		0.172213		
16.32		0.172091		
16.33		0.171969		
16.34		0.171848		
16.35		0.171726		
16.36		0.171605		
16.37		0.171483		
16.38		0.171362		
16.39		0.171241		
16.4		0.171119		
16.41		0.170998		
16.42		0.170877		
16.43		0.170756		
16.44		0.170635		
16.45		0.170514		
16.46		0.170394		
16.47		0.170273		
16.48		0.170152		
16.49		0.170032		
16.5		0.169911		
16.51		0.169791		
16.52		0.16967		
16.53		0.16955		
16.54		0.16943		
16.55		0.16931		
16.56		0.16919		
16.57		0.16907		
16.58		0.16895		
16.59		0.16883		
16.6		0.16871		
16.61		0.16859		
16.62		0.168471		
16.63		0.168351		
16.64		0.168232		
16.65		0.168112		
16.66		0.167993		
16.67		0.167874		
16.68		0.167755		
16.69		0.167635		
16.7		0.167516		
16.71		0.167397		
16.72		0.167279		
16.73		0.16716		
16.74		0.167041		
16.75		0.166922		
16.76		0.166804		
16.77		0.166685		
16.78		0.166567		
16.79		0.166448		
16.8		0.16633		
16.81		0.166212		
16.82		0.166094		
16.83		0.165976		
16.84		0.165858		
16.85		0.16574		
16.86		0.165622		
16.87		0.165504		
16.88		0.165386		
16.89		0.165269		
16.9		0.165151		
16.91		0.165034		
16.92		0.164916		
16.93		0.164799		
16.94		0.164682		
16.95		0.164564		
16.96		0.164447		
16.97		0.16433		
16.98		0.164213		
16.99		0.164096		
17		0.163979		
17.01		0.163863		
17.02		0.163746		
17.03		0.163629		
17.04		0.163513		
17.05		0.163396		
17.06		0.16328		
17.07		0.163164		
17.08		0.163047		
17.09		0.162931		
17.1		0.162815		
17.11		0.162699		
17.12		0.162583		
17.13		0.162467		
17.14		0.162352		
17.15		0.162236		
17.16		0.16212		
17.17		0.162005		
17.18		0.161889		
17.19		0.161774		
17.2		0.161658		
17.21		0.161543		
17.22		0.161428		
17.23		0.161313		
17.24		0.161198		
17.25		0.161083		
17.26		0.160968		
17.27		0.160853		
17.28		0.160738		
17.29		0.160624		
17.3		0.160509		
17.31		0.160394		
17.32		0.16028		
17.33		0.160166		
17.34		0.160051		
17.35		0.159937		
17.36		0.159823		
17.37		0.159709		
17.38		0.159595		
17.39		0.159481		
17.4		0.159367		
17.41		0.159253		
17.42		0.159139		
17.43		0.159026		
17.44		0.158912		
17.45		0.158799		
17.46		0.158685		
17.47		0.158572		
17.48		0.158459		
17.49		0.158345		
17.5		0.158232		
17.51		0.158119		
17.52		0.158006		
17.53		0.157893		
17.54		0.157781		
17.55		0.157668		
17.56		0.157555		
17.57		0.157442		
17.58		0.15733		
17.59		0.157217		
17.6		0.157105		
17.61		0.156993		
17.62		0.156881		
17.63		0.156768		
17.64		0.156656		
17.65		0.156544		
17.66		0.156432		
17.67		0.15632		
17.68		0.156209		
17.69		0.156097		
17.7		0.155985		
17.71		0.155874		
17.72		0.155762		
17.73		0.155651		
17.74		0.15554		
17.75		0.155428		
17.76		0.155317		
17.77		0.155206		
17.78		0.155095		
17.79		0.154984		
17.8		0.154873		
17.81		0.154762		
17.82		0.154651		
17.83		0.154541		
17.84		0.15443		
17.85		0.15432		
17.86		0.154209		
17.87		0.154099		
17.88		0.153989		
17.89		0.153878		
17.9		0.153768		
17.91		0.153658		
17.92		0.153548		
17.93		0.153438		
17.94		0.153328		
17.95		0.153218		
17.96		0.153109		
17.97		0.152999		
17.98		0.15289		
17.99		0.15278		
18		0.152671		
18.01		0.152561		
18.02		0.152452		
18.03		0.152343		
18.04		0.152234		
18.05		0.152125		
18.06		0.152016		
18.07		0.151907		
18.08		0.151798		
18.09		0.151689		
18.1		0.151581		
18.11		0.151472		
18.12		0.151363		
18.13		0.151255		
18.14		0.151147		
18.15		0.151038		
18.16		0.15093		
18.17		0.150822		
18.18		0.150714		
18.19		0.150606		
18.2		0.150498		
18.21		0.15039		
18.22		0.150282		
18.23		0.150175		
18.24		0.150067		
18.25		0.149959		
18.26		0.149852		
18.27		0.149744		
18.28		0.149637		
18.29		0.14953		
18.3		0.149423		
18.31		0.149316		
18.32		0.149209		
18.33		0.149102		
18.34		0.148995		
18.35		0.148888		
18.36		0.148781		
18.37		0.148674		
18.38		0.148568		
18.39		0.148461		
18.4		0.148355		
18.41		0.148248		
18.42		0.148142		
18.43		0.148036		
18.44		0.14793		
18.45		0.147824		
18.46		0.147718		
18.47		0.147612		
18.48		0.147506		
18.49		0.1474		
18.5		0.147294		
18.51		0.147189		
18.52		0.147083		
18.53		0.146978		
18.54		0.146872		
18.55		0.146767		
18.56		0.146662		
18.57		0.146556		
18.58		0.146451		
18.59		0.146346		
18.6		0.146241		
18.61		0.146136		
18.62		0.146031		
18.63		0.145927		
18.64		0.145822		
18.65		0.145717		
18.66		0.145613		
18.67		0.145508		
18.68		0.145404		
18.69		0.1453		
18.7		0.145195		
18.71		0.145091		
18.72		0.144987		
18.73		0.144883		
18.74		0.144779		
18.75		0.144675		
18.76		0.144571		
18.77		0.144468		
18.78		0.144364		
18.79		0.14426		
18.8		0.144157		
18.81		0.144053		
18.82		0.14395		
18.83		0.143847		
18.84		0.143744		
18.85		0.14364		
18.86		0.143537		
18.87		0.143434		
18.88		0.143331		
18.89		0.143228		
18.9		0.143126		
18.91		0.143023		
18.92		0.14292		
18.93		0.142818		
18.94		0.142715		
18.95		0.142613		
18.96		0.14251		
18.97		0.142408		
18.98		0.142306		
18.99		0.142204		
19		0.142102		
19.01		0.142		
19.02		0.141898		
19.03		0.141796		
19.04		0.141694		
19.05		0.141593		
19.06		0.141491		
19.07		0.141389		
19.08		0.141288		
19.09		0.141186		
19.1		0.141085		
19.11		0.140984		
19.12		0.140883		
19.13		0.140782		
19.14		0.140681		
19.15		0.14058		
19.16		0.140479		
19.17		0.140378		
19.18		0.140277		
19.19		0.140176		
19.2		0.140076		
19.21		0.139975		
19.22		0.139875		
19.23		0.139774		
19.24		0.139674		
19.25		0.139574		
19.26		0.139474		
19.27		0.139374		
19.28		0.139273		
19.29		0.139174		
19.3		0.139074		
19.31		0.138974		
19.32		0.138874		
19.33		0.138774		
19.34		0.138675		
19.35		0.138575		
19.36		0.138476		
19.37		0.138376		
19.38		0.138277		
19.39		0.138178		
19.4		0.138079		
19.41		0.13798		
19.42		0.137881		
19.43		0.137782		
19.44		0.137683		
19.45		0.137584		
19.46		0.137485		
19.47		0.137386		
19.48		0.137288		
19.49		0.137189		
19.5		0.137091		
19.51		0.136992		
19.52		0.136894		
19.53		0.136796		
19.54		0.136698		
19.55		0.1366		
19.56		0.136502		
19.57		0.136404		
19.58		0.136306		
19.59		0.136208		
19.6		0.13611		
19.61		0.136013		
19.62		0.135915		
19.63		0.135817		
19.64		0.13572		
19.65		0.135623		
19.66		0.135525		
19.67		0.135428		
19.68		0.135331		
19.69		0.135234		
19.7		0.135137		
19.71		0.13504		
19.72		0.134943		
19.73		0.134846		
19.74		0.134749		
19.75		0.134653		
19.76		0.134556		
19.77		0.134459		
19.78		0.134363		
19.79		0.134267		
19.8		0.13417		
19.81		0.134074		
19.82		0.133978		
19.83		0.133882		
19.84		0.133786		
19.85		0.13369		
19.86		0.133594		
19.87		0.133498		
19.88		0.133402		
19.89		0.133306		
19.9		0.133211		
19.91		0.133115		
19.92		0.13302		
19.93		0.132924		
19.94		0.132829		
19.95		0.132734		
19.96		0.132639		
19.97		0.132543		
19.98		0.132448		
19.99		0.132353		
20		0.132258		
20.01		0.132164		
20.02		0.132069		
20.03		0.131974		
20.04		0.13188		
20.05		0.131785		
20.06		0.13169		
20.07		0.131596		
20.08		0.131502		
20.09		0.131407		
20.1		0.131313		
20.11		0.131219		
20.12		0.131125		
20.13		0.131031		
20.14		0.130937		
20.15		0.130843		
20.16		0.130749		
20.17		0.130656		
20.18		0.130562		
20.19		0.130468		
20.2		0.130375		
20.21		0.130281		
20.22		0.130188		
20.23		0.130095		
20.24		0.130001		
20.25		0.129908		
20.26		0.129815		
20.27		0.129722		
20.28		0.129629		
20.29		0.129536		
20.3		0.129443		
20.31		0.129351		
20.32		0.129258		
20.33		0.129165		
20.34		0.129073		
20.35		0.12898		
20.36		0.128888		
20.37		0.128795		
20.38		0.128703		
20.39		0.128611		
20.4		0.128519		
20.41		0.128427		
20.42		0.128335		
20.43		0.128243		
20.44		0.128151		
20.45		0.128059		
20.46		0.127967		
20.47		0.127876		
20.48		0.127784		
20.49		0.127693		
20.5		0.127601		
20.51		0.12751		
20.52		0.127418		
20.53		0.127327		
20.54		0.127236		
20.55		0.127145		
20.56		0.127054		
20.57		0.126963		
20.58		0.126872		
20.59		0.126781		
20.6		0.12669		
20.61		0.1266		
20.62		0.126509		
20.63		0.126418		
20.64		0.126328		
20.65		0.126237		
20.66		0.126147		
20.67		0.126057		
20.68		0.125967		
20.69		0.125876		
20.7		0.125786		
20.71		0.125696		
20.72		0.125606		
20.73		0.125516		
20.74		0.125427		
20.75		0.125337		
20.76		0.125247		
20.77		0.125158		
20.78		0.125068		
20.79		0.124978		
20.8		0.124889		
20.81		0.1248		
20.82		0.12471		
20.83		0.124621		
20.84		0.124532		
20.85		0.124443		
20.86		0.124354		
20.87		0.124265		
20.88		0.124176		
20.89		0.124087		
20.9		0.123999		
20.91		0.12391		
20.92		0.123821		
20.93		0.123733		
20.94		0.123644		
20.95		0.123556		
20.96		0.123467		
20.97		0.123379		
20.98		0.123291		
20.99		0.123203		
21		0.123115		
21.01		0.123027		
21.02		0.122939		
21.03		0.122851		
21.04		0.122763		
21.05		0.122675		
21.06		0.122588		
21.07		0.1225		
21.08		0.122412		
21.09		0.122325		
21.1		0.122238		
21.11		0.12215		
21.12		0.122063		
21.13		0.121976		
21.14		0.121889		
21.15		0.121801		
21.16		0.121714		
21.17		0.121628		
21.18		0.121541		
21.19		0.121454		
21.2		0.121367		
21.21		0.12128		
21.22		0.121194		
21.23		0.121107		
21.24		0.121021		
21.25		0.120934		
21.26		0.120848		
21.27		0.120762		
21.28		0.120675		
21.29		0.120589		
21.3		0.120503		
21.31		0.120417		
21.32		0.120331		
21.33		0.120245		
21.34		0.120159		
21.35		0.120074		
21.36		0.119988		
21.37		0.119902		
21.38		0.119817		
21.39		0.119731		
21.4		0.119646		
21.41		0.11956		
21.42		0.119475		
21.43		0.11939		
21.44		0.119305		
21.45		0.119219		
21.46		0.119134		
21.47		0.119049		
21.48		0.118965		
21.49		0.11888		
21.5		0.118795		
21.51		0.11871		
21.52		0.118625		
21.53		0.118541		
21.54		0.118456		
21.55		0.118372		
21.56		0.118287		
21.57		0.118203		
21.58		0.118119		
21.59		0.118035		
21.6		0.11795		
21.61		0.117866		
21.62		0.117782		
21.63		0.117698		
21.64		0.117615		
21.65		0.117531		
21.66		0.117447		
21.67		0.117363		
21.68		0.11728		
21.69		0.117196		
21.7		0.117113		
21.71		0.117029		
21.72		0.116946		
21.73		0.116862		
21.74		0.116779		
21.75		0.116696		
21.76		0.116613		
21.77		0.11653		
21.78		0.116447		
21.79		0.116364		
21.8		0.116281		
21.81		0.116198		
21.82		0.116115		
21.83		0.116033		
21.84		0.11595		
21.85		0.115868		
21.86		0.115785		
21.87		0.115703		
21.88		0.11562		
21.89		0.115538		
21.9		0.115456		
21.91		0.115374		
21.92		0.115291		
21.93		0.115209		
21.94		0.115127		
21.95		0.115046		
21.96		0.114964		
21.97		0.114882		
21.98		0.1148		
21.99		0.114718		
22		0.114637		
22.01		0.114555		
22.02		0.114474		
22.03		0.114392		
22.04		0.114311		
22.05		0.11423		
22.06		0.114149		
22.07		0.114067		
22.08		0.113986		
22.09		0.113905		
22.1		0.113824		
22.11		0.113743		
22.12		0.113662		
22.13		0.113582		
22.14		0.113501		
22.15		0.11342		
22.16		0.11334		
22.17		0.113259		
22.18		0.113179		
22.19		0.113098		
22.2		0.113018		
22.21		0.112938		
22.22		0.112857		
22.23		0.112777		
22.24		0.112697		
22.25		0.112617		
22.26		0.112537		
22.27		0.112457		
22.28		0.112377		
22.29		0.112297		
22.3		0.112218		
22.31		0.112138		
22.32		0.112058		
22.33		0.111979		
22.34		0.111899		
22.35		0.11182		
22.36		0.111741		
22.37		0.111661		
22.38		0.111582		
22.39		0.111503		
22.4		0.111424		
22.41		0.111345		
22.42		0.111266		
22.43		0.111187		
22.44		0.111108		
22.45		0.111029		
22.46		0.11095		
22.47		0.110872		
22.48		0.110793		
22.49		0.110714		
22.5		0.110636		
22.51		0.110557		
22.52		0.110479		
22.53		0.110401		
22.54		0.110322		
22.55		0.110244		
22.56		0.110166		
22.57		0.110088		
22.58		0.11001		
22.59		0.109932		
22.6		0.109854		
22.61		0.109776		
22.62		0.109698		
22.63		0.109621		
22.64		0.109543		
22.65		0.109465		
22.66		0.109388		
22.67		0.10931		
22.68		0.109233		
22.69		0.109156		
22.7		0.109078		
22.71		0.109001		
22.72		0.108924		
22.73		0.108847		
22.74		0.10877		
22.75		0.108693		
22.76		0.108616		
22.77		0.108539		
22.78		0.108462		
22.79		0.108385		
22.8		0.108308		
22.81		0.108232		
22.82		0.108155		
22.83		0.108079		
22.84		0.108002		
22.85		0.107926		
22.86		0.107849		
22.87		0.107773		
22.88		0.107697		
22.89		0.107621		
22.9		0.107545		
22.91		0.107469		
22.92		0.107393		
22.93		0.107317		
22.94		0.107241		
22.95		0.107165		
22.96		0.107089		
22.97		0.107014		
22.98		0.106938		
22.99		0.106862		
23		0.106787		
23.01		0.106711		
23.02		0.106636		
23.03		0.106561		
23.04		0.106485		
23.05		0.10641		
23.06		0.106335		
23.07		0.10626		
23.08		0.106185		
23.09		0.10611		
23.1		0.106035		
23.11		0.10596		
23.12		0.105885		
23.13		0.10581		
23.14		0.105736		
23.15		0.105661		
23.16		0.105586		
23.17		0.105512		
23.18		0.105437		
23.19		0.105363		
23.2		0.105289		
23.21		0.105214		
23.22		0.10514		
23.23		0.105066		
23.24		0.104992		
23.25		0.104918		
23.26		0.104844		
23.27		0.10477		
23.28		0.104696		
23.29		0.104622		
23.3		0.104548		
23.31		0.104474		
23.32		0.104401		
23.33		0.104327		
23.34		0.104254		
23.35		0.10418		
23.36		0.104107		
23.37		0.104033		
23.38		0.10396		
23.39		0.103887		
23.4		0.103813		
23.41		0.10374		
23.42		0.103667		
23.43		0.103594		
23.44		0.103521		
23.45		0.103448		
23.46		0.103375		
23.47		0.103303		
23.48		0.10323		
23.49		0.103157		
23.5		0.103084		
23.51		0.103012		
23.52		0.102939		
23.53		0.102867		
23.54		0.102794		
23.55		0.102722		
23.56		0.10265		
23.57		0.102578		
23.58		0.102505		
23.59		0.102433		
23.6		0.102361		
23.61		0.102289		
23.62		0.102217		
23.63		0.102145		
23.64		0.102073		
23.65		0.102002		
23.66		0.10193		
23.67		0.101858		
23.68		0.101787		
23.69		0.101715		
23.7		0.101643		
23.71		0.101572		
23.72		0.101501		
23.73		0.101429		
23.74		0.101358		
23.75		0.101287		
23.76		0.101216		
23.77		0.101144		
23.78		0.101073		
23.79		0.101002		
23.8		0.100931		
23.81		0.10086		
23.82		0.10079		
23.83		0.100719		
23.84		0.100648		
23.85		0.100577		
23.86		0.100507		
23.87		0.100436		
23.88		0.100366		
23.89		0.100295		
23.9		0.100225		
23.91		0.100154		
23.92		0.100084		
23.93		0.100014		
23.94		0.0999437		
23.95		0.0998736		
23.96		0.0998035		
23.97		0.0997335		
23.98		0.0996635		
23.99		0.0995936		
24		0.0995238		
24.01		0.0994539		
24.02		0.0993842		
24.03		0.0993145		
24.04		0.0992449		
24.05		0.0991753		
24.06		0.0991057		
24.07		0.0990363		
24.08		0.0989668		
24.09		0.0988975		
24.1		0.0988281		
24.11		0.0987589		
24.12		0.0986897		
24.13		0.0986205		
24.14		0.0985514		
24.15		0.0984824		
24.16		0.0984134		
24.17		0.0983444		
24.18		0.0982756		
24.19		0.0982067		
24.2		0.0981379		
24.21		0.0980692		
24.22		0.0980006		
24.23		0.0979319		
24.24		0.0978634		
24.25		0.0977949		
24.26		0.0977264		
24.27		0.097658		
24.28		0.0975897		
24.29		0.0975214		
24.3		0.0974531		
24.31		0.0973849		
24.32		0.0973168		
24.33		0.0972487		
24.34		0.0971807		
24.35		0.0971127		
24.36		0.0970448		
24.37		0.0969769		
24.38		0.0969091		
24.39		0.0968413		
24.4		0.0967736		
24.41		0.096706		
24.42		0.0966384		
24.43		0.0965708		
24.44		0.0965033		
24.45		0.0964359		
24.46		0.0963685		
24.47		0.0963011		
24.48		0.0962338		
24.49		0.0961666		
24.5		0.0960994		
24.51		0.0960323		
24.52		0.0959652		
24.53		0.0958982		
24.54		0.0958312		
24.55		0.0957643		
24.56		0.0956974		
24.57		0.0956306		
24.58		0.0955638		
24.59		0.0954971		
24.6		0.0954304		
24.61		0.0953638		
24.62		0.0952973		
24.63		0.0952308		
24.64		0.0951643		
24.65		0.0950979		
24.66		0.0950316		
24.67		0.0949653		
24.68		0.094899		
24.69		0.0948328		
24.7		0.0947667		
24.71		0.0947006		
24.72		0.0946345		
24.73		0.0945686		
24.74		0.0945026		
24.75		0.0944367		
24.76		0.0943709		
24.77		0.0943051		
24.78		0.0942394		
24.79		0.0941737		
24.8		0.0941081		
24.81		0.0940425		
24.82		0.093977		
24.83		0.0939115		
24.84		0.0938461		
24.85		0.0937807		
24.86		0.0937154		
24.87		0.0936501		
24.88		0.0935849		
24.89		0.0935197		
24.9		0.0934546		
24.91		0.0933895		
24.92		0.0933245		
24.93		0.0932595		
24.94		0.0931946		
24.95		0.0931298		
24.96		0.0930649		
24.97		0.0930002		
24.98		0.0929355		
24.99		0.0928708		
25		0.0928062		
25.01		0.0927416		
25.02		0.0926771		
25.03		0.0926127		
25.04		0.0925482		
25.05		0.0924839		
25.06		0.0924196		
25.07		0.0923553		
25.08		0.0922911		
25.09		0.0922269		
25.1		0.0921628		
25.11		0.0920988		
25.12		0.0920348		
25.13		0.0919708		
25.14		0.0919069		
25.15		0.091843		
25.16		0.0917792		
25.17		0.0917154		
25.18		0.0916517		
25.19		0.0915881		
25.2		0.0915245		
25.21		0.0914609		
25.22		0.0913974		
25.23		0.0913339		
25.24		0.0912705		
25.25		0.0912071		
25.26		0.0911438		
25.27		0.0910805		
25.28		0.0910173		
25.29		0.0909542		
25.3		0.090891		
25.31		0.090828		
25.32		0.0907649		
25.33		0.090702		
25.34		0.0906391		
25.35		0.0905762		
25.36		0.0905134		
25.37		0.0904506		
25.38		0.0903878		
25.39		0.0903252		
25.4		0.0902625		
25.41		0.0902		
25.42		0.0901374		
25.43		0.0900749		
25.44		0.0900125		
25.45		0.0899501		
25.46		0.0898878		
25.47		0.0898255		
25.48		0.0897632		
25.49		0.0897011		
25.5		0.0896389		
25.51		0.0895768		
25.52		0.0895148		
25.53		0.0894528		
25.54		0.0893908		
25.55		0.0893289		
25.56		0.0892671		
25.57		0.0892052		
25.58		0.0891435		
25.59		0.0890818		
25.6		0.0890201		
25.61		0.0889585		
25.62		0.0888969		
25.63		0.0888354		
25.64		0.0887739		
25.65		0.0887125		
25.66		0.0886511		
25.67		0.0885898		
25.68		0.0885285		
25.69		0.0884673		
25.7		0.0884061		
25.71		0.088345		
25.72		0.0882839		
25.73		0.0882228		
25.74		0.0881618		
25.75		0.0881009		
25.76		0.08804		
25.77		0.0879791		
25.78		0.0879183		
25.79		0.0878576		
25.8		0.0877968		
25.81		0.0877362		
25.82		0.0876756		
25.83		0.087615		
25.84		0.0875545		
25.85		0.087494		
25.86		0.0874336		
25.87		0.0873732		
25.88		0.0873128		
25.89		0.0872525		
25.9		0.0871923		
25.91		0.0871321		
25.92		0.0870719		
25.93		0.0870118		
25.94		0.0869518		
25.95		0.0868918		
25.96		0.0868318		
25.97		0.0867719		
25.98		0.086712		
25.99		0.0866522		
26		0.0865924		
26.01		0.0865327		
26.02		0.086473		
26.03		0.0864134		
26.04		0.0863538		
26.05		0.0862942		
26.06		0.0862347		
26.07		0.0861753		
26.08		0.0861158		
26.09		0.0860565		
26.1		0.0859972		
26.11		0.0859379		
26.12		0.0858787		
26.13		0.0858195		
26.14		0.0857603		
26.15		0.0857013		
26.16		0.0856422		
26.17		0.0855832		
26.18		0.0855243		
26.19		0.0854654		
26.2		0.0854065		
26.21		0.0853477		
26.22		0.0852889		
26.23		0.0852302		
26.24		0.0851715		
26.25		0.0851129		
26.26		0.0850543		
26.27		0.0849957		
26.28		0.0849372		
26.29		0.0848788		
26.3		0.0848204		
26.31		0.084762		
26.32		0.0847037		
26.33		0.0846454		
26.34		0.0845872		
26.35		0.084529		
26.36		0.0844709		
26.37		0.0844128		
26.38		0.0843547		
26.39		0.0842967		
26.4		0.0842388		
26.41		0.0841809		
26.42		0.084123		
26.43		0.0840652		
26.44		0.0840074		
26.45		0.0839496		
26.46		0.0838919		
26.47		0.0838343		
26.48		0.0837767		
26.49		0.0837191		
26.5		0.0836616		
26.51		0.0836042		
26.52		0.0835467		
26.53		0.0834893		
26.54		0.083432		
26.55		0.0833747		
26.56		0.0833175		
26.57		0.0832603		
26.58		0.0832031		
26.59		0.083146		
26.6		0.0830889		
26.61		0.0830319		
26.62		0.0829749		
26.63		0.082918		
26.64		0.0828611		
26.65		0.0828042		
26.66		0.0827474		
26.67		0.0826906		
26.68		0.0826339		
26.69		0.0825772		
26.7		0.0825206		
26.71		0.082464		
26.72		0.0824074		
26.73		0.0823509		
26.74		0.0822945		
26.75		0.0822381		
26.76		0.0821817		
26.77		0.0821254		
26.78		0.0820691		
26.79		0.0820128		
26.8		0.0819566		
26.81		0.0819005		
26.82		0.0818443		
26.83		0.0817883		
26.84		0.0817322		
26.85		0.0816762		
26.86		0.0816203		
26.87		0.0815644		
26.88		0.0815085		
26.89		0.0814527		
26.9		0.0813969		
26.91		0.0813412		
26.92		0.0812855		
26.93		0.0812299		
26.94		0.0811743		
26.95		0.0811187		
26.96		0.0810632		
26.97		0.0810077		
26.98		0.0809523		
26.99		0.0808969		
27		0.0808416		
27.01		0.0807862		
27.02		0.080731		
27.03		0.0806758		
27.04		0.0806206		
27.05		0.0805654		
27.06		0.0805104		
27.07		0.0804553		
27.08		0.0804003		
27.09		0.0803453		
27.1		0.0802904		
27.11		0.0802355		
27.12		0.0801807		
27.13		0.0801259		
27.14		0.0800711		
27.15		0.0800164		
27.16		0.0799617		
27.17		0.0799071		
27.18		0.0798525		
27.19		0.0797979		
27.2		0.0797434		
27.21		0.0796824		
27.22		0.0796285		
27.23		0.0795747		
27.24		0.0795209		
27.25		0.0794672		
27.26		0.0794135		
27.27		0.0793598		
27.28		0.0793063		
27.29		0.0792527		
27.3		0.0791992		
27.31		0.0791458		
27.32		0.0790924		
27.33		0.0790391		
27.34		0.0789858		
27.35		0.0789326		
27.36		0.0788794		
27.37		0.0788262		
27.38		0.0787731		
27.39		0.0787201		
27.4		0.0786671		
27.41		0.0786141		
27.42		0.0785612		
27.43		0.0785084		
27.44		0.0784556		
27.45		0.0784028		
27.46		0.0783501		
27.47		0.0782974		
27.48		0.0782448		
27.49		0.0781922		
27.5		0.0781397		
27.51		0.0780872		
27.52		0.0780348		
27.53		0.0779824		
27.54		0.07793		
27.55		0.0778777		
27.56		0.0778255		
27.57		0.0777733		
27.58		0.0777211		
27.59		0.077669		
27.6		0.0776169		
27.61		0.0775649		
27.62		0.0775129		
27.63		0.077461		
27.64		0.0774091		
27.65		0.0773573		
27.66		0.0773055		
27.67		0.0772537		
27.68		0.077202		
27.69		0.0771504		
27.7		0.0770988		
27.71		0.0770472		
27.72		0.0769957		
27.73		0.0769442		
27.74		0.0768928		
27.75		0.0768414		
27.76		0.07679		
27.77		0.0767387		
27.78		0.0766874		
27.79		0.0766362		
27.8		0.0765851		
27.81		0.0765339		
27.82		0.0764828		
27.83		0.0764318		
27.84		0.0763808		
27.85		0.0763299		
27.86		0.0762789		
27.87		0.0762281		
27.88		0.0761773		
27.89		0.0761265		
27.9		0.0760757		
27.91		0.076025		
27.92		0.0759744		
27.93		0.0759238		
27.94		0.0758732		
27.95		0.0758227		
27.96		0.0757722		
27.97		0.0757218		
27.98		0.0756714		
27.99		0.075621		
28		0.0755707		
28.01		0.0755205		
28.02		0.0754702		
28.03		0.07542		
28.04		0.0753699		
28.05		0.0753198		
28.06		0.0752697		
28.07		0.0752197		
28.08		0.0751698		
28.09		0.0751198		
28.1		0.0750699		
28.11		0.0750201		
28.12		0.0749703		
28.13		0.0749205		
28.14		0.0748708		
28.15		0.0748211		
28.16		0.0747715		
28.17		0.0747218		
28.18		0.0746723		
28.19		0.0746228		
28.2		0.0745733		
28.21		0.0745239		
28.22		0.0744745		
28.23		0.0744251		
28.24		0.0743758		
28.25		0.0743265		
28.26		0.0742773		
28.27		0.0742281		
28.28		0.0741789		
28.29		0.0741298		
28.3		0.0740807		
28.31		0.0740317		
28.32		0.0739827		
28.33		0.0739338		
28.34		0.0738849		
28.35		0.073836		
28.36		0.0737871		
28.37		0.0737384		
28.38		0.0736896		
28.39		0.0736409		
28.4		0.0735922		
28.41		0.0735436		
28.42		0.073495		
28.43		0.0734464		
28.44		0.0733979		
28.45		0.0733494		
28.46		0.073301		
28.47		0.0732526		
28.48		0.0732043		
28.49		0.0731559		
28.5		0.0731077		
28.51		0.0730594		
28.52		0.0730112		
28.53		0.072963		
28.54		0.0729149		
28.55		0.0728668		
28.56		0.0728188		
28.57		0.0727708		
28.58		0.0727228		
28.59		0.0726749		
28.6		0.072627		
28.61		0.0725791		
28.62		0.0725313		
28.63		0.0724836		
28.64		0.0724358		
28.65		0.0723881		
28.66		0.0723405		
28.67		0.0722928		
28.68		0.0722452		
28.69		0.0721977		
28.7		0.0721502		
28.71		0.0721027		
28.72		0.0720553		
28.73		0.0720079		
28.74		0.0719605		
28.75		0.0719132		
28.76		0.0718659		
28.77		0.0718187		
28.78		0.0717715		
28.79		0.0717243		
28.8		0.0716772		
28.81		0.0716301		
28.82		0.071583		
28.83		0.071536		
28.84		0.071489		
28.85		0.0714421		
28.86		0.0713952		
28.87		0.0713483		
28.88		0.0713015		
28.89		0.0712547		
28.9		0.0712079		
28.91		0.0711612		
28.92		0.0711145		
28.93		0.0710678		
28.94		0.0710212		
28.95		0.0709747		
28.96		0.0709281		
28.97		0.0708816		
28.98		0.0708351		
28.99		0.0707887		
29		0.0707423		
29.01		0.070696		
29.02		0.0706496		
29.03		0.0706034		
29.04		0.0705571		
29.05		0.0705109		
29.06		0.0704647		
29.07		0.0704186		
29.08		0.0703725		
29.09		0.0703264		
29.1		0.0702804		
29.11		0.0702344		
29.12		0.0701884		
29.13		0.0701425		
29.14		0.0700966		
29.15		0.0700508		
29.16		0.070005		
29.17		0.0699592		
29.18		0.0699134		
29.19		0.0698677		
29.2		0.0698221		
29.21		0.0697764		
29.22		0.0697308		
29.23		0.0696853		
29.24		0.0696397		
29.25		0.0695942		
29.26		0.0695488		
29.27		0.0695034		
29.28		0.069458		
29.29		0.0694126		
29.3		0.0693673		
29.31		0.069322		
29.32		0.0692768		
29.33		0.0692316		
29.34		0.0691864		
29.35		0.0691412		
29.36		0.0690961		
29.37		0.0690511		
29.38		0.069006		
29.39		0.068961		
29.4		0.068916		
29.41		0.0688711		
29.42		0.0688262		
29.43		0.0687813		
29.44		0.0687365		
29.45		0.0686917		
29.46		0.068647		
29.47		0.0686022		
29.48		0.0685575		
29.49		0.0685129		
29.5		0.0684683		
29.51		0.0684237		
29.52		0.0683791		
29.53		0.0683346		
29.54		0.0682901		
29.55		0.0682457		
29.56		0.0682012		
29.57		0.0681569		
29.58		0.0681125		
29.59		0.0680682		
29.6		0.0680239		
29.61		0.0679797		
29.62		0.0679355		
29.63		0.0678913		
29.64		0.0678471		
29.65		0.067803		
29.66		0.0677589		
29.67		0.0677149		
29.68		0.0676709		
29.69		0.0676269		
29.7		0.067583		
29.71		0.0675391		
29.72		0.0674952		
29.73		0.0674513		
29.74		0.0674075		
29.75		0.0673638		
29.76		0.06732		
29.77		0.0672763		
29.78		0.0672326		
29.79		0.067189		
29.8		0.0671454		
29.81		0.0671018		
29.82		0.0670582		
29.83		0.0670147		
29.84		0.0669713		
29.85		0.0669278		
29.86		0.0668844		
29.87		0.066841		
29.88		0.0667977		
29.89		0.0667544		
29.9		0.0667111		
29.91		0.0666678		
29.92		0.0666246		
29.93		0.0665814		
29.94		0.0665383		
29.95		0.0664952		
29.96		0.0664521		
29.97		0.0664091		
29.98		0.066366		
29.99		0.066323		
30		0.0662801		
30.01		0.0662372		
30.02		0.0661943		
30.03		0.0661514		
30.04		0.0661086		
30.05		0.0660658		
30.06		0.0660231		
30.07		0.0659803		
30.08		0.0659376		
30.09		0.065895		
30.1		0.0658523		
30.11		0.0658097		
30.12		0.0657672		
30.13		0.0657246		
30.14		0.0656821		
30.15		0.0656397		
30.16		0.0655972		
30.17		0.0655548		
30.18		0.0655125		
30.19		0.0654701		
30.2		0.0654278		
30.21		0.0653855		
30.22		0.0653433		
30.23		0.0653011		
30.24		0.0652589		
30.25		0.0652167		
30.26		0.0651746		
30.27		0.0651325		
30.28		0.0650905		
30.29		0.0650484		
30.3		0.0650064		
30.31		0.0649645		
30.32		0.0649225		
30.33		0.0648806		
30.34		0.0648388		
30.35		0.0647969		
30.36		0.0647551		
30.37		0.0647134		
30.38		0.0646716		
30.39		0.0646299		
30.4		0.0645882		
30.41		0.0645466		
30.42		0.064505		
30.43		0.0644634		
30.44		0.0644218		
30.45		0.0643803		
30.46		0.0643388		
30.47		0.0642973		
30.48		0.0642559		
30.49		0.0642145		
30.5		0.0641731		
30.51		0.0641318		
30.52		0.0640905		
30.53		0.0640492		
30.54		0.0640079		
30.55		0.0639667		
30.56		0.0639255		
30.57		0.0638844		
30.58		0.0638432		
30.59		0.0638021		
30.6		0.0637611		
30.61		0.06372		
30.62		0.063679		
30.63		0.0636381		
30.64		0.0635971		
30.65		0.0635562		
30.66		0.0635153		
30.67		0.0634745		
30.68		0.0634336		
30.69		0.0633929		
30.7		0.0633521		
30.71		0.0633114		
30.72		0.0632707		
30.73		0.06323		
30.74		0.0631893		
30.75		0.0631487		
30.76		0.0631082		
30.77		0.0630676		
30.78		0.0630271		
30.79		0.0629866		
30.8		0.0629461		
30.81		0.0629057		
30.82		0.0628653		
30.83		0.0628249		
30.84		0.0627846		
30.85		0.0627443		
30.86		0.062704		
30.87		0.0626637		
30.88		0.0626235		
30.89		0.0625833		
30.9		0.0625431		
30.91		0.062503		
30.92		0.0624629		
30.93		0.0624228		
30.94		0.0623828		
30.95		0.0623428		
30.96		0.0623028		
30.97		0.0622628		
30.98		0.0622229		
30.99		0.062183		
31		0.0621431		
31.01		0.0621033		
31.02		0.0620635		
31.03		0.0620237		
31.04		0.0619839		
31.05		0.0619442		
31.06		0.0619045		
31.07		0.0618648		
31.08		0.0618252		
31.09		0.0617856		
31.1		0.061746		
31.11		0.0617064		
31.12		0.0616669		
31.13		0.0616274		
31.14		0.061588		
31.15		0.0615485		
31.16		0.0615091		
31.17		0.0614697		
31.18		0.0614304		
31.19		0.0613911		
31.2		0.0613518		
31.21		0.0613125		
31.22		0.0612733		
31.23		0.0612341		
31.24		0.0611949		
31.25		0.0611558		
31.26		0.0611166		
31.27		0.0610775		
31.28		0.0610385		
31.29		0.0609994		
31.3		0.0609604		
31.31		0.0609215		
31.32		0.0608825		
31.33		0.0608436		
31.34		0.0608047		
31.35		0.0607658		
31.36		0.060727		
31.37		0.0606882		
31.38		0.0606494		
31.39		0.0606106		
31.4		0.0605719		
31.41		0.0605332		
31.42		0.0604946		
31.43		0.0604559		
31.44		0.0604173		
31.45		0.0603787		
31.46		0.0603402		
31.47		0.0603016		
31.48		0.0602631		
31.49		0.0602247		
31.5		0.0601862		
31.51		0.0601478		
31.52		0.0601094		
31.53		0.060071		
31.54		0.0600327		
31.55		0.0599944		
31.56		0.0599561		
31.57		0.0599179		
31.58		0.0598797		
31.59		0.0598415		
31.6		0.0598033		
31.61		0.0597652		
31.62		0.059727		
31.63		0.059689		
31.64		0.0596509		
31.65		0.0596129		
31.66		0.0595749		
31.67		0.0595369		
31.68		0.0594989		
31.69		0.059461		
31.7		0.0594231		
31.71		0.0593853		
31.72		0.0593474		
31.73		0.0593096		
31.74		0.0592718		
31.75		0.0592341		
31.76		0.0591963		
31.77		0.0591586		
31.78		0.059121		
31.79		0.0590833		
31.8		0.0590457		
31.81		0.0590081		
31.82		0.0589705		
31.83		0.058933		
31.84		0.0588955		
31.85		0.058858		
31.86		0.0588205		
31.87		0.0587831		
31.88		0.0587457		
31.89		0.0587083		
31.9		0.0586709		
31.91		0.0586336		
31.92		0.0585963		
31.93		0.058559		
31.94		0.0585218		
31.95		0.0584846		
31.96		0.0584474		
31.97		0.0584102		
31.98		0.0583731		
31.99		0.0583359		
32		0.0582989		
32.01		0.0582618		
32.02		0.0582248		
32.03		0.0581878		
32.04		0.0581508		
32.05		0.0581138		
32.06		0.0580769		
32.07		0.05804		
32.08		0.0580031		
32.09		0.0579663		
32.1		0.0579294		
32.11		0.0578926		
32.12		0.0578559		
32.13		0.0578191		
32.14		0.0577824		
32.15		0.0577457		
32.16		0.057709		
32.17		0.0576724		
32.18		0.0576358		
32.19		0.0575992		
32.2		0.0575626		
32.21		0.0575261		
32.22		0.0574896		
32.23		0.0574531		
32.24		0.0574166		
32.25		0.0573802		
32.26		0.0573438		
32.27		0.0573074		
32.28		0.0572711		
32.29		0.0572347		
32.3		0.0571984		
32.31		0.0571621		
32.32		0.0571259		
32.33		0.0570897		
32.34		0.0570535		
32.35		0.0570173		
32.36		0.0569811		
32.37		0.056945		
32.38		0.0569089		
32.39		0.0568728		
32.4		0.0568368		
32.41		0.0568008		
32.42		0.0567648		
32.43		0.0567288		
32.44		0.0566928		
32.45		0.0566569		
32.46		0.056621		
32.47		0.0565851		
32.48		0.0565493		
32.49		0.0565135		
32.5		0.0564777		
32.51		0.0564419		
32.52		0.0564062		
32.53		0.0563704		
32.54		0.0563347		
32.55		0.0562991		
32.56		0.0562634		
32.57		0.0562278		
32.58		0.0561922		
32.59		0.0561566		
32.6		0.0561211		
32.61		0.0560856		
32.62		0.0560501		
32.63		0.0560146		
32.64		0.0559792		
32.65		0.0559438		
32.66		0.0559084		
32.67		0.055873		
32.68		0.0558376		
32.69		0.0558023		
32.7		0.055767		
32.71		0.0557318		
32.72		0.0556965		
32.73		0.0556613		
32.74		0.0556261		
32.75		0.0555909		
32.76		0.0555558		
32.77		0.0555206		
32.78		0.0554855		
32.79		0.0554505		
32.8		0.0554154		
32.81		0.0553804		
32.82		0.0553454		
32.83		0.0553104		
32.84		0.0552755		
32.85		0.0552405		
32.86		0.0552056		
32.87		0.0551707		
32.88		0.0551359		
32.89		0.0551011		
32.9		0.0550663		
32.91		0.0550315		
32.92		0.0549967		
32.93		0.054962		
32.94		0.0549273		
32.95		0.0548926		
32.96		0.0548579		
32.97		0.0548233		
32.98		0.0547887		
32.99		0.0547541		
33		0.0547195		
33.01		0.054685		
33.02		0.0546505		
33.03		0.054616		
33.04		0.0545815		
33.05		0.054547		
33.06		0.0545126		
33.07		0.0544782		
33.08		0.0544439		
33.09		0.0544095		
33.1		0.0543752		
33.11		0.0543409		
33.12		0.0543066		
33.13		0.0542723		
33.14		0.0542381		
33.15		0.0542039		
33.16		0.0541697		
33.17		0.0541356		
33.18		0.0541014		
33.19		0.0540673		
33.2		0.0540332		
33.21		0.0539992		
33.22		0.0539651		
33.23		0.0539311		
33.24		0.0538971		
33.25		0.0538631		
33.26		0.0538292		
33.27		0.0537952		
33.28		0.0537613		
33.29		0.0537275		
33.3		0.0536936		
33.31		0.0536598		
33.32		0.053626		
33.33		0.0535922		
33.34		0.0535584		
33.35		0.0535247		
33.36		0.053491		
33.37		0.0534573		
33.38		0.0534236		
33.39		0.05339		
33.4		0.0533563		
33.41		0.0533227		
33.42		0.0532892		
33.43		0.0532556		
33.44		0.0532221		
33.45		0.0531886		
33.46		0.0531551		
33.47		0.0531216		
33.48		0.0530882		
33.49		0.0530548		
33.5		0.0530214		
33.51		0.052988		
33.52		0.0529547		
33.53		0.0529213		
33.54		0.052888		
33.55		0.0528548		
33.56		0.0528215		
33.57		0.0527883		
33.58		0.0527551		
33.59		0.0527219		
33.6		0.0526887		
33.61		0.0526556		
33.62		0.0526224		
33.63		0.0525893		
33.64		0.0525563		
33.65		0.0525232		
33.66		0.0524902		
33.67		0.0524572		
33.68		0.0524242		
33.69		0.0523912		
33.7		0.0523583		
33.71		0.0523254		
33.72		0.0522925		
33.73		0.0522596		
33.74		0.0522268		
33.75		0.0521939		
33.76		0.0521611		
33.77		0.0521283		
33.78		0.0520956		
33.79		0.0520629		
33.8		0.0520301		
33.81		0.0519974		
33.82		0.0519648		
33.83		0.0519321		
33.84		0.0518995		
33.85		0.0518669		
33.86		0.0518343		
33.87		0.0518017		
33.88		0.0517692		
33.89		0.0517367		
33.9		0.0517042		
33.91		0.0516717		
33.92		0.0516393		
33.93		0.0516068		
33.94		0.0515744		
33.95		0.0515421		
33.96		0.0515097		
33.97		0.0514773		
33.98		0.051445		
33.99		0.0514127		
34		0.0513805		
34.01		0.0513482		
34.02		0.051316		
34.03		0.0512838		
34.04		0.0512516		
34.05		0.0512194		
34.06		0.0511873		
34.07		0.0511551		
34.08		0.051123		
34.09		0.051091		
34.1		0.0510589		
34.11		0.0510269		
34.12		0.0509949		
34.13		0.0509629		
34.14		0.0509309		
34.15		0.0508989		
34.16		0.050867		
34.17		0.0508351		
34.18		0.0508032		
34.19		0.0507713		
34.2		0.0507395		
34.21		0.0507077		
34.22		0.0506759		
34.23		0.0506441		
34.24		0.0506123		
34.25		0.0505806		
34.26		0.0505489		
34.27		0.0505172		
34.28		0.0504855		
34.29		0.0504539		
34.3		0.0504223		
34.31		0.0503906		
34.32		0.0503591		
34.33		0.0503275		
34.34		0.0502959		
34.35		0.0502644		
34.36		0.0502329		
34.37		0.0502014		
34.38		0.05017		
34.39		0.0501385		
34.4		0.0501071		
34.41		0.0500757		
34.42		0.0500443		
34.43		0.050013		
34.44		0.0499817		
34.45		0.0499503		
34.46		0.049919		
34.47		0.0498878		
34.48		0.0498565		
34.49		0.0498253		
34.5		0.0497941		
34.51		0.0497629		
34.52		0.0497317		
34.53		0.0497006		
34.54		0.0496695		
34.55		0.0496383		
34.56		0.0496073		
34.57		0.0495762		
34.58		0.0495452		
34.59		0.0495141		
34.6		0.0494831		
34.61		0.0494521		
34.62		0.0494212		
34.63		0.0493902		
34.64		0.0493593		
34.65		0.0493284		
34.66		0.0492975		
34.67		0.0492667		
34.68		0.0492358		
34.69		0.049205		
34.7		0.0491742		
34.71		0.0491435		
34.72		0.0491127		
34.73		0.049082		
34.74		0.0490512		
34.75		0.0490206		
34.76		0.0489899		
34.77		0.0489592		
34.78		0.0489286		
34.79		0.048898		
34.8		0.0488674		
34.81		0.0488368		
34.82		0.0488063		
34.83		0.0487757		
34.84		0.0487452		
34.85		0.0487147		
34.86		0.0486842		
34.87		0.0486538		
34.88		0.0486234		
34.89		0.0485929		
34.9		0.0485626		
34.91		0.0485322		
34.92		0.0485018		
34.93		0.0484715		
34.94		0.0484412		
34.95		0.0484109		
34.96		0.0483806		
34.97		0.0483504		
34.98		0.0483201		
34.99		0.0482899		
35		0.0482597		
35.01		0.0482296		
35.02		0.0481994		
35.03		0.0481693		
35.04		0.0481392		
35.05		0.0481091		
35.06		0.048079		
35.07		0.0480489		
35.08		0.0480189		
35.09		0.0479889		
35.1		0.0479589		
35.11		0.0479289		
35.12		0.047899		
35.13		0.047869		
35.14		0.0478391		
35.15		0.0478092		
35.16		0.0477793		
35.17		0.0477495		
35.18		0.0477196		
35.19		0.0476898		
35.2		0.04766		
35.21		0.0476302		
35.22		0.0476005		
35.23		0.0475707		
35.24		0.047541		
35.25		0.0475113		
35.26		0.0474816		
35.27		0.047452		
35.28		0.0474223		
35.29		0.0473927		
35.3		0.0473631		
35.31		0.0473335		
35.32		0.0473039		
35.33		0.0472744		
35.34		0.0472449		
35.35		0.0472153		
35.36		0.0471859		
35.37		0.0471564		
35.38		0.0471269		
35.39		0.0470975		
35.4		0.0470681		
35.41		0.0470387		
35.42		0.0470093		
35.43		0.04698		
35.44		0.0469506		
35.45		0.0469213		
35.46		0.046892		
35.47		0.0468627		
35.48		0.0468335		
35.49		0.0468042		
35.5		0.046775		
35.51		0.0467458		
35.52		0.0467166		
35.53		0.0466875		
35.54		0.0466583		
35.55		0.0466292		
35.56		0.0466001		
35.57		0.046571		
35.58		0.0465419		
35.59		0.0465129		
35.6		0.0464838		
35.61		0.0464548		
35.62		0.0464258		
35.63		0.0463968		
35.64		0.0463679		
35.65		0.0463389		
35.66		0.04631		
35.67		0.0462811		
35.68		0.0462522		
35.69		0.0462234		
35.7		0.0461945		
35.71		0.0461657		
35.72		0.0461369		
35.73		0.0461081		
35.74		0.0460793		
35.75		0.0460505		
35.76		0.0460218		
35.77		0.0459931		
35.78		0.0459644		
35.79		0.0459357		
35.8		0.0459071		
35.81		0.0458784		
35.82		0.0458498		
35.83		0.0458212		
35.84		0.0457926		
35.85		0.045764		
35.86		0.0457355		
35.87		0.0457069		
35.88		0.0456784		
35.89		0.0456499		
35.9		0.0456214		
35.91		0.045593		
35.92		0.0455645		
35.93		0.0455361		
35.94		0.0455077		
35.95		0.0454793		
35.96		0.045451		
35.97		0.0454226		
35.98		0.0453943		
35.99		0.045366		
36		0.0453377		
36.01		0.0453094		
36.02		0.0452811		
36.03		0.0452529		
36.04		0.0452247		
36.05		0.0451964		
36.06		0.0451683		
36.07		0.0451401		
36.08		0.0451119		
36.09		0.0450838		
36.1		0.0450557		
36.11		0.0450276		
36.12		0.0449995		
36.13		0.0449714		
36.14		0.0449434		
36.15		0.0449154		
36.16		0.0448874		
36.17		0.0448594		
36.18		0.0448314		
36.19		0.0448034		
36.2		0.0447755		
36.21		0.0447476		
36.22		0.0447197		
36.23		0.0446918		
36.24		0.0446639		
36.25		0.0446361		
36.26		0.0446082		
36.27		0.0445804		
36.28		0.0445526		
36.29		0.0445249		
36.3		0.0444971		
36.31		0.0444694		
36.32		0.0444416		
36.33		0.0444139		
36.34		0.0443862		
36.35		0.0443586		
36.36		0.0443309		
36.37		0.0443033		
36.38		0.0442756		
36.39		0.044248		
36.4		0.0442204		
36.41		0.0441929		
36.42		0.0441653		
36.43		0.0441378		
36.44		0.0441103		
36.45		0.0440828		
36.46		0.0440553		
36.47		0.0440278		
36.48		0.0440004		
36.49		0.043973		
36.5		0.0439455		
36.51		0.0439182		
36.52		0.0438908		
36.53		0.0438634		
36.54		0.0438361		
36.55		0.0438087		
36.56		0.0437814		
36.57		0.0437541		
36.58		0.0437269		
36.59		0.0436996		
36.6		0.0436724		
36.61		0.0436451		
36.62		0.0436179		
36.63		0.0435908		
36.64		0.0435636		
36.65		0.0435364		
36.66		0.0435093		
36.67		0.0434822		
36.68		0.0434551		
36.69		0.043428		
36.7		0.0434009		
36.71		0.0433739		
36.72		0.0433468		
36.73		0.0433198		
36.74		0.0432928		
36.75		0.0432658		
36.76		0.0432388		
36.77		0.0432119		
36.78		0.043185		
36.79		0.043158		
36.8		0.0431311		
36.81		0.0431043		
36.82		0.0430774		
36.83		0.0430505		
36.84		0.0430237		
36.85		0.0429969		
36.86		0.0429701		
36.87		0.0429433		
36.88		0.0429165		
36.89		0.0428898		
36.9		0.0428631		
36.91		0.0428363		
36.92		0.0428096		
36.93		0.042783		
36.94		0.0427563		
36.95		0.0427296		
36.96		0.042703		
36.97		0.0426764		
36.98		0.0426498		
36.99		0.0426232		
37		0.0425966		
37.01		0.0425701		
37.02		0.0425436		
37.03		0.042517		
37.04		0.0424905		
37.05		0.0424641		
37.06		0.0424376		
37.07		0.0424111		
37.08		0.0423847		
37.09		0.0423583		
37.1		0.0423319		
37.11		0.0423055		
37.12		0.0422791		
37.13		0.0422528		
37.14		0.0422264		
37.15		0.0422001		
37.16		0.0421738		
37.17		0.0421475		
37.18		0.0421213		
37.19		0.042095		
37.2		0.0420688		
37.21		0.0420425		
37.22		0.0420163		
37.23		0.0419901		
37.24		0.041964		
37.25		0.0419378		
37.26		0.0419117		
37.27		0.0418855		
37.28		0.0418594		
37.29		0.0418333		
37.3		0.0418073		
37.31		0.0417812		
37.32		0.0417551		
37.33		0.0417291		
37.34		0.0417031		
37.35		0.0416771		
37.36		0.0416511		
37.37		0.0416252		
37.38		0.0415992		
37.39		0.0415733		
37.4		0.0415474		
37.41		0.0415215		
37.42		0.0414956		
37.43		0.0414697		
37.44		0.0414438		
37.45		0.041418		
37.46		0.0413922		
37.47		0.0413664		
37.48		0.0413406		
37.49		0.0413148		
37.5		0.041289		
37.51		0.0412633		
37.52		0.0412376		
37.53		0.0412119		
37.54		0.0411862		
37.55		0.0411605		
37.56		0.0411348		
37.57		0.0411092		
37.58		0.0410835		
37.59		0.0410579		
37.6		0.0410323		
37.61		0.0410067		
37.62		0.0409812		
37.63		0.0409556		
37.64		0.0409301		
37.65		0.0409046		
37.66		0.040879		
37.67		0.0408536		
37.68		0.0408281		
37.69		0.0408026		
37.7		0.0407772		
37.71		0.0407517		
37.72		0.0407263		
37.73		0.0407009		
37.74		0.0406755		
37.75		0.0406502		
37.76		0.0406248		
37.77		0.0405995		
37.78		0.0405742		
37.79		0.0405489		
37.8		0.0405236		
37.81		0.0404983		
37.82		0.040473		
37.83		0.0404478		
37.84		0.0404225		
37.85		0.0403973		
37.86		0.0403721		
37.87		0.0403469		
37.88		0.0403218		
37.89		0.0402966		
37.9		0.0402715		
37.91		0.0402464		
37.92		0.0402213		
37.93		0.0401962		
37.94		0.0401711		
37.95		0.040146		
37.96		0.040121		
37.97		0.0400959		
37.98		0.0400709		
37.99		0.0400459		
38		0.0400209		
38.01		0.039996		
38.02		0.039971		
38.03		0.0399461		
38.04		0.0399212		
38.05		0.0398962		
38.06		0.0398713		
38.07		0.0398465		
38.08		0.0398216		
38.09		0.0397967		
38.1		0.0397719		
38.11		0.0397471		
38.12		0.0397223		
38.13		0.0396975		
38.14		0.0396727		
38.15		0.039648		
38.16		0.0396232		
38.17		0.0395985		
38.18		0.0395738		
38.19		0.0395491		
38.2		0.0395244		
38.21		0.0394997		
38.22		0.039475		
38.23		0.0394504		
38.24		0.0394258		
38.25		0.0394012		
38.26		0.0393766		
38.27		0.039352		
38.28		0.0393274		
38.29		0.0393029		
38.3		0.0392783		
38.31		0.0392538		
38.32		0.0392293		
38.33		0.0392048		
38.34		0.0391803		
38.35		0.0391559		
38.36		0.0391314		
38.37		0.039107		
38.38		0.0390825		
38.39		0.0390581		
38.4		0.0390337		
38.41		0.0390094		
38.42		0.038985		
38.43		0.0389607		
38.44		0.0389363		
38.45		0.038912		
38.46		0.0388877		
38.47		0.0388634		
38.48		0.0388391		
38.49		0.0388149		
38.5		0.0387906		
38.51		0.0387664		
38.52		0.0387422		
38.53		0.038718		
38.54		0.0386938		
38.55		0.0386696		
38.56		0.0386454		
38.57		0.0386213		
38.58		0.0385972		
38.59		0.0385731		
38.6		0.038549		
38.61		0.0385249		
38.62		0.0385008		
38.63		0.0384767		
38.64		0.0384527		
38.65		0.0384287		
38.66		0.0384046		
38.67		0.0383806		
38.68		0.0383566		
38.69		0.0383327		
38.7		0.0383087		
38.71		0.0382848		
38.72		0.0382608		
38.73		0.0382369		
38.74		0.038213		
38.75		0.0381891		
38.76		0.0381653		
38.77		0.0381414		
38.78		0.0381175		
38.79		0.0380937		
38.8		0.0380699		
38.81		0.0380461		
38.82		0.0380223		
38.83		0.0379985		
38.84		0.0379748		
38.85		0.037951		
38.86		0.0379273		
38.87		0.0379036		
38.88		0.0378799		
38.89		0.0378562		
38.9		0.0378325		
38.91		0.0378088		
38.92		0.0377852		
38.93		0.0377615		
38.94		0.0377379		
38.95		0.0377143		
38.96		0.0376907		
38.97		0.0376671		
38.98		0.0376436		
38.99		0.03762		
39		0.0375965		
39.01		0.037573		
39.02		0.0375494		
39.03		0.0375259		
39.04		0.0375025		
39.05		0.037479		
39.06		0.0374555		
39.07		0.0374321		
39.08		0.0374087		
39.09		0.0373853		
39.1		0.0373619		
39.11		0.0373385		
39.12		0.0373151		
39.13		0.0372917		
39.14		0.0372684		
39.15		0.0372451		
39.16		0.0372217		
39.17		0.0371984		
39.18		0.0371751		
39.19		0.0371519		
39.2		0.0371286		
39.21		0.0371054		
39.22		0.0370821		
39.23		0.0370589		
39.24		0.0370357		
39.25		0.0370125		
39.26		0.0369893		
39.27		0.0369661		
39.28		0.036943		
39.29		0.0369198		
39.3		0.0368967		
39.31		0.0368736		
39.32		0.0368505		
39.33		0.0368274		
39.34		0.0368043		
39.35		0.0367813		
39.36		0.0367582		
39.37		0.0367352		
39.38		0.0367122		
39.39		0.0366892		
39.4		0.0366662		
39.41		0.0366432		
39.42		0.0366202		
39.43		0.0365973		
39.44		0.0365743		
39.45		0.0365514		
39.46		0.0365285		
39.47		0.0365056		
39.48		0.0364827		
39.49		0.0364598		
39.5		0.036437		
39.51		0.0364141		
39.52		0.0363913		
39.53		0.0363685		
39.54		0.0363477		
39.55		0.0363262		
39.56		0.0363047		
39.57		0.0362832		
39.58		0.0362617		
39.59		0.0362402		
39.6		0.0362187		
39.61		0.0361973		
39.62		0.0361758		
39.63		0.0361544		
39.64		0.0361329		
39.65		0.0361115		
39.66		0.03609		
39.67		0.0360686		
39.68		0.0360472		
39.69		0.0360258		
39.7		0.0360044		
39.71		0.035983		
39.72		0.0359616		
39.73		0.0359402		
39.74		0.0359188		
39.75		0.0358974		
39.76		0.0358761		
39.77		0.0358547		
39.78		0.0358334		
39.79		0.035812		
39.8		0.0357907		
39.81		0.0357693		
39.82		0.035748		
39.83		0.0357266		
39.84		0.0357053		
39.85		0.035684		
39.86		0.0356627		
39.87		0.0356414		
39.88		0.03562		
39.89		0.0355987		
39.9		0.0355774		
39.91		0.0355561		
39.92		0.0355349		
39.93		0.0355136		
39.94		0.0354923		
39.95		0.035471		
39.96		0.0354497		
39.97		0.0354285		
39.98		0.0354072		
39.99		0.0353859		
40		0.0353647		
40.01		0.0353434		
40.02		0.0353222		
40.03		0.0353009		
40.04		0.0352797		
40.05		0.0352585		
40.06		0.0352372		
40.07		0.035216		
40.08		0.0351948		
40.09		0.0351736		
40.1		0.0351523		
40.11		0.0351311		
40.12		0.0351099		
40.13		0.0350887		
40.14		0.0350675		
40.15		0.0350463		
40.16		0.0350251		
40.17		0.0350039		
40.18		0.0349828		
40.19		0.0349616		
40.2		0.0349404		
40.21		0.0349192		
40.22		0.0348981		
40.23		0.0348769		
40.24		0.0348557		
40.25		0.0348346		
40.26		0.0348134		
40.27		0.0347923		
40.28		0.0347711		
40.29		0.03475		
40.3		0.0347289		
40.31		0.0347077		
40.32		0.0346866		
40.33		0.0346655		
40.34		0.0346444		
40.35		0.0346233		
40.36		0.0346022		
40.37		0.0345811		
40.38		0.03456		
40.39		0.0345389		
40.4		0.0345178		
40.41		0.0344967		
40.42		0.0344756		
40.43		0.0344545		
40.44		0.0344334		
40.45		0.0344124		
40.46		0.0343913		
40.47		0.0343703		
40.48		0.0343492		
40.49		0.0343281		
40.5		0.0343071		
40.51		0.0342861		
40.52		0.034265		
40.53		0.034244		
40.54		0.034223		
40.55		0.0342019		
40.56		0.0341809		
40.57		0.0341599		
40.58		0.0341389		
40.59		0.0341179		
40.6		0.0340969		
40.61		0.0340759		
40.62		0.0340549		
40.63		0.034034		
40.64		0.034013		
40.65		0.033992		
40.66		0.033971		
40.67		0.0339501		
40.68		0.0339291		
40.69		0.0339082		
40.7		0.0338872		
40.71		0.0338663		
40.72		0.0338454		
40.73		0.0338244		
40.74		0.0338035		
40.75		0.0337826		
40.76		0.0337617		
40.77		0.0337408		
40.78		0.0337199		
40.79		0.033699		
40.8		0.0336781		
40.81		0.0336572		
40.82		0.0336364		
40.83		0.0336155		
40.84		0.0335946		
40.85		0.0335738		
40.86		0.0335529		
40.87		0.0335321		
40.88		0.0335112		
40.89		0.0334904		
40.9		0.0334696		
40.91		0.0334488		
40.92		0.033428		
40.93		0.0334072		
40.94		0.0333864		
40.95		0.0333656		
40.96		0.0333448		
40.97		0.033324		
40.98		0.0333032		
40.99		0.0332825		
41		0.0332617		
41.01		0.0332409		
41.02		0.0332202		
41.03		0.0331995		
41.04		0.0331787		
41.05		0.033158		
41.06		0.0331373		
41.07		0.0331166		
41.08		0.0330959		
41.09		0.0330752		
41.1		0.0330545		
41.11		0.0330338		
41.12		0.0330131		
41.13		0.0329924		
41.14		0.0329718		
41.15		0.0329511		
41.16		0.0329305		
41.17		0.0329098		
41.18		0.0328892		
41.19		0.0328686		
41.2		0.032848		
41.21		0.0328273		
41.22		0.0328067		
41.23		0.0327862		
41.24		0.0327656		
41.25		0.032745		
41.26		0.0327244		
41.27		0.0327038		
41.28		0.0326833		
41.29		0.0326627		
41.3		0.0326422		
41.31		0.0326217		
41.32		0.0326011		
41.33		0.0325806		
41.34		0.0325601		
41.35		0.0325396		
41.36		0.0325191		
41.37		0.0324986		
41.38		0.0324781		
41.39		0.0324577		
41.4		0.0324372		
41.41		0.0324168		
41.42		0.0323963		
41.43		0.0323759		
41.44		0.0323554		
41.45		0.032335		
41.46		0.0323146		
41.47		0.0322942		
41.48		0.0322738		
41.49		0.0322534		
41.5		0.032233		
41.51		0.0322127		
41.52		0.0321923		
41.53		0.0321719		
41.54		0.0321516		
41.55		0.0321313		
41.56		0.0321109		
41.57		0.0320906		
41.58		0.0320703		
41.59		0.03205		
41.6		0.0320297		
41.61		0.0320094		
41.62		0.0319891		
41.63		0.0319689		
41.64		0.0319486		
41.65		0.0319283		
41.66		0.0319081		
41.67		0.0318879		
41.68		0.0318676		
41.69		0.0318474		
41.7		0.0318272		
41.71		0.031807		
41.72		0.0317868		
41.73		0.0317666		
41.74		0.0317465		
41.75		0.0317263		
41.76		0.0317062		
41.77		0.031686		
41.78		0.0316659		
41.79		0.0316457		
41.8		0.0316256		
41.81		0.0316055		
41.82		0.0315854		
41.83		0.0315653		
41.84		0.0315452		
41.85		0.0315252		
41.86		0.0315051		
41.87		0.031485		
41.88		0.031465		
41.89		0.0314449		
41.9		0.0314249		
41.91		0.0314049		
41.92		0.0313849		
41.93		0.0313649		
41.94		0.0313449		
41.95		0.0313249		
41.96		0.0313049		
41.97		0.031285		
41.98		0.031265		
41.99		0.0312451		
42		0.0312251		
42.01		0.0312052		
42.02		0.0311853		
42.03		0.0311654		
42.04		0.0311455		
42.05		0.0311256		
42.06		0.0311057		
42.07		0.0310858		
42.08		0.031066		
42.09		0.0310461		
42.1		0.0310263		
42.11		0.0310064		
42.12		0.0309866		
42.13		0.0309668		
42.14		0.030947		
42.15		0.0309272		
42.16		0.0309074		
42.17		0.0308876		
42.18		0.0308679		
42.19		0.0308481		
42.2		0.0308284		
42.21		0.0308086		
42.22		0.0307889		
42.23		0.0307692		
42.24		0.0307495		
42.25		0.0307297		
42.26		0.0307101		
42.27		0.0306904		
42.28		0.0306707		
42.29		0.030651		
42.3		0.0306314		
42.31		0.0306117		
42.32		0.0305921		
42.33		0.0305725		
42.34		0.0305529		
42.35		0.0305333		
42.36		0.0305137		
42.37		0.0304941		
42.38		0.0304745		
42.39		0.0304549		
42.4		0.0304354		
42.41		0.0304158		
42.42		0.0303963		
42.43		0.0303767		
42.44		0.0303572		
42.45		0.0303377		
42.46		0.0303182		
42.47		0.0302987		
42.48		0.0302792		
42.49		0.0302598		
42.5		0.0302403		
42.51		0.0302208		
42.52		0.0302014		
42.53		0.030182		
42.54		0.0301625		
42.55		0.0301431		
42.56		0.0301237		
42.57		0.0301043		
42.58		0.0300849		
42.59		0.0300656		
42.6		0.0300462		
42.61		0.0300268		
42.62		0.0300075		
42.63		0.0299881		
42.64		0.0299688		
42.65		0.0299495		
42.66		0.0299302		
42.67		0.0299109		
42.68		0.0298916		
42.69		0.0298723		
42.7		0.0298531		
42.71		0.0298338		
42.72		0.0298145		
42.73		0.0297953		
42.74		0.0297761		
42.75		0.0297568		
42.76		0.0297376		
42.77		0.0297184		
42.78		0.0296992		
42.79		0.02968		
42.8		0.0296609		
42.81		0.0296417		
42.82		0.0296226		
42.83		0.0296034		
42.84		0.0295843		
42.85		0.0295651		
42.86		0.029546		
42.87		0.0295269		
42.88		0.0295078		
42.89		0.0294887		
42.9		0.0294697		
42.91		0.0294506		
42.92		0.0294315		
42.93		0.0294125		
42.94		0.0293934		
42.95		0.0293744		
42.96		0.0293554		
42.97		0.0293364		
42.98		0.0293174		
42.99		0.0292984		
43		0.0292794		
43.01		0.0292604		
43.02		0.0292415		
43.03		0.0292225		
43.04		0.0292036		
43.05		0.0291847		
43.06		0.0291657		
43.07		0.0291468		
43.08		0.0291279		
43.09		0.029109		
43.1		0.0290901		
43.11		0.0290713		
43.12		0.0290524		
43.13		0.0290335		
43.14		0.0290147		
43.15		0.0289958		
43.16		0.028977		
43.17		0.0289582		
43.18		0.0289394		
43.19		0.0289206		
43.2		0.0289018		
43.21		0.028883		
43.22		0.0288643		
43.23		0.0288455		
43.24		0.0288267		
43.25		0.028808		
43.26		0.0287893		
43.27		0.0287705		
43.28		0.0287518		
43.29		0.0287331		
43.3		0.0287144		
43.31		0.0286957		
43.32		0.0286771		
43.33		0.0286584		
43.34		0.0286397		
43.35		0.0286211		
43.36		0.0286025		
43.37		0.0285838		
43.38		0.0285652		
43.39		0.0285466		
43.4		0.028528		
43.41		0.0285094		
43.42		0.0284908		
43.43		0.0284723		
43.44		0.0284537		
43.45		0.0284352		
43.46		0.0284166		
43.47		0.0283981		
43.48		0.0283796		
43.49		0.028361		
43.5		0.0283425		
43.51		0.028324		
43.52		0.0283056		
43.53		0.0282871		
43.54		0.0282686		
43.55		0.0282502		
43.56		0.0282317		
43.57		0.0282133		
43.58		0.0281949		
43.59		0.0281764		
43.6		0.028158		
43.61		0.0281396		
43.62		0.0281212		
43.63		0.0281028		
43.64		0.0280845		
43.65		0.0280661		
43.66		0.0280478		
43.67		0.0280294		
43.68		0.0280111		
43.69		0.0279928		
43.7		0.0279744		
43.71		0.0279561		
43.72		0.0279378		
43.73		0.0279195		
43.74		0.0279013		
43.75		0.027883		
43.76		0.0278647		
43.77		0.0278465		
43.78		0.0278282		
43.79		0.02781		
43.8		0.0277918		
43.81		0.0277736		
43.82		0.0277554		
43.83		0.0277372		
43.84		0.027719		
43.85		0.0277008		
43.86		0.0276827		
43.87		0.0276645		
43.88		0.0276463		
43.89		0.0276282		
43.9		0.0276101		
43.91		0.027592		
43.92		0.0275738		
43.93		0.0275557		
43.94		0.0275377		
43.95		0.0275196		
43.96		0.0275015		
43.97		0.0274834		
43.98		0.0274654		
43.99		0.0274473		
44		0.0274293		
44.01		0.0274113		
44.02		0.0273932		
44.03		0.0273752		
44.04		0.0273572		
44.05		0.0273392		
44.06		0.0273213		
44.07		0.0273033		
44.08		0.0272853		
44.09		0.0272674		
44.1		0.0272494		
44.11		0.0272315		
44.12		0.0272136		
44.13		0.0271956		
44.14		0.0271777		
44.15		0.0271598		
44.16		0.027142		
44.17		0.0271241		
44.18		0.0271062		
44.19		0.0270883		
44.2		0.0270705		
44.21		0.0270526		
44.22		0.0270348		
44.23		0.027017		
44.24		0.0269992		
44.25		0.0269813		
44.26		0.0269635		
44.27		0.0269458		
44.28		0.026928		
44.29		0.0269102		
44.3		0.0268924		
44.31		0.0268747		
44.32		0.0268569		
44.33		0.0268392		
44.34		0.0268215		
44.35		0.0268038		
44.36		0.0267861		
44.37		0.0267684		
44.38		0.0267507		
44.39		0.026733		
44.4		0.0267153		
44.41		0.0266976		
44.42		0.02668		
44.43		0.0266623		
44.44		0.0266447		
44.45		0.0266271		
44.46		0.0266095		
44.47		0.0265919		
44.48		0.0265743		
44.49		0.0265567		
44.5		0.0265391		
44.51		0.0265215		
44.52		0.0265039		
44.53		0.0264864		
44.54		0.0264688		
44.55		0.0264513		
44.56		0.0264338		
44.57		0.0264163		
44.58		0.0263987		
44.59		0.0263812		
44.6		0.0263637		
44.61		0.0263463		
44.62		0.0263288		
44.63		0.0263113		
44.64		0.0262939		
44.65		0.0262764		
44.66		0.026259		
44.67		0.0262415		
44.68		0.0262241		
44.69		0.0262067		
44.7		0.0261893		
44.71		0.0261719		
44.72		0.0261545		
44.73		0.0261371		
44.74		0.0261198		
44.75		0.0261024		
44.76		0.0260851		
44.77		0.0260677		
44.78		0.0260504		
44.79		0.0260331		
44.8		0.0260157		
44.81		0.0259984		
44.82		0.0259811		
44.83		0.0259638		
44.84		0.0259466		
44.85		0.0259293		
44.86		0.025912		
44.87		0.0258948		
44.88		0.0258775		
44.89		0.0258603		
44.9		0.0258431		
44.91		0.0258258		
44.92		0.0258086		
44.93		0.0257914		
44.94		0.0257742		
44.95		0.025757		
44.96		0.0257399		
44.97		0.0257227		
44.98		0.0257055		
44.99		0.0256884		
45		0.0256712		
45.01		0.0256541		
45.02		0.025637		
45.03		0.0256199		
45.04		0.0256028		
45.05		0.0255857		
45.06		0.0255686		
45.07		0.0255515		
45.08		0.0255344		
45.09		0.0255174		
45.1		0.0255003		
45.11		0.0254833		
45.12		0.0254662		
45.13		0.0254492		
45.14		0.0254322		
45.15		0.0254152		
45.16		0.0253981		
45.17		0.0253812		
45.18		0.0253642		
45.19		0.0253472		
45.2		0.0253302		
45.21		0.0253133		
45.22		0.0252963		
45.23		0.0252794		
45.24		0.0252624		
45.25		0.0252455		
45.26		0.0252286		
45.27		0.0252117		
45.28		0.0251948		
45.29		0.0251779		
45.3		0.025161		
45.31		0.0251441		
45.32		0.0251273		
45.33		0.0251104		
45.34		0.0250935		
45.35		0.0250767		
45.36		0.0250599		
45.37		0.025043		
45.38		0.0250262		
45.39		0.0250094		
45.4		0.0249926		
45.41		0.0249758		
45.42		0.024959		
45.43		0.0249423		
45.44		0.0249255		
45.45		0.0249088		
45.46		0.024892		
45.47		0.0248753		
45.48		0.0248585		
45.49		0.0248418		
45.5		0.0248251		
45.51		0.0248084		
45.52		0.0247917		
45.53		0.024775		
45.54		0.0247583		
45.55		0.0247416		
45.56		0.024725		
45.57		0.0247083		
45.58		0.0246917		
45.59		0.024675		
45.6		0.0246584		
45.61		0.0246418		
45.62		0.0246252		
45.63		0.0246086		
45.64		0.024592		
45.65		0.0245754		
45.66		0.0245588		
45.67		0.0245422		
45.68		0.0245257		
45.69		0.0245091		
45.7		0.0244926		
45.71		0.024476		
45.72		0.0244595		
45.73		0.024443		
45.74		0.0244264		
45.75		0.0244099		
45.76		0.0243934		
45.77		0.024377		
45.78		0.0243605		
45.79		0.024344		
45.8		0.0243275		
45.81		0.0243111		
45.82		0.0242946		
45.83		0.0242782		
45.84		0.0242618		
45.85		0.0242453		
45.86		0.0242289		
45.87		0.0242125		
45.88		0.0241961		
45.89		0.0241797		
45.9		0.0241633		
45.91		0.024147		
45.92		0.0241306		
45.93		0.0241142		
45.94		0.0240979		
45.95		0.0240815		
45.96		0.0240652		
45.97		0.0240489		
45.98		0.0240326		
45.99		0.0240163		
46		0.024		
46.01		0.0239837		
46.02		0.0239674		
46.03		0.0239511		
46.04		0.0239348		
46.05		0.0239186		
46.06		0.0239023		
46.07		0.0238861		
46.08		0.0238698		
46.09		0.0238536		
46.1		0.0238374		
46.11		0.0238212		
46.12		0.023805		
46.13		0.0237888		
46.14		0.0237726		
46.15		0.0237564		
46.16		0.0237402		
46.17		0.0237241		
46.18		0.0237079		
46.19		0.0236918		
46.2		0.0236756		
46.21		0.0236595		
46.22		0.0236434		
46.23		0.0236273		
46.24		0.0236112		
46.25		0.0235951		
46.26		0.023579		
46.27		0.0235629		
46.28		0.0235468		
46.29		0.0235308		
46.3		0.0235147		
46.31		0.0234986		
46.32		0.0234826		
46.33		0.0234666		
46.34		0.0234505		
46.35		0.0234345		
46.36		0.0234185		
46.37		0.0234025		
46.38		0.0233865		
46.39		0.0233705		
46.4		0.0233545		
46.41		0.0233386		
46.42		0.0233226		
46.43		0.0233066		
46.44		0.0232907		
46.45		0.0232748		
46.46		0.0232588		
46.47		0.0232429		
46.48		0.023227		
46.49		0.0232111		
46.5		0.0231952		
46.51		0.0231793		
46.52		0.0231634		
46.53		0.0231475		
46.54		0.0231317		
46.55		0.0231158		
46.56		0.0230999		
46.57		0.0230841		
46.58		0.0230683		
46.59		0.0230524		
46.6		0.0230366		
46.61		0.0230208		
46.62		0.023005		
46.63		0.0229892		
46.64		0.0229734		
46.65		0.0229576		
46.66		0.0229418		
46.67		0.0229261		
46.68		0.0229103		
46.69		0.0228946		
46.7		0.0228788		
46.71		0.0228631		
46.72		0.0228474		
46.73		0.0228316		
46.74		0.0228159		
46.75		0.0228002		
46.76		0.0227845		
46.77		0.0227688		
46.78		0.0227531		
46.79		0.0227375		
46.8		0.0227218		
46.81		0.0227062		
46.82		0.0226905		
46.83		0.0226749		
46.84		0.0226592		
46.85		0.0226436		
46.86		0.022628		
46.87		0.0226124		
46.88		0.0225968		
46.89		0.0225812		
46.9		0.0225656		
46.91		0.02255		
46.92		0.0225344		
46.93		0.0225189		
46.94		0.0225033		
46.95		0.0224877		
46.96		0.0224722		
46.97		0.0224567		
46.98		0.0224411		
46.99		0.0224256		
47		0.0224101		
47.01		0.0223946		
47.02		0.0223791		
47.03		0.0223636		
47.04		0.0223481		
47.05		0.0223327		
47.06		0.0223172		
47.07		0.0223017		
47.08		0.0222863		
47.09		0.0222708		
47.1		0.0222554		
47.11		0.02224		
47.12		0.0222245		
47.13		0.0222091		
47.14		0.0221937		
47.15		0.0221783		
47.16		0.0221629		
47.17		0.0221476		
47.18		0.0221322		
47.19		0.0221168		
47.2		0.0221015		
47.21		0.0220861		
47.22		0.0220708		
47.23		0.0220554		
47.24		0.0220401		
47.25		0.0220248		
47.26		0.0220094		
47.27		0.0219941		
47.28		0.0219788		
47.29		0.0219635		
47.3		0.0219483		
47.31		0.021933		
47.32		0.0219177		
47.33		0.0219024		
47.34		0.0218872		
47.35		0.0218719		
47.36		0.0218567		
47.37		0.0218415		
47.38		0.0218262		
47.39		0.021811		
47.4		0.0217958		
47.41		0.0217806		
47.42		0.0217654		
47.43		0.0217502		
47.44		0.021735		
47.45		0.0217199		
47.46		0.0217047		
47.47		0.0216896		
47.48		0.0216744		
47.49		0.0216593		
47.5		0.0216441		
47.51		0.021629		
47.52		0.0216139		
47.53		0.0215988		
47.54		0.0215836		
47.55		0.0215685		
47.56		0.0215535		
47.57		0.0215384		
47.58		0.0215233		
47.59		0.0215082		
47.6		0.0214932		
47.61		0.0214781		
47.62		0.0214631		
47.63		0.021448		
47.64		0.021433		
47.65		0.021418		
47.66		0.0214029		
47.67		0.0213879		
47.68		0.0213729		
47.69		0.0213579		
47.7		0.0213429		
47.71		0.021328		
47.72		0.021313		
47.73		0.021298		
47.74		0.0212831		
47.75		0.0212681		
47.76		0.0212532		
47.77		0.0212382		
47.78		0.0212233		
47.79		0.0212084		
47.8		0.0211934		
47.81		0.0211785		
47.82		0.0211636		
47.83		0.0211487		
47.84		0.0211338		
47.85		0.021119		
47.86		0.0211041		
47.87		0.0210892		
47.88		0.0210744		
47.89		0.0210595		
47.9		0.0210447		
47.91		0.0210298		
47.92		0.021015		
47.93		0.0210002		
47.94		0.0209854		
47.95		0.0209706		
47.96		0.0209558		
47.97		0.020941		
47.98		0.0209262		
47.99		0.0209114		
48		0.0208966		
48.01		0.0208819		
48.02		0.0208671		
48.03		0.0208524		
48.04		0.0208376		
48.05		0.0208229		
48.06		0.0208081		
48.07		0.0207934		
48.08		0.0207787		
48.09		0.020764		
48.1		0.0207493		
48.11		0.0207346		
48.12		0.0207199		
48.13		0.0207052		
48.14		0.0206906		
48.15		0.0206759		
48.16		0.0206612		
48.17		0.0206466		
48.18		0.0206319		
48.19		0.0206173		
48.2		0.0206027		
48.21		0.0205881		
48.22		0.0205734		
48.23		0.0205588		
48.24		0.0205442		
48.25		0.0205296		
48.26		0.0205151		
48.27		0.0205005		
48.28		0.0204859		
48.29		0.0204713		
48.3		0.0204568		
48.31		0.0204422		
48.32		0.0204277		
48.33		0.0204131		
48.34		0.0203986		
48.35		0.0203841		
48.36		0.0203696		
48.37		0.0203551		
48.38		0.0203406		
48.39		0.0203261		
48.4		0.0203116		
48.41		0.0202971		
48.42		0.0202826		
48.43		0.0202681		
48.44		0.0202537		
48.45		0.0202392		
48.46		0.0202248		
48.47		0.0202103		
48.48		0.0201959		
48.49		0.0201815		
48.5		0.0201671		
48.51		0.0201526		
48.52		0.0201382		
48.53		0.0201238		
48.54		0.0201095		
48.55		0.0200951		
48.56		0.0200807		
48.57		0.0200663		
48.58		0.020052		
48.59		0.0200376		
48.6		0.0200232		
48.61		0.0200089		
48.62		0.0199946		
48.63		0.0199802		
48.64		0.0199659		
48.65		0.0199516		
48.66		0.0199373		
48.67		0.019923		
48.68		0.0199087		
48.69		0.0198944		
48.7		0.0198801		
48.71		0.0198659		
48.72		0.0198516		
48.73		0.0198373		
48.74		0.0198231		
48.75		0.0198088		
48.76		0.0197946		
48.77		0.0197804		
48.78		0.0197661		
48.79		0.0197519		
48.8		0.0197377		
48.81		0.0197235		
48.82		0.0197093		
48.83		0.0196951		
48.84		0.0196809		
48.85		0.0196667		
48.86		0.0196526		
48.87		0.0196384		
48.88		0.0196242		
48.89		0.0196101		
48.9		0.0195959		
48.91		0.0195818		
48.92		0.0195677		
48.93		0.0195535		
48.94		0.0195394		
48.95		0.0195253		
48.96		0.0195112		
48.97		0.0194971		
48.98		0.019483		
48.99		0.0194689		
49		0.0194549		
49.01		0.0194408		
49.02		0.0194267		
49.03		0.0194127		
49.04		0.0193986		
49.05		0.0193846		
49.06		0.0193705		
49.07		0.0193565		
49.08		0.0193425		
49.09		0.0193285		
49.1		0.0193145		
49.11		0.0193005		
49.12		0.0192865		
49.13		0.0192725		
49.14		0.0192585		
49.15		0.0192445		
49.16		0.0192305		
49.17		0.0192166		
49.18		0.0192026		
49.19		0.0191887		
49.2		0.0191747		
49.21		0.0191608		
49.22		0.0191469		
49.23		0.0191329		
49.24		0.019119		
49.25		0.0191051		
49.26		0.0190912		
49.27		0.0190773		
49.28		0.0190634		
49.29		0.0190495		
49.3		0.0190357		
49.31		0.0190218		
49.32		0.0190079		
49.33		0.0189941		
49.34		0.0189802		
49.35		0.0189664		
49.36		0.0189525		
49.37		0.0189387		
49.38		0.0189249		
49.39		0.0189111		
49.4		0.0188973		
49.41		0.0188835		
49.42		0.0188697		
49.43		0.0188559		
49.44		0.0188421		
49.45		0.0188283		
49.46		0.0188145		
49.47		0.0188008		
49.48		0.018787		
49.49		0.0187733		
49.5		0.0187595		
49.51		0.0187458		
49.52		0.018732		
49.53		0.0187183		
49.54		0.0187046		
49.55		0.0186909		
49.56		0.0186772		
49.57		0.0186635		
49.58		0.0186498		
49.59		0.0186361		
49.6		0.0186224		
49.61		0.0186088		
49.62		0.0185951		
49.63		0.0185814		
49.64		0.0185678		
49.65		0.0185541		
49.66		0.0185405		
49.67		0.0185268		
49.68		0.0185132		
49.69		0.0184996		
49.7		0.018486		
49.71		0.0184724		
49.72		0.0184588		
49.73		0.0184452		
49.74		0.0184316		
49.75		0.018418		
49.76		0.0184044		
49.77		0.0183909		
49.78		0.0183773		
49.79		0.0183637		
49.8		0.0183502		
49.81		0.0183366		
49.82		0.0183231		
49.83		0.0183096		
49.84		0.018296		
49.85		0.0182825		
49.86		0.018269		
49.87		0.0182555		
49.88		0.018242		
49.89		0.0182285		
49.9		0.018215		
49.91		0.0182015		
49.92		0.0181881		
49.93		0.0181746		
49.94		0.0181611		
49.95		0.0181477		
49.96		0.0181342		
49.97		0.0181208		
49.98		0.0181074		
49.99		0.0180939		
50		0.0180805		
