tau [fm]		Pi [fm^-4]
0.25		-0
0.26		-0.10448		
0.27		-0.187149		
0.28		-0.251727		
0.29		-0.301294		
0.3		-0.338411		
0.31		-0.365215		
0.32		-0.383495		
0.33		-0.394754		
0.34		-0.400257		
0.35		-0.401068		
0.36		-0.398088		
0.37		-0.392073		
0.38		-0.383665		
0.39		-0.373402		
0.4		-0.36174		
0.41		-0.349059		
0.42		-0.335679		
0.43		-0.321866		
0.44		-0.307842		
0.45		-0.293788		
0.46		-0.279854		
0.47		-0.26616		
0.48		-0.252803		
0.49		-0.239857		
0.5		-0.22738		
0.51		-0.215416		
0.52		-0.203995		
0.53		-0.193134		
0.54		-0.182846		
0.55		-0.173132		
0.56		-0.163989		
0.57		-0.155408		
0.58		-0.147378		
0.59		-0.139881		
0.6		-0.132899		
0.61		-0.126412		
0.62		-0.120399		
0.63		-0.114835		
0.64		-0.109699		
0.65		-0.104966		
0.66		-0.100612		
0.67		-0.0966152		
0.68		-0.0929517		
0.69		-0.0895996		
0.7		-0.0865371		
0.71		-0.0837436		
0.72		-0.0811991		
0.73		-0.0788846		
0.74		-0.076782		
0.75		-0.0748743		
0.76		-0.0731452		
0.77		-0.0715797		
0.78		-0.0701634		
0.79		-0.0688831		
0.8		-0.0677263		
0.81		-0.0666816		
0.82		-0.0657383		
0.83		-0.0648863		
0.84		-0.0641167		
0.85		-0.063421		
0.86		-0.0627916		
0.87		-0.0622212		
0.88		-0.0617035		
0.89		-0.0612325		
0.9		-0.0608029		
0.91		-0.0604098		
0.92		-0.0600489		
0.93		-0.059716		
0.94		-0.0594077		
0.95		-0.0591206		
0.96		-0.0588519		
0.97		-0.058599		
0.98		-0.0583595		
0.99		-0.0581315		
1		-0.057913		
1.01		-0.0577025		
1.02		-0.0574986		
1.03		-0.0573		
1.04		-0.0571056		
1.05		-0.0569145		
1.06		-0.0567259		
1.07		-0.056539		
1.08		-0.0563533		
1.09		-0.0561683		
1.1		-0.0559835		
1.11		-0.0557987		
1.12		-0.0556135		
1.13		-0.0554276		
1.14		-0.055241		
1.15		-0.0550535		
1.16		-0.054865		
1.17		-0.0546754		
1.18		-0.0544847		
1.19		-0.0542929		
1.2		-0.0541001		
1.21		-0.0539062		
1.22		-0.0537113		
1.23		-0.0535156		
1.24		-0.0533189		
1.25		-0.0531215		
1.26		-0.0529234		
1.27		-0.0527248		
1.28		-0.0525256		
1.29		-0.0523261		
1.3		-0.0521264		
1.31		-0.0519264		
1.32		-0.0517264		
1.33		-0.0515265		
1.34		-0.0513267		
1.35		-0.0511272		
1.36		-0.050928		
1.37		-0.0507293		
1.38		-0.0505312		
1.39		-0.0503337		
1.4		-0.0501369		
1.41		-0.049941		
1.42		-0.049746		
1.43		-0.049552		
1.44		-0.0493591		
1.45		-0.0491673		
1.46		-0.0489768		
1.47		-0.0487875		
1.48		-0.0485996		
1.49		-0.0484131		
1.5		-0.0482281		
1.51		-0.0480447		
1.52		-0.0478628		
1.53		-0.0476826		
1.54		-0.0475041		
1.55		-0.0473273		
1.56		-0.0471523		
1.57		-0.0469791		
1.58		-0.0468077		
1.59		-0.0466383		
1.6		-0.0464708		
1.61		-0.0463052		
1.62		-0.0461416		
1.63		-0.04598		
1.64		-0.0458205		
1.65		-0.045663		
1.66		-0.0455075		
1.67		-0.0453542		
1.68		-0.045203		
1.69		-0.0450538		
1.7		-0.0449069		
1.71		-0.044762		
1.72		-0.0446194		
1.73		-0.0444788		
1.74		-0.0443405		
1.75		-0.0442043		
1.76		-0.0440704		
1.77		-0.0439386		
1.78		-0.043809		
1.79		-0.0436816		
1.8		-0.0435564		
1.81		-0.0434334		
1.82		-0.0433125		
1.83		-0.0431939		
1.84		-0.0430774		
1.85		-0.0429632		
1.86		-0.0428511		
1.87		-0.0427412		
1.88		-0.0426334		
1.89		-0.0425278		
1.9		-0.0424244		
1.91		-0.0423231		
1.92		-0.0422239		
1.93		-0.0421269		
1.94		-0.042032		
1.95		-0.0419391		
1.96		-0.0418484		
1.97		-0.0417598		
1.98		-0.0416733		
1.99		-0.0415888		
2		-0.0415064		
2.01		-0.041426		
2.02		-0.0413476		
2.03		-0.0412713		
2.04		-0.0411969		
2.05		-0.0411246		
2.06		-0.0410542		
2.07		-0.0409858		
2.08		-0.0409193		
2.09		-0.0408548		
2.1		-0.0407922		
2.11		-0.0407315		
2.12		-0.0406726		
2.13		-0.0406157		
2.14		-0.0405606		
2.15		-0.0405074		
2.16		-0.040456		
2.17		-0.0404064		
2.18		-0.0403586		
2.19		-0.0403126		
2.2		-0.0402684		
2.21		-0.0402259		
2.22		-0.0401852		
2.23		-0.0401462		
2.24		-0.0401089		
2.25		-0.0400733		
2.26		-0.0400394		
2.27		-0.0400071		
2.28		-0.0399765		
2.29		-0.0399475		
2.3		-0.0399202		
2.31		-0.0398944		
2.32		-0.0398702		
2.33		-0.0398476		
2.34		-0.0398266		
2.35		-0.039807		
2.36		-0.0397891		
2.37		-0.0397726		
2.38		-0.0397576		
2.39		-0.0397441		
2.4		-0.039732		
2.41		-0.0397214		
2.42		-0.0397123		
2.43		-0.0397045		
2.44		-0.0396982		
2.45		-0.0396932		
2.46		-0.0396897		
2.47		-0.0396874		
2.48		-0.0396866		
2.49		-0.039687		
2.5		-0.0396888		
2.51		-0.0396919		
2.52		-0.0396963		
2.53		-0.0397019		
2.54		-0.0397088		
2.55		-0.0397169		
2.56		-0.0397263		
2.57		-0.0397369		
2.58		-0.0397487		
2.59		-0.0397617		
2.6		-0.0397759		
2.61		-0.0397912		
2.62		-0.0398077		
2.63		-0.0398254		
2.64		-0.0398441		
2.65		-0.039864		
2.66		-0.0398849		
2.67		-0.039907		
2.68		-0.0399301		
2.69		-0.0399543		
2.7		-0.0399796		
2.71		-0.0400058		
2.72		-0.0400331		
2.73		-0.0400615		
2.74		-0.0400908		
2.75		-0.0401211		
2.76		-0.0401524		
2.77		-0.0401846		
2.78		-0.0402178		
2.79		-0.0402519		
2.8		-0.040287		
2.81		-0.040323		
2.82		-0.0403599		
2.83		-0.0403977		
2.84		-0.0404364		
2.85		-0.0404759		
2.86		-0.0405163		
2.87		-0.0405576		
2.88		-0.0405997		
2.89		-0.0406427		
2.9		-0.0406865		
2.91		-0.040731		
2.92		-0.0407764		
2.93		-0.0408226		
2.94		-0.0408695		
2.95		-0.0409173		
2.96		-0.0409658		
2.97		-0.041015		
2.98		-0.041065		
2.99		-0.0411157		
3		-0.0411671		
3.01		-0.0412193		
3.02		-0.0412721		
3.03		-0.0413257		
3.04		-0.0413799		
3.05		-0.0414348		
3.06		-0.0414904		
3.07		-0.0415466		
3.08		-0.0416035		
3.09		-0.041661		
3.1		-0.0417192		
3.11		-0.041778		
3.12		-0.0418374		
3.13		-0.0418974		
3.14		-0.041958		
3.15		-0.0420192		
3.16		-0.0420809		
3.17		-0.0421433		
3.18		-0.0422062		
3.19		-0.0422697		
3.2		-0.0423337		
3.21		-0.0423983		
3.22		-0.0424634		
3.23		-0.042529		
3.24		-0.0425952		
3.25		-0.0426619		
3.26		-0.0427291		
3.27		-0.0427967		
3.28		-0.0428649		
3.29		-0.0429336		
3.3		-0.0430027		
3.31		-0.0430723		
3.32		-0.0431424		
3.33		-0.0432129		
3.34		-0.0432839		
3.35		-0.0433553		
3.36		-0.0434272		
3.37		-0.0434995		
3.38		-0.0435722		
3.39		-0.0436453		
3.4		-0.0437189		
3.41		-0.0437928		
3.42		-0.0438672		
3.43		-0.0439419		
3.44		-0.0440171		
3.45		-0.0440926		
3.46		-0.0441685		
3.47		-0.0442447		
3.48		-0.0443214		
3.49		-0.0443983		
3.5		-0.0444757		
3.51		-0.0445534		
3.52		-0.0446314		
3.53		-0.0447098		
3.54		-0.0447884		
3.55		-0.0448675		
3.56		-0.0449468		
3.57		-0.0450264		
3.58		-0.0451064		
3.59		-0.0451867		
3.6		-0.0452672		
3.61		-0.0453481		
3.62		-0.0454293		
3.63		-0.0455107		
3.64		-0.0455924		
3.65		-0.0456744		
3.66		-0.0457566		
3.67		-0.0458392		
3.68		-0.0459219		
3.69		-0.046005		
3.7		-0.0460883		
3.71		-0.0461718		
3.72		-0.0462556		
3.73		-0.0463396		
3.74		-0.0464239		
3.75		-0.0465083		
3.76		-0.0465931		
3.77		-0.046678		
3.78		-0.0467631		
3.79		-0.0468485		
3.8		-0.0469341		
3.81		-0.0470198		
3.82		-0.0471058		
3.83		-0.047192		
3.84		-0.0472783		
3.85		-0.0473649		
3.86		-0.0474516		
3.87		-0.0475385		
3.88		-0.0476256		
3.89		-0.0477129		
3.9		-0.0478003		
3.91		-0.0478879		
3.92		-0.0479757		
3.93		-0.0480636		
3.94		-0.0481517		
3.95		-0.0482399		
3.96		-0.0483283		
3.97		-0.0484168		
3.98		-0.0485055		
3.99		-0.0485943		
4		-0.0486832		
4.01		-0.0487723		
4.02		-0.0488615		
4.03		-0.0489508		
4.04		-0.0490403		
4.05		-0.0491299		
4.06		-0.0492196		
4.07		-0.0493094		
4.08		-0.0493993		
4.09		-0.0494893		
4.1		-0.0495794		
4.11		-0.0496697		
4.12		-0.04976		
4.13		-0.0498504		
4.14		-0.0499409		
4.15		-0.0500315		
4.16		-0.0501222		
4.17		-0.050213		
4.18		-0.0503039		
4.19		-0.0503948		
4.2		-0.0504858		
4.21		-0.0505769		
4.22		-0.0506681		
4.23		-0.0507593		
4.24		-0.0508506		
4.25		-0.050942		
4.26		-0.0510334		
4.27		-0.0511249		
4.28		-0.0512164		
4.29		-0.051308		
4.3		-0.0513997		
4.31		-0.0514914		
4.32		-0.0515831		
4.33		-0.0516749		
4.34		-0.0517668		
4.35		-0.0518587		
4.36		-0.0519506		
4.37		-0.0520425		
4.38		-0.0521345		
4.39		-0.0522265		
4.4		-0.0523186		
4.41		-0.0524107		
4.42		-0.0525028		
4.43		-0.0525949		
4.44		-0.0526871		
4.45		-0.0527792		
4.46		-0.0528714		
4.47		-0.0529636		
4.48		-0.0530558		
4.49		-0.0531481		
4.5		-0.0532403		
4.51		-0.0533326		
4.52		-0.0534248		
4.53		-0.0535171		
4.54		-0.0536094		
4.55		-0.0537016		
4.56		-0.0537939		
4.57		-0.0538862		
4.58		-0.0539784		
4.59		-0.0540707		
4.6		-0.0541629		
4.61		-0.0542552		
4.62		-0.0543474		
4.63		-0.0544396		
4.64		-0.0545318		
4.65		-0.054624		
4.66		-0.0547162		
4.67		-0.0548084		
4.68		-0.0549005		
4.69		-0.0549926		
4.7		-0.0550847		
4.71		-0.0551768		
4.72		-0.0552688		
4.73		-0.0553608		
4.74		-0.0554528		
4.75		-0.0555448		
4.76		-0.0556367		
4.77		-0.0557286		
4.78		-0.0558204		
4.79		-0.0559122		
4.8		-0.056004		
4.81		-0.0560958		
4.82		-0.0561875		
4.83		-0.0562792		
4.84		-0.0563708		
4.85		-0.0564624		
4.86		-0.0565539		
4.87		-0.0566454		
4.88		-0.0567368		
4.89		-0.0568282		
4.9		-0.0569196		
4.91		-0.0570109		
4.92		-0.0571021		
4.93		-0.0571933		
4.94		-0.0572844		
4.95		-0.0573755		
4.96		-0.0574665		
4.97		-0.0575575		
4.98		-0.0576484		
4.99		-0.0577393		
5		-0.0578301		
5.01		-0.0579208		
5.02		-0.0580115		
5.03		-0.0581021		
5.04		-0.0581926		
5.05		-0.0582831		
5.06		-0.0583735		
5.07		-0.0584638		
5.08		-0.0585541		
5.09		-0.0586443		
5.1		-0.0587344		
5.11		-0.0588245		
5.12		-0.0589145		
5.13		-0.0590044		
5.14		-0.0590942		
5.15		-0.059184		
5.16		-0.0592737		
5.17		-0.0593633		
5.18		-0.0594528		
5.19		-0.0595423		
5.2		-0.0596317		
5.21		-0.059721		
5.22		-0.0598102		
5.23		-0.0598993		
5.24		-0.0599884		
5.25		-0.0600774		
5.26		-0.0601663		
5.27		-0.0602551		
5.28		-0.0603438		
5.29		-0.0604324		
5.3		-0.060521		
5.31		-0.0606094		
5.32		-0.0606978		
5.33		-0.0607861		
5.34		-0.0608743		
5.35		-0.0609624		
5.36		-0.0610504		
5.37		-0.0611383		
5.38		-0.0612261		
5.39		-0.0613138		
5.4		-0.0614015		
5.41		-0.061489		
5.42		-0.0615765		
5.43		-0.0616638		
5.44		-0.0617511		
5.45		-0.0618383		
5.46		-0.0619253		
5.47		-0.0620123		
5.48		-0.0620992		
5.49		-0.0621859		
5.5		-0.0622726		
5.51		-0.0623592		
5.52		-0.0624456		
5.53		-0.062532		
5.54		-0.0626183		
5.55		-0.0627045		
5.56		-0.0627905		
5.57		-0.0628765		
5.58		-0.0629623		
5.59		-0.0630481		
5.6		-0.0631337		
5.61		-0.0632193		
5.62		-0.0633047		
5.63		-0.06339		
5.64		-0.0634752		
5.65		-0.0635604		
5.66		-0.0636454		
5.67		-0.0637303		
5.68		-0.0638151		
5.69		-0.0638997		
5.7		-0.0639843		
5.71		-0.0640688		
5.72		-0.0641531		
5.73		-0.0642374		
5.74		-0.0643215		
5.75		-0.0644055		
5.76		-0.0644894		
5.77		-0.0645732		
5.78		-0.0646569		
5.79		-0.0647405		
5.8		-0.0648239		
5.81		-0.0649073		
5.82		-0.0649905		
5.83		-0.0650736		
5.84		-0.0651566		
5.85		-0.0652395		
5.86		-0.0653223		
5.87		-0.0654049		
5.88		-0.0654874		
5.89		-0.0655699		
5.9		-0.0656522		
5.91		-0.0657344		
5.92		-0.0658164		
5.93		-0.0658984		
5.94		-0.0659802		
5.95		-0.0660619		
5.96		-0.0661435		
5.97		-0.066225		
5.98		-0.0663064		
5.99		-0.0663876		
6		-0.0664687		
6.01		-0.0665497		
6.02		-0.0666306		
6.03		-0.0667113		
6.04		-0.066792		
6.05		-0.0668725		
6.06		-0.0669529		
6.07		-0.0670332		
6.08		-0.0671133		
6.09		-0.0671933		
6.1		-0.0672733		
6.11		-0.067353		
6.12		-0.0674327		
6.13		-0.0675122		
6.14		-0.0675917		
6.15		-0.0676709		
6.16		-0.0677501		
6.17		-0.0678292		
6.18		-0.0679081		
6.19		-0.0679869		
6.2		-0.0680656		
6.21		-0.0681441		
6.22		-0.0682225		
6.23		-0.0683008		
6.24		-0.068379		
6.25		-0.0684571		
6.26		-0.068535		
6.27		-0.0686128		
6.28		-0.0686905		
6.29		-0.068768		
6.3		-0.0688454		
6.31		-0.0689227		
6.32		-0.0689999		
6.33		-0.0690769		
6.34		-0.0691538		
6.35		-0.0692306		
6.36		-0.0693073		
6.37		-0.0693838		
6.38		-0.0694602		
6.39		-0.0695365		
6.4		-0.0696127		
6.41		-0.0696887		
6.42		-0.0697646		
6.43		-0.0698404		
6.44		-0.069916		
6.45		-0.0699915		
6.46		-0.0700669		
6.47		-0.0701422		
6.48		-0.0702173		
6.49		-0.0702923		
6.5		-0.0703672		
6.51		-0.0704419		
6.52		-0.0705165		
6.53		-0.070591		
6.54		-0.0706654		
6.55		-0.0707396		
6.56		-0.0708137		
6.57		-0.0708877		
6.58		-0.0709615		
6.59		-0.0710352		
6.6		-0.0711088		
6.61		-0.0711823		
6.62		-0.0712556		
6.63		-0.0713288		
6.64		-0.0714019		
6.65		-0.0714748		
6.66		-0.0715476		
6.67		-0.0716203		
6.68		-0.0716929		
6.69		-0.0717653		
6.7		-0.0718376		
6.71		-0.0719097		
6.72		-0.0719818		
6.73		-0.0720537		
6.74		-0.0721254		
6.75		-0.0721971		
6.76		-0.0722686		
6.77		-0.07234		
6.78		-0.0724112		
6.79		-0.0724823		
6.8		-0.0725533		
6.81		-0.0726242		
6.82		-0.0726949		
6.83		-0.0727655		
6.84		-0.072836		
6.85		-0.0729063		
6.86		-0.0729765		
6.87		-0.0730466		
6.88		-0.0731166		
6.89		-0.0731864		
6.9		-0.0732561		
6.91		-0.0733256		
6.92		-0.0733951		
6.93		-0.0734644		
6.94		-0.0735335		
6.95		-0.0736026		
6.96		-0.0736715		
6.97		-0.0737403		
6.98		-0.0738089		
6.99		-0.0738774		
7		-0.0739458		
7.01		-0.0740141		
7.02		-0.0740822		
7.03		-0.0741502		
7.04		-0.0742181		
7.05		-0.0742858		
7.06		-0.0743534		
7.07		-0.0744209		
7.08		-0.0744882		
7.09		-0.0745555		
7.1		-0.0746226		
7.11		-0.0746895		
7.12		-0.0747563		
7.13		-0.074823		
7.14		-0.0748896		
7.15		-0.0749561		
7.16		-0.0750224		
7.17		-0.0750886		
7.18		-0.0751546		
7.19		-0.0752205		
7.2		-0.0752863		
7.21		-0.075352		
7.22		-0.0754175		
7.23		-0.0754829		
7.24		-0.0755482		
7.25		-0.0756134		
7.26		-0.0756784		
7.27		-0.0757433		
7.28		-0.075808		
7.29		-0.0758727		
7.3		-0.0759372		
7.31		-0.0760015		
7.32		-0.0760658		
7.33		-0.0761299		
7.34		-0.0761939		
7.35		-0.0762577		
7.36		-0.0763215		
7.37		-0.0763851		
7.38		-0.0764486		
7.39		-0.0765119		
7.4		-0.0765751		
7.41		-0.0766382		
7.42		-0.0767012		
7.43		-0.076764		
7.44		-0.0768267		
7.45		-0.0768893		
7.46		-0.0769517		
7.47		-0.0770141		
7.48		-0.0770763		
7.49		-0.0771383		
7.5		-0.0772003		
7.51		-0.0772621		
7.52		-0.0773238		
7.53		-0.0773853		
7.54		-0.0774468		
7.55		-0.0775081		
7.56		-0.0775693		
7.57		-0.0776303		
7.58		-0.0776912		
7.59		-0.0777521		
7.6		-0.0778127		
7.61		-0.0778733		
7.62		-0.0779337		
7.63		-0.077994		
7.64		-0.0780542		
7.65		-0.0781142		
7.66		-0.0781741		
7.67		-0.0782339		
7.68		-0.0782936		
7.69		-0.0783531		
7.7		-0.0784125		
7.71		-0.0784718		
7.72		-0.078531		
7.73		-0.07859		
7.74		-0.078649		
7.75		-0.0787078		
7.76		-0.0787664		
7.77		-0.078825		
7.78		-0.0788834		
7.79		-0.0789417		
7.8		-0.0789999		
7.81		-0.0790579		
7.82		-0.0791158		
7.83		-0.0791736		
7.84		-0.0792313		
7.85		-0.0792888		
7.86		-0.0793463		
7.87		-0.0794036		
7.88		-0.0794608		
7.89		-0.0795178		
7.9		-0.0795748		
7.91		-0.0796316		
7.92		-0.0796883		
7.93		-0.0797448		
7.94		-0.0798013		
7.95		-0.0798576		
7.96		-0.0799138		
7.97		-0.0799699		
7.98		-0.0800258		
7.99		-0.0800817		
8		-0.0801374		
8.01		-0.080193		
8.02		-0.0802484		
8.03		-0.0803038		
8.04		-0.080359		
8.05		-0.0804141		
8.06		-0.0804691		
8.07		-0.080524		
8.08		-0.0805787		
8.09		-0.0806333		
8.1		-0.0806879		
8.11		-0.0807422		
8.12		-0.0807965		
8.13		-0.0808506		
8.14		-0.0809047		
8.15		-0.0809586		
8.16		-0.0810124		
8.17		-0.081066		
8.18		-0.0811196		
8.19		-0.081173		
8.2		-0.0812263		
8.21		-0.0812795		
8.22		-0.0813326		
8.23		-0.0813855		
8.24		-0.0814384		
8.25		-0.0814911		
8.26		-0.0815437		
8.27		-0.0815962		
8.28		-0.0816485		
8.29		-0.0817008		
8.3		-0.0817529		
8.31		-0.0818049		
8.32		-0.0818568		
8.33		-0.0819086		
8.34		-0.0819603		
8.35		-0.0820118		
8.36		-0.0820633		
8.37		-0.0821146		
8.38		-0.0821658		
8.39		-0.0822169		
8.4		-0.0822678		
8.41		-0.0823187		
8.42		-0.0823694		
8.43		-0.08242		
8.44		-0.0824705		
8.45		-0.0825209		
8.46		-0.0825712		
8.47		-0.0826214		
8.48		-0.0826714		
8.49		-0.0827213		
8.5		-0.0827712		
8.51		-0.0828209		
8.52		-0.0828705		
8.53		-0.0829199		
8.54		-0.0829693		
8.55		-0.0830186		
8.56		-0.0830677		
8.57		-0.0831167		
8.58		-0.0831656		
8.59		-0.0832144		
8.6		-0.0832631		
8.61		-0.0833117		
8.62		-0.0833602		
8.63		-0.0834085		
8.64		-0.0834568		
8.65		-0.0835049		
8.66		-0.0835529		
8.67		-0.0836008		
8.68		-0.0836486		
8.69		-0.0836963		
8.7		-0.0837439		
8.71		-0.0837913		
8.72		-0.0838387		
8.73		-0.0838859		
8.74		-0.0839331		
8.75		-0.0839801		
8.76		-0.084027		
8.77		-0.0840738		
8.78		-0.0841205		
8.79		-0.0841671		
8.8		-0.0842136		
8.81		-0.08426		
8.82		-0.0843062		
8.83		-0.0843524		
8.84		-0.0843984		
8.85		-0.0844444		
8.86		-0.0844902		
8.87		-0.0845359		
8.88		-0.0845816		
8.89		-0.0846271		
8.9		-0.0846725		
8.91		-0.0847178		
8.92		-0.084763		
8.93		-0.084808		
8.94		-0.084853		
8.95		-0.0848979		
8.96		-0.0849427		
8.97		-0.0849873		
8.98		-0.0850319		
8.99		-0.0850763		
9		-0.0851207		
9.01		-0.0851649		
9.02		-0.0852091		
9.03		-0.0852531		
9.04		-0.085297		
9.05		-0.0853408		
9.06		-0.0853846		
9.07		-0.0854282		
9.08		-0.0854717		
9.09		-0.0855151		
9.1		-0.0855584		
9.11		-0.0856016		
9.12		-0.0856447		
9.13		-0.0856877		
9.14		-0.0857306		
9.15		-0.0857734		
9.16		-0.0858161		
9.17		-0.0858587		
9.18		-0.0859012		
9.19		-0.0859436		
9.2		-0.0859859		
9.21		-0.0860281		
9.22		-0.0860701		
9.23		-0.0861121		
9.24		-0.086154		
9.25		-0.0861958		
9.26		-0.0862375		
9.27		-0.0862791		
9.28		-0.0863206		
9.29		-0.086362		
9.3		-0.0864033		
9.31		-0.0864445		
9.32		-0.0864856		
9.33		-0.0865266		
9.34		-0.0865675		
9.35		-0.0866083		
9.36		-0.086649		
9.37		-0.0866896		
9.38		-0.0867301		
9.39		-0.0867705		
9.4		-0.0868108		
9.41		-0.086851		
9.42		-0.0868911		
9.43		-0.0869312		
9.44		-0.0869711		
9.45		-0.0870109		
9.46		-0.0870507		
9.47		-0.0870903		
9.48		-0.0871299		
9.49		-0.0871693		
9.5		-0.0872087		
9.51		-0.087248		
9.52		-0.0872871		
9.53		-0.0873262		
9.54		-0.0873652		
9.55		-0.0874041		
9.56		-0.0874429		
9.57		-0.0874816		
9.58		-0.0875202		
9.59		-0.0875587		
9.6		-0.0875971		
9.61		-0.0876355		
9.62		-0.0876737		
9.63		-0.0877119		
9.64		-0.0877499		
9.65		-0.0877879		
9.66		-0.0878258		
9.67		-0.0878636		
9.68		-0.0879013		
9.69		-0.0879389		
9.7		-0.0879764		
9.71		-0.0880138		
9.72		-0.0880512		
9.73		-0.0880884		
9.74		-0.0881256		
9.75		-0.0881626		
9.76		-0.0881996		
9.77		-0.0882365		
9.78		-0.0882733		
9.79		-0.08831		
9.8		-0.0883467		
9.81		-0.0883832		
9.82		-0.0884197		
9.83		-0.088456		
9.84		-0.0884923		
9.85		-0.0885285		
9.86		-0.0885646		
9.87		-0.0886006		
9.88		-0.0886366		
9.89		-0.0886724		
9.9		-0.0887082		
9.91		-0.0887439		
9.92		-0.0887795		
9.93		-0.088815		
9.94		-0.0888504		
9.95		-0.0888858		
9.96		-0.088921		
9.97		-0.0889562		
9.98		-0.0889913		
9.99		-0.0890263		
10		-0.0890612		
10.01		-0.0890961		
10.02		-0.0891308		
10.03		-0.0891655		
10.04		-0.0892001		
10.05		-0.0892346		
10.06		-0.089269		
10.07		-0.0893034		
10.08		-0.0893377		
10.09		-0.0893719		
10.1		-0.089406		
10.11		-0.08944		
10.12		-0.0894739		
10.13		-0.0895078		
10.14		-0.0895416		
10.15		-0.0895753		
10.16		-0.089609		
10.17		-0.0896425		
10.18		-0.089676		
10.19		-0.0897094		
10.2		-0.0897427		
10.21		-0.0897759		
10.22		-0.0898091		
10.23		-0.0898422		
10.24		-0.0898752		
10.25		-0.0899081		
10.26		-0.089941		
10.27		-0.0899738		
10.28		-0.0900065		
10.29		-0.0900391		
10.3		-0.0900717		
10.31		-0.0901042		
10.32		-0.0901366		
10.33		-0.0901689		
10.34		-0.0902012		
10.35		-0.0902333		
10.36		-0.0902654		
10.37		-0.0902975		
10.38		-0.0903294		
10.39		-0.0903613		
10.4		-0.0903931		
10.41		-0.0904249		
10.42		-0.0904566		
10.43		-0.0904882		
10.44		-0.0905197		
10.45		-0.0905511		
10.46		-0.0905825		
10.47		-0.0906138		
10.48		-0.0906451		
10.49		-0.0906763		
10.5		-0.0907074		
10.51		-0.0907384		
10.52		-0.0907694		
10.53		-0.0908003		
10.54		-0.0908311		
10.55		-0.0908619		
10.56		-0.0908925		
10.57		-0.0909232		
10.58		-0.0909537		
10.59		-0.0909842		
10.6		-0.0910146		
10.61		-0.091045		
10.62		-0.0910753		
10.63		-0.0911055		
10.64		-0.0911356		
10.65		-0.0911657		
10.66		-0.0911958		
10.67		-0.0912257		
10.68		-0.0912556		
10.69		-0.0912854		
10.7		-0.0913152		
10.71		-0.0913449		
10.72		-0.0913745		
10.73		-0.0914041		
10.74		-0.0914336		
10.75		-0.091463		
10.76		-0.0914924		
10.77		-0.0915217		
10.78		-0.091551		
10.79		-0.0915802		
10.8		-0.0916093		
10.81		-0.0916384		
10.82		-0.0916674		
10.83		-0.0916964		
10.84		-0.0917253		
10.85		-0.0917541		
10.86		-0.0917829		
10.87		-0.0918116		
10.88		-0.0918402		
10.89		-0.0918688		
10.9		-0.0918974		
10.91		-0.0919258		
10.92		-0.0919542		
10.93		-0.0919826		
10.94		-0.0920109		
10.95		-0.0920392		
10.96		-0.0920673		
10.97		-0.0920955		
10.98		-0.0921236		
10.99		-0.0921516		
11		-0.0921795		
11.01		-0.0922074		
11.02		-0.0922353		
11.03		-0.0922631		
11.04		-0.0922908		
11.05		-0.0923185		
11.06		-0.0923462		
11.07		-0.0923738		
11.08		-0.0924013		
11.09		-0.0924288		
11.1		-0.0924562		
11.11		-0.0924836		
11.12		-0.0925109		
11.13		-0.0925381		
11.14		-0.0925654		
11.15		-0.0925925		
11.16		-0.0926196		
11.17		-0.0926467		
11.18		-0.0926737		
11.19		-0.0927007		
11.2		-0.0927276		
11.21		-0.0927545		
11.22		-0.0927813		
11.23		-0.0928081		
11.24		-0.0928348		
11.25		-0.0928614		
11.26		-0.0928881		
11.27		-0.0929146		
11.28		-0.0929412		
11.29		-0.0929677		
11.3		-0.0929941		
11.31		-0.0930205		
11.32		-0.0930468		
11.33		-0.0930731		
11.34		-0.0930994		
11.35		-0.0931256		
11.36		-0.0931518		
11.37		-0.0931779		
11.38		-0.093204		
11.39		-0.09323		
11.4		-0.093256		
11.41		-0.0932819		
11.42		-0.0933079		
11.43		-0.0933337		
11.44		-0.0933595		
11.45		-0.0933853		
11.46		-0.0934111		
11.47		-0.0934368		
11.48		-0.0934624		
11.49		-0.093488		
11.5		-0.0935136		
11.51		-0.0935392		
11.52		-0.0935647		
11.53		-0.0935901		
11.54		-0.0936155		
11.55		-0.0936409		
11.56		-0.0936663		
11.57		-0.0936916		
11.58		-0.0937169		
11.59		-0.0937421		
11.6		-0.0937673		
11.61		-0.0937925		
11.62		-0.0938176		
11.63		-0.0938427		
11.64		-0.0938677		
11.65		-0.0938928		
11.66		-0.0939177		
11.67		-0.0939427		
11.68		-0.0939676		
11.69		-0.0939925		
11.7		-0.0940174		
11.71		-0.0940422		
11.72		-0.094067		
11.73		-0.0940917		
11.74		-0.0941165		
11.75		-0.0941411		
11.76		-0.0941658		
11.77		-0.0941904		
11.78		-0.094215		
11.79		-0.0942396		
11.8		-0.0942642		
11.81		-0.0942887		
11.82		-0.0943132		
11.83		-0.0943376		
11.84		-0.094362		
11.85		-0.0943864		
11.86		-0.0944108		
11.87		-0.0944352		
11.88		-0.0944595		
11.89		-0.0944838		
11.9		-0.094508		
11.91		-0.0945323		
11.92		-0.0945565		
11.93		-0.0945807		
11.94		-0.0946049		
11.95		-0.094629		
11.96		-0.0946531		
11.97		-0.0946772		
11.98		-0.0947013		
11.99		-0.0947254		
12		-0.0947494		
12.01		-0.0947734		
12.02		-0.0947974		
12.03		-0.0948213		
12.04		-0.0948453		
12.05		-0.0948692		
12.06		-0.0948931		
12.07		-0.094917		
12.08		-0.0949409		
12.09		-0.0949647		
12.1		-0.0949885		
12.11		-0.0950123		
12.12		-0.0950361		
12.13		-0.0950599		
12.14		-0.0950836		
12.15		-0.0951074		
12.16		-0.0951311		
12.17		-0.0951548		
12.18		-0.0951785		
12.19		-0.0952022		
12.2		-0.0952258		
12.21		-0.0952495		
12.22		-0.0952731		
12.23		-0.0952967		
12.24		-0.0953203		
12.25		-0.0953439		
12.26		-0.0953675		
12.27		-0.0953911		
12.28		-0.0954146		
12.29		-0.0954382		
12.3		-0.0954617		
12.31		-0.0954852		
12.32		-0.0955088		
12.33		-0.0955323		
12.34		-0.0955558		
12.35		-0.0955792		
12.36		-0.0956027		
12.37		-0.0956262		
12.38		-0.0956496		
12.39		-0.0956731		
12.4		-0.0956965		
12.41		-0.09572		
12.42		-0.0957434		
12.43		-0.0957668		
12.44		-0.0957903		
12.45		-0.0958137		
12.46		-0.0958371		
12.47		-0.0958605		
12.48		-0.0958839		
12.49		-0.0959073		
12.5		-0.0959307		
12.51		-0.0959541		
12.52		-0.0959775		
12.53		-0.0960009		
12.54		-0.0960242		
12.55		-0.0960476		
12.56		-0.096071		
12.57		-0.0960944		
12.58		-0.0961178		
12.59		-0.0961412		
12.6		-0.0961646		
12.61		-0.096188		
12.62		-0.0962113		
12.63		-0.0962347		
12.64		-0.0962581		
12.65		-0.0962815		
12.66		-0.0963049		
12.67		-0.0963283		
12.68		-0.0963518		
12.69		-0.0963752		
12.7		-0.0963986		
12.71		-0.096422		
12.72		-0.0964454		
12.73		-0.0964689		
12.74		-0.0964923		
12.75		-0.0965158		
12.76		-0.0965392		
12.77		-0.0965627		
12.78		-0.0965862		
12.79		-0.0966097		
12.8		-0.0966331		
12.81		-0.0966567		
12.82		-0.0966802		
12.83		-0.0967037		
12.84		-0.0967272		
12.85		-0.0967508		
12.86		-0.0967743		
12.87		-0.0967979		
12.88		-0.0968215		
12.89		-0.0968451		
12.9		-0.0968687		
12.91		-0.0968923		
12.92		-0.0969159		
12.93		-0.0969396		
12.94		-0.0969633		
12.95		-0.0969869		
12.96		-0.0970106		
12.97		-0.0970343		
12.98		-0.0970581		
12.99		-0.0970818		
13		-0.0971056		
13.01		-0.0971294		
13.02		-0.0971532		
13.03		-0.097177		
13.04		-0.0972008		
13.05		-0.0972247		
13.06		-0.0972486		
13.07		-0.0972725		
13.08		-0.0972964		
13.09		-0.0973204		
13.1		-0.0973443		
13.11		-0.0973683		
13.12		-0.0973923		
13.13		-0.0974164		
13.14		-0.0974404		
13.15		-0.0974645		
13.16		-0.0974886		
13.17		-0.0975128		
13.18		-0.0975369		
13.19		-0.0975611		
13.2		-0.0975853		
13.21		-0.0976096		
13.22		-0.0976338		
13.23		-0.0976581		
13.24		-0.0976824		
13.25		-0.0977068		
13.26		-0.0977312		
13.27		-0.0977556		
13.28		-0.09778		
13.29		-0.0978045		
13.3		-0.097829		
13.31		-0.0978535		
13.32		-0.0978781		
13.33		-0.0979027		
13.34		-0.0979273		
13.35		-0.097952		
13.36		-0.0979767		
13.37		-0.0980014		
13.38		-0.0980262		
13.39		-0.098051		
13.4		-0.0980758		
13.41		-0.0981007		
13.42		-0.0981256		
13.43		-0.0981506		
13.44		-0.0981756		
13.45		-0.0982006		
13.46		-0.0982256		
13.47		-0.0982507		
13.48		-0.0982759		
13.49		-0.0983011		
13.5		-0.0983263		
13.51		-0.0983515		
13.52		-0.0983768		
13.53		-0.0984022		
13.54		-0.0984276		
13.55		-0.098453		
13.56		-0.0984785		
13.57		-0.098504		
13.58		-0.0985295		
13.59		-0.0985551		
13.6		-0.0985808		
13.61		-0.0986065		
13.62		-0.0986322		
13.63		-0.098658		
13.64		-0.0986838		
13.65		-0.0987097		
13.66		-0.0987356		
13.67		-0.0987616		
13.68		-0.0987876		
13.69		-0.0988137		
13.7		-0.0988398		
13.71		-0.0988659		
13.72		-0.0988922		
13.73		-0.0989184		
13.74		-0.0989448		
13.75		-0.0989711		
13.76		-0.0989975		
13.77		-0.099024		
13.78		-0.0990506		
13.79		-0.0990771		
13.8		-0.0991038		
13.81		-0.0991305		
13.82		-0.0991572		
13.83		-0.099184		
13.84		-0.0992109		
13.85		-0.0992378		
13.86		-0.0992648		
13.87		-0.0992918		
13.88		-0.0993189		
13.89		-0.099346		
13.9		-0.0993732		
13.91		-0.0994005		
13.92		-0.0994278		
13.93		-0.0994552		
13.94		-0.0994827		
13.95		-0.0995102		
13.96		-0.0995377		
13.97		-0.0995654		
13.98		-0.0995931		
13.99		-0.0996208		
14		-0.0996486		
14.01		-0.0996765		
14.02		-0.0997045		
14.03		-0.0997325		
14.04		-0.0997606		
14.05		-0.0997887		
14.06		-0.0998169		
14.07		-0.0998452		
14.08		-0.0998736		
14.09		-0.099902		
14.1		-0.0999305		
14.11		-0.099959		
14.12		-0.0999877		
14.13		-0.100016		
14.14		-0.100045		
14.15		-0.100074		
14.16		-0.100103		
14.17		-0.100132		
14.18		-0.100161		
14.19		-0.10019		
14.2		-0.100219		
14.21		-0.100248		
14.22		-0.100278		
14.23		-0.100307		
14.24		-0.100337		
14.25		-0.100366		
14.26		-0.100396		
14.27		-0.100426		
14.28		-0.100455		
14.29		-0.100485		
14.3		-0.100515		
14.31		-0.100545		
14.32		-0.100575		
14.33		-0.100606		
14.34		-0.100636		
14.35		-0.100666		
14.36		-0.100697		
14.37		-0.100727		
14.38		-0.100758		
14.39		-0.100789		
14.4		-0.100819		
14.41		-0.10085		
14.42		-0.100881		
14.43		-0.100912		
14.44		-0.100943		
14.45		-0.100974		
14.46		-0.101006		
14.47		-0.101037		
14.48		-0.101069		
14.49		-0.1011		
14.5		-0.101132		
14.51		-0.101163		
14.52		-0.101195		
14.53		-0.101227		
14.54		-0.101259		
14.55		-0.101291		
14.56		-0.101323		
14.57		-0.101356		
14.58		-0.101388		
14.59		-0.10142		
14.6		-0.101453		
14.61		-0.101486		
14.62		-0.101518		
14.63		-0.101551		
14.64		-0.101584		
14.65		-0.101617		
14.66		-0.10165		
14.67		-0.101683		
14.68		-0.101717		
14.69		-0.10175		
14.7		-0.101784		
14.71		-0.101817		
14.72		-0.101851		
14.73		-0.101885		
14.74		-0.101919		
14.75		-0.101953		
14.76		-0.101987		
14.77		-0.102021		
14.78		-0.102055		
14.79		-0.10209		
14.8		-0.102124		
14.81		-0.102159		
14.82		-0.102193		
14.83		-0.102228		
14.84		-0.102263		
14.85		-0.102298		
14.86		-0.102333		
14.87		-0.102369		
14.88		-0.102404		
14.89		-0.102439		
14.9		-0.102475		
14.91		-0.102511		
14.92		-0.102546		
14.93		-0.102582		
14.94		-0.102618		
14.95		-0.102654		
14.96		-0.102691		
14.97		-0.102727		
14.98		-0.102763		
14.99		-0.1028		
15		-0.102837		
15.01		-0.102873		
15.02		-0.10291		
15.03		-0.102947		
15.04		-0.102984		
15.05		-0.103022		
15.06		-0.103059		
15.07		-0.103097		
15.08		-0.103134		
15.09		-0.103172		
15.1		-0.10321		
15.11		-0.103248		
15.12		-0.103286		
15.13		-0.103324		
15.14		-0.103362		
15.15		-0.103401		
15.16		-0.103439		
15.17		-0.103478		
15.18		-0.103517		
15.19		-0.103556		
15.2		-0.103595		
15.21		-0.103634		
15.22		-0.103673		
15.23		-0.103713		
15.24		-0.103752		
15.25		-0.103792		
15.26		-0.103831		
15.27		-0.103871		
15.28		-0.103911		
15.29		-0.103952		
15.3		-0.103992		
15.31		-0.104032		
15.32		-0.104073		
15.33		-0.104114		
15.34		-0.104154		
15.35		-0.104195		
15.36		-0.104236		
15.37		-0.104278		
15.38		-0.104319		
15.39		-0.10436		
15.4		-0.104402		
15.41		-0.104444		
15.42		-0.104486		
15.43		-0.104528		
15.44		-0.10457		
15.45		-0.104612		
15.46		-0.104654		
15.47		-0.104697		
15.48		-0.10474		
15.49		-0.104783		
15.5		-0.104825		
15.51		-0.104869		
15.52		-0.104912		
15.53		-0.104955		
15.54		-0.104999		
15.55		-0.105042		
15.56		-0.105086		
15.57		-0.10513		
15.58		-0.105174		
15.59		-0.105218		
15.6		-0.105263		
15.61		-0.105307		
15.62		-0.105352		
15.63		-0.105397		
15.64		-0.105442		
15.65		-0.105487		
15.66		-0.105532		
15.67		-0.105577		
15.68		-0.105623		
15.69		-0.105668		
15.7		-0.105714		
15.71		-0.10576		
15.72		-0.105806		
15.73		-0.105853		
15.74		-0.105899		
15.75		-0.105946		
15.76		-0.105992		
15.77		-0.106039		
15.78		-0.106086		
15.79		-0.106133		
15.8		-0.106181		
15.81		-0.106228		
15.82		-0.106276		
15.83		-0.106323		
15.84		-0.106371		
15.85		-0.106419		
15.86		-0.106468		
15.87		-0.106516		
15.88		-0.106565		
15.89		-0.106613		
15.9		-0.106662		
15.91		-0.106711		
15.92		-0.10676		
15.93		-0.10681		
15.94		-0.106859		
15.95		-0.106909		
15.96		-0.106959		
15.97		-0.107009		
15.98		-0.107059		
15.99		-0.107109		
16		-0.10716		
16.01		-0.10721		
16.02		-0.107261		
16.03		-0.107312		
16.04		-0.107363		
16.05		-0.107414		
16.06		-0.107466		
16.07		-0.107517		
16.08		-0.107569		
16.09		-0.107621		
16.1		-0.107673		
16.11		-0.107725		
16.12		-0.107778		
16.13		-0.10783		
16.14		-0.107883		
16.15		-0.107936		
16.16		-0.107989		
16.17		-0.108042		
16.18		-0.108096		
16.19		-0.108149		
16.2		-0.108203		
16.21		-0.108257		
16.22		-0.108311		
16.23		-0.108366		
16.24		-0.10842		
16.25		-0.108475		
16.26		-0.108529		
16.27		-0.108584		
16.28		-0.10864		
16.29		-0.108695		
16.3		-0.10875		
16.31		-0.108806		
16.32		-0.108862		
16.33		-0.108918		
16.34		-0.108974		
16.35		-0.109031		
16.36		-0.109087		
16.37		-0.109144		
16.38		-0.109201		
16.39		-0.109258		
16.4		-0.109315		
16.41		-0.109373		
16.42		-0.10943		
16.43		-0.109488		
16.44		-0.109546		
16.45		-0.109604		
16.46		-0.109663		
16.47		-0.109721		
16.48		-0.10978		
16.49		-0.109839		
16.5		-0.109898		
16.51		-0.109957		
16.52		-0.110017		
16.53		-0.110076		
16.54		-0.110136		
16.55		-0.110196		
16.56		-0.110256		
16.57		-0.110317		
16.58		-0.110377		
16.59		-0.110438		
16.6		-0.110499		
16.61		-0.11056		
16.62		-0.110622		
16.63		-0.110683		
16.64		-0.110745		
16.65		-0.110807		
16.66		-0.110869		
16.67		-0.110931		
16.68		-0.110994		
16.69		-0.111056		
16.7		-0.111119		
16.71		-0.111182		
16.72		-0.111245		
16.73		-0.111309		
16.74		-0.111372		
16.75		-0.111436		
16.76		-0.1115		
16.77		-0.111565		
16.78		-0.111629		
16.79		-0.111694		
16.8		-0.111758		
16.81		-0.111823		
16.82		-0.111889		
16.83		-0.111954		
16.84		-0.112019		
16.85		-0.112085		
16.86		-0.112151		
16.87		-0.112217		
16.88		-0.112284		
16.89		-0.11235		
16.9		-0.112417		
16.91		-0.112484		
16.92		-0.112551		
16.93		-0.112619		
16.94		-0.112686		
16.95		-0.112754		
16.96		-0.112822		
16.97		-0.11289		
16.98		-0.112959		
16.99		-0.113027		
17		-0.113096		
17.01		-0.113165		
17.02		-0.113234		
17.03		-0.113304		
17.04		-0.113373		
17.05		-0.113443		
17.06		-0.113513		
17.07		-0.113583		
17.08		-0.113654		
17.09		-0.113724		
17.1		-0.113795		
17.11		-0.113866		
17.12		-0.113937		
17.13		-0.114009		
17.14		-0.114081		
17.15		-0.114152		
17.16		-0.114225		
17.17		-0.114297		
17.18		-0.114369		
17.19		-0.114442		
17.2		-0.114515		
17.21		-0.114588		
17.22		-0.114662		
17.23		-0.114735		
17.24		-0.114809		
17.25		-0.114883		
17.26		-0.114957		
17.27		-0.115032		
17.28		-0.115106		
17.29		-0.115181		
17.3		-0.115256		
17.31		-0.115331		
17.32		-0.115407		
17.33		-0.115483		
17.34		-0.115558		
17.35		-0.115635		
17.36		-0.115711		
17.37		-0.115788		
17.38		-0.115864		
17.39		-0.115941		
17.4		-0.116019		
17.41		-0.116096		
17.42		-0.116174		
17.43		-0.116251		
17.44		-0.11633		
17.45		-0.116408		
17.46		-0.116486		
17.47		-0.116565		
17.48		-0.116644		
17.49		-0.116723		
17.5		-0.116803		
17.51		-0.116882		
17.52		-0.116962		
17.53		-0.117042		
17.54		-0.117123		
17.55		-0.117203		
17.56		-0.117284		
17.57		-0.117365		
17.58		-0.117446		
17.59		-0.117527		
17.6		-0.117609		
17.61		-0.117691		
17.62		-0.117773		
17.63		-0.117855		
17.64		-0.117938		
17.65		-0.11802		
17.66		-0.118103		
17.67		-0.118187		
17.68		-0.11827		
17.69		-0.118354		
17.7		-0.118438		
17.71		-0.118522		
17.72		-0.118606		
17.73		-0.118691		
17.74		-0.118775		
17.75		-0.11886		
17.76		-0.118946		
17.77		-0.119031		
17.78		-0.119117		
17.79		-0.119203		
17.8		-0.119289		
17.81		-0.119375		
17.82		-0.119462		
17.83		-0.119549		
17.84		-0.119636		
17.85		-0.119723		
17.86		-0.119811		
17.87		-0.119898		
17.88		-0.119986		
17.89		-0.120075		
17.9		-0.120163		
17.91		-0.120252		
17.92		-0.120341		
17.93		-0.12043		
17.94		-0.120519		
17.95		-0.120609		
17.96		-0.120699		
17.97		-0.120789		
17.98		-0.120879		
17.99		-0.12097		
18		-0.121061		
18.01		-0.121152		
18.02		-0.121243		
18.03		-0.121334		
18.04		-0.121426		
18.05		-0.121518		
18.06		-0.12161		
18.07		-0.121703		
18.08		-0.121795		
18.09		-0.121888		
18.1		-0.121981		
18.11		-0.122075		
18.12		-0.122168		
18.13		-0.122262		
18.14		-0.122356		
18.15		-0.122451		
18.16		-0.122545		
18.17		-0.12264		
18.18		-0.122735		
18.19		-0.12283		
18.2		-0.122926		
18.21		-0.123022		
18.22		-0.123118		
18.23		-0.123214		
18.24		-0.12331		
18.25		-0.123407		
18.26		-0.123504		
18.27		-0.123601		
18.28		-0.123699		
18.29		-0.123796		
18.3		-0.123894		
18.31		-0.123992		
18.32		-0.124091		
18.33		-0.124189		
18.34		-0.124288		
18.35		-0.124387		
18.36		-0.124487		
18.37		-0.124586		
18.38		-0.124686		
18.39		-0.124786		
18.4		-0.124887		
18.41		-0.124987		
18.42		-0.125088		
18.43		-0.125189		
18.44		-0.12529		
18.45		-0.125392		
18.46		-0.125494		
18.47		-0.125596		
18.48		-0.125698		
18.49		-0.1258		
18.5		-0.125903		
18.51		-0.126006		
18.52		-0.126109		
18.53		-0.126213		
18.54		-0.126317		
18.55		-0.126421		
18.56		-0.126525		
18.57		-0.126629		
18.58		-0.126734		
18.59		-0.126839		
18.6		-0.126944		
18.61		-0.12705		
18.62		-0.127155		
18.63		-0.127261		
18.64		-0.127368		
18.65		-0.127474		
18.66		-0.127581		
18.67		-0.127688		
18.68		-0.127795		
18.69		-0.127902		
18.7		-0.12801		
18.71		-0.128118		
18.72		-0.128226		
18.73		-0.128334		
18.74		-0.128443		
18.75		-0.128552		
18.76		-0.128661		
18.77		-0.128771		
18.78		-0.12888		
18.79		-0.12899		
18.8		-0.1291		
18.81		-0.129211		
18.82		-0.129321		
18.83		-0.129432		
18.84		-0.129543		
18.85		-0.129655		
18.86		-0.129766		
18.87		-0.129878		
18.88		-0.12999		
18.89		-0.130103		
18.9		-0.130215		
18.91		-0.130328		
18.92		-0.130441		
18.93		-0.130555		
18.94		-0.130668		
18.95		-0.130782		
18.96		-0.130896		
18.97		-0.131011		
18.98		-0.131125		
18.99		-0.13124		
19		-0.131355		
19.01		-0.131471		
19.02		-0.131586		
19.03		-0.131702		
19.04		-0.131818		
19.05		-0.131935		
19.06		-0.132051		
19.07		-0.132168		
19.08		-0.132285		
19.09		-0.132403		
19.1		-0.132521		
19.11		-0.132638		
19.12		-0.132757		
19.13		-0.132875		
19.14		-0.132994		
19.15		-0.133112		
19.16		-0.133232		
19.17		-0.133351		
19.18		-0.133471		
19.19		-0.133591		
19.2		-0.133711		
19.21		-0.133835		
19.22		-0.133962		
19.23		-0.134088		
19.24		-0.134213		
19.25		-0.134337		
19.26		-0.134459		
19.27		-0.134581		
19.28		-0.134701		
19.29		-0.13482		
19.3		-0.134938		
19.31		-0.135054		
19.32		-0.13517		
19.33		-0.135284		
19.34		-0.135397		
19.35		-0.135509		
19.36		-0.13562		
19.37		-0.13573		
19.38		-0.135838		
19.39		-0.135946		
19.4		-0.136052		
19.41		-0.136157		
19.42		-0.136261		
19.43		-0.136365		
19.44		-0.136466		
19.45		-0.136567		
19.46		-0.136667		
19.47		-0.136766		
19.48		-0.136863		
19.49		-0.13696		
19.5		-0.137055		
19.51		-0.13715		
19.52		-0.137243		
19.53		-0.137335		
19.54		-0.137427		
19.55		-0.137517		
19.56		-0.137606		
19.57		-0.137695		
19.58		-0.137782		
19.59		-0.137868		
19.6		-0.137953		
19.61		-0.138037		
19.62		-0.138121		
19.63		-0.138203		
19.64		-0.138284		
19.65		-0.138364		
19.66		-0.138444		
19.67		-0.138522		
19.68		-0.138599		
19.69		-0.138676		
19.7		-0.138751		
19.71		-0.138826		
19.72		-0.138899		
19.73		-0.138972		
19.74		-0.139043		
19.75		-0.139114		
19.76		-0.139184		
19.77		-0.139253		
19.78		-0.139321		
19.79		-0.139388		
19.8		-0.139454		
19.81		-0.13952		
19.82		-0.139584		
19.83		-0.139648		
19.84		-0.13971		
19.85		-0.139772		
19.86		-0.139833		
19.87		-0.139893		
19.88		-0.139952		
19.89		-0.14001		
19.9		-0.140068		
19.91		-0.140124		
19.92		-0.14018		
19.93		-0.140235		
19.94		-0.140289		
19.95		-0.140342		
19.96		-0.140395		
19.97		-0.140446		
19.98		-0.140497		
19.99		-0.140547		
20		-0.140596		
20.01		-0.140644		
20.02		-0.140692		
20.03		-0.140739		
20.04		-0.140785		
20.05		-0.14083		
20.06		-0.140874		
20.07		-0.140918		
20.08		-0.14096		
20.09		-0.141002		
20.1		-0.141044		
20.11		-0.141084		
20.12		-0.141124		
20.13		-0.141163		
20.14		-0.141201		
20.15		-0.141239		
20.16		-0.141275		
20.17		-0.141311		
20.18		-0.141346		
20.19		-0.141381		
20.2		-0.141415		
20.21		-0.141448		
20.22		-0.14148		
20.23		-0.141512		
20.24		-0.141543		
20.25		-0.141573		
20.26		-0.141602		
20.27		-0.141631		
20.28		-0.141659		
20.29		-0.141686		
20.3		-0.141713		
20.31		-0.141739		
20.32		-0.141764		
20.33		-0.141789		
20.34		-0.141813		
20.35		-0.141836		
20.36		-0.141859		
20.37		-0.141881		
20.38		-0.141902		
20.39		-0.141923		
20.4		-0.141943		
20.41		-0.141962		
20.42		-0.141981		
20.43		-0.141999		
20.44		-0.142016		
20.45		-0.142033		
20.46		-0.142049		
20.47		-0.142064		
20.48		-0.142079		
20.49		-0.142093		
20.5		-0.142107		
20.51		-0.14212		
20.52		-0.142132		
20.53		-0.142144		
20.54		-0.142155		
20.55		-0.142166		
20.56		-0.142176		
20.57		-0.142185		
20.58		-0.142194		
20.59		-0.142202		
20.6		-0.142209		
20.61		-0.142216		
20.62		-0.142223		
20.63		-0.142229		
20.64		-0.142234		
20.65		-0.142238		
20.66		-0.142242		
20.67		-0.142246		
20.68		-0.142249		
20.69		-0.142251		
20.7		-0.142253		
20.71		-0.142254		
20.72		-0.142255		
20.73		-0.142255		
20.74		-0.142255		
20.75		-0.142254		
20.76		-0.142252		
20.77		-0.14225		
20.78		-0.142248		
20.79		-0.142245		
20.8		-0.142241		
20.81		-0.142237		
20.82		-0.142232		
20.83		-0.142227		
20.84		-0.142221		
20.85		-0.142215		
20.86		-0.142208		
20.87		-0.142201		
20.88		-0.142193		
20.89		-0.142185		
20.9		-0.142176		
20.91		-0.142167		
20.92		-0.142157		
20.93		-0.142147		
20.94		-0.142136		
20.95		-0.142125		
20.96		-0.142113		
20.97		-0.142101		
20.98		-0.142088		
20.99		-0.142075		
21		-0.142062		
21.01		-0.142047		
21.02		-0.142033		
21.03		-0.142018		
21.04		-0.142002		
21.05		-0.141986		
21.06		-0.14197		
21.07		-0.141953		
21.08		-0.141935		
21.09		-0.141918		
21.1		-0.141899		
21.11		-0.141881		
21.12		-0.141861		
21.13		-0.141842		
21.14		-0.141822		
21.15		-0.141801		
21.16		-0.14178		
21.17		-0.141759		
21.18		-0.141737		
21.19		-0.141715		
21.2		-0.141692		
21.21		-0.141669		
21.22		-0.141646		
21.23		-0.141622		
21.24		-0.141598		
21.25		-0.141573		
21.26		-0.141548		
21.27		-0.141522		
21.28		-0.141496		
21.29		-0.14147		
21.3		-0.141443		
21.31		-0.141416		
21.32		-0.141388		
21.33		-0.14136		
21.34		-0.141332		
21.35		-0.141303		
21.36		-0.141274		
21.37		-0.141244		
21.38		-0.141214		
21.39		-0.141184		
21.4		-0.141153		
21.41		-0.141122		
21.42		-0.141091		
21.43		-0.141059		
21.44		-0.141027		
21.45		-0.140994		
21.46		-0.140961		
21.47		-0.140928		
21.48		-0.140894		
21.49		-0.14086		
21.5		-0.140825		
21.51		-0.140791		
21.52		-0.140756		
21.53		-0.14072		
21.54		-0.140684		
21.55		-0.140648		
21.56		-0.140611		
21.57		-0.140575		
21.58		-0.140537		
21.59		-0.1405		
21.6		-0.140462		
21.61		-0.140423		
21.62		-0.140385		
21.63		-0.140346		
21.64		-0.140307		
21.65		-0.140267		
21.66		-0.140227		
21.67		-0.140187		
21.68		-0.140146		
21.69		-0.140105		
21.7		-0.140064		
21.71		-0.140022		
21.72		-0.139981		
21.73		-0.139938		
21.74		-0.139896		
21.75		-0.139853		
21.76		-0.13981		
21.77		-0.139766		
21.78		-0.139723		
21.79		-0.139678		
21.8		-0.139634		
21.81		-0.139589		
21.82		-0.139544		
21.83		-0.139499		
21.84		-0.139454		
21.85		-0.139408		
21.86		-0.139361		
21.87		-0.139315		
21.88		-0.139268		
21.89		-0.139221		
21.9		-0.139174		
21.91		-0.139126		
21.92		-0.139078		
21.93		-0.13903		
21.94		-0.138982		
21.95		-0.138933		
21.96		-0.138884		
21.97		-0.138834		
21.98		-0.138785		
21.99		-0.138735		
22		-0.138685		
22.01		-0.138635		
22.02		-0.138584		
22.03		-0.138533		
22.04		-0.138482		
22.05		-0.13843		
22.06		-0.138379		
22.07		-0.138327		
22.08		-0.138274		
22.09		-0.138222		
22.1		-0.138169		
22.11		-0.138116		
22.12		-0.138063		
22.13		-0.138009		
22.14		-0.137955		
22.15		-0.137901		
22.16		-0.137847		
22.17		-0.137793		
22.18		-0.137738		
22.19		-0.137683		
22.2		-0.137628		
22.21		-0.137572		
22.22		-0.137516		
22.23		-0.13746		
22.24		-0.137404		
22.25		-0.137348		
22.26		-0.137291		
22.27		-0.137234		
22.28		-0.137177		
22.29		-0.13712		
22.3		-0.137062		
22.31		-0.137004		
22.32		-0.136946		
22.33		-0.136888		
22.34		-0.13683		
22.35		-0.136771		
22.36		-0.136712		
22.37		-0.136653		
22.38		-0.136594		
22.39		-0.136534		
22.4		-0.136474		
22.41		-0.136414		
22.42		-0.136354		
22.43		-0.136294		
22.44		-0.136233		
22.45		-0.136172		
22.46		-0.136111		
22.47		-0.13605		
22.48		-0.135989		
22.49		-0.135927		
22.5		-0.135865		
22.51		-0.135803		
22.52		-0.135741		
22.53		-0.135679		
22.54		-0.135616		
22.55		-0.135553		
22.56		-0.13549		
22.57		-0.135427		
22.58		-0.135364		
22.59		-0.1353		
22.6		-0.135236		
22.61		-0.135172		
22.62		-0.135108		
22.63		-0.135044		
22.64		-0.134979		
22.65		-0.134915		
22.66		-0.13485		
22.67		-0.134785		
22.68		-0.134719		
22.69		-0.134654		
22.7		-0.134588		
22.71		-0.134523		
22.72		-0.134457		
22.73		-0.134391		
22.74		-0.134324		
22.75		-0.134258		
22.76		-0.134191		
22.77		-0.134125		
22.78		-0.134058		
22.79		-0.133991		
22.8		-0.133923		
22.81		-0.133856		
22.82		-0.133788		
22.83		-0.13372		
22.84		-0.133653		
22.85		-0.133584		
22.86		-0.133516		
22.87		-0.133448		
22.88		-0.133379		
22.89		-0.133311		
22.9		-0.133242		
22.91		-0.133173		
22.92		-0.133104		
22.93		-0.133034		
22.94		-0.132965		
22.95		-0.132895		
22.96		-0.132825		
22.97		-0.132755		
22.98		-0.132685		
22.99		-0.132615		
23		-0.132545		
23.01		-0.132474		
23.02		-0.132404		
23.03		-0.132333		
23.04		-0.132262		
23.05		-0.132191		
23.06		-0.13212		
23.07		-0.132049		
23.08		-0.131977		
23.09		-0.131906		
23.1		-0.131834		
23.11		-0.131762		
23.12		-0.13169		
23.13		-0.131618		
23.14		-0.131546		
23.15		-0.131473		
23.16		-0.131401		
23.17		-0.131328		
23.18		-0.131255		
23.19		-0.131182		
23.2		-0.131109		
23.21		-0.131036		
23.22		-0.130963		
23.23		-0.13089		
23.24		-0.130816		
23.25		-0.130743		
23.26		-0.130669		
23.27		-0.130595		
23.28		-0.130521		
23.29		-0.130447		
23.3		-0.130373		
23.31		-0.130298		
23.32		-0.130224		
23.33		-0.130149		
23.34		-0.130075		
23.35		-0.13		
23.36		-0.129925		
23.37		-0.12985		
23.38		-0.129775		
23.39		-0.1297		
23.4		-0.129625		
23.41		-0.129549		
23.42		-0.129474		
23.43		-0.129398		
23.44		-0.129322		
23.45		-0.129246		
23.46		-0.12917		
23.47		-0.129094		
23.48		-0.129018		
23.49		-0.128942		
23.5		-0.128866		
23.51		-0.128789		
23.52		-0.128713		
23.53		-0.128636		
23.54		-0.12856		
23.55		-0.128483		
23.56		-0.128406		
23.57		-0.128329		
23.58		-0.128252		
23.59		-0.128175		
23.6		-0.128097		
23.61		-0.12802		
23.62		-0.127942		
23.63		-0.127865		
23.64		-0.127787		
23.65		-0.12771		
23.66		-0.127632		
23.67		-0.127554		
23.68		-0.127476		
23.69		-0.127398		
23.7		-0.12732		
23.71		-0.127242		
23.72		-0.127163		
23.73		-0.127085		
23.74		-0.127006		
23.75		-0.126928		
23.76		-0.126849		
23.77		-0.126771		
23.78		-0.126692		
23.79		-0.126613		
23.8		-0.126534		
23.81		-0.126455		
23.82		-0.126376		
23.83		-0.126297		
23.84		-0.126218		
23.85		-0.126138		
23.86		-0.126059		
23.87		-0.12598		
23.88		-0.1259		
23.89		-0.12582		
23.9		-0.125741		
23.91		-0.125661		
23.92		-0.125581		
23.93		-0.125501		
23.94		-0.125422		
23.95		-0.125342		
23.96		-0.125261		
23.97		-0.125181		
23.98		-0.125101		
23.99		-0.125021		
24		-0.124941		
24.01		-0.12486		
24.02		-0.12478		
24.03		-0.124699		
24.04		-0.124619		
24.05		-0.124538		
24.06		-0.124458		
24.07		-0.124377		
24.08		-0.124296		
24.09		-0.124215		
24.1		-0.124134		
24.11		-0.124053		
24.12		-0.123972		
24.13		-0.123891		
24.14		-0.12381		
24.15		-0.123729		
24.16		-0.123648		
24.17		-0.123567		
24.18		-0.123485		
24.19		-0.123404		
24.2		-0.123322		
24.21		-0.123241		
24.22		-0.123159		
24.23		-0.123078		
24.24		-0.122996		
24.25		-0.122915		
24.26		-0.122833		
24.27		-0.122751		
24.28		-0.122669		
24.29		-0.122587		
24.3		-0.122506		
24.31		-0.122424		
24.32		-0.122342		
24.33		-0.12226		
24.34		-0.122178		
24.35		-0.122095		
24.36		-0.122013		
24.37		-0.121931		
24.38		-0.121849		
24.39		-0.121767		
24.4		-0.121684		
24.41		-0.121602		
24.42		-0.12152		
24.43		-0.121437		
24.44		-0.121355		
24.45		-0.121272		
24.46		-0.12119		
24.47		-0.121107		
24.48		-0.121024		
24.49		-0.120942		
24.5		-0.120859		
24.51		-0.120776		
24.52		-0.120694		
24.53		-0.120611		
24.54		-0.120528		
24.55		-0.120445		
24.56		-0.120362		
24.57		-0.120279		
24.58		-0.120196		
24.59		-0.120114		
24.6		-0.120031		
24.61		-0.119948		
24.62		-0.119864		
24.63		-0.119781		
24.64		-0.119698		
24.65		-0.119615		
24.66		-0.119532		
24.67		-0.119449		
24.68		-0.119366		
24.69		-0.119282		
24.7		-0.119199		
24.71		-0.119116		
24.72		-0.119032		
24.73		-0.118949		
24.74		-0.118866		
24.75		-0.118782		
24.76		-0.118699		
24.77		-0.118616		
24.78		-0.118532		
24.79		-0.118449		
24.8		-0.118365		
24.81		-0.118282		
24.82		-0.118198		
24.83		-0.118115		
24.84		-0.118031		
24.85		-0.117948		
24.86		-0.117864		
24.87		-0.11778		
24.88		-0.117697		
24.89		-0.117613		
24.9		-0.117529		
24.91		-0.117446		
24.92		-0.117362		
24.93		-0.117278		
24.94		-0.117195		
24.95		-0.117111		
24.96		-0.117027		
24.97		-0.116943		
24.98		-0.11686		
24.99		-0.116776		
25		-0.116692		
25.01		-0.116608		
25.02		-0.116524		
25.03		-0.116441		
25.04		-0.116357		
25.05		-0.116273		
25.06		-0.116189		
25.07		-0.116105		
25.08		-0.116021		
25.09		-0.115937		
25.1		-0.115853		
25.11		-0.11577		
25.12		-0.115686		
25.13		-0.115602		
25.14		-0.115518		
25.15		-0.115434		
25.16		-0.11535		
25.17		-0.115266		
25.18		-0.115182		
25.19		-0.115098		
25.2		-0.115014		
25.21		-0.11493		
25.22		-0.114846		
25.23		-0.114762		
25.24		-0.114678		
25.25		-0.114594		
25.26		-0.11451		
25.27		-0.114426		
25.28		-0.114342		
25.29		-0.114258		
25.3		-0.114174		
25.31		-0.11409		
25.32		-0.114006		
25.33		-0.113913		
25.34		-0.113809		
25.35		-0.113696		
25.36		-0.113573		
25.37		-0.11344		
25.38		-0.113299		
25.39		-0.113148		
25.4		-0.112988		
25.41		-0.11282		
25.42		-0.112642		
25.43		-0.112456		
25.44		-0.112261		
25.45		-0.112057		
25.46		-0.111846		
25.47		-0.111626		
25.48		-0.111398		
25.49		-0.111162		
25.5		-0.110918		
25.51		-0.110667		
25.52		-0.110408		
25.53		-0.110142		
25.54		-0.109869		
25.55		-0.109589		
25.56		-0.109301		
25.57		-0.109007		
25.58		-0.108707		
25.59		-0.1084		
25.6		-0.108086		
25.61		-0.107767		
25.62		-0.107441		
25.63		-0.10711		
25.64		-0.106773		
25.65		-0.106431		
25.66		-0.106083		
25.67		-0.10573		
25.68		-0.105372		
25.69		-0.105009		
25.7		-0.104641		
25.71		-0.104269		
25.72		-0.103892		
25.73		-0.103511		
25.74		-0.103126		
25.75		-0.102737		
25.76		-0.102344		
25.77		-0.101947		
25.78		-0.101547		
25.79		-0.101143		
25.8		-0.100736		
25.81		-0.100326		
25.82		-0.0999126		
25.83		-0.0994967		
25.84		-0.099078		
25.85		-0.0986567		
25.86		-0.0982329		
25.87		-0.0978069		
25.88		-0.0973786		
25.89		-0.0969482		
25.9		-0.0965159		
25.91		-0.0960818		
25.92		-0.095646		
25.93		-0.0952086		
25.94		-0.0947697		
25.95		-0.0943294		
25.96		-0.0938879		
25.97		-0.0934453		
25.98		-0.0930017		
25.99		-0.0925571		
26		-0.0921117		
26.01		-0.0916656		
26.02		-0.0912189		
26.03		-0.0907716		
26.04		-0.090324		
26.05		-0.089876		
26.06		-0.0894278		
26.07		-0.0889794		
26.08		-0.088531		
26.09		-0.0880826		
26.1		-0.0876343		
26.11		-0.0871862		
26.12		-0.0867384		
26.13		-0.0862909		
26.14		-0.0858438		
26.15		-0.0853973		
26.16		-0.0849513		
26.17		-0.0845059		
26.18		-0.0840613		
26.19		-0.0836174		
26.2		-0.0831743		
26.21		-0.0827322		
26.22		-0.082291		
26.23		-0.0818509		
26.24		-0.0814118		
26.25		-0.0809738		
26.26		-0.080537		
26.27		-0.0801015		
26.28		-0.0796672		
26.29		-0.0792343		
26.3		-0.0788028		
26.31		-0.0783727		
26.32		-0.077944		
26.33		-0.0775169		
26.34		-0.0770913		
26.35		-0.0766673		
26.36		-0.076245		
26.37		-0.0758243		
26.38		-0.0754053		
26.39		-0.0749881		
26.4		-0.0745726		
26.41		-0.074159		
26.42		-0.0737471		
26.43		-0.0733371		
26.44		-0.0729291		
26.45		-0.0725229		
26.46		-0.0721187		
26.47		-0.0717164		
26.48		-0.0713161		
26.49		-0.0709178		
26.5		-0.0705216		
26.51		-0.0701274		
26.52		-0.0697353		
26.53		-0.0693452		
26.54		-0.0689573		
26.55		-0.0685714		
26.56		-0.0681877		
26.57		-0.0678062		
26.58		-0.0674268		
26.59		-0.0670496		
26.6		-0.0666745		
26.61		-0.0663017		
26.62		-0.065931		
26.63		-0.0655626		
26.64		-0.0651964		
26.65		-0.0648324		
26.66		-0.0644706		
26.67		-0.0641111		
26.68		-0.0637538		
26.69		-0.0633988		
26.7		-0.063046		
26.71		-0.0626955		
26.72		-0.0623472		
26.73		-0.0620012		
26.74		-0.0616574		
26.75		-0.0613159		
26.76		-0.0609767		
26.77		-0.0606397		
26.78		-0.060305		
26.79		-0.0599726		
26.8		-0.0596424		
26.81		-0.0593144		
26.82		-0.0589888		
26.83		-0.0586653		
26.84		-0.0583441		
26.85		-0.0580252		
26.86		-0.0577084		
26.87		-0.057394		
26.88		-0.0570817		
26.89		-0.0567716		
26.9		-0.0564638		
26.91		-0.0561582		
26.92		-0.0558548		
26.93		-0.0555536		
26.94		-0.0552545		
26.95		-0.0549577		
26.96		-0.054663		
26.97		-0.0543704		
26.98		-0.0540801		
26.99		-0.0537919		
27		-0.0535058		
27.01		-0.0532218		
27.02		-0.05294		
27.03		-0.0526602		
27.04		-0.0523826		
27.05		-0.0521071		
27.06		-0.0518336		
27.07		-0.0515622		
27.08		-0.0512929		
27.09		-0.0510256		
27.1		-0.0507603		
27.11		-0.0504971		
27.12		-0.0502359		
27.13		-0.0499766		
27.14		-0.0497194		
27.15		-0.0494642		
27.16		-0.0492109		
27.17		-0.0489596		
27.18		-0.0487102		
27.19		-0.0484627		
27.2		-0.0482172		
27.21		-0.0479736		
27.22		-0.0477319		
27.23		-0.047492		
27.24		-0.047254		
27.25		-0.0470179		
27.26		-0.0467836		
27.27		-0.0465512		
27.28		-0.0463206		
27.29		-0.0460918		
27.3		-0.0458647		
27.31		-0.0456395		
27.32		-0.045416		
27.33		-0.0451943		
27.34		-0.0449743		
27.35		-0.0447561		
27.36		-0.0445395		
27.37		-0.0443247		
27.38		-0.0441116		
27.39		-0.0439001		
27.4		-0.0436903		
27.41		-0.0434822		
27.42		-0.0432757		
27.43		-0.0430708		
27.44		-0.0428675		
27.45		-0.0426658		
27.46		-0.0424657		
27.47		-0.0422672		
27.48		-0.0420703		
27.49		-0.0418749		
27.5		-0.041681		
27.51		-0.0414887		
27.52		-0.0412978		
27.53		-0.0411085		
27.54		-0.0409206		
27.55		-0.0407342		
27.56		-0.0405493		
27.57		-0.0403658		
27.58		-0.0401838		
27.59		-0.0400032		
27.6		-0.0398239		
27.61		-0.0396461		
27.62		-0.0394697		
27.63		-0.0392946		
27.64		-0.0391209		
27.65		-0.0389485		
27.66		-0.0387775		
27.67		-0.0386078		
27.68		-0.0384394		
27.69		-0.0382723		
27.7		-0.0381065		
27.71		-0.037942		
27.72		-0.0377787		
27.73		-0.0376167		
27.74		-0.037456		
27.75		-0.0372964		
27.76		-0.0371381		
27.77		-0.036981		
27.78		-0.0368251		
27.79		-0.0366703		
27.8		-0.0365168		
27.81		-0.0363644		
27.82		-0.0362131		
27.83		-0.036063		
27.84		-0.035914		
27.85		-0.0357662		
27.86		-0.0356194		
27.87		-0.0354738		
27.88		-0.0353292		
27.89		-0.0351857		
27.9		-0.0350433		
27.91		-0.0349019		
27.92		-0.0347616		
27.93		-0.0346223		
27.94		-0.034484		
27.95		-0.0343467		
27.96		-0.0342105		
27.97		-0.0340753		
27.98		-0.033941		
27.99		-0.0338077		
28		-0.0336754		
28.01		-0.033544		
28.02		-0.0334136		
28.03		-0.0332841		
28.04		-0.0331556		
28.05		-0.0330279		
28.06		-0.0329012		
28.07		-0.0327754		
28.08		-0.0326505		
28.09		-0.0325265		
28.1		-0.0324033		
28.11		-0.032281		
28.12		-0.0321596		
28.13		-0.032039		
28.14		-0.0319192		
28.15		-0.0318003		
28.16		-0.0316822		
28.17		-0.031565		
28.18		-0.0314485		
28.19		-0.0313328		
28.2		-0.031218		
28.21		-0.0311039		
28.22		-0.0309906		
28.23		-0.0308781		
28.24		-0.0307663		
28.25		-0.0306553		
28.26		-0.030545		
28.27		-0.0304355		
28.28		-0.0303267		
28.29		-0.0302186		
28.3		-0.0301112		
28.31		-0.0300046		
28.32		-0.0298986		
28.33		-0.0297934		
28.34		-0.0296888		
28.35		-0.029585		
28.36		-0.0294818		
28.37		-0.0293792		
28.38		-0.0292774		
28.39		-0.0291762		
28.4		-0.0290756		
28.41		-0.0289757		
28.42		-0.0288764		
28.43		-0.0287778		
28.44		-0.0286798		
28.45		-0.0285824		
28.46		-0.0284856		
28.47		-0.0283894		
28.48		-0.0282938		
28.49		-0.0281988		
28.5		-0.0281044		
28.51		-0.0280106		
28.52		-0.0279174		
28.53		-0.0278247		
28.54		-0.0277326		
28.55		-0.0276411		
28.56		-0.0275501		
28.57		-0.0274597		
28.58		-0.0273698		
28.59		-0.0272805		
28.6		-0.0271916		
28.61		-0.0271034		
28.62		-0.0270156		
28.63		-0.0269284		
28.64		-0.0268417		
28.65		-0.0267555		
28.66		-0.0266698		
28.67		-0.0265846		
28.68		-0.0264999		
28.69		-0.0264157		
28.7		-0.0263319		
28.71		-0.0262487		
28.72		-0.0261659		
28.73		-0.0260836		
28.74		-0.0260018		
28.75		-0.0259205		
28.76		-0.0258396		
28.77		-0.0257591		
28.78		-0.0256791		
28.79		-0.0255996		
28.8		-0.0255205		
28.81		-0.0254419		
28.82		-0.0253636		
28.83		-0.0252859		
28.84		-0.0252085		
28.85		-0.0251316		
28.86		-0.0250551		
28.87		-0.024979		
28.88		-0.0249033		
28.89		-0.024828		
28.9		-0.0247531		
28.91		-0.0246787		
28.92		-0.0246046		
28.93		-0.0245309		
28.94		-0.0244577		
28.95		-0.0243848		
28.96		-0.0243123		
28.97		-0.0242401		
28.98		-0.0241684		
28.99		-0.024097		
29		-0.024026		
29.01		-0.0239554		
29.02		-0.0238851		
29.03		-0.0238152		
29.04		-0.0237457		
29.05		-0.0236765		
29.06		-0.0236077		
29.07		-0.0235392		
29.08		-0.0234711		
29.09		-0.0234033		
29.1		-0.0233358		
29.11		-0.0232687		
29.12		-0.023202		
29.13		-0.0231355		
29.14		-0.0230694		
29.15		-0.0230037		
29.16		-0.0229382		
29.17		-0.0228731		
29.18		-0.0228083		
29.19		-0.0227438		
29.2		-0.0226796		
29.21		-0.0226158		
29.22		-0.0225522		
29.23		-0.022489		
29.24		-0.0224261		
29.25		-0.0223634		
29.26		-0.0223011		
29.27		-0.0222391		
29.28		-0.0221773		
29.29		-0.0221159		
29.3		-0.0220548		
29.31		-0.0219939		
29.32		-0.0219333		
29.33		-0.0218731		
29.34		-0.0218131		
29.35		-0.0217533		
29.36		-0.0216939		
29.37		-0.0216347		
29.38		-0.0215758		
29.39		-0.0215172		
29.4		-0.0214589		
29.41		-0.0214008		
29.42		-0.021343		
29.43		-0.0212855		
29.44		-0.0212282		
29.45		-0.0211712		
29.46		-0.0211144		
29.47		-0.0210579		
29.48		-0.0210017		
29.49		-0.0209457		
29.5		-0.0208899		
29.51		-0.0208344		
29.52		-0.0207792		
29.53		-0.0207242		
29.54		-0.0206695		
29.55		-0.020615		
29.56		-0.0205607		
29.57		-0.0205067		
29.58		-0.0204529		
29.59		-0.0203994		
29.6		-0.020346		
29.61		-0.020293		
29.62		-0.0202401		
29.63		-0.0201875		
29.64		-0.0201351		
29.65		-0.020083		
29.66		-0.020031		
29.67		-0.0199793		
29.68		-0.0199278		
29.69		-0.0198766		
29.7		-0.0198255		
29.71		-0.0197747		
29.72		-0.0197241		
29.73		-0.0196737		
29.74		-0.0196235		
29.75		-0.0195736		
29.76		-0.0195238		
29.77		-0.0194743		
29.78		-0.019425		
29.79		-0.0193758		
29.8		-0.0193269		
29.81		-0.0192782		
29.82		-0.0192297		
29.83		-0.0191814		
29.84		-0.0191333		
29.85		-0.0190854		
29.86		-0.0190377		
29.87		-0.0189902		
29.88		-0.0189429		
29.89		-0.0188958		
29.9		-0.0188489		
29.91		-0.0188021		
29.92		-0.0187556		
29.93		-0.0187093		
29.94		-0.0186631		
29.95		-0.0186172		
29.96		-0.0185714		
29.97		-0.0185258		
29.98		-0.0184804		
29.99		-0.0184352		
30		-0.0183901		
30.01		-0.0183453		
30.02		-0.0183006		
30.03		-0.0182561		
30.04		-0.0182118		
30.05		-0.0181676		
30.06		-0.0181237		
30.07		-0.0180799		
30.08		-0.0180363		
30.09		-0.0179929		
30.1		-0.0179496		
30.11		-0.0179065		
30.12		-0.0178636		
30.13		-0.0178208		
30.14		-0.0177782		
30.15		-0.0177358		
30.16		-0.0176936		
30.17		-0.0176515		
30.18		-0.0176096		
30.19		-0.0175678		
30.2		-0.0175262		
30.21		-0.0174848		
30.22		-0.0174436		
30.23		-0.0174024		
30.24		-0.0173615		
30.25		-0.0173207		
30.26		-0.0172801		
30.27		-0.0172396		
30.28		-0.0171993		
30.29		-0.0171592		
30.3		-0.0171192		
30.31		-0.0170793		
30.32		-0.0170396		
30.33		-0.0170001		
30.34		-0.0169607		
30.35		-0.0169214		
30.36		-0.0168823		
30.37		-0.0168434		
30.38		-0.0168046		
30.39		-0.016766		
30.4		-0.0167275		
30.41		-0.0166891		
30.42		-0.0166509		
30.43		-0.0166128		
30.44		-0.0165749		
30.45		-0.0165371		
30.46		-0.0164995		
30.47		-0.016462		
30.48		-0.0164247		
30.49		-0.0163874		
30.5		-0.0163504		
30.51		-0.0163134		
30.52		-0.0162766		
30.53		-0.01624		
30.54		-0.0162035		
30.55		-0.0161671		
30.56		-0.0161308		
30.57		-0.0160947		
30.58		-0.0160587		
30.59		-0.0160229		
30.6		-0.0159872		
30.61		-0.0159516		
30.62		-0.0159161		
30.63		-0.0158808		
30.64		-0.0158456		
30.65		-0.0158105		
30.66		-0.0157756		
30.67		-0.0157408		
30.68		-0.0157061		
30.69		-0.0156716		
30.7		-0.0156371		
30.71		-0.0156028		
30.72		-0.0155687		
30.73		-0.0155346		
30.74		-0.0155007		
30.75		-0.0154669		
30.76		-0.0154332		
30.77		-0.0153996		
30.78		-0.0153662		
30.79		-0.0153329		
30.8		-0.0152997		
30.81		-0.0152666		
30.82		-0.0152336		
30.83		-0.0152008		
30.84		-0.0151681		
30.85		-0.0151355		
30.86		-0.015103		
30.87		-0.0150706		
30.88		-0.0150383		
30.89		-0.0150062		
30.9		-0.0149742		
30.91		-0.0149422		
30.92		-0.0149104		
30.93		-0.0148788		
30.94		-0.0148472		
30.95		-0.0148157		
30.96		-0.0147844		
30.97		-0.0147531		
30.98		-0.014722		
30.99		-0.014691		
31		-0.01466		
31.01		-0.0146292		
31.02		-0.0145985		
31.03		-0.014568		
31.04		-0.0145375		
31.05		-0.0145071		
31.06		-0.0144768		
31.07		-0.0144467		
31.08		-0.0144166		
31.09		-0.0143867		
31.1		-0.0143568		
31.11		-0.0143271		
31.12		-0.0142974		
31.13		-0.0142679		
31.14		-0.0142384		
31.15		-0.0142091		
31.16		-0.0141799		
31.17		-0.0141507		
31.18		-0.0141217		
31.19		-0.0140928		
31.2		-0.014064		
31.21		-0.0140352		
31.22		-0.0140066		
31.23		-0.0139781		
31.24		-0.0139496		
31.25		-0.0139213		
31.26		-0.013893		
31.27		-0.0138649		
31.28		-0.0138368		
31.29		-0.0138089		
31.3		-0.013781		
31.31		-0.0137533		
31.32		-0.0137256		
31.33		-0.013698		
31.34		-0.0136705		
31.35		-0.0136431		
31.36		-0.0136158		
31.37		-0.0135886		
31.38		-0.0135615		
31.39		-0.0135345		
31.4		-0.0135076		
31.41		-0.0134807		
31.42		-0.013454		
31.43		-0.0134273		
31.44		-0.0134008		
31.45		-0.0133743		
31.46		-0.0133479		
31.47		-0.0133216		
31.48		-0.0132954		
31.49		-0.0132692		
31.5		-0.0132432		
31.51		-0.0132173		
31.52		-0.0131914		
31.53		-0.0131656		
31.54		-0.0131399		
31.55		-0.0131143		
31.56		-0.0130888		
31.57		-0.0130633		
31.58		-0.013038		
31.59		-0.0130127		
31.6		-0.0129875		
31.61		-0.0129624		
31.62		-0.0129374		
31.63		-0.0129124		
31.64		-0.0128876		
31.65		-0.0128628		
31.66		-0.0128381		
31.67		-0.0128135		
31.68		-0.012789		
31.69		-0.0127645		
31.7		-0.0127401		
31.71		-0.0127158		
31.72		-0.0126916		
31.73		-0.0126675		
31.74		-0.0126434		
31.75		-0.0126195		
31.76		-0.0125956		
31.77		-0.0125717		
31.78		-0.012548		
31.79		-0.0125243		
31.8		-0.0125007		
31.81		-0.0124772		
31.82		-0.0124538		
31.83		-0.0124304		
31.84		-0.0124071		
31.85		-0.0123839		
31.86		-0.0123608		
31.87		-0.0123377		
31.88		-0.0123147		
31.89		-0.0122918		
31.9		-0.0122689		
31.91		-0.0122462		
31.92		-0.0122235		
31.93		-0.0122008		
31.94		-0.0121783		
31.95		-0.0121558		
31.96		-0.0121334		
31.97		-0.0121111		
31.98		-0.0120888		
31.99		-0.0120666		
32		-0.0120445		
32.01		-0.0120224		
32.02		-0.0120004		
32.03		-0.0119785		
32.04		-0.0119567		
32.05		-0.0119349		
32.06		-0.0119132		
32.07		-0.0118915		
32.08		-0.01187		
32.09		-0.0118485		
32.1		-0.011827		
32.11		-0.0118056		
32.12		-0.0117843		
32.13		-0.0117631		
32.14		-0.0117419		
32.15		-0.0117208		
32.16		-0.0116998		
32.17		-0.0116788		
32.18		-0.0116579		
32.19		-0.0116371		
32.2		-0.0116163		
32.21		-0.0115956		
32.22		-0.0115749		
32.23		-0.0115544		
32.24		-0.0115338		
32.25		-0.0115134		
32.26		-0.011493		
32.27		-0.0114727		
32.28		-0.0114524		
32.29		-0.0114322		
32.3		-0.0114121		
32.31		-0.011392		
32.32		-0.011372		
32.33		-0.011352		
32.34		-0.0113321		
32.35		-0.0113123		
32.36		-0.0112925		
32.37		-0.0112728		
32.38		-0.0112531		
32.39		-0.0112335		
32.4		-0.011214		
32.41		-0.0111945		
32.42		-0.0111751		
32.43		-0.0111558		
32.44		-0.0111365		
32.45		-0.0111172		
32.46		-0.0110981		
32.47		-0.0110789		
32.48		-0.0110599		
32.49		-0.0110409		
32.5		-0.0110219		
32.51		-0.011003		
32.52		-0.0109842		
32.53		-0.0109654		
32.54		-0.0109467		
32.55		-0.010928		
32.56		-0.0109094		
32.57		-0.0108909		
32.58		-0.0108724		
32.59		-0.010854		
32.6		-0.0108356		
32.61		-0.0108172		
32.62		-0.010799		
32.63		-0.0107807		
32.64		-0.0107626		
32.65		-0.0107445		
32.66		-0.0107264		
32.67		-0.0107084		
32.68		-0.0106905		
32.69		-0.0106726		
32.7		-0.0106547		
32.71		-0.0106369		
32.72		-0.0106192		
32.73		-0.0106015		
32.74		-0.0105839		
32.75		-0.0105663		
32.76		-0.0105488		
32.77		-0.0105313		
32.78		-0.0105139		
32.79		-0.0104965		
32.8		-0.0104792		
32.81		-0.0104619		
32.82		-0.0104447		
32.83		-0.0104275		
32.84		-0.0104104		
32.85		-0.0103933		
32.86		-0.0103763		
32.87		-0.0103593		
32.88		-0.0103424		
32.89		-0.0103255		
32.9		-0.0103087		
32.91		-0.0102919		
32.92		-0.0102752		
32.93		-0.0102585		
32.94		-0.0102419		
32.95		-0.0102253		
32.96		-0.0102088		
32.97		-0.0101923		
32.98		-0.0101759		
32.99		-0.0101595		
33		-0.0101432		
33.01		-0.0101269		
33.02		-0.0101106		
33.03		-0.0100944		
33.04		-0.0100783		
33.05		-0.0100622		
33.06		-0.0100461		
33.07		-0.0100301		
33.08		-0.0100141		
33.09		-0.00999821		
33.1		-0.00998233		
33.11		-0.0099665		
33.12		-0.00995072		
33.13		-0.00993497		
33.14		-0.00991928		
33.15		-0.00990363		
33.16		-0.00988802		
33.17		-0.00987246		
33.18		-0.00985694		
33.19		-0.00984147		
33.2		-0.00982604		
33.21		-0.00981065		
33.22		-0.00979531		
33.23		-0.00978001		
33.24		-0.00976476		
33.25		-0.00974954		
33.26		-0.00973437		
33.27		-0.00971925		
33.28		-0.00970416		
33.29		-0.00968912		
33.3		-0.00967412		
33.31		-0.00965916		
33.32		-0.00964425		
33.33		-0.00962937		
33.34		-0.00961454		
33.35		-0.00959975		
33.36		-0.009585		
33.37		-0.00957029		
33.38		-0.00955563		
33.39		-0.009541		
33.4		-0.00952641		
33.41		-0.00951187		
33.42		-0.00949737		
33.43		-0.0094829		
33.44		-0.00946848		
33.45		-0.00945409		
33.46		-0.00943975		
33.47		-0.00942545		
33.48		-0.00941118		
33.49		-0.00939696		
33.5		-0.00938277		
33.51		-0.00936862		
33.52		-0.00935452		
33.53		-0.00934045		
33.54		-0.00932642		
33.55		-0.00931243		
33.56		-0.00929847		
33.57		-0.00928456		
33.58		-0.00927068		
33.59		-0.00925684		
33.6		-0.00924304		
33.61		-0.00922928		
33.62		-0.00921555		
33.63		-0.00920186		
33.64		-0.00918821		
33.65		-0.0091746		
33.66		-0.00916102		
33.67		-0.00914748		
33.68		-0.00913398		
33.69		-0.00912051		
33.7		-0.00910708		
33.71		-0.00909369		
33.72		-0.00908033		
33.73		-0.00906701		
33.74		-0.00905373		
33.75		-0.00904048		
33.76		-0.00902727		
33.77		-0.00901409		
33.78		-0.00900095		
33.79		-0.00898784		
33.8		-0.00897477		
33.81		-0.00896173		
33.82		-0.00894873		
33.83		-0.00893576		
33.84		-0.00892283		
33.85		-0.00890993		
33.86		-0.00889707		
33.87		-0.00888424		
33.88		-0.00887145		
33.89		-0.00885869		
33.9		-0.00884596		
33.91		-0.00883327		
33.92		-0.00882061		
33.93		-0.00880799		
33.94		-0.00879539		
33.95		-0.00878284		
33.96		-0.00877031		
33.97		-0.00875782		
33.98		-0.00874536		
33.99		-0.00873294		
34		-0.00872054		
34.01		-0.00870818		
34.02		-0.00869586		
34.03		-0.00868356		
34.04		-0.0086713		
34.05		-0.00865907		
34.06		-0.00864687		
34.07		-0.0086347		
34.08		-0.00862257		
34.09		-0.00861047		
34.1		-0.00859839		
34.11		-0.00858635		
34.12		-0.00857435		
34.13		-0.00856237		
34.14		-0.00855042		
34.15		-0.00853851		
34.16		-0.00852663		
34.17		-0.00851477		
34.18		-0.00850295		
34.19		-0.00849116		
34.2		-0.0084794		
34.21		-0.00846767		
34.22		-0.00845597		
34.23		-0.0084443		
34.24		-0.00843266		
34.25		-0.00842105		
34.26		-0.00840948		
34.27		-0.00839793		
34.28		-0.00838641		
34.29		-0.00837492		
34.3		-0.00836346		
34.31		-0.00835203		
34.32		-0.00834062		
34.33		-0.00832925		
34.34		-0.00831791		
34.35		-0.00830659		
34.36		-0.00829531		
34.37		-0.00828405		
34.38		-0.00827283		
34.39		-0.00826163		
34.4		-0.00825046		
34.41		-0.00823931		
34.42		-0.0082282		
34.43		-0.00821711		
34.44		-0.00820606		
34.45		-0.00819503		
34.46		-0.00818403		
34.47		-0.00817305		
34.48		-0.00816211		
34.49		-0.00815119		
34.5		-0.0081403		
34.51		-0.00812944		
34.52		-0.0081186		
34.53		-0.00810779		
34.54		-0.00809701		
34.55		-0.00808626		
34.56		-0.00807553		
34.57		-0.00806483		
34.58		-0.00805416		
34.59		-0.00804351		
34.6		-0.00803289		
34.61		-0.0080223		
34.62		-0.00801173		
34.63		-0.00800119		
34.64		-0.00799068		
34.65		-0.00798019		
34.66		-0.00796973		
34.67		-0.00795929		
34.68		-0.00794888		
34.69		-0.0079385		
34.7		-0.00792814		
34.71		-0.00791781		
34.72		-0.0079075		
34.73		-0.00789722		
34.74		-0.00788696		
34.75		-0.00787673		
34.76		-0.00786652		
34.77		-0.00785634		
34.78		-0.00784619		
34.79		-0.00783606		
34.8		-0.00782595		
34.81		-0.00781587		
34.82		-0.00780582		
34.83		-0.00779579		
34.84		-0.00778578		
34.85		-0.0077758		
34.86		-0.00776584		
34.87		-0.00775591		
34.88		-0.007746		
34.89		-0.00773611		
34.9		-0.00772625		
34.91		-0.00771642		
34.92		-0.0077066		
34.93		-0.00769681		
34.94		-0.00768705		
34.95		-0.00767731		
34.96		-0.00766759		
34.97		-0.0076579		
34.98		-0.00764823		
34.99		-0.00763858		
35		-0.00762895		
35.01		-0.00761935		
35.02		-0.00760978		
35.03		-0.00760022		
35.04		-0.00759069		
35.05		-0.00758118		
35.06		-0.0075717		
35.07		-0.00756223		
35.08		-0.00755279		
35.09		-0.00754337		
35.1		-0.00753398		
35.11		-0.00752461		
35.12		-0.00751526		
35.13		-0.00750593		
35.14		-0.00749662		
35.15		-0.00748734		
35.16		-0.00747808		
35.17		-0.00746884		
35.18		-0.00745962		
35.19		-0.00745043		
35.2		-0.00744125		
35.21		-0.0074321		
35.22		-0.00742297		
35.23		-0.00741386		
35.24		-0.00740478		
35.25		-0.00739571		
35.26		-0.00738667		
35.27		-0.00737764		
35.28		-0.00736864		
35.29		-0.00735966		
35.3		-0.0073507		
35.31		-0.00734176		
35.32		-0.00733285		
35.33		-0.00732395		
35.34		-0.00731508		
35.35		-0.00730622		
35.36		-0.00729739		
35.37		-0.00728857		
35.38		-0.00727978		
35.39		-0.00727101		
35.4		-0.00726226		
35.41		-0.00725353		
35.42		-0.00724482		
35.43		-0.00723613		
35.44		-0.00722746		
35.45		-0.00721881		
35.46		-0.00721018		
35.47		-0.00720157		
35.48		-0.00719298		
35.49		-0.0071844		
35.5		-0.00717585		
35.51		-0.00716732		
35.52		-0.00715881		
35.53		-0.00715032		
35.54		-0.00714185		
35.55		-0.0071334		
35.56		-0.00712496		
35.57		-0.00711655		
35.58		-0.00710816		
35.59		-0.00709978		
35.6		-0.00709143		
35.61		-0.00708309		
35.62		-0.00707477		
35.63		-0.00706647		
35.64		-0.00705819		
35.65		-0.00704993		
35.66		-0.00704169		
35.67		-0.00703347		
35.68		-0.00702526		
35.69		-0.00701708		
35.7		-0.00700891		
35.71		-0.00700076		
35.72		-0.00699263		
35.73		-0.00698452		
35.74		-0.00697643		
35.75		-0.00696835		
35.76		-0.0069603		
35.77		-0.00695226		
35.78		-0.00694424		
35.79		-0.00693624		
35.8		-0.00692825		
35.81		-0.00692028		
35.82		-0.00691234		
35.83		-0.00690441		
35.84		-0.00689649		
35.85		-0.0068886		
35.86		-0.00688072		
35.87		-0.00687286		
35.88		-0.00686502		
35.89		-0.00685719		
35.9		-0.00684939		
35.91		-0.0068416		
35.92		-0.00683383		
35.93		-0.00682607		
35.94		-0.00681833		
35.95		-0.00681061		
35.96		-0.00680291		
35.97		-0.00679522		
35.98		-0.00678755		
35.99		-0.0067799		
36		-0.00677226		
36.01		-0.00676465		
36.02		-0.00675704		
36.03		-0.00674946		
36.04		-0.00674189		
36.05		-0.00673434		
36.06		-0.00672681		
36.07		-0.00671929		
36.08		-0.00671179		
36.09		-0.0067043		
36.1		-0.00669683		
36.11		-0.00668938		
36.12		-0.00668194		
36.13		-0.00667452		
36.14		-0.00666712		
36.15		-0.00665973		
36.16		-0.00665236		
36.17		-0.006645		
36.18		-0.00663766		
36.19		-0.00663034		
36.2		-0.00662303		
36.21		-0.00661574		
36.22		-0.00660847		
36.23		-0.00660121		
36.24		-0.00659396		
36.25		-0.00658673		
36.26		-0.00657952		
36.27		-0.00657232		
36.28		-0.00656514		
36.29		-0.00655798		
36.3		-0.00655083		
36.31		-0.00654369		
36.32		-0.00653657		
36.33		-0.00652946		
36.34		-0.00652238		
36.35		-0.0065153		
36.36		-0.00650824		
36.37		-0.0065012		
36.38		-0.00649417		
36.39		-0.00648716		
36.4		-0.00648016		
36.41		-0.00647317		
36.42		-0.0064662		
36.43		-0.00645925		
36.44		-0.00645231		
36.45		-0.00644539		
36.46		-0.00643848		
36.47		-0.00643158		
36.48		-0.0064247		
36.49		-0.00641783		
36.5		-0.00641098		
36.51		-0.00640414		
36.52		-0.00639732		
36.53		-0.00639051		
36.54		-0.00638372		
36.55		-0.00637694		
36.56		-0.00637018		
36.57		-0.00636343		
36.58		-0.00635669		
36.59		-0.00634997		
36.6		-0.00634326		
36.61		-0.00633656		
36.62		-0.00632988		
36.63		-0.00632322		
36.64		-0.00631656		
36.65		-0.00630993		
36.66		-0.0063033		
36.67		-0.00629669		
36.68		-0.00629009		
36.69		-0.00628351		
36.7		-0.00627694		
36.71		-0.00627038		
36.72		-0.00626384		
36.73		-0.00625731		
36.74		-0.0062508		
36.75		-0.0062443		
36.76		-0.00623781		
36.77		-0.00623133		
36.78		-0.00622487		
36.79		-0.00621842		
36.8		-0.00621199		
36.81		-0.00620557		
36.82		-0.00619916		
36.83		-0.00619277		
36.84		-0.00618638		
36.85		-0.00618001		
36.86		-0.00617366		
36.87		-0.00616732		
36.88		-0.00616099		
36.89		-0.00615467		
36.9		-0.00614837		
36.91		-0.00614208		
36.92		-0.0061358		
36.93		-0.00612953		
36.94		-0.00612328		
36.95		-0.00611704		
36.96		-0.00611081		
36.97		-0.0061046		
36.98		-0.0060984		
36.99		-0.00609221		
37		-0.00608603		
37.01		-0.00607987		
37.02		-0.00607371		
37.03		-0.00606758		
37.04		-0.00606145		
37.05		-0.00605533		
37.06		-0.00604923		
37.07		-0.00604314		
37.08		-0.00603706		
37.09		-0.006031		
37.1		-0.00602495		
37.11		-0.00601891		
37.12		-0.00601288		
37.13		-0.00600686		
37.14		-0.00600086		
37.15		-0.00599486		
37.16		-0.00598888		
37.17		-0.00598291		
37.18		-0.00597696		
37.19		-0.00597101		
37.2		-0.00596508		
37.21		-0.00595916		
37.22		-0.00595325		
37.23		-0.00594735		
37.24		-0.00594146		
37.25		-0.00593559		
37.26		-0.00592973		
37.27		-0.00592388		
37.28		-0.00591804		
37.29		-0.00591221		
37.3		-0.00590639		
37.31		-0.00590059		
37.32		-0.00589479		
37.33		-0.00588901		
37.34		-0.00588324		
37.35		-0.00587748		
37.36		-0.00587173		
37.37		-0.005866		
37.38		-0.00586027		
37.39		-0.00585456		
37.4		-0.00584885		
37.41		-0.00584316		
37.42		-0.00583748		
37.43		-0.00583181		
37.44		-0.00582615		
37.45		-0.0058205		
37.46		-0.00581487		
37.47		-0.00580924		
37.48		-0.00580363		
37.49		-0.00579802		
37.5		-0.00579243		
37.51		-0.00578685		
37.52		-0.00578128		
37.53		-0.00577572		
37.54		-0.00577017		
37.55		-0.00576463		
37.56		-0.0057591		
37.57		-0.00575358		
37.58		-0.00574807		
37.59		-0.00574258		
37.6		-0.00573709		
37.61		-0.00573162		
37.62		-0.00572615		
37.63		-0.0057207		
37.64		-0.00571525		
37.65		-0.00570982		
37.66		-0.0057044		
37.67		-0.00569898		
37.68		-0.00569358		
37.69		-0.00568819		
37.7		-0.00568281		
37.71		-0.00567744		
37.72		-0.00567208		
37.73		-0.00566672		
37.74		-0.00566138		
37.75		-0.00565605		
37.76		-0.00565073		
37.77		-0.00564542		
37.78		-0.00564012		
37.79		-0.00563483		
37.8		-0.00562955		
37.81		-0.00562428		
37.82		-0.00561902		
37.83		-0.00561377		
37.84		-0.00560853		
37.85		-0.0056033		
37.86		-0.00559808		
37.87		-0.00559287		
37.88		-0.00558767		
37.89		-0.00558247		
37.9		-0.00557729		
37.91		-0.00557212		
37.92		-0.00556696		
37.93		-0.00556181		
37.94		-0.00555666		
37.95		-0.00555153		
37.96		-0.0055464		
37.97		-0.00554129		
37.98		-0.00553619		
37.99		-0.00553109		
38		-0.005526		
38.01		-0.00552093		
38.02		-0.00551586		
38.03		-0.0055108		
38.04		-0.00550576		
38.05		-0.00550072		
38.06		-0.00549569		
38.07		-0.00549067		
38.08		-0.00548566		
38.09		-0.00548065		
38.1		-0.00547566		
38.11		-0.00547068		
38.12		-0.0054657		
38.13		-0.00546074		
38.14		-0.00545578		
38.15		-0.00545084		
38.16		-0.0054459		
38.17		-0.00544097		
38.18		-0.00543605		
38.19		-0.00543114		
38.2		-0.00542624		
38.21		-0.00542134		
38.22		-0.00541646		
38.23		-0.00541159		
38.24		-0.00540672		
38.25		-0.00540186		
38.26		-0.00539701		
38.27		-0.00539217		
38.28		-0.00538734		
38.29		-0.00538252		
38.3		-0.00537771		
38.31		-0.0053729		
38.32		-0.00536811		
38.33		-0.00536332		
38.34		-0.00535854		
38.35		-0.00535377		
38.36		-0.00534901		
38.37		-0.00534426		
38.38		-0.00533951		
38.39		-0.00533478		
38.4		-0.00533005		
38.41		-0.00532533		
38.42		-0.00532062		
38.43		-0.00531592		
38.44		-0.00531123		
38.45		-0.00530654		
38.46		-0.00530187		
38.47		-0.0052972		
38.48		-0.00529254		
38.49		-0.00528789		
38.5		-0.00528324		
38.51		-0.00527861		
38.52		-0.00527398		
38.53		-0.00526936		
38.54		-0.00526475		
38.55		-0.00526015		
38.56		-0.00525556		
38.57		-0.00525097		
38.58		-0.00524639		
38.59		-0.00524182		
38.6		-0.00523726		
38.61		-0.00523271		
38.62		-0.00522816		
38.63		-0.00522362		
38.64		-0.00521909		
38.65		-0.00521457		
38.66		-0.00521006		
38.67		-0.00520555		
38.68		-0.00520105		
38.69		-0.00519656		
38.7		-0.00519208		
38.71		-0.00518761		
38.72		-0.00518314		
38.73		-0.00517868		
38.74		-0.00517423		
38.75		-0.00516979		
38.76		-0.00516535		
38.77		-0.00516093		
38.78		-0.00515651		
38.79		-0.00515209		
38.8		-0.00514769		
38.81		-0.00514329		
38.82		-0.0051389		
38.83		-0.00513452		
38.84		-0.00513015		
38.85		-0.00512578		
38.86		-0.00512142		
38.87		-0.00511707		
38.88		-0.00511272		
38.89		-0.00510839		
38.9		-0.00510406		
38.91		-0.00509974		
38.92		-0.00509542		
38.93		-0.00509112		
38.94		-0.00508682		
38.95		-0.00508252		
38.96		-0.00507824		
38.97		-0.00507396		
38.98		-0.00506969		
38.99		-0.00506543		
39		-0.00506117		
39.01		-0.00505693		
39.02		-0.00505268		
39.03		-0.00504845		
39.04		-0.00504422		
39.05		-0.00504		
39.06		-0.00503579		
39.07		-0.00503159		
39.08		-0.00502739		
39.09		-0.0050232		
39.1		-0.00501901		
39.11		-0.00501484		
39.12		-0.00501067		
39.13		-0.0050065		
39.14		-0.00500235		
39.15		-0.0049982		
39.16		-0.00499406		
39.17		-0.00498992		
39.18		-0.0049858		
39.19		-0.00498168		
39.2		-0.00497756		
39.21		-0.00497345		
39.22		-0.00496935		
39.23		-0.00496526		
39.24		-0.00496117		
39.25		-0.00495709		
39.26		-0.00495302		
39.27		-0.00494896		
39.28		-0.0049449		
39.29		-0.00494084		
39.3		-0.0049368		
39.31		-0.00493276		
39.32		-0.00492873		
39.33		-0.0049247		
39.34		-0.00492068		
39.35		-0.00491667		
39.36		-0.00491267		
39.37		-0.00490867		
39.38		-0.00490467		
39.39		-0.00490069		
39.4		-0.00489671		
39.41		-0.00489274		
39.42		-0.00488877		
39.43		-0.00488481		
39.44		-0.00488086		
39.45		-0.00487691		
39.46		-0.00487297		
39.47		-0.00486904		
39.48		-0.00486511		
39.49		-0.00486119		
39.5		-0.00485727		
39.51		-0.00485337		
39.52		-0.00484946		
39.53		-0.00484557		
39.54		-0.00484168		
39.55		-0.0048378		
39.56		-0.00483392		
39.57		-0.00483005		
39.58		-0.00482619		
39.59		-0.00482233		
39.6		-0.00481848		
39.61		-0.00481464		
39.62		-0.0048108		
39.63		-0.00480696		
39.64		-0.00480314		
39.65		-0.00479932		
39.66		-0.0047955		
39.67		-0.0047917		
39.68		-0.00478789		
39.69		-0.0047841		
39.7		-0.00478031		
39.71		-0.00477653		
39.72		-0.00477275		
39.73		-0.00476898		
39.74		-0.00476521		
39.75		-0.00476145		
39.76		-0.0047577		
39.77		-0.00475395		
39.78		-0.00475021		
39.79		-0.00474648		
39.8		-0.00474275		
39.81		-0.00473903		
39.82		-0.00473531		
39.83		-0.0047316		
39.84		-0.00472789		
39.85		-0.00472419		
39.86		-0.0047205		
39.87		-0.00471681		
39.88		-0.00471313		
39.89		-0.00470945		
39.9		-0.00470578		
39.91		-0.00470212		
39.92		-0.00469846		
39.93		-0.00469481		
39.94		-0.00469116		
39.95		-0.00468752		
39.96		-0.00468388		
39.97		-0.00468025		
39.98		-0.00467663		
39.99		-0.00467301		
40		-0.0046694		
40.01		-0.00466579		
40.02		-0.00466219		
40.03		-0.00465859		
40.04		-0.004655		
40.05		-0.00465142		
40.06		-0.00464784		
40.07		-0.00464426		
40.08		-0.00464069		
40.09		-0.00463713		
40.1		-0.00463358		
40.11		-0.00463002		
40.12		-0.00462648		
40.13		-0.00462294		
40.14		-0.0046194		
40.15		-0.00461587		
40.16		-0.00461235		
40.17		-0.00460883		
40.18		-0.00460532		
40.19		-0.00460181		
40.2		-0.00459831		
40.21		-0.00459481		
40.22		-0.00459132		
40.23		-0.00458783		
40.24		-0.00458435		
40.25		-0.00458088		
40.26		-0.00457741		
40.27		-0.00457394		
40.28		-0.00457048		
40.29		-0.00456703		
40.3		-0.00456358		
40.31		-0.00456014		
40.32		-0.0045567		
40.33		-0.00455327		
40.34		-0.00454984		
40.35		-0.00454642		
40.36		-0.004543		
40.37		-0.00453959		
40.38		-0.00453618		
40.39		-0.00453278		
40.4		-0.00452938		
40.41		-0.00452599		
40.42		-0.0045226		
40.43		-0.00451922		
40.44		-0.00451585		
40.45		-0.00451248		
40.46		-0.00450911		
40.47		-0.00450575		
40.48		-0.00450239		
40.49		-0.00449904		
40.5		-0.0044957		
40.51		-0.00449236		
40.52		-0.00448902		
40.53		-0.00448569		
40.54		-0.00448236		
40.55		-0.00447904		
40.56		-0.00447573		
40.57		-0.00447242		
40.58		-0.00446911		
40.59		-0.00446581		
40.6		-0.00446251		
40.61		-0.00445922		
40.62		-0.00445594		
40.63		-0.00445266		
40.64		-0.00444938		
40.65		-0.00444611		
40.66		-0.00444284		
40.67		-0.00443958		
40.68		-0.00443632		
40.69		-0.00443307		
40.7		-0.00442983		
40.71		-0.00442658		
40.72		-0.00442335		
40.73		-0.00442011		
40.74		-0.00441688		
40.75		-0.00441366		
40.76		-0.00441044		
40.77		-0.00440723		
40.78		-0.00440402		
40.79		-0.00440082		
40.8		-0.00439762		
40.81		-0.00439442		
40.82		-0.00439123		
40.83		-0.00438805		
40.84		-0.00438486		
40.85		-0.00438169		
40.86		-0.00437852		
40.87		-0.00437535		
40.88		-0.00437219		
40.89		-0.00436903		
40.9		-0.00436588		
40.91		-0.00436273		
40.92		-0.00435958		
40.93		-0.00435644		
40.94		-0.00435331		
40.95		-0.00435018		
40.96		-0.00434705		
40.97		-0.00434393		
40.98		-0.00434082		
40.99		-0.0043377		
41		-0.0043346		
41.01		-0.00433149		
41.02		-0.00432839		
41.03		-0.0043253		
41.04		-0.00432221		
41.05		-0.00431912		
41.06		-0.00431604		
41.07		-0.00431297		
41.08		-0.00430989		
41.09		-0.00430683		
41.1		-0.00430376		
41.11		-0.0043007		
41.12		-0.00429765		
41.13		-0.0042946		
41.14		-0.00429155		
41.15		-0.00428851		
41.16		-0.00428548		
41.17		-0.00428244		
41.18		-0.00427941		
41.19		-0.00427639		
41.2		-0.00427337		
41.21		-0.00427036		
41.22		-0.00426734		
41.23		-0.00426434		
41.24		-0.00426133		
41.25		-0.00425834		
41.26		-0.00425534		
41.27		-0.00425235		
41.28		-0.00424937		
41.29		-0.00424638		
41.3		-0.00424341		
41.31		-0.00424043		
41.32		-0.00423747		
41.33		-0.0042345		
41.34		-0.00423154		
41.35		-0.00422858		
41.36		-0.00422563		
41.37		-0.00422268		
41.38		-0.00421974		
41.39		-0.0042168		
41.4		-0.00421386		
41.41		-0.00421093		
41.42		-0.004208		
41.43		-0.00420508		
41.44		-0.00420216		
41.45		-0.00419925		
41.46		-0.00419633		
41.47		-0.00419343		
41.48		-0.00419052		
41.49		-0.00418762		
41.5		-0.00418473		
41.51		-0.00418184		
41.52		-0.00417895		
41.53		-0.00417607		
41.54		-0.00417319		
41.55		-0.00417031		
41.56		-0.00416744		
41.57		-0.00416458		
41.58		-0.00416171		
41.59		-0.00415885		
41.6		-0.004156		
41.61		-0.00415315		
41.62		-0.0041503		
41.63		-0.00414746		
41.64		-0.00414462		
41.65		-0.00414178		
41.66		-0.00413895		
41.67		-0.00413612		
41.68		-0.0041333		
41.69		-0.00413048		
41.7		-0.00412766		
41.71		-0.00412485		
41.72		-0.00412204		
41.73		-0.00411923		
41.74		-0.00411643		
41.75		-0.00411363		
41.76		-0.00411084		
41.77		-0.00410805		
41.78		-0.00410527		
41.79		-0.00410248		
41.8		-0.00409971		
41.81		-0.00409693		
41.82		-0.00409416		
41.83		-0.00409139		
41.84		-0.00408863		
41.85		-0.00408587		
41.86		-0.00408311		
41.87		-0.00408036		
41.88		-0.00407761		
41.89		-0.00407487		
41.9		-0.00407213		
41.91		-0.00406939		
41.92		-0.00406666		
41.93		-0.00406393		
41.94		-0.0040612		
41.95		-0.00405848		
41.96		-0.00405576		
41.97		-0.00405304		
41.98		-0.00405033		
41.99		-0.00404762		
42		-0.00404492		
42.01		-0.00404222		
42.02		-0.00403952		
42.03		-0.00403683		
42.04		-0.00403414		
42.05		-0.00403145		
42.06		-0.00402877		
42.07		-0.00402609		
42.08		-0.00402341		
42.09		-0.00402074		
42.1		-0.00401807		
42.11		-0.00401541		
42.12		-0.00401274		
42.13		-0.00401009		
42.14		-0.00400743		
42.15		-0.00400478		
42.16		-0.00400213		
42.17		-0.00399949		
42.18		-0.00399685		
42.19		-0.00399421		
42.2		-0.00399158		
42.21		-0.00398895		
42.22		-0.00398632		
42.23		-0.0039837		
42.24		-0.00398108		
42.25		-0.00397846		
42.26		-0.00397585		
42.27		-0.00397324		
42.28		-0.00397063		
42.29		-0.00396803		
42.3		-0.00396543		
42.31		-0.00396283		
42.32		-0.00396024		
42.33		-0.00395765		
42.34		-0.00395506		
42.35		-0.00395248		
42.36		-0.0039499		
42.37		-0.00394732		
42.38		-0.00394475		
42.39		-0.00394218		
42.4		-0.00393962		
42.41		-0.00393705		
42.42		-0.00393449		
42.43		-0.00393194		
42.44		-0.00392939		
42.45		-0.00392684		
42.46		-0.00392429		
42.47		-0.00392175		
42.48		-0.00391921		
42.49		-0.00391667		
42.5		-0.00391414		
42.51		-0.00391161		
42.52		-0.00390908		
42.53		-0.00390656		
42.54		-0.00390404		
42.55		-0.00390152		
42.56		-0.00389901		
42.57		-0.0038965		
42.58		-0.00389399		
42.59		-0.00389149		
42.6		-0.00388899		
42.61		-0.00388649		
42.62		-0.00388399		
42.63		-0.0038815		
42.64		-0.00387901		
42.65		-0.00387653		
42.66		-0.00387405		
42.67		-0.00387157		
42.68		-0.00386909		
42.69		-0.00386662		
42.7		-0.00386415		
42.71		-0.00386168		
42.72		-0.00385922		
42.73		-0.00385676		
42.74		-0.00385431		
42.75		-0.00385185		
42.76		-0.0038494		
42.77		-0.00384695		
42.78		-0.00384451		
42.79		-0.00384207		
42.8		-0.00383963		
42.81		-0.00383719		
42.82		-0.00383476		
42.83		-0.00383233		
42.84		-0.00382991		
42.85		-0.00382748		
42.86		-0.00382506		
42.87		-0.00382265		
42.88		-0.00382023		
42.89		-0.00381782		
42.9		-0.00381541		
42.91		-0.00381301		
42.92		-0.00381061		
42.93		-0.00380821		
42.94		-0.00380581		
42.95		-0.00380342		
42.96		-0.00380103		
42.97		-0.00379864		
42.98		-0.00379626		
42.99		-0.00379387		
43		-0.0037915		
43.01		-0.00378912		
43.02		-0.00378675		
43.03		-0.00378438		
43.04		-0.00378201		
43.05		-0.00377965		
43.06		-0.00377729		
43.07		-0.00377493		
43.08		-0.00377257		
43.09		-0.00377022		
43.1		-0.00376787		
43.11		-0.00376553		
43.12		-0.00376318		
43.13		-0.00376084		
43.14		-0.00375851		
43.15		-0.00375617		
43.16		-0.00375384		
43.17		-0.00375151		
43.18		-0.00374918		
43.19		-0.00374686		
43.2		-0.00374454		
43.21		-0.00374222		
43.22		-0.00373991		
43.23		-0.00373759		
43.24		-0.00373528		
43.25		-0.00373298		
43.26		-0.00373067		
43.27		-0.00372837		
43.28		-0.00372608		
43.29		-0.00372378		
43.3		-0.00372149		
43.31		-0.0037192		
43.32		-0.00371691		
43.33		-0.00371463		
43.34		-0.00371234		
43.35		-0.00371007		
43.36		-0.00370779		
43.37		-0.00370552		
43.38		-0.00370325		
43.39		-0.00370098		
43.4		-0.00369871		
43.41		-0.00369645		
43.42		-0.00369419		
43.43		-0.00369193		
43.44		-0.00368968		
43.45		-0.00368743		
43.46		-0.00368518		
43.47		-0.00368293		
43.48		-0.00368069		
43.49		-0.00367845		
43.5		-0.00367621		
43.51		-0.00367397		
43.52		-0.00367174		
43.53		-0.00366951		
43.54		-0.00366728		
43.55		-0.00366506		
43.56		-0.00366284		
43.57		-0.00366062		
43.58		-0.0036584		
43.59		-0.00365619		
43.6		-0.00365397		
43.61		-0.00365177		
43.62		-0.00364956		
43.63		-0.00364735		
43.64		-0.00364515		
43.65		-0.00364295		
43.66		-0.00364076		
43.67		-0.00363856		
43.68		-0.00363637		
43.69		-0.00363419		
43.7		-0.003632		
43.71		-0.00362982		
43.72		-0.00362764		
43.73		-0.00362546		
43.74		-0.00362328		
43.75		-0.00362111		
43.76		-0.00361894		
43.77		-0.00361677		
43.78		-0.00361461		
43.79		-0.00361244		
43.8		-0.00361028		
43.81		-0.00360812		
43.82		-0.00360597		
43.83		-0.00360382		
43.84		-0.00360167		
43.85		-0.00359952		
43.86		-0.00359737		
43.87		-0.00359523		
43.88		-0.00359309		
43.89		-0.00359095		
43.9		-0.00358882		
43.91		-0.00358668		
43.92		-0.00358455		
43.93		-0.00358242		
43.94		-0.0035803		
43.95		-0.00357818		
43.96		-0.00357606		
43.97		-0.00357394		
43.98		-0.00357182		
43.99		-0.00356971		
44		-0.0035676		
44.01		-0.00356549		
44.02		-0.00356338		
44.03		-0.00356128		
44.04		-0.00355918		
44.05		-0.00355708		
44.06		-0.00355498		
44.07		-0.00355289		
44.08		-0.0035508		
44.09		-0.00354871		
44.1		-0.00354662		
44.11		-0.00354454		
44.12		-0.00354245		
44.13		-0.00354037		
44.14		-0.0035383		
44.15		-0.00353622		
44.16		-0.00353415		
44.17		-0.00353208		
44.18		-0.00353001		
44.19		-0.00352795		
44.2		-0.00352588		
44.21		-0.00352382		
44.22		-0.00352176		
44.23		-0.00351971		
44.24		-0.00351765		
44.25		-0.0035156		
44.26		-0.00351355		
44.27		-0.0035115		
44.28		-0.00350946		
44.29		-0.00350742		
44.3		-0.00350538		
44.31		-0.00350334		
44.32		-0.0035013		
44.33		-0.00349927		
44.34		-0.00349724		
44.35		-0.00349521		
44.36		-0.00349319		
44.37		-0.00349116		
44.38		-0.00348914		
44.39		-0.00348712		
44.4		-0.0034851		
44.41		-0.00348309		
44.42		-0.00348108		
44.43		-0.00347906		
44.44		-0.00347706		
44.45		-0.00347505		
44.46		-0.00347305		
44.47		-0.00347104		
44.48		-0.00346905		
44.49		-0.00346705		
44.5		-0.00346505		
44.51		-0.00346306		
44.52		-0.00346107		
44.53		-0.00345908		
44.54		-0.0034571		
44.55		-0.00345511		
44.56		-0.00345313		
44.57		-0.00345115		
44.58		-0.00344917		
44.59		-0.0034472		
44.6		-0.00344523		
44.61		-0.00344325		
44.62		-0.00344129		
44.63		-0.00343932		
44.64		-0.00343736		
44.65		-0.00343539		
44.66		-0.00343343		
44.67		-0.00343148		
44.68		-0.00342952		
44.69		-0.00342757		
44.7		-0.00342561		
44.71		-0.00342367		
44.72		-0.00342172		
44.73		-0.00341977		
44.74		-0.00341783		
44.75		-0.00341589		
44.76		-0.00341395		
44.77		-0.00341201		
44.78		-0.00341008		
44.79		-0.00340815		
44.8		-0.00340622		
44.81		-0.00340429		
44.82		-0.00340236		
44.83		-0.00340044		
44.84		-0.00339852		
44.85		-0.0033966		
44.86		-0.00339468		
44.87		-0.00339276		
44.88		-0.00339085		
44.89		-0.00338894		
44.9		-0.00338703		
44.91		-0.00338512		
44.92		-0.00338322		
44.93		-0.00338131		
44.94		-0.00337941		
44.95		-0.00337751		
44.96		-0.00337562		
44.97		-0.00337372		
44.98		-0.00337183		
44.99		-0.00336994		
45		-0.00336805		
45.01		-0.00336616		
45.02		-0.00336428		
45.03		-0.00336239		
45.04		-0.00336051		
45.05		-0.00335863		
45.06		-0.00335676		
45.07		-0.00335488		
45.08		-0.00335301		
45.09		-0.00335114		
45.1		-0.00334927		
45.11		-0.0033474		
45.12		-0.00334554		
45.13		-0.00334367		
45.14		-0.00334181		
45.15		-0.00333996		
45.16		-0.0033381		
45.17		-0.00333624		
45.18		-0.00333439		
45.19		-0.00333254		
45.2		-0.00333069		
45.21		-0.00332884		
45.22		-0.003327		
45.23		-0.00332515		
45.24		-0.00332331		
45.25		-0.00332147		
45.26		-0.00331964		
45.27		-0.0033178		
45.28		-0.00331597		
45.29		-0.00331414		
45.3		-0.00331231		
45.31		-0.00331048		
45.32		-0.00330865		
45.33		-0.00330683		
45.34		-0.00330501		
45.35		-0.00330319		
45.36		-0.00330137		
45.37		-0.00329955		
45.38		-0.00329774		
45.39		-0.00329592		
45.4		-0.00329411		
45.41		-0.00329231		
45.42		-0.0032905		
45.43		-0.00328869		
45.44		-0.00328689		
45.45		-0.00328509		
45.46		-0.00328329		
45.47		-0.00328149		
45.48		-0.0032797		
45.49		-0.0032779		
45.5		-0.00327611		
45.51		-0.00327432		
45.52		-0.00327253		
45.53		-0.00327075		
45.54		-0.00326896		
45.55		-0.00326718		
45.56		-0.0032654		
45.57		-0.00326362		
45.58		-0.00326184		
45.59		-0.00326007		
45.6		-0.00325829		
45.61		-0.00325652		
45.62		-0.00325475		
45.63		-0.00325298		
45.64		-0.00325122		
45.65		-0.00324945		
45.66		-0.00324769		
45.67		-0.00324593		
45.68		-0.00324417		
45.69		-0.00324242		
45.7		-0.00324066		
45.71		-0.00323891		
45.72		-0.00323715		
45.73		-0.0032354		
45.74		-0.00323366		
45.75		-0.00323191		
45.76		-0.00323017		
45.77		-0.00322842		
45.78		-0.00322668		
45.79		-0.00322494		
45.8		-0.00322321		
45.81		-0.00322147		
45.82		-0.00321974		
45.83		-0.003218		
45.84		-0.00321627		
45.85		-0.00321454		
45.86		-0.00321282		
45.87		-0.00321109		
45.88		-0.00320937		
45.89		-0.00320765		
45.9		-0.00320593		
45.91		-0.00320421		
45.92		-0.00320249		
45.93		-0.00320078		
45.94		-0.00319907		
45.95		-0.00319735		
45.96		-0.00319564		
45.97		-0.00319394		
45.98		-0.00319223		
45.99		-0.00319053		
46		-0.00318882		
46.01		-0.00318712		
46.02		-0.00318542		
46.03		-0.00318373		
46.04		-0.00318203		
46.05		-0.00318034		
46.06		-0.00317864		
46.07		-0.00317695		
46.08		-0.00317526		
46.09		-0.00317358		
46.1		-0.00317189		
46.11		-0.00317021		
46.12		-0.00316852		
46.13		-0.00316684		
46.14		-0.00316516		
46.15		-0.00316349		
46.16		-0.00316181		
46.17		-0.00316014		
46.18		-0.00315847		
46.19		-0.00315679		
46.2		-0.00315513		
46.21		-0.00315346		
46.22		-0.00315179		
46.23		-0.00315013		
46.24		-0.00314847		
46.25		-0.00314681		
46.26		-0.00314515		
46.27		-0.00314349		
46.28		-0.00314183		
46.29		-0.00314018		
46.3		-0.00313853		
46.31		-0.00313688		
46.32		-0.00313523		
46.33		-0.00313358		
46.34		-0.00313193		
46.35		-0.00313029		
46.36		-0.00312865		
46.37		-0.003127		
46.38		-0.00312536		
46.39		-0.00312373		
46.4		-0.00312209		
46.41		-0.00312046		
46.42		-0.00311882		
46.43		-0.00311719		
46.44		-0.00311556		
46.45		-0.00311393		
46.46		-0.00311231		
46.47		-0.00311068		
46.48		-0.00310906		
46.49		-0.00310743		
46.5		-0.00310581		
46.51		-0.00310419		
46.52		-0.00310258		
46.53		-0.00310096		
46.54		-0.00309935		
46.55		-0.00309773		
46.56		-0.00309612		
46.57		-0.00309451		
46.58		-0.00309291		
46.59		-0.0030913		
46.6		-0.0030897		
46.61		-0.00308809		
46.62		-0.00308649		
46.63		-0.00308489		
46.64		-0.00308329		
46.65		-0.00308169		
46.66		-0.0030801		
46.67		-0.0030785		
46.68		-0.00307691		
46.69		-0.00307532		
46.7		-0.00307373		
46.71		-0.00307214		
46.72		-0.00307056		
46.73		-0.00306897		
46.74		-0.00306739		
46.75		-0.00306581		
46.76		-0.00306423		
46.77		-0.00306265		
46.78		-0.00306107		
46.79		-0.0030595		
46.8		-0.00305792		
46.81		-0.00305635		
46.82		-0.00305478		
46.83		-0.00305321		
46.84		-0.00305164		
46.85		-0.00305007		
46.86		-0.00304851		
46.87		-0.00304694		
46.88		-0.00304538		
46.89		-0.00304382		
46.9		-0.00304226		
46.91		-0.0030407		
46.92		-0.00303915		
46.93		-0.00303759		
46.94		-0.00303604		
46.95		-0.00303449		
46.96		-0.00303294		
46.97		-0.00303139		
46.98		-0.00302984		
46.99		-0.00302829		
47		-0.00302675		
47.01		-0.00302521		
47.02		-0.00302366		
47.03		-0.00302212		
47.04		-0.00302059		
47.05		-0.00301905		
47.06		-0.00301751		
47.07		-0.00301598		
47.08		-0.00301444		
47.09		-0.00301291		
47.1		-0.00301138		
47.11		-0.00300985		
47.12		-0.00300833		
47.13		-0.0030068		
47.14		-0.00300528		
47.15		-0.00300375		
47.16		-0.00300223		
47.17		-0.00300071		
47.18		-0.00299919		
47.19		-0.00299768		
47.2		-0.00299616		
47.21		-0.00299465		
47.22		-0.00299313		
47.23		-0.00299162		
47.24		-0.00299011		
47.25		-0.0029886		
47.26		-0.00298709		
47.27		-0.00298559		
47.28		-0.00298408		
47.29		-0.00298258		
47.3		-0.00298108		
47.31		-0.00297958		
47.32		-0.00297808		
47.33		-0.00297658		
47.34		-0.00297509		
47.35		-0.00297359		
47.36		-0.0029721		
47.37		-0.00297061		
47.38		-0.00296911		
47.39		-0.00296763		
47.4		-0.00296614		
47.41		-0.00296465		
47.42		-0.00296317		
47.43		-0.00296168		
47.44		-0.0029602		
47.45		-0.00295872		
47.46		-0.00295724		
47.47		-0.00295576		
47.48		-0.00295428		
47.49		-0.00295281		
47.5		-0.00295133		
47.51		-0.00294986		
47.52		-0.00294839		
47.53		-0.00294692		
47.54		-0.00294545		
47.55		-0.00294398		
47.56		-0.00294251		
47.57		-0.00294105		
47.58		-0.00293959		
47.59		-0.00293812		
47.6		-0.00293666		
47.61		-0.0029352		
47.62		-0.00293375		
47.63		-0.00293229		
47.64		-0.00293083		
47.65		-0.00292938		
47.66		-0.00292793		
47.67		-0.00292647		
47.68		-0.00292502		
47.69		-0.00292357		
47.7		-0.00292213		
47.71		-0.00292068		
47.72		-0.00291924		
47.73		-0.00291779		
47.74		-0.00291635		
47.75		-0.00291491		
47.76		-0.00291347		
47.77		-0.00291203		
47.78		-0.00291059		
47.79		-0.00290916		
47.8		-0.00290772		
47.81		-0.00290629		
47.82		-0.00290486		
47.83		-0.00290343		
47.84		-0.002902		
47.85		-0.00290057		
47.86		-0.00289914		
47.87		-0.00289771		
47.88		-0.00289629		
47.89		-0.00289487		
47.9		-0.00289345		
47.91		-0.00289202		
47.92		-0.00289061		
47.93		-0.00288919		
47.94		-0.00288777		
47.95		-0.00288636		
47.96		-0.00288494		
47.97		-0.00288353		
47.98		-0.00288212		
47.99		-0.00288071		
48		-0.0028793		
48.01		-0.00287789		
48.02		-0.00287648		
48.03		-0.00287508		
48.04		-0.00287367		
48.05		-0.00287227		
48.06		-0.00287087		
48.07		-0.00286947		
48.08		-0.00286807		
48.09		-0.00286667		
48.1		-0.00286527		
48.11		-0.00286388		
48.12		-0.00286248		
48.13		-0.00286109		
48.14		-0.0028597		
48.15		-0.00285831		
48.16		-0.00285692		
48.17		-0.00285553		
48.18		-0.00285414		
48.19		-0.00285276		
48.2		-0.00285137		
48.21		-0.00284999		
48.22		-0.00284861		
48.23		-0.00284723		
48.24		-0.00284585		
48.25		-0.00284447		
48.26		-0.00284309		
48.27		-0.00284172		
48.28		-0.00284034		
48.29		-0.00283897		
48.3		-0.0028376		
48.31		-0.00283623		
48.32		-0.00283486		
48.33		-0.00283349		
48.34		-0.00283212		
48.35		-0.00283075		
48.36		-0.00282939		
48.37		-0.00282802		
48.38		-0.00282666		
48.39		-0.0028253		
48.4		-0.00282394		
48.41		-0.00282258		
48.42		-0.00282122		
48.43		-0.00281987		
48.44		-0.00281851		
48.45		-0.00281716		
48.46		-0.0028158		
48.47		-0.00281445		
48.48		-0.0028131		
48.49		-0.00281175		
48.5		-0.0028104		
48.51		-0.00280905		
48.52		-0.00280771		
48.53		-0.00280636		
48.54		-0.00280502		
48.55		-0.00280368		
48.56		-0.00280233		
48.57		-0.00280099		
48.58		-0.00279965		
48.59		-0.00279832		
48.6		-0.00279698		
48.61		-0.00279564		
48.62		-0.00279431		
48.63		-0.00279298		
48.64		-0.00279164		
48.65		-0.00279031		
48.66		-0.00278898		
48.67		-0.00278765		
48.68		-0.00278632		
48.69		-0.002785		
48.7		-0.00278367		
48.71		-0.00278235		
48.72		-0.00278102		
48.73		-0.0027797		
48.74		-0.00277838		
48.75		-0.00277706		
48.76		-0.00277574		
48.77		-0.00277443		
48.78		-0.00277311		
48.79		-0.00277179		
48.8		-0.00277048		
48.81		-0.00276917		
48.82		-0.00276785		
48.83		-0.00276654		
48.84		-0.00276523		
48.85		-0.00276393		
48.86		-0.00276262		
48.87		-0.00276131		
48.88		-0.00276001		
48.89		-0.0027587		
48.9		-0.0027574		
48.91		-0.0027561		
48.92		-0.0027548		
48.93		-0.0027535		
48.94		-0.0027522		
48.95		-0.0027509		
48.96		-0.0027496		
48.97		-0.00274831		
48.98		-0.00274701		
48.99		-0.00274572		
49		-0.00274443		
49.01		-0.00274314		
49.02		-0.00274185		
49.03		-0.00274056		
49.04		-0.00273927		
49.05		-0.00273798		
49.06		-0.0027367		
49.07		-0.00273541		
49.08		-0.00273413		
49.09		-0.00273285		
49.1		-0.00273157		
49.11		-0.00273029		
49.12		-0.00272901		
49.13		-0.00272773		
49.14		-0.00272645		
49.15		-0.00272518		
49.16		-0.0027239		
49.17		-0.00272263		
49.18		-0.00272136		
49.19		-0.00272008		
49.2		-0.00271881		
49.21		-0.00271754		
49.22		-0.00271628		
49.23		-0.00271501		
49.24		-0.00271374		
49.25		-0.00271248		
49.26		-0.00271121		
49.27		-0.00270995		
49.28		-0.00270869		
49.29		-0.00270743		
49.3		-0.00270617		
49.31		-0.00270491		
49.32		-0.00270365		
49.33		-0.00270239		
49.34		-0.00270114		
49.35		-0.00269988		
49.36		-0.00269863		
49.37		-0.00269737		
49.38		-0.00269612		
49.39		-0.00269487		
49.4		-0.00269362		
49.41		-0.00269237		
49.42		-0.00269113		
49.43		-0.00268988		
49.44		-0.00268863		
49.45		-0.00268739		
49.46		-0.00268615		
49.47		-0.0026849		
49.48		-0.00268366		
49.49		-0.00268242		
49.5		-0.00268118		
49.51		-0.00267994		
49.52		-0.00267871		
49.53		-0.00267747		
49.54		-0.00267623		
49.55		-0.002675		
49.56		-0.00267377		
49.57		-0.00267253		
49.58		-0.0026713		
49.59		-0.00267007		
49.6		-0.00266884		
49.61		-0.00266762		
49.62		-0.00266639		
49.63		-0.00266516		
49.64		-0.00266394		
49.65		-0.00266271		
49.66		-0.00266149		
49.67		-0.00266027		
49.68		-0.00265905		
49.69		-0.00265783		
49.7		-0.00265661		
49.71		-0.00265539		
49.72		-0.00265417		
49.73		-0.00265295		
49.74		-0.00265174		
49.75		-0.00265053		
49.76		-0.00264931		
49.77		-0.0026481		
49.78		-0.00264689		
49.79		-0.00264568		
49.8		-0.00264447		
49.81		-0.00264326		
49.82		-0.00264205		
49.83		-0.00264085		
49.84		-0.00263964		
49.85		-0.00263844		
49.86		-0.00263723		
49.87		-0.00263603		
49.88		-0.00263483		
49.89		-0.00263363		
49.9		-0.00263243		
49.91		-0.00263123		
49.92		-0.00263003		
49.93		-0.00262883		
49.94		-0.00262764		
49.95		-0.00262644		
49.96		-0.00262525		
49.97		-0.00262406		
49.98		-0.00262287		
49.99		-0.00262167		
50		-0.00262048		
