t [fm]		dB2nd
0.25		-0
0.3		0.018555		
0.35		-0.011612		
0.4		-0.035603		
0.45		-0.046749		
0.5		-0.048518		
0.55		-0.045044		
0.6		-0.039258		
0.65		-0.032898		
0.7		-0.026871		
0.75		-0.021578		
0.8		-0.017134		
0.85		-0.013509		
0.9		-0.010607		
0.95		-0.0083143		
1		-0.0065174		
1.05		-0.0051162		
1.1		-0.0040264		
1.15		-0.0031794		
1.2		-0.0025204		
1.25		-0.0020067		
1.3		-0.0016049		
1.35		-0.0012894		
1.4		-0.0010407		
1.45		-0.00084349		
1.5		-0.00068642		
1.55		-0.0005606		
1.6		-0.00045926		
1.65		-0.00037719		
1.7		-0.00031034		
1.75		-0.00025558		
1.8		-0.00021049		
1.85		-0.00017316		
1.9		-0.00014209		
1.95		-0.0001161		
2		-9.4256e-05		
2.05		-7.58e-05		
2.1		-6.0139e-05		
2.15		-4.6792e-05		
2.2		-3.5369e-05		
2.25		-2.5555e-05		
2.3		-1.7093e-05		
2.35		-9.7738e-06		
2.4		-3.4254e-06		
2.45		2.0938e-06		
2.5		6.9008e-06		
2.55		1.1092e-05		
2.6		1.4748e-05		
2.65		1.7935e-05		
2.7		2.0709e-05		
2.75		2.3117e-05		
2.8		2.5197e-05		
2.85		2.6982e-05		
2.9		2.8499e-05		
2.95		2.9771e-05		
3		3.0818e-05		
3.05		3.1656e-05		
3.1		3.2298e-05		
3.15		3.2757e-05		
3.2		3.304e-05		
3.25		3.3158e-05		
3.3		3.3116e-05		
3.35		3.292e-05		
3.4		3.2575e-05		
3.45		3.2086e-05		
3.5		3.1454e-05		
3.55		3.0683e-05		
3.6		2.9776e-05		
3.65		2.8734e-05		
3.7		2.7559e-05		
3.75		2.6252e-05		
3.8		2.4814e-05		
3.85		2.3247e-05		
3.9		2.155e-05		
3.95		1.9724e-05		
4		1.7771e-05		
4.05		1.569e-05		
4.1		1.3481e-05		
4.15		1.1138e-05		
4.2		8.6427e-06		
4.25		6.0287e-06		
4.3		3.3118e-06		
4.35		4.7133e-07		
4.4		-2.4958e-06		
4.45		-5.5895e-06		
4.5		-8.8091e-06		
4.55		-1.2154e-05		
4.6		-1.5625e-05		
4.65		-1.922e-05		
4.7		-2.2941e-05		
4.75		-2.6785e-05		
4.8		-3.0753e-05		
4.85		-3.4845e-05		
4.9		-3.9059e-05		
4.95		-4.3396e-05		
5		-4.7854e-05		
5.05		-5.2434e-05		
5.1		-5.7134e-05		
5.15		-6.1954e-05		
5.2		-6.6893e-05		
5.25		-7.1951e-05		
5.3		-7.7126e-05		
5.35		-8.2418e-05		
5.4		-8.7826e-05		
5.45		-9.335e-05		
5.5		-9.8987e-05		
5.55		-0.00010474		
5.6		-0.0001106		
5.65		-0.00011658		
5.7		-0.00012266		
5.75		-0.00012885		
5.8		-0.00013516		
5.85		-0.00014157		
5.9		-0.00014808		
5.95		-0.0001547		
6		-0.00016142		
6.05		-0.00016825		
6.1		-0.00017518		
6.15		-0.0001822		
6.2		-0.00018933		
6.25		-0.00019655		
6.3		-0.00020387		
6.35		-0.00021128		
6.4		-0.00021879		
6.45		-0.00022639		
6.5		-0.00023408		
6.55		-0.00024186		
6.6		-0.00024973		
6.65		-0.00025768		
6.7		-0.00026572		
6.75		-0.00027384		
6.8		-0.00028204		
6.85		-0.00029032		
6.9		-0.00029869		
6.95		-0.00030713		
7		-0.00031564		
7.05		-0.00032423		
7.1		-0.0003329		
7.15		-0.00034163		
7.2		-0.00035044		
7.25		-0.00035931		
7.3		-0.00036825		
7.35		-0.00037726		
7.4		-0.00038633		
7.45		-0.00039546		
7.5		-0.00040465		
7.55		-0.0004139		
7.6		-0.00042321		
7.65		-0.00043258		
7.7		-0.000442		
7.75		-0.00045147		
7.8		-0.00046099		
7.85		-0.00047057		
7.9		-0.00048019		
7.95		-0.00048986		
8		-0.00049957		
8.05		-0.00050933		
8.1		-0.00051913		
8.15		-0.00052897		
8.2		-0.00053885		
8.25		-0.00054876		
8.3		-0.00055872		
8.35		-0.0005687		
8.4		-0.00057872		
8.45		-0.00058877		
8.5		-0.00059886		
8.55		-0.00060897		
8.6		-0.00061911		
8.65		-0.00062927		
8.7		-0.00063946		
8.75		-0.00064967		
8.8		-0.0006599		
8.85		-0.00067015		
8.9		-0.00068042		
8.95		-0.00069071		
9		-0.00070102		
9.05		-0.00071134		
9.1		-0.00072167		
9.15		-0.00073202		
9.2		-0.00074237		
9.25		-0.00075274		
9.3		-0.00076311		
9.35		-0.00077349		
9.4		-0.00078388		
9.45		-0.00079427		
9.5		-0.00080467		
9.55		-0.00081506		
9.6		-0.00082546		
9.65		-0.00083586		
9.7		-0.00084626		
9.75		-0.00085665		
9.8		-0.00086705		
9.85		-0.00087743		
9.9		-0.00088782		
9.95		-0.00089819		
10		-0.00090856		
10.05		-0.00091892		
10.1		-0.00092927		
10.15		-0.00093961		
10.2		-0.00094994		
10.25		-0.00096026		
10.3		-0.00097056		
10.35		-0.00098085		
10.4		-0.00099113		
10.45		-0.0010014		
10.5		-0.0010116		
10.55		-0.0010219		
10.6		-0.0010321		
10.65		-0.0010423		
10.7		-0.0010524		
10.75		-0.0010626		
10.8		-0.0010727		
10.85		-0.0010828		
10.9		-0.0010929		
10.95		-0.001103		
11		-0.001113		
11.05		-0.001123		
11.1		-0.001133		
11.15		-0.001143		
11.2		-0.0011529		
11.25		-0.0011628		
11.3		-0.0011724		
11.35		-0.0011829		
11.4		-0.0011926		
11.45		-0.0012023		
11.5		-0.0012121		
11.55		-0.0012219		
11.6		-0.0012316		
11.65		-0.0012413		
11.7		-0.0012509		
11.75		-0.0012606		
11.8		-0.0012702		
11.85		-0.0012798		
11.9		-0.0012893		
11.95		-0.0012989		
12		-0.0013083		
12.05		-0.0013178		
12.1		-0.0013272		
12.15		-0.0013366		
12.2		-0.001346		
12.25		-0.0013553		
12.3		-0.0013646		
12.35		-0.0013739		
12.4		-0.0013832		
12.45		-0.0013924		
12.5		-0.0014016		
12.55		-0.0014107		
12.6		-0.0014198		
12.65		-0.0014289		
12.7		-0.001438		
12.75		-0.001447		
12.8		-0.001456		
12.85		-0.001465		
12.9		-0.0014739		
12.95		-0.0014828		
13		-0.0014917		
13.05		-0.0015005		
13.1		-0.0015093		
13.15		-0.0015181		
13.2		-0.0015269		
13.25		-0.0015356		
13.3		-0.0015443		
13.35		-0.001553		
13.4		-0.0015616		
13.45		-0.0015702		
13.5		-0.0015788		
13.55		-0.0015874		
13.6		-0.0015959		
13.65		-0.0016044		
13.7		-0.0016129		
13.75		-0.0016214		
13.8		-0.0016298		
13.85		-0.0016382		
13.9		-0.0016466		
13.95		-0.0016549		
14		-0.0016632		
14.05		-0.0016715		
14.1		-0.0016798		
14.15		-0.0016881		
14.2		-0.0016963		
14.25		-0.0017045		
14.3		-0.0017127		
14.35		-0.0017209		
14.4		-0.0017291		
14.45		-0.0017372		
14.5		-0.0017453		
14.55		-0.0017534		
14.6		-0.0017615		
14.65		-0.0017696		
14.7		-0.0017776		
14.75		-0.0017856		
14.8		-0.0017937		
14.85		-0.0018017		
14.9		-0.0018096		
14.95		-0.0018176		
15		-0.0018256		
15.05		-0.0018335		
15.1		-0.0018415		
15.15		-0.0018494		
15.2		-0.0018573		
15.25		-0.0018652		
15.3		-0.0018731		
15.35		-0.001881		
15.4		-0.0018889		
15.45		-0.0018968		
15.5		-0.0019046		
15.55		-0.0019125		
15.6		-0.0019204		
15.65		-0.0019282		
15.7		-0.0019361		
15.75		-0.0019439		
15.8		-0.0019518		
15.85		-0.0019597		
15.9		-0.0019675		
15.95		-0.0019754		
16		-0.0019832		
16.05		-0.0019911		
16.1		-0.001999		
16.15		-0.0020068		
16.2		-0.0020147		
16.25		-0.0020226		
16.3		-0.0020305		
16.35		-0.0020384		
16.4		-0.0020463		
16.45		-0.0020542		
16.5		-0.0020622		
16.55		-0.0020701		
16.6		-0.0020781		
16.65		-0.002086		
16.7		-0.002094		
16.75		-0.002102		
16.8		-0.00211		
16.85		-0.0021181		
16.9		-0.0021261		
16.95		-0.0021342		
17		-0.0021423		
17.05		-0.0021504		
17.1		-0.0021586		
17.15		-0.0021667		
17.2		-0.0021749		
17.25		-0.0021832		
17.3		-0.0021914		
17.35		-0.0021997		
17.4		-0.002208		
17.45		-0.0022163		
17.5		-0.0022247		
17.55		-0.0022331		
17.6		-0.0022415		
17.65		-0.00225		
17.7		-0.0022585		
17.75		-0.002267		
17.8		-0.0022756		
17.85		-0.0022842		
17.9		-0.0022929		
17.95		-0.0023016		
18		-0.0023103		
18.05		-0.0023191		
18.1		-0.0023279		
18.15		-0.0023368		
18.2		-0.0023457		
18.25		-0.0023547		
18.3		-0.0023637		
18.35		-0.0023728		
18.4		-0.0023819		
18.45		-0.0023911		
18.5		-0.0024003		
18.55		-0.0024096		
18.6		-0.0024189		
18.65		-0.0024284		
18.7		-0.0024378		
18.75		-0.0024473		
18.8		-0.0024569		
18.85		-0.0024666		
18.9		-0.0024763		
18.95		-0.0024861		
19		-0.0024959		
19.05		-0.0025058		
19.1		-0.0025158		
19.15		-0.0025258		
19.2		-0.002536		
19.25		-0.0025462		
19.3		-0.0025564		
19.35		-0.0025668		
19.4		-0.0025772		
19.45		-0.0025877		
19.5		-0.0025983		
19.55		-0.002609		
19.6		-0.0026197		
19.65		-0.0026306		
19.7		-0.0026415		
19.75		-0.0026525		
19.8		-0.0026636		
19.85		-0.0026748		
19.9		-0.002686		
19.95		-0.0026974		
20		-0.0027089		
20.05		-0.0027204		
20.1		-0.0027321		
20.15		-0.0027438		
20.2		-0.0027557		
20.25		-0.0027677		
20.3		-0.0027797		
20.35		-0.0027919		
20.4		-0.0028041		
20.45		-0.0028165		
20.5		-0.002829		
20.55		-0.0028416		
20.6		-0.0028543		
20.65		-0.0028671		
20.7		-0.0028801		
20.75		-0.0028931		
20.8		-0.0029063		
20.85		-0.0029196		
20.9		-0.002933		
20.95		-0.0029465		
21		-0.0029602		
21.05		-0.002974		
21.1		-0.0029879		
21.15		-0.0030019		
21.2		-0.0030161		
21.25		-0.0030304		
21.3		-0.0030449		
21.35		-0.0030594		
21.4		-0.0030742		
21.45		-0.003089		
21.5		-0.003104		
21.55		-0.0031191		
21.6		-0.0031344		
21.65		-0.0031498		
21.7		-0.0031654		
21.75		-0.0031812		
21.8		-0.003197		
21.85		-0.0032131		
21.9		-0.0032292		
21.95		-0.0032456		
22		-0.0032621		
22.05		-0.0032787		
22.1		-0.0032956		
22.15		-0.0033126		
22.2		-0.0033297		
22.25		-0.003347		
22.3		-0.0033645		
22.35		-0.0033822		
22.4		-0.0034		
22.45		-0.003418		
22.5		-0.0034362		
22.55		-0.0034546		
22.6		-0.0034731		
22.65		-0.0034919		
22.7		-0.0035108		
22.75		-0.0035299		
22.8		-0.0035492		
22.85		-0.0035687		
22.9		-0.0035883		
22.95		-0.0036082		
23		-0.0036283		
23.05		-0.0036486		
23.1		-0.003669		
23.15		-0.0036897		
23.2		-0.0037106		
23.25		-0.0037317		
23.3		-0.003753		
23.35		-0.0037745		
23.4		-0.0037962		
23.45		-0.0038181		
23.5		-0.0038403		
23.55		-0.0038627		
23.6		-0.0038853		
23.65		-0.0039081		
23.7		-0.0039312		
23.75		-0.0039545		
23.8		-0.003978		
23.85		-0.0040018		
23.9		-0.0040258		
23.95		-0.00405		
24		-0.0040745		
24.05		-0.0040992		
24.1		-0.0041242		
24.15		-0.0041494		
24.2		-0.0041748		
24.25		-0.0042006		
24.3		-0.0042266		
24.35		-0.0042528		
24.4		-0.0042793		
24.45		-0.0043061		
24.5		-0.0043331		
24.55		-0.0043604		
24.6		-0.004388		
24.65		-0.0044159		
24.7		-0.004444		
24.75		-0.0044724		
24.8		-0.0045011		
24.85		-0.0045301		
24.9		-0.0045594		
24.95		-0.0045889		
25		-0.0046188		
25.05		-0.004649		
25.1		-0.0046794		
25.15		-0.0047102		
25.2		-0.0047413		
25.25		-0.0047727		
25.3		-0.0048044		
25.35		-0.0048364		
25.4		-0.0048687		
25.45		-0.0049014		
25.5		-0.0049344		
25.55		-0.0049677		
25.6		-0.0050013		
25.65		-0.0050353		
25.7		-0.0050696		
25.75		-0.0051043		
25.8		-0.0051393		
25.85		-0.0051747		
25.9		-0.0052104		
25.95		-0.0052464		
26		-0.0052829		
26.05		-0.0053196		
26.1		-0.0053568		
26.15		-0.0053943		
26.2		-0.0054322		
26.25		-0.0054705		
26.3		-0.005549		
26.35		-0.0055511		
26.4		-0.0055529		
26.45		-0.0055546		
26.5		-0.005556		
26.55		-0.0055573		
26.6		-0.0055584		
26.65		-0.0055593		
26.7		-0.00556		
26.75		-0.0055605		
26.8		-0.0055609		
26.85		-0.0055611		
26.9		-0.0055611		
26.95		-0.0055609		
27		-0.0055605		
27.05		-0.00556		
27.1		-0.0055593		
27.15		-0.0055584		
27.2		-0.0055574		
27.25		-0.0055562		
27.3		-0.0055548		
27.35		-0.0055533		
27.4		-0.0055516		
27.45		-0.0055497		
27.5		-0.0055477		
27.55		-0.0055455		
27.6		-0.0055431		
27.65		-0.0055406		
27.7		-0.0055379		
27.75		-0.0055351		
27.8		-0.0055321		
27.85		-0.005529		
27.9		-0.0055258		
27.95		-0.0055223		
28		-0.0055188		
28.05		-0.005515		
28.1		-0.0055112		
28.15		-0.0055072		
28.2		-0.005503		
28.25		-0.0054987		
28.3		-0.0054943		
28.35		-0.0054897		
28.4		-0.005485		
28.45		-0.0054802		
28.5		-0.0054752		
28.55		-0.0054701		
28.6		-0.0054648		
28.65		-0.0054595		
28.7		-0.005454		
28.75		-0.0054483		
28.8		-0.0054426		
28.85		-0.0054367		
28.9		-0.0054307		
28.95		-0.0054246		
29		-0.0054183		
29.05		-0.0054119		
29.1		-0.0054055		
29.15		-0.0053988		
29.2		-0.0053921		
29.25		-0.0053853		
29.3		-0.0053783		
29.35		-0.0053713		
29.4		-0.0053641		
29.45		-0.0053568		
29.5		-0.0053494		
29.55		-0.0053419		
29.6		-0.0053343		
29.65		-0.0053266		
29.7		-0.0053188		
29.75		-0.0053109		
29.8		-0.0053028		
29.85		-0.0052947		
29.9		-0.0052865		
29.95		-0.0052782		
30		-0.0052698		
30.05		-0.0052613		
30.1		-0.0052527		
30.15		-0.005244		
30.2		-0.0052352		
30.25		-0.0052263		
30.3		-0.0052173		
30.35		-0.0052083		
30.4		-0.0051991		
30.45		-0.0051899		
30.5		-0.0051806		
30.55		-0.0051712		
30.6		-0.0051617		
30.65		-0.0051522		
30.7		-0.0051425		
30.75		-0.0051328		
30.8		-0.005123		
30.85		-0.0051132		
30.9		-0.0051032		
30.95		-0.0050932		
31		-0.0050831		
31.05		-0.0050729		
31.1		-0.0050627		
31.15		-0.0050524		
31.2		-0.005042		
31.25		-0.0050316		
31.3		-0.0050211		
31.35		-0.0050105		
31.4		-0.0049998		
31.45		-0.0049891		
31.5		-0.0049784		
31.55		-0.0049676		
31.6		-0.0049567		
31.65		-0.0049457		
31.7		-0.0049347		
31.75		-0.0049237		
31.8		-0.0049125		
31.85		-0.0049014		
31.9		-0.0048901		
31.95		-0.0048789		
32		-0.0048675		
32.05		-0.0048562		
32.1		-0.0048447		
32.15		-0.0048332		
32.2		-0.0048217		
32.25		-0.0048101		
32.3		-0.0047985		
32.35		-0.0047868		
32.4		-0.0047751		
32.45		-0.0047634		
32.5		-0.0047516		
32.55		-0.0047397		
32.6		-0.0047279		
32.65		-0.0047159		
32.7		-0.004704		
32.75		-0.004692		
32.8		-0.0046799		
32.85		-0.0046679		
32.9		-0.0046558		
32.95		-0.0046436		
33		-0.0046314		
33.05		-0.0046192		
33.1		-0.004607		
33.15		-0.0045947		
33.2		-0.0045824		
33.25		-0.0045701		
33.3		-0.0045577		
33.35		-0.0045454		
33.4		-0.0045329		
33.45		-0.0045205		
33.5		-0.004508		
33.55		-0.0044956		
33.6		-0.004483		
33.65		-0.0044705		
33.7		-0.004458		
33.75		-0.0044454		
33.8		-0.0044328		
33.85		-0.0044202		
33.9		-0.0044075		
33.95		-0.0043949		
34		-0.0043822		
34.05		-0.0043695		
34.1		-0.0043568		
34.15		-0.0043441		
34.2		-0.0043313		
34.25		-0.0043186		
34.3		-0.0043058		
34.35		-0.004293		
34.4		-0.0042802		
34.45		-0.0042674		
34.5		-0.0042546		
34.55		-0.0042418		
34.6		-0.004229		
34.65		-0.0042161		
34.7		-0.0042033		
34.75		-0.0041904		
34.8		-0.0041776		
34.85		-0.0041647		
34.9		-0.0041518		
34.95		-0.0041389		
35		-0.004126		
35.05		-0.0041132		
35.1		-0.0041003		
35.15		-0.0040874		
35.2		-0.0040745		
35.25		-0.0040616		
35.3		-0.0040487		
35.35		-0.0040358		
35.4		-0.0040229		
35.45		-0.00401		
35.5		-0.0039971		
35.55		-0.0039842		
35.6		-0.0039713		
35.65		-0.0039584		
35.7		-0.0039455		
35.75		-0.0039326		
35.8		-0.0039197		
35.85		-0.0039068		
35.9		-0.003894		
35.95		-0.0038811		
36		-0.0038682		
36.05		-0.0038554		
36.1		-0.0038425		
36.15		-0.0038297		
36.2		-0.0038169		
36.25		-0.0038041		
36.3		-0.0037912		
36.35		-0.0037784		
36.4		-0.0037656		
36.45		-0.0037529		
36.5		-0.0037401		
36.55		-0.0037273		
36.6		-0.0037146		
36.65		-0.0037018		
36.7		-0.0036891		
36.75		-0.0036764		
36.8		-0.0036637		
36.85		-0.003651		
36.9		-0.0036383		
36.95		-0.0036257		
37		-0.003613		
37.05		-0.0036004		
37.1		-0.0035878		
37.15		-0.0035752		
37.2		-0.0035626		
37.25		-0.00355		
37.3		-0.0035375		
37.35		-0.0035249		
37.4		-0.0035124		
37.45		-0.0034999		
37.5		-0.0034874		
37.55		-0.0034749		
37.6		-0.0034625		
37.65		-0.0034501		
37.7		-0.0034377		
37.75		-0.0034253		
37.8		-0.0034129		
37.85		-0.0034005		
37.9		-0.0033882		
37.95		-0.0033759		
38		-0.0033636		
38.05		-0.0033513		
38.1		-0.0032193		
38.15		-0.0030936		
38.2		-0.0029768		
38.25		-0.0028681		
38.3		-0.0027668		
38.35		-0.0026722		
38.4		-0.0025838		
38.45		-0.0025009		
38.5		-0.0024231		
38.55		-0.0023501		
38.6		-0.0022814		
38.65		-0.0022166		
38.7		-0.0021555		
38.75		-0.0020977		
38.8		-0.0020431		
38.85		-0.0019913		
38.9		-0.0019421		
38.95		-0.0018954		
39		-0.001851		
39.05		-0.0018086		
39.1		-0.0017682		
39.15		-0.0017296		
39.2		-0.0016927		
39.25		-0.0016574		
39.3		-0.0016235		
39.35		-0.001591		
39.4		-0.0015598		
39.45		-0.0015297		
39.5		-0.0015007		
39.55		-0.0014728		
39.6		-0.0014459		
39.65		-0.0014198		
39.7		-0.0013947		
39.75		-0.0013703		
39.8		-0.0013467		
39.85		-0.0013238		
39.9		-0.0013015		
39.95		-0.0012799		
40		-0.0012589		
40.05		-0.0012385		
40.1		-0.0012186		
40.15		-0.0011993		
40.2		-0.0011804		
40.25		-0.0011619		
40.3		-0.0011439		
40.35		-0.0011264		
40.4		-0.0011092		
40.45		-0.0010924		
40.5		-0.0010759		
40.55		-0.0010599		
40.6		-0.0010441		
40.65		-0.0010287		
40.7		-0.0010135		
40.75		-0.00099872		
40.8		-0.00098417		
40.85		-0.00096989		
40.9		-0.00095588		
40.95		-0.00094213		
41		-0.00092862		
41.05		-0.00091534		
41.1		-0.0009023		
41.15		-0.00088948		
41.2		-0.00087688		
41.25		-0.00086449		
41.3		-0.0008523		
41.35		-0.0008403		
41.4		-0.00082851		
41.45		-0.00081689		
41.5		-0.00080546		
41.55		-0.00079421		
41.6		-0.00078314		
41.65		-0.00077223		
41.7		-0.00076149		
41.75		-0.00075091		
41.8		-0.00074048		
41.85		-0.00073022		
41.9		-0.0007201		
41.95		-0.00071013		
42		-0.00070031		
42.05		-0.00069063		
42.1		-0.00068109		
42.15		-0.00067169		
42.2		-0.00066242		
42.25		-0.00065328		
42.3		-0.00064428		
42.35		-0.0006354		
42.4		-0.00062664		
42.45		-0.00061801		
42.5		-0.0006095		
42.55		-0.00060111		
42.6		-0.00059284		
42.65		-0.00058468		
42.7		-0.00057663		
42.75		-0.00056869		
42.8		-0.00056087		
42.85		-0.00055315		
42.9		-0.00054554		
42.95		-0.00053803		
43		-0.00053063		
43.05		-0.00052333		
43.1		-0.00051612		
43.15		-0.00050902		
43.2		-0.00050202		
43.25		-0.00049511		
43.3		-0.00048829		
43.35		-0.00048157		
43.4		-0.00047494		
43.45		-0.0004684		
43.5		-0.00046195		
43.55		-0.00045558		
43.6		-0.00044931		
43.65		-0.00044312		
43.7		-0.00043701		
43.75		-0.00043099		
43.8		-0.00042505		
43.85		-0.00041919		
43.9		-0.00041341		
43.95		-0.00040771		
44		-0.00040209		
44.05		-0.00039654		
44.1		-0.00039107		
44.15		-0.00038568		
44.2		-0.00038036		
44.25		-0.00037511		
44.3		-0.00036993		
44.35		-0.00036483		
44.4		-0.00035979		
44.45		-0.00035482		
44.5		-0.00034993		
44.55		-0.00034509		
44.6		-0.00034033		
44.65		-0.00033563		
44.7		-0.000331		
44.75		-0.00032643		
44.8		-0.00032192		
44.85		-0.00031747		
44.9		-0.00031309		
44.95		-0.00030877		
45		-0.0003045		
45.05		-0.0003003		
45.1		-0.00029615		
45.15		-0.00029206		
45.2		-0.00028803		
45.25		-0.00028405		
45.3		-0.00028013		
45.35		-0.00027626		
45.4		-0.00027245		
45.45		-0.00026869		
45.5		-0.00026498		
45.55		-0.00026132		
45.6		-0.00025772		
45.65		-0.00025416		
45.7		-0.00025066		
45.75		-0.0002472		
45.8		-0.0002438		
45.85		-0.00024043		
45.9		-0.00023712		
45.95		-0.00023385		
46		-0.00023063		
46.05		-0.00022746		
46.1		-0.00022433		
46.15		-0.00022124		
46.2		-0.0002182		
46.25		-0.0002152		
46.3		-0.00021224		
46.35		-0.00020932		
46.4		-0.00020644		
46.45		-0.00020361		
46.5		-0.00020081		
46.55		-0.00019806		
46.6		-0.00019534		
46.65		-0.00019267		
46.7		-0.00019003		
46.75		-0.00018742		
46.8		-0.00018486		
46.85		-0.00018233		
46.9		-0.00017984		
46.95		-0.00017738		
47		-0.00017496		
47.05		-0.00017257		
47.1		-0.00017021		
47.15		-0.00016789		
47.2		-0.0001656		
47.25		-0.00016335		
47.3		-0.00016113		
47.35		-0.00015894		
47.4		-0.00015678		
47.45		-0.00015465		
47.5		-0.00015255		
47.55		-0.00015048		
47.6		-0.00014844		
47.65		-0.00014644		
47.7		-0.00014446		
47.75		-0.0001425		
47.8		-0.00014058		
47.85		-0.00013868		
47.9		-0.00013681		
47.95		-0.00013497		
48		-0.00013316		
48.05		-0.00013137		
48.1		-0.0001296		
48.15		-0.00012787		
48.2		-0.00012615		
48.25		-0.00012447		
48.3		-0.0001228		
48.35		-0.00012116		
48.4		-0.00011955		
48.45		-0.00011795		
48.5		-0.00011638		
48.55		-0.00011484		
48.6		-0.00011331		
48.65		-0.00011181		
48.7		-0.00011033		
48.75		-0.00010887		
48.8		-0.00010743		
48.85		-0.00010601		
48.9		-0.00010461		
48.95		-0.00010324		
49		-0.00010188		
49.05		-0.00010054		
49.1		-9.9226e-05		
49.15		-9.7927e-05		
49.2		-9.6647e-05		
49.25		-9.5386e-05		
49.3		-9.4142e-05		
49.35		-9.2917e-05		
49.4		-9.171e-05		
49.45		-9.052e-05		
49.5		-8.9348e-05		
49.55		-8.8192e-05		
49.6		-8.7053e-05		
49.65		-8.5931e-05		
49.7		-8.4825e-05		
49.75		-8.3735e-05		
49.8		-8.2661e-05		
49.85		-8.1602e-05		
49.9		-8.0559e-05		
49.95		-7.9531e-05		
50		-7.8518e-05		
