t [fm]		e/e0
0.25		1
0.3		0.79122		
0.35		0.65375		
0.4		0.55654		
0.45		0.48418		
0.5		0.42821		
0.55		0.3836		
0.6		0.34721		
0.65		0.31695		
0.7		0.29138		
0.75		0.26948		
0.8		0.25053		
0.85		0.23395		
0.9		0.21934		
0.95		0.20636		
1		0.19475		
1.05		0.18431		
1.1		0.17486		
1.15		0.16629		
1.2		0.15846		
1.25		0.15129		
1.3		0.1447		
1.35		0.13862		
1.4		0.133		
1.45		0.12778		
1.5		0.12293		
1.55		0.11841		
1.6		0.11418		
1.65		0.11022		
1.7		0.10651		
1.75		0.10302		
1.8		0.099729		
1.85		0.096628		
1.9		0.093698		
1.95		0.090927		
2		0.088301		
2.05		0.08581		
2.1		0.083444		
2.15		0.081194		
2.2		0.079052		
2.25		0.07701		
2.3		0.075063		
2.35		0.073203		
2.4		0.071425		
2.45		0.069724		
2.5		0.068095		
2.55		0.066533		
2.6		0.065036		
2.65		0.063599		
2.7		0.062218		
2.75		0.060891		
2.8		0.059614		
2.85		0.058385		
2.9		0.057201		
2.95		0.05606		
3		0.05496		
3.05		0.053898		
3.1		0.052873		
3.15		0.051882		
3.2		0.050925		
3.25		0.05		
3.3		0.049104		
3.35		0.048238		
3.4		0.047398		
3.45		0.046585		
3.5		0.045797		
3.55		0.045033		
3.6		0.044292		
3.65		0.043572		
3.7		0.042874		
3.75		0.042195		
3.8		0.041536		
3.85		0.040896		
3.9		0.040273		
3.95		0.039667		
4		0.039078		
4.05		0.038504		
4.1		0.037946		
4.15		0.037402		
4.2		0.036872		
4.25		0.036356		
4.3		0.035853		
4.35		0.035362		
4.4		0.034884		
4.45		0.034417		
4.5		0.033961		
4.55		0.033517		
4.6		0.033083		
4.65		0.032659		
4.7		0.032245		
4.75		0.03184		
4.8		0.031445		
4.85		0.031058		
4.9		0.030681		
4.95		0.030311		
5		0.02995		
5.05		0.029596		
5.1		0.02925		
5.15		0.028911		
5.2		0.02858		
5.25		0.028255		
5.3		0.027937		
5.35		0.027626		
5.4		0.027321		
5.45		0.027022		
5.5		0.026729		
5.55		0.026441		
5.6		0.02616		
5.65		0.025884		
5.7		0.025613		
5.75		0.025347		
5.8		0.025087		
5.85		0.024831		
5.9		0.02458		
5.95		0.024334		
6		0.024092		
6.05		0.023854		
6.1		0.023621		
6.15		0.023392		
6.2		0.023167		
6.25		0.022946		
6.3		0.022729		
6.35		0.022516		
6.4		0.022306		
6.45		0.0221		
6.5		0.021898		
6.55		0.021699		
6.6		0.021503		
6.65		0.02131		
6.7		0.021121		
6.75		0.020934		
6.8		0.020751		
6.85		0.020571		
6.9		0.020393		
6.95		0.020218		
7		0.020047		
7.05		0.019877		
7.1		0.019711		
7.15		0.019547		
7.2		0.019385		
7.25		0.019226		
7.3		0.019069		
7.35		0.018915		
7.4		0.018763		
7.45		0.018613		
7.5		0.018466		
7.55		0.018321		
7.6		0.018177		
7.65		0.018036		
7.7		0.017897		
7.75		0.01776		
7.8		0.017624		
7.85		0.017491		
7.9		0.01736		
7.95		0.01723		
8		0.017102		
8.05		0.016976		
8.1		0.016852		
8.15		0.016729		
8.2		0.016608		
8.25		0.016488		
8.3		0.016371		
8.35		0.016254		
8.4		0.01614		
8.45		0.016026		
8.5		0.015915		
8.55		0.015804		
8.6		0.015695		
8.65		0.015588		
8.7		0.015482		
8.75		0.015377		
8.8		0.015273		
8.85		0.015171		
8.9		0.01507		
8.95		0.014971		
9		0.014872		
9.05		0.014775		
9.1		0.014679		
9.15		0.014584		
9.2		0.01449		
9.25		0.014398		
9.3		0.014306		
9.35		0.014216		
9.4		0.014126		
9.45		0.014038		
9.5		0.013951		
9.55		0.013864		
9.6		0.013779		
9.65		0.013695		
9.7		0.013611		
9.75		0.013529		
9.8		0.013447		
9.85		0.013367		
9.9		0.013287		
9.95		0.013208		
10		0.01313		
10.05		0.013053		
10.1		0.012977		
10.15		0.012902		
10.2		0.012827		
10.25		0.012753		
10.3		0.01268		
10.35		0.012608		
10.4		0.012537		
10.45		0.012466		
10.5		0.012396		
10.55		0.012327		
10.6		0.012259		
10.65		0.012191		
10.7		0.012124		
10.75		0.012057		
10.8		0.011992		
10.85		0.011927		
10.9		0.011862		
10.95		0.011799		
11		0.011736		
11.05		0.011673		
11.1		0.011611		
11.15		0.01155		
11.2		0.01149		
11.25		0.01143		
11.3		0.01137		
11.35		0.011311		
11.4		0.011253		
11.45		0.011195		
11.5		0.011138		
11.55		0.011082		
11.6		0.011026		
11.65		0.01097		
11.7		0.010915		
11.75		0.010861		
11.8		0.010807		
11.85		0.010753		
11.9		0.0107		
11.95		0.010648		
12		0.010596		
12.05		0.010544		
12.1		0.010493		
12.15		0.010442		
12.2		0.010392		
12.25		0.010343		
12.3		0.010293		
12.35		0.010245		
12.4		0.010196		
12.45		0.010148		
12.5		0.010101		
12.55		0.010054		
12.6		0.010007		
12.65		0.0099608		
12.7		0.0099149		
12.75		0.0098694		
12.8		0.0098243		
12.85		0.0097797		
12.9		0.0097353		
12.95		0.0096914		
13		0.0096479		
13.05		0.0096047		
13.1		0.0095618		
13.15		0.0095194		
13.2		0.0094773		
13.25		0.0094355		
13.3		0.0093941		
13.35		0.009353		
13.4		0.0093123		
13.45		0.0092719		
13.5		0.0092318		
13.55		0.0091921		
13.6		0.0091527		
13.65		0.0091136		
13.7		0.0090748		
13.75		0.0090363		
13.8		0.0089981		
13.85		0.0089603		
13.9		0.0089227		
13.95		0.0088854		
14		0.0088485		
14.05		0.0088118		
14.1		0.0087754		
14.15		0.0087393		
14.2		0.0087035		
14.25		0.0086679		
14.3		0.0086326		
14.35		0.0085976		
14.4		0.0085629		
14.45		0.0085284		
14.5		0.0084942		
14.55		0.0084602		
14.6		0.0084265		
14.65		0.0083931		
14.7		0.0083599		
14.75		0.0083269		
14.8		0.0082942		
14.85		0.0082618		
14.9		0.0082296		
14.95		0.0081976		
15		0.0081658		
15.05		0.0081343		
15.1		0.008103		
15.15		0.008072		
15.2		0.0080411		
15.25		0.0080105		
15.3		0.0079801		
15.35		0.00795		
15.4		0.00792		
15.45		0.0078903		
15.5		0.0078607		
15.55		0.0078314		
15.6		0.0078023		
15.65		0.0077734		
15.7		0.0077447		
15.75		0.0077162		
15.8		0.0076879		
15.85		0.0076598		
15.9		0.0076318		
15.95		0.0076041		
16		0.0075766		
16.05		0.0075492		
16.1		0.0075221		
16.15		0.0074951		
16.2		0.0074683		
16.25		0.0074417		
16.3		0.0074153		
16.35		0.007389		
16.4		0.0073629		
16.45		0.007337		
16.5		0.0073113		
16.55		0.0072857		
16.6		0.0072603		
16.65		0.0072351		
16.7		0.0072101		
16.75		0.0071852		
16.8		0.0071604		
16.85		0.0071359		
16.9		0.0071115		
16.95		0.0070872		
17		0.0070631		
17.05		0.0070392		
17.1		0.0070154		
17.15		0.0069918		
17.2		0.0069683		
17.25		0.006945		
17.3		0.0069218		
17.35		0.0068987		
17.4		0.0068759		
17.45		0.0068531		
17.5		0.0068305		
17.55		0.006808		
17.6		0.0067857		
17.65		0.0067635		
17.7		0.0067415		
17.75		0.0067196		
17.8		0.0066978		
17.85		0.0066762		
17.9		0.0066546		
17.95		0.0066333		
18		0.006612		
18.05		0.0065909		
18.1		0.0065699		
18.15		0.0065491		
18.2		0.0065283		
18.25		0.0065077		
18.3		0.0064872		
18.35		0.0064669		
18.4		0.0064466		
18.45		0.0064265		
18.5		0.0064065		
18.55		0.0063866		
18.6		0.0063668		
18.65		0.0063472		
18.7		0.0063276		
18.75		0.0063082		
18.8		0.0062889		
18.85		0.0062697		
18.9		0.0062506		
18.95		0.0062316		
19		0.0062128		
19.05		0.006194		
19.1		0.0061754		
19.15		0.0061568		
19.2		0.0061384		
19.25		0.00612		
19.3		0.0061018		
19.35		0.0060837		
19.4		0.0060657		
19.45		0.0060477		
19.5		0.0060299		
19.55		0.0060122		
19.6		0.0059946		
19.65		0.005977		
19.7		0.0059596		
19.75		0.0059423		
19.8		0.0059251		
19.85		0.0059079		
19.9		0.0058909		
19.95		0.0058739		
20		0.0058571		
20.05		0.0058403		
20.1		0.0058236		
20.15		0.005807		
20.2		0.0057905		
20.25		0.0057741		
20.3		0.0057578		
20.35		0.0057416		
20.4		0.0057254		
20.45		0.0057094		
20.5		0.0056934		
20.55		0.0056775		
20.6		0.0056617		
20.65		0.005646		
20.7		0.0056303		
20.75		0.0056148		
20.8		0.0055993		
20.85		0.0055839		
20.9		0.0055686		
20.95		0.0055534		
21		0.0055382		
21.05		0.0055232		
21.1		0.0055082		
21.15		0.0054932		
21.2		0.0054784		
21.25		0.0054636		
21.3		0.0054489		
21.35		0.0054343		
21.4		0.0054198		
21.45		0.0054053		
21.5		0.0053909		
21.55		0.0053766		
21.6		0.0053624		
21.65		0.0053482		
21.7		0.0053341		
21.75		0.00532		
21.8		0.0053061		
21.85		0.0052922		
21.9		0.0052784		
21.95		0.0052646		
22		0.0052509		
22.05		0.0052373		
22.1		0.0052237		
22.15		0.0052103		
22.2		0.0051968		
22.25		0.0051835		
22.3		0.0051702		
22.35		0.005157		
22.4		0.0051438		
22.45		0.0051307		
22.5		0.0051177		
22.55		0.0051047		
22.6		0.0050918		
22.65		0.0050789		
22.7		0.0050662		
22.75		0.0050534		
22.8		0.0050408		
22.85		0.0050282		
22.9		0.0050156		
22.95		0.0050031		
23		0.0049907		
23.05		0.0049784		
23.1		0.004966		
23.15		0.0049538		
23.2		0.0049416		
23.25		0.0049295		
23.3		0.0049174		
23.35		0.0049054		
23.4		0.0048934		
23.45		0.0048815		
23.5		0.0048696		
23.55		0.0048578		
23.6		0.0048461		
23.65		0.0048344		
23.7		0.0048228		
23.75		0.0048112		
23.8		0.0047996		
23.85		0.0047882		
23.9		0.0047767		
23.95		0.0047653		
24		0.004754		
24.05		0.0047428		
24.1		0.0047315		
24.15		0.0047204		
24.2		0.0047092		
24.25		0.0046982		
24.3		0.0046871		
24.35		0.0046762		
24.4		0.0046652		
24.45		0.0046544		
24.5		0.0046435		
24.55		0.0046327		
24.6		0.004622		
24.65		0.0046113		
24.7		0.0046007		
24.75		0.0045901		
24.8		0.0045795		
24.85		0.004569		
24.9		0.0045586		
24.95		0.0045482		
25		0.0045378		
25.05		0.0045275		
25.1		0.0045172		
25.15		0.004507		
25.2		0.0044968		
25.25		0.0044866		
25.3		0.0044765		
25.35		0.0044665		
25.4		0.0044565		
25.45		0.0044465		
25.5		0.0044366		
25.55		0.0044267		
25.6		0.0044168		
25.65		0.004407		
25.7		0.0043972		
25.75		0.0043875		
25.8		0.0043778		
25.85		0.0043682		
25.9		0.0043586		
25.95		0.004349		
26		0.0043395		
26.05		0.00433		
26.1		0.0043206		
26.15		0.0043111		
26.2		0.0043018		
26.25		0.0042924		
26.3		0.0042831		
26.35		0.0042739		
26.4		0.0042647		
26.45		0.0042555		
26.5		0.0042463		
26.55		0.0042372		
26.6		0.0042282		
26.65		0.0042191		
26.7		0.0042101		
26.75		0.0042012		
26.8		0.0041922		
26.85		0.0041833		
26.9		0.0041745		
26.95		0.0041657		
27		0.0041569		
27.05		0.0041481		
27.1		0.0041394		
27.15		0.0041307		
27.2		0.0041221		
27.25		0.0041135		
27.3		0.0041049		
27.35		0.0040963		
27.4		0.0040878		
27.45		0.0040793		
27.5		0.0040709		
27.55		0.0040625		
27.6		0.0040541		
27.65		0.0040457		
27.7		0.0040374		
27.75		0.0040291		
27.8		0.0040209		
27.85		0.0040126		
27.9		0.0040045		
27.95		0.0039963		
28		0.0039882		
28.05		0.0039801		
28.1		0.003972		
28.15		0.003964		
28.2		0.0039559		
28.25		0.003948		
28.3		0.00394		
28.35		0.0039321		
28.4		0.0039242		
28.45		0.0039164		
28.5		0.0039085		
28.55		0.0039007		
28.6		0.0038929		
28.65		0.0038852		
28.7		0.0038775		
28.75		0.0038698		
28.8		0.0038621		
28.85		0.0038545		
28.9		0.0038469		
28.95		0.0038393		
29		0.0038318		
29.05		0.0038243		
29.1		0.0038168		
29.15		0.0038093		
29.2		0.0038019		
29.25		0.0037945		
29.3		0.0037871		
29.35		0.0037797		
29.4		0.0037724		
29.45		0.0037651		
29.5		0.0037578		
29.55		0.0037506		
29.6		0.0037434		
29.65		0.0037362		
29.7		0.003729		
29.75		0.0037218		
29.8		0.0037147		
29.85		0.0037076		
29.9		0.0037006		
29.95		0.0036935		
30		0.0036865		
30.05		0.0036795		
30.1		0.0036725		
30.15		0.0036656		
30.2		0.0036587		
30.25		0.0036518		
30.3		0.0036449		
30.35		0.003638		
30.4		0.0036312		
30.45		0.0036244		
30.5		0.0036176		
30.55		0.0036109		
30.6		0.0036041		
30.65		0.0035974		
30.7		0.0035908		
30.75		0.0035841		
30.8		0.0035775		
30.85		0.0035708		
30.9		0.0035642		
30.95		0.0035577		
31		0.0035511		
31.05		0.0035446		
31.1		0.0035381		
31.15		0.0035316		
31.2		0.0035252		
31.25		0.0035187		
31.3		0.0035123		
31.35		0.0035059		
31.4		0.0034995		
31.45		0.0034932		
31.5		0.0034869		
31.55		0.0034806		
31.6		0.0034743		
31.65		0.003468		
31.7		0.0034618		
31.75		0.0034555		
31.8		0.0034493		
31.85		0.0034432		
31.9		0.003437		
31.95		0.0034309		
32		0.0034247		
32.05		0.0034186		
32.1		0.0034126		
32.15		0.0034065		
32.2		0.0034005		
32.25		0.0033944		
32.3		0.0033884		
32.35		0.0033825		
32.4		0.0033765		
32.45		0.0033706		
32.5		0.0033646		
32.55		0.0033587		
32.6		0.0033529		
32.65		0.003347		
32.7		0.0033412		
32.75		0.0033353		
32.8		0.0033295		
32.85		0.0033237		
32.9		0.003318		
32.95		0.0033122		
33		0.0033065		
33.05		0.0033008		
33.1		0.0032951		
33.15		0.0032894		
33.2		0.0032838		
33.25		0.0032781		
33.3		0.0032725		
33.35		0.0032669		
33.4		0.0032613		
33.45		0.0032557		
33.5		0.0032502		
33.55		0.0032447		
33.6		0.0032391		
33.65		0.0032336		
33.7		0.0032282		
33.75		0.0032227		
33.8		0.0032173		
33.85		0.0032118		
33.9		0.0032064		
33.95		0.003201		
34		0.0031956		
34.05		0.0031903		
34.1		0.0031849		
34.15		0.0031796		
34.2		0.0031743		
34.25		0.003169		
34.3		0.0031637		
34.35		0.0031585		
34.4		0.0031532		
34.45		0.003148		
34.5		0.0031428		
34.55		0.0031376		
34.6		0.0031324		
34.65		0.0031273		
34.7		0.0031221		
34.75		0.003117		
34.8		0.0031119		
34.85		0.0031068		
34.9		0.0031017		
34.95		0.0030966		
35		0.0030916		
35.05		0.0030865		
35.1		0.0030815		
35.15		0.0030765		
35.2		0.0030715		
35.25		0.0030665		
35.3		0.0030616		
35.35		0.0030566		
35.4		0.0030517		
35.45		0.0030468		
35.5		0.0030419		
35.55		0.003037		
35.6		0.0030321		
35.65		0.0030272		
35.7		0.0030224		
35.75		0.0030176		
35.8		0.0030128		
35.85		0.003008		
35.9		0.0030032		
35.95		0.0029984		
36		0.0029936		
36.05		0.0029889		
36.1		0.0029842		
36.15		0.0029795		
36.2		0.0029748		
36.25		0.0029701		
36.3		0.0029654		
36.35		0.0029607		
36.4		0.0029561		
36.45		0.0029515		
36.5		0.0029468		
36.55		0.0029422		
36.6		0.0029376		
36.65		0.0029331		
36.7		0.0029285		
36.75		0.0029239		
36.8		0.0029194		
36.85		0.0029149		
36.9		0.0029104		
36.95		0.0029059		
37		0.0029014		
37.05		0.0028969		
37.1		0.0028925		
37.15		0.002888		
37.2		0.0028836		
37.25		0.0028792		
37.3		0.0028747		
37.35		0.0028704		
37.4		0.002866		
37.45		0.0028616		
37.5		0.0028572		
37.55		0.0028529		
37.6		0.0028486		
37.65		0.0028442		
37.7		0.0028399		
37.75		0.0028356		
37.8		0.0028313		
37.85		0.0028271		
37.9		0.0028228		
37.95		0.0028186		
38		0.0028143		
38.05		0.0028101		
38.1		0.0028059		
38.15		0.0028017		
38.2		0.0027975		
38.25		0.0027933		
38.3		0.0027892		
38.35		0.002785		
38.4		0.0027809		
38.45		0.0027767		
38.5		0.0027726		
38.55		0.0027685		
38.6		0.0027644		
38.65		0.0027603		
38.7		0.0027563		
38.75		0.0027522		
38.8		0.0027481		
38.85		0.0027441		
38.9		0.0027401		
38.95		0.0027361		
39		0.002732		
39.05		0.0027281		
39.1		0.0027241		
39.15		0.0027201		
39.2		0.0027161		
39.25		0.0027122		
39.3		0.0027082		
39.35		0.0027043		
39.4		0.0027004		
39.45		0.0026965		
39.5		0.0026926		
39.55		0.0026887		
39.6		0.0026848		
39.65		0.0026809		
39.7		0.0026771		
39.75		0.0026732		
39.8		0.0026694		
39.85		0.0026656		
39.9		0.0026618		
39.95		0.002658		
40		0.0026542		
40.05		0.0026504		
40.1		0.0026466		
40.15		0.0026428		
40.2		0.0026391		
40.25		0.0026353		
40.3		0.0026316		
40.35		0.0026279		
40.4		0.0026242		
40.45		0.0026205		
40.5		0.0026168		
40.55		0.0026131		
40.6		0.0026094		
40.65		0.0026057		
40.7		0.0026021		
40.75		0.0025984		
40.8		0.0025948		
40.85		0.0025912		
40.9		0.0025876		
40.95		0.002584		
41		0.0025804		
41.05		0.0025768		
41.1		0.0025732		
41.15		0.0025696		
41.2		0.0025661		
41.25		0.0025625		
41.3		0.002559		
41.35		0.0025554		
41.4		0.0025519		
41.45		0.0025484		
41.5		0.0025449		
41.55		0.0025414		
41.6		0.0025379		
41.65		0.0025344		
41.7		0.0025309		
41.75		0.0025275		
41.8		0.002524		
41.85		0.0025206		
41.9		0.0025171		
41.95		0.0025137		
42		0.0025103		
42.05		0.0025069		
42.1		0.0025035		
42.15		0.0025001		
42.2		0.0024967		
42.25		0.0024933		
42.3		0.00249		
42.35		0.0024866		
42.4		0.0024833		
42.45		0.0024799		
42.5		0.0024766		
42.55		0.0024733		
42.6		0.00247		
42.65		0.0024667		
42.7		0.0024634		
42.75		0.0024601		
42.8		0.0024568		
42.85		0.0024535		
42.9		0.0024502		
42.95		0.002447		
43		0.0024437		
43.05		0.0024405		
43.1		0.0024373		
43.15		0.002434		
43.2		0.0024308		
43.25		0.0024276		
43.3		0.0024244		
43.35		0.0024212		
43.4		0.002418		
43.45		0.0024149		
43.5		0.0024117		
43.55		0.0024085		
43.6		0.0024054		
43.65		0.0024022		
43.7		0.0023991		
43.75		0.002396		
43.8		0.0023928		
43.85		0.0023897		
43.9		0.0023866		
43.95		0.0023835		
44		0.0023804		
44.05		0.0023773		
44.1		0.0023743		
44.15		0.0023712		
44.2		0.0023681		
44.25		0.0023651		
44.3		0.002362		
44.35		0.002359		
44.4		0.0023559		
44.45		0.0023529		
44.5		0.0023499		
44.55		0.0023469		
44.6		0.0023439		
44.65		0.0023409		
44.7		0.0023379		
44.75		0.0023349		
44.8		0.0023319		
44.85		0.002329		
44.9		0.002326		
44.95		0.002323		
45		0.0023201		
45.05		0.0023172		
45.1		0.0023142		
45.15		0.0023113		
45.2		0.0023084		
45.25		0.0023055		
45.3		0.0023026		
45.35		0.0022997		
45.4		0.0022968		
45.45		0.0022939		
45.5		0.002291		
45.55		0.0022881		
45.6		0.0022853		
45.65		0.0022824		
45.7		0.0022796		
45.75		0.0022767		
45.8		0.0022739		
45.85		0.002271		
45.9		0.0022682		
45.95		0.0022654		
46		0.0022626		
46.05		0.0022598		
46.1		0.002257		
46.15		0.0022542		
46.2		0.0022514		
46.25		0.0022486		
46.3		0.0022459		
46.35		0.0022431		
46.4		0.0022403		
46.45		0.0022376		
46.5		0.0022348		
46.55		0.0022321		
46.6		0.0022293		
46.65		0.0022266		
46.7		0.0022239		
46.75		0.0022212		
46.8		0.0022185		
46.85		0.0022158		
46.9		0.0022131		
46.95		0.0022104		
47		0.0022077		
47.05		0.002205		
47.1		0.0022023		
47.15		0.0021997		
47.2		0.002197		
47.25		0.0021944		
47.3		0.0021917		
47.35		0.0021891		
47.4		0.0021864		
47.45		0.0021838		
47.5		0.0021812		
47.55		0.0021786		
47.6		0.0021759		
47.65		0.0021733		
47.7		0.0021707		
47.75		0.0021681		
47.8		0.0021655		
47.85		0.002163		
47.9		0.0021604		
47.95		0.0021578		
48		0.0021552		
48.05		0.0021527		
48.1		0.0021501		
48.15		0.0021476		
48.2		0.002145		
48.25		0.0021425		
48.3		0.00214		
48.35		0.0021374		
48.4		0.0021349		
48.45		0.0021324		
48.5		0.0021299		
48.55		0.0021274		
48.6		0.0021249		
48.65		0.0021224		
48.7		0.0021199		
48.75		0.0021174		
48.8		0.0021149		
48.85		0.0021125		
48.9		0.00211		
48.95		0.0021075		
49		0.0021051		
49.05		0.0021026		
49.1		0.0021002		
49.15		0.0020977		
49.2		0.0020953		
49.25		0.0020929		
49.3		0.0020905		
49.35		0.002088		
49.4		0.0020856		
49.45		0.0020832		
49.5		0.0020808		
49.55		0.0020784		
49.6		0.002076		
49.65		0.0020736		
49.7		0.0020712		
49.75		0.0020689		
49.8		0.0020665		
49.85		0.0020641		
49.9		0.0020618		
49.95		0.0020594		
50		0.0020571		
