t [fm]		lambda [fm^-1]
0.25		0.97772
0.26		0.85887		
0.27		0.8882		
0.28		0.92894		
0.29		0.97208		
0.3		1.0155		
0.31		1.0586		
0.32		1.1012		
0.33		1.1431		
0.34		1.1844		
0.35		1.2251		
0.36		1.2652		
0.37		1.3046		
0.38		1.3434		
0.39		1.3816		
0.4		1.4191		
0.41		1.456		
0.42		1.4922		
0.43		1.5277		
0.44		1.5625		
0.45		1.5965		
0.46		1.6298		
0.47		1.6622		
0.48		1.6937		
0.49		1.7244		
0.5		1.7541		
0.51		1.7829		
0.52		1.8107		
0.53		1.8375		
0.54		1.8633		
0.55		1.888		
0.56		1.9117		
0.57		1.9342		
0.58		1.9557		
0.59		1.9761		
0.6		1.9953		
0.61		2.0134		
0.62		2.0305		
0.63		2.0464		
0.64		2.0612		
0.65		2.0749		
0.66		2.0876		
0.67		2.0992		
0.68		2.1098		
0.69		2.1194		
0.7		2.128		
0.71		2.1356		
0.72		2.1423		
0.73		2.1482		
0.74		2.1531		
0.75		2.1573		
0.76		2.1606		
0.77		2.1632		
0.78		2.1651		
0.79		2.1663		
0.8		2.1669		
0.81		2.1668		
0.82		2.1661		
0.83		2.1649		
0.84		2.1632		
0.85		2.161		
0.86		2.1584		
0.87		2.1553		
0.88		2.1518		
0.89		2.148		
0.9		2.1439		
0.91		2.1394		
0.92		2.1346		
0.93		2.1296		
0.94		2.1244		
0.95		2.1189		
0.96		2.1132		
0.97		2.1074		
0.98		2.1013		
0.99		2.0952		
1		2.0889		
1.01		2.0825		
1.02		2.076		
1.03		2.0695		
1.04		2.0628		
1.05		2.0561		
1.06		2.0494		
1.07		2.0426		
1.08		2.0358		
1.09		2.0289		
1.1		2.0221		
1.11		2.0152		
1.12		2.0084		
1.13		2.0015		
1.14		1.9947		
1.15		1.9879		
1.16		1.9811		
1.17		1.9743		
1.18		1.9676		
1.19		1.9609		
1.2		1.9542		
1.21		1.9476		
1.22		1.941		
1.23		1.9345		
1.24		1.928		
1.25		1.9216		
1.26		1.9152		
1.27		1.9089		
1.28		1.9026		
1.29		1.8964		
1.3		1.8902		
1.31		1.8841		
1.32		1.8781		
1.33		1.8721		
1.34		1.8662		
1.35		1.8603		
1.36		1.8545		
1.37		1.8488		
1.38		1.8431		
1.39		1.8375		
1.4		1.8319		
1.41		1.8264		
1.42		1.821		
1.43		1.8156		
1.44		1.8103		
1.45		1.805		
1.46		1.7998		
1.47		1.7947		
1.48		1.7896		
1.49		1.7845		
1.5		1.7796		
1.51		1.7746		
1.52		1.7698		
1.53		1.7649		
1.54		1.7602		
1.55		1.7555		
1.56		1.7508		
1.57		1.7462		
1.58		1.7416		
1.59		1.7371		
1.6		1.7327		
1.61		1.7283		
1.62		1.7239		
1.63		1.7196		
1.64		1.7153		
1.65		1.7111		
1.66		1.7069		
1.67		1.7028		
1.68		1.6987		
1.69		1.6947		
1.7		1.6907		
1.71		1.6867		
1.72		1.6828		
1.73		1.679		
1.74		1.6751		
1.75		1.6713		
1.76		1.6676		
1.77		1.6639		
1.78		1.6602		
1.79		1.6566		
1.8		1.653		
1.81		1.6494		
1.82		1.6459		
1.83		1.6424		
1.84		1.639		
1.85		1.6356		
1.86		1.6322		
1.87		1.6288		
1.88		1.6255		
1.89		1.6222		
1.9		1.619		
1.91		1.6157		
1.92		1.6126		
1.93		1.6094		
1.94		1.6063		
1.95		1.6032		
1.96		1.6001		
1.97		1.5971		
1.98		1.5941		
1.99		1.5911		
2		1.5881		
2.01		1.5852		
2.02		1.5823		
2.03		1.5794		
2.04		1.5766		
2.05		1.5738		
2.06		1.571		
2.07		1.5682		
2.08		1.5655		
2.09		1.5627		
2.1		1.56		
2.11		1.5574		
2.12		1.5547		
2.13		1.5521		
2.14		1.5495		
2.15		1.5469		
2.16		1.5444		
2.17		1.5418		
2.18		1.5393		
2.19		1.5368		
2.2		1.5344		
2.21		1.5319		
2.22		1.5295		
2.23		1.5271		
2.24		1.5247		
2.25		1.5223		
2.26		1.52		
2.27		1.5176		
2.28		1.5153		
2.29		1.513		
2.3		1.5108		
2.31		1.5085		
2.32		1.5063		
2.33		1.504		
2.34		1.5018		
2.35		1.4997		
2.36		1.4975		
2.37		1.4953		
2.38		1.4932		
2.39		1.4911		
2.4		1.489		
2.41		1.4869		
2.42		1.4848		
2.43		1.4828		
2.44		1.4807		
2.45		1.4787		
2.46		1.4767		
2.47		1.4747		
2.48		1.4727		
2.49		1.4708		
2.5		1.4688		
2.51		1.4669		
2.52		1.465		
2.53		1.4631		
2.54		1.4612		
2.55		1.4593		
2.56		1.4574		
2.57		1.4556		
2.58		1.4538		
2.59		1.4519		
2.6		1.4501		
2.61		1.4483		
2.62		1.4465		
2.63		1.4448		
2.64		1.443		
2.65		1.4412		
2.66		1.4395		
2.67		1.4378		
2.68		1.4361		
2.69		1.4344		
2.7		1.4327		
2.71		1.431		
2.72		1.4293		
2.73		1.4277		
2.74		1.426		
2.75		1.4244		
2.76		1.4228		
2.77		1.4211		
2.78		1.4195		
2.79		1.4179		
2.8		1.4164		
2.81		1.4148		
2.82		1.4132		
2.83		1.4117		
2.84		1.4101		
2.85		1.4086		
2.86		1.4071		
2.87		1.4056		
2.88		1.4041		
2.89		1.4026		
2.9		1.4011		
2.91		1.3996		
2.92		1.3981		
2.93		1.3967		
2.94		1.3952		
2.95		1.3938		
2.96		1.3924		
2.97		1.3909		
2.98		1.3895		
2.99		1.3881		
3		1.3867		
3.01		1.3853		
3.02		1.3839		
3.03		1.3826		
3.04		1.3812		
3.05		1.3798		
3.06		1.3785		
3.07		1.3772		
3.08		1.3758		
3.09		1.3745		
3.1		1.3732		
3.11		1.3719		
3.12		1.3706		
3.13		1.3693		
3.14		1.368		
3.15		1.3667		
3.16		1.3654		
3.17		1.3642		
3.18		1.3629		
3.19		1.3617		
3.2		1.3604		
3.21		1.3592		
3.22		1.3579		
3.23		1.3567		
3.24		1.3555		
3.25		1.3543		
3.26		1.3531		
3.27		1.3519		
3.28		1.3507		
3.29		1.3495		
3.3		1.3483		
3.31		1.3471		
3.32		1.346		
3.33		1.3448		
3.34		1.3437		
3.35		1.3425		
3.36		1.3414		
3.37		1.3402		
3.38		1.3391		
3.39		1.338		
3.4		1.3369		
3.41		1.3357		
3.42		1.3346		
3.43		1.3335		
3.44		1.3324		
3.45		1.3313		
3.46		1.3303		
3.47		1.3292		
3.48		1.3281		
3.49		1.327		
3.5		1.326		
3.51		1.3249		
3.52		1.3239		
3.53		1.3228		
3.54		1.3218		
3.55		1.3207		
3.56		1.3197		
3.57		1.3187		
3.58		1.3177		
3.59		1.3166		
3.6		1.3156		
3.61		1.3146		
3.62		1.3136		
3.63		1.3126		
3.64		1.3116		
3.65		1.3106		
3.66		1.3096		
3.67		1.3087		
3.68		1.3077		
3.69		1.3067		
3.7		1.3058		
3.71		1.3048		
3.72		1.3038		
3.73		1.3029		
3.74		1.3019		
3.75		1.301		
3.76		1.3001		
3.77		1.2991		
3.78		1.2982		
3.79		1.2973		
3.8		1.2963		
3.81		1.2954		
3.82		1.2945		
3.83		1.2936		
3.84		1.2927		
3.85		1.2918		
3.86		1.2909		
3.87		1.29		
3.88		1.2891		
3.89		1.2882		
3.9		1.2873		
3.91		1.2865		
3.92		1.2856		
3.93		1.2847		
3.94		1.2838		
3.95		1.283		
3.96		1.2821		
3.97		1.2813		
3.98		1.2804		
3.99		1.2796		
4		1.2787		
4.01		1.2779		
4.02		1.277		
4.03		1.2762		
4.04		1.2754		
4.05		1.2745		
4.06		1.2737		
4.07		1.2729		
4.08		1.2721		
4.09		1.2713		
4.1		1.2705		
4.11		1.2697		
4.12		1.2689		
4.13		1.2681		
4.14		1.2673		
4.15		1.2665		
4.16		1.2657		
4.17		1.2649		
4.18		1.2641		
4.19		1.2633		
4.2		1.2625		
4.21		1.2618		
4.22		1.261		
4.23		1.2602		
4.24		1.2595		
4.25		1.2587		
4.26		1.2579		
4.27		1.2572		
4.28		1.2564		
4.29		1.2557		
4.3		1.2549		
4.31		1.2542		
4.32		1.2534		
4.33		1.2527		
4.34		1.252		
4.35		1.2512		
4.36		1.2505		
4.37		1.2498		
4.38		1.2491		
4.39		1.2483		
4.4		1.2476		
4.41		1.2469		
4.42		1.2462		
4.43		1.2455		
4.44		1.2448		
4.45		1.2441		
4.46		1.2434		
4.47		1.2427		
4.48		1.242		
4.49		1.2413		
4.5		1.2406		
4.51		1.2399		
4.52		1.2392		
4.53		1.2385		
4.54		1.2378		
4.55		1.2371		
4.56		1.2365		
4.57		1.2358		
4.58		1.2351		
4.59		1.2345		
4.6		1.2338		
4.61		1.2331		
4.62		1.2325		
4.63		1.2318		
4.64		1.2311		
4.65		1.2305		
4.66		1.2298		
4.67		1.2292		
4.68		1.2285		
4.69		1.2279		
4.7		1.2272		
4.71		1.2266		
4.72		1.226		
4.73		1.2253		
4.74		1.2247		
4.75		1.2241		
4.76		1.2234		
4.77		1.2228		
4.78		1.2222		
4.79		1.2215		
4.8		1.2209		
4.81		1.2203		
4.82		1.2197		
4.83		1.2191		
4.84		1.2185		
4.85		1.2178		
4.86		1.2172		
4.87		1.2166		
4.88		1.216		
4.89		1.2154		
4.9		1.2148		
4.91		1.2142		
4.92		1.2136		
4.93		1.213		
4.94		1.2124		
4.95		1.2118		
4.96		1.2112		
4.97		1.2107		
4.98		1.2101		
4.99		1.2095		
5		1.2089		
5.01		1.2083		
5.02		1.2077		
5.03		1.2072		
5.04		1.2066		
5.05		1.206		
5.06		1.2054		
5.07		1.2049		
5.08		1.2043		
5.09		1.2037		
5.1		1.2032		
5.11		1.2026		
5.12		1.2021		
5.13		1.2015		
5.14		1.2009		
5.15		1.2004		
5.16		1.1998		
5.17		1.1993		
5.18		1.1987		
5.19		1.1982		
5.2		1.1976		
5.21		1.1971		
5.22		1.1966		
5.23		1.196		
5.24		1.1955		
5.25		1.1949		
5.26		1.1944		
5.27		1.1939		
5.28		1.1933		
5.29		1.1928		
5.3		1.1923		
5.31		1.1917		
5.32		1.1912		
5.33		1.1907		
5.34		1.1902		
5.35		1.1896		
5.36		1.1891		
5.37		1.1886		
5.38		1.1881		
5.39		1.1876		
5.4		1.1871		
5.41		1.1866		
5.42		1.186		
5.43		1.1855		
5.44		1.185		
5.45		1.1845		
5.46		1.184		
5.47		1.1835		
5.48		1.183		
5.49		1.1825		
5.5		1.182		
5.51		1.1815		
5.52		1.181		
5.53		1.1805		
5.54		1.18		
5.55		1.1795		
5.56		1.1791		
5.57		1.1786		
5.58		1.1781		
5.59		1.1776		
5.6		1.1771		
5.61		1.1766		
5.62		1.1762		
5.63		1.1757		
5.64		1.1752		
5.65		1.1747		
5.66		1.1742		
5.67		1.1738		
5.68		1.1733		
5.69		1.1728		
5.7		1.1724		
5.71		1.1719		
5.72		1.1714		
5.73		1.1709		
5.74		1.1705		
5.75		1.17		
5.76		1.1696		
5.77		1.1691		
5.78		1.1686		
5.79		1.1682		
5.8		1.1677		
5.81		1.1673		
5.82		1.1668		
5.83		1.1664		
5.84		1.1659		
5.85		1.1655		
5.86		1.165		
5.87		1.1646		
5.88		1.1641		
5.89		1.1637		
5.9		1.1632		
5.91		1.1628		
5.92		1.1623		
5.93		1.1619		
5.94		1.1615		
5.95		1.161		
5.96		1.1606		
5.97		1.1601		
5.98		1.1597		
5.99		1.1593		
6		1.1588		
6.01		1.1584		
6.02		1.158		
6.03		1.1575		
6.04		1.1571		
6.05		1.1567		
6.06		1.1563		
6.07		1.1558		
6.08		1.1554		
6.09		1.155		
6.1		1.1546		
6.11		1.1541		
6.12		1.1537		
6.13		1.1533		
6.14		1.1529		
6.15		1.1525		
6.16		1.1521		
6.17		1.1516		
6.18		1.1512		
6.19		1.1508		
6.2		1.1504		
6.21		1.15		
6.22		1.1496		
6.23		1.1492		
6.24		1.1488		
6.25		1.1484		
6.26		1.148		
6.27		1.1476		
6.28		1.1472		
6.29		1.1468		
6.3		1.1464		
6.31		1.146		
6.32		1.1456		
6.33		1.1452		
6.34		1.1448		
6.35		1.1444		
6.36		1.144		
6.37		1.1436		
6.38		1.1432		
6.39		1.1428		
6.4		1.1424		
6.41		1.142		
6.42		1.1416		
6.43		1.1412		
6.44		1.1409		
6.45		1.1405		
6.46		1.1401		
6.47		1.1397		
6.48		1.1393		
6.49		1.1389		
6.5		1.1385		
6.51		1.1382		
6.52		1.1378		
6.53		1.1374		
6.54		1.137		
6.55		1.1367		
6.56		1.1363		
6.57		1.1359		
6.58		1.1355		
6.59		1.1352		
6.6		1.1348		
6.61		1.1344		
6.62		1.134		
6.63		1.1337		
6.64		1.1333		
6.65		1.1329		
6.66		1.1326		
6.67		1.1322		
6.68		1.1318		
6.69		1.1315		
6.7		1.1311		
6.71		1.1308		
6.72		1.1304		
6.73		1.13		
6.74		1.1297		
6.75		1.1293		
6.76		1.129		
6.77		1.1286		
6.78		1.1282		
6.79		1.1279		
6.8		1.1275		
6.81		1.1272		
6.82		1.1268		
6.83		1.1265		
6.84		1.1261		
6.85		1.1258		
6.86		1.1254		
6.87		1.1251		
6.88		1.1247		
6.89		1.1244		
6.9		1.124		
6.91		1.1237		
6.92		1.1233		
6.93		1.123		
6.94		1.1226		
6.95		1.1223		
6.96		1.122		
6.97		1.1216		
6.98		1.1213		
6.99		1.1209		
7		1.1206		
7.01		1.1203		
7.02		1.1199		
7.03		1.1196		
7.04		1.1192		
7.05		1.1189		
7.06		1.1186		
7.07		1.1182		
7.08		1.1179		
7.09		1.1176		
7.1		1.1172		
7.11		1.1169		
7.12		1.1166		
7.13		1.1163		
7.14		1.1159		
7.15		1.1156		
7.16		1.1153		
7.17		1.1149		
7.18		1.1146		
7.19		1.1143		
7.2		1.114		
7.21		1.1136		
7.22		1.1133		
7.23		1.113		
7.24		1.1127		
7.25		1.1124		
7.26		1.112		
7.27		1.1117		
7.28		1.1114		
7.29		1.1111		
7.3		1.1108		
7.31		1.1104		
7.32		1.1101		
7.33		1.1098		
7.34		1.1095		
7.35		1.1092		
7.36		1.1089		
7.37		1.1086		
7.38		1.1082		
7.39		1.1079		
7.4		1.1076		
7.41		1.1073		
7.42		1.107		
7.43		1.1067		
7.44		1.1064		
7.45		1.1061		
7.46		1.1058		
7.47		1.1055		
7.48		1.1052		
7.49		1.1049		
7.5		1.1045		
7.51		1.1042		
7.52		1.1039		
7.53		1.1036		
7.54		1.1033		
7.55		1.103		
7.56		1.1027		
7.57		1.1024		
7.58		1.1021		
7.59		1.1018		
7.6		1.1015		
7.61		1.1012		
7.62		1.1009		
7.63		1.1006		
7.64		1.1004		
7.65		1.1001		
7.66		1.0998		
7.67		1.0995		
7.68		1.0992		
7.69		1.0989		
7.7		1.0986		
7.71		1.0983		
7.72		1.098		
7.73		1.0977		
7.74		1.0974		
7.75		1.0971		
7.76		1.0969		
7.77		1.0966		
7.78		1.0963		
7.79		1.096		
7.8		1.0957		
7.81		1.0954		
7.82		1.0951		
7.83		1.0948		
7.84		1.0946		
7.85		1.0943		
7.86		1.094		
7.87		1.0937		
7.88		1.0934		
7.89		1.0931		
7.9		1.0929		
7.91		1.0926		
7.92		1.0923		
7.93		1.092		
7.94		1.0918		
7.95		1.0915		
7.96		1.0912		
7.97		1.0909		
7.98		1.0906		
7.99		1.0904		
8		1.0901		
8.01		1.0898		
8.02		1.0895		
8.03		1.0893		
8.04		1.089		
8.05		1.0887		
8.06		1.0884		
8.07		1.0882		
8.08		1.0879		
8.09		1.0876		
8.1		1.0874		
8.11		1.0871		
8.12		1.0868		
8.13		1.0866		
8.14		1.0863		
8.15		1.086		
8.16		1.0858		
8.17		1.0855		
8.18		1.0852		
8.19		1.085		
8.2		1.0847		
8.21		1.0844		
8.22		1.0842		
8.23		1.0839		
8.24		1.0836		
8.25		1.0834		
8.26		1.0831		
8.27		1.0829		
8.28		1.0826		
8.29		1.0823		
8.3		1.0821		
8.31		1.0818		
8.32		1.0816		
8.33		1.0813		
8.34		1.081		
8.35		1.0808		
8.36		1.0805		
8.37		1.0803		
8.38		1.08		
8.39		1.0798		
8.4		1.0795		
8.41		1.0792		
8.42		1.079		
8.43		1.0787		
8.44		1.0785		
8.45		1.0782		
8.46		1.078		
8.47		1.0777		
8.48		1.0775		
8.49		1.0772		
8.5		1.077		
8.51		1.0767		
8.52		1.0765		
8.53		1.0762		
8.54		1.076		
8.55		1.0757		
8.56		1.0755		
8.57		1.0752		
8.58		1.075		
8.59		1.0747		
8.6		1.0745		
8.61		1.0742		
8.62		1.074		
8.63		1.0738		
8.64		1.0735		
8.65		1.0733		
8.66		1.073		
8.67		1.0728		
8.68		1.0725		
8.69		1.0723		
8.7		1.072		
8.71		1.0718		
8.72		1.0716		
8.73		1.0713		
8.74		1.0711		
8.75		1.0708		
8.76		1.0706		
8.77		1.0704		
8.78		1.0701		
8.79		1.0699		
8.8		1.0697		
8.81		1.0694		
8.82		1.0692		
8.83		1.0689		
8.84		1.0687		
8.85		1.0685		
8.86		1.0682		
8.87		1.068		
8.88		1.0678		
8.89		1.0675		
8.9		1.0673		
8.91		1.0671		
8.92		1.0668		
8.93		1.0666		
8.94		1.0664		
8.95		1.0661		
8.96		1.0659		
8.97		1.0657		
8.98		1.0654		
8.99		1.0652		
9		1.065		
9.01		1.0648		
9.02		1.0645		
9.03		1.0643		
9.04		1.0641		
9.05		1.0638		
9.06		1.0636		
9.07		1.0634		
9.08		1.0632		
9.09		1.0629		
9.1		1.0627		
9.11		1.0625		
9.12		1.0623		
9.13		1.062		
9.14		1.0618		
9.15		1.0616		
9.16		1.0614		
9.17		1.0611		
9.18		1.0609		
9.19		1.0607		
9.2		1.0605		
9.21		1.0603		
9.22		1.06		
9.23		1.0598		
9.24		1.0596		
9.25		1.0594		
9.26		1.0592		
9.27		1.0589		
9.28		1.0587		
9.29		1.0585		
9.3		1.0583		
9.31		1.0581		
9.32		1.0578		
9.33		1.0576		
9.34		1.0574		
9.35		1.0572		
9.36		1.057		
9.37		1.0568		
9.38		1.0565		
9.39		1.0563		
9.4		1.0561		
9.41		1.0559		
9.42		1.0557		
9.43		1.0555		
9.44		1.0553		
9.45		1.055		
9.46		1.0548		
9.47		1.0546		
9.48		1.0544		
9.49		1.0542		
9.5		1.054		
9.51		1.0538		
9.52		1.0536		
9.53		1.0534		
9.54		1.0531		
9.55		1.0529		
9.56		1.0527		
9.57		1.0525		
9.58		1.0523		
9.59		1.0521		
9.6		1.0519		
9.61		1.0517		
9.62		1.0515		
9.63		1.0513		
9.64		1.0511		
9.65		1.0509		
9.66		1.0506		
9.67		1.0504		
9.68		1.0502		
9.69		1.05		
9.7		1.0498		
9.71		1.0496		
9.72		1.0494		
9.73		1.0492		
9.74		1.049		
9.75		1.0488		
9.76		1.0486		
9.77		1.0484		
9.78		1.0482		
9.79		1.048		
9.8		1.0478		
9.81		1.0476		
9.82		1.0474		
9.83		1.0472		
9.84		1.047		
9.85		1.0468		
9.86		1.0466		
9.87		1.0464		
9.88		1.0462		
9.89		1.046		
9.9		1.0458		
9.91		1.0456		
9.92		1.0454		
9.93		1.0452		
9.94		1.045		
9.95		1.0448		
9.96		1.0446		
9.97		1.0444		
9.98		1.0442		
9.99		1.044		
10		1.0438		
10.01		1.0436		
10.02		1.0434		
10.03		1.0432		
10.04		1.0431		
10.05		1.0429		
10.06		1.0427		
10.07		1.0425		
10.08		1.0423		
10.09		1.0421		
10.1		1.0419		
10.11		1.0417		
10.12		1.0415		
10.13		1.0413		
10.14		1.0411		
10.15		1.0409		
10.16		1.0407		
10.17		1.0406		
10.18		1.0404		
10.19		1.0402		
10.2		1.04		
10.21		1.0398		
10.22		1.0396		
10.23		1.0394		
10.24		1.0392		
10.25		1.039		
10.26		1.0389		
10.27		1.0387		
10.28		1.0385		
10.29		1.0383		
10.3		1.0381		
10.31		1.0379		
10.32		1.0377		
10.33		1.0375		
10.34		1.0374		
10.35		1.0372		
10.36		1.037		
10.37		1.0368		
10.38		1.0366		
10.39		1.0364		
10.4		1.0362		
10.41		1.0361		
10.42		1.0359		
10.43		1.0357		
10.44		1.0355		
10.45		1.0353		
10.46		1.0351		
10.47		1.035		
10.48		1.0348		
10.49		1.0346		
10.5		1.0344		
10.51		1.0342		
10.52		1.0341		
10.53		1.0339		
10.54		1.0337		
10.55		1.0335		
10.56		1.0333		
10.57		1.0332		
10.58		1.033		
10.59		1.0328		
10.6		1.0326		
10.61		1.0324		
10.62		1.0323		
10.63		1.0321		
10.64		1.0319		
10.65		1.0317		
10.66		1.0316		
10.67		1.0314		
10.68		1.0312		
10.69		1.031		
10.7		1.0308		
10.71		1.0307		
10.72		1.0305		
10.73		1.0303		
10.74		1.0301		
10.75		1.03		
10.76		1.0298		
10.77		1.0296		
10.78		1.0294		
10.79		1.0293		
10.8		1.0291		
10.81		1.0289		
10.82		1.0287		
10.83		1.0286		
10.84		1.0284		
10.85		1.0282		
10.86		1.0281		
10.87		1.0279		
10.88		1.0277		
10.89		1.0275		
10.9		1.0274		
10.91		1.0272		
10.92		1.027		
10.93		1.0269		
10.94		1.0267		
10.95		1.0265		
10.96		1.0263		
10.97		1.0262		
10.98		1.026		
10.99		1.0258		
11		1.0257		
11.01		1.0255		
11.02		1.0253		
11.03		1.0252		
11.04		1.025		
11.05		1.0248		
11.06		1.0247		
11.07		1.0245		
11.08		1.0243		
11.09		1.0242		
11.1		1.024		
11.11		1.0238		
11.12		1.0237		
11.13		1.0235		
11.14		1.0233		
11.15		1.0232		
11.16		1.023		
11.17		1.0228		
11.18		1.0227		
11.19		1.0225		
11.2		1.0223		
11.21		1.0222		
11.22		1.022		
11.23		1.0218		
11.24		1.0217		
11.25		1.0215		
11.26		1.0213		
11.27		1.0212		
11.28		1.021		
11.29		1.0209		
11.3		1.0207		
11.31		1.0205		
11.32		1.0204		
11.33		1.0202		
11.34		1.02		
11.35		1.0199		
11.36		1.0197		
11.37		1.0196		
11.38		1.0194		
11.39		1.0192		
11.4		1.0191		
11.41		1.0189		
11.42		1.0188		
11.43		1.0186		
11.44		1.0184		
11.45		1.0183		
11.46		1.0181		
11.47		1.018		
11.48		1.0178		
11.49		1.0176		
11.5		1.0175		
11.51		1.0173		
11.52		1.0172		
11.53		1.017		
11.54		1.0169		
11.55		1.0167		
11.56		1.0165		
11.57		1.0164		
11.58		1.0162		
11.59		1.0161		
11.6		1.0159		
11.61		1.0158		
11.62		1.0156		
11.63		1.0155		
11.64		1.0153		
11.65		1.0151		
11.66		1.015		
11.67		1.0148		
11.68		1.0147		
11.69		1.0145		
11.7		1.0144		
11.71		1.0142		
11.72		1.0141		
11.73		1.0139		
11.74		1.0138		
11.75		1.0136		
11.76		1.0134		
11.77		1.0133		
11.78		1.0131		
11.79		1.013		
11.8		1.0128		
11.81		1.0127		
11.82		1.0125		
11.83		1.0124		
11.84		1.0122		
11.85		1.0121		
11.86		1.0119		
11.87		1.0118		
11.88		1.0116		
11.89		1.0115		
11.9		1.0113		
11.91		1.0112		
11.92		1.011		
11.93		1.0109		
11.94		1.0107		
11.95		1.0106		
11.96		1.0104		
11.97		1.0103		
11.98		1.0101		
11.99		1.01		
12		1.0098		
12.01		1.0097		
12.02		1.0095		
12.03		1.0094		
12.04		1.0092		
12.05		1.0091		
12.06		1.0089		
12.07		1.0088		
12.08		1.0087		
12.09		1.0085		
12.1		1.0084		
12.11		1.0082		
12.12		1.0081		
12.13		1.0079		
12.14		1.0078		
12.15		1.0076		
12.16		1.0075		
12.17		1.0073		
12.18		1.0072		
12.19		1.007		
12.2		1.0069		
12.21		1.0068		
12.22		1.0066		
12.23		1.0065		
12.24		1.0063		
12.25		1.0062		
12.26		1.006		
12.27		1.0059		
12.28		1.0057		
12.29		1.0056		
12.3		1.0055		
12.31		1.0053		
12.32		1.0052		
12.33		1.005		
12.34		1.0049		
12.35		1.0047		
12.36		1.0046		
12.37		1.0045		
12.38		1.0043		
12.39		1.0042		
12.4		1.004		
12.41		1.0039		
12.42		1.0038		
12.43		1.0036		
12.44		1.0035		
12.45		1.0033		
12.46		1.0032		
12.47		1.0031		
12.48		1.0029		
12.49		1.0028		
12.5		1.0026		
12.51		1.0025		
12.52		1.0024		
12.53		1.0022		
12.54		1.0021		
12.55		1.0019		
12.56		1.0018		
12.57		1.0017		
12.58		1.0015		
12.59		1.0014		
12.6		1.0012		
12.61		1.0011		
12.62		1.001		
12.63		1.0008		
12.64		1.0007		
12.65		1.0006		
12.66		1.0004		
12.67		1.0003		
12.68		1.0001		
12.69		1		
12.7		0.99987		
12.71		0.99974		
12.72		0.9996		
12.73		0.99947		
12.74		0.99933		
12.75		0.99919		
12.76		0.99906		
12.77		0.99892		
12.78		0.99879		
12.79		0.99865		
12.8		0.99852		
12.81		0.99838		
12.82		0.99825		
12.83		0.99811		
12.84		0.99798		
12.85		0.99785		
12.86		0.99771		
12.87		0.99758		
12.88		0.99745		
12.89		0.99731		
12.9		0.99718		
12.91		0.99705		
12.92		0.99691		
12.93		0.99678		
12.94		0.99665		
12.95		0.99651		
12.96		0.99638		
12.97		0.99625		
12.98		0.99612		
12.99		0.99599		
13		0.99585		
13.01		0.99572		
13.02		0.99559		
13.03		0.99546		
13.04		0.99533		
13.05		0.9952		
13.06		0.99507		
13.07		0.99493		
13.08		0.9948		
13.09		0.99467		
13.1		0.99454		
13.11		0.99441		
13.12		0.99428		
13.13		0.99415		
13.14		0.99402		
13.15		0.99389		
13.16		0.99376		
13.17		0.99364		
13.18		0.99351		
13.19		0.99338		
13.2		0.99325		
13.21		0.99312		
13.22		0.99299		
13.23		0.99286		
13.24		0.99273		
13.25		0.99261		
13.26		0.99248		
13.27		0.99235		
13.28		0.99222		
13.29		0.9921		
13.3		0.99197		
13.31		0.99184		
13.32		0.99171		
13.33		0.99159		
13.34		0.99146		
13.35		0.99133		
13.36		0.99121		
13.37		0.99108		
13.38		0.99095		
13.39		0.99083		
13.4		0.9907		
13.41		0.99058		
13.42		0.99045		
13.43		0.99032		
13.44		0.9902		
13.45		0.99007		
13.46		0.98995		
13.47		0.98982		
13.48		0.9897		
13.49		0.98957		
13.5		0.98945		
13.51		0.98932		
13.52		0.9892		
13.53		0.98908		
13.54		0.98895		
13.55		0.98883		
13.56		0.9887		
13.57		0.98858		
13.58		0.98846		
13.59		0.98833		
13.6		0.98821		
13.61		0.98809		
13.62		0.98796		
13.63		0.98784		
13.64		0.98772		
13.65		0.9876		
13.66		0.98747		
13.67		0.98735		
13.68		0.98723		
13.69		0.98711		
13.7		0.98699		
13.71		0.98686		
13.72		0.98674		
13.73		0.98662		
13.74		0.9865		
13.75		0.98638		
13.76		0.98626		
13.77		0.98614		
13.78		0.98601		
13.79		0.98589		
13.8		0.98577		
13.81		0.98565		
13.82		0.98553		
13.83		0.98541		
13.84		0.98529		
13.85		0.98517		
13.86		0.98505		
13.87		0.98493		
13.88		0.98481		
13.89		0.98469		
13.9		0.98457		
13.91		0.98445		
13.92		0.98434		
13.93		0.98422		
13.94		0.9841		
13.95		0.98398		
13.96		0.98386		
13.97		0.98374		
13.98		0.98362		
13.99		0.98351		
14		0.98339		
14.01		0.98327		
14.02		0.98315		
14.03		0.98303		
14.04		0.98292		
14.05		0.9828		
14.06		0.98268		
14.07		0.98256		
14.08		0.98245		
14.09		0.98233		
14.1		0.98221		
14.11		0.9821		
14.12		0.98198		
14.13		0.98186		
14.14		0.98175		
14.15		0.98163		
14.16		0.98152		
14.17		0.9814		
14.18		0.98128		
14.19		0.98117		
14.2		0.98105		
14.21		0.98094		
14.22		0.98082		
14.23		0.98071		
14.24		0.98059		
14.25		0.98048		
14.26		0.98036		
14.27		0.98025		
14.28		0.98013		
14.29		0.98002		
14.3		0.9799		
14.31		0.97979		
14.32		0.97967		
14.33		0.97956		
14.34		0.97945		
14.35		0.97933		
14.36		0.97922		
14.37		0.9791		
14.38		0.97899		
14.39		0.97888		
14.4		0.97876		
14.41		0.97865		
14.42		0.97854		
14.43		0.97843		
14.44		0.97831		
14.45		0.9782		
14.46		0.97809		
14.47		0.97798		
14.48		0.97786		
14.49		0.97775		
14.5		0.97764		
14.51		0.97753		
14.52		0.97741		
14.53		0.9773		
14.54		0.97719		
14.55		0.97708		
14.56		0.97697		
14.57		0.97686		
14.58		0.97675		
14.59		0.97663		
14.6		0.97652		
14.61		0.97641		
14.62		0.9763		
14.63		0.97619		
14.64		0.97608		
14.65		0.97597		
14.66		0.97586		
14.67		0.97575		
14.68		0.97564		
14.69		0.97553		
14.7		0.97542		
14.71		0.97531		
14.72		0.9752		
14.73		0.97509		
14.74		0.97498		
14.75		0.97487		
14.76		0.97476		
14.77		0.97465		
14.78		0.97455		
14.79		0.97444		
14.8		0.97433		
14.81		0.97422		
14.82		0.97411		
14.83		0.974		
14.84		0.97389		
14.85		0.97379		
14.86		0.97368		
14.87		0.97357		
14.88		0.97346		
14.89		0.97335		
14.9		0.97325		
14.91		0.97314		
14.92		0.97303		
14.93		0.97292		
14.94		0.97282		
14.95		0.97271		
14.96		0.9726		
14.97		0.9725		
14.98		0.97239		
14.99		0.97228		
15		0.97218		
15.01		0.97207		
15.02		0.97196		
15.03		0.97186		
15.04		0.97175		
15.05		0.97164		
15.06		0.97154		
15.07		0.97143		
15.08		0.97133		
15.09		0.97122		
15.1		0.97112		
15.11		0.97101		
15.12		0.97091		
15.13		0.9708		
15.14		0.9707		
15.15		0.97059		
15.16		0.97049		
15.17		0.97038		
15.18		0.97028		
15.19		0.97017		
15.2		0.97007		
15.21		0.96996		
15.22		0.96986		
15.23		0.96975		
15.24		0.96965		
15.25		0.96955		
15.26		0.96944		
15.27		0.96934		
15.28		0.96923		
15.29		0.96913		
15.3		0.96903		
15.31		0.96892		
15.32		0.96882		
15.33		0.96872		
15.34		0.96861		
15.35		0.96851		
15.36		0.96841		
15.37		0.96831		
15.38		0.9682		
15.39		0.9681		
15.4		0.968		
15.41		0.9679		
15.42		0.96779		
15.43		0.96769		
15.44		0.96759		
15.45		0.96749		
15.46		0.96738		
15.47		0.96728		
15.48		0.96718		
15.49		0.96708		
15.5		0.96698		
15.51		0.96688		
15.52		0.96678		
15.53		0.96667		
15.54		0.96657		
15.55		0.96647		
15.56		0.96637		
15.57		0.96627		
15.58		0.96617		
15.59		0.96607		
15.6		0.96597		
15.61		0.96587		
15.62		0.96577		
15.63		0.96567		
15.64		0.96557		
15.65		0.96547		
15.66		0.96537		
15.67		0.96527		
15.68		0.96517		
15.69		0.96507		
15.7		0.96497		
15.71		0.96487		
15.72		0.96477		
15.73		0.96467		
15.74		0.96457		
15.75		0.96447		
15.76		0.96437		
15.77		0.96427		
15.78		0.96418		
15.79		0.96408		
15.8		0.96398		
15.81		0.96388		
15.82		0.96378		
15.83		0.96368		
15.84		0.96358		
15.85		0.96349		
15.86		0.96339		
15.87		0.96329		
15.88		0.96319		
15.89		0.96309		
15.9		0.963		
15.91		0.9629		
15.92		0.9628		
15.93		0.9627		
15.94		0.96261		
15.95		0.96251		
15.96		0.96241		
15.97		0.96232		
15.98		0.96222		
15.99		0.96212		
16		0.96203		
16.01		0.96193		
16.02		0.96183		
16.03		0.96174		
16.04		0.96164		
16.05		0.96154		
16.06		0.96145		
16.07		0.96135		
16.08		0.96125		
16.09		0.96116		
16.1		0.96106		
16.11		0.96097		
16.12		0.96087		
16.13		0.96078		
16.14		0.96068		
16.15		0.96058		
16.16		0.96049		
16.17		0.96039		
16.18		0.9603		
16.19		0.9602		
16.2		0.96011		
16.21		0.96001		
16.22		0.95992		
16.23		0.95982		
16.24		0.95973		
16.25		0.95963		
16.26		0.95954		
16.27		0.95945		
16.28		0.95935		
16.29		0.95926		
16.3		0.95916		
16.31		0.95907		
16.32		0.95898		
16.33		0.95888		
16.34		0.95879		
16.35		0.95869		
16.36		0.9586		
16.37		0.95851		
16.38		0.95841		
16.39		0.95832		
16.4		0.95823		
16.41		0.95813		
16.42		0.95804		
16.43		0.95795		
16.44		0.95785		
16.45		0.95776		
16.46		0.95767		
16.47		0.95758		
16.48		0.95748		
16.49		0.95739		
16.5		0.9573		
16.51		0.95721		
16.52		0.95711		
16.53		0.95702		
16.54		0.95693		
16.55		0.95684		
16.56		0.95675		
16.57		0.95665		
16.58		0.95656		
16.59		0.95647		
16.6		0.95638		
16.61		0.95629		
16.62		0.9562		
16.63		0.95611		
16.64		0.95601		
16.65		0.95592		
16.66		0.95583		
16.67		0.95574		
16.68		0.95565		
16.69		0.95556		
16.7		0.95547		
16.71		0.95538		
16.72		0.95529		
16.73		0.9552		
16.74		0.95511		
16.75		0.95502		
16.76		0.95493		
16.77		0.95484		
16.78		0.95475		
16.79		0.95466		
16.8		0.95457		
16.81		0.95448		
16.82		0.95439		
16.83		0.9543		
16.84		0.95421		
16.85		0.95412		
16.86		0.95403		
16.87		0.95394		
16.88		0.95385		
16.89		0.95376		
16.9		0.95367		
16.91		0.95358		
16.92		0.95349		
16.93		0.95341		
16.94		0.95332		
16.95		0.95323		
16.96		0.95314		
16.97		0.95305		
16.98		0.95296		
16.99		0.95287		
17		0.95279		
17.01		0.9527		
17.02		0.95261		
17.03		0.95252		
17.04		0.95243		
17.05		0.95235		
17.06		0.95226		
17.07		0.95217		
17.08		0.95208		
17.09		0.95199		
17.1		0.95191		
17.11		0.95182		
17.12		0.95173		
17.13		0.95165		
17.14		0.95156		
17.15		0.95147		
17.16		0.95138		
17.17		0.9513		
17.18		0.95121		
17.19		0.95112		
17.2		0.95104		
17.21		0.95095		
17.22		0.95086		
17.23		0.95078		
17.24		0.95069		
17.25		0.9506		
17.26		0.95052		
17.27		0.95043		
17.28		0.95035		
17.29		0.95026		
17.3		0.95017		
17.31		0.95009		
17.32		0.95		
17.33		0.94992		
17.34		0.94983		
17.35		0.94975		
17.36		0.94966		
17.37		0.94957		
17.38		0.94949		
17.39		0.9494		
17.4		0.94932		
17.41		0.94923		
17.42		0.94915		
17.43		0.94906		
17.44		0.94898		
17.45		0.94889		
17.46		0.94881		
17.47		0.94872		
17.48		0.94864		
17.49		0.94856		
17.5		0.94847		
17.51		0.94839		
17.52		0.9483		
17.53		0.94822		
17.54		0.94813		
17.55		0.94805		
17.56		0.94797		
17.57		0.94788		
17.58		0.9478		
17.59		0.94771		
17.6		0.94763		
17.61		0.94755		
17.62		0.94746		
17.63		0.94738		
17.64		0.9473		
17.65		0.94721		
17.66		0.94713		
17.67		0.94705		
17.68		0.94696		
17.69		0.94688		
17.7		0.9468		
17.71		0.94672		
17.72		0.94663		
17.73		0.94655		
17.74		0.94647		
17.75		0.94638		
17.76		0.9463		
17.77		0.94622		
17.78		0.94614		
17.79		0.94606		
17.8		0.94597		
17.81		0.94589		
17.82		0.94581		
17.83		0.94573		
17.84		0.94564		
17.85		0.94556		
17.86		0.94548		
17.87		0.9454		
17.88		0.94532		
17.89		0.94524		
17.9		0.94515		
17.91		0.94507		
17.92		0.94499		
17.93		0.94491		
17.94		0.94483		
17.95		0.94475		
17.96		0.94467		
17.97		0.94459		
17.98		0.94451		
17.99		0.94442		
18		0.94434		
18.01		0.94426		
18.02		0.94418		
18.03		0.9441		
18.04		0.94402		
18.05		0.94394		
18.06		0.94386		
18.07		0.94378		
18.08		0.9437		
18.09		0.94362		
18.1		0.94354		
18.11		0.94346		
18.12		0.94338		
18.13		0.9433		
18.14		0.94322		
18.15		0.94314		
18.16		0.94306		
18.17		0.94298		
18.18		0.9429		
18.19		0.94282		
18.2		0.94274		
18.21		0.94266		
18.22		0.94258		
18.23		0.94251		
18.24		0.94243		
18.25		0.94235		
18.26		0.94227		
18.27		0.94219		
18.28		0.94211		
18.29		0.94203		
18.3		0.94195		
18.31		0.94187		
18.32		0.9418		
18.33		0.94172		
18.34		0.94164		
18.35		0.94156		
18.36		0.94148		
18.37		0.9414		
18.38		0.94133		
18.39		0.94125		
18.4		0.94117		
18.41		0.94109		
18.42		0.94101		
18.43		0.94094		
18.44		0.94086		
18.45		0.94078		
18.46		0.9407		
18.47		0.94063		
18.48		0.94055		
18.49		0.94047		
18.5		0.94039		
18.51		0.94032		
18.52		0.94024		
18.53		0.94016		
18.54		0.94008		
18.55		0.94001		
18.56		0.93993		
18.57		0.93985		
18.58		0.93978		
18.59		0.9397		
18.6		0.93962		
18.61		0.93955		
18.62		0.93947		
18.63		0.93939		
18.64		0.93932		
18.65		0.93924		
18.66		0.93917		
18.67		0.93909		
18.68		0.93901		
18.69		0.93894		
18.7		0.93886		
18.71		0.93878		
18.72		0.93871		
18.73		0.93863		
18.74		0.93856		
18.75		0.93848		
18.76		0.93841		
18.77		0.93833		
18.78		0.93826		
18.79		0.93818		
18.8		0.9381		
18.81		0.93803		
18.82		0.93795		
18.83		0.93788		
18.84		0.9378		
18.85		0.93773		
18.86		0.93765		
18.87		0.93758		
18.88		0.9375		
18.89		0.93743		
18.9		0.93735		
18.91		0.93728		
18.92		0.93721		
18.93		0.93713		
18.94		0.93706		
18.95		0.93698		
18.96		0.93691		
18.97		0.93683		
18.98		0.93676		
18.99		0.93669		
19		0.93661		
19.01		0.93654		
19.02		0.93646		
19.03		0.93639		
19.04		0.93632		
19.05		0.93624		
19.06		0.93617		
19.07		0.93609		
19.08		0.93602		
19.09		0.93595		
19.1		0.93587		
19.11		0.9358		
19.12		0.93573		
19.13		0.93565		
19.14		0.93558		
19.15		0.93551		
19.16		0.93543		
19.17		0.93536		
19.18		0.93529		
19.19		0.93522		
19.2		0.93514		
19.21		0.93507		
19.22		0.935		
19.23		0.93493		
19.24		0.93485		
19.25		0.93478		
19.26		0.93471		
19.27		0.93464		
19.28		0.93456		
19.29		0.93449		
19.3		0.93442		
19.31		0.93435		
19.32		0.93427		
19.33		0.9342		
19.34		0.93413		
19.35		0.93406		
19.36		0.93399		
19.37		0.93392		
19.38		0.93384		
19.39		0.93377		
19.4		0.9337		
19.41		0.93363		
19.42		0.93356		
19.43		0.93349		
19.44		0.93342		
19.45		0.93334		
19.46		0.93327		
19.47		0.9332		
19.48		0.93313		
19.49		0.93306		
19.5		0.93299		
19.51		0.93292		
19.52		0.93285		
19.53		0.93278		
19.54		0.93271		
19.55		0.93264		
19.56		0.93256		
19.57		0.93249		
19.58		0.93242		
19.59		0.93235		
19.6		0.93228		
19.61		0.93221		
19.62		0.93214		
19.63		0.93207		
19.64		0.932		
19.65		0.93193		
19.66		0.93186		
19.67		0.93179		
19.68		0.93172		
19.69		0.93165		
19.7		0.93158		
19.71		0.93151		
19.72		0.93144		
19.73		0.93137		
19.74		0.9313		
19.75		0.93124		
19.76		0.93117		
19.77		0.9311		
19.78		0.93103		
19.79		0.93096		
19.8		0.93089		
19.81		0.93082		
19.82		0.93075		
19.83		0.93068		
19.84		0.93061		
19.85		0.93054		
19.86		0.93048		
19.87		0.93041		
19.88		0.93034		
19.89		0.93027		
19.9		0.9302		
19.91		0.93013		
19.92		0.93006		
19.93		0.93		
19.94		0.92993		
19.95		0.92986		
19.96		0.92979		
19.97		0.92972		
19.98		0.92966		
19.99		0.92959		
20		0.92952		
20.01		0.92945		
20.02		0.92938		
20.03		0.92932		
20.04		0.92925		
20.05		0.92918		
20.06		0.92911		
20.07		0.92905		
20.08		0.92898		
20.09		0.92891		
20.1		0.92884		
20.11		0.92878		
20.12		0.92871		
20.13		0.92864		
20.14		0.92857		
20.15		0.92851		
20.16		0.92844		
20.17		0.92837		
20.18		0.92831		
20.19		0.92824		
20.2		0.92817		
20.21		0.92811		
20.22		0.92804		
20.23		0.92797		
20.24		0.92791		
20.25		0.92784		
20.26		0.92777		
20.27		0.92771		
20.28		0.92764		
20.29		0.92758		
20.3		0.92751		
20.31		0.92744		
20.32		0.92738		
20.33		0.92731		
20.34		0.92724		
20.35		0.92718		
20.36		0.92711		
20.37		0.92705		
20.38		0.92698		
20.39		0.92692		
20.4		0.92685		
20.41		0.92678		
20.42		0.92672		
20.43		0.92665		
20.44		0.92659		
20.45		0.92652		
20.46		0.92646		
20.47		0.92639		
20.48		0.92633		
20.49		0.92626		
20.5		0.9262		
20.51		0.92613		
20.52		0.92607		
20.53		0.926		
20.54		0.92594		
20.55		0.92587		
20.56		0.92581		
20.57		0.92574		
20.58		0.92568		
20.59		0.92561		
20.6		0.92555		
20.61		0.92549		
20.62		0.92542		
20.63		0.92536		
20.64		0.92529		
20.65		0.92523		
20.66		0.92516		
20.67		0.9251		
20.68		0.92504		
20.69		0.92497		
20.7		0.92491		
20.71		0.92484		
20.72		0.92478		
20.73		0.92472		
20.74		0.92465		
20.75		0.92459		
20.76		0.92453		
20.77		0.92446		
20.78		0.9244		
20.79		0.92434		
20.8		0.92427		
20.81		0.92421		
20.82		0.92415		
20.83		0.92408		
20.84		0.92402		
20.85		0.92396		
20.86		0.92389		
20.87		0.92383		
20.88		0.92377		
20.89		0.9237		
20.9		0.92364		
20.91		0.92358		
20.92		0.92352		
20.93		0.92345		
20.94		0.92339		
20.95		0.92333		
20.96		0.92327		
20.97		0.9232		
20.98		0.92314		
20.99		0.92308		
21		0.92302		
21.01		0.92295		
21.02		0.92289		
21.03		0.92283		
21.04		0.92277		
21.05		0.92271		
21.06		0.92264		
21.07		0.92258		
21.08		0.92252		
21.09		0.92246		
21.1		0.9224		
21.11		0.92234		
21.12		0.92227		
21.13		0.92221		
21.14		0.92215		
21.15		0.92209		
21.16		0.92203		
21.17		0.92197		
21.18		0.92191		
21.19		0.92184		
21.2		0.92178		
21.21		0.92172		
21.22		0.92166		
21.23		0.9216		
21.24		0.92154		
21.25		0.92148		
21.26		0.92142		
21.27		0.92136		
21.28		0.9213		
21.29		0.92123		
21.3		0.92117		
21.31		0.92111		
21.32		0.92105		
21.33		0.92099		
21.34		0.92093		
21.35		0.92087		
21.36		0.92081		
21.37		0.92075		
21.38		0.92069		
21.39		0.92063		
21.4		0.92057		
21.41		0.92051		
21.42		0.92045		
21.43		0.92039		
21.44		0.92033		
21.45		0.92027		
21.46		0.92021		
21.47		0.92015		
21.48		0.92009		
21.49		0.92003		
21.5		0.91997		
21.51		0.91991		
21.52		0.91985		
21.53		0.91979		
21.54		0.91974		
21.55		0.91968		
21.56		0.91962		
21.57		0.91956		
21.58		0.9195		
21.59		0.91944		
21.6		0.91938		
21.61		0.91932		
21.62		0.91926		
21.63		0.9192		
21.64		0.91914		
21.65		0.91909		
21.66		0.91903		
21.67		0.91897		
21.68		0.91891		
21.69		0.91885		
21.7		0.91879		
21.71		0.91873		
21.72		0.91868		
21.73		0.91862		
21.74		0.91856		
21.75		0.9185		
21.76		0.91844		
21.77		0.91838		
21.78		0.91833		
21.79		0.91827		
21.8		0.91821		
21.81		0.91815		
21.82		0.91809		
21.83		0.91804		
21.84		0.91798		
21.85		0.91792		
21.86		0.91786		
21.87		0.91781		
21.88		0.91775		
21.89		0.91769		
21.9		0.91763		
21.91		0.91758		
21.92		0.91752		
21.93		0.91746		
21.94		0.9174		
21.95		0.91735		
21.96		0.91729		
21.97		0.91723		
21.98		0.91718		
21.99		0.91712		
22		0.91706		
22.01		0.917		
22.02		0.91695		
22.03		0.91689		
22.04		0.91683		
22.05		0.91678		
22.06		0.91672		
22.07		0.91666		
22.08		0.91661		
22.09		0.91655		
22.1		0.91649		
22.11		0.91644		
22.12		0.91638		
22.13		0.91633		
22.14		0.91627		
22.15		0.91621		
22.16		0.91616		
22.17		0.9161		
22.18		0.91605		
22.19		0.91599		
22.2		0.91593		
22.21		0.91588		
22.22		0.91582		
22.23		0.91577		
22.24		0.91571		
22.25		0.91565		
22.26		0.9156		
22.27		0.91554		
22.28		0.91549		
22.29		0.91543		
22.3		0.91538		
22.31		0.91532		
22.32		0.91527		
22.33		0.91521		
22.34		0.91516		
22.35		0.9151		
22.36		0.91505		
22.37		0.91499		
22.38		0.91494		
22.39		0.91488		
22.4		0.91483		
22.41		0.91477		
22.42		0.91472		
22.43		0.91466		
22.44		0.91461		
22.45		0.91455		
22.46		0.9145		
22.47		0.91444		
22.48		0.91439		
22.49		0.91433		
22.5		0.91428		
22.51		0.91422		
22.52		0.91417		
22.53		0.91412		
22.54		0.91406		
22.55		0.91401		
22.56		0.91395		
22.57		0.9139		
22.58		0.91385		
22.59		0.91379		
22.6		0.91374		
22.61		0.91368		
22.62		0.91363		
22.63		0.91358		
22.64		0.91352		
22.65		0.91347		
22.66		0.91342		
22.67		0.91336		
22.68		0.91331		
22.69		0.91326		
22.7		0.9132		
22.71		0.91315		
22.72		0.9131		
22.73		0.91304		
22.74		0.91299		
22.75		0.91294		
22.76		0.91288		
22.77		0.91283		
22.78		0.91278		
22.79		0.91272		
22.8		0.91267		
22.81		0.91262		
22.82		0.91256		
22.83		0.91251		
22.84		0.91246		
22.85		0.91241		
22.86		0.91235		
22.87		0.9123		
22.88		0.91225		
22.89		0.9122		
22.9		0.91214		
22.91		0.91209		
22.92		0.91204		
22.93		0.91199		
22.94		0.91193		
22.95		0.91188		
22.96		0.91183		
22.97		0.91178		
22.98		0.91173		
22.99		0.91167		
23		0.91162		
23.01		0.91157		
23.02		0.91152		
23.03		0.91147		
23.04		0.91142		
23.05		0.91136		
23.06		0.91131		
23.07		0.91126		
23.08		0.91121		
23.09		0.91116		
23.1		0.91111		
23.11		0.91105		
23.12		0.911		
23.13		0.91095		
23.14		0.9109		
23.15		0.91085		
23.16		0.9108		
23.17		0.91075		
23.18		0.9107		
23.19		0.91065		
23.2		0.91059		
23.21		0.91054		
23.22		0.91049		
23.23		0.91044		
23.24		0.91039		
23.25		0.91034		
23.26		0.91029		
23.27		0.91024		
23.28		0.91019		
23.29		0.91014		
23.3		0.91009		
23.31		0.91004		
23.32		0.90999		
23.33		0.90994		
23.34		0.90989		
23.35		0.90984		
23.36		0.90979		
23.37		0.90974		
23.38		0.90969		
23.39		0.90964		
23.4		0.90959		
23.41		0.90954		
23.42		0.90949		
23.43		0.90944		
23.44		0.90939		
23.45		0.90934		
23.46		0.90929		
23.47		0.90924		
23.48		0.90919		
23.49		0.90914		
23.5		0.90909		
23.51		0.90904		
23.52		0.90899		
23.53		0.90894		
23.54		0.90889		
23.55		0.90884		
23.56		0.90879		
23.57		0.90874		
23.58		0.90869		
23.59		0.90864		
23.6		0.9086		
23.61		0.90855		
23.62		0.9085		
23.63		0.90845		
23.64		0.9084		
23.65		0.90835		
23.66		0.9083		
23.67		0.90825		
23.68		0.90821		
23.69		0.90816		
23.7		0.90811		
23.71		0.90806		
23.72		0.90801		
23.73		0.90796		
23.74		0.90791		
23.75		0.90787		
23.76		0.90782		
23.77		0.90777		
23.78		0.90772		
23.79		0.90767		
23.8		0.90763		
23.81		0.90758		
23.82		0.90753		
23.83		0.90748		
23.84		0.90743		
23.85		0.90739		
23.86		0.90734		
23.87		0.90729		
23.88		0.90724		
23.89		0.90719		
23.9		0.90715		
23.91		0.9071		
23.92		0.90705		
23.93		0.907		
23.94		0.90696		
23.95		0.90691		
23.96		0.90686		
23.97		0.90682		
23.98		0.90677		
23.99		0.90672		
24		0.90667		
24.01		0.90663		
24.02		0.90658		
24.03		0.90653		
24.04		0.90649		
24.05		0.90644		
24.06		0.90639		
24.07		0.90634		
24.08		0.9063		
24.09		0.90625		
24.1		0.9062		
24.11		0.90616		
24.12		0.90611		
24.13		0.90607		
24.14		0.90602		
24.15		0.90597		
24.16		0.90593		
24.17		0.90588		
24.18		0.90583		
24.19		0.90579		
24.2		0.90574		
24.21		0.90569		
24.22		0.90565		
24.23		0.9056		
24.24		0.90556		
24.25		0.90551		
24.26		0.90546		
24.27		0.90542		
24.28		0.90537		
24.29		0.90533		
24.3		0.90528		
24.31		0.90524		
24.32		0.90519		
24.33		0.90514		
24.34		0.9051		
24.35		0.90505		
24.36		0.90501		
24.37		0.90496		
24.38		0.90492		
24.39		0.90487		
24.4		0.90483		
24.41		0.90478		
24.42		0.90474		
24.43		0.90469		
24.44		0.90465		
24.45		0.9046		
24.46		0.90456		
24.47		0.90451		
24.48		0.90447		
24.49		0.90442		
24.5		0.90438		
24.51		0.90433		
24.52		0.90429		
24.53		0.90424		
24.54		0.9042		
24.55		0.90415		
24.56		0.90411		
24.57		0.90406		
24.58		0.90402		
24.59		0.90397		
24.6		0.90393		
24.61		0.90389		
24.62		0.90384		
24.63		0.9038		
24.64		0.90375		
24.65		0.90371		
24.66		0.90367		
24.67		0.90362		
24.68		0.90358		
24.69		0.90353		
24.7		0.90349		
24.71		0.90345		
24.72		0.9034		
24.73		0.90336		
24.74		0.90331		
24.75		0.90327		
24.76		0.90323		
24.77		0.90318		
24.78		0.90314		
24.79		0.9031		
24.8		0.90305		
24.81		0.90301		
24.82		0.90297		
24.83		0.90292		
24.84		0.90288		
24.85		0.90284		
24.86		0.90279		
24.87		0.90275		
24.88		0.90271		
24.89		0.90266		
24.9		0.90262		
24.91		0.90258		
24.92		0.90253		
24.93		0.90249		
24.94		0.90245		
24.95		0.90241		
24.96		0.90236		
24.97		0.90232		
24.98		0.90228		
24.99		0.90224		
25		0.90219		
25.01		0.90215		
25.02		0.90211		
25.03		0.90207		
25.04		0.90202		
25.05		0.90198		
25.06		0.90194		
25.07		0.9019		
25.08		0.90185		
25.09		0.90181		
25.1		0.90177		
25.11		0.90173		
25.12		0.90169		
25.13		0.90164		
25.14		0.9016		
25.15		0.90156		
25.16		0.90152		
25.17		0.90148		
25.18		0.90143		
25.19		0.90139		
25.2		0.90135		
25.21		0.90131		
25.22		0.90127		
25.23		0.90123		
25.24		0.90119		
25.25		0.90114		
25.26		0.9011		
25.27		0.90106		
25.28		0.90102		
25.29		0.90098		
25.3		0.90094		
25.31		0.9009		
25.32		0.90085		
25.33		0.90081		
25.34		0.90077		
25.35		0.90073		
25.36		0.90069		
25.37		0.90065		
25.38		0.90061		
25.39		0.90057		
25.4		0.90053		
25.41		0.90049		
25.42		0.90045		
25.43		0.90041		
25.44		0.90036		
25.45		0.90032		
25.46		0.90028		
25.47		0.90024		
25.48		0.9002		
25.49		0.90016		
25.5		0.90012		
25.51		0.90008		
25.52		0.90004		
25.53		0.9		
25.54		0.89996		
25.55		0.89992		
25.56		0.89988		
25.57		0.89984		
25.58		0.8998		
25.59		0.89976		
25.6		0.89972		
25.61		0.89968		
25.62		0.89964		
25.63		0.8996		
25.64		0.89956		
25.65		0.89952		
25.66		0.89948		
25.67		0.89944		
25.68		0.8994		
25.69		0.89936		
25.7		0.89932		
25.71		0.89929		
25.72		0.89925		
25.73		0.89921		
25.74		0.89917		
25.75		0.89913		
25.76		0.89909		
25.77		0.89905		
25.78		0.89901		
25.79		0.89897		
25.8		0.89893		
25.81		0.89889		
25.82		0.89885		
25.83		0.89882		
25.84		0.89878		
25.85		0.89874		
25.86		0.8987		
25.87		0.89866		
25.88		0.89862		
25.89		0.89858		
25.9		0.89854		
25.91		0.89851		
25.92		0.89847		
25.93		0.89843		
25.94		0.89839		
25.95		0.89835		
25.96		0.89831		
25.97		0.89828		
25.98		0.89824		
25.99		0.8982		
26		0.89816		
26.01		0.89812		
26.02		0.89808		
26.03		0.89805		
26.04		0.89801		
26.05		0.89797		
26.06		0.89793		
26.07		0.89789		
26.08		0.89786		
26.09		0.89782		
26.1		0.89778		
26.11		0.89774		
26.12		0.89771		
26.13		0.89767		
26.14		0.89763		
26.15		0.89759		
26.16		0.89756		
26.17		0.89752		
26.18		0.89748		
26.19		0.89744		
26.2		0.89741		
26.21		0.89737		
26.22		0.89733		
26.23		0.89729		
26.24		0.89726		
26.25		0.89722		
26.26		0.89718		
26.27		0.89715		
26.28		0.89711		
26.29		0.89707		
26.3		0.89704		
26.31		0.897		
26.32		0.89696		
26.33		0.89693		
26.34		0.89689		
26.35		0.89685		
26.36		0.89682		
26.37		0.89678		
26.38		0.89674		
26.39		0.89671		
26.4		0.89667		
26.41		0.89663		
26.42		0.8966		
26.43		0.89656		
26.44		0.89652		
26.45		0.89649		
26.46		0.89645		
26.47		0.89641		
26.48		0.89638		
26.49		0.89634		
26.5		0.89631		
26.51		0.89627		
26.52		0.89623		
26.53		0.8962		
26.54		0.89616		
26.55		0.89613		
26.56		0.89609		
26.57		0.89606		
26.58		0.89602		
26.59		0.89598		
26.6		0.89595		
26.61		0.89591		
26.62		0.89588		
26.63		0.89584		
26.64		0.89581		
26.65		0.89577		
26.66		0.89574		
26.67		0.8957		
26.68		0.89566		
26.69		0.89563		
26.7		0.89559		
26.71		0.89556		
26.72		0.89552		
26.73		0.89549		
26.74		0.89545		
26.75		0.89542		
26.76		0.89538		
26.77		0.89535		
26.78		0.89531		
26.79		0.89528		
26.8		0.89524		
26.81		0.89521		
26.82		0.89518		
26.83		0.89514		
26.84		0.89511		
26.85		0.89507		
26.86		0.89504		
26.87		0.895		
26.88		0.89497		
26.89		0.89493		
26.9		0.8949		
26.91		0.89486		
26.92		0.89483		
26.93		0.8948		
26.94		0.89476		
26.95		0.89473		
26.96		0.89469		
26.97		0.89466		
26.98		0.89463		
26.99		0.89459		
27		0.89456		
27.01		0.89452		
27.02		0.89449		
27.03		0.89446		
27.04		0.89442		
27.05		0.89439		
27.06		0.89435		
27.07		0.89432		
27.08		0.89429		
27.09		0.89425		
27.1		0.89422		
27.11		0.89419		
27.12		0.89415		
27.13		0.89412		
27.14		0.89409		
27.15		0.89405		
27.16		0.89402		
27.17		0.89399		
27.18		0.89395		
27.19		0.89392		
27.2		0.89389		
27.21		0.89385		
27.22		0.89382		
27.23		0.89379		
27.24		0.89375		
27.25		0.89372		
27.26		0.89369		
27.27		0.89366		
27.28		0.89362		
27.29		0.89359		
27.3		0.89356		
27.31		0.89352		
27.32		0.89349		
27.33		0.89346		
27.34		0.89343		
27.35		0.89339		
27.36		0.89336		
27.37		0.89333		
27.38		0.8933		
27.39		0.89326		
27.4		0.89323		
27.41		0.8932		
27.42		0.89317		
27.43		0.89313		
27.44		0.8931		
27.45		0.89307		
27.46		0.89304		
27.47		0.89301		
27.48		0.89297		
27.49		0.89294		
27.5		0.89291		
27.51		0.89288		
27.52		0.89285		
27.53		0.89281		
27.54		0.89278		
27.55		0.89275		
27.56		0.89272		
27.57		0.89269		
27.58		0.89266		
27.59		0.89262		
27.6		0.89259		
27.61		0.89256		
27.62		0.89253		
27.63		0.8925		
27.64		0.89247		
27.65		0.89244		
27.66		0.8924		
27.67		0.89237		
27.68		0.89234		
27.69		0.89231		
27.7		0.89228		
27.71		0.89225		
27.72		0.89222		
27.73		0.89219		
27.74		0.89216		
27.75		0.89212		
27.76		0.89209		
27.77		0.89206		
27.78		0.89203		
27.79		0.892		
27.8		0.89197		
27.81		0.89194		
27.82		0.89191		
27.83		0.89188		
27.84		0.89185		
27.85		0.89182		
27.86		0.89179		
27.87		0.89176		
27.88		0.89173		
27.89		0.8917		
27.9		0.89166		
27.91		0.89163		
27.92		0.8916		
27.93		0.89157		
27.94		0.89154		
27.95		0.89151		
27.96		0.89148		
27.97		0.89145		
27.98		0.89142		
27.99		0.89139		
28		0.89136		
28.01		0.89133		
28.02		0.8913		
28.03		0.89127		
28.04		0.89124		
28.05		0.89121		
28.06		0.89118		
28.07		0.89115		
28.08		0.89112		
28.09		0.8911		
28.1		0.89107		
28.11		0.89104		
28.12		0.89101		
28.13		0.89098		
28.14		0.89095		
28.15		0.89092		
28.16		0.89089		
28.17		0.89086		
28.18		0.89083		
28.19		0.8908		
28.2		0.89077		
28.21		0.89074		
28.22		0.89071		
28.23		0.89068		
28.24		0.89066		
28.25		0.89063		
28.26		0.8906		
28.27		0.89057		
28.28		0.89054		
28.29		0.89051		
28.3		0.89048		
28.31		0.89045		
28.32		0.89042		
28.33		0.8904		
28.34		0.89037		
28.35		0.89034		
28.36		0.89031		
28.37		0.89028		
28.38		0.89025		
28.39		0.89022		
28.4		0.8902		
28.41		0.89017		
28.42		0.89014		
28.43		0.89011		
28.44		0.89008		
28.45		0.89005		
28.46		0.89003		
28.47		0.89		
28.48		0.88997		
28.49		0.88994		
28.5		0.88991		
28.51		0.88989		
28.52		0.88986		
28.53		0.88983		
28.54		0.8898		
28.55		0.88977		
28.56		0.88975		
28.57		0.88972		
28.58		0.88969		
28.59		0.88966		
28.6		0.88963		
28.61		0.88961		
28.62		0.88958		
28.63		0.88955		
28.64		0.88952		
28.65		0.8895		
28.66		0.88947		
28.67		0.88944		
28.68		0.88941		
28.69		0.88939		
28.7		0.88936		
28.71		0.88933		
28.72		0.88931		
28.73		0.88928		
28.74		0.88925		
28.75		0.88922		
28.76		0.8892		
28.77		0.88917		
28.78		0.88914		
28.79		0.88912		
28.8		0.88909		
28.81		0.88906		
28.82		0.88904		
28.83		0.88901		
28.84		0.88898		
28.85		0.88895		
28.86		0.88893		
28.87		0.8889		
28.88		0.88887		
28.89		0.88885		
28.9		0.88882		
28.91		0.88879		
28.92		0.88877		
28.93		0.88874		
28.94		0.88872		
28.95		0.88869		
28.96		0.88866		
28.97		0.88864		
28.98		0.88861		
28.99		0.88858		
29		0.88856		
29.01		0.88853		
29.02		0.88851		
29.03		0.88848		
29.04		0.88845		
29.05		0.88843		
29.06		0.8884		
29.07		0.88838		
29.08		0.88835		
29.09		0.88832		
29.1		0.8883		
29.11		0.88827		
29.12		0.88825		
29.13		0.88822		
29.14		0.88819		
29.15		0.88817		
29.16		0.88814		
29.17		0.88812		
29.18		0.88809		
29.19		0.88807		
29.2		0.88804		
29.21		0.88802		
29.22		0.88799		
29.23		0.88797		
29.24		0.88794		
29.25		0.88791		
29.26		0.88789		
29.27		0.88786		
29.28		0.88784		
29.29		0.88781		
29.3		0.88779		
29.31		0.88776		
29.32		0.88774		
29.33		0.88771		
29.34		0.88769		
29.35		0.88766		
29.36		0.88764		
29.37		0.88761		
29.38		0.88759		
29.39		0.88756		
29.4		0.88754		
29.41		0.88751		
29.42		0.88749		
29.43		0.88747		
29.44		0.88744		
29.45		0.88742		
29.46		0.88739		
29.47		0.88737		
29.48		0.88734		
29.49		0.88732		
29.5		0.88729		
29.51		0.88727		
29.52		0.88724		
29.53		0.88722		
29.54		0.8872		
29.55		0.88717		
29.56		0.88715		
29.57		0.88712		
29.58		0.8871		
29.59		0.88708		
29.6		0.88705		
29.61		0.88703		
29.62		0.887		
29.63		0.88698		
29.64		0.88696		
29.65		0.88693		
29.66		0.88691		
29.67		0.88688		
29.68		0.88686		
29.69		0.88684		
29.7		0.88681		
29.71		0.88679		
29.72		0.88677		
29.73		0.88674		
29.74		0.88672		
29.75		0.8867		
29.76		0.88667		
29.77		0.88665		
29.78		0.88662		
29.79		0.8866		
29.8		0.88658		
29.81		0.88655		
29.82		0.88653		
29.83		0.88651		
29.84		0.88649		
29.85		0.88646		
29.86		0.88644		
29.87		0.88642		
29.88		0.88639		
29.89		0.88637		
29.9		0.88635		
29.91		0.88632		
29.92		0.8863		
29.93		0.88628		
29.94		0.88625		
29.95		0.88623		
29.96		0.88621		
29.97		0.88619		
29.98		0.88616		
29.99		0.88614		
30		0.88612		
30.01		0.8861		
30.02		0.88607		
30.03		0.88605		
30.04		0.88603		
30.05		0.88601		
30.06		0.88598		
30.07		0.88596		
30.08		0.88594		
30.09		0.88592		
30.1		0.88589		
30.11		0.88587		
30.12		0.88585		
30.13		0.88583		
30.14		0.8858		
30.15		0.88578		
30.16		0.88576		
30.17		0.88574		
30.18		0.88572		
30.19		0.88569		
30.2		0.88567		
30.21		0.88565		
30.22		0.88563		
30.23		0.88561		
30.24		0.88558		
30.25		0.88556		
30.26		0.88554		
30.27		0.88552		
30.28		0.8855		
30.29		0.88548		
30.3		0.88546		
30.31		0.88543		
30.32		0.88541		
30.33		0.88539		
30.34		0.88537		
30.35		0.88535		
30.36		0.88533		
30.37		0.88531		
30.38		0.88529		
30.39		0.88526		
30.4		0.88524		
30.41		0.88522		
30.42		0.8852		
30.43		0.88518		
30.44		0.88516		
30.45		0.88514		
30.46		0.88511		
30.47		0.88509		
30.48		0.88507		
30.49		0.88505		
30.5		0.88503		
30.51		0.88501		
30.52		0.88499		
30.53		0.88496		
30.54		0.88494		
30.55		0.88492		
30.56		0.8849		
30.57		0.88488		
30.58		0.88486		
30.59		0.88484		
30.6		0.88481		
30.61		0.88479		
30.62		0.88477		
30.63		0.88475		
30.64		0.88473		
30.65		0.88471		
30.66		0.88468		
30.67		0.88466		
30.68		0.88464		
30.69		0.88462		
30.7		0.8846		
30.71		0.88458		
30.72		0.88455		
30.73		0.88453		
30.74		0.88451		
30.75		0.88449		
30.76		0.88447		
30.77		0.88445		
30.78		0.88442		
30.79		0.8844		
30.8		0.88438		
30.81		0.88436		
30.82		0.88434		
30.83		0.88431		
30.84		0.88429		
30.85		0.88427		
30.86		0.88425		
30.87		0.88423		
30.88		0.88421		
30.89		0.88418		
30.9		0.88416		
30.91		0.88414		
30.92		0.88412		
30.93		0.8841		
30.94		0.88407		
30.95		0.88405		
30.96		0.88403		
30.97		0.88401		
30.98		0.88399		
30.99		0.88396		
31		0.88394		
31.01		0.88392		
31.02		0.8839		
31.03		0.88388		
31.04		0.88385		
31.05		0.88383		
31.06		0.88381		
31.07		0.88379		
31.08		0.88377		
31.09		0.88374		
31.1		0.88372		
31.11		0.8837		
31.12		0.88368		
31.13		0.88365		
31.14		0.88363		
31.15		0.88361		
31.16		0.88359		
31.17		0.88357		
31.18		0.88354		
31.19		0.88352		
31.2		0.8835		
31.21		0.88348		
31.22		0.88345		
31.23		0.88343		
31.24		0.88341		
31.25		0.88339		
31.26		0.88337		
31.27		0.88334		
31.28		0.88332		
31.29		0.8833		
31.3		0.88328		
31.31		0.88325		
31.32		0.88323		
31.33		0.88321		
31.34		0.88319		
31.35		0.88316		
31.36		0.88314		
31.37		0.88312		
31.38		0.8831		
31.39		0.88308		
31.4		0.88305		
31.41		0.88303		
31.42		0.88301		
31.43		0.88299		
31.44		0.88296		
31.45		0.88294		
31.46		0.88292		
31.47		0.8829		
31.48		0.88287		
31.49		0.88285		
31.5		0.88283		
31.51		0.88281		
31.52		0.88278		
31.53		0.88276		
31.54		0.88274		
31.55		0.88271		
31.56		0.88269		
31.57		0.88267		
31.58		0.88265		
31.59		0.88262		
31.6		0.8826		
31.61		0.88258		
31.62		0.88256		
31.63		0.88253		
31.64		0.88251		
31.65		0.88249		
31.66		0.88247		
31.67		0.88244		
31.68		0.88242		
31.69		0.8824		
31.7		0.88237		
31.71		0.88235		
31.72		0.88233		
31.73		0.88231		
31.74		0.88228		
31.75		0.88226		
31.76		0.88224		
31.77		0.88222		
31.78		0.88219		
31.79		0.88217		
31.8		0.88215		
31.81		0.88212		
31.82		0.8821		
31.83		0.88208		
31.84		0.88205		
31.85		0.88203		
31.86		0.88201		
31.87		0.88199		
31.88		0.88196		
31.89		0.88194		
31.9		0.88192		
31.91		0.88189		
31.92		0.88187		
31.93		0.88185		
31.94		0.88183		
31.95		0.8818		
31.96		0.88178		
31.97		0.88176		
31.98		0.88173		
31.99		0.88171		
32		0.88169		
32.01		0.88166		
32.02		0.88164		
32.03		0.88162		
32.04		0.88159		
32.05		0.88157		
32.06		0.88155		
32.07		0.88153		
32.08		0.8815		
32.09		0.88148		
32.1		0.88146		
32.11		0.88143		
32.12		0.88141		
32.13		0.88139		
32.14		0.88136		
32.15		0.88134		
32.16		0.88132		
32.17		0.88129		
32.18		0.88127		
32.19		0.88125		
32.2		0.88122		
32.21		0.8812		
32.22		0.88118		
32.23		0.88115		
32.24		0.88113		
32.25		0.88111		
32.26		0.88108		
32.27		0.88106		
32.28		0.88104		
32.29		0.88101		
32.3		0.88099		
32.31		0.88097		
32.32		0.88094		
32.33		0.88092		
32.34		0.8809		
32.35		0.88087		
32.36		0.88085		
32.37		0.88083		
32.38		0.8808		
32.39		0.88078		
32.4		0.88076		
32.41		0.88073		
32.42		0.88071		
32.43		0.88069		
32.44		0.88066		
32.45		0.88064		
32.46		0.88062		
32.47		0.88059		
32.48		0.88057		
32.49		0.88054		
32.5		0.88052		
32.51		0.8805		
32.52		0.88047		
32.53		0.88045		
32.54		0.88043		
32.55		0.8804		
32.56		0.88038		
32.57		0.88036		
32.58		0.88033		
32.59		0.88031		
32.6		0.88029		
32.61		0.88026		
32.62		0.88024		
32.63		0.88021		
32.64		0.88019		
32.65		0.88017		
32.66		0.88014		
32.67		0.88012		
32.68		0.8801		
32.69		0.88007		
32.7		0.88005		
32.71		0.88002		
32.72		0.88		
32.73		0.87998		
32.74		0.87995		
32.75		0.87993		
32.76		0.87991		
32.77		0.87988		
32.78		0.87986		
32.79		0.87983		
32.8		0.87981		
32.81		0.87979		
32.82		0.87976		
32.83		0.87974		
32.84		0.87971		
32.85		0.87969		
32.86		0.87967		
32.87		0.87964		
32.88		0.87962		
32.89		0.87959		
32.9		0.87957		
32.91		0.87955		
32.92		0.87952		
32.93		0.8795		
32.94		0.87948		
32.95		0.87945		
32.96		0.87943		
32.97		0.8794		
32.98		0.87938		
32.99		0.87936		
33		0.87933		
33.01		0.87931		
33.02		0.87928		
33.03		0.87926		
33.04		0.87923		
33.05		0.87921		
33.06		0.87919		
33.07		0.87916		
33.08		0.87914		
33.09		0.87911		
33.1		0.87909		
33.11		0.87907		
33.12		0.87904		
33.13		0.87902		
33.14		0.87899		
33.15		0.87897		
33.16		0.87895		
33.17		0.87892		
33.18		0.8789		
33.19		0.87887		
33.2		0.87885		
33.21		0.87882		
33.22		0.8788		
33.23		0.87878		
33.24		0.87875		
33.25		0.87873		
33.26		0.8787		
33.27		0.87868		
33.28		0.87865		
33.29		0.87863		
33.3		0.87861		
33.31		0.87858		
33.32		0.87856		
33.33		0.87853		
33.34		0.87851		
33.35		0.87848		
33.36		0.87846		
33.37		0.87843		
33.38		0.87841		
33.39		0.87839		
33.4		0.87836		
33.41		0.87834		
33.42		0.87831		
33.43		0.87829		
33.44		0.87826		
33.45		0.87824		
33.46		0.87821		
33.47		0.87819		
33.48		0.87817		
33.49		0.87814		
33.5		0.87812		
33.51		0.87809		
33.52		0.87807		
33.53		0.87804		
33.54		0.87802		
33.55		0.87799		
33.56		0.87797		
33.57		0.87794		
33.58		0.87792		
33.59		0.8779		
33.6		0.87787		
33.61		0.87785		
33.62		0.87782		
33.63		0.8778		
33.64		0.87777		
33.65		0.87775		
33.66		0.87772		
33.67		0.8777		
33.68		0.87767		
33.69		0.87765		
33.7		0.87762		
33.71		0.8776		
33.72		0.87758		
33.73		0.87755		
33.74		0.87753		
33.75		0.8775		
33.76		0.87748		
33.77		0.87745		
33.78		0.87743		
33.79		0.8774		
33.8		0.87738		
33.81		0.87735		
33.82		0.87733		
33.83		0.8773		
33.84		0.87728		
33.85		0.87725		
33.86		0.87723		
33.87		0.8772		
33.88		0.87718		
33.89		0.87715		
33.9		0.87713		
33.91		0.8771		
33.92		0.87708		
33.93		0.87705		
33.94		0.87703		
33.95		0.877		
33.96		0.87698		
33.97		0.87695		
33.98		0.87693		
33.99		0.8769		
34		0.87688		
34.01		0.87685		
34.02		0.87683		
34.03		0.8768		
34.04		0.87678		
34.05		0.87675		
34.06		0.87673		
34.07		0.8767		
34.08		0.87668		
34.09		0.87665		
34.1		0.87663		
34.11		0.8766		
34.12		0.87658		
34.13		0.87655		
34.14		0.87653		
34.15		0.8765		
34.16		0.87648		
34.17		0.87645		
34.18		0.87643		
34.19		0.8764		
34.2		0.87638		
34.21		0.87635		
34.22		0.87633		
34.23		0.8763		
34.24		0.87628		
34.25		0.87625		
34.26		0.87623		
34.27		0.8762		
34.28		0.87618		
34.29		0.87615		
34.3		0.87613		
34.31		0.8761		
34.32		0.87608		
34.33		0.87605		
34.34		0.87603		
34.35		0.876		
34.36		0.87598		
34.37		0.87595		
34.38		0.87592		
34.39		0.8759		
34.4		0.87587		
34.41		0.87585		
34.42		0.87582		
34.43		0.8758		
34.44		0.87577		
34.45		0.87575		
34.46		0.87572		
34.47		0.8757		
34.48		0.87567		
34.49		0.87565		
34.5		0.87562		
34.51		0.87559		
34.52		0.87557		
34.53		0.87554		
34.54		0.87552		
34.55		0.87549		
34.56		0.87547		
34.57		0.87544		
34.58		0.87542		
34.59		0.87539		
34.6		0.87537		
34.61		0.87534		
34.62		0.87531		
34.63		0.87529		
34.64		0.87526		
34.65		0.87524		
34.66		0.87521		
34.67		0.87519		
34.68		0.87516		
34.69		0.87514		
34.7		0.87511		
34.71		0.87508		
34.72		0.87506		
34.73		0.87503		
34.74		0.87501		
34.75		0.87498		
34.76		0.87496		
34.77		0.87493		
34.78		0.87491		
34.79		0.87488		
34.8		0.87485		
34.81		0.87483		
34.82		0.8748		
34.83		0.87478		
34.84		0.87475		
34.85		0.87473		
34.86		0.8747		
34.87		0.87467		
34.88		0.87465		
34.89		0.87462		
34.9		0.8746		
34.91		0.87457		
34.92		0.87455		
34.93		0.87452		
34.94		0.87449		
34.95		0.87447		
34.96		0.87444		
34.97		0.87442		
34.98		0.87439		
34.99		0.87437		
35		0.87434		
35.01		0.87431		
35.02		0.87429		
35.03		0.87426		
35.04		0.87424		
35.05		0.87421		
35.06		0.87418		
35.07		0.87416		
35.08		0.87413		
35.09		0.87411		
35.1		0.87408		
35.11		0.87406		
35.12		0.87403		
35.13		0.874		
35.14		0.87398		
35.15		0.87395		
35.16		0.87393		
35.17		0.8739		
35.18		0.87387		
35.19		0.87385		
35.2		0.87382		
35.21		0.8738		
35.22		0.87377		
35.23		0.87374		
35.24		0.87372		
35.25		0.87369		
35.26		0.87367		
35.27		0.87364		
35.28		0.87361		
35.29		0.87359		
35.3		0.87356		
35.31		0.87354		
35.32		0.87351		
35.33		0.87348		
35.34		0.87346		
35.35		0.87343		
35.36		0.8734		
35.37		0.87338		
35.38		0.87335		
35.39		0.87333		
35.4		0.8733		
35.41		0.87327		
35.42		0.87325		
35.43		0.87322		
35.44		0.8732		
35.45		0.87317		
35.46		0.87314		
35.47		0.87312		
35.48		0.87309		
35.49		0.87306		
35.5		0.87304		
35.51		0.87301		
35.52		0.87299		
35.53		0.87296		
35.54		0.87293		
35.55		0.87291		
35.56		0.87288		
35.57		0.87285		
35.58		0.87283		
35.59		0.8728		
35.6		0.87278		
35.61		0.87275		
35.62		0.87272		
35.63		0.8727		
35.64		0.87267		
35.65		0.87264		
35.66		0.87262		
35.67		0.87259		
35.68		0.87257		
35.69		0.87254		
35.7		0.87251		
35.71		0.87249		
35.72		0.87246		
35.73		0.87243		
35.74		0.87241		
35.75		0.87238		
35.76		0.87235		
35.77		0.87233		
35.78		0.8723		
35.79		0.87227		
35.8		0.87225		
35.81		0.87222		
35.82		0.8722		
35.83		0.87217		
35.84		0.87214		
35.85		0.87212		
35.86		0.87209		
35.87		0.87206		
35.88		0.87204		
35.89		0.87201		
35.9		0.87198		
35.91		0.87196		
35.92		0.87193		
35.93		0.8719		
35.94		0.87188		
35.95		0.87185		
35.96		0.87182		
35.97		0.8718		
35.98		0.87177		
35.99		0.87174		
36		0.87172		
36.01		0.87169		
36.02		0.87166		
36.03		0.87164		
36.04		0.87161		
36.05		0.87158		
36.06		0.87156		
36.07		0.87153		
36.08		0.8715		
36.09		0.87148		
36.1		0.87145		
36.11		0.87142		
36.12		0.8714		
36.13		0.87137		
36.14		0.87134		
36.15		0.87132		
36.16		0.87129		
36.17		0.87126		
36.18		0.87124		
36.19		0.87121		
36.2		0.87118		
36.21		0.87116		
36.22		0.87113		
36.23		0.8711		
36.24		0.87108		
36.25		0.87105		
36.26		0.87102		
36.27		0.871		
36.28		0.87097		
36.29		0.87094		
36.3		0.87092		
36.31		0.87089		
36.32		0.87086		
36.33		0.87083		
36.34		0.87081		
36.35		0.87078		
36.36		0.87075		
36.37		0.87073		
36.38		0.8707		
36.39		0.87067		
36.4		0.87065		
36.41		0.87062		
36.42		0.87059		
36.43		0.87057		
36.44		0.87054		
36.45		0.87051		
36.46		0.87049		
36.47		0.87046		
36.48		0.87043		
36.49		0.8704		
36.5		0.87038		
36.51		0.87035		
36.52		0.87032		
36.53		0.8703		
36.54		0.87027		
36.55		0.87024		
36.56		0.87022		
36.57		0.87019		
36.58		0.87016		
36.59		0.87013		
36.6		0.87011		
36.61		0.87008		
36.62		0.87005		
36.63		0.87003		
36.64		0.87		
36.65		0.86997		
36.66		0.86994		
36.67		0.86992		
36.68		0.86989		
36.69		0.86986		
36.7		0.86984		
36.71		0.86981		
36.72		0.86978		
36.73		0.86975		
36.74		0.86973		
36.75		0.8697		
36.76		0.86967		
36.77		0.86965		
36.78		0.86962		
36.79		0.86959		
36.8		0.86956		
36.81		0.86954		
36.82		0.86951		
36.83		0.86948		
36.84		0.86946		
36.85		0.86943		
36.86		0.8694		
36.87		0.86937		
36.88		0.86935		
36.89		0.86932		
36.9		0.86929		
36.91		0.86926		
36.92		0.86924		
36.93		0.86921		
36.94		0.86918		
36.95		0.86916		
36.96		0.86913		
36.97		0.8691		
36.98		0.86907		
36.99		0.86905		
37		0.86902		
37.01		0.86899		
37.02		0.86896		
37.03		0.86894		
37.04		0.86891		
37.05		0.86888		
37.06		0.86885		
37.07		0.86883		
37.08		0.8688		
37.09		0.86877		
37.1		0.86875		
37.11		0.86872		
37.12		0.86869		
37.13		0.86866		
37.14		0.86864		
37.15		0.86861		
37.16		0.86858		
37.17		0.86855		
37.18		0.86853		
37.19		0.8685		
37.2		0.86847		
37.21		0.86844		
37.22		0.86842		
37.23		0.86839		
37.24		0.86836		
37.25		0.86833		
37.26		0.86831		
37.27		0.86828		
37.28		0.86825		
37.29		0.86822		
37.3		0.8682		
37.31		0.86817		
37.32		0.86814		
37.33		0.86811		
37.34		0.86809		
37.35		0.86806		
37.36		0.86803		
37.37		0.868		
37.38		0.86798		
37.39		0.86795		
37.4		0.86792		
37.41		0.86789		
37.42		0.86786		
37.43		0.86784		
37.44		0.86781		
37.45		0.86778		
37.46		0.86775		
37.47		0.86773		
37.48		0.8677		
37.49		0.86767		
37.5		0.86764		
37.51		0.86762		
37.52		0.86759		
37.53		0.86756		
37.54		0.86753		
37.55		0.86751		
37.56		0.86748		
37.57		0.86745		
37.58		0.86742		
37.59		0.86739		
37.6		0.86737		
37.61		0.86734		
37.62		0.86731		
37.63		0.86728		
37.64		0.86726		
37.65		0.86723		
37.66		0.8672		
37.67		0.86717		
37.68		0.86714		
37.69		0.86712		
37.7		0.86709		
37.71		0.86706		
37.72		0.86703		
37.73		0.86701		
37.74		0.86698		
37.75		0.86695		
37.76		0.86692		
37.77		0.86689		
37.78		0.86687		
37.79		0.86684		
37.8		0.86681		
37.81		0.86678		
37.82		0.86675		
37.83		0.86673		
37.84		0.8667		
37.85		0.86667		
37.86		0.86664		
37.87		0.86662		
37.88		0.86659		
37.89		0.86656		
37.9		0.86653		
37.91		0.8665		
37.92		0.86648		
37.93		0.86645		
37.94		0.86642		
37.95		0.86639		
37.96		0.86636		
37.97		0.86634		
37.98		0.86631		
37.99		0.86628		
38		0.86625		
38.01		0.86622		
38.02		0.8662		
38.03		0.86617		
38.04		0.86614		
38.05		0.86611		
38.06		0.86608		
38.07		0.86606		
38.08		0.86603		
38.09		0.866		
38.1		0.86597		
38.11		0.86594		
38.12		0.86592		
38.13		0.86589		
38.14		0.86586		
38.15		0.86583		
38.16		0.8658		
38.17		0.86577		
38.18		0.86575		
38.19		0.86572		
38.2		0.86569		
38.21		0.86566		
38.22		0.86563		
38.23		0.86561		
38.24		0.86558		
38.25		0.86555		
38.26		0.86552		
38.27		0.86549		
38.28		0.86547		
38.29		0.86544		
38.3		0.86541		
38.31		0.86538		
38.32		0.86535		
38.33		0.86532		
38.34		0.8653		
38.35		0.86527		
38.36		0.86524		
38.37		0.86521		
38.38		0.86518		
38.39		0.86515		
38.4		0.86513		
38.41		0.8651		
38.42		0.86507		
38.43		0.86504		
38.44		0.86501		
38.45		0.86499		
38.46		0.86496		
38.47		0.86493		
38.48		0.8649		
38.49		0.86487		
38.5		0.86484		
38.51		0.86482		
38.52		0.86479		
38.53		0.86476		
38.54		0.86473		
38.55		0.8647		
38.56		0.86467		
38.57		0.86465		
38.58		0.86462		
38.59		0.86459		
38.6		0.86456		
38.61		0.86453		
38.62		0.8645		
38.63		0.86448		
38.64		0.86445		
38.65		0.86442		
38.66		0.86439		
38.67		0.86436		
38.68		0.86433		
38.69		0.86431		
38.7		0.86428		
38.71		0.86425		
38.72		0.86422		
38.73		0.86419		
38.74		0.86416		
38.75		0.86413		
38.76		0.86411		
38.77		0.86408		
38.78		0.86405		
38.79		0.86402		
38.8		0.86399		
38.81		0.86396		
38.82		0.86394		
38.83		0.86391		
38.84		0.86388		
38.85		0.86385		
38.86		0.86382		
38.87		0.86379		
38.88		0.86376		
38.89		0.86374		
38.9		0.86371		
38.91		0.86368		
38.92		0.86365		
38.93		0.86362		
38.94		0.86359		
38.95		0.86356		
38.96		0.86354		
38.97		0.86351		
38.98		0.86348		
38.99		0.86345		
39		0.86342		
39.01		0.86339		
39.02		0.86336		
39.03		0.86334		
39.04		0.86331		
39.05		0.86328		
39.06		0.86325		
39.07		0.86322		
39.08		0.86319		
39.09		0.86316		
39.1		0.86314		
39.11		0.86311		
39.12		0.86308		
39.13		0.86305		
39.14		0.86302		
39.15		0.86299		
39.16		0.86296		
39.17		0.86293		
39.18		0.86291		
39.19		0.86288		
39.2		0.86285		
39.21		0.86282		
39.22		0.86279		
39.23		0.86276		
39.24		0.86273		
39.25		0.8627		
39.26		0.86268		
39.27		0.86265		
39.28		0.86262		
39.29		0.86259		
39.3		0.86256		
39.31		0.86253		
39.32		0.8625		
39.33		0.86247		
39.34		0.86245		
39.35		0.86242		
39.36		0.86239		
39.37		0.86236		
39.38		0.86233		
39.39		0.8623		
39.4		0.86227		
39.41		0.86224		
39.42		0.86222		
39.43		0.86219		
39.44		0.86216		
39.45		0.86213		
39.46		0.8621		
39.47		0.86207		
39.48		0.86204		
39.49		0.86201		
39.5		0.86198		
39.51		0.86196		
39.52		0.86193		
39.53		0.8619		
39.54		0.86187		
39.55		0.86184		
39.56		0.86181		
39.57		0.86178		
39.58		0.86175		
39.59		0.86172		
39.6		0.8617		
39.61		0.86167		
39.62		0.86164		
39.63		0.86161		
39.64		0.86158		
39.65		0.86155		
39.66		0.86152		
39.67		0.86149		
39.68		0.86146		
39.69		0.86144		
39.7		0.86141		
39.71		0.86138		
39.72		0.86135		
39.73		0.86132		
39.74		0.86129		
39.75		0.86126		
39.76		0.86123		
39.77		0.8612		
39.78		0.86117		
39.79		0.86115		
39.8		0.86112		
39.81		0.86109		
39.82		0.86106		
39.83		0.86103		
39.84		0.861		
39.85		0.86097		
39.86		0.86094		
39.87		0.86091		
39.88		0.86088		
39.89		0.86085		
39.9		0.86083		
39.91		0.8608		
39.92		0.86077		
39.93		0.86074		
39.94		0.86071		
39.95		0.86068		
39.96		0.86065		
39.97		0.86062		
39.98		0.86059		
39.99		0.86056		
40		0.86053		
40.01		0.86051		
40.02		0.86048		
40.03		0.86045		
40.04		0.86042		
40.05		0.86039		
40.06		0.86036		
40.07		0.86033		
40.08		0.8603		
40.09		0.86027		
40.1		0.86024		
40.11		0.86021		
40.12		0.86018		
40.13		0.86016		
40.14		0.86013		
40.15		0.8601		
40.16		0.86007		
40.17		0.86004		
40.18		0.86001		
40.19		0.85998		
40.2		0.85995		
40.21		0.85992		
40.22		0.85989		
40.23		0.85986		
40.24		0.85983		
40.25		0.85981		
40.26		0.85978		
40.27		0.85975		
40.28		0.85972		
40.29		0.85969		
40.3		0.85966		
40.31		0.85963		
40.32		0.8596		
40.33		0.85957		
40.34		0.85954		
40.35		0.85951		
40.36		0.85948		
40.37		0.85945		
40.38		0.85942		
40.39		0.8594		
40.4		0.85937		
40.41		0.85934		
40.42		0.85931		
40.43		0.85928		
40.44		0.85925		
40.45		0.85922		
40.46		0.85919		
40.47		0.85916		
40.48		0.85913		
40.49		0.8591		
40.5		0.85907		
40.51		0.85904		
40.52		0.85901		
40.53		0.85898		
40.54		0.85895		
40.55		0.85893		
40.56		0.8589		
40.57		0.85887		
40.58		0.85884		
40.59		0.85881		
40.6		0.85878		
40.61		0.85875		
40.62		0.85872		
40.63		0.85869		
40.64		0.85866		
40.65		0.85863		
40.66		0.8586		
40.67		0.85857		
40.68		0.85854		
40.69		0.85851		
40.7		0.85848		
40.71		0.85845		
40.72		0.85843		
40.73		0.8584		
40.74		0.85837		
40.75		0.85834		
40.76		0.85831		
40.77		0.85828		
40.78		0.85825		
40.79		0.85822		
40.8		0.85819		
40.81		0.85816		
40.82		0.85813		
40.83		0.8581		
40.84		0.85807		
40.85		0.85804		
40.86		0.85801		
40.87		0.85798		
40.88		0.85795		
40.89		0.85792		
40.9		0.85789		
40.91		0.85786		
40.92		0.85784		
40.93		0.85781		
40.94		0.85778		
40.95		0.85775		
40.96		0.85772		
40.97		0.85769		
40.98		0.85766		
40.99		0.85763		
41		0.8576		
41.01		0.85757		
41.02		0.85754		
41.03		0.85751		
41.04		0.85748		
41.05		0.85745		
41.06		0.85742		
41.07		0.85739		
41.08		0.85736		
41.09		0.85733		
41.1		0.8573		
41.11		0.85727		
41.12		0.85724		
41.13		0.85721		
41.14		0.85718		
41.15		0.85715		
41.16		0.85712		
41.17		0.85709		
41.18		0.85707		
41.19		0.85704		
41.2		0.85701		
41.21		0.85698		
41.22		0.85695		
41.23		0.85692		
41.24		0.85689		
41.25		0.85686		
41.26		0.85683		
41.27		0.8568		
41.28		0.85677		
41.29		0.85674		
41.3		0.85671		
41.31		0.85668		
41.32		0.85665		
41.33		0.85662		
41.34		0.85659		
41.35		0.85656		
41.36		0.85653		
41.37		0.8565		
41.38		0.85647		
41.39		0.85644		
41.4		0.85641		
41.41		0.85638		
41.42		0.85635		
41.43		0.85632		
41.44		0.85629		
41.45		0.85626		
41.46		0.85623		
41.47		0.8562		
41.48		0.85617		
41.49		0.85614		
41.5		0.85611		
41.51		0.85608		
41.52		0.85605		
41.53		0.85602		
41.54		0.85599		
41.55		0.85596		
41.56		0.85593		
41.57		0.8559		
41.58		0.85588		
41.59		0.85585		
41.6		0.85582		
41.61		0.85579		
41.62		0.85576		
41.63		0.85573		
41.64		0.8557		
41.65		0.85567		
41.66		0.85564		
41.67		0.85561		
41.68		0.85558		
41.69		0.85555		
41.7		0.85552		
41.71		0.85549		
41.72		0.85546		
41.73		0.85543		
41.74		0.8554		
41.75		0.85537		
41.76		0.85534		
41.77		0.85531		
41.78		0.85528		
41.79		0.85525		
41.8		0.85522		
41.81		0.85519		
41.82		0.85516		
41.83		0.85513		
41.84		0.8551		
41.85		0.85507		
41.86		0.85504		
41.87		0.85501		
41.88		0.85498		
41.89		0.85495		
41.9		0.85492		
41.91		0.85489		
41.92		0.85486		
41.93		0.85483		
41.94		0.8548		
41.95		0.85477		
41.96		0.85474		
41.97		0.85471		
41.98		0.85468		
41.99		0.85465		
42		0.85462		
42.01		0.85459		
42.02		0.85456		
42.03		0.85453		
42.04		0.8545		
42.05		0.85447		
42.06		0.85444		
42.07		0.85441		
42.08		0.85438		
42.09		0.85435		
42.1		0.85432		
42.11		0.85429		
42.12		0.85426		
42.13		0.85423		
42.14		0.8542		
42.15		0.85417		
42.16		0.85414		
42.17		0.85411		
42.18		0.85408		
42.19		0.85405		
42.2		0.85402		
42.21		0.85399		
42.22		0.85396		
42.23		0.85393		
42.24		0.8539		
42.25		0.85387		
42.26		0.85384		
42.27		0.85381		
42.28		0.85378		
42.29		0.85375		
42.3		0.85372		
42.31		0.85369		
42.32		0.85366		
42.33		0.85363		
42.34		0.8536		
42.35		0.85357		
42.36		0.85354		
42.37		0.85351		
42.38		0.85348		
42.39		0.85345		
42.4		0.85342		
42.41		0.85339		
42.42		0.85336		
42.43		0.85333		
42.44		0.8533		
42.45		0.85327		
42.46		0.85324		
42.47		0.85321		
42.48		0.85318		
42.49		0.85315		
42.5		0.85311		
42.51		0.85308		
42.52		0.85305		
42.53		0.85302		
42.54		0.85299		
42.55		0.85296		
42.56		0.85293		
42.57		0.8529		
42.58		0.85287		
42.59		0.85284		
42.6		0.85281		
42.61		0.85278		
42.62		0.85275		
42.63		0.85272		
42.64		0.85269		
42.65		0.85266		
42.66		0.85263		
42.67		0.8526		
42.68		0.85257		
42.69		0.85254		
42.7		0.85251		
42.71		0.85248		
42.72		0.85245		
42.73		0.85242		
42.74		0.85239		
42.75		0.85236		
42.76		0.85233		
42.77		0.8523		
42.78		0.85227		
42.79		0.85224		
42.8		0.85221		
42.81		0.85218		
42.82		0.85215		
42.83		0.85212		
42.84		0.85209		
42.85		0.85206		
42.86		0.85203		
42.87		0.852		
42.88		0.85197		
42.89		0.85194		
42.9		0.85191		
42.91		0.85188		
42.92		0.85184		
42.93		0.85181		
42.94		0.85178		
42.95		0.85175		
42.96		0.85172		
42.97		0.85169		
42.98		0.85166		
42.99		0.85163		
43		0.8516		
43.01		0.85157		
43.02		0.85154		
43.03		0.85151		
43.04		0.85148		
43.05		0.85145		
43.06		0.85142		
43.07		0.85139		
43.08		0.85136		
43.09		0.85133		
43.1		0.8513		
43.11		0.85127		
43.12		0.85124		
43.13		0.85121		
43.14		0.85118		
43.15		0.85115		
43.16		0.85112		
43.17		0.85109		
43.18		0.85106		
43.19		0.85103		
43.2		0.851		
43.21		0.85096		
43.22		0.85093		
43.23		0.8509		
43.24		0.85087		
43.25		0.85084		
43.26		0.85081		
43.27		0.85078		
43.28		0.85075		
43.29		0.85072		
43.3		0.85069		
43.31		0.85066		
43.32		0.85063		
43.33		0.8506		
43.34		0.85057		
43.35		0.85054		
43.36		0.85051		
43.37		0.85048		
43.38		0.85045		
43.39		0.85042		
43.4		0.85039		
43.41		0.85036		
43.42		0.85033		
43.43		0.8503		
43.44		0.85027		
43.45		0.85023		
43.46		0.8502		
43.47		0.85017		
43.48		0.85014		
43.49		0.85011		
43.5		0.85008		
43.51		0.85005		
43.52		0.85002		
43.53		0.84999		
43.54		0.84996		
43.55		0.84993		
43.56		0.8499		
43.57		0.84987		
43.58		0.84984		
43.59		0.84981		
43.6		0.84978		
43.61		0.84975		
43.62		0.84972		
43.63		0.84969		
43.64		0.84966		
43.65		0.84962		
43.66		0.84959		
43.67		0.84956		
43.68		0.84953		
43.69		0.8495		
43.7		0.84947		
43.71		0.84944		
43.72		0.84941		
43.73		0.84938		
43.74		0.84935		
43.75		0.84932		
43.76		0.84929		
43.77		0.84926		
43.78		0.84923		
43.79		0.8492		
43.8		0.84917		
43.81		0.84914		
43.82		0.84911		
43.83		0.84908		
43.84		0.84904		
43.85		0.84901		
43.86		0.84898		
43.87		0.84895		
43.88		0.84892		
43.89		0.84889		
43.9		0.84886		
43.91		0.84883		
43.92		0.84879		
43.93		0.84876		
43.94		0.84873		
43.95		0.84869		
43.96		0.84866		
43.97		0.84863		
43.98		0.84859		
43.99		0.84856		
44		0.84852		
44.01		0.84849		
44.02		0.84845		
44.03		0.84842		
44.04		0.84838		
44.05		0.84835		
44.06		0.84831		
44.07		0.84827		
44.08		0.84824		
44.09		0.8482		
44.1		0.84816		
44.11		0.84813		
44.12		0.84809		
44.13		0.84805		
44.14		0.84801		
44.15		0.84797		
44.16		0.84793		
44.17		0.84789		
44.18		0.84785		
44.19		0.84781		
44.2		0.84777		
44.21		0.84773		
44.22		0.84769		
44.23		0.84765		
44.24		0.84761		
44.25		0.84757		
44.26		0.84753		
44.27		0.84749		
44.28		0.84745		
44.29		0.8474		
44.3		0.84736		
44.31		0.84732		
44.32		0.84727		
44.33		0.84723		
44.34		0.84719		
44.35		0.84714		
44.36		0.8471		
44.37		0.84706		
44.38		0.84701		
44.39		0.84697		
44.4		0.84692		
44.41		0.84688		
44.42		0.84683		
44.43		0.84678		
44.44		0.84674		
44.45		0.84669		
44.46		0.84665		
44.47		0.8466		
44.48		0.84655		
44.49		0.8465		
44.5		0.84646		
44.51		0.84641		
44.52		0.84636		
44.53		0.84631		
44.54		0.84627		
44.55		0.84622		
44.56		0.84617		
44.57		0.84612		
44.58		0.84607		
44.59		0.84602		
44.6		0.84597		
44.61		0.84592		
44.62		0.84587		
44.63		0.84582		
44.64		0.84577		
44.65		0.84572		
44.66		0.84567		
44.67		0.84562		
44.68		0.84557		
44.69		0.84551		
44.7		0.84546		
44.71		0.84541		
44.72		0.84536		
44.73		0.8453		
44.74		0.84525		
44.75		0.8452		
44.76		0.84515		
44.77		0.84509		
44.78		0.84504		
44.79		0.84499		
44.8		0.84493		
44.81		0.84488		
44.82		0.84482		
44.83		0.84477		
44.84		0.84471		
44.85		0.84466		
44.86		0.8446		
44.87		0.84455		
44.88		0.84449		
44.89		0.84444		
44.9		0.84438		
44.91		0.84433		
44.92		0.84427		
44.93		0.84421		
44.94		0.84416		
44.95		0.8441		
44.96		0.84404		
44.97		0.84399		
44.98		0.84393		
44.99		0.84387		
45		0.84381		
45.01		0.84376		
45.02		0.8437		
45.03		0.84364		
45.04		0.84358		
45.05		0.84352		
45.06		0.84346		
45.07		0.8434		
45.08		0.84335		
45.09		0.84329		
45.1		0.84323		
45.11		0.84317		
45.12		0.84311		
45.13		0.84305		
45.14		0.84299		
45.15		0.84293		
45.16		0.84287		
45.17		0.84281		
45.18		0.84275		
45.19		0.84269		
45.2		0.84262		
45.21		0.84256		
45.22		0.8425		
45.23		0.84244		
45.24		0.84238		
45.25		0.84232		
45.26		0.84225		
45.27		0.84219		
45.28		0.84213		
45.29		0.84207		
45.3		0.84201		
45.31		0.84194		
45.32		0.84188		
45.33		0.84182		
45.34		0.84175		
45.35		0.84169		
45.36		0.84163		
45.37		0.84156		
45.38		0.8415		
45.39		0.84144		
45.4		0.84137		
45.41		0.84131		
45.42		0.84124		
45.43		0.84118		
45.44		0.84112		
45.45		0.84105		
45.46		0.84099		
45.47		0.84092		
45.48		0.84086		
45.49		0.84079		
45.5		0.84073		
45.51		0.84066		
45.52		0.84059		
45.53		0.84053		
45.54		0.84046		
45.55		0.8404		
45.56		0.84033		
45.57		0.84027		
45.58		0.8402		
45.59		0.84013		
45.6		0.84007		
45.61		0.84		
45.62		0.83993		
45.63		0.83987		
45.64		0.8398		
45.65		0.83973		
45.66		0.83967		
45.67		0.8396		
45.68		0.83953		
45.69		0.83946		
45.7		0.8394		
45.71		0.83933		
45.72		0.83926		
45.73		0.83919		
45.74		0.83912		
45.75		0.83906		
45.76		0.83899		
45.77		0.83892		
45.78		0.83885		
45.79		0.83878		
45.8		0.83871		
45.81		0.83865		
45.82		0.83858		
45.83		0.83851		
45.84		0.83844		
45.85		0.83837		
45.86		0.8383		
45.87		0.83823		
45.88		0.83816		
45.89		0.83809		
45.9		0.83802		
45.91		0.83795		
45.92		0.83788		
45.93		0.83781		
45.94		0.83774		
45.95		0.83767		
45.96		0.8376		
45.97		0.83753		
45.98		0.83746		
45.99		0.83739		
46		0.83732		
46.01		0.83725		
46.02		0.83718		
46.03		0.83711		
46.04		0.83704		
46.05		0.83697		
46.06		0.8369		
46.07		0.83683		
46.08		0.83675		
46.09		0.83668		
46.1		0.83661		
46.11		0.83654		
46.12		0.83647		
46.13		0.8364		
46.14		0.83633		
46.15		0.83625		
46.16		0.83618		
46.17		0.83611		
46.18		0.83604		
46.19		0.83597		
46.2		0.83589		
46.21		0.83582		
46.22		0.83575		
46.23		0.83568		
46.24		0.8356		
46.25		0.83553		
46.26		0.83546		
46.27		0.83539		
46.28		0.83531		
46.29		0.83524		
46.3		0.83517		
46.31		0.8351		
46.32		0.83502		
46.33		0.83495		
46.34		0.83488		
46.35		0.8348		
46.36		0.83473		
46.37		0.83466		
46.38		0.83458		
46.39		0.83451		
46.4		0.83444		
46.41		0.83436		
46.42		0.83429		
46.43		0.83422		
46.44		0.83414		
46.45		0.83407		
46.46		0.834		
46.47		0.83392		
46.48		0.83385		
46.49		0.83377		
46.5		0.8337		
46.51		0.83363		
46.52		0.83355		
46.53		0.83348		
46.54		0.8334		
46.55		0.83333		
46.56		0.83326		
46.57		0.83318		
46.58		0.83311		
46.59		0.83303		
46.6		0.83296		
46.61		0.83288		
46.62		0.83281		
46.63		0.83273		
46.64		0.83266		
46.65		0.83258		
46.66		0.83251		
46.67		0.83243		
46.68		0.83236		
46.69		0.83228		
46.7		0.83221		
46.71		0.83213		
46.72		0.83206		
46.73		0.83198		
46.74		0.83191		
46.75		0.83183		
46.76		0.83176		
46.77		0.83168		
46.78		0.83161		
46.79		0.83153		
46.8		0.83146		
46.81		0.83138		
46.82		0.83131		
46.83		0.83123		
46.84		0.83116		
46.85		0.83108		
46.86		0.831		
46.87		0.83093		
46.88		0.83085		
46.89		0.83078		
46.9		0.8307		
46.91		0.83063		
46.92		0.83055		
46.93		0.83047		
46.94		0.8304		
46.95		0.83032		
46.96		0.83025		
46.97		0.83017		
46.98		0.83009		
46.99		0.83002		
47		0.82994		
47.01		0.82987		
47.02		0.82979		
47.03		0.82971		
47.04		0.82964		
47.05		0.82956		
47.06		0.82948		
47.07		0.82941		
47.08		0.82933		
47.09		0.82925		
47.1		0.82918		
47.11		0.8291		
47.12		0.82903		
47.13		0.82895		
47.14		0.82887		
47.15		0.8288		
47.16		0.82872		
47.17		0.82864		
47.18		0.82857		
47.19		0.82849		
47.2		0.82841		
47.21		0.82834		
47.22		0.82826		
47.23		0.82818		
47.24		0.8281		
47.25		0.82803		
47.26		0.82795		
47.27		0.82787		
47.28		0.8278		
47.29		0.82772		
47.3		0.82764		
47.31		0.82757		
47.32		0.82749		
47.33		0.82741		
47.34		0.82734		
47.35		0.82726		
47.36		0.82718		
47.37		0.8271		
47.38		0.82703		
47.39		0.82695		
47.4		0.82687		
47.41		0.8268		
47.42		0.82672		
47.43		0.82664		
47.44		0.82656		
47.45		0.82649		
47.46		0.82641		
47.47		0.82633		
47.48		0.82626		
47.49		0.82618		
47.5		0.8261		
47.51		0.82602		
47.52		0.82595		
47.53		0.82587		
47.54		0.82579		
47.55		0.82571		
47.56		0.82564		
47.57		0.82556		
47.58		0.82548		
47.59		0.8254		
47.6		0.82533		
47.61		0.82525		
47.62		0.82517		
47.63		0.82509		
47.64		0.82502		
47.65		0.82494		
47.66		0.82486		
47.67		0.82478		
47.68		0.82471		
47.69		0.82463		
47.7		0.82455		
47.71		0.82447		
47.72		0.8244		
47.73		0.82432		
47.74		0.82424		
47.75		0.82416		
47.76		0.82409		
47.77		0.82401		
47.78		0.82393		
47.79		0.82385		
47.8		0.82377		
47.81		0.8237		
47.82		0.82362		
47.83		0.82354		
47.84		0.82346		
47.85		0.82339		
47.86		0.82331		
47.87		0.82323		
47.88		0.82315		
47.89		0.82308		
47.9		0.823		
47.91		0.82292		
47.92		0.82284		
47.93		0.82276		
47.94		0.82269		
47.95		0.82261		
47.96		0.82253		
47.97		0.82245		
47.98		0.82238		
47.99		0.8223		
48		0.82222		
48.01		0.82214		
48.02		0.82207		
48.03		0.82199		
48.04		0.82191		
48.05		0.82183		
48.06		0.82175		
48.07		0.82168		
48.08		0.8216		
48.09		0.82152		
48.1		0.82144		
48.11		0.82137		
48.12		0.82129		
48.13		0.82121		
48.14		0.82113		
48.15		0.82105		
48.16		0.82098		
48.17		0.8209		
48.18		0.82082		
48.19		0.82074		
48.2		0.82067		
48.21		0.82059		
48.22		0.82051		
48.23		0.82043		
48.24		0.82035		
48.25		0.82028		
48.26		0.8202		
48.27		0.82012		
48.28		0.82004		
48.29		0.81997		
48.3		0.81989		
48.31		0.81981		
48.32		0.81973		
48.33		0.81966		
48.34		0.81958		
48.35		0.8195		
48.36		0.81942		
48.37		0.81934		
48.38		0.81927		
48.39		0.81919		
48.4		0.81911		
48.41		0.81903		
48.42		0.81896		
48.43		0.81888		
48.44		0.8188		
48.45		0.81872		
48.46		0.81865		
48.47		0.81857		
48.48		0.81849		
48.49		0.81841		
48.5		0.81834		
48.51		0.81826		
48.52		0.81818		
48.53		0.8181		
48.54		0.81803		
48.55		0.81795		
48.56		0.81787		
48.57		0.81779		
48.58		0.81772		
48.59		0.81764		
48.6		0.81756		
48.61		0.81748		
48.62		0.81741		
48.63		0.81733		
48.64		0.81725		
48.65		0.81717		
48.66		0.8171		
48.67		0.81702		
48.68		0.81694		
48.69		0.81686		
48.7		0.81679		
48.71		0.81671		
48.72		0.81663		
48.73		0.81655		
48.74		0.81648		
48.75		0.8164		
48.76		0.81632		
48.77		0.81625		
48.78		0.81617		
48.79		0.81609		
48.8		0.81601		
48.81		0.81594		
48.82		0.81586		
48.83		0.81578		
48.84		0.81571		
48.85		0.81563		
48.86		0.81555		
48.87		0.81547		
48.88		0.8154		
48.89		0.81532		
48.9		0.81524		
48.91		0.81517		
48.92		0.81509		
48.93		0.81501		
48.94		0.81493		
48.95		0.81486		
48.96		0.81478		
48.97		0.8147		
48.98		0.81463		
48.99		0.81455		
49		0.81447		
49.01		0.8144		
49.02		0.81432		
49.03		0.81424		
49.04		0.81417		
49.05		0.81409		
49.06		0.81401		
49.07		0.81394		
49.08		0.81386		
49.09		0.81378		
49.1		0.81371		
49.11		0.81363		
49.12		0.81355		
49.13		0.81348		
49.14		0.8134		
49.15		0.81332		
49.16		0.81325		
49.17		0.81317		
49.18		0.81309		
49.19		0.81302		
49.2		0.81294		
49.21		0.81286		
49.22		0.81279		
49.23		0.81271		
49.24		0.81263		
49.25		0.81256		
49.26		0.81248		
49.27		0.8124		
49.28		0.81233		
49.29		0.81225		
49.3		0.81218		
49.31		0.8121		
49.32		0.81202		
49.33		0.81195		
49.34		0.81187		
49.35		0.81179		
49.36		0.81172		
49.37		0.81164		
49.38		0.81157		
49.39		0.81149		
49.4		0.81141		
49.41		0.81134		
49.42		0.81126		
49.43		0.81119		
49.44		0.81111		
49.45		0.81103		
49.46		0.81096		
49.47		0.81088		
49.48		0.81081		
49.49		0.81073		
49.5		0.81065		
49.51		0.81058		
49.52		0.8105		
49.53		0.81043		
49.54		0.81035		
49.55		0.81028		
49.56		0.8102		
49.57		0.81012		
49.58		0.81005		
49.59		0.80997		
49.6		0.8099		
49.61		0.80982		
49.62		0.80975		
49.63		0.80967		
49.64		0.8096		
49.65		0.80952		
49.66		0.80945		
49.67		0.80937		
49.68		0.80929		
49.69		0.80922		
49.7		0.80914		
49.71		0.80907		
49.72		0.80899		
49.73		0.80892		
49.74		0.80884		
49.75		0.80877		
49.76		0.80869		
49.77		0.80862		
49.78		0.80854		
49.79		0.80847		
49.8		0.80839		
49.81		0.80832		
49.82		0.80824		
49.83		0.80817		
49.84		0.80809		
49.85		0.80802		
49.86		0.80794		
49.87		0.80787		
49.88		0.80779		
49.89		0.80772		
49.9		0.80764		
49.91		0.80757		
49.92		0.8075		
49.93		0.80742		
49.94		0.80735		
49.95		0.80727		
49.96		0.8072		
49.97		0.80712		
49.98		0.80705		
49.99		0.80697		
50		0.8069		
