t [fm]		lambda [fm^-1]
0.25		2.5339
0.3		2.439		
0.35		2.3629		
0.4		2.3011		
0.45		2.2503		
0.5		2.2079		
0.55		2.1715		
0.6		2.1392		
0.65		2.1096		
0.7		2.0815		
0.75		2.0542		
0.8		2.0272		
0.85		2.0002		
0.9		1.9732		
0.95		1.9463		
1		1.9194		
1.05		1.8927		
1.1		1.8664		
1.15		1.8405		
1.2		1.8153		
1.25		1.7908		
1.3		1.767		
1.35		1.744		
1.4		1.7219		
1.45		1.7006		
1.5		1.6801		
1.55		1.6605		
1.6		1.6418		
1.65		1.6238		
1.7		1.6066		
1.75		1.5901		
1.8		1.5743		
1.85		1.5592		
1.9		1.5447		
1.95		1.5308		
2		1.5175		
2.05		1.5048		
2.1		1.4925		
2.15		1.4808		
2.2		1.4695		
2.25		1.4586		
2.3		1.4482		
2.35		1.4381		
2.4		1.4284		
2.45		1.4191		
2.5		1.41		
2.55		1.4013		
2.6		1.3929		
2.65		1.3848		
2.7		1.3769		
2.75		1.3693		
2.8		1.362		
2.85		1.3548		
2.9		1.3479		
2.95		1.3412		
3		1.3347		
3.05		1.3284		
3.1		1.3223		
3.15		1.3163		
3.2		1.3105		
3.25		1.3048		
3.3		1.2993		
3.35		1.294		
3.4		1.2888		
3.45		1.2837		
3.5		1.2788		
3.55		1.2739		
3.6		1.2692		
3.65		1.2646		
3.7		1.2601		
3.75		1.2558		
3.8		1.2515		
3.85		1.2473		
3.9		1.2432		
3.95		1.2392		
4		1.2353		
4.05		1.2314		
4.1		1.2277		
4.15		1.224		
4.2		1.2204		
4.25		1.2168		
4.3		1.2134		
4.35		1.21		
4.4		1.2067		
4.45		1.2034		
4.5		1.2002		
4.55		1.197		
4.6		1.1939		
4.65		1.1909		
4.7		1.1879		
4.75		1.185		
4.8		1.1821		
4.85		1.1793		
4.9		1.1765		
4.95		1.1738		
5		1.1711		
5.05		1.1685		
5.1		1.1659		
5.15		1.1633		
5.2		1.1608		
5.25		1.1583		
5.3		1.1559		
5.35		1.1535		
5.4		1.1511		
5.45		1.1488		
5.5		1.1465		
5.55		1.1443		
5.6		1.142		
5.65		1.1398		
5.7		1.1377		
5.75		1.1356		
5.8		1.1335		
5.85		1.1314		
5.9		1.1293		
5.95		1.1273		
6		1.1253		
6.05		1.1234		
6.1		1.1214		
6.15		1.1195		
6.2		1.1176		
6.25		1.1158		
6.3		1.1139		
6.35		1.1121		
6.4		1.1103		
6.45		1.1086		
6.5		1.1068		
6.55		1.1051		
6.6		1.1034		
6.65		1.1017		
6.7		1.1		
6.75		1.0984		
6.8		1.0968		
6.85		1.0952		
6.9		1.0936		
6.95		1.092		
7		1.0904		
7.05		1.0889		
7.1		1.0874		
7.15		1.0859		
7.2		1.0844		
7.25		1.0829		
7.3		1.0815		
7.35		1.08		
7.4		1.0786		
7.45		1.0772		
7.5		1.0758		
7.55		1.0745		
7.6		1.0731		
7.65		1.0717		
7.7		1.0704		
7.75		1.0691		
7.8		1.0678		
7.85		1.0665		
7.9		1.0652		
7.95		1.0639		
8		1.0627		
8.05		1.0614		
8.1		1.0602		
8.15		1.059		
8.2		1.0578		
8.25		1.0566		
8.3		1.0554		
8.35		1.0542		
8.4		1.053		
8.45		1.0519		
8.5		1.0507		
8.55		1.0496		
8.6		1.0485		
8.65		1.0474		
8.7		1.0462		
8.75		1.0452		
8.8		1.0441		
8.85		1.043		
8.9		1.0419		
8.95		1.0409		
9		1.0398		
9.05		1.0388		
9.1		1.0378		
9.15		1.0367		
9.2		1.0357		
9.25		1.0347		
9.3		1.0337		
9.35		1.0327		
9.4		1.0318		
9.45		1.0308		
9.5		1.0298		
9.55		1.0289		
9.6		1.0279		
9.65		1.027		
9.7		1.026		
9.75		1.0251		
9.8		1.0242		
9.85		1.0233		
9.9		1.0224		
9.95		1.0215		
10		1.0206		
10.05		1.0197		
10.1		1.0188		
10.15		1.0179		
10.2		1.0171		
10.25		1.0162		
10.3		1.0154		
10.35		1.0145		
10.4		1.0137		
10.45		1.0128		
10.5		1.012		
10.55		1.0112		
10.6		1.0104		
10.65		1.0096		
10.7		1.0088		
10.75		1.008		
10.8		1.0072		
10.85		1.0064		
10.9		1.0056		
10.95		1.0048		
11		1.004		
11.05		1.0033		
11.1		1.0025		
11.15		1.0018		
11.2		1.001		
11.25		1.0003		
11.3		0.99953		
11.35		0.99879		
11.4		0.99806		
11.45		0.99733		
11.5		0.99661		
11.55		0.99589		
11.6		0.99518		
11.65		0.99447		
11.7		0.99377		
11.75		0.99307		
11.8		0.99237		
11.85		0.99168		
11.9		0.99099		
11.95		0.99031		
12		0.98963		
12.05		0.98896		
12.1		0.98829		
12.15		0.98763		
12.2		0.98697		
12.25		0.98631		
12.3		0.98566		
12.35		0.98501		
12.4		0.98436		
12.45		0.98372		
12.5		0.98308		
12.55		0.98245		
12.6		0.98182		
12.65		0.98119		
12.7		0.98057		
12.75		0.97995		
12.8		0.97933		
12.85		0.97872		
12.9		0.97811		
12.95		0.97751		
13		0.97691		
13.05		0.97631		
13.1		0.97572		
13.15		0.97513		
13.2		0.97454		
13.25		0.97395		
13.3		0.97337		
13.35		0.9728		
13.4		0.97222		
13.45		0.97165		
13.5		0.97108		
13.55		0.97052		
13.6		0.96995		
13.65		0.9694		
13.7		0.96884		
13.75		0.96829		
13.8		0.96774		
13.85		0.96719		
13.9		0.96665		
13.95		0.96611		
14		0.96557		
14.05		0.96503		
14.1		0.9645		
14.15		0.96397		
14.2		0.96345		
14.25		0.96292		
14.3		0.9624		
14.35		0.96188		
14.4		0.96137		
14.45		0.96086		
14.5		0.96035		
14.55		0.95984		
14.6		0.95933		
14.65		0.95883		
14.7		0.95833		
14.75		0.95784		
14.8		0.95734		
14.85		0.95685		
14.9		0.95636		
14.95		0.95588		
15		0.95539		
15.05		0.95491		
15.1		0.95443		
15.15		0.95396		
15.2		0.95348		
15.25		0.95301		
15.3		0.95254		
15.35		0.95207		
15.4		0.95161		
15.45		0.95115		
15.5		0.95069		
15.55		0.95023		
15.6		0.94977		
15.65		0.94932		
15.7		0.94887		
15.75		0.94842		
15.8		0.94798		
15.85		0.94753		
15.9		0.94709		
15.95		0.94665		
16		0.94622		
16.05		0.94578		
16.1		0.94535		
16.15		0.94492		
16.2		0.94449		
16.25		0.94406		
16.3		0.94364		
16.35		0.94322		
16.4		0.9428		
16.45		0.94238		
16.5		0.94196		
16.55		0.94155		
16.6		0.94114		
16.65		0.94073		
16.7		0.94032		
16.75		0.93992		
16.8		0.93951		
16.85		0.93911		
16.9		0.93871		
16.95		0.93832		
17		0.93792		
17.05		0.93753		
17.1		0.93714		
17.15		0.93675		
17.2		0.93636		
17.25		0.93597		
17.3		0.93559		
17.35		0.93521		
17.4		0.93483		
17.45		0.93445		
17.5		0.93407		
17.55		0.9337		
17.6		0.93333		
17.65		0.93296		
17.7		0.93259		
17.75		0.93222		
17.8		0.93186		
17.85		0.93149		
17.9		0.93113		
17.95		0.93077		
18		0.93042		
18.05		0.93006		
18.1		0.92971		
18.15		0.92935		
18.2		0.929		
18.25		0.92866		
18.3		0.92831		
18.35		0.92796		
18.4		0.92762		
18.45		0.92728		
18.5		0.92694		
18.55		0.9266		
18.6		0.92627		
18.65		0.92593		
18.7		0.9256		
18.75		0.92527		
18.8		0.92494		
18.85		0.92461		
18.9		0.92429		
18.95		0.92396		
19		0.92364		
19.05		0.92332		
19.1		0.923		
19.15		0.92268		
19.2		0.92237		
19.25		0.92205		
19.3		0.92174		
19.35		0.92143		
19.4		0.92112		
19.45		0.92081		
19.5		0.92051		
19.55		0.9202		
19.6		0.9199		
19.65		0.9196		
19.7		0.9193		
19.75		0.919		
19.8		0.91871		
19.85		0.91841		
19.9		0.91812		
19.95		0.91783		
20		0.91754		
20.05		0.91725		
20.1		0.91697		
20.15		0.91668		
20.2		0.9164		
20.25		0.91612		
20.3		0.91584		
20.35		0.91556		
20.4		0.91528		
20.45		0.91501		
20.5		0.91473		
20.55		0.91446		
20.6		0.91419		
20.65		0.91392		
20.7		0.91365		
20.75		0.91339		
20.8		0.91312		
20.85		0.91286		
20.9		0.9126		
20.95		0.91234		
21		0.91208		
21.05		0.91182		
21.1		0.91157		
21.15		0.91132		
21.2		0.91106		
21.25		0.91081		
21.3		0.91056		
21.35		0.91032		
21.4		0.91007		
21.45		0.90983		
21.5		0.90958		
21.55		0.90934		
21.6		0.9091		
21.65		0.90886		
21.7		0.90862		
21.75		0.90839		
21.8		0.90815		
21.85		0.90792		
21.9		0.90769		
21.95		0.90746		
22		0.90723		
22.05		0.907		
22.1		0.90678		
22.15		0.90655		
22.2		0.90633		
22.25		0.90611		
22.3		0.90589		
22.35		0.90567		
22.4		0.90546		
22.45		0.90524		
22.5		0.90503		
22.55		0.90481		
22.6		0.9046		
22.65		0.90439		
22.7		0.90418		
22.75		0.90398		
22.8		0.90377		
22.85		0.90357		
22.9		0.90336		
22.95		0.90316		
23		0.90296		
23.05		0.90276		
23.1		0.90257		
23.15		0.90237		
23.2		0.90218		
23.25		0.90198		
23.3		0.90179		
23.35		0.9016		
23.4		0.90141		
23.45		0.90122		
23.5		0.90104		
23.55		0.90085		
23.6		0.90067		
23.65		0.90049		
23.7		0.9003		
23.75		0.90012		
23.8		0.89995		
23.85		0.89977		
23.9		0.89959		
23.95		0.89942		
24		0.89925		
24.05		0.89907		
24.1		0.8989		
24.15		0.89873		
24.2		0.89857		
24.25		0.8984		
24.3		0.89823		
24.35		0.89807		
24.4		0.89791		
24.45		0.89774		
24.5		0.89758		
24.55		0.89743		
24.6		0.89727		
24.65		0.89711		
24.7		0.89696		
24.75		0.8968		
24.8		0.89665		
24.85		0.8965		
24.9		0.89635		
24.95		0.8962		
25		0.89605		
25.05		0.8959		
25.1		0.89576		
25.15		0.89561		
25.2		0.89547		
25.25		0.89533		
25.3		0.89519		
25.35		0.89505		
25.4		0.89491		
25.45		0.89477		
25.5		0.89464		
25.55		0.8945		
25.6		0.89437		
25.65		0.89424		
25.7		0.89411		
25.75		0.89398		
25.8		0.89385		
25.85		0.89372		
25.9		0.89359		
25.95		0.89347		
26		0.89334		
26.05		0.89322		
26.1		0.8931		
26.15		0.89298		
26.2		0.89286		
26.25		0.89274		
26.3		0.89262		
26.35		0.89251		
26.4		0.89239		
26.45		0.89228		
26.5		0.89216		
26.55		0.89204		
26.6		0.89192		
26.65		0.89181		
26.7		0.89169		
26.75		0.89157		
26.8		0.89145		
26.85		0.89133		
26.9		0.89121		
26.95		0.89109		
27		0.89097		
27.05		0.89085		
27.1		0.89073		
27.15		0.89061		
27.2		0.89049		
27.25		0.89037		
27.3		0.89025		
27.35		0.89013		
27.4		0.89		
27.45		0.88988		
27.5		0.88976		
27.55		0.88963		
27.6		0.88951		
27.65		0.88939		
27.7		0.88926		
27.75		0.88914		
27.8		0.88901		
27.85		0.88889		
27.9		0.88876		
27.95		0.88863		
28		0.88851		
28.05		0.88838		
28.1		0.88825		
28.15		0.88813		
28.2		0.888		
28.25		0.88787		
28.3		0.88774		
28.35		0.88762		
28.4		0.88749		
28.45		0.88736		
28.5		0.88723		
28.55		0.8871		
28.6		0.88697		
28.65		0.88684		
28.7		0.88671		
28.75		0.88658		
28.8		0.88645		
28.85		0.88631		
28.9		0.88618		
28.95		0.88605		
29		0.88592		
29.05		0.88578		
29.1		0.88565		
29.15		0.88552		
29.2		0.88538		
29.25		0.88525		
29.3		0.88512		
29.35		0.88498		
29.4		0.88485		
29.45		0.88471		
29.5		0.88458		
29.55		0.88444		
29.6		0.8843		
29.65		0.88417		
29.7		0.88403		
29.75		0.88389		
29.8		0.88376		
29.85		0.88362		
29.9		0.88348		
29.95		0.88334		
30		0.88321		
30.05		0.88307		
30.1		0.88293		
30.15		0.88279		
30.2		0.88265		
30.25		0.88251		
30.3		0.88237		
30.35		0.88223		
30.4		0.88209		
30.45		0.88195		
30.5		0.88181		
30.55		0.88167		
30.6		0.88152		
30.65		0.88138		
30.7		0.88124		
30.75		0.8811		
30.8		0.88095		
30.85		0.88081		
30.9		0.88067		
30.95		0.88052		
31		0.88038		
31.05		0.88024		
31.1		0.88009		
31.15		0.87995		
31.2		0.8798		
31.25		0.87966		
31.3		0.87951		
31.35		0.87937		
31.4		0.87922		
31.45		0.87907		
31.5		0.87893		
31.55		0.87878		
31.6		0.87863		
31.65		0.87849		
31.7		0.87834		
31.75		0.87819		
31.8		0.87804		
31.85		0.87789		
31.9		0.87775		
31.95		0.8776		
32		0.87745		
32.05		0.8773		
32.1		0.87715		
32.15		0.877		
32.2		0.87685		
32.25		0.8767		
32.3		0.87655		
32.35		0.8764		
32.4		0.87625		
32.45		0.8761		
32.5		0.87594		
32.55		0.87579		
32.6		0.87564		
32.65		0.87549		
32.7		0.87534		
32.75		0.87518		
32.8		0.87503		
32.85		0.87488		
32.9		0.87472		
32.95		0.87457		
33		0.87442		
33.05		0.87426		
33.1		0.87411		
33.15		0.87395		
33.2		0.8738		
33.25		0.87364		
33.3		0.87349		
33.35		0.87333		
33.4		0.87318		
33.45		0.87302		
33.5		0.87287		
33.55		0.87271		
33.6		0.87255		
33.65		0.8724		
33.7		0.87224		
33.75		0.87208		
33.8		0.87193		
33.85		0.87177		
33.9		0.87161		
33.95		0.87145		
34		0.87129		
34.05		0.87114		
34.1		0.87098		
34.15		0.87082		
34.2		0.87066		
34.25		0.8705		
34.3		0.87034		
34.35		0.87018		
34.4		0.87002		
34.45		0.86986		
34.5		0.8697		
34.55		0.86954		
34.6		0.86938		
34.65		0.86922		
34.7		0.86906		
34.75		0.8689		
34.8		0.86874		
34.85		0.86857		
34.9		0.86841		
34.95		0.86825		
35		0.86809		
35.05		0.86793		
35.1		0.86776		
35.15		0.8676		
35.2		0.86744		
35.25		0.86727		
35.3		0.86711		
35.35		0.86695		
35.4		0.86678		
35.45		0.86662		
35.5		0.86646		
35.55		0.86629		
35.6		0.86613		
35.65		0.86596		
35.7		0.8658		
35.75		0.86563		
35.8		0.86547		
35.85		0.8653		
35.9		0.86514		
35.95		0.86497		
36		0.86481		
36.05		0.86464		
36.1		0.86448		
36.15		0.86431		
36.2		0.86414		
36.25		0.86398		
36.3		0.86381		
36.35		0.86364		
36.4		0.86348		
36.45		0.86331		
36.5		0.86314		
36.55		0.86297		
36.6		0.86281		
36.65		0.86264		
36.7		0.86247		
36.75		0.8623		
36.8		0.86213		
36.85		0.86197		
36.9		0.8618		
36.95		0.86163		
37		0.86146		
37.05		0.86129		
37.1		0.86112		
37.15		0.86095		
37.2		0.86078		
37.25		0.86062		
37.3		0.86045		
37.35		0.86028		
37.4		0.86011		
37.45		0.85994		
37.5		0.85977		
37.55		0.8596		
37.6		0.85943		
37.65		0.85925		
37.7		0.85908		
37.75		0.85891		
37.8		0.85874		
37.85		0.85857		
37.9		0.8584		
37.95		0.85823		
38		0.85806		
38.05		0.85789		
38.1		0.85771		
38.15		0.85753		
38.2		0.85733		
38.25		0.85713		
38.3		0.85692		
38.35		0.8567		
38.4		0.85647		
38.45		0.85623		
38.5		0.85598		
38.55		0.85573		
38.6		0.85546		
38.65		0.85519		
38.7		0.85492		
38.75		0.85463		
38.8		0.85434		
38.85		0.85404		
38.9		0.85373		
38.95		0.85342		
39		0.8531		
39.05		0.85278		
39.1		0.85245		
39.15		0.85211		
39.2		0.85177		
39.25		0.85142		
39.3		0.85107		
39.35		0.85071		
39.4		0.85035		
39.45		0.84998		
39.5		0.84961		
39.55		0.84923		
39.6		0.84885		
39.65		0.84846		
39.7		0.84808		
39.75		0.84768		
39.8		0.84729		
39.85		0.84689		
39.9		0.84649		
39.95		0.84608		
40		0.84567		
40.05		0.84526		
40.1		0.84485		
40.15		0.84443		
40.2		0.84401		
40.25		0.84359		
40.3		0.84317		
40.35		0.84274		
40.4		0.84231		
40.45		0.84188		
40.5		0.84145		
40.55		0.84101		
40.6		0.84058		
40.65		0.84014		
40.7		0.8397		
40.75		0.83926		
40.8		0.83882		
40.85		0.83837		
40.9		0.83793		
40.95		0.83748		
41		0.83703		
41.05		0.83659		
41.1		0.83614		
41.15		0.83569		
41.2		0.83523		
41.25		0.83478		
41.3		0.83433		
41.35		0.83387		
41.4		0.83342		
41.45		0.83296		
41.5		0.83251		
41.55		0.83205		
41.6		0.83159		
41.65		0.83114		
41.7		0.83068		
41.75		0.83022		
41.8		0.82976		
41.85		0.8293		
41.9		0.82884		
41.95		0.82838		
42		0.82793		
42.05		0.82747		
42.1		0.82701		
42.15		0.82655		
42.2		0.82609		
42.25		0.82563		
42.3		0.82517		
42.35		0.82471		
42.4		0.82425		
42.45		0.82379		
42.5		0.82333		
42.55		0.82287		
42.6		0.82241		
42.65		0.82195		
42.7		0.8215		
42.75		0.82104		
42.8		0.82058		
42.85		0.82012		
42.9		0.81967		
42.95		0.81921		
43		0.81876		
43.05		0.8183		
43.1		0.81785		
43.15		0.81739		
43.2		0.81694		
43.25		0.81649		
43.3		0.81604		
43.35		0.81558		
43.4		0.81513		
43.45		0.81468		
43.5		0.81424		
43.55		0.81379		
43.6		0.81334		
43.65		0.81289		
43.7		0.81245		
43.75		0.812		
43.8		0.81156		
43.85		0.81112		
43.9		0.81068		
43.95		0.81024		
44		0.8098		
44.05		0.80936		
44.1		0.80892		
44.15		0.80848		
44.2		0.80805		
44.25		0.80761		
44.3		0.80718		
44.35		0.80675		
44.4		0.80632		
44.45		0.80589		
44.5		0.80546		
44.55		0.80503		
44.6		0.8046		
44.65		0.80418		
44.7		0.80375		
44.75		0.80333		
44.8		0.80291		
44.85		0.80249		
44.9		0.80207		
44.95		0.80165		
45		0.80124		
45.05		0.80082		
45.1		0.80041		
45.15		0.8		
45.2		0.79959		
45.25		0.79918		
45.3		0.79877		
45.35		0.79837		
45.4		0.79796		
45.45		0.79756		
45.5		0.79716		
45.55		0.79676		
45.6		0.79636		
45.65		0.79596		
45.7		0.79556		
45.75		0.79517		
45.8		0.79478		
45.85		0.79439		
45.9		0.794		
45.95		0.79361		
46		0.79322		
46.05		0.79284		
46.1		0.79245		
46.15		0.79207		
46.2		0.79169		
46.25		0.79131		
46.3		0.79094		
46.35		0.79056		
46.4		0.79019		
46.45		0.78982		
46.5		0.78945		
46.55		0.78908		
46.6		0.78871		
46.65		0.78834		
46.7		0.78798		
46.75		0.78762		
46.8		0.78726		
46.85		0.7869		
46.9		0.78654		
46.95		0.78619		
47		0.78583		
47.05		0.78548		
47.1		0.78513		
47.15		0.78478		
47.2		0.78444		
47.25		0.78409		
47.3		0.78375		
47.35		0.7834		
47.4		0.78306		
47.45		0.78273		
47.5		0.78239		
47.55		0.78205		
47.6		0.78172		
47.65		0.78139		
47.7		0.78106		
47.75		0.78073		
47.8		0.7804		
47.85		0.78008		
47.9		0.77975		
47.95		0.77943		
48		0.77911		
48.05		0.77879		
48.1		0.77848		
48.15		0.77816		
48.2		0.77785		
48.25		0.77754		
48.3		0.77723		
48.35		0.77692		
48.4		0.77661		
48.45		0.77631		
48.5		0.776		
48.55		0.7757		
48.6		0.7754		
48.65		0.7751		
48.7		0.77481		
48.75		0.77451		
48.8		0.77422		
48.85		0.77393		
48.9		0.77364		
48.95		0.77335		
49		0.77306		
49.05		0.77278		
49.1		0.77249		
49.15		0.77221		
49.2		0.77193		
49.25		0.77165		
49.3		0.77137		
49.35		0.7711		
49.4		0.77082		
49.45		0.77055		
49.5		0.77028		
49.55		0.77001		
49.6		0.76974		
49.65		0.76947		
49.7		0.76921		
49.75		0.76895		
49.8		0.76868		
49.85		0.76842		
49.9		0.76816		
49.95		0.76791		
50		0.76765		
