tau [fm]		pi [fm^-4]
0.25		0
0.26		14.0741		
0.27		25.8643		
0.28		35.7512		
0.29		44.0443		
0.3		50.9966		
0.31		56.8165		
0.32		61.6762		
0.33		65.7191		
0.34		69.0651		
0.35		71.8149		
0.36		74.0532		
0.37		75.8519		
0.38		77.2722		
0.39		78.366		
0.4		79.178		
0.41		79.7462		
0.42		80.1036		
0.43		80.2786		
0.44		80.2956		
0.45		80.1759		
0.46		79.938		
0.47		79.598		
0.48		79.1698		
0.49		78.6656		
0.5		78.0962		
0.51		77.471		
0.52		76.7981		
0.53		76.0847		
0.54		75.3372		
0.55		74.5612		
0.56		73.7616		
0.57		72.9426		
0.58		72.1081		
0.59		71.2614		
0.6		70.4055		
0.61		69.543		
0.62		68.6762		
0.63		67.8071		
0.64		66.9374		
0.65		66.0688		
0.66		65.2026		
0.67		64.3399		
0.68		63.482		
0.69		62.6296		
0.7		61.7835		
0.71		60.9445		
0.72		60.1132		
0.73		59.2901		
0.74		58.4756		
0.75		57.67		
0.76		56.8738		
0.77		56.0871		
0.78		55.3103		
0.79		54.5434		
0.8		53.7865		
0.81		53.0399		
0.82		52.3035		
0.83		51.5775		
0.84		50.8618		
0.85		50.1564		
0.86		49.4613		
0.87		48.7765		
0.88		48.102		
0.89		47.4376		
0.9		46.7834		
0.91		46.1392		
0.92		45.5049		
0.93		44.8804		
0.94		44.2657		
0.95		43.6607		
0.96		43.0651		
0.97		42.479		
0.98		41.9021		
0.99		41.3344		
1		40.7757		
1.01		40.2259		
1.02		39.6848		
1.03		39.1525		
1.04		38.6286		
1.05		38.1131		
1.06		37.6059		
1.07		37.1068		
1.08		36.6156		
1.09		36.1324		
1.1		35.6568		
1.11		35.1889		
1.12		34.7284		
1.13		34.2753		
1.14		33.8295		
1.15		33.3907		
1.16		32.9589		
1.17		32.534		
1.18		32.1158		
1.19		31.7042		
1.2		31.2992		
1.21		30.9005		
1.22		30.5081		
1.23		30.1219		
1.24		29.7418		
1.25		29.3676		
1.26		28.9993		
1.27		28.6367		
1.28		28.2798		
1.29		27.9285		
1.3		27.5825		
1.31		27.242		
1.32		26.9067		
1.33		26.5765		
1.34		26.2515		
1.35		25.9314		
1.36		25.6162		
1.37		25.3058		
1.38		25.0002		
1.39		24.6992		
1.4		24.4027		
1.41		24.1108		
1.42		23.8232		
1.43		23.54		
1.44		23.261		
1.45		22.9861		
1.46		22.7154		
1.47		22.4487		
1.48		22.186		
1.49		21.9271		
1.5		21.6721		
1.51		21.4208		
1.52		21.1732		
1.53		20.9293		
1.54		20.6889		
1.55		20.452		
1.56		20.2186		
1.57		19.9885		
1.58		19.7618		
1.59		19.5383		
1.6		19.318		
1.61		19.1009		
1.62		18.8869		
1.63		18.676		
1.64		18.4681		
1.65		18.2631		
1.66		18.061		
1.67		17.8617		
1.68		17.6653		
1.69		17.4716		
1.7		17.2806		
1.71		17.0923		
1.72		16.9066		
1.73		16.7235		
1.74		16.543		
1.75		16.3649		
1.76		16.1893		
1.77		16.016		
1.78		15.8452		
1.79		15.6767		
1.8		15.5105		
1.81		15.3465		
1.82		15.1848		
1.83		15.0253		
1.84		14.8679		
1.85		14.7126		
1.86		14.5594		
1.87		14.4083		
1.88		14.2591		
1.89		14.112		
1.9		13.9668		
1.91		13.8235		
1.92		13.6822		
1.93		13.5426		
1.94		13.405		
1.95		13.2691		
1.96		13.135		
1.97		13.0026		
1.98		12.872		
1.99		12.743		
2		12.6158		
2.01		12.4901		
2.02		12.3661		
2.03		12.2437		
2.04		12.1228		
2.05		12.0035		
2.06		11.8857		
2.07		11.7694		
2.08		11.6546		
2.09		11.5412		
2.1		11.4293		
2.11		11.3187		
2.12		11.2096		
2.13		11.1018		
2.14		10.9953		
2.15		10.8902		
2.16		10.7864		
2.17		10.6839		
2.18		10.5826		
2.19		10.4826		
2.2		10.3838		
2.21		10.2862		
2.22		10.1898		
2.23		10.0946		
2.24		10.0006		
2.25		9.90769		
2.26		9.81591		
2.27		9.72524		
2.28		9.63566		
2.29		9.54715		
2.3		9.45971		
2.31		9.37332		
2.32		9.28795		
2.33		9.2036		
2.34		9.12025		
2.35		9.03789		
2.36		8.9565		
2.37		8.87608		
2.38		8.79659		
2.39		8.71804		
2.4		8.64041		
2.41		8.56369		
2.42		8.48786		
2.43		8.41291		
2.44		8.33882		
2.45		8.2656		
2.46		8.19322		
2.47		8.12167		
2.48		8.05094		
2.49		7.98102		
2.5		7.91191		
2.51		7.84358		
2.52		7.77602		
2.53		7.70923		
2.54		7.6432		
2.55		7.57792		
2.56		7.51336		
2.57		7.44954		
2.58		7.38643		
2.59		7.32402		
2.6		7.26231		
2.61		7.20129		
2.62		7.14095		
2.63		7.08127		
2.64		7.02226		
2.65		6.96389		
2.66		6.90617		
2.67		6.84908		
2.68		6.79261		
2.69		6.73677		
2.7		6.68153		
2.71		6.62689		
2.72		6.57284		
2.73		6.51938		
2.74		6.4665		
2.75		6.41418		
2.76		6.36243		
2.77		6.31123		
2.78		6.26059		
2.79		6.21048		
2.8		6.1609		
2.81		6.11186		
2.82		6.06333		
2.83		6.01531		
2.84		5.9678		
2.85		5.9208		
2.86		5.87428		
2.87		5.82826		
2.88		5.78271		
2.89		5.73764		
2.9		5.69304		
2.91		5.6489		
2.92		5.60522		
2.93		5.562		
2.94		5.51921		
2.95		5.47687		
2.96		5.43496		
2.97		5.39349		
2.98		5.35243		
2.99		5.3118		
3		5.27158		
3.01		5.23176		
3.02		5.19235		
3.03		5.15334		
3.04		5.11472		
3.05		5.07649		
3.06		5.03865		
3.07		5.00118		
3.08		4.96409		
3.09		4.92737		
3.1		4.89101		
3.11		4.85502		
3.12		4.81938		
3.13		4.7841		
3.14		4.74916		
3.15		4.71456		
3.16		4.68031		
3.17		4.64639		
3.18		4.6128		
3.19		4.57954		
3.2		4.54661		
3.21		4.51399		
3.22		4.48169		
3.23		4.44971		
3.24		4.41803		
3.25		4.38666		
3.26		4.35558		
3.27		4.32481		
3.28		4.29433		
3.29		4.26414		
3.3		4.23424		
3.31		4.20462		
3.32		4.17529		
3.33		4.14623		
3.34		4.11744		
3.35		4.08893		
3.36		4.06069		
3.37		4.03271		
3.38		4.00499		
3.39		3.97753		
3.4		3.95032		
3.41		3.92337		
3.42		3.89667		
3.43		3.87022		
3.44		3.84401		
3.45		3.81804		
3.46		3.79232		
3.47		3.76682		
3.48		3.74157		
3.49		3.71654		
3.5		3.69174		
3.51		3.66716		
3.52		3.64281		
3.53		3.61868		
3.54		3.59477		
3.55		3.57108		
3.56		3.54759		
3.57		3.52432		
3.58		3.50126		
3.59		3.4784		
3.6		3.45575		
3.61		3.4333		
3.62		3.41105		
3.63		3.389		
3.64		3.36714		
3.65		3.34547		
3.66		3.324		
3.67		3.30271		
3.68		3.28161		
3.69		3.2607		
3.7		3.23997		
3.71		3.21942		
3.72		3.19905		
3.73		3.17885		
3.74		3.15883		
3.75		3.13899		
3.76		3.11931		
3.77		3.09981		
3.78		3.08047		
3.79		3.0613		
3.8		3.04229		
3.81		3.02345		
3.82		3.00476		
3.83		2.98624		
3.84		2.96787		
3.85		2.94966		
3.86		2.9316		
3.87		2.91369		
3.88		2.89593		
3.89		2.87833		
3.9		2.86087		
3.91		2.84356		
3.92		2.82639		
3.93		2.80936		
3.94		2.79248		
3.95		2.77573		
3.96		2.75913		
3.97		2.74266		
3.98		2.72633		
3.99		2.71013		
4		2.69407		
4.01		2.67813		
4.02		2.66233		
4.03		2.64666		
4.04		2.63111		
4.05		2.61569		
4.06		2.6004		
4.07		2.58523		
4.08		2.57018		
4.09		2.55525		
4.1		2.54045		
4.11		2.52576		
4.12		2.51119		
4.13		2.49674		
4.14		2.4824		
4.15		2.46817		
4.16		2.45406		
4.17		2.44006		
4.18		2.42618		
4.19		2.4124		
4.2		2.39873		
4.21		2.38517		
4.22		2.37171		
4.23		2.35836		
4.24		2.34511		
4.25		2.33197		
4.26		2.31893		
4.27		2.30599		
4.28		2.29316		
4.29		2.28042		
4.3		2.26778		
4.31		2.25523		
4.32		2.24279		
4.33		2.23044		
4.34		2.21818		
4.35		2.20602		
4.36		2.19395		
4.37		2.18197		
4.38		2.17009		
4.39		2.15829		
4.4		2.14659		
4.41		2.13497		
4.42		2.12344		
4.43		2.11199		
4.44		2.10064		
4.45		2.08937		
4.46		2.07818		
4.47		2.06707		
4.48		2.05605		
4.49		2.04511		
4.5		2.03425		
4.51		2.02348		
4.52		2.01278		
4.53		2.00216		
4.54		1.99162		
4.55		1.98116		
4.56		1.97077		
4.57		1.96046		
4.58		1.95023		
4.59		1.94007		
4.6		1.92998		
4.61		1.91997		
4.62		1.91003		
4.63		1.90016		
4.64		1.89037		
4.65		1.88064		
4.66		1.87099		
4.67		1.8614		
4.68		1.85188		
4.69		1.84243		
4.7		1.83305		
4.71		1.82374		
4.72		1.81449		
4.73		1.8053		
4.74		1.79619		
4.75		1.78713		
4.76		1.77814		
4.77		1.76922		
4.78		1.76036		
4.79		1.75156		
4.8		1.74282		
4.81		1.73414		
4.82		1.72552		
4.83		1.71697		
4.84		1.70847		
4.85		1.70003		
4.86		1.69165		
4.87		1.68333		
4.88		1.67506		
4.89		1.66686		
4.9		1.65871		
4.91		1.65061		
4.92		1.64257		
4.93		1.63459		
4.94		1.62666		
4.95		1.61878		
4.96		1.61096		
4.97		1.60319		
4.98		1.59547		
4.99		1.58781		
5		1.5802		
5.01		1.57264		
5.02		1.56512		
5.03		1.55767		
5.04		1.55026		
5.05		1.5429		
5.06		1.53558		
5.07		1.52832		
5.08		1.52111		
5.09		1.51394		
5.1		1.50682		
5.11		1.49975		
5.12		1.49273		
5.13		1.48575		
5.14		1.47882		
5.15		1.47193		
5.16		1.46509		
5.17		1.45829		
5.18		1.45154		
5.19		1.44483		
5.2		1.43817		
5.21		1.43155		
5.22		1.42497		
5.23		1.41843		
5.24		1.41194		
5.25		1.40549		
5.26		1.39908		
5.27		1.39271		
5.28		1.38638		
5.29		1.38009		
5.3		1.37384		
5.31		1.36764		
5.32		1.36147		
5.33		1.35534		
5.34		1.34925		
5.35		1.3432		
5.36		1.33719		
5.37		1.33121		
5.38		1.32528		
5.39		1.31938		
5.4		1.31351		
5.41		1.30769		
5.42		1.3019		
5.43		1.29615		
5.44		1.29043		
5.45		1.28475		
5.46		1.2791		
5.47		1.27349		
5.48		1.26791		
5.49		1.26237		
5.5		1.25686		
5.51		1.25139		
5.52		1.24595		
5.53		1.24054		
5.54		1.23517		
5.55		1.22983		
5.56		1.22452		
5.57		1.21924		
5.58		1.214		
5.59		1.20879		
5.6		1.20361		
5.61		1.19846		
5.62		1.19334		
5.63		1.18825		
5.64		1.1832		
5.65		1.17817		
5.66		1.17318		
5.67		1.16821		
5.68		1.16328		
5.69		1.15837		
5.7		1.15349		
5.71		1.14865		
5.72		1.14383		
5.73		1.13904		
5.74		1.13427		
5.75		1.12954		
5.76		1.12483		
5.77		1.12015		
5.78		1.1155		
5.79		1.11088		
5.8		1.10628		
5.81		1.10171		
5.82		1.09717		
5.83		1.09266		
5.84		1.08817		
5.85		1.0837		
5.86		1.07926		
5.87		1.07485		
5.88		1.07047		
5.89		1.0661		
5.9		1.06177		
5.91		1.05746		
5.92		1.05317		
5.93		1.04891		
5.94		1.04467		
5.95		1.04046		
5.96		1.03627		
5.97		1.0321		
5.98		1.02796		
5.99		1.02384		
6		1.01975		
6.01		1.01568		
6.02		1.01163		
6.03		1.00761		
6.04		1.0036		
6.05		0.999622		
6.06		0.995664		
6.07		0.991729		
6.08		0.987815		
6.09		0.983923		
6.1		0.980053		
6.11		0.976205		
6.12		0.972378		
6.13		0.968572		
6.14		0.964787		
6.15		0.961023		
6.16		0.957281		
6.17		0.953558		
6.18		0.949857		
6.19		0.946175		
6.2		0.942514		
6.21		0.938873		
6.22		0.935252		
6.23		0.931651		
6.24		0.928069		
6.25		0.924507		
6.26		0.920964		
6.27		0.91744		
6.28		0.913936		
6.29		0.910451		
6.3		0.906984		
6.31		0.903536		
6.32		0.900107		
6.33		0.896696		
6.34		0.893304		
6.35		0.889929		
6.36		0.886573		
6.37		0.883235		
6.38		0.879914		
6.39		0.876612		
6.4		0.873327		
6.41		0.870059		
6.42		0.866809		
6.43		0.863575		
6.44		0.860359		
6.45		0.85716		
6.46		0.853978		
6.47		0.850813		
6.48		0.847664		
6.49		0.844532		
6.5		0.841416		
6.51		0.838317		
6.52		0.835233		
6.53		0.832166		
6.54		0.829115		
6.55		0.82608		
6.56		0.82306		
6.57		0.820056		
6.58		0.817068		
6.59		0.814095		
6.6		0.811137		
6.61		0.808195		
6.62		0.805268		
6.63		0.802356		
6.64		0.799459		
6.65		0.796576		
6.66		0.793709		
6.67		0.790856		
6.68		0.788017		
6.69		0.785194		
6.7		0.782384		
6.71		0.779589		
6.72		0.776808		
6.73		0.774041		
6.74		0.771288		
6.75		0.768548		
6.76		0.765823		
6.77		0.763112		
6.78		0.760414		
6.79		0.757729		
6.8		0.755058		
6.81		0.752401		
6.82		0.749756		
6.83		0.747125		
6.84		0.744507		
6.85		0.741902		
6.86		0.73931		
6.87		0.736731		
6.88		0.734164		
6.89		0.731611		
6.9		0.729069		
6.91		0.726541		
6.92		0.724025		
6.93		0.721521		
6.94		0.71903		
6.95		0.71655		
6.96		0.714083		
6.97		0.711628		
6.98		0.709185		
6.99		0.706754		
7		0.704335		
7.01		0.701927		
7.02		0.699531		
7.03		0.697147		
7.04		0.694774		
7.05		0.692413		
7.06		0.690063		
7.07		0.687725		
7.08		0.685397		
7.09		0.683081		
7.1		0.680776		
7.11		0.678482		
7.12		0.676199		
7.13		0.673927		
7.14		0.671666		
7.15		0.669416		
7.16		0.667176		
7.17		0.664947		
7.18		0.662728		
7.19		0.66052		
7.2		0.658323		
7.21		0.656136		
7.22		0.653959		
7.23		0.651792		
7.24		0.649636		
7.25		0.64749		
7.26		0.645354		
7.27		0.643228		
7.28		0.641111		
7.29		0.639005		
7.3		0.636909		
7.31		0.634822		
7.32		0.632745		
7.33		0.630678		
7.34		0.62862		
7.35		0.626572		
7.36		0.624533		
7.37		0.622504		
7.38		0.620484		
7.39		0.618473		
7.4		0.616472		
7.41		0.61448		
7.42		0.612497		
7.43		0.610523		
7.44		0.608558		
7.45		0.606602		
7.46		0.604655		
7.47		0.602717		
7.48		0.600788		
7.49		0.598868		
7.5		0.596956		
7.51		0.595053		
7.52		0.593158		
7.53		0.591272		
7.54		0.589395		
7.55		0.587526		
7.56		0.585666		
7.57		0.583814		
7.58		0.58197		
7.59		0.580134		
7.6		0.578307		
7.61		0.576488		
7.62		0.574677		
7.63		0.572874		
7.64		0.571079		
7.65		0.569293		
7.66		0.567514		
7.67		0.565743		
7.68		0.56398		
7.69		0.562224		
7.7		0.560477		
7.71		0.558737		
7.72		0.557005		
7.73		0.55528		
7.74		0.553563		
7.75		0.551854		
7.76		0.550152		
7.77		0.548457		
7.78		0.54677		
7.79		0.545091		
7.8		0.543418		
7.81		0.541753		
7.82		0.540096		
7.83		0.538445		
7.84		0.536802		
7.85		0.535166		
7.86		0.533536		
7.87		0.531914		
7.88		0.530299		
7.89		0.528691		
7.9		0.52709		
7.91		0.525496		
7.92		0.523908		
7.93		0.522327		
7.94		0.520754		
7.95		0.519187		
7.96		0.517626		
7.97		0.516072		
7.98		0.514525		
7.99		0.512985		
8		0.511451		
8.01		0.509923		
8.02		0.508402		
8.03		0.506888		
8.04		0.50538		
8.05		0.503878		
8.06		0.502383		
8.07		0.500894		
8.08		0.499411		
8.09		0.497934		
8.1		0.496464		
8.11		0.495		
8.12		0.493542		
8.13		0.49209		
8.14		0.490644		
8.15		0.489204		
8.16		0.487771		
8.17		0.486343		
8.18		0.484921		
8.19		0.483505		
8.2		0.482095		
8.21		0.480691		
8.22		0.479292		
8.23		0.4779		
8.24		0.476513		
8.25		0.475132		
8.26		0.473756		
8.27		0.472386		
8.28		0.471022		
8.29		0.469664		
8.3		0.468311		
8.31		0.466963		
8.32		0.465621		
8.33		0.464285		
8.34		0.462954		
8.35		0.461628		
8.36		0.460308		
8.37		0.458993		
8.38		0.457684		
8.39		0.45638		
8.4		0.455081		
8.41		0.453787		
8.42		0.452499		
8.43		0.451216		
8.44		0.449938		
8.45		0.448665		
8.46		0.447397		
8.47		0.446135		
8.48		0.444877		
8.49		0.443624		
8.5		0.442377		
8.51		0.441134		
8.52		0.439897		
8.53		0.438664		
8.54		0.437437		
8.55		0.436214		
8.56		0.434996		
8.57		0.433783		
8.58		0.432574		
8.59		0.431371		
8.6		0.430172		
8.61		0.428978		
8.62		0.427789		
8.63		0.426604		
8.64		0.425424		
8.65		0.424249		
8.66		0.423078		
8.67		0.421912		
8.68		0.420751		
8.69		0.419594		
8.7		0.418441		
8.71		0.417293		
8.72		0.41615		
8.73		0.415011		
8.74		0.413876		
8.75		0.412746		
8.76		0.411621		
8.77		0.410499		
8.78		0.409382		
8.79		0.408269		
8.8		0.407161		
8.81		0.406057		
8.82		0.404957		
8.83		0.403861		
8.84		0.40277		
8.85		0.401683		
8.86		0.4006		
8.87		0.399521		
8.88		0.398446		
8.89		0.397375		
8.9		0.396309		
8.91		0.395246		
8.92		0.394188		
8.93		0.393134		
8.94		0.392083		
8.95		0.391037		
8.96		0.389994		
8.97		0.388956		
8.98		0.387921		
8.99		0.386891		
9		0.385864		
9.01		0.384841		
9.02		0.383822		
9.03		0.382807		
9.04		0.381796		
9.05		0.380788		
9.06		0.379785		
9.07		0.378785		
9.08		0.377788		
9.09		0.376796		
9.1		0.375807		
9.11		0.374822		
9.12		0.373841		
9.13		0.372863		
9.14		0.371889		
9.15		0.370918		
9.16		0.369951		
9.17		0.368988		
9.18		0.368028		
9.19		0.367072		
9.2		0.36612		
9.21		0.36517		
9.22		0.364225		
9.23		0.363283		
9.24		0.362344		
9.25		0.361409		
9.26		0.360477		
9.27		0.359549		
9.28		0.358624		
9.29		0.357702		
9.3		0.356784		
9.31		0.355869		
9.32		0.354958		
9.33		0.354049		
9.34		0.353145		
9.35		0.352243		
9.36		0.351345		
9.37		0.35045		
9.38		0.349558		
9.39		0.348669		
9.4		0.347784		
9.41		0.346902		
9.42		0.346023		
9.43		0.345147		
9.44		0.344274		
9.45		0.343405		
9.46		0.342538		
9.47		0.341675		
9.48		0.340815		
9.49		0.339958		
9.5		0.339104		
9.51		0.338253		
9.52		0.337405		
9.53		0.33656		
9.54		0.335718		
9.55		0.334879		
9.56		0.334043		
9.57		0.333211		
9.58		0.332381		
9.59		0.331554		
9.6		0.330729		
9.61		0.329908		
9.62		0.32909		
9.63		0.328275		
9.64		0.327462		
9.65		0.326652		
9.66		0.325846		
9.67		0.325042		
9.68		0.324241		
9.69		0.323442		
9.7		0.322647		
9.71		0.321854		
9.72		0.321064		
9.73		0.320277		
9.74		0.319492		
9.75		0.318711		
9.76		0.317932		
9.77		0.317155		
9.78		0.316382		
9.79		0.315611		
9.8		0.314843		
9.81		0.314077		
9.82		0.313314		
9.83		0.312554		
9.84		0.311796		
9.85		0.311041		
9.86		0.310289		
9.87		0.309539		
9.88		0.308792		
9.89		0.308047		
9.9		0.307305		
9.91		0.306565		
9.92		0.305828		
9.93		0.305094		
9.94		0.304362		
9.95		0.303632		
9.96		0.302905		
9.97		0.302181		
9.98		0.301459		
9.99		0.300739		
10		0.300022		
10.01		0.299307		
10.02		0.298595		
10.03		0.297885		
10.04		0.297178		
10.05		0.296472		
10.06		0.29577		
10.07		0.295069		
10.08		0.294371		
10.09		0.293676		
10.1		0.292983		
10.11		0.292292		
10.12		0.291603		
10.13		0.290917		
10.14		0.290233		
10.15		0.289551		
10.16		0.288871		
10.17		0.288194		
10.18		0.287519		
10.19		0.286847		
10.2		0.286176		
10.21		0.285508		
10.22		0.284842		
10.23		0.284178		
10.24		0.283517		
10.25		0.282858		
10.26		0.2822		
10.27		0.281545		
10.28		0.280893		
10.29		0.280242		
10.3		0.279593		
10.31		0.278947		
10.32		0.278303		
10.33		0.277661		
10.34		0.277021		
10.35		0.276383		
10.36		0.275747		
10.37		0.275113		
10.38		0.274481		
10.39		0.273852		
10.4		0.273224		
10.41		0.272599		
10.42		0.271975		
10.43		0.271354		
10.44		0.270735		
10.45		0.270117		
10.46		0.269502		
10.47		0.268888		
10.48		0.268277		
10.49		0.267668		
10.5		0.26706		
10.51		0.266455		
10.52		0.265851		
10.53		0.26525		
10.54		0.26465		
10.55		0.264052		
10.56		0.263457		
10.57		0.262863		
10.58		0.262271		
10.59		0.261681		
10.6		0.261093		
10.61		0.260506		
10.62		0.259922		
10.63		0.259339		
10.64		0.258759		
10.65		0.25818		
10.66		0.257603		
10.67		0.257028		
10.68		0.256454		
10.69		0.255883		
10.7		0.255313		
10.71		0.254745		
10.72		0.254179		
10.73		0.253615		
10.74		0.253053		
10.75		0.252492		
10.76		0.251933		
10.77		0.251376		
10.78		0.25082		
10.79		0.250267		
10.8		0.249715		
10.81		0.249165		
10.82		0.248616		
10.83		0.24807		
10.84		0.247525		
10.85		0.246981		
10.86		0.24644		
10.87		0.2459		
10.88		0.245361		
10.89		0.244825		
10.9		0.24429		
10.91		0.243757		
10.92		0.243225		
10.93		0.242695		
10.94		0.242167		
10.95		0.24164		
10.96		0.241115		
10.97		0.240592		
10.98		0.24007		
10.99		0.23955		
11		0.239032		
11.01		0.238515		
11.02		0.237999		
11.03		0.237486		
11.04		0.236974		
11.05		0.236463		
11.06		0.235954		
11.07		0.235446		
11.08		0.234941		
11.09		0.234436		
11.1		0.233933		
11.11		0.233432		
11.12		0.232932		
11.13		0.232434		
11.14		0.231938		
11.15		0.231442		
11.16		0.230949		
11.17		0.230457		
11.18		0.229966		
11.19		0.229477		
11.2		0.228989		
11.21		0.228503		
11.22		0.228018		
11.23		0.227535		
11.24		0.227053		
11.25		0.226573		
11.26		0.226094		
11.27		0.225616		
11.28		0.22514		
11.29		0.224665		
11.3		0.224192		
11.31		0.223721		
11.32		0.22325		
11.33		0.222781		
11.34		0.222314		
11.35		0.221848		
11.36		0.221383		
11.37		0.22092		
11.38		0.220458		
11.39		0.219997		
11.4		0.219538		
11.41		0.21908		
11.42		0.218623		
11.43		0.218168		
11.44		0.217715		
11.45		0.217262		
11.46		0.216811		
11.47		0.216361		
11.48		0.215913		
11.49		0.215466		
11.5		0.21502		
11.51		0.214575		
11.52		0.214132		
11.53		0.21369		
11.54		0.21325		
11.55		0.212811		
11.56		0.212373		
11.57		0.211936		
11.58		0.211501		
11.59		0.211066		
11.6		0.210634		
11.61		0.210202		
11.62		0.209772		
11.63		0.209343		
11.64		0.208915		
11.65		0.208488		
11.66		0.208063		
11.67		0.207639		
11.68		0.207216		
11.69		0.206794		
11.7		0.206374		
11.71		0.205955		
11.72		0.205537		
11.73		0.20512		
11.74		0.204704		
11.75		0.20429		
11.76		0.203877		
11.77		0.203465		
11.78		0.203054		
11.79		0.202645		
11.8		0.202236		
11.81		0.201829		
11.82		0.201423		
11.83		0.201018		
11.84		0.200614		
11.85		0.200212		
11.86		0.19981		
11.87		0.19941		
11.88		0.199011		
11.89		0.198613		
11.9		0.198216		
11.91		0.19782		
11.92		0.197425		
11.93		0.197032		
11.94		0.19664		
11.95		0.196248		
11.96		0.195858		
11.97		0.195469		
11.98		0.195081		
11.99		0.194694		
12		0.194309		
12.01		0.193924		
12.02		0.19354		
12.03		0.193158		
12.04		0.192776		
12.05		0.192396		
12.06		0.192017		
12.07		0.191639		
12.08		0.191262		
12.09		0.190885		
12.1		0.19051		
12.11		0.190136		
12.12		0.189764		
12.13		0.189392		
12.14		0.189021		
12.15		0.188651		
12.16		0.188282		
12.17		0.187914		
12.18		0.187548		
12.19		0.187182		
12.2		0.186817		
12.21		0.186454		
12.22		0.186091		
12.23		0.185729		
12.24		0.185369		
12.25		0.185009		
12.26		0.18465		
12.27		0.184293		
12.28		0.183936		
12.29		0.18358		
12.3		0.183226		
12.31		0.182872		
12.32		0.182519		
12.33		0.182167		
12.34		0.181816		
12.35		0.181467		
12.36		0.181118		
12.37		0.18077		
12.38		0.180423		
12.39		0.180077		
12.4		0.179732		
12.41		0.179387		
12.42		0.179044		
12.43		0.178702		
12.44		0.178361		
12.45		0.17802		
12.46		0.177681		
12.47		0.177342		
12.48		0.177004		
12.49		0.176668		
12.5		0.176332		
12.51		0.175997		
12.52		0.175663		
12.53		0.17533		
12.54		0.174998		
12.55		0.174666		
12.56		0.174336		
12.57		0.174006		
12.58		0.173678		
12.59		0.17335		
12.6		0.173023		
12.61		0.172697		
12.62		0.172372		
12.63		0.172048		
12.64		0.171725		
12.65		0.171402		
12.66		0.17108		
12.67		0.17076		
12.68		0.17044		
12.69		0.170121		
12.7		0.169803		
12.71		0.169485		
12.72		0.169169		
12.73		0.168853		
12.74		0.168538		
12.75		0.168224		
12.76		0.167911		
12.77		0.167599		
12.78		0.167287		
12.79		0.166977		
12.8		0.166667		
12.81		0.166358		
12.82		0.166049		
12.83		0.165742		
12.84		0.165435		
12.85		0.16513		
12.86		0.164825		
12.87		0.16452		
12.88		0.164217		
12.89		0.163915		
12.9		0.163613		
12.91		0.163312		
12.92		0.163012		
12.93		0.162712		
12.94		0.162414		
12.95		0.162116		
12.96		0.161819		
12.97		0.161522		
12.98		0.161227		
12.99		0.160932		
13		0.160638		
13.01		0.160345		
13.02		0.160052		
13.03		0.159761		
13.04		0.15947		
13.05		0.15918		
13.06		0.15889		
13.07		0.158602		
13.08		0.158314		
13.09		0.158026		
13.1		0.15774		
13.11		0.157454		
13.12		0.157169		
13.13		0.156885		
13.14		0.156602		
13.15		0.156319		
13.16		0.156037		
13.17		0.155755		
13.18		0.155475		
13.19		0.155195		
13.2		0.154916		
13.21		0.154637		
13.22		0.15436		
13.23		0.154083		
13.24		0.153806		
13.25		0.153531		
13.26		0.153256		
13.27		0.152982		
13.28		0.152708		
13.29		0.152435		
13.3		0.152163		
13.31		0.151892		
13.32		0.151621		
13.33		0.151351		
13.34		0.151082		
13.35		0.150813		
13.36		0.150545		
13.37		0.150278		
13.38		0.150011		
13.39		0.149745		
13.4		0.14948		
13.41		0.149215		
13.42		0.148951		
13.43		0.148688		
13.44		0.148425		
13.45		0.148163		
13.46		0.147902		
13.47		0.147641		
13.48		0.147381		
13.49		0.147122		
13.5		0.146863		
13.51		0.146605		
13.52		0.146348		
13.53		0.146091		
13.54		0.145835		
13.55		0.14558		
13.56		0.145325		
13.57		0.145071		
13.58		0.144817		
13.59		0.144564		
13.6		0.144312		
13.61		0.14406		
13.62		0.143809		
13.63		0.143559		
13.64		0.143309		
13.65		0.14306		
13.66		0.142811		
13.67		0.142563		
13.68		0.142316		
13.69		0.142069		
13.7		0.141823		
13.71		0.141577		
13.72		0.141332		
13.73		0.141088		
13.74		0.140844		
13.75		0.140601		
13.76		0.140359		
13.77		0.140117		
13.78		0.139875		
13.79		0.139635		
13.8		0.139395		
13.81		0.139155		
13.82		0.138916		
13.83		0.138678		
13.84		0.13844		
13.85		0.138203		
13.86		0.137966		
13.87		0.13773		
13.88		0.137494		
13.89		0.137259		
13.9		0.137025		
13.91		0.136791		
13.92		0.136558		
13.93		0.136325		
13.94		0.136093		
13.95		0.135862		
13.96		0.135631		
13.97		0.1354		
13.98		0.13517		
13.99		0.134941		
14		0.134712		
14.01		0.134484		
14.02		0.134257		
14.03		0.134029		
14.04		0.133803		
14.05		0.133577		
14.06		0.133351		
14.07		0.133126		
14.08		0.132902		
14.09		0.132678		
14.1		0.132455		
14.11		0.132232		
14.12		0.13201		
14.13		0.131788		
14.14		0.131567		
14.15		0.131346		
14.16		0.131126		
14.17		0.130907		
14.18		0.130687		
14.19		0.130469		
14.2		0.130251		
14.21		0.130033		
14.22		0.129816		
14.23		0.1296		
14.24		0.129384		
14.25		0.129168		
14.26		0.128953		
14.27		0.128739		
14.28		0.128525		
14.29		0.128312		
14.3		0.128099		
14.31		0.127886		
14.32		0.127674		
14.33		0.127463		
14.34		0.127252		
14.35		0.127041		
14.36		0.126831		
14.37		0.126622		
14.38		0.126413		
14.39		0.126204		
14.4		0.125996		
14.41		0.125789		
14.42		0.125582		
14.43		0.125375		
14.44		0.125169		
14.45		0.124964		
14.46		0.124759		
14.47		0.124554		
14.48		0.12435		
14.49		0.124146		
14.5		0.123943		
14.51		0.12374		
14.52		0.123538		
14.53		0.123336		
14.54		0.123135		
14.55		0.122934		
14.56		0.122734		
14.57		0.122534		
14.58		0.122334		
14.59		0.122135		
14.6		0.121937		
14.61		0.121739		
14.62		0.121541		
14.63		0.121344		
14.64		0.121147		
14.65		0.120951		
14.66		0.120755		
14.67		0.12056		
14.68		0.120365		
14.69		0.12017		
14.7		0.119976		
14.71		0.119783		
14.72		0.119589		
14.73		0.119397		
14.74		0.119204		
14.75		0.119013		
14.76		0.118821		
14.77		0.11863		
14.78		0.11844		
14.79		0.11825		
14.8		0.11806		
14.81		0.117871		
14.82		0.117682		
14.83		0.117494		
14.84		0.117306		
14.85		0.117118		
14.86		0.116931		
14.87		0.116744		
14.88		0.116558		
14.89		0.116372		
14.9		0.116187		
14.91		0.116002		
14.92		0.115817		
14.93		0.115633		
14.94		0.115449		
14.95		0.115266		
14.96		0.115083		
14.97		0.114901		
14.98		0.114719		
14.99		0.114537		
15		0.114356		
15.01		0.114175		
15.02		0.113994		
15.03		0.113814		
15.04		0.113635		
15.05		0.113455		
15.06		0.113276		
15.07		0.113098		
15.08		0.11292		
15.09		0.112742		
15.1		0.112565		
15.11		0.112388		
15.12		0.112212		
15.13		0.112035		
15.14		0.11186		
15.15		0.111684		
15.16		0.111509		
15.17		0.111335		
15.18		0.111161		
15.19		0.110987		
15.2		0.110814		
15.21		0.110641		
15.22		0.110468		
15.23		0.110296		
15.24		0.110124		
15.25		0.109952		
15.26		0.109781		
15.27		0.10961		
15.28		0.10944		
15.29		0.10927		
15.3		0.1091		
15.31		0.108931		
15.32		0.108762		
15.33		0.108594		
15.34		0.108426		
15.35		0.108258		
15.36		0.108091		
15.37		0.107923		
15.38		0.107757		
15.39		0.10759		
15.4		0.107425		
15.41		0.107259		
15.42		0.107094		
15.43		0.106929		
15.44		0.106764		
15.45		0.1066		
15.46		0.106436		
15.47		0.106273		
15.48		0.10611		
15.49		0.105947		
15.5		0.105785		
15.51		0.105623		
15.52		0.105461		
15.53		0.1053		
15.54		0.105139		
15.55		0.104978		
15.56		0.104818		
15.57		0.104658		
15.58		0.104498		
15.59		0.104339		
15.6		0.10418		
15.61		0.104021		
15.62		0.103863		
15.63		0.103705		
15.64		0.103547		
15.65		0.10339		
15.66		0.103233		
15.67		0.103077		
15.68		0.102921		
15.69		0.102765		
15.7		0.102609		
15.71		0.102454		
15.72		0.102299		
15.73		0.102144		
15.74		0.10199		
15.75		0.101836		
15.76		0.101683		
15.77		0.101529		
15.78		0.101376		
15.79		0.101224		
15.8		0.101071		
15.81		0.100919		
15.82		0.100768		
15.83		0.100616		
15.84		0.100465		
15.85		0.100315		
15.86		0.100164		
15.87		0.100014		
15.88		0.0998645		
15.89		0.099715		
15.9		0.0995659		
15.91		0.0994171		
15.92		0.0992686		
15.93		0.0991204		
15.94		0.0989725		
15.95		0.0988249		
15.96		0.0986777		
15.97		0.0985307		
15.98		0.0983841		
15.99		0.0982377		
16		0.0980917		
16.01		0.097946		
16.02		0.0978005		
16.03		0.0976554		
16.04		0.0975106		
16.05		0.097366		
16.06		0.0972218		
16.07		0.0970779		
16.08		0.0969342		
16.09		0.0967909		
16.1		0.0966479		
16.11		0.0965051		
16.12		0.0963627		
16.13		0.0962205		
16.14		0.0960787		
16.15		0.0959371		
16.16		0.0957958		
16.17		0.0956549		
16.18		0.0955142		
16.19		0.0953738		
16.2		0.0952336		
16.21		0.0950938		
16.22		0.0949543		
16.23		0.094815		
16.24		0.0946761		
16.25		0.0945374		
16.26		0.094399		
16.27		0.0942609		
16.28		0.094123		
16.29		0.0939855		
16.3		0.0938482		
16.31		0.0937112		
16.32		0.0935745		
16.33		0.093438		
16.34		0.0933019		
16.35		0.093166		
16.36		0.0930304		
16.37		0.0928951		
16.38		0.09276		
16.39		0.0926252		
16.4		0.0924907		
16.41		0.0923565		
16.42		0.0922225		
16.43		0.0920888		
16.44		0.0919554		
16.45		0.0918222		
16.46		0.0916893		
16.47		0.0915567		
16.48		0.0914244		
16.49		0.0912923		
16.5		0.0911605		
16.51		0.0910289		
16.52		0.0908976		
16.53		0.0907666		
16.54		0.0906358		
16.55		0.0905053		
16.56		0.0903751		
16.57		0.0902451		
16.58		0.0901154		
16.59		0.0899859		
16.6		0.0898567		
16.61		0.0897278		
16.62		0.0895991		
16.63		0.0894707		
16.64		0.0893425		
16.65		0.0892146		
16.66		0.0890869		
16.67		0.0889595		
16.68		0.0888323		
16.69		0.0887054		
16.7		0.0885788		
16.71		0.0884524		
16.72		0.0883262		
16.73		0.0882003		
16.74		0.0880746		
16.75		0.0879492		
16.76		0.0878241		
16.77		0.0876992		
16.78		0.0875745		
16.79		0.0874501		
16.8		0.0873259		
16.81		0.087202		
16.82		0.0870783		
16.83		0.0869548		
16.84		0.0868316		
16.85		0.0867087		
16.86		0.086586		
16.87		0.0864635		
16.88		0.0863412		
16.89		0.0862192		
16.9		0.0860975		
16.91		0.085976		
16.92		0.0858547		
16.93		0.0857336		
16.94		0.0856128		
16.95		0.0854922		
16.96		0.0853719		
16.97		0.0852518		
16.98		0.0851319		
16.99		0.0850123		
17		0.0848929		
17.01		0.0847737		
17.02		0.0846548		
17.03		0.084536		
17.04		0.0844176		
17.05		0.0842993		
17.06		0.0841813		
17.07		0.0840635		
17.08		0.0839459		
17.09		0.0838286		
17.1		0.0837114		
17.11		0.0835945		
17.12		0.0834779		
17.13		0.0833614		
17.14		0.0832452		
17.15		0.0831292		
17.16		0.0830135		
17.17		0.0828979		
17.18		0.0827826		
17.19		0.0826675		
17.2		0.0825526		
17.21		0.0824379		
17.22		0.0823235		
17.23		0.0822092		
17.24		0.0820952		
17.25		0.0819814		
17.26		0.0818679		
17.27		0.0817545		
17.28		0.0816414		
17.29		0.0815284		
17.3		0.0814157		
17.31		0.0813032		
17.32		0.0811909		
17.33		0.0810789		
17.34		0.080967		
17.35		0.0808553		
17.36		0.0807439		
17.37		0.0806327		
17.38		0.0805217		
17.39		0.0804109		
17.4		0.0803003		
17.41		0.0801899		
17.42		0.0800797		
17.43		0.0799697		
17.44		0.07986		
17.45		0.0797504		
17.46		0.0796411		
17.47		0.0795319		
17.48		0.079423		
17.49		0.0793142		
17.5		0.0792057		
17.51		0.0790974		
17.52		0.0789893		
17.53		0.0788813		
17.54		0.0787736		
17.55		0.0786661		
17.56		0.0785588		
17.57		0.0784517		
17.58		0.0783447		
17.59		0.078238		
17.6		0.0781315		
17.61		0.0780252		
17.62		0.0779191		
17.63		0.0778131		
17.64		0.0777074		
17.65		0.0776019		
17.66		0.0774965		
17.67		0.0773914		
17.68		0.0772864		
17.69		0.0771817		
17.7		0.0770771		
17.71		0.0769728		
17.72		0.0768686		
17.73		0.0767646		
17.74		0.0766608		
17.75		0.0765572		
17.76		0.0764538		
17.77		0.0763506		
17.78		0.0762476		
17.79		0.0761447		
17.8		0.0760421		
17.81		0.0759396		
17.82		0.0758374		
17.83		0.0757353		
17.84		0.0756334		
17.85		0.0755317		
17.86		0.0754302		
17.87		0.0753288		
17.88		0.0752277		
17.89		0.0751267		
17.9		0.0750259		
17.91		0.0749253		
17.92		0.0748249		
17.93		0.0747247		
17.94		0.0746246		
17.95		0.0745248		
17.96		0.0744251		
17.97		0.0743256		
17.98		0.0742262		
17.99		0.0741271		
18		0.0740281		
18.01		0.0739293		
18.02		0.0738307		
18.03		0.0737323		
18.04		0.0736341		
18.05		0.073536		
18.06		0.0734381		
18.07		0.0733404		
18.08		0.0732428		
18.09		0.0731455		
18.1		0.0730483		
18.11		0.0729513		
18.12		0.0728544		
18.13		0.0727577		
18.14		0.0726613		
18.15		0.0725649		
18.16		0.0724688		
18.17		0.0723728		
18.18		0.072277		
18.19		0.0721814		
18.2		0.0720859		
18.21		0.0719906		
18.22		0.0718955		
18.23		0.0718005		
18.24		0.0717058		
18.25		0.0716112		
18.26		0.0715167		
18.27		0.0714224		
18.28		0.0713283		
18.29		0.0712344		
18.3		0.0711406		
18.31		0.071047		
18.32		0.0709536		
18.33		0.0708603		
18.34		0.0707672		
18.35		0.0706742		
18.36		0.0705815		
18.37		0.0704888		
18.38		0.0703964		
18.39		0.0703041		
18.4		0.070212		
18.41		0.07012		
18.42		0.0700282		
18.43		0.0699366		
18.44		0.0698451		
18.45		0.0697538		
18.46		0.0696626		
18.47		0.0695716		
18.48		0.0694808		
18.49		0.0693901		
18.5		0.0692996		
18.51		0.0692092		
18.52		0.069119		
18.53		0.069029		
18.54		0.0689391		
18.55		0.0688494		
18.56		0.0687598		
18.57		0.0686704		
18.58		0.0685811		
18.59		0.068492		
18.6		0.0684031		
18.61		0.0683143		
18.62		0.0682256		
18.63		0.0681371		
18.64		0.0680488		
18.65		0.0679606		
18.66		0.0678726		
18.67		0.0677847		
18.68		0.067697		
18.69		0.0676094		
18.7		0.067522		
18.71		0.0674347		
18.72		0.0673476		
18.73		0.0672607		
18.74		0.0671738		
18.75		0.0670872		
18.76		0.0670007		
18.77		0.0669143		
18.78		0.0668281		
18.79		0.066742		
18.8		0.0666561		
18.81		0.0665703		
18.82		0.0664847		
18.83		0.0663992		
18.84		0.0663139		
18.85		0.0662287		
18.86		0.0661436		
18.87		0.0660587		
18.88		0.065974		
18.89		0.0658894		
18.9		0.0658049		
18.91		0.0657206		
18.92		0.0656364		
18.93		0.0655524		
18.94		0.0654685		
18.95		0.0653848		
18.96		0.0653012		
18.97		0.0652177		
18.98		0.0651344		
18.99		0.0650512		
19		0.0649682		
19.01		0.0648853		
19.02		0.0648025		
19.03		0.0647199		
19.04		0.0646374		
19.05		0.0645551		
19.06		0.0644729		
19.07		0.0643908		
19.08		0.0643089		
19.09		0.0642271		
19.1		0.0641455		
19.11		0.064064		
19.12		0.0639826		
19.13		0.0639014		
19.14		0.0638203		
19.15		0.0637393		
19.16		0.0636585		
19.17		0.0635778		
19.18		0.0634973		
19.19		0.0634168		
19.2		0.0633366		
19.21		0.0632564		
19.22		0.0631764		
19.23		0.0630965		
19.24		0.0630168		
19.25		0.0629371		
19.26		0.0628577		
19.27		0.0627783		
19.28		0.0626991		
19.29		0.06262		
19.3		0.062541		
19.31		0.0624622		
19.32		0.0623835		
19.33		0.062305		
19.34		0.0622265		
19.35		0.0621482		
19.36		0.0620701		
19.37		0.0619921		
19.38		0.0619142		
19.39		0.0618365		
19.4		0.0617588		
19.41		0.0616814		
19.42		0.061604		
19.43		0.0615268		
19.44		0.0614497		
19.45		0.0613728		
19.46		0.061296		
19.47		0.0612194		
19.48		0.0611428		
19.49		0.0610664		
19.5		0.0609902		
19.51		0.0609141		
19.52		0.0608381		
19.53		0.0607623		
19.54		0.0606865		
19.55		0.060611		
19.56		0.0605355		
19.57		0.0604602		
19.58		0.0603851		
19.59		0.0603101		
19.6		0.0602352		
19.61		0.0601604		
19.62		0.0600858		
19.63		0.0600113		
19.64		0.059937		
19.65		0.0598628		
19.66		0.0597887		
19.67		0.0597148		
19.68		0.059641		
19.69		0.0595673		
19.7		0.0594938		
19.71		0.0594204		
19.72		0.0593471		
19.73		0.059274		
19.74		0.059201		
19.75		0.0591281		
19.76		0.0590554		
19.77		0.0589828		
19.78		0.0589104		
19.79		0.0588381		
19.8		0.0587659		
19.81		0.0586939		
19.82		0.0586219		
19.83		0.0585502		
19.84		0.0584785		
19.85		0.058407		
19.86		0.0583356		
19.87		0.0582644		
19.88		0.0581933		
19.89		0.0581223		
19.9		0.0580515		
19.91		0.0579808		
19.92		0.0579102		
19.93		0.0578397		
19.94		0.0577694		
19.95		0.0576992		
19.96		0.0576292		
19.97		0.0575593		
19.98		0.0574895		
19.99		0.0574198		
20		0.0573503		
20.01		0.0572809		
20.02		0.0572116		
20.03		0.0571425		
20.04		0.0570735		
20.05		0.0570046		
20.06		0.0569359		
20.07		0.0568673		
20.08		0.0567988		
20.09		0.0567304		
20.1		0.0566622		
20.11		0.0565941		
20.12		0.0565261		
20.13		0.0564583		
20.14		0.0563905		
20.15		0.056323		
20.16		0.0562555		
20.17		0.0561882		
20.18		0.0561209		
20.19		0.0560539		
20.2		0.0559869		
20.21		0.0559201		
20.22		0.0558534		
20.23		0.0557868		
20.24		0.0557203		
20.25		0.055654		
20.26		0.0555878		
20.27		0.0555217		
20.28		0.0554558		
20.29		0.0553899		
20.3		0.0553242		
20.31		0.0552587		
20.32		0.0551932		
20.33		0.0551279		
20.34		0.0550626		
20.35		0.0549976		
20.36		0.0549326		
20.37		0.0548677		
20.38		0.054803		
20.39		0.0547384		
20.4		0.0546739		
20.41		0.0546096		
20.42		0.0545453		
20.43		0.0544812		
20.44		0.0544172		
20.45		0.0543533		
20.46		0.0542896		
20.47		0.0542259		
20.48		0.0541624		
20.49		0.054099		
20.5		0.0540357		
20.51		0.0539725		
20.52		0.0539095		
20.53		0.0538466		
20.54		0.0537837		
20.55		0.0537211		
20.56		0.0536585		
20.57		0.053596		
20.58		0.0535337		
20.59		0.0534714		
20.6		0.0534093		
20.61		0.0533473		
20.62		0.0532854		
20.63		0.0532237		
20.64		0.053162		
20.65		0.0531005		
20.66		0.053039		
20.67		0.0529777		
20.68		0.0529165		
20.69		0.0528555		
20.7		0.0527945		
20.71		0.0527336		
20.72		0.0526729		
20.73		0.0526123		
20.74		0.0525517		
20.75		0.0524913		
20.76		0.052431		
20.77		0.0523708		
20.78		0.0523108		
20.79		0.0522508		
20.8		0.052191		
20.81		0.0521312		
20.82		0.0520716		
20.83		0.0520121		
20.84		0.0519526		
20.85		0.0518933		
20.86		0.0518341		
20.87		0.0517751		
20.88		0.0517161		
20.89		0.0516572		
20.9		0.0515984		
20.91		0.0515398		
20.92		0.0514812		
20.93		0.0514228		
20.94		0.0513645		
20.95		0.0513062		
20.96		0.0512481		
20.97		0.0511901		
20.98		0.0511322		
20.99		0.0510744		
21		0.0510167		
21.01		0.0509591		
21.02		0.0509016		
21.03		0.0508442		
21.04		0.0507869		
21.05		0.0507298		
21.06		0.0506727		
21.07		0.0506157		
21.08		0.0505589		
21.09		0.0505021		
21.1		0.0504454		
21.11		0.0503889		
21.12		0.0503324		
21.13		0.0502761		
21.14		0.0502198		
21.15		0.0501637		
21.16		0.0501076		
21.17		0.0500517		
21.18		0.0499958		
21.19		0.0499401		
21.2		0.0498844		
21.21		0.0498289		
21.22		0.0497734		
21.23		0.0497181		
21.24		0.0496628		
21.25		0.0496077		
21.26		0.0495526		
21.27		0.0494977		
21.28		0.0494428		
21.29		0.0493881		
21.3		0.0493334		
21.31		0.0492789		
21.32		0.0492244		
21.33		0.04917		
21.34		0.0491158		
21.35		0.0490616		
21.36		0.0490075		
21.37		0.0489535		
21.38		0.0488996		
21.39		0.0488459		
21.4		0.0487922		
21.41		0.0487386		
21.42		0.0486851		
21.43		0.0486316		
21.44		0.0485783		
21.45		0.0485251		
21.46		0.048472		
21.47		0.0484189		
21.48		0.048366		
21.49		0.0483132		
21.5		0.0482604		
21.51		0.0482077		
21.52		0.0481552		
21.53		0.0481027		
21.54		0.0480503		
21.55		0.047998		
21.56		0.0479458		
21.57		0.0478937		
21.58		0.0478417		
21.59		0.0477898		
21.6		0.0477379		
21.61		0.0476862		
21.62		0.0476345		
21.63		0.0475829		
21.64		0.0475315		
21.65		0.0474801		
21.66		0.0474288		
21.67		0.0473776		
21.68		0.0473265		
21.69		0.0472754		
21.7		0.0472245		
21.71		0.0471736		
21.72		0.0471229		
21.73		0.0470722		
21.74		0.0470216		
21.75		0.0469711		
21.76		0.0469207		
21.77		0.0468703		
21.78		0.0468201		
21.79		0.0467699		
21.8		0.0467199		
21.81		0.0466699		
21.82		0.04662		
21.83		0.0465702		
21.84		0.0465204		
21.85		0.0464708		
21.86		0.0464212		
21.87		0.0463718		
21.88		0.0463224		
21.89		0.0462731		
21.9		0.0462239		
21.91		0.0461747		
21.92		0.0461257		
21.93		0.0460767		
21.94		0.0460278		
21.95		0.045979		
21.96		0.0459303		
21.97		0.0458817		
21.98		0.0458331		
21.99		0.0457846		
22		0.0457362		
22.01		0.0456879		
22.02		0.0456397		
22.03		0.0455916		
22.04		0.0455435		
22.05		0.0454955		
22.06		0.0454476		
22.07		0.0453998		
22.08		0.0453521		
22.09		0.0453044		
22.1		0.0452568		
22.11		0.0452093		
22.12		0.0451619		
22.13		0.0451146		
22.14		0.0450673		
22.15		0.0450201		
22.16		0.044973		
22.17		0.044926		
22.18		0.0448791		
22.19		0.0448322		
22.2		0.0447854		
22.21		0.0447387		
22.22		0.0446921		
22.23		0.0446455		
22.24		0.044599		
22.25		0.0445526		
22.26		0.0445063		
22.27		0.0444601		
22.28		0.0444139		
22.29		0.0443678		
22.3		0.0443218		
22.31		0.0442759		
22.32		0.04423		
22.33		0.0441842		
22.34		0.0441385		
22.35		0.0440929		
22.36		0.0440473		
22.37		0.0440018		
22.38		0.0439564		
22.39		0.0439111		
22.4		0.0438658		
22.41		0.0438206		
22.42		0.0437755		
22.43		0.0437305		
22.44		0.0436855		
22.45		0.0436406		
22.46		0.0435958		
22.47		0.0435511		
22.48		0.0435064		
22.49		0.0434618		
22.5		0.0434173		
22.51		0.0433728		
22.52		0.0433284		
22.53		0.0432841		
22.54		0.0432399		
22.55		0.0431957		
22.56		0.0431516		
22.57		0.0431076		
22.58		0.0430637		
22.59		0.0430198		
22.6		0.042976		
22.61		0.0429322		
22.62		0.0428886		
22.63		0.042845		
22.64		0.0428015		
22.65		0.042758		
22.66		0.0427146		
22.67		0.0426713		
22.68		0.0426281		
22.69		0.0425849		
22.7		0.0425418		
22.71		0.0424987		
22.72		0.0424558		
22.73		0.0424129		
22.74		0.0423701		
22.75		0.0423273		
22.76		0.0422846		
22.77		0.042242		
22.78		0.0421994		
22.79		0.0421569		
22.8		0.0421145		
22.81		0.0420722		
22.82		0.0420299		
22.83		0.0419877		
22.84		0.0419455		
22.85		0.0419034		
22.86		0.0418614		
22.87		0.0418195		
22.88		0.0417776		
22.89		0.0417358		
22.9		0.041694		
22.91		0.0416524		
22.92		0.0416107		
22.93		0.0415692		
22.94		0.0415277		
22.95		0.0414863		
22.96		0.0414449		
22.97		0.0414036		
22.98		0.0413624		
22.99		0.0413213		
23		0.0412802		
23.01		0.0412391		
23.02		0.0411982		
23.03		0.0411573		
23.04		0.0411164		
23.05		0.0410757		
23.06		0.041035		
23.07		0.0409943		
23.08		0.0409537		
23.09		0.0409132		
23.1		0.0408728		
23.11		0.0408324		
23.12		0.040792		
23.13		0.0407518		
23.14		0.0407116		
23.15		0.0406714		
23.16		0.0406314		
23.17		0.0405914		
23.18		0.0405514		
23.19		0.0405115		
23.2		0.0404717		
23.21		0.0404319		
23.22		0.0403922		
23.23		0.0403526		
23.24		0.040313		
23.25		0.0402735		
23.26		0.040234		
23.27		0.0401946		
23.28		0.0401553		
23.29		0.040116		
23.3		0.0400768		
23.31		0.0400376		
23.32		0.0399985		
23.33		0.0399595		
23.34		0.0399205		
23.35		0.0398816		
23.36		0.0398427		
23.37		0.039804		
23.38		0.0397652		
23.39		0.0397265		
23.4		0.0396879		
23.41		0.0396494		
23.42		0.0396109		
23.43		0.0395724		
23.44		0.039534		
23.45		0.0394957		
23.46		0.0394574		
23.47		0.0394192		
23.48		0.0393811		
23.49		0.039343		
23.5		0.039305		
23.51		0.039267		
23.52		0.0392291		
23.53		0.0391912		
23.54		0.0391534		
23.55		0.0391157		
23.56		0.039078		
23.57		0.0390404		
23.58		0.0390028		
23.59		0.0389653		
23.6		0.0389278		
23.61		0.0388904		
23.62		0.038853		
23.63		0.0388158		
23.64		0.0387785		
23.65		0.0387413		
23.66		0.0387042		
23.67		0.0386672		
23.68		0.0386301		
23.69		0.0385932		
23.7		0.0385563		
23.71		0.0385194		
23.72		0.0384826		
23.73		0.0384459		
23.74		0.0384092		
23.75		0.0383726		
23.76		0.038336		
23.77		0.0382995		
23.78		0.0382631		
23.79		0.0382267		
23.8		0.0381903		
23.81		0.038154		
23.82		0.0381178		
23.83		0.0380816		
23.84		0.0380454		
23.85		0.0380093		
23.86		0.0379733		
23.87		0.0379373		
23.88		0.0379014		
23.89		0.0378655		
23.9		0.0378297		
23.91		0.037794		
23.92		0.0377583		
23.93		0.0377226		
23.94		0.037687		
23.95		0.0376514		
23.96		0.0376159		
23.97		0.0375805		
23.98		0.0375451		
23.99		0.0375097		
24		0.0374745		
24.01		0.0374392		
24.02		0.037404		
24.03		0.0373689		
24.04		0.0373338		
24.05		0.0372988		
24.06		0.0372638		
24.07		0.0372289		
24.08		0.037194		
24.09		0.0371591		
24.1		0.0371244		
24.11		0.0370896		
24.12		0.037055		
24.13		0.0370203		
24.14		0.0369858		
24.15		0.0369512		
24.16		0.0369168		
24.17		0.0368823		
24.18		0.036848		
24.19		0.0368136		
24.2		0.0367794		
24.21		0.0367451		
24.22		0.036711		
24.23		0.0366768		
24.24		0.0366428		
24.25		0.0366087		
24.26		0.0365748		
24.27		0.0365408		
24.28		0.0365069		
24.29		0.0364731		
24.3		0.0364393		
24.31		0.0364056		
24.32		0.0363719		
24.33		0.0363383		
24.34		0.0363047		
24.35		0.0362711		
24.36		0.0362377		
24.37		0.0362042		
24.38		0.0361708		
24.39		0.0361375		
24.4		0.0361042		
24.41		0.0360709		
24.42		0.0360377		
24.43		0.0360046		
24.44		0.0359714		
24.45		0.0359384		
24.46		0.0359054		
24.47		0.0358724		
24.48		0.0358395		
24.49		0.0358066		
24.5		0.0357738		
24.51		0.035741		
24.52		0.0357083		
24.53		0.0356756		
24.54		0.0356429		
24.55		0.0356103		
24.56		0.0355778		
24.57		0.0355453		
24.58		0.0355128		
24.59		0.0354804		
24.6		0.0354481		
24.61		0.0354157		
24.62		0.0353835		
24.63		0.0353512		
24.64		0.0353191		
24.65		0.0352869		
24.66		0.0352548		
24.67		0.0352228		
24.68		0.0351908		
24.69		0.0351588		
24.7		0.0351269		
24.71		0.035095		
24.72		0.0350632		
24.73		0.0350314		
24.74		0.0349997		
24.75		0.034968		
24.76		0.0349364		
24.77		0.0349048		
24.78		0.0348732		
24.79		0.0348417		
24.8		0.0348103		
24.81		0.0347788		
24.82		0.0347475		
24.83		0.0347161		
24.84		0.0346848		
24.85		0.0346536		
24.86		0.0346224		
24.87		0.0345912		
24.88		0.0345601		
24.89		0.034529		
24.9		0.034498		
24.91		0.034467		
24.92		0.0344361		
24.93		0.0344052		
24.94		0.0343743		
24.95		0.0343435		
24.96		0.0343127		
24.97		0.034282		
24.98		0.0342513		
24.99		0.0342206		
25		0.03419		
25.01		0.0341595		
25.02		0.034129		
25.03		0.0340985		
25.04		0.0340681		
25.05		0.0340377		
25.06		0.0340073		
25.07		0.033977		
25.08		0.0339467		
25.09		0.0339165		
25.1		0.0338863		
25.11		0.0338562		
25.12		0.0338261		
25.13		0.033796		
25.14		0.033766		
25.15		0.033736		
25.16		0.0337061		
25.17		0.0336762		
25.18		0.0336463		
25.19		0.0336165		
25.2		0.0335867		
25.21		0.033557		
25.22		0.0335273		
25.23		0.0334977		
25.24		0.033468		
25.25		0.0334385		
25.26		0.0334089		
25.27		0.0333794		
25.28		0.03335		
25.29		0.0333206		
25.3		0.0332912		
25.31		0.0332619		
25.32		0.0332326		
25.33		0.0332033		
25.34		0.0331741		
25.35		0.033145		
25.36		0.0331159		
25.37		0.0330868		
25.38		0.0330578		
25.39		0.0330289		
25.4		0.033		
25.41		0.0329712		
25.42		0.0329424		
25.43		0.0329137		
25.44		0.0328851		
25.45		0.0328565		
25.46		0.0328281		
25.47		0.0327997		
25.48		0.0327713		
25.49		0.0327431		
25.5		0.0327149		
25.51		0.0326868		
25.52		0.0326588		
25.53		0.0326309		
25.54		0.0326031		
25.55		0.0325753		
25.56		0.0325476		
25.57		0.0325201		
25.58		0.0324926		
25.59		0.0324652		
25.6		0.0324379		
25.61		0.0324107		
25.62		0.0323836		
25.63		0.0323565		
25.64		0.0323296		
25.65		0.0323028		
25.66		0.032276		
25.67		0.0322494		
25.68		0.0322228		
25.69		0.0321964		
25.7		0.03217		
25.71		0.0321438		
25.72		0.0321176		
25.73		0.0320916		
25.74		0.0320656		
25.75		0.0320397		
25.76		0.0320139		
25.77		0.0319883		
25.78		0.0319627		
25.79		0.0319372		
25.8		0.0319118		
25.81		0.0318865		
25.82		0.0318613		
25.83		0.0318362		
25.84		0.0318112		
25.85		0.0317863		
25.86		0.0317615		
25.87		0.0317368		
25.88		0.0317121		
25.89		0.0316876		
25.9		0.0316632		
25.91		0.0316388		
25.92		0.0316145		
25.93		0.0315904		
25.94		0.0315663		
25.95		0.0315423		
25.96		0.0315184		
25.97		0.0314946		
25.98		0.0314708		
25.99		0.0314472		
26		0.0314236		
26.01		0.0314001		
26.02		0.0313767		
26.03		0.0313534		
26.04		0.0313302		
26.05		0.031307		
26.06		0.0312839		
26.07		0.0312609		
26.08		0.031238		
26.09		0.0312152		
26.1		0.0311924		
26.11		0.0311697		
26.12		0.0311471		
26.13		0.0311245		
26.14		0.0311021		
26.15		0.0310796		
26.16		0.0310573		
26.17		0.031035		
26.18		0.0310128		
26.19		0.0309907		
26.2		0.0309686		
26.21		0.0309466		
26.22		0.0309247		
26.23		0.0309028		
26.24		0.030881		
26.25		0.0308592		
26.26		0.0308375		
26.27		0.0308159		
26.28		0.0307943		
26.29		0.0307728		
26.3		0.0307513		
26.31		0.0307299		
26.32		0.0307085		
26.33		0.0306872		
26.34		0.030666		
26.35		0.0306448		
26.36		0.0306236		
26.37		0.0306025		
26.38		0.0305814		
26.39		0.0305604		
26.4		0.0305395		
26.41		0.0305185		
26.42		0.0304977		
26.43		0.0304768		
26.44		0.030456		
26.45		0.0304353		
26.46		0.0304146		
26.47		0.0303939		
26.48		0.0303733		
26.49		0.0303527		
26.5		0.0303321		
26.51		0.0303116		
26.52		0.0302911		
26.53		0.0302707		
26.54		0.0302502		
26.55		0.0302299		
26.56		0.0302095		
26.57		0.0301892		
26.58		0.0301689		
26.59		0.0301486		
26.6		0.0301284		
26.61		0.0301082		
26.62		0.030088		
26.63		0.0300679		
26.64		0.0300477		
26.65		0.0300276		
26.66		0.0300076		
26.67		0.0299875		
26.68		0.0299675		
26.69		0.0299475		
26.7		0.0299275		
26.71		0.0299076		
26.72		0.0298876		
26.73		0.0298677		
26.74		0.0298478		
26.75		0.0298279		
26.76		0.0298081		
26.77		0.0297882		
26.78		0.0297684		
26.79		0.0297486		
26.8		0.0297288		
26.81		0.0297091		
26.82		0.0296893		
26.83		0.0296696		
26.84		0.0296498		
26.85		0.0296301		
26.86		0.0296104		
26.87		0.0295907		
26.88		0.029571		
26.89		0.0295514		
26.9		0.0295317		
26.91		0.0295121		
26.92		0.0294925		
26.93		0.0294728		
26.94		0.0294532		
26.95		0.0294336		
26.96		0.0294141		
26.97		0.0293945		
26.98		0.0293749		
26.99		0.0293553		
27		0.0293358		
27.01		0.0293162		
27.02		0.0292967		
27.03		0.0292772		
27.04		0.0292576		
27.05		0.0292381		
27.06		0.0292186		
27.07		0.0291991		
27.08		0.0291796		
27.09		0.0291601		
27.1		0.0291406		
27.11		0.0291211		
27.12		0.0291016		
27.13		0.0290822		
27.14		0.0290627		
27.15		0.0290432		
27.16		0.0290238		
27.17		0.0290043		
27.18		0.0289848		
27.19		0.0289654		
27.2		0.0289459		
27.21		0.0289265		
27.22		0.028907		
27.23		0.0288876		
27.24		0.0288682		
27.25		0.0288487		
27.26		0.0288293		
27.27		0.0288099		
27.28		0.0287904		
27.29		0.028771		
27.3		0.0287516		
27.31		0.0287321		
27.32		0.0287127		
27.33		0.0286933		
27.34		0.0286739		
27.35		0.0286544		
27.36		0.028635		
27.37		0.0286156		
27.38		0.0285962		
27.39		0.0285768		
27.4		0.0285573		
27.41		0.0285379		
27.42		0.0285185		
27.43		0.0284991		
27.44		0.0284797		
27.45		0.0284603		
27.46		0.0284409		
27.47		0.0284215		
27.48		0.028402		
27.49		0.0283826		
27.5		0.0283632		
27.51		0.0283438		
27.52		0.0283244		
27.53		0.028305		
27.54		0.0282856		
27.55		0.0282662		
27.56		0.0282468		
27.57		0.0282274		
27.58		0.028208		
27.59		0.0281886		
27.6		0.0281692		
27.61		0.0281498		
27.62		0.0281304		
27.63		0.028111		
27.64		0.0280916		
27.65		0.0280722		
27.66		0.0280528		
27.67		0.0280334		
27.68		0.028014		
27.69		0.0279946		
27.7		0.0279752		
27.71		0.0279558		
27.72		0.0279364		
27.73		0.027917		
27.74		0.0278976		
27.75		0.0278782		
27.76		0.0278588		
27.77		0.0278394		
27.78		0.02782		
27.79		0.0278007		
27.8		0.0277813		
27.81		0.0277619		
27.82		0.0277425		
27.83		0.0277231		
27.84		0.0277038		
27.85		0.0276844		
27.86		0.027665		
27.87		0.0276456		
27.88		0.0276263		
27.89		0.0276069		
27.9		0.0275875		
27.91		0.0275682		
27.92		0.0275488		
27.93		0.0275295		
27.94		0.0275101		
27.95		0.0274908		
27.96		0.0274714		
27.97		0.0274521		
27.98		0.0274327		
27.99		0.0274134		
28		0.027394		
28.01		0.0273747		
28.02		0.0273554		
28.03		0.0273361		
28.04		0.0273167		
28.05		0.0272974		
28.06		0.0272781		
28.07		0.0272588		
28.08		0.0272395		
28.09		0.0272202		
28.1		0.0272009		
28.11		0.0271816		
28.12		0.0271623		
28.13		0.027143		
28.14		0.0271237		
28.15		0.0271045		
28.16		0.0270852		
28.17		0.0270659		
28.18		0.0270466		
28.19		0.0270274		
28.2		0.0270081		
28.21		0.0269889		
28.22		0.0269696		
28.23		0.0269504		
28.24		0.0269312		
28.25		0.026912		
28.26		0.0268927		
28.27		0.0268735		
28.28		0.0268543		
28.29		0.0268351		
28.3		0.0268159		
28.31		0.0267967		
28.32		0.0267775		
28.33		0.0267584		
28.34		0.0267392		
28.35		0.02672		
28.36		0.0267009		
28.37		0.0266817		
28.38		0.0266626		
28.39		0.0266434		
28.4		0.0266243		
28.41		0.0266052		
28.42		0.0265861		
28.43		0.026567		
28.44		0.0265479		
28.45		0.0265288		
28.46		0.0265097		
28.47		0.0264906		
28.48		0.0264715		
28.49		0.0264525		
28.5		0.0264334		
28.51		0.0264144		
28.52		0.0263953		
28.53		0.0263763		
28.54		0.0263573		
28.55		0.0263383		
28.56		0.0263193		
28.57		0.0263003		
28.58		0.0262813		
28.59		0.0262623		
28.6		0.0262433		
28.61		0.0262244		
28.62		0.0262054		
28.63		0.0261865		
28.64		0.0261675		
28.65		0.0261486		
28.66		0.0261297		
28.67		0.0261108		
28.68		0.0260919		
28.69		0.026073		
28.7		0.0260541		
28.71		0.0260353		
28.72		0.0260164		
28.73		0.0259976		
28.74		0.0259787		
28.75		0.0259599		
28.76		0.0259411		
28.77		0.0259223		
28.78		0.0259035		
28.79		0.0258847		
28.8		0.0258659		
28.81		0.0258472		
28.82		0.0258284		
28.83		0.0258097		
28.84		0.0257909		
28.85		0.0257722		
28.86		0.0257535		
28.87		0.0257348		
28.88		0.0257161		
28.89		0.0256974		
28.9		0.0256788		
28.91		0.0256601		
28.92		0.0256415		
28.93		0.0256228		
28.94		0.0256042		
28.95		0.0255856		
28.96		0.025567		
28.97		0.0255484		
28.98		0.0255298		
28.99		0.0255113		
29		0.0254927		
29.01		0.0254742		
29.02		0.0254556		
29.03		0.0254371		
29.04		0.0254186		
29.05		0.0254001		
29.06		0.0253817		
29.07		0.0253632		
29.08		0.0253447		
29.09		0.0253263		
29.1		0.0253079		
29.11		0.0252894		
29.12		0.025271		
29.13		0.0252526		
29.14		0.0252342		
29.15		0.0252159		
29.16		0.0251975		
29.17		0.0251792		
29.18		0.0251608		
29.19		0.0251425		
29.2		0.0251242		
29.21		0.0251059		
29.22		0.0250876		
29.23		0.0250694		
29.24		0.0250511		
29.25		0.0250329		
29.26		0.0250147		
29.27		0.0249964		
29.28		0.0249782		
29.29		0.0249601		
29.3		0.0249419		
29.31		0.0249237		
29.32		0.0249056		
29.33		0.0248874		
29.34		0.0248693		
29.35		0.0248512		
29.36		0.0248331		
29.37		0.024815		
29.38		0.024797		
29.39		0.0247789		
29.4		0.0247609		
29.41		0.0247428		
29.42		0.0247248		
29.43		0.0247068		
29.44		0.0246888		
29.45		0.0246709		
29.46		0.0246529		
29.47		0.024635		
29.48		0.024617		
29.49		0.0245991		
29.5		0.0245812		
29.51		0.0245633		
29.52		0.0245454		
29.53		0.0245276		
29.54		0.0245097		
29.55		0.0244919		
29.56		0.0244741		
29.57		0.0244563		
29.58		0.0244385		
29.59		0.0244207		
29.6		0.024403		
29.61		0.0243852		
29.62		0.0243675		
29.63		0.0243498		
29.64		0.024332		
29.65		0.0243144		
29.66		0.0242967		
29.67		0.024279		
29.68		0.0242614		
29.69		0.0242437		
29.7		0.0242261		
29.71		0.0242085		
29.72		0.0241909		
29.73		0.0241734		
29.74		0.0241558		
29.75		0.0241382		
29.76		0.0241207		
29.77		0.0241032		
29.78		0.0240857		
29.79		0.0240682		
29.8		0.0240507		
29.81		0.0240333		
29.82		0.0240158		
29.83		0.0239984		
29.84		0.023981		
29.85		0.0239636		
29.86		0.0239462		
29.87		0.0239288		
29.88		0.0239115		
29.89		0.0238941		
29.9		0.0238768		
29.91		0.0238595		
29.92		0.0238422		
29.93		0.0238249		
29.94		0.0238076		
29.95		0.0237904		
29.96		0.0237732		
29.97		0.0237559		
29.98		0.0237387		
29.99		0.0237215		
30		0.0237044		
30.01		0.0236872		
30.02		0.02367		
30.03		0.0236529		
30.04		0.0236358		
30.05		0.0236187		
30.06		0.0236016		
30.07		0.0235845		
30.08		0.0235675		
30.09		0.0235504		
30.1		0.0235334		
30.11		0.0235164		
30.12		0.0234994		
30.13		0.0234824		
30.14		0.0234654		
30.15		0.0234485		
30.16		0.0234315		
30.17		0.0234146		
30.18		0.0233977		
30.19		0.0233808		
30.2		0.0233639		
30.21		0.0233471		
30.22		0.0233302		
30.23		0.0233134		
30.24		0.0232965		
30.25		0.0232797		
30.26		0.023263		
30.27		0.0232462		
30.28		0.0232294		
30.29		0.0232127		
30.3		0.0231959		
30.31		0.0231792		
30.32		0.0231625		
30.33		0.0231458		
30.34		0.0231292		
30.35		0.0231125		
30.36		0.0230959		
30.37		0.0230793		
30.38		0.0230626		
30.39		0.023046		
30.4		0.0230295		
30.41		0.0230129		
30.42		0.0229964		
30.43		0.0229798		
30.44		0.0229633		
30.45		0.0229468		
30.46		0.0229303		
30.47		0.0229138		
30.48		0.0228974		
30.49		0.0228809		
30.5		0.0228645		
30.51		0.0228481		
30.52		0.0228317		
30.53		0.0228153		
30.54		0.0227989		
30.55		0.0227826		
30.56		0.0227662		
30.57		0.0227499		
30.58		0.0227336		
30.59		0.0227173		
30.6		0.022701		
30.61		0.0226848		
30.62		0.0226685		
30.63		0.0226523		
30.64		0.0226361		
30.65		0.0226198		
30.66		0.0226037		
30.67		0.0225875		
30.68		0.0225713		
30.69		0.0225552		
30.7		0.022539		
30.71		0.0225229		
30.72		0.0225068		
30.73		0.0224907		
30.74		0.0224747		
30.75		0.0224586		
30.76		0.0224426		
30.77		0.0224265		
30.78		0.0224105		
30.79		0.0223945		
30.8		0.0223786		
30.81		0.0223626		
30.82		0.0223466		
30.83		0.0223307		
30.84		0.0223148		
30.85		0.0222989		
30.86		0.022283		
30.87		0.0222671		
30.88		0.0222512		
30.89		0.0222354		
30.9		0.0222196		
30.91		0.0222037		
30.92		0.0221879		
30.93		0.0221721		
30.94		0.0221564		
30.95		0.0221406		
30.96		0.0221249		
30.97		0.0221091		
30.98		0.0220934		
30.99		0.0220777		
31		0.022062		
31.01		0.0220464		
31.02		0.0220307		
31.03		0.0220151		
31.04		0.0219994		
31.05		0.0219838		
31.06		0.0219682		
31.07		0.0219526		
31.08		0.0219371		
31.09		0.0219215		
31.1		0.021906		
31.11		0.0218904		
31.12		0.0218749		
31.13		0.0218594		
31.14		0.021844		
31.15		0.0218285		
31.16		0.021813		
31.17		0.0217976		
31.18		0.0217822		
31.19		0.0217668		
31.2		0.0217514		
31.21		0.021736		
31.22		0.0217206		
31.23		0.0217053		
31.24		0.0216899		
31.25		0.0216746		
31.26		0.0216593		
31.27		0.021644		
31.28		0.0216287		
31.29		0.0216135		
31.3		0.0215982		
31.31		0.021583		
31.32		0.0215678		
31.33		0.0215526		
31.34		0.0215374		
31.35		0.0215222		
31.36		0.021507		
31.37		0.0214919		
31.38		0.0214767		
31.39		0.0214616		
31.4		0.0214465		
31.41		0.0214314		
31.42		0.0214163		
31.43		0.0214013		
31.44		0.0213862		
31.45		0.0213712		
31.46		0.0213562		
31.47		0.0213412		
31.48		0.0213262		
31.49		0.0213112		
31.5		0.0212962		
31.51		0.0212813		
31.52		0.0212664		
31.53		0.0212514		
31.54		0.0212365		
31.55		0.0212216		
31.56		0.0212068		
31.57		0.0211919		
31.58		0.021177		
31.59		0.0211622		
31.6		0.0211474		
31.61		0.0211326		
31.62		0.0211178		
31.63		0.021103		
31.64		0.0210882		
31.65		0.0210735		
31.66		0.0210587		
31.67		0.021044		
31.68		0.0210293		
31.69		0.0210146		
31.7		0.0209999		
31.71		0.0209853		
31.72		0.0209706		
31.73		0.020956		
31.74		0.0209413		
31.75		0.0209267		
31.76		0.0209121		
31.77		0.0208975		
31.78		0.020883		
31.79		0.0208684		
31.8		0.0208539		
31.81		0.0208393		
31.82		0.0208248		
31.83		0.0208103		
31.84		0.0207958		
31.85		0.0207814		
31.86		0.0207669		
31.87		0.0207524		
31.88		0.020738		
31.89		0.0207236		
31.9		0.0207092		
31.91		0.0206948		
31.92		0.0206804		
31.93		0.0206661		
31.94		0.0206517		
31.95		0.0206374		
31.96		0.020623		
31.97		0.0206087		
31.98		0.0205944		
31.99		0.0205801		
32		0.0205659		
32.01		0.0205516		
32.02		0.0205374		
32.03		0.0205232		
32.04		0.0205089		
32.05		0.0204947		
32.06		0.0204805		
32.07		0.0204664		
32.08		0.0204522		
32.09		0.0204381		
32.1		0.0204239		
32.11		0.0204098		
32.12		0.0203957		
32.13		0.0203816		
32.14		0.0203675		
32.15		0.0203535		
32.16		0.0203394		
32.17		0.0203254		
32.18		0.0203113		
32.19		0.0202973		
32.2		0.0202833		
32.21		0.0202693		
32.22		0.0202554		
32.23		0.0202414		
32.24		0.0202275		
32.25		0.0202135		
32.26		0.0201996		
32.27		0.0201857		
32.28		0.0201718		
32.29		0.0201579		
32.3		0.020144		
32.31		0.0201302		
32.32		0.0201163		
32.33		0.0201025		
32.34		0.0200887		
32.35		0.0200749		
32.36		0.0200611		
32.37		0.0200473		
32.38		0.0200336		
32.39		0.0200198		
32.4		0.0200061		
32.41		0.0199924		
32.42		0.0199787		
32.43		0.019965		
32.44		0.0199513		
32.45		0.0199376		
32.46		0.0199239		
32.47		0.0199103		
32.48		0.0198967		
32.49		0.019883		
32.5		0.0198694		
32.51		0.0198558		
32.52		0.0198423		
32.53		0.0198287		
32.54		0.0198151		
32.55		0.0198016		
32.56		0.0197881		
32.57		0.0197745		
32.58		0.019761		
32.59		0.0197475		
32.6		0.0197341		
32.61		0.0197206		
32.62		0.0197072		
32.63		0.0196937		
32.64		0.0196803		
32.65		0.0196669		
32.66		0.0196535		
32.67		0.0196401		
32.68		0.0196267		
32.69		0.0196133		
32.7		0.0196		
32.71		0.0195866		
32.72		0.0195733		
32.73		0.01956		
32.74		0.0195467		
32.75		0.0195334		
32.76		0.0195201		
32.77		0.0195069		
32.78		0.0194936		
32.79		0.0194804		
32.8		0.0194672		
32.81		0.019454		
32.82		0.0194408		
32.83		0.0194276		
32.84		0.0194144		
32.85		0.0194012		
32.86		0.0193881		
32.87		0.0193749		
32.88		0.0193618		
32.89		0.0193487		
32.9		0.0193356		
32.91		0.0193225		
32.92		0.0193094		
32.93		0.0192964		
32.94		0.0192833		
32.95		0.0192703		
32.96		0.0192573		
32.97		0.0192442		
32.98		0.0192312		
32.99		0.0192182		
33		0.0192053		
33.01		0.0191923		
33.02		0.0191794		
33.03		0.0191664		
33.04		0.0191535		
33.05		0.0191406		
33.06		0.0191277		
33.07		0.0191148		
33.08		0.0191019		
33.09		0.019089		
33.1		0.0190762		
33.11		0.0190633		
33.12		0.0190505		
33.13		0.0190377		
33.14		0.0190249		
33.15		0.0190121		
33.16		0.0189993		
33.17		0.0189865		
33.18		0.0189738		
33.19		0.018961		
33.2		0.0189483		
33.21		0.0189356		
33.22		0.0189228		
33.23		0.0189101		
33.24		0.0188975		
33.25		0.0188848		
33.26		0.0188721		
33.27		0.0188595		
33.28		0.0188468		
33.29		0.0188342		
33.3		0.0188216		
33.31		0.018809		
33.32		0.0187964		
33.33		0.0187838		
33.34		0.0187713		
33.35		0.0187587		
33.36		0.0187462		
33.37		0.0187336		
33.38		0.0187211		
33.39		0.0187086		
33.4		0.0186961		
33.41		0.0186836		
33.42		0.0186711		
33.43		0.0186587		
33.44		0.0186462		
33.45		0.0186338		
33.46		0.0186214		
33.47		0.0186089		
33.48		0.0185965		
33.49		0.0185841		
33.5		0.0185718		
33.51		0.0185594		
33.52		0.018547		
33.53		0.0185347		
33.54		0.0185224		
33.55		0.01851		
33.56		0.0184977		
33.57		0.0184854		
33.58		0.0184731		
33.59		0.0184609		
33.6		0.0184486		
33.61		0.0184363		
33.62		0.0184241		
33.63		0.0184119		
33.64		0.0183997		
33.65		0.0183874		
33.66		0.0183753		
33.67		0.0183631		
33.68		0.0183509		
33.69		0.0183387		
33.7		0.0183266		
33.71		0.0183144		
33.72		0.0183023		
33.73		0.0182902		
33.74		0.0182781		
33.75		0.018266		
33.76		0.0182539		
33.77		0.0182418		
33.78		0.0182298		
33.79		0.0182177		
33.8		0.0182057		
33.81		0.0181937		
33.82		0.0181817		
33.83		0.0181697		
33.84		0.0181577		
33.85		0.0181457		
33.86		0.0181337		
33.87		0.0181218		
33.88		0.0181098		
33.89		0.0180979		
33.9		0.0180859		
33.91		0.018074		
33.92		0.0180621		
33.93		0.0180502		
33.94		0.0180384		
33.95		0.0180265		
33.96		0.0180146		
33.97		0.0180028		
33.98		0.0179909		
33.99		0.0179791		
34		0.0179673		
34.01		0.0179555		
34.02		0.0179437		
34.03		0.0179319		
34.04		0.0179201		
34.05		0.0179084		
34.06		0.0178966		
34.07		0.0178849		
34.08		0.0178732		
34.09		0.0178615		
34.1		0.0178498		
34.11		0.0178381		
34.12		0.0178264		
34.13		0.0178147		
34.14		0.017803		
34.15		0.0177914		
34.16		0.0177797		
34.17		0.0177681		
34.18		0.0177565		
34.19		0.0177449		
34.2		0.0177333		
34.21		0.0177217		
34.22		0.0177101		
34.23		0.0176986		
34.24		0.017687		
34.25		0.0176755		
34.26		0.0176639		
34.27		0.0176524		
34.28		0.0176409		
34.29		0.0176294		
34.3		0.0176179		
34.31		0.0176064		
34.32		0.017595		
34.33		0.0175835		
34.34		0.0175721		
34.35		0.0175606		
34.36		0.0175492		
34.37		0.0175378		
34.38		0.0175264		
34.39		0.017515		
34.4		0.0175036		
34.41		0.0174922		
34.42		0.0174809		
34.43		0.0174695		
34.44		0.0174582		
34.45		0.0174468		
34.46		0.0174355		
34.47		0.0174242		
34.48		0.0174129		
34.49		0.0174016		
34.5		0.0173903		
34.51		0.017379		
34.52		0.0173678		
34.53		0.0173565		
34.54		0.0173453		
34.55		0.0173341		
34.56		0.0173229		
34.57		0.0173116		
34.58		0.0173005		
34.59		0.0172893		
34.6		0.0172781		
34.61		0.0172669		
34.62		0.0172558		
34.63		0.0172446		
34.64		0.0172335		
34.65		0.0172224		
34.66		0.0172112		
34.67		0.0172001		
34.68		0.017189		
34.69		0.017178		
34.7		0.0171669		
34.71		0.0171558		
34.72		0.0171448		
34.73		0.0171337		
34.74		0.0171227		
34.75		0.0171117		
34.76		0.0171007		
34.77		0.0170897		
34.78		0.0170787		
34.79		0.0170677		
34.8		0.0170567		
34.81		0.0170457		
34.82		0.0170348		
34.83		0.0170238		
34.84		0.0170129		
34.85		0.017002		
34.86		0.0169911		
34.87		0.0169802		
34.88		0.0169693		
34.89		0.0169584		
34.9		0.0169475		
34.91		0.0169367		
34.92		0.0169258		
34.93		0.016915		
34.94		0.0169041		
34.95		0.0168933		
34.96		0.0168825		
34.97		0.0168717		
34.98		0.0168609		
34.99		0.0168501		
35		0.0168393		
35.01		0.0168286		
35.02		0.0168178		
35.03		0.0168071		
35.04		0.0167963		
35.05		0.0167856		
35.06		0.0167749		
35.07		0.0167642		
35.08		0.0167535		
35.09		0.0167428		
35.1		0.0167321		
35.11		0.0167215		
35.12		0.0167108		
35.13		0.0167002		
35.14		0.0166895		
35.15		0.0166789		
35.16		0.0166683		
35.17		0.0166577		
35.18		0.0166471		
35.19		0.0166365		
35.2		0.0166259		
35.21		0.0166153		
35.22		0.0166048		
35.23		0.0165942		
35.24		0.0165837		
35.25		0.0165731		
35.26		0.0165626		
35.27		0.0165521		
35.28		0.0165416		
35.29		0.0165311		
35.3		0.0165206		
35.31		0.0165102		
35.32		0.0164997		
35.33		0.0164892		
35.34		0.0164788		
35.35		0.0164684		
35.36		0.0164579		
35.37		0.0164475		
35.38		0.0164371		
35.39		0.0164267		
35.4		0.0164163		
35.41		0.0164059		
35.42		0.0163956		
35.43		0.0163852		
35.44		0.0163748		
35.45		0.0163645		
35.46		0.0163542		
35.47		0.0163438		
35.48		0.0163335		
35.49		0.0163232		
35.5		0.0163129		
35.51		0.0163026		
35.52		0.0162924		
35.53		0.0162821		
35.54		0.0162718		
35.55		0.0162616		
35.56		0.0162513		
35.57		0.0162411		
35.58		0.0162309		
35.59		0.0162207		
35.6		0.0162105		
35.61		0.0162003		
35.62		0.0161901		
35.63		0.0161799		
35.64		0.0161698		
35.65		0.0161596		
35.66		0.0161494		
35.67		0.0161393		
35.68		0.0161292		
35.69		0.0161191		
35.7		0.0161089		
35.71		0.0160988		
35.72		0.0160887		
35.73		0.0160787		
35.74		0.0160686		
35.75		0.0160585		
35.76		0.0160485		
35.77		0.0160384		
35.78		0.0160284		
35.79		0.0160183		
35.8		0.0160083		
35.81		0.0159983		
35.82		0.0159883		
35.83		0.0159783		
35.84		0.0159683		
35.85		0.0159583		
35.86		0.0159484		
35.87		0.0159384		
35.88		0.0159285		
35.89		0.0159185		
35.9		0.0159086		
35.91		0.0158987		
35.92		0.0158888		
35.93		0.0158789		
35.94		0.015869		
35.95		0.0158591		
35.96		0.0158492		
35.97		0.0158393		
35.98		0.0158295		
35.99		0.0158196		
36		0.0158098		
36.01		0.0157999		
36.02		0.0157901		
36.03		0.0157803		
36.04		0.0157705		
36.05		0.0157607		
36.06		0.0157509		
36.07		0.0157411		
36.08		0.0157313		
36.09		0.0157216		
36.1		0.0157118		
36.11		0.0157021		
36.12		0.0156923		
36.13		0.0156826		
36.14		0.0156729		
36.15		0.0156631		
36.16		0.0156534		
36.17		0.0156437		
36.18		0.0156341		
36.19		0.0156244		
36.2		0.0156147		
36.21		0.0156051		
36.22		0.0155954		
36.23		0.0155858		
36.24		0.0155761		
36.25		0.0155665		
36.26		0.0155569		
36.27		0.0155473		
36.28		0.0155377		
36.29		0.0155281		
36.3		0.0155185		
36.31		0.0155089		
36.32		0.0154993		
36.33		0.0154898		
36.34		0.0154802		
36.35		0.0154707		
36.36		0.0154612		
36.37		0.0154516		
36.38		0.0154421		
36.39		0.0154326		
36.4		0.0154231		
36.41		0.0154136		
36.42		0.0154041		
36.43		0.0153947		
36.44		0.0153852		
36.45		0.0153757		
36.46		0.0153663		
36.47		0.0153568		
36.48		0.0153474		
36.49		0.015338		
36.5		0.0153286		
36.51		0.0153192		
36.52		0.0153098		
36.53		0.0153004		
36.54		0.015291		
36.55		0.0152816		
36.56		0.0152722		
36.57		0.0152629		
36.58		0.0152535		
36.59		0.0152442		
36.6		0.0152349		
36.61		0.0152255		
36.62		0.0152162		
36.63		0.0152069		
36.64		0.0151976		
36.65		0.0151883		
36.66		0.015179		
36.67		0.0151697		
36.68		0.0151605		
36.69		0.0151512		
36.7		0.015142		
36.71		0.0151327		
36.72		0.0151235		
36.73		0.0151143		
36.74		0.015105		
36.75		0.0150958		
36.76		0.0150866		
36.77		0.0150774		
36.78		0.0150682		
36.79		0.0150591		
36.8		0.0150499		
36.81		0.0150407		
36.82		0.0150316		
36.83		0.0150224		
36.84		0.0150133		
36.85		0.0150042		
36.86		0.014995		
36.87		0.0149859		
36.88		0.0149768		
36.89		0.0149677		
36.9		0.0149586		
36.91		0.0149495		
36.92		0.0149405		
36.93		0.0149314		
36.94		0.0149223		
36.95		0.0149133		
36.96		0.0149042		
36.97		0.0148952		
36.98		0.0148862		
36.99		0.0148772		
37		0.0148681		
37.01		0.0148591		
37.02		0.0148501		
37.03		0.0148411		
37.04		0.0148322		
37.05		0.0148232		
37.06		0.0148142		
37.07		0.0148053		
37.08		0.0147963		
37.09		0.0147874		
37.1		0.0147784		
37.11		0.0147695		
37.12		0.0147606		
37.13		0.0147517		
37.14		0.0147428		
37.15		0.0147339		
37.16		0.014725		
37.17		0.0147161		
37.18		0.0147073		
37.19		0.0146984		
37.2		0.0146895		
37.21		0.0146807		
37.22		0.0146718		
37.23		0.014663		
37.24		0.0146542		
37.25		0.0146454		
37.26		0.0146366		
37.27		0.0146278		
37.28		0.014619		
37.29		0.0146102		
37.3		0.0146014		
37.31		0.0145926		
37.32		0.0145839		
37.33		0.0145751		
37.34		0.0145663		
37.35		0.0145576		
37.36		0.0145489		
37.37		0.0145401		
37.38		0.0145314		
37.39		0.0145227		
37.4		0.014514		
37.41		0.0145053		
37.42		0.0144966		
37.43		0.0144879		
37.44		0.0144793		
37.45		0.0144706		
37.46		0.0144619		
37.47		0.0144533		
37.48		0.0144446		
37.49		0.014436		
37.5		0.0144274		
37.51		0.0144187		
37.52		0.0144101		
37.53		0.0144015		
37.54		0.0143929		
37.55		0.0143843		
37.56		0.0143757		
37.57		0.0143672		
37.58		0.0143586		
37.59		0.01435		
37.6		0.0143415		
37.61		0.0143329		
37.62		0.0143244		
37.63		0.0143159		
37.64		0.0143073		
37.65		0.0142988		
37.66		0.0142903		
37.67		0.0142818		
37.68		0.0142733		
37.69		0.0142648		
37.7		0.0142563		
37.71		0.0142479		
37.72		0.0142394		
37.73		0.0142309		
37.74		0.0142225		
37.75		0.014214		
37.76		0.0142056		
37.77		0.0141972		
37.78		0.0141887		
37.79		0.0141803		
37.8		0.0141719		
37.81		0.0141635		
37.82		0.0141551		
37.83		0.0141467		
37.84		0.0141383		
37.85		0.01413		
37.86		0.0141216		
37.87		0.0141132		
37.88		0.0141049		
37.89		0.0140965		
37.9		0.0140882		
37.91		0.0140799		
37.92		0.0140715		
37.93		0.0140632		
37.94		0.0140549		
37.95		0.0140466		
37.96		0.0140383		
37.97		0.01403		
37.98		0.0140217		
37.99		0.0140135		
38		0.0140052		
38.01		0.0139969		
38.02		0.0139887		
38.03		0.0139804		
38.04		0.0139722		
38.05		0.013964		
38.06		0.0139557		
38.07		0.0139475		
38.08		0.0139393		
38.09		0.0139311		
38.1		0.0139229		
38.11		0.0139147		
38.12		0.0139065		
38.13		0.0138984		
38.14		0.0138902		
38.15		0.013882		
38.16		0.0138739		
38.17		0.0138657		
38.18		0.0138576		
38.19		0.0138494		
38.2		0.0138413		
38.21		0.0138332		
38.22		0.0138251		
38.23		0.013817		
38.24		0.0138089		
38.25		0.0138008		
38.26		0.0137927		
38.27		0.0137846		
38.28		0.0137765		
38.29		0.0137685		
38.3		0.0137604		
38.31		0.0137524		
38.32		0.0137443		
38.33		0.0137363		
38.34		0.0137282		
38.35		0.0137202		
38.36		0.0137122		
38.37		0.0137042		
38.38		0.0136962		
38.39		0.0136882		
38.4		0.0136802		
38.41		0.0136722		
38.42		0.0136642		
38.43		0.0136563		
38.44		0.0136483		
38.45		0.0136403		
38.46		0.0136324		
38.47		0.0136244		
38.48		0.0136165		
38.49		0.0136086		
38.5		0.0136006		
38.51		0.0135927		
38.52		0.0135848		
38.53		0.0135769		
38.54		0.013569		
38.55		0.0135611		
38.56		0.0135532		
38.57		0.0135453		
38.58		0.0135375		
38.59		0.0135296		
38.6		0.0135218		
38.61		0.0135139		
38.62		0.0135061		
38.63		0.0134982		
38.64		0.0134904		
38.65		0.0134826		
38.66		0.0134747		
38.67		0.0134669		
38.68		0.0134591		
38.69		0.0134513		
38.7		0.0134435		
38.71		0.0134357		
38.72		0.013428		
38.73		0.0134202		
38.74		0.0134124		
38.75		0.0134047		
38.76		0.0133969		
38.77		0.0133892		
38.78		0.0133814		
38.79		0.0133737		
38.8		0.013366		
38.81		0.0133582		
38.82		0.0133505		
38.83		0.0133428		
38.84		0.0133351		
38.85		0.0133274		
38.86		0.0133197		
38.87		0.013312		
38.88		0.0133044		
38.89		0.0132967		
38.9		0.013289		
38.91		0.0132814		
38.92		0.0132737		
38.93		0.0132661		
38.94		0.0132584		
38.95		0.0132508		
38.96		0.0132432		
38.97		0.0132356		
38.98		0.013228		
38.99		0.0132203		
39		0.0132127		
39.01		0.0132052		
39.02		0.0131976		
39.03		0.01319		
39.04		0.0131824		
39.05		0.0131748		
39.06		0.0131673		
39.07		0.0131597		
39.08		0.0131522		
39.09		0.0131446		
39.1		0.0131371		
39.11		0.0131296		
39.12		0.013122		
39.13		0.0131145		
39.14		0.013107		
39.15		0.0130995		
39.16		0.013092		
39.17		0.0130845		
39.18		0.013077		
39.19		0.0130695		
39.2		0.0130621		
39.21		0.0130546		
39.22		0.0130471		
39.23		0.0130397		
39.24		0.0130322		
39.25		0.0130248		
39.26		0.0130173		
39.27		0.0130099		
39.28		0.0130025		
39.29		0.0129951		
39.3		0.0129877		
39.31		0.0129802		
39.32		0.0129728		
39.33		0.0129655		
39.34		0.0129581		
39.35		0.0129507		
39.36		0.0129433		
39.37		0.0129359		
39.38		0.0129286		
39.39		0.0129212		
39.4		0.0129139		
39.41		0.0129065		
39.42		0.0128992		
39.43		0.0128918		
39.44		0.0128845		
39.45		0.0128772		
39.46		0.0128699		
39.47		0.0128626		
39.48		0.0128553		
39.49		0.012848		
39.5		0.0128407		
39.51		0.0128334		
39.52		0.0128261		
39.53		0.0128188		
39.54		0.0128116		
39.55		0.0128043		
39.56		0.012797		
39.57		0.0127898		
39.58		0.0127825		
39.59		0.0127753		
39.6		0.0127681		
39.61		0.0127608		
39.62		0.0127536		
39.63		0.0127464		
39.64		0.0127392		
39.65		0.012732		
39.66		0.0127248		
39.67		0.0127176		
39.68		0.0127104		
39.69		0.0127032		
39.7		0.0126961		
39.71		0.0126889		
39.72		0.0126817		
39.73		0.0126746		
39.74		0.0126674		
39.75		0.0126603		
39.76		0.0126531		
39.77		0.012646		
39.78		0.0126389		
39.79		0.0126318		
39.8		0.0126247		
39.81		0.0126175		
39.82		0.0126104		
39.83		0.0126033		
39.84		0.0125962		
39.85		0.0125892		
39.86		0.0125821		
39.87		0.012575		
39.88		0.0125679		
39.89		0.0125609		
39.9		0.0125538		
39.91		0.0125468		
39.92		0.0125397		
39.93		0.0125327		
39.94		0.0125256		
39.95		0.0125186		
39.96		0.0125116		
39.97		0.0125046		
39.98		0.0124976		
39.99		0.0124906		
40		0.0124836		
40.01		0.0124766		
40.02		0.0124696		
40.03		0.0124626		
40.04		0.0124556		
40.05		0.0124486		
40.06		0.0124417		
40.07		0.0124347		
40.08		0.0124278		
40.09		0.0124208		
40.1		0.0124139		
40.11		0.0124069		
40.12		0.0124		
40.13		0.0123931		
40.14		0.0123861		
40.15		0.0123792		
40.16		0.0123723		
40.17		0.0123654		
40.18		0.0123585		
40.19		0.0123516		
40.2		0.0123447		
40.21		0.0123379		
40.22		0.012331		
40.23		0.0123241		
40.24		0.0123172		
40.25		0.0123104		
40.26		0.0123035		
40.27		0.0122967		
40.28		0.0122898		
40.29		0.012283		
40.3		0.0122762		
40.31		0.0122693		
40.32		0.0122625		
40.33		0.0122557		
40.34		0.0122489		
40.35		0.0122421		
40.36		0.0122353		
40.37		0.0122285		
40.38		0.0122217		
40.39		0.0122149		
40.4		0.0122081		
40.41		0.0122014		
40.42		0.0121946		
40.43		0.0121878		
40.44		0.0121811		
40.45		0.0121743		
40.46		0.0121676		
40.47		0.0121608		
40.48		0.0121541		
40.49		0.0121474		
40.5		0.0121407		
40.51		0.0121339		
40.52		0.0121272		
40.53		0.0121205		
40.54		0.0121138		
40.55		0.0121071		
40.56		0.0121004		
40.57		0.0120938		
40.58		0.0120871		
40.59		0.0120804		
40.6		0.0120737		
40.61		0.0120671		
40.62		0.0120604		
40.63		0.0120537		
40.64		0.0120471		
40.65		0.0120405		
40.66		0.0120338		
40.67		0.0120272		
40.68		0.0120206		
40.69		0.0120139		
40.7		0.0120073		
40.71		0.0120007		
40.72		0.0119941		
40.73		0.0119875		
40.74		0.0119809		
40.75		0.0119743		
40.76		0.0119677		
40.77		0.0119612		
40.78		0.0119546		
40.79		0.011948		
40.8		0.0119414		
40.81		0.0119349		
40.82		0.0119283		
40.83		0.0119218		
40.84		0.0119152		
40.85		0.0119087		
40.86		0.0119022		
40.87		0.0118956		
40.88		0.0118891		
40.89		0.0118826		
40.9		0.0118761		
40.91		0.0118696		
40.92		0.0118631		
40.93		0.0118566		
40.94		0.0118501		
40.95		0.0118436		
40.96		0.0118371		
40.97		0.0118307		
40.98		0.0118242		
40.99		0.0118177		
41		0.0118113		
41.01		0.0118048		
41.02		0.0117983		
41.03		0.0117919		
41.04		0.0117855		
41.05		0.011779		
41.06		0.0117726		
41.07		0.0117662		
41.08		0.0117598		
41.09		0.0117533		
41.1		0.0117469		
41.11		0.0117405		
41.12		0.0117341		
41.13		0.0117277		
41.14		0.0117213		
41.15		0.011715		
41.16		0.0117086		
41.17		0.0117022		
41.18		0.0116958		
41.19		0.0116895		
41.2		0.0116831		
41.21		0.0116768		
41.22		0.0116704		
41.23		0.0116641		
41.24		0.0116577		
41.25		0.0116514		
41.26		0.0116451		
41.27		0.0116387		
41.28		0.0116324		
41.29		0.0116261		
41.3		0.0116198		
41.31		0.0116135		
41.32		0.0116072		
41.33		0.0116009		
41.34		0.0115946		
41.35		0.0115883		
41.36		0.011582		
41.37		0.0115758		
41.38		0.0115695		
41.39		0.0115632		
41.4		0.011557		
41.41		0.0115507		
41.42		0.0115445		
41.43		0.0115382		
41.44		0.011532		
41.45		0.0115258		
41.46		0.0115195		
41.47		0.0115133		
41.48		0.0115071		
41.49		0.0115009		
41.5		0.0114947		
41.51		0.0114884		
41.52		0.0114822		
41.53		0.011476		
41.54		0.0114699		
41.55		0.0114637		
41.56		0.0114575		
41.57		0.0114513		
41.58		0.0114451		
41.59		0.011439		
41.6		0.0114328		
41.61		0.0114267		
41.62		0.0114205		
41.63		0.0114144		
41.64		0.0114082		
41.65		0.0114021		
41.66		0.0113959		
41.67		0.0113898		
41.68		0.0113837		
41.69		0.0113776		
41.7		0.0113715		
41.71		0.0113653		
41.72		0.0113592		
41.73		0.0113531		
41.74		0.011347		
41.75		0.011341		
41.76		0.0113349		
41.77		0.0113288		
41.78		0.0113227		
41.79		0.0113166		
41.8		0.0113106		
41.81		0.0113045		
41.82		0.0112984		
41.83		0.0112924		
41.84		0.0112863		
41.85		0.0112803		
41.86		0.0112743		
41.87		0.0112682		
41.88		0.0112622		
41.89		0.0112562		
41.9		0.0112502		
41.91		0.0112441		
41.92		0.0112381		
41.93		0.0112321		
41.94		0.0112261		
41.95		0.0112201		
41.96		0.0112141		
41.97		0.0112081		
41.98		0.0112022		
41.99		0.0111962		
42		0.0111902		
42.01		0.0111842		
42.02		0.0111783		
42.03		0.0111723		
42.04		0.0111664		
42.05		0.0111604		
42.06		0.0111545		
42.07		0.0111485		
42.08		0.0111426		
42.09		0.0111367		
42.1		0.0111307		
42.11		0.0111248		
42.12		0.0111189		
42.13		0.011113		
42.14		0.0111071		
42.15		0.0111012		
42.16		0.0110953		
42.17		0.0110894		
42.18		0.0110835		
42.19		0.0110776		
42.2		0.0110717		
42.21		0.0110658		
42.22		0.01106		
42.23		0.0110541		
42.24		0.0110482		
42.25		0.0110424		
42.26		0.0110365		
42.27		0.0110307		
42.28		0.0110248		
42.29		0.011019		
42.3		0.0110131		
42.31		0.0110073		
42.32		0.0110015		
42.33		0.0109957		
42.34		0.0109898		
42.35		0.010984		
42.36		0.0109782		
42.37		0.0109724		
42.38		0.0109666		
42.39		0.0109608		
42.4		0.010955		
42.41		0.0109492		
42.42		0.0109434		
42.43		0.0109377		
42.44		0.0109319		
42.45		0.0109261		
42.46		0.0109204		
42.47		0.0109146		
42.48		0.0109088		
42.49		0.0109031		
42.5		0.0108973		
42.51		0.0108916		
42.52		0.0108859		
42.53		0.0108801		
42.54		0.0108744		
42.55		0.0108687		
42.56		0.0108629		
42.57		0.0108572		
42.58		0.0108515		
42.59		0.0108458		
42.6		0.0108401		
42.61		0.0108344		
42.62		0.0108287		
42.63		0.010823		
42.64		0.0108173		
42.65		0.0108116		
42.66		0.010806		
42.67		0.0108003		
42.68		0.0107946		
42.69		0.010789		
42.7		0.0107833		
42.71		0.0107776		
42.72		0.010772		
42.73		0.0107663		
42.74		0.0107607		
42.75		0.0107551		
42.76		0.0107494		
42.77		0.0107438		
42.78		0.0107382		
42.79		0.0107326		
42.8		0.0107269		
42.81		0.0107213		
42.82		0.0107157		
42.83		0.0107101		
42.84		0.0107045		
42.85		0.0106989		
42.86		0.0106933		
42.87		0.0106877		
42.88		0.0106821		
42.89		0.0106766		
42.9		0.010671		
42.91		0.0106654		
42.92		0.0106599		
42.93		0.0106543		
42.94		0.0106487		
42.95		0.0106432		
42.96		0.0106376		
42.97		0.0106321		
42.98		0.0106265		
42.99		0.010621		
43		0.0106155		
43.01		0.0106099		
43.02		0.0106044		
43.03		0.0105989		
43.04		0.0105934		
43.05		0.0105879		
43.06		0.0105824		
43.07		0.0105769		
43.08		0.0105714		
43.09		0.0105659		
43.1		0.0105604		
43.11		0.0105549		
43.12		0.0105494		
43.13		0.0105439		
43.14		0.0105384		
43.15		0.010533		
43.16		0.0105275		
43.17		0.010522		
43.18		0.0105166		
43.19		0.0105111		
43.2		0.0105057		
43.21		0.0105002		
43.22		0.0104948		
43.23		0.0104894		
43.24		0.0104839		
43.25		0.0104785		
43.26		0.0104731		
43.27		0.0104676		
43.28		0.0104622		
43.29		0.0104568		
43.3		0.0104514		
43.31		0.010446		
43.32		0.0104406		
43.33		0.0104352		
43.34		0.0104298		
43.35		0.0104244		
43.36		0.010419		
43.37		0.0104136		
43.38		0.0104083		
43.39		0.0104029		
43.4		0.0103975		
43.41		0.0103922		
43.42		0.0103868		
43.43		0.0103814		
43.44		0.0103761		
43.45		0.0103707		
43.46		0.0103654		
43.47		0.0103601		
43.48		0.0103547		
43.49		0.0103494		
43.5		0.0103441		
43.51		0.0103387		
43.52		0.0103334		
43.53		0.0103281		
43.54		0.0103228		
43.55		0.0103175		
43.56		0.0103122		
43.57		0.0103069		
43.58		0.0103016		
43.59		0.0102963		
43.6		0.010291		
43.61		0.0102857		
43.62		0.0102804		
43.63		0.0102751		
43.64		0.0102699		
43.65		0.0102646		
43.66		0.0102593		
43.67		0.0102541		
43.68		0.0102488		
43.69		0.0102436		
43.7		0.0102383		
43.71		0.0102331		
43.72		0.0102278		
43.73		0.0102226		
43.74		0.0102174		
43.75		0.0102121		
43.76		0.0102069		
43.77		0.0102017		
43.78		0.0101965		
43.79		0.0101912		
43.8		0.010186		
43.81		0.0101808		
43.82		0.0101756		
43.83		0.0101704		
43.84		0.0101652		
43.85		0.01016		
43.86		0.0101548		
43.87		0.0101497		
43.88		0.0101445		
43.89		0.0101393		
43.9		0.0101341		
43.91		0.010129		
43.92		0.0101238		
43.93		0.0101186		
43.94		0.0101135		
43.95		0.0101083		
43.96		0.0101032		
43.97		0.010098		
43.98		0.0100929		
43.99		0.0100878		
44		0.0100826		
44.01		0.0100775		
44.02		0.0100724		
44.03		0.0100672		
44.04		0.0100621		
44.05		0.010057		
44.06		0.0100519		
44.07		0.0100468		
44.08		0.0100417		
44.09		0.0100366		
44.1		0.0100315		
44.11		0.0100264		
44.12		0.0100213		
44.13		0.0100162		
44.14		0.0100111		
44.15		0.0100061		
44.16		0.010001		
44.17		0.00999591		
44.18		0.00999085		
44.19		0.00998579		
44.2		0.00998073		
44.21		0.00997567		
44.22		0.00997062		
44.23		0.00996557		
44.24		0.00996053		
44.25		0.00995549		
44.26		0.00995045		
44.27		0.00994542		
44.28		0.00994039		
44.29		0.00993536		
44.3		0.00993034		
44.31		0.00992532		
44.32		0.00992031		
44.33		0.0099153		
44.34		0.00991029		
44.35		0.00990528		
44.36		0.00990029		
44.37		0.00989529		
44.38		0.0098903		
44.39		0.00988531		
44.4		0.00988032		
44.41		0.00987534		
44.42		0.00987036		
44.43		0.00986539		
44.44		0.00986042		
44.45		0.00985545		
44.46		0.00985049		
44.47		0.00984553		
44.48		0.00984057		
44.49		0.00983562		
44.5		0.00983067		
44.51		0.00982572		
44.52		0.00982078		
44.53		0.00981584		
44.54		0.00981091		
44.55		0.00980598		
44.56		0.00980105		
44.57		0.00979613		
44.58		0.00979121		
44.59		0.00978629		
44.6		0.00978138		
44.61		0.00977647		
44.62		0.00977156		
44.63		0.00976666		
44.64		0.00976176		
44.65		0.00975687		
44.66		0.00975198		
44.67		0.00974709		
44.68		0.0097422		
44.69		0.00973732		
44.7		0.00973245		
44.71		0.00972757		
44.72		0.0097227		
44.73		0.00971784		
44.74		0.00971297		
44.75		0.00970811		
44.76		0.00970326		
44.77		0.00969841		
44.78		0.00969356		
44.79		0.00968871		
44.8		0.00968387		
44.81		0.00967903		
44.82		0.0096742		
44.83		0.00966937		
44.84		0.00966454		
44.85		0.00965971		
44.86		0.00965489		
44.87		0.00965008		
44.88		0.00964526		
44.89		0.00964045		
44.9		0.00963564		
44.91		0.00963084		
44.92		0.00962604		
44.93		0.00962124		
44.94		0.00961645		
44.95		0.00961166		
44.96		0.00960688		
44.97		0.00960209		
44.98		0.00959731		
44.99		0.00959254		
45		0.00958777		
45.01		0.009583		
45.02		0.00957823		
45.03		0.00957347		
45.04		0.00956871		
45.05		0.00956396		
45.06		0.00955921		
45.07		0.00955446		
45.08		0.00954971		
45.09		0.00954497		
45.1		0.00954023		
45.11		0.0095355		
45.12		0.00953077		
45.13		0.00952604		
45.14		0.00952132		
45.15		0.0095166		
45.16		0.00951188		
45.17		0.00950717		
45.18		0.00950245		
45.19		0.00949775		
45.2		0.00949304		
45.21		0.00948834		
45.22		0.00948365		
45.23		0.00947895		
45.24		0.00947426		
45.25		0.00946958		
45.26		0.00946489		
45.27		0.00946021		
45.28		0.00945554		
45.29		0.00945086		
45.3		0.00944619		
45.31		0.00944152		
45.32		0.00943686		
45.33		0.0094322		
45.34		0.00942754		
45.35		0.00942289		
45.36		0.00941824		
45.37		0.00941359		
45.38		0.00940895		
45.39		0.00940431		
45.4		0.00939967		
45.41		0.00939504		
45.42		0.00939041		
45.43		0.00938578		
45.44		0.00938116		
45.45		0.00937654		
45.46		0.00937192		
45.47		0.00936731		
45.48		0.0093627		
45.49		0.00935809		
45.5		0.00935349		
45.51		0.00934889		
45.52		0.00934429		
45.53		0.0093397		
45.54		0.00933511		
45.55		0.00933052		
45.56		0.00932594		
45.57		0.00932136		
45.58		0.00931678		
45.59		0.00931221		
45.6		0.00930764		
45.61		0.00930307		
45.62		0.0092985		
45.63		0.00929394		
45.64		0.00928938		
45.65		0.00928483		
45.66		0.00928028		
45.67		0.00927573		
45.68		0.00927119		
45.69		0.00926664		
45.7		0.00926211		
45.71		0.00925757		
45.72		0.00925304		
45.73		0.00924851		
45.74		0.00924398		
45.75		0.00923946		
45.76		0.00923494		
45.77		0.00923043		
45.78		0.00922592		
45.79		0.00922141		
45.8		0.0092169		
45.81		0.0092124		
45.82		0.0092079		
45.83		0.0092034		
45.84		0.00919891		
45.85		0.00919442		
45.86		0.00918993		
45.87		0.00918545		
45.88		0.00918097		
45.89		0.00917649		
45.9		0.00917201		
45.91		0.00916754		
45.92		0.00916307		
45.93		0.00915861		
45.94		0.00915415		
45.95		0.00914969		
45.96		0.00914523		
45.97		0.00914078		
45.98		0.00913633		
45.99		0.00913189		
46		0.00912744		
46.01		0.009123		
46.02		0.00911857		
46.03		0.00911413		
46.04		0.0091097		
46.05		0.00910528		
46.06		0.00910085		
46.07		0.00909643		
46.08		0.00909202		
46.09		0.0090876		
46.1		0.00908319		
46.11		0.00907878		
46.12		0.00907438		
46.13		0.00906997		
46.14		0.00906557		
46.15		0.00906118		
46.16		0.00905679		
46.17		0.0090524		
46.18		0.00904801		
46.19		0.00904363		
46.2		0.00903925		
46.21		0.00903487		
46.22		0.00903049		
46.23		0.00902612		
46.24		0.00902175		
46.25		0.00901739		
46.26		0.00901303		
46.27		0.00900867		
46.28		0.00900431		
46.29		0.00899996		
46.3		0.00899561		
46.31		0.00899126		
46.32		0.00898692		
46.33		0.00898258		
46.34		0.00897824		
46.35		0.00897391		
46.36		0.00896958		
46.37		0.00896525		
46.38		0.00896092		
46.39		0.0089566		
46.4		0.00895228		
46.41		0.00894796		
46.42		0.00894365		
46.43		0.00893934		
46.44		0.00893503		
46.45		0.00893073		
46.46		0.00892643		
46.47		0.00892213		
46.48		0.00891784		
46.49		0.00891354		
46.5		0.00890925		
46.51		0.00890497		
46.52		0.00890068		
46.53		0.0088964		
46.54		0.00889213		
46.55		0.00888785		
46.56		0.00888358		
46.57		0.00887931		
46.58		0.00887505		
46.59		0.00887079		
46.6		0.00886653		
46.61		0.00886227		
46.62		0.00885802		
46.63		0.00885377		
46.64		0.00884952		
46.65		0.00884528		
46.66		0.00884103		
46.67		0.0088368		
46.68		0.00883256		
46.69		0.00882833		
46.7		0.0088241		
46.71		0.00881987		
46.72		0.00881565		
46.73		0.00881143		
46.74		0.00880721		
46.75		0.00880299		
46.76		0.00879878		
46.77		0.00879457		
46.78		0.00879037		
46.79		0.00878616		
46.8		0.00878196		
46.81		0.00877776		
46.82		0.00877357		
46.83		0.00876938		
46.84		0.00876519		
46.85		0.008761		
46.86		0.00875682		
46.87		0.00875264		
46.88		0.00874846		
46.89		0.00874429		
46.9		0.00874012		
46.91		0.00873595		
46.92		0.00873179		
46.93		0.00872762		
46.94		0.00872346		
46.95		0.00871931		
46.96		0.00871515		
46.97		0.008711		
46.98		0.00870685		
46.99		0.00870271		
47		0.00869857		
47.01		0.00869443		
47.02		0.00869029		
47.03		0.00868616		
47.04		0.00868202		
47.05		0.0086779		
47.06		0.00867377		
47.07		0.00866965		
47.08		0.00866553		
47.09		0.00866141		
47.1		0.0086573		
47.11		0.00865319		
47.12		0.00864908		
47.13		0.00864497		
47.14		0.00864087		
47.15		0.00863677		
47.16		0.00863267		
47.17		0.00862858		
47.18		0.00862449		
47.19		0.0086204		
47.2		0.00861631		
47.21		0.00861223		
47.22		0.00860815		
47.23		0.00860408		
47.24		0.0086		
47.25		0.00859593		
47.26		0.00859186		
47.27		0.00858779		
47.28		0.00858373		
47.29		0.00857967		
47.3		0.00857561		
47.31		0.00857156		
47.32		0.00856751		
47.33		0.00856346		
47.34		0.00855941		
47.35		0.00855537		
47.36		0.00855133		
47.37		0.00854729		
47.38		0.00854325		
47.39		0.00853922		
47.4		0.00853519		
47.41		0.00853116		
47.42		0.00852714		
47.43		0.00852312		
47.44		0.0085191		
47.45		0.00851508		
47.46		0.00851107		
47.47		0.00850706		
47.48		0.00850305		
47.49		0.00849905		
47.5		0.00849504		
47.51		0.00849104		
47.52		0.00848705		
47.53		0.00848305		
47.54		0.00847906		
47.55		0.00847507		
47.56		0.00847109		
47.57		0.00846711		
47.58		0.00846312		
47.59		0.00845915		
47.6		0.00845517		
47.61		0.0084512		
47.62		0.00844723		
47.63		0.00844326		
47.64		0.0084393		
47.65		0.00843534		
47.66		0.00843138		
47.67		0.00842742		
47.68		0.00842347		
47.69		0.00841952		
47.7		0.00841557		
47.71		0.00841163		
47.72		0.00840768		
47.73		0.00840374		
47.74		0.00839981		
47.75		0.00839587		
47.76		0.00839194		
47.77		0.00838801		
47.78		0.00838408		
47.79		0.00838016		
47.8		0.00837624		
47.81		0.00837232		
47.82		0.00836841		
47.83		0.00836449		
47.84		0.00836058		
47.85		0.00835667		
47.86		0.00835277		
47.87		0.00834887		
47.88		0.00834497		
47.89		0.00834107		
47.9		0.00833718		
47.91		0.00833328		
47.92		0.00832939		
47.93		0.00832551		
47.94		0.00832162		
47.95		0.00831774		
47.96		0.00831386		
47.97		0.00830999		
47.98		0.00830611		
47.99		0.00830224		
48		0.00829837		
48.01		0.00829451		
48.02		0.00829065		
48.03		0.00828679		
48.04		0.00828293		
48.05		0.00827907		
48.06		0.00827522		
48.07		0.00827137		
48.08		0.00826752		
48.09		0.00826368		
48.1		0.00825984		
48.11		0.008256		
48.12		0.00825216		
48.13		0.00824833		
48.14		0.00824449		
48.15		0.00824066		
48.16		0.00823684		
48.17		0.00823301		
48.18		0.00822919		
48.19		0.00822537		
48.2		0.00822156		
48.21		0.00821774		
48.22		0.00821393		
48.23		0.00821012		
48.24		0.00820632		
48.25		0.00820252		
48.26		0.00819871		
48.27		0.00819492		
48.28		0.00819112		
48.29		0.00818733		
48.3		0.00818354		
48.31		0.00817975		
48.32		0.00817596		
48.33		0.00817218		
48.34		0.0081684		
48.35		0.00816462		
48.36		0.00816085		
48.37		0.00815707		
48.38		0.0081533		
48.39		0.00814954		
48.4		0.00814577		
48.41		0.00814201		
48.42		0.00813825		
48.43		0.00813449		
48.44		0.00813074		
48.45		0.00812698		
48.46		0.00812323		
48.47		0.00811949		
48.48		0.00811574		
48.49		0.008112		
48.5		0.00810826		
48.51		0.00810452		
48.52		0.00810079		
48.53		0.00809705		
48.54		0.00809332		
48.55		0.0080896		
48.56		0.00808587		
48.57		0.00808215		
48.58		0.00807843		
48.59		0.00807471		
48.6		0.008071		
48.61		0.00806728		
48.62		0.00806357		
48.63		0.00805987		
48.64		0.00805616		
48.65		0.00805246		
48.66		0.00804876		
48.67		0.00804506		
48.68		0.00804136		
48.69		0.00803767		
48.7		0.00803398		
48.71		0.00803029		
48.72		0.00802661		
48.73		0.00802293		
48.74		0.00801924		
48.75		0.00801557		
48.76		0.00801189		
48.77		0.00800822		
48.78		0.00800455		
48.79		0.00800088		
48.8		0.00799721		
48.81		0.00799355		
48.82		0.00798989		
48.83		0.00798623		
48.84		0.00798258		
48.85		0.00797892		
48.86		0.00797527		
48.87		0.00797162		
48.88		0.00796798		
48.89		0.00796433		
48.9		0.00796069		
48.91		0.00795705		
48.92		0.00795341		
48.93		0.00794978		
48.94		0.00794615		
48.95		0.00794252		
48.96		0.00793889		
48.97		0.00793527		
48.98		0.00793165		
48.99		0.00792803		
49		0.00792441		
49.01		0.00792079		
49.02		0.00791718		
49.03		0.00791357		
49.04		0.00790996		
49.05		0.00790636		
49.06		0.00790276		
49.07		0.00789916		
49.08		0.00789556		
49.09		0.00789196		
49.1		0.00788837		
49.11		0.00788478		
49.12		0.00788119		
49.13		0.0078776		
49.14		0.00787402		
49.15		0.00787044		
49.16		0.00786686		
49.17		0.00786328		
49.18		0.00785971		
49.19		0.00785613		
49.2		0.00785256		
49.21		0.007849		
49.22		0.00784543		
49.23		0.00784187		
49.24		0.00783831		
49.25		0.00783475		
49.26		0.0078312		
49.27		0.00782764		
49.28		0.00782409		
49.29		0.00782054		
49.3		0.007817		
49.31		0.00781345		
49.32		0.00780991		
49.33		0.00780637		
49.34		0.00780284		
49.35		0.0077993		
49.36		0.00779577		
49.37		0.00779224		
49.38		0.00778871		
49.39		0.00778519		
49.4		0.00778166		
49.41		0.00777814		
49.42		0.00777462		
49.43		0.00777111		
49.44		0.00776759		
49.45		0.00776408		
49.46		0.00776057		
49.47		0.00775707		
49.48		0.00775356		
49.49		0.00775006		
49.5		0.00774656		
49.51		0.00774306		
49.52		0.00773957		
49.53		0.00773608		
49.54		0.00773258		
49.55		0.0077291		
49.56		0.00772561		
49.57		0.00772213		
49.58		0.00771865		
49.59		0.00771517		
49.6		0.00771169		
49.61		0.00770821		
49.62		0.00770474		
49.63		0.00770127		
49.64		0.0076978		
49.65		0.00769434		
49.66		0.00769088		
49.67		0.00768741		
49.68		0.00768396		
49.69		0.0076805		
49.7		0.00767704		
49.71		0.00767359		
49.72		0.00767014		
49.73		0.0076667		
49.74		0.00766325		
49.75		0.00765981		
49.76		0.00765637		
49.77		0.00765293		
49.78		0.00764949		
49.79		0.00764606		
49.8		0.00764263		
49.81		0.0076392		
49.82		0.00763577		
49.83		0.00763234		
49.84		0.00762892		
49.85		0.0076255		
49.86		0.00762208		
49.87		0.00761867		
49.88		0.00761525		
49.89		0.00761184		
49.9		0.00760843		
49.91		0.00760502		
49.92		0.00760162		
49.93		0.00759822		
49.94		0.00759482		
49.95		0.00759142		
49.96		0.00758802		
49.97		0.00758463		
49.98		0.00758124		
49.99		0.00757785		
50		0.00757446		
