t [fm]		PL/PT
0.25		1
0.3		0.76103		
0.35		0.6134		
0.4		0.51729		
0.45		0.45245		
0.5		0.4077		
0.55		0.37642		
0.6		0.35452		
0.65		0.33936		
0.7		0.32917		
0.75		0.32273		
0.8		0.31918		
0.85		0.31788		
0.9		0.31836		
0.95		0.32027		
1		0.32334		
1.05		0.32733		
1.1		0.33208		
1.15		0.33744		
1.2		0.3433		
1.25		0.34957		
1.3		0.35615		
1.35		0.36298		
1.4		0.37001		
1.45		0.3772		
1.5		0.38449		
1.55		0.39186		
1.6		0.39927		
1.65		0.40671		
1.7		0.41415		
1.75		0.42157		
1.8		0.42897		
1.85		0.43632		
1.9		0.44361		
1.95		0.45084		
2		0.458		
2.05		0.46508		
2.1		0.47207		
2.15		0.47897		
2.2		0.48578		
2.25		0.4925		
2.3		0.49911		
2.35		0.50562		
2.4		0.51203		
2.45		0.51834		
2.5		0.52454		
2.55		0.53064		
2.6		0.53663		
2.65		0.54252		
2.7		0.5483		
2.75		0.55398		
2.8		0.55956		
2.85		0.56503		
2.9		0.5704		
2.95		0.57567		
3		0.58084		
3.05		0.58592		
3.1		0.5909		
3.15		0.59578		
3.2		0.60057		
3.25		0.60527		
3.3		0.60988		
3.35		0.6144		
3.4		0.61883		
3.45		0.62317		
3.5		0.62744		
3.55		0.63162		
3.6		0.63572		
3.65		0.63973		
3.7		0.64368		
3.75		0.64754		
3.8		0.65133		
3.85		0.65505		
3.9		0.6587		
3.95		0.66228		
4		0.66579		
4.05		0.66923		
4.1		0.67261		
4.15		0.67592		
4.2		0.67917		
4.25		0.68237		
4.3		0.6855		
4.35		0.68857		
4.4		0.69159		
4.45		0.69455		
4.5		0.69745		
4.55		0.7003		
4.6		0.70311		
4.65		0.70586		
4.7		0.70856		
4.75		0.71121		
4.8		0.71381		
4.85		0.71637		
4.9		0.71888		
4.95		0.72135		
5		0.72378		
5.05		0.72616		
5.1		0.72851		
5.15		0.73081		
5.2		0.73307		
5.25		0.7353		
5.3		0.73749		
5.35		0.73964		
5.4		0.74175		
5.45		0.74384		
5.5		0.74588		
5.55		0.74789		
5.6		0.74988		
5.65		0.75182		
5.7		0.75374		
5.75		0.75563		
5.8		0.75748		
5.85		0.75931		
5.9		0.76111		
5.95		0.76288		
6		0.76463		
6.05		0.76634		
6.1		0.76804		
6.15		0.7697		
6.2		0.77134		
6.25		0.77296		
6.3		0.77455		
6.35		0.77612		
6.4		0.77767		
6.45		0.77919		
6.5		0.78069		
6.55		0.78217		
6.6		0.78363		
6.65		0.78507		
6.7		0.78649		
6.75		0.78789		
6.8		0.78927		
6.85		0.79063		
6.9		0.79197		
6.95		0.7933		
7		0.7946		
7.05		0.79589		
7.1		0.79716		
7.15		0.79842		
7.2		0.79966		
7.25		0.80088		
7.3		0.80208		
7.35		0.80327		
7.4		0.80445		
7.45		0.80561		
7.5		0.80676		
7.55		0.80789		
7.6		0.80901		
7.65		0.81011		
7.7		0.8112		
7.75		0.81228		
7.8		0.81334		
7.85		0.81439		
7.9		0.81543		
7.95		0.81646		
8		0.81747		
8.05		0.81848		
8.1		0.81947		
8.15		0.82045		
8.2		0.82142		
8.25		0.82237		
8.3		0.82332		
8.35		0.82425		
8.4		0.82518		
8.45		0.82609		
8.5		0.827		
8.55		0.82789		
8.6		0.82878		
8.65		0.82965		
8.7		0.83052		
8.75		0.83138		
8.8		0.83222		
8.85		0.83306		
8.9		0.83389		
8.95		0.83471		
9		0.83552		
9.05		0.83633		
9.1		0.83712		
9.15		0.83791		
9.2		0.83869		
9.25		0.83946		
9.3		0.84022		
9.35		0.84098		
9.4		0.84173		
9.45		0.84247		
9.5		0.8432		
9.55		0.84393		
9.6		0.84465		
9.65		0.84536		
9.7		0.84607		
9.75		0.84677		
9.8		0.84746		
9.85		0.84815		
9.9		0.84883		
9.95		0.8495		
10		0.85017		
10.05		0.85083		
10.1		0.85148		
10.15		0.85213		
10.2		0.85277		
10.25		0.85341		
10.3		0.85404		
10.35		0.85467		
10.4		0.85529		
10.45		0.8559		
10.5		0.85651		
10.55		0.85712		
10.6		0.85771		
10.65		0.85831		
10.7		0.8589		
10.75		0.85948		
10.8		0.86006		
10.85		0.86063		
10.9		0.8612		
10.95		0.86176		
11		0.86232		
11.05		0.86288		
11.1		0.86342		
11.15		0.86397		
11.2		0.86451		
11.25		0.86505		
11.3		0.86558		
11.35		0.86611		
11.4		0.86663		
11.45		0.86715		
11.5		0.86766		
11.55		0.86817		
11.6		0.86868		
11.65		0.86918		
11.7		0.86968		
11.75		0.87018		
11.8		0.87067		
11.85		0.87116		
11.9		0.87164		
11.95		0.87212		
12		0.8726		
12.05		0.87307		
12.1		0.87354		
12.15		0.87401		
12.2		0.87447		
12.25		0.87493		
12.3		0.87538		
12.35		0.87583		
12.4		0.87628		
12.45		0.87673		
12.5		0.87717		
12.55		0.87761		
12.6		0.87805		
12.65		0.87848		
12.7		0.87891		
12.75		0.87933		
12.8		0.87976		
12.85		0.88018		
12.9		0.8806		
12.95		0.88101		
13		0.88142		
13.05		0.88183		
13.1		0.88224		
13.15		0.88264		
13.2		0.88304		
13.25		0.88344		
13.3		0.88383		
13.35		0.88423		
13.4		0.88462		
13.45		0.885		
13.5		0.88539		
13.55		0.88577		
13.6		0.88615		
13.65		0.88653		
13.7		0.8869		
13.75		0.88727		
13.8		0.88764		
13.85		0.88801		
13.9		0.88838		
13.95		0.88874		
14		0.8891		
14.05		0.88946		
14.1		0.88981		
14.15		0.89017		
14.2		0.89052		
14.25		0.89087		
14.3		0.89121		
14.35		0.89156		
14.4		0.8919		
14.45		0.89224		
14.5		0.89258		
14.55		0.89291		
14.6		0.89325		
14.65		0.89358		
14.7		0.89391		
14.75		0.89424		
14.8		0.89456		
14.85		0.89489		
14.9		0.89521		
14.95		0.89553		
15		0.89585		
15.05		0.89617		
15.1		0.89648		
15.15		0.89679		
15.2		0.8971		
15.25		0.89741		
15.3		0.89772		
15.35		0.89803		
15.4		0.89833		
15.45		0.89863		
15.5		0.89893		
15.55		0.89923		
15.6		0.89953		
15.65		0.89982		
15.7		0.90012		
15.75		0.90041		
15.8		0.9007		
15.85		0.90099		
15.9		0.90127		
15.95		0.90156		
16		0.90184		
16.05		0.90212		
16.1		0.9024		
16.15		0.90268		
16.2		0.90296		
16.25		0.90324		
16.3		0.90351		
16.35		0.90378		
16.4		0.90406		
16.45		0.90433		
16.5		0.9046		
16.55		0.90486		
16.6		0.90513		
16.65		0.90539		
16.7		0.90566		
16.75		0.90592		
16.8		0.90618		
16.85		0.90644		
16.9		0.90669		
16.95		0.90695		
17		0.9072		
17.05		0.90746		
17.1		0.90771		
17.15		0.90796		
17.2		0.90821		
17.25		0.90846		
17.3		0.90871		
17.35		0.90895		
17.4		0.9092		
17.45		0.90944		
17.5		0.90968		
17.55		0.90992		
17.6		0.91016		
17.65		0.9104		
17.7		0.91064		
17.75		0.91088		
17.8		0.91111		
17.85		0.91134		
17.9		0.91158		
17.95		0.91181		
18		0.91204		
18.05		0.91227		
18.1		0.9125		
18.15		0.91272		
18.2		0.91295		
18.25		0.91317		
18.3		0.9134		
18.35		0.91362		
18.4		0.91384		
18.45		0.91406		
18.5		0.91428		
18.55		0.9145		
18.6		0.91472		
18.65		0.91494		
18.7		0.91515		
18.75		0.91537		
18.8		0.91558		
18.85		0.91579		
18.9		0.916		
18.95		0.91621		
19		0.91642		
19.05		0.91663		
19.1		0.91684		
19.15		0.91705		
19.2		0.91725		
19.25		0.91746		
19.3		0.91766		
19.35		0.91787		
19.4		0.91807		
19.45		0.91827		
19.5		0.91847		
19.55		0.91867		
19.6		0.91887		
19.65		0.91907		
19.7		0.91926		
19.75		0.91946		
19.8		0.91965		
19.85		0.91985		
19.9		0.92004		
19.95		0.92024		
20		0.92043		
20.05		0.92062		
20.1		0.92081		
20.15		0.921		
20.2		0.92119		
20.25		0.92137		
20.3		0.92156		
20.35		0.92175		
20.4		0.92193		
20.45		0.92212		
20.5		0.9223		
20.55		0.92248		
20.6		0.92267		
20.65		0.92285		
20.7		0.92303		
20.75		0.92321		
20.8		0.92339		
20.85		0.92357		
20.9		0.92375		
20.95		0.92392		
21		0.9241		
21.05		0.92427		
21.1		0.92445		
21.15		0.92462		
21.2		0.9248		
21.25		0.92497		
21.3		0.92514		
21.35		0.92531		
21.4		0.92549		
21.45		0.92566		
21.5		0.92583		
21.55		0.92599		
21.6		0.92616		
21.65		0.92633		
21.7		0.9265		
21.75		0.92666		
21.8		0.92683		
21.85		0.92699		
21.9		0.92716		
21.95		0.92732		
22		0.92748		
22.05		0.92765		
22.1		0.92781		
22.15		0.92797		
22.2		0.92813		
22.25		0.92829		
22.3		0.92845		
22.35		0.92861		
22.4		0.92877		
22.45		0.92892		
22.5		0.92908		
22.55		0.92924		
22.6		0.92939		
22.65		0.92955		
22.7		0.9297		
22.75		0.92986		
22.8		0.93001		
22.85		0.93016		
22.9		0.93032		
22.95		0.93047		
23		0.93062		
23.05		0.93077		
23.1		0.93092		
23.15		0.93107		
23.2		0.93122		
23.25		0.93137		
23.3		0.93152		
23.35		0.93166		
23.4		0.93181		
23.45		0.93196		
23.5		0.9321		
23.55		0.93225		
23.6		0.93239		
23.65		0.93254		
23.7		0.93268		
23.75		0.93282		
23.8		0.93297		
23.85		0.93311		
23.9		0.93325		
23.95		0.93339		
24		0.93353		
24.05		0.93367		
24.1		0.93381		
24.15		0.93395		
24.2		0.93409		
24.25		0.93423		
24.3		0.93437		
24.35		0.93451		
24.4		0.93464		
24.45		0.93478		
24.5		0.93492		
24.55		0.93505		
24.6		0.93519		
24.65		0.93532		
24.7		0.93546		
24.75		0.93559		
24.8		0.93573		
24.85		0.93586		
24.9		0.93599		
24.95		0.93612		
25		0.93625		
25.05		0.93639		
25.1		0.93652		
25.15		0.93665		
25.2		0.93678		
25.25		0.93691		
25.3		0.93704		
25.35		0.93716		
25.4		0.93729		
25.45		0.93742		
25.5		0.93755		
25.55		0.93768		
25.6		0.9378		
25.65		0.93793		
25.7		0.93805		
25.75		0.93818		
25.8		0.93831		
25.85		0.93843		
25.9		0.93855		
25.95		0.93868		
26		0.9388		
26.05		0.93892		
26.1		0.93905		
26.15		0.93917		
26.2		0.93929		
26.25		0.93941		
26.3		0.93953		
26.35		0.93966		
26.4		0.93978		
26.45		0.9399		
26.5		0.94002		
26.55		0.94014		
26.6		0.94025		
26.65		0.94037		
26.7		0.94049		
26.75		0.94061		
26.8		0.94073		
26.85		0.94085		
26.9		0.94096		
26.95		0.94108		
27		0.9412		
27.05		0.94131		
27.1		0.94143		
27.15		0.94155		
27.2		0.94166		
27.25		0.94178		
27.3		0.94189		
27.35		0.94201		
27.4		0.94212		
27.45		0.94223		
27.5		0.94235		
27.55		0.94246		
27.6		0.94257		
27.65		0.94269		
27.7		0.9428		
27.75		0.94291		
27.8		0.94302		
27.85		0.94313		
27.9		0.94324		
27.95		0.94336		
28		0.94347		
28.05		0.94358		
28.1		0.94369		
28.15		0.94379		
28.2		0.9439		
28.25		0.94401		
28.3		0.94412		
28.35		0.94423		
28.4		0.94434		
28.45		0.94445		
28.5		0.94455		
28.55		0.94466		
28.6		0.94477		
28.65		0.94487		
28.7		0.94498		
28.75		0.94508		
28.8		0.94519		
28.85		0.9453		
28.9		0.9454		
28.95		0.9455		
29		0.94561		
29.05		0.94571		
29.1		0.94582		
29.15		0.94592		
29.2		0.94602		
29.25		0.94613		
29.3		0.94623		
29.35		0.94633		
29.4		0.94643		
29.45		0.94653		
29.5		0.94664		
29.55		0.94674		
29.6		0.94684		
29.65		0.94694		
29.7		0.94704		
29.75		0.94714		
29.8		0.94724		
29.85		0.94734		
29.9		0.94744		
29.95		0.94754		
30		0.94763		
30.05		0.94773		
30.1		0.94783		
30.15		0.94793		
30.2		0.94803		
30.25		0.94812		
30.3		0.94822		
30.35		0.94832		
30.4		0.94841		
30.45		0.94851		
30.5		0.94861		
30.55		0.9487		
30.6		0.9488		
30.65		0.94889		
30.7		0.94899		
30.75		0.94908		
30.8		0.94917		
30.85		0.94927		
30.9		0.94936		
30.95		0.94946		
31		0.94955		
31.05		0.94964		
31.1		0.94974		
31.15		0.94983		
31.2		0.94992		
31.25		0.95001		
31.3		0.9501		
31.35		0.9502		
31.4		0.95029		
31.45		0.95038		
31.5		0.95047		
31.55		0.95056		
31.6		0.95065		
31.65		0.95074		
31.7		0.95083		
31.75		0.95092		
31.8		0.95101		
31.85		0.9511		
31.9		0.95118		
31.95		0.95127		
32		0.95136		
32.05		0.95145		
32.1		0.95154		
32.15		0.95162		
32.2		0.95171		
32.25		0.9518		
32.3		0.95189		
32.35		0.95197		
32.4		0.95206		
32.45		0.95214		
32.5		0.95223		
32.55		0.95232		
32.6		0.9524		
32.65		0.95249		
32.7		0.95257		
32.75		0.95266		
32.8		0.95274		
32.85		0.95282		
32.9		0.95291		
32.95		0.95299		
33		0.95308		
33.05		0.95316		
33.1		0.95324		
33.15		0.95333		
33.2		0.95341		
33.25		0.95349		
33.3		0.95357		
33.35		0.95365		
33.4		0.95374		
33.45		0.95382		
33.5		0.9539		
33.55		0.95398		
33.6		0.95406		
33.65		0.95414		
33.7		0.95422		
33.75		0.9543		
33.8		0.95438		
33.85		0.95446		
33.9		0.95454		
33.95		0.95462		
34		0.9547		
34.05		0.95478		
34.1		0.95486		
34.15		0.95494		
34.2		0.95501		
34.25		0.95509		
34.3		0.95517		
34.35		0.95525		
34.4		0.95532		
34.45		0.9554		
34.5		0.95548		
34.55		0.95556		
34.6		0.95563		
34.65		0.95571		
34.7		0.95578		
34.75		0.95586		
34.8		0.95594		
34.85		0.95601		
34.9		0.95609		
34.95		0.95616		
35		0.95624		
35.05		0.95631		
35.1		0.95639		
35.15		0.95646		
35.2		0.95653		
35.25		0.95661		
35.3		0.95668		
35.35		0.95676		
35.4		0.95683		
35.45		0.9569		
35.5		0.95698		
35.55		0.95705		
35.6		0.95712		
35.65		0.95719		
35.7		0.95727		
35.75		0.95734		
35.8		0.95741		
35.85		0.95748		
35.9		0.95755		
35.95		0.95762		
36		0.95769		
36.05		0.95776		
36.1		0.95784		
36.15		0.95791		
36.2		0.95798		
36.25		0.95805		
36.3		0.95812		
36.35		0.95819		
36.4		0.95826		
36.45		0.95832		
36.5		0.95839		
36.55		0.95846		
36.6		0.95853		
36.65		0.9586		
36.7		0.95867		
36.75		0.95874		
36.8		0.9588		
36.85		0.95887		
36.9		0.95893		
36.95		0.959		
37		0.95906		
37.05		0.95913		
37.1		0.95919		
37.15		0.95925		
37.2		0.95931		
37.25		0.95937		
37.3		0.95943		
37.35		0.95949		
37.4		0.95955		
37.45		0.95961		
37.5		0.95967		
37.55		0.95972		
37.6		0.95978		
37.65		0.95984		
37.7		0.95989		
37.75		0.95995		
37.8		0.96001		
37.85		0.96006		
37.9		0.96012		
37.95		0.96017		
38		0.96023		
38.05		0.96028		
38.1		0.96034		
38.15		0.96039		
38.2		0.96044		
38.25		0.9605		
38.3		0.96055		
38.35		0.96061		
38.4		0.96066		
38.45		0.96072		
38.5		0.96077		
38.55		0.96083		
38.6		0.96088		
38.65		0.96093		
38.7		0.96099		
38.75		0.96104		
38.8		0.9611		
38.85		0.96115		
38.9		0.9612		
38.95		0.96126		
39		0.96131		
39.05		0.96136		
39.1		0.96142		
39.15		0.96147		
39.2		0.96152		
39.25		0.96158		
39.3		0.96163		
39.35		0.96168		
39.4		0.96173		
39.45		0.96178		
39.5		0.96184		
39.55		0.96189		
39.6		0.96194		
39.65		0.96199		
39.7		0.96204		
39.75		0.96209		
39.8		0.96214		
39.85		0.96219		
39.9		0.96225		
39.95		0.9623		
40		0.96235		
40.05		0.9624		
40.1		0.96244		
40.15		0.96249		
40.2		0.96254		
40.25		0.96259		
40.3		0.96264		
40.35		0.96269		
40.4		0.96274		
40.45		0.96279		
40.5		0.96284		
40.55		0.96288		
40.6		0.96293		
40.65		0.96298		
40.7		0.96303		
40.75		0.96307		
40.8		0.96312		
40.85		0.96317		
40.9		0.96321		
40.95		0.96326		
41		0.96331		
41.05		0.96335		
41.1		0.9634		
41.15		0.96345		
41.2		0.96349		
41.25		0.96354		
41.3		0.96358		
41.35		0.96363		
41.4		0.96367		
41.45		0.96372		
41.5		0.96376		
41.55		0.96381		
41.6		0.96385		
41.65		0.9639		
41.7		0.96394		
41.75		0.96398		
41.8		0.96403		
41.85		0.96407		
41.9		0.96412		
41.95		0.96416		
42		0.9642		
42.05		0.96425		
42.1		0.96429		
42.15		0.96433		
42.2		0.96437		
42.25		0.96442		
42.3		0.96446		
42.35		0.9645		
42.4		0.96454		
42.45		0.96459		
42.5		0.96463		
42.55		0.96467		
42.6		0.96471		
42.65		0.96475		
42.7		0.96479		
42.75		0.96484		
42.8		0.96488		
42.85		0.96492		
42.9		0.96496		
42.95		0.965		
43		0.96504		
43.05		0.96508		
43.1		0.96512		
43.15		0.96516		
43.2		0.9652		
43.25		0.96524		
43.3		0.96528		
43.35		0.96532		
43.4		0.96536		
43.45		0.9654		
43.5		0.96544		
43.55		0.96548		
43.6		0.96552		
43.65		0.96556		
43.7		0.9656		
43.75		0.96564		
43.8		0.96568		
43.85		0.96571		
43.9		0.96575		
43.95		0.96579		
44		0.96583		
44.05		0.96587		
44.1		0.96591		
44.15		0.96594		
44.2		0.96598		
44.25		0.96602		
44.3		0.96606		
44.35		0.9661		
44.4		0.96613		
44.45		0.96617		
44.5		0.96621		
44.55		0.96624		
44.6		0.96628		
44.65		0.96632		
44.7		0.96636		
44.75		0.96639		
44.8		0.96643		
44.85		0.96647		
44.9		0.9665		
44.95		0.96654		
45		0.96657		
45.05		0.96661		
45.1		0.96665		
45.15		0.96668		
45.2		0.96672		
45.25		0.96675		
45.3		0.96679		
45.35		0.96683		
45.4		0.96686		
45.45		0.9669		
45.5		0.96693		
45.55		0.96697		
45.6		0.967		
45.65		0.96704		
45.7		0.96707		
45.75		0.96711		
45.8		0.96714		
45.85		0.96718		
45.9		0.96721		
45.95		0.96725		
46		0.96728		
46.05		0.96732		
46.1		0.96735		
46.15		0.96738		
46.2		0.96742		
46.25		0.96745		
46.3		0.96749		
46.35		0.96752		
46.4		0.96755		
46.45		0.96759		
46.5		0.96762		
46.55		0.96766		
46.6		0.96769		
46.65		0.96772		
46.7		0.96776		
46.75		0.96779		
46.8		0.96782		
46.85		0.96786		
46.9		0.96789		
46.95		0.96792		
47		0.96795		
47.05		0.96799		
47.1		0.96802		
47.15		0.96805		
47.2		0.96808		
47.25		0.96812		
47.3		0.96815		
47.35		0.96818		
47.4		0.96821		
47.45		0.96825		
47.5		0.96828		
47.55		0.96831		
47.6		0.96834		
47.65		0.96837		
47.7		0.96841		
47.75		0.96844		
47.8		0.96847		
47.85		0.9685		
47.9		0.96853		
47.95		0.96856		
48		0.9686		
48.05		0.96863		
48.1		0.96866		
48.15		0.96869		
48.2		0.96872		
48.25		0.96875		
48.3		0.96878		
48.35		0.96881		
48.4		0.96885		
48.45		0.96888		
48.5		0.96891		
48.55		0.96894		
48.6		0.96897		
48.65		0.969		
48.7		0.96903		
48.75		0.96906		
48.8		0.96909		
48.85		0.96912		
48.9		0.96915		
48.95		0.96918		
49		0.96921		
49.05		0.96924		
49.1		0.96927		
49.15		0.9693		
49.2		0.96933		
49.25		0.96936		
49.3		0.96939		
49.35		0.96942		
49.4		0.96945		
49.45		0.96948		
49.5		0.96951		
49.55		0.96954		
49.6		0.96957		
49.65		0.9696		
49.7		0.96963		
49.75		0.96966		
49.8		0.96969		
49.85		0.96972		
49.9		0.96975		
49.95		0.96977		
50		0.9698		
