tau [fm]		PL/PT
0.25		1
0.26		0.936526		
0.27		0.879688		
0.28		0.828586		
0.29		0.782471		
0.3		0.74072		
0.31		0.702804		
0.32		0.668278		
0.33		0.636759		
0.34		0.607919		
0.35		0.581476		
0.36		0.557184		
0.37		0.53483		
0.38		0.514226		
0.39		0.495208		
0.4		0.477631		
0.41		0.461366		
0.42		0.4463		
0.43		0.43233		
0.44		0.419367		
0.45		0.407328		
0.46		0.396141		
0.47		0.385739		
0.48		0.376064		
0.49		0.367061		
0.5		0.358682		
0.51		0.350882		
0.52		0.343621		
0.53		0.336861		
0.54		0.33057		
0.55		0.324715		
0.56		0.31927		
0.57		0.314207		
0.58		0.309503		
0.59		0.305136		
0.6		0.301085		
0.61		0.297331		
0.62		0.293857		
0.63		0.290647		
0.64		0.287685		
0.65		0.284958		
0.66		0.282453		
0.67		0.280157		
0.68		0.27806		
0.69		0.27615		
0.7		0.274418		
0.71		0.272855		
0.72		0.271452		
0.73		0.2702		
0.74		0.269093		
0.75		0.268123		
0.76		0.267283		
0.77		0.266567		
0.78		0.26597		
0.79		0.265485		
0.8		0.265107		
0.81		0.264831		
0.82		0.264652		
0.83		0.264567		
0.84		0.26457		
0.85		0.264657		
0.86		0.264826		
0.87		0.265072		
0.88		0.265391		
0.89		0.265781		
0.9		0.266239		
0.91		0.266761		
0.92		0.267344		
0.93		0.267987		
0.94		0.268686		
0.95		0.269439		
0.96		0.270244		
0.97		0.271098		
0.98		0.271999		
0.99		0.272946		
1		0.273936		
1.01		0.274968		
1.02		0.27604		
1.03		0.27715		
1.04		0.278296		
1.05		0.279477		
1.06		0.280692		
1.07		0.281938		
1.08		0.283215		
1.09		0.284522		
1.1		0.285857		
1.11		0.287218		
1.12		0.288605		
1.13		0.290017		
1.14		0.291453		
1.15		0.29291		
1.16		0.29439		
1.17		0.29589		
1.18		0.297409		
1.19		0.298947		
1.2		0.300503		
1.21		0.302077		
1.22		0.303666		
1.23		0.305271		
1.24		0.306891		
1.25		0.308525		
1.26		0.310172		
1.27		0.311832		
1.28		0.313504		
1.29		0.315187		
1.3		0.316882		
1.31		0.318586		
1.32		0.320301		
1.33		0.322025		
1.34		0.323757		
1.35		0.325498		
1.36		0.327246		
1.37		0.329002		
1.38		0.330764		
1.39		0.332533		
1.4		0.334308		
1.41		0.336089		
1.42		0.337875		
1.43		0.339665		
1.44		0.34146		
1.45		0.343259		
1.46		0.345062		
1.47		0.346868		
1.48		0.348677		
1.49		0.35049		
1.5		0.352304		
1.51		0.354121		
1.52		0.35594		
1.53		0.35776		
1.54		0.359582		
1.55		0.361404		
1.56		0.363228		
1.57		0.365052		
1.58		0.366877		
1.59		0.368702		
1.6		0.370527		
1.61		0.372351		
1.62		0.374175		
1.63		0.375999		
1.64		0.377821		
1.65		0.379643		
1.66		0.381463		
1.67		0.383282		
1.68		0.3851		
1.69		0.386915		
1.7		0.388729		
1.71		0.390541		
1.72		0.39235		
1.73		0.394158		
1.74		0.395962		
1.75		0.397765		
1.76		0.399564		
1.77		0.401361		
1.78		0.403154		
1.79		0.404945		
1.8		0.406732		
1.81		0.408516		
1.82		0.410297		
1.83		0.412074		
1.84		0.413847		
1.85		0.415617		
1.86		0.417383		
1.87		0.419145		
1.88		0.420903		
1.89		0.422656		
1.9		0.424406		
1.91		0.426152		
1.92		0.427893		
1.93		0.42963		
1.94		0.431362		
1.95		0.43309		
1.96		0.434813		
1.97		0.436531		
1.98		0.438245		
1.99		0.439954		
2		0.441658		
2.01		0.443358		
2.02		0.445052		
2.03		0.446742		
2.04		0.448426		
2.05		0.450105		
2.06		0.451779		
2.07		0.453448		
2.08		0.455112		
2.09		0.456771		
2.1		0.458424		
2.11		0.460072		
2.12		0.461714		
2.13		0.463351		
2.14		0.464983		
2.15		0.466609		
2.16		0.46823		
2.17		0.469845		
2.18		0.471455		
2.19		0.473059		
2.2		0.474658		
2.21		0.476251		
2.22		0.477838		
2.23		0.47942		
2.24		0.480996		
2.25		0.482566		
2.26		0.484131		
2.27		0.48569		
2.28		0.487243		
2.29		0.48879		
2.3		0.490332		
2.31		0.491868		
2.32		0.493398		
2.33		0.494923		
2.34		0.496441		
2.35		0.497954		
2.36		0.499461		
2.37		0.500963		
2.38		0.502458		
2.39		0.503948		
2.4		0.505431		
2.41		0.506909		
2.42		0.508382		
2.43		0.509848		
2.44		0.511308		
2.45		0.512763		
2.46		0.514212		
2.47		0.515655		
2.48		0.517092		
2.49		0.518524		
2.5		0.519949		
2.51		0.521369		
2.52		0.522783		
2.53		0.524191		
2.54		0.525594		
2.55		0.52699		
2.56		0.528381		
2.57		0.529766		
2.58		0.531146		
2.59		0.532519		
2.6		0.533887		
2.61		0.535249		
2.62		0.536605		
2.63		0.537956		
2.64		0.539301		
2.65		0.54064		
2.66		0.541974		
2.67		0.543302		
2.68		0.544624		
2.69		0.54594		
2.7		0.547251		
2.71		0.548557		
2.72		0.549856		
2.73		0.55115		
2.74		0.552439		
2.75		0.553722		
2.76		0.554999		
2.77		0.556271		
2.78		0.557537		
2.79		0.558798		
2.8		0.560053		
2.81		0.561303		
2.82		0.562547		
2.83		0.563786		
2.84		0.56502		
2.85		0.566248		
2.86		0.56747		
2.87		0.568688		
2.88		0.5699		
2.89		0.571106		
2.9		0.572307		
2.91		0.573503		
2.92		0.574694		
2.93		0.575879		
2.94		0.577059		
2.95		0.578234		
2.96		0.579403		
2.97		0.580568		
2.98		0.581727		
2.99		0.582881		
3		0.58403		
3.01		0.585174		
3.02		0.586312		
3.03		0.587446		
3.04		0.588574		
3.05		0.589698		
3.06		0.590816		
3.07		0.591929		
3.08		0.593038		
3.09		0.594141		
3.1		0.595239		
3.11		0.596333		
3.12		0.597421		
3.13		0.598505		
3.14		0.599584		
3.15		0.600658		
3.16		0.601727		
3.17		0.602791		
3.18		0.603851		
3.19		0.604905		
3.2		0.605955		
3.21		0.607		
3.22		0.608041		
3.23		0.609077		
3.24		0.610108		
3.25		0.611134		
3.26		0.612156		
3.27		0.613173		
3.28		0.614186		
3.29		0.615194		
3.3		0.616197		
3.31		0.617196		
3.32		0.618191		
3.33		0.619181		
3.34		0.620166		
3.35		0.621147		
3.36		0.622124		
3.37		0.623096		
3.38		0.624064		
3.39		0.625027		
3.4		0.625986		
3.41		0.626941		
3.42		0.627891		
3.43		0.628837		
3.44		0.629779		
3.45		0.630717		
3.46		0.63165		
3.47		0.632579		
3.48		0.633504		
3.49		0.634425		
3.5		0.635342		
3.51		0.636254		
3.52		0.637162		
3.53		0.638067		
3.54		0.638967		
3.55		0.639863		
3.56		0.640755		
3.57		0.641643		
3.58		0.642528		
3.59		0.643408		
3.6		0.644284		
3.61		0.645156		
3.62		0.646025		
3.63		0.646889		
3.64		0.64775		
3.65		0.648607		
3.66		0.649459		
3.67		0.650309		
3.68		0.651154		
3.69		0.651995		
3.7		0.652833		
3.71		0.653667		
3.72		0.654497		
3.73		0.655324		
3.74		0.656147		
3.75		0.656966		
3.76		0.657782		
3.77		0.658594		
3.78		0.659402		
3.79		0.660207		
3.8		0.661008		
3.81		0.661806		
3.82		0.6626		
3.83		0.66339		
3.84		0.664177		
3.85		0.664961		
3.86		0.665741		
3.87		0.666518		
3.88		0.667291		
3.89		0.668061		
3.9		0.668828		
3.91		0.669591		
3.92		0.67035		
3.93		0.671107		
3.94		0.67186		
3.95		0.67261		
3.96		0.673356		
3.97		0.674099		
3.98		0.674839		
3.99		0.675576		
4		0.676309		
4.01		0.67704		
4.02		0.677767		
4.03		0.678491		
4.04		0.679212		
4.05		0.679929		
4.06		0.680644		
4.07		0.681355		
4.08		0.682064		
4.09		0.682769		
4.1		0.683471		
4.11		0.68417		
4.12		0.684866		
4.13		0.68556		
4.14		0.68625		
4.15		0.686937		
4.16		0.687621		
4.17		0.688303		
4.18		0.688981		
4.19		0.689656		
4.2		0.690329		
4.21		0.690999		
4.22		0.691665		
4.23		0.692329		
4.24		0.692991		
4.25		0.693649		
4.26		0.694304		
4.27		0.694957		
4.28		0.695607		
4.29		0.696254		
4.3		0.696899		
4.31		0.697541		
4.32		0.69818		
4.33		0.698816		
4.34		0.69945		
4.35		0.70008		
4.36		0.700709		
4.37		0.701334		
4.38		0.701957		
4.39		0.702578		
4.4		0.703196		
4.41		0.703811		
4.42		0.704424		
4.43		0.705034		
4.44		0.705641		
4.45		0.706246		
4.46		0.706849		
4.47		0.707449		
4.48		0.708046		
4.49		0.708641		
4.5		0.709234		
4.51		0.709824		
4.52		0.710412		
4.53		0.710997		
4.54		0.71158		
4.55		0.71216		
4.56		0.712738		
4.57		0.713314		
4.58		0.713887		
4.59		0.714458		
4.6		0.715027		
4.61		0.715593		
4.62		0.716157		
4.63		0.716719		
4.64		0.717278		
4.65		0.717835		
4.66		0.71839		
4.67		0.718943		
4.68		0.719493		
4.69		0.720042		
4.7		0.720587		
4.71		0.721131		
4.72		0.721673		
4.73		0.722212		
4.74		0.722749		
4.75		0.723284		
4.76		0.723817		
4.77		0.724348		
4.78		0.724877		
4.79		0.725403		
4.8		0.725928		
4.81		0.72645		
4.82		0.72697		
4.83		0.727489		
4.84		0.728005		
4.85		0.728519		
4.86		0.729031		
4.87		0.729541		
4.88		0.730049		
4.89		0.730555		
4.9		0.731059		
4.91		0.731562		
4.92		0.732062		
4.93		0.73256		
4.94		0.733056		
4.95		0.73355		
4.96		0.734043		
4.97		0.734533		
4.98		0.735022		
4.99		0.735508		
5		0.735993		
5.01		0.736476		
5.02		0.736957		
5.03		0.737436		
5.04		0.737913		
5.05		0.738389		
5.06		0.738862		
5.07		0.739334		
5.08		0.739804		
5.09		0.740273		
5.1		0.740739		
5.11		0.741204		
5.12		0.741666		
5.13		0.742128		
5.14		0.742587		
5.15		0.743045		
5.16		0.7435		
5.17		0.743955		
5.18		0.744407		
5.19		0.744858		
5.2		0.745307		
5.21		0.745754		
5.22		0.7462		
5.23		0.746644		
5.24		0.747086		
5.25		0.747527		
5.26		0.747966		
5.27		0.748403		
5.28		0.748839		
5.29		0.749273		
5.3		0.749705		
5.31		0.750136		
5.32		0.750566		
5.33		0.750993		
5.34		0.75142		
5.35		0.751844		
5.36		0.752267		
5.37		0.752689		
5.38		0.753108		
5.39		0.753527		
5.4		0.753944		
5.41		0.754359		
5.42		0.754773		
5.43		0.755185		
5.44		0.755596		
5.45		0.756005		
5.46		0.756413		
5.47		0.756819		
5.48		0.757224		
5.49		0.757628		
5.5		0.758029		
5.51		0.75843		
5.52		0.758829		
5.53		0.759227		
5.54		0.759623		
5.55		0.760018		
5.56		0.760411		
5.57		0.760803		
5.58		0.761193		
5.59		0.761583		
5.6		0.76197		
5.61		0.762357		
5.62		0.762742		
5.63		0.763126		
5.64		0.763508		
5.65		0.763889		
5.66		0.764268		
5.67		0.764647		
5.68		0.765024		
5.69		0.765399		
5.7		0.765774		
5.71		0.766147		
5.72		0.766518		
5.73		0.766889		
5.74		0.767258		
5.75		0.767626		
5.76		0.767992		
5.77		0.768358		
5.78		0.768722		
5.79		0.769084		
5.8		0.769446		
5.81		0.769806		
5.82		0.770165		
5.83		0.770523		
5.84		0.77088		
5.85		0.771235		
5.86		0.771589		
5.87		0.771942		
5.88		0.772294		
5.89		0.772644		
5.9		0.772993		
5.91		0.773342		
5.92		0.773689		
5.93		0.774034		
5.94		0.774379		
5.95		0.774722		
5.96		0.775065		
5.97		0.775406		
5.98		0.775746		
5.99		0.776085		
6		0.776422		
6.01		0.776759		
6.02		0.777094		
6.03		0.777429		
6.04		0.777762		
6.05		0.778094		
6.06		0.778425		
6.07		0.778755		
6.08		0.779084		
6.09		0.779412		
6.1		0.779738		
6.11		0.780064		
6.12		0.780388		
6.13		0.780712		
6.14		0.781034		
6.15		0.781356		
6.16		0.781676		
6.17		0.781995		
6.18		0.782313		
6.19		0.78263		
6.2		0.782946		
6.21		0.783262		
6.22		0.783576		
6.23		0.783889		
6.24		0.784201		
6.25		0.784512		
6.26		0.784822		
6.27		0.785131		
6.28		0.785439		
6.29		0.785746		
6.3		0.786052		
6.31		0.786357		
6.32		0.786661		
6.33		0.786964		
6.34		0.787266		
6.35		0.787567		
6.36		0.787868		
6.37		0.788167		
6.38		0.788465		
6.39		0.788763		
6.4		0.789059		
6.41		0.789355		
6.42		0.789649		
6.43		0.789943		
6.44		0.790236		
6.45		0.790528		
6.46		0.790818		
6.47		0.791108		
6.48		0.791398		
6.49		0.791686		
6.5		0.791973		
6.51		0.792259		
6.52		0.792545		
6.53		0.79283		
6.54		0.793113		
6.55		0.793396		
6.56		0.793678		
6.57		0.793959		
6.58		0.794239		
6.59		0.794519		
6.6		0.794797		
6.61		0.795075		
6.62		0.795352		
6.63		0.795628		
6.64		0.795903		
6.65		0.796177		
6.66		0.796451		
6.67		0.796723		
6.68		0.796995		
6.69		0.797266		
6.7		0.797536		
6.71		0.797806		
6.72		0.798074		
6.73		0.798342		
6.74		0.798609		
6.75		0.798875		
6.76		0.79914		
6.77		0.799405		
6.78		0.799669		
6.79		0.799932		
6.8		0.800194		
6.81		0.800455		
6.82		0.800716		
6.83		0.800976		
6.84		0.801235		
6.85		0.801493		
6.86		0.80175		
6.87		0.802007		
6.88		0.802263		
6.89		0.802518		
6.9		0.802773		
6.91		0.803027		
6.92		0.80328		
6.93		0.803532		
6.94		0.803783		
6.95		0.804034		
6.96		0.804284		
6.97		0.804534		
6.98		0.804782		
6.99		0.80503		
7		0.805277		
7.01		0.805524		
7.02		0.805769		
7.03		0.806014		
7.04		0.806259		
7.05		0.806502		
7.06		0.806745		
7.07		0.806988		
7.08		0.807229		
7.09		0.80747		
7.1		0.80771		
7.11		0.807949		
7.12		0.808188		
7.13		0.808426		
7.14		0.808664		
7.15		0.8089		
7.16		0.809137		
7.17		0.809372		
7.18		0.809607		
7.19		0.809841		
7.2		0.810074		
7.21		0.810307		
7.22		0.810539		
7.23		0.81077		
7.24		0.811001		
7.25		0.811231		
7.26		0.811461		
7.27		0.81169		
7.28		0.811918		
7.29		0.812145		
7.3		0.812372		
7.31		0.812599		
7.32		0.812824		
7.33		0.813049		
7.34		0.813274		
7.35		0.813498		
7.36		0.813721		
7.37		0.813944		
7.38		0.814165		
7.39		0.814387		
7.4		0.814608		
7.41		0.814828		
7.42		0.815047		
7.43		0.815266		
7.44		0.815485		
7.45		0.815702		
7.46		0.815919		
7.47		0.816136		
7.48		0.816352		
7.49		0.816567		
7.5		0.816782		
7.51		0.816996		
7.52		0.81721		
7.53		0.817423		
7.54		0.817636		
7.55		0.817848		
7.56		0.818059		
7.57		0.81827		
7.58		0.81848		
7.59		0.81869		
7.6		0.818899		
7.61		0.819107		
7.62		0.819315		
7.63		0.819523		
7.64		0.81973		
7.65		0.819936		
7.66		0.820142		
7.67		0.820347		
7.68		0.820552		
7.69		0.820756		
7.7		0.820959		
7.71		0.821162		
7.72		0.821365		
7.73		0.821567		
7.74		0.821768		
7.75		0.821969		
7.76		0.82217		
7.77		0.82237		
7.78		0.822569		
7.79		0.822768		
7.8		0.822966		
7.81		0.823164		
7.82		0.823361		
7.83		0.823558		
7.84		0.823754		
7.85		0.82395		
7.86		0.824145		
7.87		0.82434		
7.88		0.824534		
7.89		0.824728		
7.9		0.824921		
7.91		0.825114		
7.92		0.825307		
7.93		0.825498		
7.94		0.82569		
7.95		0.82588		
7.96		0.826071		
7.97		0.826261		
7.98		0.82645		
7.99		0.826639		
8		0.826827		
8.01		0.827015		
8.02		0.827202		
8.03		0.827389		
8.04		0.827576		
8.05		0.827762		
8.06		0.827947		
8.07		0.828132		
8.08		0.828317		
8.09		0.828501		
8.1		0.828685		
8.11		0.828868		
8.12		0.829051		
8.13		0.829233		
8.14		0.829415		
8.15		0.829596		
8.16		0.829777		
8.17		0.829958		
8.18		0.830138		
8.19		0.830318		
8.2		0.830497		
8.21		0.830675		
8.22		0.830854		
8.23		0.831032		
8.24		0.831209		
8.25		0.831386		
8.26		0.831562		
8.27		0.831739		
8.28		0.831914		
8.29		0.832089		
8.3		0.832264		
8.31		0.832439		
8.32		0.832613		
8.33		0.832786		
8.34		0.832959		
8.35		0.833132		
8.36		0.833304		
8.37		0.833476		
8.38		0.833647		
8.39		0.833818		
8.4		0.833989		
8.41		0.834159		
8.42		0.834329		
8.43		0.834498		
8.44		0.834667		
8.45		0.834836		
8.46		0.835004		
8.47		0.835172		
8.48		0.835339		
8.49		0.835506		
8.5		0.835673		
8.51		0.835839		
8.52		0.836005		
8.53		0.83617		
8.54		0.836335		
8.55		0.836499		
8.56		0.836664		
8.57		0.836827		
8.58		0.836991		
8.59		0.837154		
8.6		0.837317		
8.61		0.837479		
8.62		0.837641		
8.63		0.837802		
8.64		0.837963		
8.65		0.838124		
8.66		0.838284		
8.67		0.838444		
8.68		0.838604		
8.69		0.838763		
8.7		0.838922		
8.71		0.839081		
8.72		0.839239		
8.73		0.839396		
8.74		0.839554		
8.75		0.839711		
8.76		0.839868		
8.77		0.840024		
8.78		0.84018		
8.79		0.840335		
8.8		0.840491		
8.81		0.840646		
8.82		0.8408		
8.83		0.840954		
8.84		0.841108		
8.85		0.841261		
8.86		0.841415		
8.87		0.841567		
8.88		0.84172		
8.89		0.841872		
8.9		0.842024		
8.91		0.842175		
8.92		0.842326		
8.93		0.842477		
8.94		0.842627		
8.95		0.842777		
8.96		0.842927		
8.97		0.843076		
8.98		0.843225		
8.99		0.843374		
9		0.843522		
9.01		0.84367		
9.02		0.843818		
9.03		0.843965		
9.04		0.844112		
9.05		0.844259		
9.06		0.844405		
9.07		0.844551		
9.08		0.844697		
9.09		0.844842		
9.1		0.844987		
9.11		0.845132		
9.12		0.845276		
9.13		0.84542		
9.14		0.845564		
9.15		0.845707		
9.16		0.84585		
9.17		0.845993		
9.18		0.846136		
9.19		0.846278		
9.2		0.84642		
9.21		0.846561		
9.22		0.846703		
9.23		0.846843		
9.24		0.846984		
9.25		0.847124		
9.26		0.847264		
9.27		0.847404		
9.28		0.847544		
9.29		0.847683		
9.3		0.847821		
9.31		0.84796		
9.32		0.848098		
9.33		0.848236		
9.34		0.848374		
9.35		0.848511		
9.36		0.848648		
9.37		0.848785		
9.38		0.848921		
9.39		0.849057		
9.4		0.849193		
9.41		0.849328		
9.42		0.849464		
9.43		0.849599		
9.44		0.849733		
9.45		0.849868		
9.46		0.850002		
9.47		0.850136		
9.48		0.850269		
9.49		0.850402		
9.5		0.850535		
9.51		0.850668		
9.52		0.8508		
9.53		0.850932		
9.54		0.851064		
9.55		0.851196		
9.56		0.851327		
9.57		0.851458		
9.58		0.851589		
9.59		0.851719		
9.6		0.851849		
9.61		0.851979		
9.62		0.852109		
9.63		0.852238		
9.64		0.852367		
9.65		0.852496		
9.66		0.852625		
9.67		0.852753		
9.68		0.852881		
9.69		0.853009		
9.7		0.853136		
9.71		0.853263		
9.72		0.85339		
9.73		0.853517		
9.74		0.853643		
9.75		0.853769		
9.76		0.853895		
9.77		0.854021		
9.78		0.854146		
9.79		0.854271		
9.8		0.854396		
9.81		0.854521		
9.82		0.854645		
9.83		0.854769		
9.84		0.854893		
9.85		0.855017		
9.86		0.85514		
9.87		0.855263		
9.88		0.855386		
9.89		0.855509		
9.9		0.855631		
9.91		0.855753		
9.92		0.855875		
9.93		0.855996		
9.94		0.856118		
9.95		0.856239		
9.96		0.85636		
9.97		0.85648		
9.98		0.856601		
9.99		0.856721		
10		0.856841		
10.01		0.85696		
10.02		0.85708		
10.03		0.857199		
10.04		0.857318		
10.05		0.857436		
10.06		0.857555		
10.07		0.857673		
10.08		0.857791		
10.09		0.857909		
10.1		0.858026		
10.11		0.858143		
10.12		0.85826		
10.13		0.858377		
10.14		0.858494		
10.15		0.85861		
10.16		0.858726		
10.17		0.858842		
10.18		0.858958		
10.19		0.859073		
10.2		0.859188		
10.21		0.859303		
10.22		0.859418		
10.23		0.859532		
10.24		0.859647		
10.25		0.859761		
10.26		0.859875		
10.27		0.859988		
10.28		0.860102		
10.29		0.860215		
10.3		0.860328		
10.31		0.86044		
10.32		0.860553		
10.33		0.860665		
10.34		0.860777		
10.35		0.860889		
10.36		0.861001		
10.37		0.861112		
10.38		0.861223		
10.39		0.861334		
10.4		0.861445		
10.41		0.861556		
10.42		0.861666		
10.43		0.861776		
10.44		0.861886		
10.45		0.861996		
10.46		0.862105		
10.47		0.862214		
10.48		0.862324		
10.49		0.862432		
10.5		0.862541		
10.51		0.862649		
10.52		0.862758		
10.53		0.862866		
10.54		0.862974		
10.55		0.863081		
10.56		0.863189		
10.57		0.863296		
10.58		0.863403		
10.59		0.86351		
10.6		0.863616		
10.61		0.863723		
10.62		0.863829		
10.63		0.863935		
10.64		0.864041		
10.65		0.864146		
10.66		0.864252		
10.67		0.864357		
10.68		0.864462		
10.69		0.864567		
10.7		0.864671		
10.71		0.864776		
10.72		0.86488		
10.73		0.864984		
10.74		0.865088		
10.75		0.865191		
10.76		0.865295		
10.77		0.865398		
10.78		0.865501		
10.79		0.865604		
10.8		0.865707		
10.81		0.865809		
10.82		0.865912		
10.83		0.866014		
10.84		0.866116		
10.85		0.866217		
10.86		0.866319		
10.87		0.86642		
10.88		0.866521		
10.89		0.866622		
10.9		0.866723		
10.91		0.866824		
10.92		0.866924		
10.93		0.867024		
10.94		0.867124		
10.95		0.867224		
10.96		0.867324		
10.97		0.867424		
10.98		0.867523		
10.99		0.867622		
11		0.867721		
11.01		0.86782		
11.02		0.867918		
11.03		0.868017		
11.04		0.868115		
11.05		0.868213		
11.06		0.868311		
11.07		0.868409		
11.08		0.868506		
11.09		0.868604		
11.1		0.868701		
11.11		0.868798		
11.12		0.868895		
11.13		0.868991		
11.14		0.869088		
11.15		0.869184		
11.16		0.86928		
11.17		0.869376		
11.18		0.869472		
11.19		0.869568		
11.2		0.869663		
11.21		0.869758		
11.22		0.869853		
11.23		0.869948		
11.24		0.870043		
11.25		0.870138		
11.26		0.870232		
11.27		0.870326		
11.28		0.870421		
11.29		0.870515		
11.3		0.870608		
11.31		0.870702		
11.32		0.870795		
11.33		0.870889		
11.34		0.870982		
11.35		0.871075		
11.36		0.871167		
11.37		0.87126		
11.38		0.871352		
11.39		0.871445		
11.4		0.871537		
11.41		0.871629		
11.42		0.871721		
11.43		0.871812		
11.44		0.871904		
11.45		0.871995		
11.46		0.872086		
11.47		0.872177		
11.48		0.872268		
11.49		0.872359		
11.5		0.872449		
11.51		0.87254		
11.52		0.87263		
11.53		0.87272		
11.54		0.87281		
11.55		0.8729		
11.56		0.872989		
11.57		0.873079		
11.58		0.873168		
11.59		0.873257		
11.6		0.873346		
11.61		0.873435		
11.62		0.873524		
11.63		0.873612		
11.64		0.8737		
11.65		0.873789		
11.66		0.873877		
11.67		0.873965		
11.68		0.874052		
11.69		0.87414		
11.7		0.874227		
11.71		0.874315		
11.72		0.874402		
11.73		0.874489		
11.74		0.874576		
11.75		0.874662		
11.76		0.874749		
11.77		0.874835		
11.78		0.874922		
11.79		0.875008		
11.8		0.875094		
11.81		0.87518		
11.82		0.875265		
11.83		0.875351		
11.84		0.875436		
11.85		0.875522		
11.86		0.875607		
11.87		0.875692		
11.88		0.875776		
11.89		0.875861		
11.9		0.875946		
11.91		0.87603		
11.92		0.876114		
11.93		0.876198		
11.94		0.876282		
11.95		0.876366		
11.96		0.87645		
11.97		0.876533		
11.98		0.876617		
11.99		0.8767		
12		0.876783		
12.01		0.876866		
12.02		0.876949		
12.03		0.877032		
12.04		0.877114		
12.05		0.877197		
12.06		0.877279		
12.07		0.877361		
12.08		0.877443		
12.09		0.877525		
12.1		0.877607		
12.11		0.877689		
12.12		0.87777		
12.13		0.877852		
12.14		0.877933		
12.15		0.878014		
12.16		0.878095		
12.17		0.878176		
12.18		0.878256		
12.19		0.878337		
12.2		0.878417		
12.21		0.878498		
12.22		0.878578		
12.23		0.878658		
12.24		0.878738		
12.25		0.878817		
12.26		0.878897		
12.27		0.878977		
12.28		0.879056		
12.29		0.879135		
12.3		0.879214		
12.31		0.879293		
12.32		0.879372		
12.33		0.879451		
12.34		0.87953		
12.35		0.879608		
12.36		0.879686		
12.37		0.879765		
12.38		0.879843		
12.39		0.879921		
12.4		0.879999		
12.41		0.880076		
12.42		0.880154		
12.43		0.880231		
12.44		0.880309		
12.45		0.880386		
12.46		0.880463		
12.47		0.88054		
12.48		0.880617		
12.49		0.880694		
12.5		0.88077		
12.51		0.880847		
12.52		0.880923		
12.53		0.880999		
12.54		0.881075		
12.55		0.881151		
12.56		0.881227		
12.57		0.881303		
12.58		0.881379		
12.59		0.881454		
12.6		0.88153		
12.61		0.881605		
12.62		0.88168		
12.63		0.881755		
12.64		0.88183		
12.65		0.881905		
12.66		0.881979		
12.67		0.882054		
12.68		0.882128		
12.69		0.882203		
12.7		0.882277		
12.71		0.882351		
12.72		0.882425		
12.73		0.882499		
12.74		0.882573		
12.75		0.882646		
12.76		0.88272		
12.77		0.882793		
12.78		0.882866		
12.79		0.88294		
12.8		0.883013		
12.81		0.883085		
12.82		0.883158		
12.83		0.883231		
12.84		0.883304		
12.85		0.883376		
12.86		0.883448		
12.87		0.883521		
12.88		0.883593		
12.89		0.883665		
12.9		0.883737		
12.91		0.883809		
12.92		0.88388		
12.93		0.883952		
12.94		0.884023		
12.95		0.884095		
12.96		0.884166		
12.97		0.884237		
12.98		0.884308		
12.99		0.884379		
13		0.88445		
13.01		0.88452		
13.02		0.884591		
13.03		0.884661		
13.04		0.884732		
13.05		0.884802		
13.06		0.884872		
13.07		0.884942		
13.08		0.885012		
13.09		0.885082		
13.1		0.885152		
13.11		0.885221		
13.12		0.885291		
13.13		0.88536		
13.14		0.885429		
13.15		0.885499		
13.16		0.885568		
13.17		0.885637		
13.18		0.885706		
13.19		0.885774		
13.2		0.885843		
13.21		0.885912		
13.22		0.88598		
13.23		0.886048		
13.24		0.886117		
13.25		0.886185		
13.26		0.886253		
13.27		0.886321		
13.28		0.886388		
13.29		0.886456		
13.3		0.886524		
13.31		0.886591		
13.32		0.886659		
13.33		0.886726		
13.34		0.886793		
13.35		0.88686		
13.36		0.886927		
13.37		0.886994		
13.38		0.887061		
13.39		0.887128		
13.4		0.887194		
13.41		0.887261		
13.42		0.887327		
13.43		0.887393		
13.44		0.88746		
13.45		0.887526		
13.46		0.887592		
13.47		0.887658		
13.48		0.887723		
13.49		0.887789		
13.5		0.887855		
13.51		0.88792		
13.52		0.887986		
13.53		0.888051		
13.54		0.888116		
13.55		0.888181		
13.56		0.888246		
13.57		0.888311		
13.58		0.888376		
13.59		0.888441		
13.6		0.888505		
13.61		0.88857		
13.62		0.888634		
13.63		0.888699		
13.64		0.888763		
13.65		0.888827		
13.66		0.888891		
13.67		0.888955		
13.68		0.889019		
13.69		0.889082		
13.7		0.889146		
13.71		0.88921		
13.72		0.889273		
13.73		0.889337		
13.74		0.8894		
13.75		0.889463		
13.76		0.889526		
13.77		0.889589		
13.78		0.889652		
13.79		0.889715		
13.8		0.889778		
13.81		0.88984		
13.82		0.889903		
13.83		0.889965		
13.84		0.890028		
13.85		0.89009		
13.86		0.890152		
13.87		0.890214		
13.88		0.890276		
13.89		0.890338		
13.9		0.8904		
13.91		0.890461		
13.92		0.890523		
13.93		0.890585		
13.94		0.890646		
13.95		0.890707		
13.96		0.890769		
13.97		0.89083		
13.98		0.890891		
13.99		0.890952		
14		0.891013		
14.01		0.891074		
14.02		0.891134		
14.03		0.891195		
14.04		0.891255		
14.05		0.891316		
14.06		0.891376		
14.07		0.891437		
14.08		0.891497		
14.09		0.891557		
14.1		0.891617		
14.11		0.891677		
14.12		0.891737		
14.13		0.891796		
14.14		0.891856		
14.15		0.891916		
14.16		0.891975		
14.17		0.892034		
14.18		0.892094		
14.19		0.892153		
14.2		0.892212		
14.21		0.892271		
14.22		0.89233		
14.23		0.892389		
14.24		0.892448		
14.25		0.892507		
14.26		0.892565		
14.27		0.892624		
14.28		0.892682		
14.29		0.892741		
14.3		0.892799		
14.31		0.892857		
14.32		0.892915		
14.33		0.892973		
14.34		0.893031		
14.35		0.893089		
14.36		0.893147		
14.37		0.893204		
14.38		0.893262		
14.39		0.89332		
14.4		0.893377		
14.41		0.893434		
14.42		0.893492		
14.43		0.893549		
14.44		0.893606		
14.45		0.893663		
14.46		0.89372		
14.47		0.893777		
14.48		0.893834		
14.49		0.89389		
14.5		0.893947		
14.51		0.894003		
14.52		0.89406		
14.53		0.894116		
14.54		0.894173		
14.55		0.894229		
14.56		0.894285		
14.57		0.894341		
14.58		0.894397		
14.59		0.894453		
14.6		0.894509		
14.61		0.894564		
14.62		0.89462		
14.63		0.894676		
14.64		0.894731		
14.65		0.894786		
14.66		0.894842		
14.67		0.894897		
14.68		0.894952		
14.69		0.895007		
14.7		0.895062		
14.71		0.895117		
14.72		0.895172		
14.73		0.895227		
14.74		0.895282		
14.75		0.895336		
14.76		0.895391		
14.77		0.895445		
14.78		0.8955		
14.79		0.895554		
14.8		0.895608		
14.81		0.895662		
14.82		0.895716		
14.83		0.89577		
14.84		0.895824		
14.85		0.895878		
14.86		0.895932		
14.87		0.895985		
14.88		0.896039		
14.89		0.896093		
14.9		0.896146		
14.91		0.896199		
14.92		0.896253		
14.93		0.896306		
14.94		0.896359		
14.95		0.896412		
14.96		0.896465		
14.97		0.896518		
14.98		0.896571		
14.99		0.896624		
15		0.896676		
15.01		0.896729		
15.02		0.896781		
15.03		0.896834		
15.04		0.896886		
15.05		0.896939		
15.06		0.896991		
15.07		0.897043		
15.08		0.897095		
15.09		0.897147		
15.1		0.897199		
15.11		0.897251		
15.12		0.897303		
15.13		0.897354		
15.14		0.897406		
15.15		0.897458		
15.16		0.897509		
15.17		0.897561		
15.18		0.897612		
15.19		0.897663		
15.2		0.897714		
15.21		0.897766		
15.22		0.897817		
15.23		0.897868		
15.24		0.897918		
15.25		0.897969		
15.26		0.89802		
15.27		0.898071		
15.28		0.898121		
15.29		0.898172		
15.3		0.898222		
15.31		0.898273		
15.32		0.898323		
15.33		0.898373		
15.34		0.898424		
15.35		0.898474		
15.36		0.898524		
15.37		0.898574		
15.38		0.898624		
15.39		0.898673		
15.4		0.898723		
15.41		0.898773		
15.42		0.898823		
15.43		0.898872		
15.44		0.898922		
15.45		0.898971		
15.46		0.89902		
15.47		0.89907		
15.48		0.899119		
15.49		0.899168		
15.5		0.899217		
15.51		0.899266		
15.52		0.899315		
15.53		0.899364		
15.54		0.899412		
15.55		0.899461		
15.56		0.89951		
15.57		0.899558		
15.58		0.899607		
15.59		0.899655		
15.6		0.899704		
15.61		0.899752		
15.62		0.8998		
15.63		0.899848		
15.64		0.899896		
15.65		0.899944		
15.66		0.899992		
15.67		0.90004		
15.68		0.900088		
15.69		0.900136		
15.7		0.900183		
15.71		0.900231		
15.72		0.900278		
15.73		0.900326		
15.74		0.900373		
15.75		0.900421		
15.76		0.900468		
15.77		0.900515		
15.78		0.900562		
15.79		0.900609		
15.8		0.900656		
15.81		0.900703		
15.82		0.90075		
15.83		0.900797		
15.84		0.900843		
15.85		0.90089		
15.86		0.900937		
15.87		0.900983		
15.88		0.90103		
15.89		0.901076		
15.9		0.901122		
15.91		0.901169		
15.92		0.901215		
15.93		0.901261		
15.94		0.901307		
15.95		0.901353		
15.96		0.901399		
15.97		0.901445		
15.98		0.90149		
15.99		0.901536		
16		0.901582		
16.01		0.901627		
16.02		0.901673		
16.03		0.901718		
16.04		0.901764		
16.05		0.901809		
16.06		0.901854		
16.07		0.901899		
16.08		0.901945		
16.09		0.90199		
16.1		0.902035		
16.11		0.90208		
16.12		0.902124		
16.13		0.902169		
16.14		0.902214		
16.15		0.902259		
16.16		0.902303		
16.17		0.902348		
16.18		0.902392		
16.19		0.902437		
16.2		0.902481		
16.21		0.902525		
16.22		0.902569		
16.23		0.902614		
16.24		0.902658		
16.25		0.902702		
16.26		0.902746		
16.27		0.90279		
16.28		0.902833		
16.29		0.902877		
16.3		0.902921		
16.31		0.902965		
16.32		0.903008		
16.33		0.903052		
16.34		0.903095		
16.35		0.903138		
16.36		0.903182		
16.37		0.903225		
16.38		0.903268		
16.39		0.903311		
16.4		0.903354		
16.41		0.903397		
16.42		0.90344		
16.43		0.903483		
16.44		0.903526		
16.45		0.903569		
16.46		0.903612		
16.47		0.903654		
16.48		0.903697		
16.49		0.903739		
16.5		0.903782		
16.51		0.903824		
16.52		0.903866		
16.53		0.903909		
16.54		0.903951		
16.55		0.903993		
16.56		0.904035		
16.57		0.904077		
16.58		0.904119		
16.59		0.904161		
16.6		0.904203		
16.61		0.904244		
16.62		0.904286		
16.63		0.904328		
16.64		0.904369		
16.65		0.904411		
16.66		0.904452		
16.67		0.904494		
16.68		0.904535		
16.69		0.904576		
16.7		0.904618		
16.71		0.904659		
16.72		0.9047		
16.73		0.904741		
16.74		0.904782		
16.75		0.904823		
16.76		0.904864		
16.77		0.904904		
16.78		0.904945		
16.79		0.904986		
16.8		0.905026		
16.81		0.905067		
16.82		0.905107		
16.83		0.905148		
16.84		0.905188		
16.85		0.905228		
16.86		0.905269		
16.87		0.905309		
16.88		0.905349		
16.89		0.905389		
16.9		0.905429		
16.91		0.905469		
16.92		0.905509		
16.93		0.905549		
16.94		0.905588		
16.95		0.905628		
16.96		0.905668		
16.97		0.905707		
16.98		0.905747		
16.99		0.905786		
17		0.905826		
17.01		0.905865		
17.02		0.905904		
17.03		0.905943		
17.04		0.905983		
17.05		0.906022		
17.06		0.906061		
17.07		0.9061		
17.08		0.906139		
17.09		0.906177		
17.1		0.906216		
17.11		0.906255		
17.12		0.906294		
17.13		0.906332		
17.14		0.906371		
17.15		0.906409		
17.16		0.906448		
17.17		0.906486		
17.18		0.906525		
17.19		0.906563		
17.2		0.906601		
17.21		0.906639		
17.22		0.906677		
17.23		0.906715		
17.24		0.906753		
17.25		0.906791		
17.26		0.906829		
17.27		0.906867		
17.28		0.906905		
17.29		0.906942		
17.3		0.90698		
17.31		0.907018		
17.32		0.907055		
17.33		0.907093		
17.34		0.90713		
17.35		0.907167		
17.36		0.907205		
17.37		0.907242		
17.38		0.907279		
17.39		0.907316		
17.4		0.907353		
17.41		0.90739		
17.42		0.907427		
17.43		0.907464		
17.44		0.907501		
17.45		0.907538		
17.46		0.907574		
17.47		0.907611		
17.48		0.907648		
17.49		0.907684		
17.5		0.907721		
17.51		0.907757		
17.52		0.907793		
17.53		0.90783		
17.54		0.907866		
17.55		0.907902		
17.56		0.907938		
17.57		0.907974		
17.58		0.90801		
17.59		0.908046		
17.6		0.908082		
17.61		0.908118		
17.62		0.908154		
17.63		0.90819		
17.64		0.908225		
17.65		0.908261		
17.66		0.908296		
17.67		0.908332		
17.68		0.908367		
17.69		0.908403		
17.7		0.908438		
17.71		0.908473		
17.72		0.908509		
17.73		0.908544		
17.74		0.908579		
17.75		0.908614		
17.76		0.908649		
17.77		0.908684		
17.78		0.908719		
17.79		0.908754		
17.8		0.908788		
17.81		0.908823		
17.82		0.908858		
17.83		0.908892		
17.84		0.908927		
17.85		0.908962		
17.86		0.908996		
17.87		0.90903		
17.88		0.909065		
17.89		0.909099		
17.9		0.909133		
17.91		0.909167		
17.92		0.909201		
17.93		0.909236		
17.94		0.90927		
17.95		0.909303		
17.96		0.909337		
17.97		0.909371		
17.98		0.909405		
17.99		0.909439		
18		0.909472		
18.01		0.909506		
18.02		0.909539		
18.03		0.909573		
18.04		0.909606		
18.05		0.90964		
18.06		0.909673		
18.07		0.909706		
18.08		0.90974		
18.09		0.909773		
18.1		0.909806		
18.11		0.909839		
18.12		0.909872		
18.13		0.909905		
18.14		0.909938		
18.15		0.909971		
18.16		0.910003		
18.17		0.910036		
18.18		0.910069		
18.19		0.910101		
18.2		0.910134		
18.21		0.910167		
18.22		0.910199		
18.23		0.910231		
18.24		0.910264		
18.25		0.910296		
18.26		0.910328		
18.27		0.91036		
18.28		0.910393		
18.29		0.910425		
18.3		0.910457		
18.31		0.910489		
18.32		0.910521		
18.33		0.910552		
18.34		0.910584		
18.35		0.910616		
18.36		0.910648		
18.37		0.910679		
18.38		0.910711		
18.39		0.910742		
18.4		0.910774		
18.41		0.910805		
18.42		0.910837		
18.43		0.910868		
18.44		0.910899		
18.45		0.91093		
18.46		0.910962		
18.47		0.910993		
18.48		0.911024		
18.49		0.911055		
18.5		0.911086		
18.51		0.911116		
18.52		0.911147		
18.53		0.911178		
18.54		0.911209		
18.55		0.911239		
18.56		0.91127		
18.57		0.911301		
18.58		0.911331		
18.59		0.911362		
18.6		0.911392		
18.61		0.911422		
18.62		0.911453		
18.63		0.911483		
18.64		0.911513		
18.65		0.911543		
18.66		0.911573		
18.67		0.911603		
18.68		0.911633		
18.69		0.911663		
18.7		0.911693		
18.71		0.911723		
18.72		0.911752		
18.73		0.911782		
18.74		0.911812		
18.75		0.911841		
18.76		0.911871		
18.77		0.9119		
18.78		0.91193		
18.79		0.911959		
18.8		0.911989		
18.81		0.912018		
18.82		0.912047		
18.83		0.912076		
18.84		0.912105		
18.85		0.912134		
18.86		0.912163		
18.87		0.912192		
18.88		0.912221		
18.89		0.91225		
18.9		0.912279		
18.91		0.912308		
18.92		0.912336		
18.93		0.912365		
18.94		0.912393		
18.95		0.912422		
18.96		0.91245		
18.97		0.912479		
18.98		0.912507		
18.99		0.912536		
19		0.912564		
19.01		0.912592		
19.02		0.91262		
19.03		0.912648		
19.04		0.912676		
19.05		0.912704		
19.06		0.912732		
19.07		0.91276		
19.08		0.912788		
19.09		0.912816		
19.1		0.912844		
19.11		0.912871		
19.12		0.912899		
19.13		0.912926		
19.14		0.912954		
19.15		0.912981		
19.16		0.913009		
19.17		0.913036		
19.18		0.913064		
19.19		0.913091		
19.2		0.913118		
19.21		0.913145		
19.22		0.913171		
19.23		0.913198		
19.24		0.913225		
19.25		0.913252		
19.26		0.913278		
19.27		0.913305		
19.28		0.913332		
19.29		0.913359		
19.3		0.913386		
19.31		0.913413		
19.32		0.913441		
19.33		0.913468		
19.34		0.913495		
19.35		0.913523		
19.36		0.91355		
19.37		0.913577		
19.38		0.913605		
19.39		0.913633		
19.4		0.91366		
19.41		0.913688		
19.42		0.913716		
19.43		0.913743		
19.44		0.913771		
19.45		0.913799		
19.46		0.913827		
19.47		0.913855		
19.48		0.913883		
19.49		0.913911		
19.5		0.913939		
19.51		0.913967		
19.52		0.913995		
19.53		0.914023		
19.54		0.914052		
19.55		0.91408		
19.56		0.914108		
19.57		0.914137		
19.58		0.914165		
19.59		0.914193		
19.6		0.914222		
19.61		0.91425		
19.62		0.914279		
19.63		0.914307		
19.64		0.914336		
19.65		0.914365		
19.66		0.914393		
19.67		0.914422		
19.68		0.914451		
19.69		0.91448		
19.7		0.914508		
19.71		0.914537		
19.72		0.914566		
19.73		0.914595		
19.74		0.914624		
19.75		0.914653		
19.76		0.914682		
19.77		0.914711		
19.78		0.91474		
19.79		0.914769		
19.8		0.914798		
19.81		0.914827		
19.82		0.914856		
19.83		0.914885		
19.84		0.914914		
19.85		0.914943		
19.86		0.914972		
19.87		0.915002		
19.88		0.915031		
19.89		0.91506		
19.9		0.915089		
19.91		0.915119		
19.92		0.915148		
19.93		0.915177		
19.94		0.915207		
19.95		0.915236		
19.96		0.915265		
19.97		0.915295		
19.98		0.915324		
19.99		0.915353		
20		0.915383		
20.01		0.915412		
20.02		0.915442		
20.03		0.915471		
20.04		0.915501		
20.05		0.91553		
20.06		0.91556		
20.07		0.915589		
20.08		0.915619		
20.09		0.915649		
20.1		0.915678		
20.11		0.915708		
20.12		0.915737		
20.13		0.915767		
20.14		0.915797		
20.15		0.915826		
20.16		0.915856		
20.17		0.915886		
20.18		0.915915		
20.19		0.915945		
20.2		0.915975		
20.21		0.916004		
20.22		0.916034		
20.23		0.916064		
20.24		0.916094		
20.25		0.916123		
20.26		0.916153		
20.27		0.916183		
20.28		0.916213		
20.29		0.916242		
20.3		0.916272		
20.31		0.916302		
20.32		0.916332		
20.33		0.916362		
20.34		0.916391		
20.35		0.916421		
20.36		0.916451		
20.37		0.916481		
20.38		0.916511		
20.39		0.916541		
20.4		0.916571		
20.41		0.9166		
20.42		0.91663		
20.43		0.91666		
20.44		0.91669		
20.45		0.91672		
20.46		0.91675		
20.47		0.91678		
20.48		0.91681		
20.49		0.91684		
20.5		0.916869		
20.51		0.916899		
20.52		0.916929		
20.53		0.916959		
20.54		0.916989		
20.55		0.917019		
20.56		0.917049		
20.57		0.917079		
20.58		0.917109		
20.59		0.917139		
20.6		0.917169		
20.61		0.917199		
20.62		0.917229		
20.63		0.917259		
20.64		0.917289		
20.65		0.917318		
20.66		0.917348		
20.67		0.917378		
20.68		0.917408		
20.69		0.917438		
20.7		0.917468		
20.71		0.917498		
20.72		0.917528		
20.73		0.917558		
20.74		0.917588		
20.75		0.917618		
20.76		0.917648		
20.77		0.917678		
20.78		0.917708		
20.79		0.917738		
20.8		0.917768		
20.81		0.917798		
20.82		0.917828		
20.83		0.917858		
20.84		0.917888		
20.85		0.917918		
20.86		0.917948		
20.87		0.917978		
20.88		0.918008		
20.89		0.918038		
20.9		0.918068		
20.91		0.918098		
20.92		0.918128		
20.93		0.918158		
20.94		0.918188		
20.95		0.918217		
20.96		0.918247		
20.97		0.918277		
20.98		0.918307		
20.99		0.918337		
21		0.918367		
21.01		0.918397		
21.02		0.918427		
21.03		0.918457		
21.04		0.918487		
21.05		0.918517		
21.06		0.918547		
21.07		0.918577		
21.08		0.918607		
21.09		0.918637		
21.1		0.918667		
21.11		0.918697		
21.12		0.918727		
21.13		0.918756		
21.14		0.918786		
21.15		0.918816		
21.16		0.918846		
21.17		0.918876		
21.18		0.918906		
21.19		0.918936		
21.2		0.918966		
21.21		0.918996		
21.22		0.919026		
21.23		0.919056		
21.24		0.919085		
21.25		0.919115		
21.26		0.919145		
21.27		0.919175		
21.28		0.919205		
21.29		0.919235		
21.3		0.919265		
21.31		0.919294		
21.32		0.919324		
21.33		0.919354		
21.34		0.919384		
21.35		0.919414		
21.36		0.919444		
21.37		0.919474		
21.38		0.919503		
21.39		0.919533		
21.4		0.919563		
21.41		0.919593		
21.42		0.919623		
21.43		0.919652		
21.44		0.919682		
21.45		0.919712		
21.46		0.919742		
21.47		0.919772		
21.48		0.919801		
21.49		0.919831		
21.5		0.919861		
21.51		0.919891		
21.52		0.91992		
21.53		0.91995		
21.54		0.91998		
21.55		0.92001		
21.56		0.920039		
21.57		0.920069		
21.58		0.920099		
21.59		0.920129		
21.6		0.920158		
21.61		0.920188		
21.62		0.920218		
21.63		0.920247		
21.64		0.920277		
21.65		0.920307		
21.66		0.920336		
21.67		0.920366		
21.68		0.920396		
21.69		0.920425		
21.7		0.920455		
21.71		0.920485		
21.72		0.920514		
21.73		0.920544		
21.74		0.920574		
21.75		0.920603		
21.76		0.920633		
21.77		0.920663		
21.78		0.920692		
21.79		0.920722		
21.8		0.920751		
21.81		0.920781		
21.82		0.920811		
21.83		0.92084		
21.84		0.92087		
21.85		0.920899		
21.86		0.920929		
21.87		0.920958		
21.88		0.920988		
21.89		0.921017		
21.9		0.921047		
21.91		0.921076		
21.92		0.921106		
21.93		0.921135		
21.94		0.921165		
21.95		0.921194		
21.96		0.921224		
21.97		0.921253		
21.98		0.921283		
21.99		0.921312		
22		0.921342		
22.01		0.921371		
22.02		0.921401		
22.03		0.92143		
22.04		0.921459		
22.05		0.921489		
22.06		0.921518		
22.07		0.921548		
22.08		0.921577		
22.09		0.921606		
22.1		0.921636		
22.11		0.921665		
22.12		0.921695		
22.13		0.921724		
22.14		0.921753		
22.15		0.921783		
22.16		0.921812		
22.17		0.921841		
22.18		0.921871		
22.19		0.9219		
22.2		0.921929		
22.21		0.921958		
22.22		0.921988		
22.23		0.922017		
22.24		0.922046		
22.25		0.922075		
22.26		0.922105		
22.27		0.922134		
22.28		0.922163		
22.29		0.922192		
22.3		0.922222		
22.31		0.922251		
22.32		0.92228		
22.33		0.922309		
22.34		0.922338		
22.35		0.922368		
22.36		0.922397		
22.37		0.922426		
22.38		0.922455		
22.39		0.922484		
22.4		0.922513		
22.41		0.922542		
22.42		0.922572		
22.43		0.922601		
22.44		0.92263		
22.45		0.922659		
22.46		0.922688		
22.47		0.922717		
22.48		0.922746		
22.49		0.922775		
22.5		0.922804		
22.51		0.922833		
22.52		0.922862		
22.53		0.922891		
22.54		0.92292		
22.55		0.922949		
22.56		0.922978		
22.57		0.923007		
22.58		0.923036		
22.59		0.923065		
22.6		0.923094		
22.61		0.923123		
22.62		0.923152		
22.63		0.923181		
22.64		0.92321		
22.65		0.923239		
22.66		0.923268		
22.67		0.923296		
22.68		0.923325		
22.69		0.923354		
22.7		0.923383		
22.71		0.923412		
22.72		0.923441		
22.73		0.92347		
22.74		0.923498		
22.75		0.923527		
22.76		0.923556		
22.77		0.923585		
22.78		0.923614		
22.79		0.923642		
22.8		0.923671		
22.81		0.9237		
22.82		0.923729		
22.83		0.923757		
22.84		0.923786		
22.85		0.923815		
22.86		0.923843		
22.87		0.923872		
22.88		0.923901		
22.89		0.923929		
22.9		0.923958		
22.91		0.923987		
22.92		0.924015		
22.93		0.924044		
22.94		0.924073		
22.95		0.924101		
22.96		0.92413		
22.97		0.924159		
22.98		0.924187		
22.99		0.924216		
23		0.924244		
23.01		0.924273		
23.02		0.924301		
23.03		0.92433		
23.04		0.924358		
23.05		0.924387		
23.06		0.924415		
23.07		0.924444		
23.08		0.924472		
23.09		0.924501		
23.1		0.924529		
23.11		0.924558		
23.12		0.924586		
23.13		0.924615		
23.14		0.924643		
23.15		0.924671		
23.16		0.9247		
23.17		0.924728		
23.18		0.924757		
23.19		0.924785		
23.2		0.924813		
23.21		0.924842		
23.22		0.92487		
23.23		0.924898		
23.24		0.924927		
23.25		0.924955		
23.26		0.924983		
23.27		0.925012		
23.28		0.92504		
23.29		0.925068		
23.3		0.925096		
23.31		0.925125		
23.32		0.925153		
23.33		0.925181		
23.34		0.925209		
23.35		0.925238		
23.36		0.925266		
23.37		0.925294		
23.38		0.925322		
23.39		0.92535		
23.4		0.925378		
23.41		0.925407		
23.42		0.925435		
23.43		0.925463		
23.44		0.925491		
23.45		0.925519		
23.46		0.925547		
23.47		0.925575		
23.48		0.925603		
23.49		0.925631		
23.5		0.925659		
23.51		0.925687		
23.52		0.925715		
23.53		0.925743		
23.54		0.925771		
23.55		0.925799		
23.56		0.925827		
23.57		0.925855		
23.58		0.925883		
23.59		0.925911		
23.6		0.925939		
23.61		0.925967		
23.62		0.925995		
23.63		0.926023		
23.64		0.926051		
23.65		0.926079		
23.66		0.926106		
23.67		0.926134		
23.68		0.926162		
23.69		0.92619		
23.7		0.926218		
23.71		0.926246		
23.72		0.926273		
23.73		0.926301		
23.74		0.926329		
23.75		0.926357		
23.76		0.926384		
23.77		0.926412		
23.78		0.92644		
23.79		0.926468		
23.8		0.926495		
23.81		0.926523		
23.82		0.926551		
23.83		0.926578		
23.84		0.926606		
23.85		0.926634		
23.86		0.926661		
23.87		0.926689		
23.88		0.926717		
23.89		0.926744		
23.9		0.926772		
23.91		0.926799		
23.92		0.926827		
23.93		0.926855		
23.94		0.926882		
23.95		0.92691		
23.96		0.926937		
23.97		0.926965		
23.98		0.926992		
23.99		0.92702		
24		0.927047		
24.01		0.927075		
24.02		0.927102		
24.03		0.927129		
24.04		0.927157		
24.05		0.927184		
24.06		0.927212		
24.07		0.927239		
24.08		0.927267		
24.09		0.927294		
24.1		0.927321		
24.11		0.927349		
24.12		0.927376		
24.13		0.927403		
24.14		0.927431		
24.15		0.927458		
24.16		0.927485		
24.17		0.927512		
24.18		0.92754		
24.19		0.927567		
24.2		0.927594		
24.21		0.927621		
24.22		0.927649		
24.23		0.927676		
24.24		0.927703		
24.25		0.92773		
24.26		0.927757		
24.27		0.927785		
24.28		0.927812		
24.29		0.927839		
24.3		0.927866		
24.31		0.927893		
24.32		0.92792		
24.33		0.927947		
24.34		0.927974		
24.35		0.928001		
24.36		0.928029		
24.37		0.928056		
24.38		0.928083		
24.39		0.92811		
24.4		0.928137		
24.41		0.928164		
24.42		0.928191		
24.43		0.928218		
24.44		0.928245		
24.45		0.928271		
24.46		0.928298		
24.47		0.928325		
24.48		0.928352		
24.49		0.928379		
24.5		0.928406		
24.51		0.928433		
24.52		0.92846		
24.53		0.928487		
24.54		0.928513		
24.55		0.92854		
24.56		0.928567		
24.57		0.928594		
24.58		0.928621		
24.59		0.928647		
24.6		0.928674		
24.61		0.928701		
24.62		0.928728		
24.63		0.928754		
24.64		0.928781		
24.65		0.928808		
24.66		0.928835		
24.67		0.928861		
24.68		0.928888		
24.69		0.928915		
24.7		0.928941		
24.71		0.928968		
24.72		0.928994		
24.73		0.929021		
24.74		0.929048		
24.75		0.929074		
24.76		0.929101		
24.77		0.929127		
24.78		0.929154		
24.79		0.92918		
24.8		0.929207		
24.81		0.929233		
24.82		0.92926		
24.83		0.929286		
24.84		0.929313		
24.85		0.929339		
24.86		0.929366		
24.87		0.929392		
24.88		0.929419		
24.89		0.929445		
24.9		0.929472		
24.91		0.929498		
24.92		0.929524		
24.93		0.929551		
24.94		0.929577		
24.95		0.929603		
24.96		0.92963		
24.97		0.929656		
24.98		0.929682		
24.99		0.929709		
25		0.929735		
25.01		0.929761		
25.02		0.929787		
25.03		0.929814		
25.04		0.92984		
25.05		0.929866		
25.06		0.929892		
25.07		0.929918		
25.08		0.929945		
25.09		0.929971		
25.1		0.929997		
25.11		0.930023		
25.12		0.930049		
25.13		0.930075		
25.14		0.930101		
25.15		0.930127		
25.16		0.930154		
25.17		0.93018		
25.18		0.930206		
25.19		0.930232		
25.2		0.930258		
25.21		0.930284		
25.22		0.93031		
25.23		0.930336		
25.24		0.930362		
25.25		0.930388		
25.26		0.930414		
25.27		0.93044		
25.28		0.930466		
25.29		0.930491		
25.3		0.930517		
25.31		0.930543		
25.32		0.930569		
25.33		0.930596		
25.34		0.930624		
25.35		0.930652		
25.36		0.930682		
25.37		0.930712		
25.38		0.930744		
25.39		0.930776		
25.4		0.930809		
25.41		0.930842		
25.42		0.930877		
25.43		0.930912		
25.44		0.930948		
25.45		0.930985		
25.46		0.931022		
25.47		0.931061		
25.48		0.9311		
25.49		0.931139		
25.5		0.931179		
25.51		0.93122		
25.52		0.931262		
25.53		0.931304		
25.54		0.931346		
25.55		0.93139		
25.56		0.931433		
25.57		0.931478		
25.58		0.931522		
25.59		0.931568		
25.6		0.931613		
25.61		0.931659		
25.62		0.931706		
25.63		0.931753		
25.64		0.931801		
25.65		0.931848		
25.66		0.931897		
25.67		0.931945		
25.68		0.931994		
25.69		0.932043		
25.7		0.932093		
25.71		0.932142		
25.72		0.932192		
25.73		0.932243		
25.74		0.932293		
25.75		0.932344		
25.76		0.932395		
25.77		0.932446		
25.78		0.932498		
25.79		0.932549		
25.8		0.932601		
25.81		0.932653		
25.82		0.932705		
25.83		0.932757		
25.84		0.932809		
25.85		0.932861		
25.86		0.932913		
25.87		0.932966		
25.88		0.933018		
25.89		0.93307		
25.9		0.933123		
25.91		0.933175		
25.92		0.933228		
25.93		0.93328		
25.94		0.933333		
25.95		0.933385		
25.96		0.933438		
25.97		0.93349		
25.98		0.933543		
25.99		0.933595		
26		0.933647		
26.01		0.933699		
26.02		0.933751		
26.03		0.933803		
26.04		0.933855		
26.05		0.933907		
26.06		0.933959		
26.07		0.93401		
26.08		0.934062		
26.09		0.934113		
26.1		0.934164		
26.11		0.934215		
26.12		0.934266		
26.13		0.934317		
26.14		0.934367		
26.15		0.934418		
26.16		0.934468		
26.17		0.934518		
26.18		0.934568		
26.19		0.934617		
26.2		0.934667		
26.21		0.934716		
26.22		0.934765		
26.23		0.934814		
26.24		0.934863		
26.25		0.934912		
26.26		0.93496		
26.27		0.935008		
26.28		0.935056		
26.29		0.935104		
26.3		0.935151		
26.31		0.935199		
26.32		0.935246		
26.33		0.935292		
26.34		0.935339		
26.35		0.935386		
26.36		0.935432		
26.37		0.935478		
26.38		0.935524		
26.39		0.935569		
26.4		0.935614		
26.41		0.935659		
26.42		0.935704		
26.43		0.935749		
26.44		0.935793		
26.45		0.935838		
26.46		0.935882		
26.47		0.935925		
26.48		0.935969		
26.49		0.936012		
26.5		0.936055		
26.51		0.936098		
26.52		0.93614		
26.53		0.936183		
26.54		0.936225		
26.55		0.936267		
26.56		0.936309		
26.57		0.93635		
26.58		0.936391		
26.59		0.936432		
26.6		0.936473		
26.61		0.936514		
26.62		0.936554		
26.63		0.936594		
26.64		0.936634		
26.65		0.936674		
26.66		0.936713		
26.67		0.936753		
26.68		0.936792		
26.69		0.936831		
26.7		0.936869		
26.71		0.936908		
26.72		0.936946		
26.73		0.936984		
26.74		0.937022		
26.75		0.937059		
26.76		0.937097		
26.77		0.937134		
26.78		0.937171		
26.79		0.937208		
26.8		0.937244		
26.81		0.937281		
26.82		0.937317		
26.83		0.937353		
26.84		0.937389		
26.85		0.937424		
26.86		0.93746		
26.87		0.937495		
26.88		0.93753		
26.89		0.937565		
26.9		0.9376		
26.91		0.937634		
26.92		0.937669		
26.93		0.937703		
26.94		0.937737		
26.95		0.937771		
26.96		0.937804		
26.97		0.937838		
26.98		0.937871		
26.99		0.937904		
27		0.937937		
27.01		0.93797		
27.02		0.938003		
27.03		0.938035		
27.04		0.938068		
27.05		0.9381		
27.06		0.938132		
27.07		0.938164		
27.08		0.938195		
27.09		0.938227		
27.1		0.938258		
27.11		0.93829		
27.12		0.938321		
27.13		0.938352		
27.14		0.938383		
27.15		0.938413		
27.16		0.938444		
27.17		0.938474		
27.18		0.938505		
27.19		0.938535		
27.2		0.938565		
27.21		0.938595		
27.22		0.938624		
27.23		0.938654		
27.24		0.938684		
27.25		0.938713		
27.26		0.938742		
27.27		0.938771		
27.28		0.9388		
27.29		0.938829		
27.3		0.938858		
27.31		0.938887		
27.32		0.938915		
27.33		0.938944		
27.34		0.938972		
27.35		0.939		
27.36		0.939028		
27.37		0.939056		
27.38		0.939084		
27.39		0.939112		
27.4		0.939139		
27.41		0.939167		
27.42		0.939194		
27.43		0.939222		
27.44		0.939249		
27.45		0.939276		
27.46		0.939303		
27.47		0.93933		
27.48		0.939357		
27.49		0.939384		
27.5		0.93941		
27.51		0.939437		
27.52		0.939463		
27.53		0.93949		
27.54		0.939516		
27.55		0.939542		
27.56		0.939568		
27.57		0.939594		
27.58		0.93962		
27.59		0.939646		
27.6		0.939672		
27.61		0.939698		
27.62		0.939723		
27.63		0.939749		
27.64		0.939774		
27.65		0.9398		
27.66		0.939825		
27.67		0.93985		
27.68		0.939876		
27.69		0.939901		
27.7		0.939926		
27.71		0.939951		
27.72		0.939976		
27.73		0.94		
27.74		0.940025		
27.75		0.94005		
27.76		0.940075		
27.77		0.940099		
27.78		0.940124		
27.79		0.940148		
27.8		0.940172		
27.81		0.940197		
27.82		0.940221		
27.83		0.940245		
27.84		0.940269		
27.85		0.940293		
27.86		0.940317		
27.87		0.940341		
27.88		0.940365		
27.89		0.940389		
27.9		0.940413		
27.91		0.940436		
27.92		0.94046		
27.93		0.940484		
27.94		0.940507		
27.95		0.940531		
27.96		0.940554		
27.97		0.940578		
27.98		0.940601		
27.99		0.940624		
28		0.940648		
28.01		0.940671		
28.02		0.940694		
28.03		0.940717		
28.04		0.94074		
28.05		0.940763		
28.06		0.940786		
28.07		0.940809		
28.08		0.940832		
28.09		0.940855		
28.1		0.940878		
28.11		0.9409		
28.12		0.940923		
28.13		0.940946		
28.14		0.940968		
28.15		0.940991		
28.16		0.941013		
28.17		0.941036		
28.18		0.941058		
28.19		0.941081		
28.2		0.941103		
28.21		0.941126		
28.22		0.941148		
28.23		0.94117		
28.24		0.941192		
28.25		0.941215		
28.26		0.941237		
28.27		0.941259		
28.28		0.941281		
28.29		0.941303		
28.3		0.941325		
28.31		0.941347		
28.32		0.941369		
28.33		0.941391		
28.34		0.941413		
28.35		0.941435		
28.36		0.941457		
28.37		0.941478		
28.38		0.9415		
28.39		0.941522		
28.4		0.941544		
28.41		0.941565		
28.42		0.941587		
28.43		0.941609		
28.44		0.94163		
28.45		0.941652		
28.46		0.941673		
28.47		0.941695		
28.48		0.941716		
28.49		0.941738		
28.5		0.941759		
28.51		0.941781		
28.52		0.941802		
28.53		0.941823		
28.54		0.941845		
28.55		0.941866		
28.56		0.941887		
28.57		0.941908		
28.58		0.94193		
28.59		0.941951		
28.6		0.941972		
28.61		0.941993		
28.62		0.942014		
28.63		0.942035		
28.64		0.942056		
28.65		0.942077		
28.66		0.942098		
28.67		0.942119		
28.68		0.94214		
28.69		0.942161		
28.7		0.942182		
28.71		0.942203		
28.72		0.942224		
28.73		0.942245		
28.74		0.942265		
28.75		0.942286		
28.76		0.942307		
28.77		0.942328		
28.78		0.942349		
28.79		0.942369		
28.8		0.94239		
28.81		0.942411		
28.82		0.942431		
28.83		0.942452		
28.84		0.942472		
28.85		0.942493		
28.86		0.942514		
28.87		0.942534		
28.88		0.942555		
28.89		0.942575		
28.9		0.942596		
28.91		0.942616		
28.92		0.942637		
28.93		0.942657		
28.94		0.942677		
28.95		0.942698		
28.96		0.942718		
28.97		0.942738		
28.98		0.942759		
28.99		0.942779		
29		0.942799		
29.01		0.94282		
29.02		0.94284		
29.03		0.94286		
29.04		0.94288		
29.05		0.9429		
29.06		0.942921		
29.07		0.942941		
29.08		0.942961		
29.09		0.942981		
29.1		0.943001		
29.11		0.943021		
29.12		0.943041		
29.13		0.943061		
29.14		0.943081		
29.15		0.943101		
29.16		0.943121		
29.17		0.943141		
29.18		0.943161		
29.19		0.943181		
29.2		0.943201		
29.21		0.943221		
29.22		0.943241		
29.23		0.94326		
29.24		0.94328		
29.25		0.9433		
29.26		0.94332		
29.27		0.94334		
29.28		0.94336		
29.29		0.943379		
29.3		0.943399		
29.31		0.943419		
29.32		0.943438		
29.33		0.943458		
29.34		0.943478		
29.35		0.943497		
29.36		0.943517		
29.37		0.943537		
29.38		0.943556		
29.39		0.943576		
29.4		0.943595		
29.41		0.943615		
29.42		0.943635		
29.43		0.943654		
29.44		0.943674		
29.45		0.943693		
29.46		0.943713		
29.47		0.943732		
29.48		0.943751		
29.49		0.943771		
29.5		0.94379		
29.51		0.94381		
29.52		0.943829		
29.53		0.943848		
29.54		0.943868		
29.55		0.943887		
29.56		0.943906		
29.57		0.943926		
29.58		0.943945		
29.59		0.943964		
29.6		0.943983		
29.61		0.944003		
29.62		0.944022		
29.63		0.944041		
29.64		0.94406		
29.65		0.944079		
29.66		0.944099		
29.67		0.944118		
29.68		0.944137		
29.69		0.944156		
29.7		0.944175		
29.71		0.944194		
29.72		0.944213		
29.73		0.944232		
29.74		0.944251		
29.75		0.94427		
29.76		0.944289		
29.77		0.944308		
29.78		0.944327		
29.79		0.944346		
29.8		0.944365		
29.81		0.944384		
29.82		0.944403		
29.83		0.944422		
29.84		0.944441		
29.85		0.94446		
29.86		0.944478		
29.87		0.944497		
29.88		0.944516		
29.89		0.944535		
29.9		0.944554		
29.91		0.944573		
29.92		0.944591		
29.93		0.94461		
29.94		0.944629		
29.95		0.944648		
29.96		0.944666		
29.97		0.944685		
29.98		0.944704		
29.99		0.944722		
30		0.944741		
30.01		0.94476		
30.02		0.944778		
30.03		0.944797		
30.04		0.944815		
30.05		0.944834		
30.06		0.944852		
30.07		0.944871		
30.08		0.94489		
30.09		0.944908		
30.1		0.944927		
30.11		0.944945		
30.12		0.944964		
30.13		0.944982		
30.14		0.945		
30.15		0.945019		
30.16		0.945037		
30.17		0.945056		
30.18		0.945074		
30.19		0.945092		
30.2		0.945111		
30.21		0.945129		
30.22		0.945148		
30.23		0.945166		
30.24		0.945184		
30.25		0.945202		
30.26		0.945221		
30.27		0.945239		
30.28		0.945257		
30.29		0.945275		
30.3		0.945294		
30.31		0.945312		
30.32		0.94533		
30.33		0.945348		
30.34		0.945366		
30.35		0.945385		
30.36		0.945403		
30.37		0.945421		
30.38		0.945439		
30.39		0.945457		
30.4		0.945475		
30.41		0.945493		
30.42		0.945511		
30.43		0.945529		
30.44		0.945547		
30.45		0.945565		
30.46		0.945583		
30.47		0.945601		
30.48		0.945619		
30.49		0.945637		
30.5		0.945655		
30.51		0.945673		
30.52		0.945691		
30.53		0.945709		
30.54		0.945727		
30.55		0.945745		
30.56		0.945763		
30.57		0.945781		
30.58		0.945798		
30.59		0.945816		
30.6		0.945834		
30.61		0.945852		
30.62		0.94587		
30.63		0.945887		
30.64		0.945905		
30.65		0.945923		
30.66		0.945941		
30.67		0.945958		
30.68		0.945976		
30.69		0.945994		
30.7		0.946012		
30.71		0.946029		
30.72		0.946047		
30.73		0.946065		
30.74		0.946082		
30.75		0.9461		
30.76		0.946117		
30.77		0.946135		
30.78		0.946153		
30.79		0.94617		
30.8		0.946188		
30.81		0.946205		
30.82		0.946223		
30.83		0.94624		
30.84		0.946258		
30.85		0.946275		
30.86		0.946293		
30.87		0.94631		
30.88		0.946328		
30.89		0.946345		
30.9		0.946363		
30.91		0.94638		
30.92		0.946397		
30.93		0.946415		
30.94		0.946432		
30.95		0.94645		
30.96		0.946467		
30.97		0.946484		
30.98		0.946502		
30.99		0.946519		
31		0.946536		
31.01		0.946554		
31.02		0.946571		
31.03		0.946588		
31.04		0.946605		
31.05		0.946623		
31.06		0.94664		
31.07		0.946657		
31.08		0.946674		
31.09		0.946691		
31.1		0.946709		
31.11		0.946726		
31.12		0.946743		
31.13		0.94676		
31.14		0.946777		
31.15		0.946794		
31.16		0.946811		
31.17		0.946829		
31.18		0.946846		
31.19		0.946863		
31.2		0.94688		
31.21		0.946897		
31.22		0.946914		
31.23		0.946931		
31.24		0.946948		
31.25		0.946965		
31.26		0.946982		
31.27		0.946999		
31.28		0.947016		
31.29		0.947033		
31.3		0.94705		
31.31		0.947067		
31.32		0.947084		
31.33		0.947101		
31.34		0.947117		
31.35		0.947134		
31.36		0.947151		
31.37		0.947168		
31.38		0.947185		
31.39		0.947202		
31.4		0.947219		
31.41		0.947235		
31.42		0.947252		
31.43		0.947269		
31.44		0.947286		
31.45		0.947303		
31.46		0.947319		
31.47		0.947336		
31.48		0.947353		
31.49		0.947369		
31.5		0.947386		
31.51		0.947403		
31.52		0.94742		
31.53		0.947436		
31.54		0.947453		
31.55		0.94747		
31.56		0.947486		
31.57		0.947503		
31.58		0.947519		
31.59		0.947536		
31.6		0.947553		
31.61		0.947569		
31.62		0.947586		
31.63		0.947602		
31.64		0.947619		
31.65		0.947635		
31.66		0.947652		
31.67		0.947669		
31.68		0.947685		
31.69		0.947702		
31.7		0.947718		
31.71		0.947734		
31.72		0.947751		
31.73		0.947767		
31.74		0.947784		
31.75		0.9478		
31.76		0.947817		
31.77		0.947833		
31.78		0.947849		
31.79		0.947866		
31.8		0.947882		
31.81		0.947899		
31.82		0.947915		
31.83		0.947931		
31.84		0.947948		
31.85		0.947964		
31.86		0.94798		
31.87		0.947997		
31.88		0.948013		
31.89		0.948029		
31.9		0.948045		
31.91		0.948062		
31.92		0.948078		
31.93		0.948094		
31.94		0.94811		
31.95		0.948127		
31.96		0.948143		
31.97		0.948159		
31.98		0.948175		
31.99		0.948191		
32		0.948207		
32.01		0.948224		
32.02		0.94824		
32.03		0.948256		
32.04		0.948272		
32.05		0.948288		
32.06		0.948304		
32.07		0.94832		
32.08		0.948336		
32.09		0.948352		
32.1		0.948368		
32.11		0.948384		
32.12		0.948401		
32.13		0.948417		
32.14		0.948433		
32.15		0.948449		
32.16		0.948465		
32.17		0.948481		
32.18		0.948496		
32.19		0.948512		
32.2		0.948528		
32.21		0.948544		
32.22		0.94856		
32.23		0.948576		
32.24		0.948592		
32.25		0.948608		
32.26		0.948624		
32.27		0.94864		
32.28		0.948656		
32.29		0.948671		
32.3		0.948687		
32.31		0.948703		
32.32		0.948719		
32.33		0.948735		
32.34		0.948751		
32.35		0.948766		
32.36		0.948782		
32.37		0.948798		
32.38		0.948814		
32.39		0.948829		
32.4		0.948845		
32.41		0.948861		
32.42		0.948877		
32.43		0.948892		
32.44		0.948908		
32.45		0.948924		
32.46		0.948939		
32.47		0.948955		
32.48		0.948971		
32.49		0.948986		
32.5		0.949002		
32.51		0.949018		
32.52		0.949033		
32.53		0.949049		
32.54		0.949065		
32.55		0.94908		
32.56		0.949096		
32.57		0.949111		
32.58		0.949127		
32.59		0.949142		
32.6		0.949158		
32.61		0.949174		
32.62		0.949189		
32.63		0.949205		
32.64		0.94922		
32.65		0.949236		
32.66		0.949251		
32.67		0.949267		
32.68		0.949282		
32.69		0.949297		
32.7		0.949313		
32.71		0.949328		
32.72		0.949344		
32.73		0.949359		
32.74		0.949375		
32.75		0.94939		
32.76		0.949405		
32.77		0.949421		
32.78		0.949436		
32.79		0.949451		
32.8		0.949467		
32.81		0.949482		
32.82		0.949498		
32.83		0.949513		
32.84		0.949528		
32.85		0.949543		
32.86		0.949559		
32.87		0.949574		
32.88		0.949589		
32.89		0.949605		
32.9		0.94962		
32.91		0.949635		
32.92		0.94965		
32.93		0.949666		
32.94		0.949681		
32.95		0.949696		
32.96		0.949711		
32.97		0.949726		
32.98		0.949742		
32.99		0.949757		
33		0.949772		
33.01		0.949787		
33.02		0.949802		
33.03		0.949817		
33.04		0.949832		
33.05		0.949848		
33.06		0.949863		
33.07		0.949878		
33.08		0.949893		
33.09		0.949908		
33.1		0.949923		
33.11		0.949938		
33.12		0.949953		
33.13		0.949968		
33.14		0.949983		
33.15		0.949998		
33.16		0.950013		
33.17		0.950028		
33.18		0.950043		
33.19		0.950058		
33.2		0.950073		
33.21		0.950088		
33.22		0.950103		
33.23		0.950118		
33.24		0.950133		
33.25		0.950148		
33.26		0.950163		
33.27		0.950178		
33.28		0.950193		
33.29		0.950208		
33.3		0.950223		
33.31		0.950237		
33.32		0.950252		
33.33		0.950267		
33.34		0.950282		
33.35		0.950297		
33.36		0.950312		
33.37		0.950327		
33.38		0.950341		
33.39		0.950356		
33.4		0.950371		
33.41		0.950386		
33.42		0.950401		
33.43		0.950415		
33.44		0.95043		
33.45		0.950445		
33.46		0.95046		
33.47		0.950474		
33.48		0.950489		
33.49		0.950504		
33.5		0.950519		
33.51		0.950533		
33.52		0.950548		
33.53		0.950563		
33.54		0.950577		
33.55		0.950592		
33.56		0.950607		
33.57		0.950621		
33.58		0.950636		
33.59		0.950651		
33.6		0.950665		
33.61		0.95068		
33.62		0.950694		
33.63		0.950709		
33.64		0.950724		
33.65		0.950738		
33.66		0.950753		
33.67		0.950767		
33.68		0.950782		
33.69		0.950796		
33.7		0.950811		
33.71		0.950826		
33.72		0.95084		
33.73		0.950855		
33.74		0.950869		
33.75		0.950884		
33.76		0.950898		
33.77		0.950913		
33.78		0.950927		
33.79		0.950942		
33.8		0.950956		
33.81		0.95097		
33.82		0.950985		
33.83		0.950999		
33.84		0.951014		
33.85		0.951028		
33.86		0.951043		
33.87		0.951057		
33.88		0.951071		
33.89		0.951086		
33.9		0.9511		
33.91		0.951114		
33.92		0.951129		
33.93		0.951143		
33.94		0.951158		
33.95		0.951172		
33.96		0.951186		
33.97		0.951201		
33.98		0.951215		
33.99		0.951229		
34		0.951243		
34.01		0.951258		
34.02		0.951272		
34.03		0.951286		
34.04		0.9513		
34.05		0.951315		
34.06		0.951329		
34.07		0.951343		
34.08		0.951357		
34.09		0.951372		
34.1		0.951386		
34.11		0.9514		
34.12		0.951414		
34.13		0.951428		
34.14		0.951443		
34.15		0.951457		
34.16		0.951471		
34.17		0.951485		
34.18		0.951499		
34.19		0.951513		
34.2		0.951528		
34.21		0.951542		
34.22		0.951556		
34.23		0.95157		
34.24		0.951584		
34.25		0.951598		
34.26		0.951612		
34.27		0.951626		
34.28		0.95164		
34.29		0.951654		
34.3		0.951668		
34.31		0.951682		
34.32		0.951696		
34.33		0.951711		
34.34		0.951725		
34.35		0.951739		
34.36		0.951753		
34.37		0.951767		
34.38		0.951781		
34.39		0.951795		
34.4		0.951808		
34.41		0.951822		
34.42		0.951836		
34.43		0.95185		
34.44		0.951864		
34.45		0.951878		
34.46		0.951892		
34.47		0.951906		
34.48		0.95192		
34.49		0.951934		
34.5		0.951948		
34.51		0.951962		
34.52		0.951976		
34.53		0.951989		
34.54		0.952003		
34.55		0.952017		
34.56		0.952031		
34.57		0.952045		
34.58		0.952059		
34.59		0.952072		
34.6		0.952086		
34.61		0.9521		
34.62		0.952114		
34.63		0.952128		
34.64		0.952141		
34.65		0.952155		
34.66		0.952169		
34.67		0.952183		
34.68		0.952197		
34.69		0.95221		
34.7		0.952224		
34.71		0.952238		
34.72		0.952252		
34.73		0.952265		
34.74		0.952279		
34.75		0.952293		
34.76		0.952306		
34.77		0.95232		
34.78		0.952334		
34.79		0.952347		
34.8		0.952361		
34.81		0.952375		
34.82		0.952388		
34.83		0.952402		
34.84		0.952416		
34.85		0.952429		
34.86		0.952443		
34.87		0.952456		
34.88		0.95247		
34.89		0.952484		
34.9		0.952497		
34.91		0.952511		
34.92		0.952524		
34.93		0.952538		
34.94		0.952552		
34.95		0.952565		
34.96		0.952579		
34.97		0.952592		
34.98		0.952606		
34.99		0.952619		
35		0.952633		
35.01		0.952646		
35.02		0.95266		
35.03		0.952673		
35.04		0.952687		
35.05		0.9527		
35.06		0.952714		
35.07		0.952727		
35.08		0.952741		
35.09		0.952754		
35.1		0.952768		
35.11		0.952781		
35.12		0.952794		
35.13		0.952808		
35.14		0.952821		
35.15		0.952835		
35.16		0.952848		
35.17		0.952861		
35.18		0.952875		
35.19		0.952888		
35.2		0.952902		
35.21		0.952915		
35.22		0.952928		
35.23		0.952942		
35.24		0.952955		
35.25		0.952968		
35.26		0.952982		
35.27		0.952995		
35.28		0.953008		
35.29		0.953022		
35.3		0.953035		
35.31		0.953048		
35.32		0.953061		
35.33		0.953075		
35.34		0.953088		
35.35		0.953101		
35.36		0.953115		
35.37		0.953128		
35.38		0.953141		
35.39		0.953154		
35.4		0.953168		
35.41		0.953181		
35.42		0.953194		
35.43		0.953207		
35.44		0.95322		
35.45		0.953234		
35.46		0.953247		
35.47		0.95326		
35.48		0.953273		
35.49		0.953286		
35.5		0.953299		
35.51		0.953313		
35.52		0.953326		
35.53		0.953339		
35.54		0.953352		
35.55		0.953365		
35.56		0.953378		
35.57		0.953391		
35.58		0.953404		
35.59		0.953418		
35.6		0.953431		
35.61		0.953444		
35.62		0.953457		
35.63		0.95347		
35.64		0.953483		
35.65		0.953496		
35.66		0.953509		
35.67		0.953522		
35.68		0.953535		
35.69		0.953548		
35.7		0.953561		
35.71		0.953574		
35.72		0.953587		
35.73		0.9536		
35.74		0.953613		
35.75		0.953626		
35.76		0.953639		
35.77		0.953652		
35.78		0.953665		
35.79		0.953678		
35.8		0.953691		
35.81		0.953704		
35.82		0.953717		
35.83		0.95373		
35.84		0.953743		
35.85		0.953756		
35.86		0.953769		
35.87		0.953781		
35.88		0.953794		
35.89		0.953807		
35.9		0.95382		
35.91		0.953833		
35.92		0.953846		
35.93		0.953859		
35.94		0.953872		
35.95		0.953884		
35.96		0.953897		
35.97		0.95391		
35.98		0.953923		
35.99		0.953936		
36		0.953949		
36.01		0.953961		
36.02		0.953974		
36.03		0.953987		
36.04		0.954		
36.05		0.954013		
36.06		0.954025		
36.07		0.954038		
36.08		0.954051		
36.09		0.954064		
36.1		0.954076		
36.11		0.954089		
36.12		0.954102		
36.13		0.954115		
36.14		0.954127		
36.15		0.95414		
36.16		0.954153		
36.17		0.954165		
36.18		0.954178		
36.19		0.954191		
36.2		0.954204		
36.21		0.954216		
36.22		0.954229		
36.23		0.954242		
36.24		0.954254		
36.25		0.954267		
36.26		0.95428		
36.27		0.954292		
36.28		0.954305		
36.29		0.954317		
36.3		0.95433		
36.31		0.954343		
36.32		0.954355		
36.33		0.954368		
36.34		0.95438		
36.35		0.954393		
36.36		0.954406		
36.37		0.954418		
36.38		0.954431		
36.39		0.954443		
36.4		0.954456		
36.41		0.954468		
36.42		0.954481		
36.43		0.954494		
36.44		0.954506		
36.45		0.954519		
36.46		0.954531		
36.47		0.954544		
36.48		0.954556		
36.49		0.954569		
36.5		0.954581		
36.51		0.954594		
36.52		0.954606		
36.53		0.954619		
36.54		0.954631		
36.55		0.954643		
36.56		0.954656		
36.57		0.954668		
36.58		0.954681		
36.59		0.954693		
36.6		0.954706		
36.61		0.954718		
36.62		0.954731		
36.63		0.954743		
36.64		0.954755		
36.65		0.954768		
36.66		0.95478		
36.67		0.954792		
36.68		0.954805		
36.69		0.954817		
36.7		0.95483		
36.71		0.954842		
36.72		0.954854		
36.73		0.954867		
36.74		0.954879		
36.75		0.954891		
36.76		0.954904		
36.77		0.954916		
36.78		0.954928		
36.79		0.954941		
36.8		0.954953		
36.81		0.954965		
36.82		0.954978		
36.83		0.95499		
36.84		0.955002		
36.85		0.955014		
36.86		0.955027		
36.87		0.955039		
36.88		0.955051		
36.89		0.955063		
36.9		0.955076		
36.91		0.955088		
36.92		0.9551		
36.93		0.955112		
36.94		0.955125		
36.95		0.955137		
36.96		0.955149		
36.97		0.955161		
36.98		0.955173		
36.99		0.955186		
37		0.955198		
37.01		0.95521		
37.02		0.955222		
37.03		0.955234		
37.04		0.955246		
37.05		0.955259		
37.06		0.955271		
37.07		0.955283		
37.08		0.955295		
37.09		0.955307		
37.1		0.955319		
37.11		0.955331		
37.12		0.955343		
37.13		0.955356		
37.14		0.955368		
37.15		0.95538		
37.16		0.955392		
37.17		0.955404		
37.18		0.955416		
37.19		0.955428		
37.2		0.95544		
37.21		0.955452		
37.22		0.955464		
37.23		0.955476		
37.24		0.955488		
37.25		0.9555		
37.26		0.955512		
37.27		0.955524		
37.28		0.955536		
37.29		0.955548		
37.3		0.95556		
37.31		0.955572		
37.32		0.955584		
37.33		0.955596		
37.34		0.955608		
37.35		0.95562		
37.36		0.955632		
37.37		0.955644		
37.38		0.955656		
37.39		0.955668		
37.4		0.95568		
37.41		0.955692		
37.42		0.955704		
37.43		0.955716		
37.44		0.955728		
37.45		0.95574		
37.46		0.955752		
37.47		0.955763		
37.48		0.955775		
37.49		0.955787		
37.5		0.955799		
37.51		0.955811		
37.52		0.955823		
37.53		0.955835		
37.54		0.955847		
37.55		0.955858		
37.56		0.95587		
37.57		0.955882		
37.58		0.955894		
37.59		0.955906		
37.6		0.955918		
37.61		0.955929		
37.62		0.955941		
37.63		0.955953		
37.64		0.955965		
37.65		0.955977		
37.66		0.955988		
37.67		0.956		
37.68		0.956012		
37.69		0.956024		
37.7		0.956036		
37.71		0.956047		
37.72		0.956059		
37.73		0.956071		
37.74		0.956083		
37.75		0.956094		
37.76		0.956106		
37.77		0.956118		
37.78		0.95613		
37.79		0.956141		
37.8		0.956153		
37.81		0.956165		
37.82		0.956176		
37.83		0.956188		
37.84		0.9562		
37.85		0.956211		
37.86		0.956223		
37.87		0.956235		
37.88		0.956246		
37.89		0.956258		
37.9		0.95627		
37.91		0.956281		
37.92		0.956293		
37.93		0.956305		
37.94		0.956316		
37.95		0.956328		
37.96		0.95634		
37.97		0.956351		
37.98		0.956363		
37.99		0.956374		
38		0.956386		
38.01		0.956398		
38.02		0.956409		
38.03		0.956421		
38.04		0.956432		
38.05		0.956444		
38.06		0.956455		
38.07		0.956467		
38.08		0.956479		
38.09		0.95649		
38.1		0.956502		
38.11		0.956513		
38.12		0.956525		
38.13		0.956536		
38.14		0.956548		
38.15		0.956559		
38.16		0.956571		
38.17		0.956582		
38.18		0.956594		
38.19		0.956605		
38.2		0.956617		
38.21		0.956628		
38.22		0.95664		
38.23		0.956651		
38.24		0.956663		
38.25		0.956674		
38.26		0.956686		
38.27		0.956697		
38.28		0.956709		
38.29		0.95672		
38.3		0.956731		
38.31		0.956743		
38.32		0.956754		
38.33		0.956766		
38.34		0.956777		
38.35		0.956788		
38.36		0.9568		
38.37		0.956811		
38.38		0.956823		
38.39		0.956834		
38.4		0.956845		
38.41		0.956857		
38.42		0.956868		
38.43		0.95688		
38.44		0.956891		
38.45		0.956902		
38.46		0.956914		
38.47		0.956925		
38.48		0.956936		
38.49		0.956948		
38.5		0.956959		
38.51		0.95697		
38.52		0.956982		
38.53		0.956993		
38.54		0.957004		
38.55		0.957015		
38.56		0.957027		
38.57		0.957038		
38.58		0.957049		
38.59		0.957061		
38.6		0.957072		
38.61		0.957083		
38.62		0.957094		
38.63		0.957106		
38.64		0.957117		
38.65		0.957128		
38.66		0.957139		
38.67		0.957151		
38.68		0.957162		
38.69		0.957173		
38.7		0.957184		
38.71		0.957195		
38.72		0.957207		
38.73		0.957218		
38.74		0.957229		
38.75		0.95724		
38.76		0.957251		
38.77		0.957263		
38.78		0.957274		
38.79		0.957285		
38.8		0.957296		
38.81		0.957307		
38.82		0.957318		
38.83		0.95733		
38.84		0.957341		
38.85		0.957352		
38.86		0.957363		
38.87		0.957374		
38.88		0.957385		
38.89		0.957396		
38.9		0.957407		
38.91		0.957419		
38.92		0.95743		
38.93		0.957441		
38.94		0.957452		
38.95		0.957463		
38.96		0.957474		
38.97		0.957485		
38.98		0.957496		
38.99		0.957507		
39		0.957518		
39.01		0.957529		
39.02		0.95754		
39.03		0.957551		
39.04		0.957563		
39.05		0.957574		
39.06		0.957585		
39.07		0.957596		
39.08		0.957607		
39.09		0.957618		
39.1		0.957629		
39.11		0.95764		
39.12		0.957651		
39.13		0.957662		
39.14		0.957673		
39.15		0.957684		
39.16		0.957695		
39.17		0.957706		
39.18		0.957717		
39.19		0.957728		
39.2		0.957738		
39.21		0.957749		
39.22		0.95776		
39.23		0.957771		
39.24		0.957782		
39.25		0.957793		
39.26		0.957804		
39.27		0.957815		
39.28		0.957826		
39.29		0.957837		
39.3		0.957848		
39.31		0.957859		
39.32		0.95787		
39.33		0.95788		
39.34		0.957891		
39.35		0.957902		
39.36		0.957913		
39.37		0.957924		
39.38		0.957935		
39.39		0.957946		
39.4		0.957957		
39.41		0.957967		
39.42		0.957978		
39.43		0.957989		
39.44		0.958		
39.45		0.958011		
39.46		0.958022		
39.47		0.958032		
39.48		0.958043		
39.49		0.958054		
39.5		0.958065		
39.51		0.958076		
39.52		0.958086		
39.53		0.958097		
39.54		0.958108		
39.55		0.958119		
39.56		0.95813		
39.57		0.95814		
39.58		0.958151		
39.59		0.958162		
39.6		0.958173		
39.61		0.958183		
39.62		0.958194		
39.63		0.958205		
39.64		0.958216		
39.65		0.958226		
39.66		0.958237		
39.67		0.958248		
39.68		0.958259		
39.69		0.958269		
39.7		0.95828		
39.71		0.958291		
39.72		0.958301		
39.73		0.958312		
39.74		0.958323		
39.75		0.958333		
39.76		0.958344		
39.77		0.958355		
39.78		0.958365		
39.79		0.958376		
39.8		0.958387		
39.81		0.958397		
39.82		0.958408		
39.83		0.958419		
39.84		0.958429		
39.85		0.95844		
39.86		0.958451		
39.87		0.958461		
39.88		0.958472		
39.89		0.958482		
39.9		0.958493		
39.91		0.958504		
39.92		0.958514		
39.93		0.958525		
39.94		0.958535		
39.95		0.958546		
39.96		0.958557		
39.97		0.958567		
39.98		0.958578		
39.99		0.958588		
40		0.958599		
40.01		0.95861		
40.02		0.95862		
40.03		0.958631		
40.04		0.958641		
40.05		0.958652		
40.06		0.958662		
40.07		0.958673		
40.08		0.958683		
40.09		0.958694		
40.1		0.958704		
40.11		0.958715		
40.12		0.958725		
40.13		0.958736		
40.14		0.958746		
40.15		0.958757		
40.16		0.958767		
40.17		0.958778		
40.18		0.958788		
40.19		0.958799		
40.2		0.958809		
40.21		0.95882		
40.22		0.95883		
40.23		0.958841		
40.24		0.958851		
40.25		0.958861		
40.26		0.958872		
40.27		0.958882		
40.28		0.958893		
40.29		0.958903		
40.3		0.958914		
40.31		0.958924		
40.32		0.958934		
40.33		0.958945		
40.34		0.958955		
40.35		0.958966		
40.36		0.958976		
40.37		0.958986		
40.38		0.958997		
40.39		0.959007		
40.4		0.959018		
40.41		0.959028		
40.42		0.959038		
40.43		0.959049		
40.44		0.959059		
40.45		0.959069		
40.46		0.95908		
40.47		0.95909		
40.48		0.9591		
40.49		0.959111		
40.5		0.959121		
40.51		0.959131		
40.52		0.959142		
40.53		0.959152		
40.54		0.959162		
40.55		0.959173		
40.56		0.959183		
40.57		0.959193		
40.58		0.959203		
40.59		0.959214		
40.6		0.959224		
40.61		0.959234		
40.62		0.959245		
40.63		0.959255		
40.64		0.959265		
40.65		0.959275		
40.66		0.959286		
40.67		0.959296		
40.68		0.959306		
40.69		0.959316		
40.7		0.959327		
40.71		0.959337		
40.72		0.959347		
40.73		0.959357		
40.74		0.959367		
40.75		0.959378		
40.76		0.959388		
40.77		0.959398		
40.78		0.959408		
40.79		0.959419		
40.8		0.959429		
40.81		0.959439		
40.82		0.959449		
40.83		0.959459		
40.84		0.959469		
40.85		0.95948		
40.86		0.95949		
40.87		0.9595		
40.88		0.95951		
40.89		0.95952		
40.9		0.95953		
40.91		0.95954		
40.92		0.959551		
40.93		0.959561		
40.94		0.959571		
40.95		0.959581		
40.96		0.959591		
40.97		0.959601		
40.98		0.959611		
40.99		0.959621		
41		0.959632		
41.01		0.959642		
41.02		0.959652		
41.03		0.959662		
41.04		0.959672		
41.05		0.959682		
41.06		0.959692		
41.07		0.959702		
41.08		0.959712		
41.09		0.959722		
41.1		0.959732		
41.11		0.959742		
41.12		0.959752		
41.13		0.959762		
41.14		0.959772		
41.15		0.959782		
41.16		0.959793		
41.17		0.959803		
41.18		0.959813		
41.19		0.959823		
41.2		0.959833		
41.21		0.959843		
41.22		0.959853		
41.23		0.959863		
41.24		0.959873		
41.25		0.959883		
41.26		0.959893		
41.27		0.959903		
41.28		0.959913		
41.29		0.959922		
41.3		0.959932		
41.31		0.959942		
41.32		0.959952		
41.33		0.959962		
41.34		0.959972		
41.35		0.959982		
41.36		0.959992		
41.37		0.960002		
41.38		0.960012		
41.39		0.960022		
41.4		0.960032		
41.41		0.960042		
41.42		0.960052		
41.43		0.960062		
41.44		0.960072		
41.45		0.960081		
41.46		0.960091		
41.47		0.960101		
41.48		0.960111		
41.49		0.960121		
41.5		0.960131		
41.51		0.960141		
41.52		0.960151		
41.53		0.96016		
41.54		0.96017		
41.55		0.96018		
41.56		0.96019		
41.57		0.9602		
41.58		0.96021		
41.59		0.96022		
41.6		0.960229		
41.61		0.960239		
41.62		0.960249		
41.63		0.960259		
41.64		0.960269		
41.65		0.960279		
41.66		0.960288		
41.67		0.960298		
41.68		0.960308		
41.69		0.960318		
41.7		0.960328		
41.71		0.960337		
41.72		0.960347		
41.73		0.960357		
41.74		0.960367		
41.75		0.960376		
41.76		0.960386		
41.77		0.960396		
41.78		0.960406		
41.79		0.960415		
41.8		0.960425		
41.81		0.960435		
41.82		0.960445		
41.83		0.960454		
41.84		0.960464		
41.85		0.960474		
41.86		0.960484		
41.87		0.960493		
41.88		0.960503		
41.89		0.960513		
41.9		0.960523		
41.91		0.960532		
41.92		0.960542		
41.93		0.960552		
41.94		0.960561		
41.95		0.960571		
41.96		0.960581		
41.97		0.96059		
41.98		0.9606		
41.99		0.96061		
42		0.960619		
42.01		0.960629		
42.02		0.960639		
42.03		0.960648		
42.04		0.960658		
42.05		0.960668		
42.06		0.960677		
42.07		0.960687		
42.08		0.960697		
42.09		0.960706		
42.1		0.960716		
42.11		0.960725		
42.12		0.960735		
42.13		0.960745		
42.14		0.960754		
42.15		0.960764		
42.16		0.960773		
42.17		0.960783		
42.18		0.960793		
42.19		0.960802		
42.2		0.960812		
42.21		0.960821		
42.22		0.960831		
42.23		0.960841		
42.24		0.96085		
42.25		0.96086		
42.26		0.960869		
42.27		0.960879		
42.28		0.960888		
42.29		0.960898		
42.3		0.960907		
42.31		0.960917		
42.32		0.960927		
42.33		0.960936		
42.34		0.960946		
42.35		0.960955		
42.36		0.960965		
42.37		0.960974		
42.38		0.960984		
42.39		0.960993		
42.4		0.961003		
42.41		0.961012		
42.42		0.961022		
42.43		0.961031		
42.44		0.961041		
42.45		0.96105		
42.46		0.96106		
42.47		0.961069		
42.48		0.961079		
42.49		0.961088		
42.5		0.961097		
42.51		0.961107		
42.52		0.961116		
42.53		0.961126		
42.54		0.961135		
42.55		0.961145		
42.56		0.961154		
42.57		0.961164		
42.58		0.961173		
42.59		0.961182		
42.6		0.961192		
42.61		0.961201		
42.62		0.961211		
42.63		0.96122		
42.64		0.961229		
42.65		0.961239		
42.66		0.961248		
42.67		0.961258		
42.68		0.961267		
42.69		0.961276		
42.7		0.961286		
42.71		0.961295		
42.72		0.961305		
42.73		0.961314		
42.74		0.961323		
42.75		0.961333		
42.76		0.961342		
42.77		0.961351		
42.78		0.961361		
42.79		0.96137		
42.8		0.961379		
42.81		0.961389		
42.82		0.961398		
42.83		0.961407		
42.84		0.961417		
42.85		0.961426		
42.86		0.961435		
42.87		0.961445		
42.88		0.961454		
42.89		0.961463		
42.9		0.961473		
42.91		0.961482		
42.92		0.961491		
42.93		0.961501		
42.94		0.96151		
42.95		0.961519		
42.96		0.961528		
42.97		0.961538		
42.98		0.961547		
42.99		0.961556		
43		0.961565		
43.01		0.961575		
43.02		0.961584		
43.03		0.961593		
43.04		0.961602		
43.05		0.961612		
43.06		0.961621		
43.07		0.96163		
43.08		0.961639		
43.09		0.961649		
43.1		0.961658		
43.11		0.961667		
43.12		0.961676		
43.13		0.961685		
43.14		0.961695		
43.15		0.961704		
43.16		0.961713		
43.17		0.961722		
43.18		0.961731		
43.19		0.961741		
43.2		0.96175		
43.21		0.961759		
43.22		0.961768		
43.23		0.961777		
43.24		0.961787		
43.25		0.961796		
43.26		0.961805		
43.27		0.961814		
43.28		0.961823		
43.29		0.961832		
43.3		0.961841		
43.31		0.961851		
43.32		0.96186		
43.33		0.961869		
43.34		0.961878		
43.35		0.961887		
43.36		0.961896		
43.37		0.961905		
43.38		0.961915		
43.39		0.961924		
43.4		0.961933		
43.41		0.961942		
43.42		0.961951		
43.43		0.96196		
43.44		0.961969		
43.45		0.961978		
43.46		0.961987		
43.47		0.961996		
43.48		0.962005		
43.49		0.962015		
43.5		0.962024		
43.51		0.962033		
43.52		0.962042		
43.53		0.962051		
43.54		0.96206		
43.55		0.962069		
43.56		0.962078		
43.57		0.962087		
43.58		0.962096		
43.59		0.962105		
43.6		0.962114		
43.61		0.962123		
43.62		0.962132		
43.63		0.962141		
43.64		0.96215		
43.65		0.962159		
43.66		0.962168		
43.67		0.962177		
43.68		0.962186		
43.69		0.962195		
43.7		0.962204		
43.71		0.962213		
43.72		0.962222		
43.73		0.962231		
43.74		0.96224		
43.75		0.962249		
43.76		0.962258		
43.77		0.962267		
43.78		0.962276		
43.79		0.962285		
43.8		0.962294		
43.81		0.962303		
43.82		0.962312		
43.83		0.962321		
43.84		0.96233		
43.85		0.962339		
43.86		0.962348		
43.87		0.962357		
43.88		0.962365		
43.89		0.962374		
43.9		0.962383		
43.91		0.962392		
43.92		0.962401		
43.93		0.96241		
43.94		0.962419		
43.95		0.962428		
43.96		0.962437		
43.97		0.962446		
43.98		0.962455		
43.99		0.962463		
44		0.962472		
44.01		0.962481		
44.02		0.96249		
44.03		0.962499		
44.04		0.962508		
44.05		0.962517		
44.06		0.962526		
44.07		0.962534		
44.08		0.962543		
44.09		0.962552		
44.1		0.962561		
44.11		0.96257		
44.12		0.962579		
44.13		0.962587		
44.14		0.962596		
44.15		0.962605		
44.16		0.962614		
44.17		0.962623		
44.18		0.962632		
44.19		0.96264		
44.2		0.962649		
44.21		0.962658		
44.22		0.962667		
44.23		0.962676		
44.24		0.962684		
44.25		0.962693		
44.26		0.962702		
44.27		0.962711		
44.28		0.96272		
44.29		0.962728		
44.3		0.962737		
44.31		0.962746		
44.32		0.962755		
44.33		0.962763		
44.34		0.962772		
44.35		0.962781		
44.36		0.96279		
44.37		0.962798		
44.38		0.962807		
44.39		0.962816		
44.4		0.962825		
44.41		0.962833		
44.42		0.962842		
44.43		0.962851		
44.44		0.96286		
44.45		0.962868		
44.46		0.962877		
44.47		0.962886		
44.48		0.962894		
44.49		0.962903		
44.5		0.962912		
44.51		0.962921		
44.52		0.962929		
44.53		0.962938		
44.54		0.962947		
44.55		0.962955		
44.56		0.962964		
44.57		0.962973		
44.58		0.962981		
44.59		0.96299		
44.6		0.962999		
44.61		0.963007		
44.62		0.963016		
44.63		0.963025		
44.64		0.963033		
44.65		0.963042		
44.66		0.963051		
44.67		0.963059		
44.68		0.963068		
44.69		0.963077		
44.7		0.963085		
44.71		0.963094		
44.72		0.963102		
44.73		0.963111		
44.74		0.96312		
44.75		0.963128		
44.76		0.963137		
44.77		0.963145		
44.78		0.963154		
44.79		0.963163		
44.8		0.963171		
44.81		0.96318		
44.82		0.963188		
44.83		0.963197		
44.84		0.963206		
44.85		0.963214		
44.86		0.963223		
44.87		0.963231		
44.88		0.96324		
44.89		0.963248		
44.9		0.963257		
44.91		0.963266		
44.92		0.963274		
44.93		0.963283		
44.94		0.963291		
44.95		0.9633		
44.96		0.963308		
44.97		0.963317		
44.98		0.963325		
44.99		0.963334		
45		0.963342		
45.01		0.963351		
45.02		0.96336		
45.03		0.963368		
45.04		0.963377		
45.05		0.963385		
45.06		0.963394		
45.07		0.963402		
45.08		0.963411		
45.09		0.963419		
45.1		0.963428		
45.11		0.963436		
45.12		0.963445		
45.13		0.963453		
45.14		0.963461		
45.15		0.96347		
45.16		0.963478		
45.17		0.963487		
45.18		0.963495		
45.19		0.963504		
45.2		0.963512		
45.21		0.963521		
45.22		0.963529		
45.23		0.963538		
45.24		0.963546		
45.25		0.963555		
45.26		0.963563		
45.27		0.963571		
45.28		0.96358		
45.29		0.963588		
45.3		0.963597		
45.31		0.963605		
45.32		0.963614		
45.33		0.963622		
45.34		0.96363		
45.35		0.963639		
45.36		0.963647		
45.37		0.963656		
45.38		0.963664		
45.39		0.963672		
45.4		0.963681		
45.41		0.963689		
45.42		0.963697		
45.43		0.963706		
45.44		0.963714		
45.45		0.963723		
45.46		0.963731		
45.47		0.963739		
45.48		0.963748		
45.49		0.963756		
45.5		0.963764		
45.51		0.963773		
45.52		0.963781		
45.53		0.963789		
45.54		0.963798		
45.55		0.963806		
45.56		0.963814		
45.57		0.963823		
45.58		0.963831		
45.59		0.963839		
45.6		0.963848		
45.61		0.963856		
45.62		0.963864		
45.63		0.963873		
45.64		0.963881		
45.65		0.963889		
45.66		0.963898		
45.67		0.963906		
45.68		0.963914		
45.69		0.963923		
45.7		0.963931		
45.71		0.963939		
45.72		0.963947		
45.73		0.963956		
45.74		0.963964		
45.75		0.963972		
45.76		0.963981		
45.77		0.963989		
45.78		0.963997		
45.79		0.964005		
45.8		0.964014		
45.81		0.964022		
45.82		0.96403		
45.83		0.964038		
45.84		0.964047		
45.85		0.964055		
45.86		0.964063		
45.87		0.964071		
45.88		0.96408		
45.89		0.964088		
45.9		0.964096		
45.91		0.964104		
45.92		0.964112		
45.93		0.964121		
45.94		0.964129		
45.95		0.964137		
45.96		0.964145		
45.97		0.964153		
45.98		0.964162		
45.99		0.96417		
46		0.964178		
46.01		0.964186		
46.02		0.964194		
46.03		0.964203		
46.04		0.964211		
46.05		0.964219		
46.06		0.964227		
46.07		0.964235		
46.08		0.964243		
46.09		0.964252		
46.1		0.96426		
46.11		0.964268		
46.12		0.964276		
46.13		0.964284		
46.14		0.964292		
46.15		0.9643		
46.16		0.964309		
46.17		0.964317		
46.18		0.964325		
46.19		0.964333		
46.2		0.964341		
46.21		0.964349		
46.22		0.964357		
46.23		0.964366		
46.24		0.964374		
46.25		0.964382		
46.26		0.96439		
46.27		0.964398		
46.28		0.964406		
46.29		0.964414		
46.3		0.964422		
46.31		0.96443		
46.32		0.964438		
46.33		0.964447		
46.34		0.964455		
46.35		0.964463		
46.36		0.964471		
46.37		0.964479		
46.38		0.964487		
46.39		0.964495		
46.4		0.964503		
46.41		0.964511		
46.42		0.964519		
46.43		0.964527		
46.44		0.964535		
46.45		0.964543		
46.46		0.964551		
46.47		0.964559		
46.48		0.964567		
46.49		0.964575		
46.5		0.964583		
46.51		0.964591		
46.52		0.9646		
46.53		0.964608		
46.54		0.964616		
46.55		0.964624		
46.56		0.964632		
46.57		0.96464		
46.58		0.964648		
46.59		0.964656		
46.6		0.964664		
46.61		0.964672		
46.62		0.96468		
46.63		0.964688		
46.64		0.964696		
46.65		0.964704		
46.66		0.964712		
46.67		0.964719		
46.68		0.964727		
46.69		0.964735		
46.7		0.964743		
46.71		0.964751		
46.72		0.964759		
46.73		0.964767		
46.74		0.964775		
46.75		0.964783		
46.76		0.964791		
46.77		0.964799		
46.78		0.964807		
46.79		0.964815		
46.8		0.964823		
46.81		0.964831		
46.82		0.964839		
46.83		0.964847		
46.84		0.964855		
46.85		0.964863		
46.86		0.96487		
46.87		0.964878		
46.88		0.964886		
46.89		0.964894		
46.9		0.964902		
46.91		0.96491		
46.92		0.964918		
46.93		0.964926		
46.94		0.964934		
46.95		0.964942		
46.96		0.964949		
46.97		0.964957		
46.98		0.964965		
46.99		0.964973		
47		0.964981		
47.01		0.964989		
47.02		0.964997		
47.03		0.965005		
47.04		0.965012		
47.05		0.96502		
47.06		0.965028		
47.07		0.965036		
47.08		0.965044		
47.09		0.965052		
47.1		0.96506		
47.11		0.965067		
47.12		0.965075		
47.13		0.965083		
47.14		0.965091		
47.15		0.965099		
47.16		0.965107		
47.17		0.965114		
47.18		0.965122		
47.19		0.96513		
47.2		0.965138		
47.21		0.965146		
47.22		0.965153		
47.23		0.965161		
47.24		0.965169		
47.25		0.965177		
47.26		0.965185		
47.27		0.965192		
47.28		0.9652		
47.29		0.965208		
47.3		0.965216		
47.31		0.965224		
47.32		0.965231		
47.33		0.965239		
47.34		0.965247		
47.35		0.965255		
47.36		0.965262		
47.37		0.96527		
47.38		0.965278		
47.39		0.965286		
47.4		0.965293		
47.41		0.965301		
47.42		0.965309		
47.43		0.965317		
47.44		0.965324		
47.45		0.965332		
47.46		0.96534		
47.47		0.965348		
47.48		0.965355		
47.49		0.965363		
47.5		0.965371		
47.51		0.965379		
47.52		0.965386		
47.53		0.965394		
47.54		0.965402		
47.55		0.965409		
47.56		0.965417		
47.57		0.965425		
47.58		0.965433		
47.59		0.96544		
47.6		0.965448		
47.61		0.965456		
47.62		0.965463		
47.63		0.965471		
47.64		0.965479		
47.65		0.965486		
47.66		0.965494		
47.67		0.965502		
47.68		0.965509		
47.69		0.965517		
47.7		0.965525		
47.71		0.965532		
47.72		0.96554		
47.73		0.965548		
47.74		0.965555		
47.75		0.965563		
47.76		0.965571		
47.77		0.965578		
47.78		0.965586		
47.79		0.965594		
47.8		0.965601		
47.81		0.965609		
47.82		0.965616		
47.83		0.965624		
47.84		0.965632		
47.85		0.965639		
47.86		0.965647		
47.87		0.965655		
47.88		0.965662		
47.89		0.96567		
47.9		0.965677		
47.91		0.965685		
47.92		0.965693		
47.93		0.9657		
47.94		0.965708		
47.95		0.965715		
47.96		0.965723		
47.97		0.96573		
47.98		0.965738		
47.99		0.965746		
48		0.965753		
48.01		0.965761		
48.02		0.965768		
48.03		0.965776		
48.04		0.965783		
48.05		0.965791		
48.06		0.965799		
48.07		0.965806		
48.08		0.965814		
48.09		0.965821		
48.1		0.965829		
48.11		0.965836		
48.12		0.965844		
48.13		0.965851		
48.14		0.965859		
48.15		0.965867		
48.16		0.965874		
48.17		0.965882		
48.18		0.965889		
48.19		0.965897		
48.2		0.965904		
48.21		0.965912		
48.22		0.965919		
48.23		0.965927		
48.24		0.965934		
48.25		0.965942		
48.26		0.965949		
48.27		0.965957		
48.28		0.965964		
48.29		0.965972		
48.3		0.965979		
48.31		0.965987		
48.32		0.965994		
48.33		0.966002		
48.34		0.966009		
48.35		0.966017		
48.36		0.966024		
48.37		0.966032		
48.38		0.966039		
48.39		0.966046		
48.4		0.966054		
48.41		0.966061		
48.42		0.966069		
48.43		0.966076		
48.44		0.966084		
48.45		0.966091		
48.46		0.966099		
48.47		0.966106		
48.48		0.966113		
48.49		0.966121		
48.5		0.966128		
48.51		0.966136		
48.52		0.966143		
48.53		0.966151		
48.54		0.966158		
48.55		0.966165		
48.56		0.966173		
48.57		0.96618		
48.58		0.966188		
48.59		0.966195		
48.6		0.966203		
48.61		0.96621		
48.62		0.966217		
48.63		0.966225		
48.64		0.966232		
48.65		0.966239		
48.66		0.966247		
48.67		0.966254		
48.68		0.966262		
48.69		0.966269		
48.7		0.966276		
48.71		0.966284		
48.72		0.966291		
48.73		0.966299		
48.74		0.966306		
48.75		0.966313		
48.76		0.966321		
48.77		0.966328		
48.78		0.966335		
48.79		0.966343		
48.8		0.96635		
48.81		0.966357		
48.82		0.966365		
48.83		0.966372		
48.84		0.966379		
48.85		0.966387		
48.86		0.966394		
48.87		0.966401		
48.88		0.966409		
48.89		0.966416		
48.9		0.966423		
48.91		0.966431		
48.92		0.966438		
48.93		0.966445		
48.94		0.966453		
48.95		0.96646		
48.96		0.966467		
48.97		0.966475		
48.98		0.966482		
48.99		0.966489		
49		0.966496		
49.01		0.966504		
49.02		0.966511		
49.03		0.966518		
49.04		0.966526		
49.05		0.966533		
49.06		0.96654		
49.07		0.966547		
49.08		0.966555		
49.09		0.966562		
49.1		0.966569		
49.11		0.966576		
49.12		0.966584		
49.13		0.966591		
49.14		0.966598		
49.15		0.966605		
49.16		0.966613		
49.17		0.96662		
49.18		0.966627		
49.19		0.966634		
49.2		0.966642		
49.21		0.966649		
49.22		0.966656		
49.23		0.966663		
49.24		0.966671		
49.25		0.966678		
49.26		0.966685		
49.27		0.966692		
49.28		0.9667		
49.29		0.966707		
49.3		0.966714		
49.31		0.966721		
49.32		0.966728		
49.33		0.966736		
49.34		0.966743		
49.35		0.96675		
49.36		0.966757		
49.37		0.966764		
49.38		0.966772		
49.39		0.966779		
49.4		0.966786		
49.41		0.966793		
49.42		0.9668		
49.43		0.966807		
49.44		0.966815		
49.45		0.966822		
49.46		0.966829		
49.47		0.966836		
49.48		0.966843		
49.49		0.96685		
49.5		0.966858		
49.51		0.966865		
49.52		0.966872		
49.53		0.966879		
49.54		0.966886		
49.55		0.966893		
49.56		0.9669		
49.57		0.966908		
49.58		0.966915		
49.59		0.966922		
49.6		0.966929		
49.61		0.966936		
49.62		0.966943		
49.63		0.96695		
49.64		0.966958		
49.65		0.966965		
49.66		0.966972		
49.67		0.966979		
49.68		0.966986		
49.69		0.966993		
49.7		0.967		
49.71		0.967007		
49.72		0.967014		
49.73		0.967021		
49.74		0.967029		
49.75		0.967036		
49.76		0.967043		
49.77		0.96705		
49.78		0.967057		
49.79		0.967064		
49.8		0.967071		
49.81		0.967078		
49.82		0.967085		
49.83		0.967092		
49.84		0.967099		
49.85		0.967106		
49.86		0.967114		
49.87		0.967121		
49.88		0.967128		
49.89		0.967135		
49.9		0.967142		
49.91		0.967149		
49.92		0.967156		
49.93		0.967163		
49.94		0.96717		
49.95		0.967177		
49.96		0.967184		
49.97		0.967191		
49.98		0.967198		
49.99		0.967205		
50		0.967212		
