tau [fm]		R_Pi^-1
0.25		-0
0.26		-0.000553688		
0.27		-0.00104871		
0.28		-0.0014874		
0.29		-0.00187242		
0.3		-0.00220671		
0.31		-0.00249345		
0.32		-0.00273591		
0.33		-0.00293746		
0.34		-0.00310151		
0.35		-0.00323145		
0.36		-0.00333059		
0.37		-0.00340217		
0.38		-0.00344931		
0.39		-0.00347498		
0.4		-0.003482		
0.41		-0.00347301		
0.42		-0.00345046		
0.43		-0.00341662		
0.44		-0.00337357		
0.45		-0.00332318		
0.46		-0.00326714		
0.47		-0.00320697		
0.48		-0.00314398		
0.49		-0.00307935		
0.5		-0.00301407		
0.51		-0.002949		
0.52		-0.00288485		
0.53		-0.00282221		
0.54		-0.00276156		
0.55		-0.00270328		
0.56		-0.00264764		
0.57		-0.00259486		
0.58		-0.00254506		
0.59		-0.00249831		
0.6		-0.00245465		
0.61		-0.00241403		
0.62		-0.00237642		
0.63		-0.00234172		
0.64		-0.00230983		
0.65		-0.00228063		
0.66		-0.00225397		
0.67		-0.00222971		
0.68		-0.00220771		
0.69		-0.00218781		
0.7		-0.00216987		
0.71		-0.00215373		
0.72		-0.00213926		
0.73		-0.00212632		
0.74		-0.00211478		
0.75		-0.00210451		
0.76		-0.00209541		
0.77		-0.00208735		
0.78		-0.00208024		
0.79		-0.002074		
0.8		-0.00206852		
0.81		-0.00206374		
0.82		-0.00205959		
0.83		-0.00205599		
0.84		-0.00205289		
0.85		-0.00205024		
0.86		-0.00204799		
0.87		-0.00204609		
0.88		-0.00204451		
0.89		-0.00204321		
0.9		-0.00204216		
0.91		-0.00204134		
0.92		-0.00204072		
0.93		-0.00204027		
0.94		-0.00203999		
0.95		-0.00203984		
0.96		-0.00203982		
0.97		-0.00203992		
0.98		-0.00204012		
0.99		-0.00204041		
1		-0.00204079		
1.01		-0.00204124		
1.02		-0.00204177		
1.03		-0.00204235		
1.04		-0.002043		
1.05		-0.0020437		
1.06		-0.00204445		
1.07		-0.00204525		
1.08		-0.00204609		
1.09		-0.00204698		
1.1		-0.00204791		
1.11		-0.00204888		
1.12		-0.00204989		
1.13		-0.00205093		
1.14		-0.00205202		
1.15		-0.00205314		
1.16		-0.0020543		
1.17		-0.0020555		
1.18		-0.00205674		
1.19		-0.00205801		
1.2		-0.00205933		
1.21		-0.00206068		
1.22		-0.00206207		
1.23		-0.0020635		
1.24		-0.00206498		
1.25		-0.00206649		
1.26		-0.00206805		
1.27		-0.00206965		
1.28		-0.0020713		
1.29		-0.00207299		
1.3		-0.00207473		
1.31		-0.00207652		
1.32		-0.00207835		
1.33		-0.00208024		
1.34		-0.00208217		
1.35		-0.00208416		
1.36		-0.0020862		
1.37		-0.0020883		
1.38		-0.00209045		
1.39		-0.00209265		
1.4		-0.00209492		
1.41		-0.00209724		
1.42		-0.00209962		
1.43		-0.00210207		
1.44		-0.00210457		
1.45		-0.00210714		
1.46		-0.00210976		
1.47		-0.00211246		
1.48		-0.00211522		
1.49		-0.00211805		
1.5		-0.00212094		
1.51		-0.0021239		
1.52		-0.00212693		
1.53		-0.00213003		
1.54		-0.00213321		
1.55		-0.00213645		
1.56		-0.00213977		
1.57		-0.00214316		
1.58		-0.00214663		
1.59		-0.00215017		
1.6		-0.00215378		
1.61		-0.00215748		
1.62		-0.00216125		
1.63		-0.0021651		
1.64		-0.00216903		
1.65		-0.00217304		
1.66		-0.00217713		
1.67		-0.0021813		
1.68		-0.00218555		
1.69		-0.00218989		
1.7		-0.00219431		
1.71		-0.00219881		
1.72		-0.0022034		
1.73		-0.00220807		
1.74		-0.00221283		
1.75		-0.00221768		
1.76		-0.00222261		
1.77		-0.00222763		
1.78		-0.00223273		
1.79		-0.00223793		
1.8		-0.00224321		
1.81		-0.00224858		
1.82		-0.00225405		
1.83		-0.0022596		
1.84		-0.00226524		
1.85		-0.00227098		
1.86		-0.0022768		
1.87		-0.00228272		
1.88		-0.00228873		
1.89		-0.00229483		
1.9		-0.00230103		
1.91		-0.00230732		
1.92		-0.0023137		
1.93		-0.00232018		
1.94		-0.00232675		
1.95		-0.00233342		
1.96		-0.00234018		
1.97		-0.00234703		
1.98		-0.00235399		
1.99		-0.00236103		
2		-0.00236818		
2.01		-0.00237542		
2.02		-0.00238276		
2.03		-0.00239019		
2.04		-0.00239772		
2.05		-0.00240535		
2.06		-0.00241307		
2.07		-0.0024209		
2.08		-0.00242882		
2.09		-0.00243684		
2.1		-0.00244495		
2.11		-0.00245317		
2.12		-0.00246148		
2.13		-0.0024699		
2.14		-0.00247841		
2.15		-0.00248702		
2.16		-0.00249573		
2.17		-0.00250454		
2.18		-0.00251344		
2.19		-0.00252245		
2.2		-0.00253156		
2.21		-0.00254076		
2.22		-0.00255007		
2.23		-0.00255947		
2.24		-0.00256898		
2.25		-0.00257858		
2.26		-0.00258829		
2.27		-0.00259809		
2.28		-0.002608		
2.29		-0.002618		
2.3		-0.0026281		
2.31		-0.00263831		
2.32		-0.00264861		
2.33		-0.00265902		
2.34		-0.00266952		
2.35		-0.00268013		
2.36		-0.00269083		
2.37		-0.00270164		
2.38		-0.00271254		
2.39		-0.00272355		
2.4		-0.00273465		
2.41		-0.00274586		
2.42		-0.00275716		
2.43		-0.00276857		
2.44		-0.00278007		
2.45		-0.00279168		
2.46		-0.00280338		
2.47		-0.00281518		
2.48		-0.00282709		
2.49		-0.00283909		
2.5		-0.0028512		
2.51		-0.0028634		
2.52		-0.0028757		
2.53		-0.0028881		
2.54		-0.0029006		
2.55		-0.0029132		
2.56		-0.0029259		
2.57		-0.0029387		
2.58		-0.00295159		
2.59		-0.00296459		
2.6		-0.00297768		
2.61		-0.00299088		
2.62		-0.00300417		
2.63		-0.00301756		
2.64		-0.00303105		
2.65		-0.00304463		
2.66		-0.00305832		
2.67		-0.0030721		
2.68		-0.00308598		
2.69		-0.00309996		
2.7		-0.00311403		
2.71		-0.0031282		
2.72		-0.00314247		
2.73		-0.00315684		
2.74		-0.0031713		
2.75		-0.00318587		
2.76		-0.00320052		
2.77		-0.00321528		
2.78		-0.00323013		
2.79		-0.00324507		
2.8		-0.00326012		
2.81		-0.00327526		
2.82		-0.00329049		
2.83		-0.00330582		
2.84		-0.00332125		
2.85		-0.00333677		
2.86		-0.00335239		
2.87		-0.0033681		
2.88		-0.0033839		
2.89		-0.00339981		
2.9		-0.0034158		
2.91		-0.00343189		
2.92		-0.00344808		
2.93		-0.00346435		
2.94		-0.00348073		
2.95		-0.00349719		
2.96		-0.00351375		
2.97		-0.0035304		
2.98		-0.00354715		
2.99		-0.00356399		
3		-0.00358092		
3.01		-0.00359794		
3.02		-0.00361506		
3.03		-0.00363226		
3.04		-0.00364956		
3.05		-0.00366696		
3.06		-0.00368444		
3.07		-0.00370201		
3.08		-0.00371968		
3.09		-0.00373744		
3.1		-0.00375528		
3.11		-0.00377322		
3.12		-0.00379125		
3.13		-0.00380937		
3.14		-0.00382758		
3.15		-0.00384588		
3.16		-0.00386426		
3.17		-0.00388274		
3.18		-0.00390131		
3.19		-0.00391996		
3.2		-0.00393871		
3.21		-0.00395754		
3.22		-0.00397646		
3.23		-0.00399547		
3.24		-0.00401457		
3.25		-0.00403375		
3.26		-0.00405302		
3.27		-0.00407238		
3.28		-0.00409183		
3.29		-0.00411136		
3.3		-0.00413098		
3.31		-0.00415069		
3.32		-0.00417048		
3.33		-0.00419036		
3.34		-0.00421033		
3.35		-0.00423038		
3.36		-0.00425051		
3.37		-0.00427073		
3.38		-0.00429104		
3.39		-0.00431143		
3.4		-0.0043319		
3.41		-0.00435246		
3.42		-0.00437311		
3.43		-0.00439383		
3.44		-0.00441464		
3.45		-0.00443554		
3.46		-0.00445651		
3.47		-0.00447757		
3.48		-0.00449872		
3.49		-0.00451994		
3.5		-0.00454125		
3.51		-0.00456264		
3.52		-0.00458411		
3.53		-0.00460566		
3.54		-0.0046273		
3.55		-0.00464901		
3.56		-0.00467081		
3.57		-0.00469269		
3.58		-0.00471464		
3.59		-0.00473668		
3.6		-0.0047588		
3.61		-0.004781		
3.62		-0.00480327		
3.63		-0.00482563		
3.64		-0.00484806		
3.65		-0.00487058		
3.66		-0.00489317		
3.67		-0.00491584		
3.68		-0.00493859		
3.69		-0.00496142		
3.7		-0.00498433		
3.71		-0.00500731		
3.72		-0.00503037		
3.73		-0.00505351		
3.74		-0.00507672		
3.75		-0.00510001		
3.76		-0.00512338		
3.77		-0.00514682		
3.78		-0.00517034		
3.79		-0.00519394		
3.8		-0.00521761		
3.81		-0.00524136		
3.82		-0.00526518		
3.83		-0.00528907		
3.84		-0.00531305		
3.85		-0.00533709		
3.86		-0.00536121		
3.87		-0.0053854		
3.88		-0.00540967		
3.89		-0.00543401		
3.9		-0.00545842		
3.91		-0.00548291		
3.92		-0.00550747		
3.93		-0.0055321		
3.94		-0.00555681		
3.95		-0.00558158		
3.96		-0.00560643		
3.97		-0.00563135		
3.98		-0.00565635		
3.99		-0.00568141		
4		-0.00570654		
4.01		-0.00573175		
4.02		-0.00575702		
4.03		-0.00578237		
4.04		-0.00580779		
4.05		-0.00583327		
4.06		-0.00585883		
4.07		-0.00588445		
4.08		-0.00591015		
4.09		-0.00593591		
4.1		-0.00596175		
4.11		-0.00598765		
4.12		-0.00601362		
4.13		-0.00603965		
4.14		-0.00606576		
4.15		-0.00609193		
4.16		-0.00611817		
4.17		-0.00614448		
4.18		-0.00617086		
4.19		-0.0061973		
4.2		-0.00622381		
4.21		-0.00625038		
4.22		-0.00627702		
4.23		-0.00630373		
4.24		-0.0063305		
4.25		-0.00635734		
4.26		-0.00638425		
4.27		-0.00641121		
4.28		-0.00643825		
4.29		-0.00646535		
4.3		-0.00649251		
4.31		-0.00651974		
4.32		-0.00654703		
4.33		-0.00657438		
4.34		-0.0066018		
4.35		-0.00662928		
4.36		-0.00665683		
4.37		-0.00668444		
4.38		-0.00671211		
4.39		-0.00673984		
4.4		-0.00676764		
4.41		-0.0067955		
4.42		-0.00682342		
4.43		-0.0068514		
4.44		-0.00687944		
4.45		-0.00690754		
4.46		-0.00693571		
4.47		-0.00696394		
4.48		-0.00699222		
4.49		-0.00702057		
4.5		-0.00704898		
4.51		-0.00707744		
4.52		-0.00710597		
4.53		-0.00713456		
4.54		-0.0071632		
4.55		-0.00719191		
4.56		-0.00722067		
4.57		-0.0072495		
4.58		-0.00727838		
4.59		-0.00730732		
4.6		-0.00733632		
4.61		-0.00736537		
4.62		-0.00739449		
4.63		-0.00742366		
4.64		-0.00745288		
4.65		-0.00748217		
4.66		-0.00751151		
4.67		-0.00754091		
4.68		-0.00757037		
4.69		-0.00759988		
4.7		-0.00762945		
4.71		-0.00765907		
4.72		-0.00768875		
4.73		-0.00771849		
4.74		-0.00774828		
4.75		-0.00777812		
4.76		-0.00780802		
4.77		-0.00783798		
4.78		-0.00786799		
4.79		-0.00789805		
4.8		-0.00792817		
4.81		-0.00795834		
4.82		-0.00798857		
4.83		-0.00801885		
4.84		-0.00804918		
4.85		-0.00807957		
4.86		-0.00811001		
4.87		-0.0081405		
4.88		-0.00817104		
4.89		-0.00820164		
4.9		-0.00823229		
4.91		-0.00826299		
4.92		-0.00829374		
4.93		-0.00832454		
4.94		-0.0083554		
4.95		-0.0083863		
4.96		-0.00841726		
4.97		-0.00844827		
4.98		-0.00847933		
4.99		-0.00851044		
5		-0.00854159		
5.01		-0.0085728		
5.02		-0.00860406		
5.03		-0.00863537		
5.04		-0.00866673		
5.05		-0.00869814		
5.06		-0.00872959		
5.07		-0.0087611		
5.08		-0.00879265		
5.09		-0.00882426		
5.1		-0.00885591		
5.11		-0.00888761		
5.12		-0.00891935		
5.13		-0.00895115		
5.14		-0.00898299		
5.15		-0.00901488		
5.16		-0.00904682		
5.17		-0.0090788		
5.18		-0.00911083		
5.19		-0.00914291		
5.2		-0.00917503		
5.21		-0.0092072		
5.22		-0.00923942		
5.23		-0.00927168		
5.24		-0.00930399		
5.25		-0.00933634		
5.26		-0.00936874		
5.27		-0.00940119		
5.28		-0.00943367		
5.29		-0.00946621		
5.3		-0.00949879		
5.31		-0.00953141		
5.32		-0.00956408		
5.33		-0.00959679		
5.34		-0.00962955		
5.35		-0.00966235		
5.36		-0.00969519		
5.37		-0.00972808		
5.38		-0.009761		
5.39		-0.00979398		
5.4		-0.00982699		
5.41		-0.00986005		
5.42		-0.00989315		
5.43		-0.0099263		
5.44		-0.00995948		
5.45		-0.00999271		
5.46		-0.010026		
5.47		-0.0100593		
5.48		-0.0100926		
5.49		-0.010126		
5.5		-0.0101595		
5.51		-0.0101929		
5.52		-0.0102265		
5.53		-0.01026		
5.54		-0.0102936		
5.55		-0.0103273		
5.56		-0.0103609		
5.57		-0.0103947		
5.58		-0.0104284		
5.59		-0.0104622		
5.6		-0.0104961		
5.61		-0.0105299		
5.62		-0.0105638		
5.63		-0.0105978		
5.64		-0.0106318		
5.65		-0.0106658		
5.66		-0.0106999		
5.67		-0.010734		
5.68		-0.0107682		
5.69		-0.0108023		
5.7		-0.0108366		
5.71		-0.0108708		
5.72		-0.0109051		
5.73		-0.0109395		
5.74		-0.0109738		
5.75		-0.0110082		
5.76		-0.0110427		
5.77		-0.0110772		
5.78		-0.0111117		
5.79		-0.0111462		
5.8		-0.0111808		
5.81		-0.0112155		
5.82		-0.0112501		
5.83		-0.0112848		
5.84		-0.0113196		
5.85		-0.0113543		
5.86		-0.0113891		
5.87		-0.011424		
5.88		-0.0114589		
5.89		-0.0114938		
5.9		-0.0115287		
5.91		-0.0115637		
5.92		-0.0115987		
5.93		-0.0116338		
5.94		-0.0116688		
5.95		-0.011704		
5.96		-0.0117391		
5.97		-0.0117743		
5.98		-0.0118095		
5.99		-0.0118448		
6		-0.01188		
6.01		-0.0119154		
6.02		-0.0119507		
6.03		-0.0119861		
6.04		-0.0120215		
6.05		-0.0120569		
6.06		-0.0120924		
6.07		-0.0121279		
6.08		-0.0121635		
6.09		-0.0121991		
6.1		-0.0122347		
6.11		-0.0122703		
6.12		-0.012306		
6.13		-0.0123417		
6.14		-0.0123774		
6.15		-0.0124132		
6.16		-0.0124489		
6.17		-0.0124848		
6.18		-0.0125206		
6.19		-0.0125565		
6.2		-0.0125924		
6.21		-0.0126284		
6.22		-0.0126643		
6.23		-0.0127003		
6.24		-0.0127364		
6.25		-0.0127724		
6.26		-0.0128085		
6.27		-0.0128446		
6.28		-0.0128808		
6.29		-0.012917		
6.3		-0.0129532		
6.31		-0.0129894		
6.32		-0.0130257		
6.33		-0.013062		
6.34		-0.0130983		
6.35		-0.0131346		
6.36		-0.013171		
6.37		-0.0132074		
6.38		-0.0132438		
6.39		-0.0132803		
6.4		-0.0133168		
6.41		-0.0133533		
6.42		-0.0133898		
6.43		-0.0134264		
6.44		-0.013463		
6.45		-0.0134996		
6.46		-0.0135362		
6.47		-0.0135729		
6.48		-0.0136096		
6.49		-0.0136463		
6.5		-0.0136831		
6.51		-0.0137199		
6.52		-0.0137567		
6.53		-0.0137935		
6.54		-0.0138303		
6.55		-0.0138672		
6.56		-0.0139041		
6.57		-0.013941		
6.58		-0.013978		
6.59		-0.014015		
6.6		-0.014052		
6.61		-0.014089		
6.62		-0.014126		
6.63		-0.0141631		
6.64		-0.0142002		
6.65		-0.0142373		
6.66		-0.0142745		
6.67		-0.0143117		
6.68		-0.0143488		
6.69		-0.0143861		
6.7		-0.0144233		
6.71		-0.0144606		
6.72		-0.0144978		
6.73		-0.0145352		
6.74		-0.0145725		
6.75		-0.0146098		
6.76		-0.0146472		
6.77		-0.0146846		
6.78		-0.014722		
6.79		-0.0147595		
6.8		-0.0147969		
6.81		-0.0148344		
6.82		-0.0148719		
6.83		-0.0149095		
6.84		-0.014947		
6.85		-0.0149846		
6.86		-0.0150222		
6.87		-0.0150598		
6.88		-0.0150974		
6.89		-0.0151351		
6.9		-0.0151728		
6.91		-0.0152105		
6.92		-0.0152482		
6.93		-0.0152859		
6.94		-0.0153237		
6.95		-0.0153614		
6.96		-0.0153992		
6.97		-0.0154371		
6.98		-0.0154749		
6.99		-0.0155128		
7		-0.0155506		
7.01		-0.0155885		
7.02		-0.0156264		
7.03		-0.0156644		
7.04		-0.0157023		
7.05		-0.0157403		
7.06		-0.0157783		
7.07		-0.0158163		
7.08		-0.0158543		
7.09		-0.0158924		
7.1		-0.0159304		
7.11		-0.0159685		
7.12		-0.0160066		
7.13		-0.0160447		
7.14		-0.0160829		
7.15		-0.016121		
7.16		-0.0161592		
7.17		-0.0161974		
7.18		-0.0162356		
7.19		-0.0162738		
7.2		-0.0163121		
7.21		-0.0163503		
7.22		-0.0163886		
7.23		-0.0164269		
7.24		-0.0164652		
7.25		-0.0165035		
7.26		-0.0165419		
7.27		-0.0165802		
7.28		-0.0166186		
7.29		-0.016657		
7.3		-0.0166954		
7.31		-0.0167338		
7.32		-0.0167723		
7.33		-0.0168107		
7.34		-0.0168492		
7.35		-0.0168877		
7.36		-0.0169262		
7.37		-0.0169647		
7.38		-0.0170032		
7.39		-0.0170418		
7.4		-0.0170803		
7.41		-0.0171189		
7.42		-0.0171575		
7.43		-0.0171961		
7.44		-0.0172347		
7.45		-0.0172734		
7.46		-0.017312		
7.47		-0.0173507		
7.48		-0.0173894		
7.49		-0.017428		
7.5		-0.0174667		
7.51		-0.0175055		
7.52		-0.0175442		
7.53		-0.0175829		
7.54		-0.0176217		
7.55		-0.0176605		
7.56		-0.0176993		
7.57		-0.0177381		
7.58		-0.0177769		
7.59		-0.0178157		
7.6		-0.0178545		
7.61		-0.0178934		
7.62		-0.0179323		
7.63		-0.0179711		
7.64		-0.01801		
7.65		-0.0180489		
7.66		-0.0180878		
7.67		-0.0181268		
7.68		-0.0181657		
7.69		-0.0182046		
7.7		-0.0182436		
7.71		-0.0182826		
7.72		-0.0183216		
7.73		-0.0183606		
7.74		-0.0183996		
7.75		-0.0184386		
7.76		-0.0184776		
7.77		-0.0185166		
7.78		-0.0185557		
7.79		-0.0185948		
7.8		-0.0186338		
7.81		-0.0186729		
7.82		-0.018712		
7.83		-0.0187511		
7.84		-0.0187902		
7.85		-0.0188294		
7.86		-0.0188685		
7.87		-0.0189076		
7.88		-0.0189468		
7.89		-0.018986		
7.9		-0.0190251		
7.91		-0.0190643		
7.92		-0.0191035		
7.93		-0.0191427		
7.94		-0.019182		
7.95		-0.0192212		
7.96		-0.0192604		
7.97		-0.0192997		
7.98		-0.0193389		
7.99		-0.0193782		
8		-0.0194174		
8.01		-0.0194567		
8.02		-0.019496		
8.03		-0.0195353		
8.04		-0.0195746		
8.05		-0.0196139		
8.06		-0.0196533		
8.07		-0.0196926		
8.08		-0.0197319		
8.09		-0.0197713		
8.1		-0.0198106		
8.11		-0.01985		
8.12		-0.0198894		
8.13		-0.0199287		
8.14		-0.0199681		
8.15		-0.0200075		
8.16		-0.0200469		
8.17		-0.0200863		
8.18		-0.0201257		
8.19		-0.0201652		
8.2		-0.0202046		
8.21		-0.020244		
8.22		-0.0202835		
8.23		-0.0203229		
8.24		-0.0203624		
8.25		-0.0204019		
8.26		-0.0204413		
8.27		-0.0204808		
8.28		-0.0205203		
8.29		-0.0205598		
8.3		-0.0205993		
8.31		-0.0206388		
8.32		-0.0206783		
8.33		-0.0207178		
8.34		-0.0207574		
8.35		-0.0207969		
8.36		-0.0208364		
8.37		-0.020876		
8.38		-0.0209155		
8.39		-0.0209551		
8.4		-0.0209946		
8.41		-0.0210342		
8.42		-0.0210738		
8.43		-0.0211133		
8.44		-0.0211529		
8.45		-0.0211925		
8.46		-0.0212321		
8.47		-0.0212717		
8.48		-0.0213113		
8.49		-0.0213509		
8.5		-0.0213905		
8.51		-0.0214301		
8.52		-0.0214697		
8.53		-0.0215093		
8.54		-0.021549		
8.55		-0.0215886		
8.56		-0.0216282		
8.57		-0.0216679		
8.58		-0.0217075		
8.59		-0.0217472		
8.6		-0.0217868		
8.61		-0.0218265		
8.62		-0.0218661		
8.63		-0.0219058		
8.64		-0.0219455		
8.65		-0.0219851		
8.66		-0.0220248		
8.67		-0.0220645		
8.68		-0.0221042		
8.69		-0.0221439		
8.7		-0.0221835		
8.71		-0.0222232		
8.72		-0.0222629		
8.73		-0.0223026		
8.74		-0.0223423		
8.75		-0.022382		
8.76		-0.0224217		
8.77		-0.0224614		
8.78		-0.0225012		
8.79		-0.0225409		
8.8		-0.0225806		
8.81		-0.0226203		
8.82		-0.02266		
8.83		-0.0226997		
8.84		-0.0227395		
8.85		-0.0227792		
8.86		-0.0228189		
8.87		-0.0228587		
8.88		-0.0228984		
8.89		-0.0229381		
8.9		-0.0229779		
8.91		-0.0230176		
8.92		-0.0230573		
8.93		-0.0230971		
8.94		-0.0231368		
8.95		-0.0231766		
8.96		-0.0232163		
8.97		-0.0232561		
8.98		-0.0232958		
8.99		-0.0233356		
9		-0.0233753		
9.01		-0.0234151		
9.02		-0.0234548		
9.03		-0.0234946		
9.04		-0.0235343		
9.05		-0.0235741		
9.06		-0.0236139		
9.07		-0.0236536		
9.08		-0.0236934		
9.09		-0.0237331		
9.1		-0.0237729		
9.11		-0.0238126		
9.12		-0.0238524		
9.13		-0.0238922		
9.14		-0.0239319		
9.15		-0.0239717		
9.16		-0.0240115		
9.17		-0.0240512		
9.18		-0.024091		
9.19		-0.0241307		
9.2		-0.0241705		
9.21		-0.0242103		
9.22		-0.02425		
9.23		-0.0242898		
9.24		-0.0243295		
9.25		-0.0243693		
9.26		-0.0244091		
9.27		-0.0244488		
9.28		-0.0244886		
9.29		-0.0245283		
9.3		-0.0245681		
9.31		-0.0246078		
9.32		-0.0246476		
9.33		-0.0246873		
9.34		-0.0247271		
9.35		-0.0247669		
9.36		-0.0248066		
9.37		-0.0248464		
9.38		-0.0248861		
9.39		-0.0249258		
9.4		-0.0249656		
9.41		-0.0250053		
9.42		-0.0250451		
9.43		-0.0250848		
9.44		-0.0251246		
9.45		-0.0251643		
9.46		-0.025204		
9.47		-0.0252438		
9.48		-0.0252835		
9.49		-0.0253232		
9.5		-0.025363		
9.51		-0.0254027		
9.52		-0.0254424		
9.53		-0.0254821		
9.54		-0.0255219		
9.55		-0.0255616		
9.56		-0.0256013		
9.57		-0.025641		
9.58		-0.0256807		
9.59		-0.0257204		
9.6		-0.0257601		
9.61		-0.0257999		
9.62		-0.0258396		
9.63		-0.0258793		
9.64		-0.025919		
9.65		-0.0259587		
9.66		-0.0259983		
9.67		-0.026038		
9.68		-0.0260777		
9.69		-0.0261174		
9.7		-0.0261571		
9.71		-0.0261968		
9.72		-0.0262364		
9.73		-0.0262761		
9.74		-0.0263158		
9.75		-0.0263554		
9.76		-0.0263951		
9.77		-0.0264348		
9.78		-0.0264744		
9.79		-0.0265141		
9.8		-0.0265537		
9.81		-0.0265934		
9.82		-0.026633		
9.83		-0.0266727		
9.84		-0.0267123		
9.85		-0.0267519		
9.86		-0.0267916		
9.87		-0.0268312		
9.88		-0.0268708		
9.89		-0.0269104		
9.9		-0.02695		
9.91		-0.0269896		
9.92		-0.0270292		
9.93		-0.0270688		
9.94		-0.0271084		
9.95		-0.027148		
9.96		-0.0271876		
9.97		-0.0272272		
9.98		-0.0272668		
9.99		-0.0273064		
10		-0.0273459		
10.01		-0.0273855		
10.02		-0.0274251		
10.03		-0.0274646		
10.04		-0.0275042		
10.05		-0.0275437		
10.06		-0.0275833		
10.07		-0.0276228		
10.08		-0.0276624		
10.09		-0.0277019		
10.1		-0.0277414		
10.11		-0.0277809		
10.12		-0.0278205		
10.13		-0.02786		
10.14		-0.0278995		
10.15		-0.027939		
10.16		-0.0279785		
10.17		-0.028018		
10.18		-0.0280575		
10.19		-0.0280969		
10.2		-0.0281364		
10.21		-0.0281759		
10.22		-0.0282154		
10.23		-0.0282548		
10.24		-0.0282943		
10.25		-0.0283337		
10.26		-0.0283732		
10.27		-0.0284126		
10.28		-0.0284521		
10.29		-0.0284915		
10.3		-0.0285309		
10.31		-0.0285703		
10.32		-0.0286097		
10.33		-0.0286492		
10.34		-0.0286886		
10.35		-0.0287279		
10.36		-0.0287673		
10.37		-0.0288067		
10.38		-0.0288461		
10.39		-0.0288855		
10.4		-0.0289248		
10.41		-0.0289642		
10.42		-0.0290036		
10.43		-0.0290429		
10.44		-0.0290823		
10.45		-0.0291216		
10.46		-0.0291609		
10.47		-0.0292003		
10.48		-0.0292396		
10.49		-0.0292789		
10.5		-0.0293182		
10.51		-0.0293575		
10.52		-0.0293968		
10.53		-0.0294361		
10.54		-0.0294754		
10.55		-0.0295146		
10.56		-0.0295539		
10.57		-0.0295932		
10.58		-0.0296324		
10.59		-0.0296717		
10.6		-0.0297109		
10.61		-0.0297502		
10.62		-0.0297894		
10.63		-0.0298286		
10.64		-0.0298678		
10.65		-0.0299071		
10.66		-0.0299463		
10.67		-0.0299855		
10.68		-0.0300247		
10.69		-0.0300638		
10.7		-0.030103		
10.71		-0.0301422		
10.72		-0.0301813		
10.73		-0.0302205		
10.74		-0.0302597		
10.75		-0.0302988		
10.76		-0.0303379		
10.77		-0.0303771		
10.78		-0.0304162		
10.79		-0.0304553		
10.8		-0.0304944		
10.81		-0.0305335		
10.82		-0.0305726		
10.83		-0.0306117		
10.84		-0.0306508		
10.85		-0.0306899		
10.86		-0.0307289		
10.87		-0.030768		
10.88		-0.030807		
10.89		-0.0308461		
10.9		-0.0308851		
10.91		-0.0309241		
10.92		-0.0309632		
10.93		-0.0310022		
10.94		-0.0310412		
10.95		-0.0310802		
10.96		-0.0311192		
10.97		-0.0311582		
10.98		-0.0311972		
10.99		-0.0312361		
11		-0.0312751		
11.01		-0.031314		
11.02		-0.031353		
11.03		-0.0313919		
11.04		-0.0314309		
11.05		-0.0314698		
11.06		-0.0315087		
11.07		-0.0315476		
11.08		-0.0315865		
11.09		-0.0316254		
11.1		-0.0316643		
11.11		-0.0317032		
11.12		-0.0317421		
11.13		-0.0317809		
11.14		-0.0318198		
11.15		-0.0318586		
11.16		-0.0318975		
11.17		-0.0319363		
11.18		-0.0319751		
11.19		-0.0320139		
11.2		-0.0320528		
11.21		-0.0320916		
11.22		-0.0321303		
11.23		-0.0321691		
11.24		-0.0322079		
11.25		-0.0322467		
11.26		-0.0322854		
11.27		-0.0323242		
11.28		-0.0323629		
11.29		-0.0324017		
11.3		-0.0324404		
11.31		-0.0324791		
11.32		-0.0325178		
11.33		-0.0325565		
11.34		-0.0325952		
11.35		-0.0326339		
11.36		-0.0326726		
11.37		-0.0327113		
11.38		-0.03275		
11.39		-0.0327886		
11.4		-0.0328273		
11.41		-0.0328659		
11.42		-0.0329045		
11.43		-0.0329432		
11.44		-0.0329818		
11.45		-0.0330204		
11.46		-0.033059		
11.47		-0.0330976		
11.48		-0.0331361		
11.49		-0.0331747		
11.5		-0.0332133		
11.51		-0.0332518		
11.52		-0.0332904		
11.53		-0.0333289		
11.54		-0.0333675		
11.55		-0.033406		
11.56		-0.0334445		
11.57		-0.033483		
11.58		-0.0335215		
11.59		-0.03356		
11.6		-0.0335985		
11.61		-0.033637		
11.62		-0.0336754		
11.63		-0.0337139		
11.64		-0.0337523		
11.65		-0.0337908		
11.66		-0.0338292		
11.67		-0.0338676		
11.68		-0.033906		
11.69		-0.0339444		
11.7		-0.0339828		
11.71		-0.0340212		
11.72		-0.0340596		
11.73		-0.034098		
11.74		-0.0341364		
11.75		-0.0341747		
11.76		-0.0342131		
11.77		-0.0342514		
11.78		-0.0342897		
11.79		-0.034328		
11.8		-0.0343664		
11.81		-0.0344047		
11.82		-0.034443		
11.83		-0.0344812		
11.84		-0.0345195		
11.85		-0.0345578		
11.86		-0.0345961		
11.87		-0.0346343		
11.88		-0.0346725		
11.89		-0.0347108		
11.9		-0.034749		
11.91		-0.0347872		
11.92		-0.0348254		
11.93		-0.0348636		
11.94		-0.0349018		
11.95		-0.03494		
11.96		-0.0349782		
11.97		-0.0350164		
11.98		-0.0350545		
11.99		-0.0350927		
12		-0.0351308		
12.01		-0.0351689		
12.02		-0.0352071		
12.03		-0.0352452		
12.04		-0.0352833		
12.05		-0.0353214		
12.06		-0.0353595		
12.07		-0.0353975		
12.08		-0.0354356		
12.09		-0.0354737		
12.1		-0.0355117		
12.11		-0.0355498		
12.12		-0.0355878		
12.13		-0.0356258		
12.14		-0.0356639		
12.15		-0.0357019		
12.16		-0.0357399		
12.17		-0.0357779		
12.18		-0.0358159		
12.19		-0.0358538		
12.2		-0.0358918		
12.21		-0.0359298		
12.22		-0.0359677		
12.23		-0.0360057		
12.24		-0.0360436		
12.25		-0.0360815		
12.26		-0.0361194		
12.27		-0.0361573		
12.28		-0.0361952		
12.29		-0.0362331		
12.3		-0.036271		
12.31		-0.0363089		
12.32		-0.0363468		
12.33		-0.0363846		
12.34		-0.0364225		
12.35		-0.0364603		
12.36		-0.0364981		
12.37		-0.036536		
12.38		-0.0365738		
12.39		-0.0366116		
12.4		-0.0366494		
12.41		-0.0366872		
12.42		-0.0367249		
12.43		-0.0367627		
12.44		-0.0368005		
12.45		-0.0368382		
12.46		-0.036876		
12.47		-0.0369137		
12.48		-0.0369514		
12.49		-0.0369892		
12.5		-0.0370269		
12.51		-0.0370646		
12.52		-0.0371023		
12.53		-0.03714		
12.54		-0.0371777		
12.55		-0.0372153		
12.56		-0.037253		
12.57		-0.0372906		
12.58		-0.0373283		
12.59		-0.0373659		
12.6		-0.0374035		
12.61		-0.0374412		
12.62		-0.0374788		
12.63		-0.0375164		
12.64		-0.037554		
12.65		-0.0375916		
12.66		-0.0376291		
12.67		-0.0376667		
12.68		-0.0377043		
12.69		-0.0377418		
12.7		-0.0377794		
12.71		-0.0378169		
12.72		-0.0378545		
12.73		-0.037892		
12.74		-0.0379295		
12.75		-0.037967		
12.76		-0.0380045		
12.77		-0.038042		
12.78		-0.0380795		
12.79		-0.0381169		
12.8		-0.0381544		
12.81		-0.0381919		
12.82		-0.0382293		
12.83		-0.0382667		
12.84		-0.0383042		
12.85		-0.0383416		
12.86		-0.038379		
12.87		-0.0384164		
12.88		-0.0384538		
12.89		-0.0384912		
12.9		-0.0385286		
12.91		-0.038566		
12.92		-0.0386034		
12.93		-0.0386407		
12.94		-0.0386781		
12.95		-0.0387154		
12.96		-0.0387528		
12.97		-0.0387901		
12.98		-0.0388274		
12.99		-0.0388647		
13		-0.038902		
13.01		-0.0389393		
13.02		-0.0389766		
13.03		-0.0390139		
13.04		-0.0390512		
13.05		-0.0390884		
13.06		-0.0391257		
13.07		-0.039163		
13.08		-0.0392002		
13.09		-0.0392374		
13.1		-0.0392747		
13.11		-0.0393119		
13.12		-0.0393491		
13.13		-0.0393863		
13.14		-0.0394235		
13.15		-0.0394607		
13.16		-0.0394979		
13.17		-0.0395351		
13.18		-0.0395722		
13.19		-0.0396094		
13.2		-0.0396466		
13.21		-0.0396837		
13.22		-0.0397208		
13.23		-0.039758		
13.24		-0.0397951		
13.25		-0.0398322		
13.26		-0.0398693		
13.27		-0.0399064		
13.28		-0.0399435		
13.29		-0.0399806		
13.3		-0.0400177		
13.31		-0.0400548		
13.32		-0.0400919		
13.33		-0.0401289		
13.34		-0.040166		
13.35		-0.040203		
13.36		-0.0402401		
13.37		-0.0402771		
13.38		-0.0403141		
13.39		-0.0403511		
13.4		-0.0403882		
13.41		-0.0404252		
13.42		-0.0404622		
13.43		-0.0404992		
13.44		-0.0405361		
13.45		-0.0405731		
13.46		-0.0406101		
13.47		-0.0406471		
13.48		-0.040684		
13.49		-0.040721		
13.5		-0.0407579		
13.51		-0.0407949		
13.52		-0.0408318		
13.53		-0.0408687		
13.54		-0.0409056		
13.55		-0.0409426		
13.56		-0.0409795		
13.57		-0.0410164		
13.58		-0.0410533		
13.59		-0.0410901		
13.6		-0.041127		
13.61		-0.0411639		
13.62		-0.0412008		
13.63		-0.0412376		
13.64		-0.0412745		
13.65		-0.0413113		
13.66		-0.0413482		
13.67		-0.041385		
13.68		-0.0414218		
13.69		-0.0414587		
13.7		-0.0414955		
13.71		-0.0415323		
13.72		-0.0415691		
13.73		-0.0416059		
13.74		-0.0416427		
13.75		-0.0416795		
13.76		-0.0417163		
13.77		-0.0417531		
13.78		-0.0417898		
13.79		-0.0418266		
13.8		-0.0418634		
13.81		-0.0419001		
13.82		-0.0419369		
13.83		-0.0419736		
13.84		-0.0420103		
13.85		-0.0420471		
13.86		-0.0420838		
13.87		-0.0421205		
13.88		-0.0421572		
13.89		-0.042194		
13.9		-0.0422307		
13.91		-0.0422674		
13.92		-0.0423041		
13.93		-0.0423407		
13.94		-0.0423774		
13.95		-0.0424141		
13.96		-0.0424508		
13.97		-0.0424874		
13.98		-0.0425241		
13.99		-0.0425608		
14		-0.0425974		
14.01		-0.0426341		
14.02		-0.0426707		
14.03		-0.0427074		
14.04		-0.042744		
14.05		-0.0427806		
14.06		-0.0428172		
14.07		-0.0428539		
14.08		-0.0428905		
14.09		-0.0429271		
14.1		-0.0429637		
14.11		-0.0430003		
14.12		-0.0430369		
14.13		-0.0430735		
14.14		-0.0431101		
14.15		-0.0431466		
14.16		-0.0431832		
14.17		-0.0432198		
14.18		-0.0432564		
14.19		-0.0432929		
14.2		-0.0433295		
14.21		-0.043366		
14.22		-0.0434026		
14.23		-0.0434391		
14.24		-0.0434757		
14.25		-0.0435122		
14.26		-0.0435488		
14.27		-0.0435853		
14.28		-0.0436218		
14.29		-0.0436583		
14.3		-0.0436949		
14.31		-0.0437314		
14.32		-0.0437679		
14.33		-0.0438044		
14.34		-0.0438409		
14.35		-0.0438774		
14.36		-0.0439139		
14.37		-0.0439504		
14.38		-0.0439869		
14.39		-0.0440234		
14.4		-0.0440599		
14.41		-0.0440963		
14.42		-0.0441328		
14.43		-0.0441693		
14.44		-0.0442058		
14.45		-0.0442422		
14.46		-0.0442787		
14.47		-0.0443152		
14.48		-0.0443516		
14.49		-0.0443881		
14.5		-0.0444245		
14.51		-0.044461		
14.52		-0.0444974		
14.53		-0.0445339		
14.54		-0.0445703		
14.55		-0.0446067		
14.56		-0.0446432		
14.57		-0.0446796		
14.58		-0.044716		
14.59		-0.0447524		
14.6		-0.0447889		
14.61		-0.0448253		
14.62		-0.0448617		
14.63		-0.0448981		
14.64		-0.0449345		
14.65		-0.044971		
14.66		-0.0450074		
14.67		-0.0450438		
14.68		-0.0450802		
14.69		-0.0451166		
14.7		-0.045153		
14.71		-0.0451894		
14.72		-0.0452258		
14.73		-0.0452622		
14.74		-0.0452986		
14.75		-0.045335		
14.76		-0.0453713		
14.77		-0.0454077		
14.78		-0.0454441		
14.79		-0.0454805		
14.8		-0.0455169		
14.81		-0.0455533		
14.82		-0.0455896		
14.83		-0.045626		
14.84		-0.0456624		
14.85		-0.0456988		
14.86		-0.0457351		
14.87		-0.0457715		
14.88		-0.0458079		
14.89		-0.0458443		
14.9		-0.0458806		
14.91		-0.045917		
14.92		-0.0459534		
14.93		-0.0459897		
14.94		-0.0460261		
14.95		-0.0460625		
14.96		-0.0460988		
14.97		-0.0461352		
14.98		-0.0461715		
14.99		-0.0462079		
15		-0.0462443		
15.01		-0.0462806		
15.02		-0.046317		
15.03		-0.0463533		
15.04		-0.0463897		
15.05		-0.0464261		
15.06		-0.0464624		
15.07		-0.0464988		
15.08		-0.0465351		
15.09		-0.0465715		
15.1		-0.0466079		
15.11		-0.0466442		
15.12		-0.0466806		
15.13		-0.0467169		
15.14		-0.0467533		
15.15		-0.0467897		
15.16		-0.046826		
15.17		-0.0468624		
15.18		-0.0468987		
15.19		-0.0469351		
15.2		-0.0469714		
15.21		-0.0470078		
15.22		-0.0470442		
15.23		-0.0470805		
15.24		-0.0471169		
15.25		-0.0471533		
15.26		-0.0471896		
15.27		-0.047226		
15.28		-0.0472624		
15.29		-0.0472987		
15.3		-0.0473351		
15.31		-0.0473715		
15.32		-0.0474078		
15.33		-0.0474442		
15.34		-0.0474806		
15.35		-0.047517		
15.36		-0.0475533		
15.37		-0.0475897		
15.38		-0.0476261		
15.39		-0.0476625		
15.4		-0.0476989		
15.41		-0.0477352		
15.42		-0.0477716		
15.43		-0.047808		
15.44		-0.0478444		
15.45		-0.0478808		
15.46		-0.0479172		
15.47		-0.0479536		
15.48		-0.04799		
15.49		-0.0480264		
15.5		-0.0480628		
15.51		-0.0480992		
15.52		-0.0481356		
15.53		-0.048172		
15.54		-0.0482084		
15.55		-0.0482448		
15.56		-0.0482813		
15.57		-0.0483177		
15.58		-0.0483541		
15.59		-0.0483905		
15.6		-0.048427		
15.61		-0.0484634		
15.62		-0.0484998		
15.63		-0.0485363		
15.64		-0.0485727		
15.65		-0.0486092		
15.66		-0.0486456		
15.67		-0.048682		
15.68		-0.0487185		
15.69		-0.048755		
15.7		-0.0487914		
15.71		-0.0488279		
15.72		-0.0488644		
15.73		-0.0489008		
15.74		-0.0489373		
15.75		-0.0489738		
15.76		-0.0490103		
15.77		-0.0490468		
15.78		-0.0490832		
15.79		-0.0491197		
15.8		-0.0491562		
15.81		-0.0491927		
15.82		-0.0492293		
15.83		-0.0492658		
15.84		-0.0493023		
15.85		-0.0493388		
15.86		-0.0493753		
15.87		-0.0494119		
15.88		-0.0494484		
15.89		-0.0494849		
15.9		-0.0495215		
15.91		-0.049558		
15.92		-0.0495946		
15.93		-0.0496311		
15.94		-0.0496677		
15.95		-0.0497043		
15.96		-0.0497409		
15.97		-0.0497774		
15.98		-0.049814		
15.99		-0.0498506		
16		-0.0498872		
16.01		-0.0499238		
16.02		-0.0499604		
16.03		-0.049997		
16.04		-0.0500336		
16.05		-0.0500703		
16.06		-0.0501069		
16.07		-0.0501435		
16.08		-0.0501802		
16.09		-0.0502168		
16.1		-0.0502535		
16.11		-0.0502901		
16.12		-0.0503268		
16.13		-0.0503635		
16.14		-0.0504002		
16.15		-0.0504369		
16.16		-0.0504735		
16.17		-0.0505102		
16.18		-0.050547		
16.19		-0.0505837		
16.2		-0.0506204		
16.21		-0.0506571		
16.22		-0.0506938		
16.23		-0.0507306		
16.24		-0.0507673		
16.25		-0.0508041		
16.26		-0.0508409		
16.27		-0.0508776		
16.28		-0.0509144		
16.29		-0.0509512		
16.3		-0.050988		
16.31		-0.0510248		
16.32		-0.0510616		
16.33		-0.0510984		
16.34		-0.0511352		
16.35		-0.0511721		
16.36		-0.0512089		
16.37		-0.0512458		
16.38		-0.0512826		
16.39		-0.0513195		
16.4		-0.0513563		
16.41		-0.0513932		
16.42		-0.0514301		
16.43		-0.051467		
16.44		-0.0515039		
16.45		-0.0515408		
16.46		-0.0515778		
16.47		-0.0516147		
16.48		-0.0516516		
16.49		-0.0516886		
16.5		-0.0517255		
16.51		-0.0517625		
16.52		-0.0517995		
16.53		-0.0518365		
16.54		-0.0518735		
16.55		-0.0519105		
16.56		-0.0519475		
16.57		-0.0519845		
16.58		-0.0520216		
16.59		-0.0520586		
16.6		-0.0520957		
16.61		-0.0521327		
16.62		-0.0521698		
16.63		-0.0522069		
16.64		-0.052244		
16.65		-0.0522811		
16.66		-0.0523182		
16.67		-0.0523553		
16.68		-0.0523925		
16.69		-0.0524296		
16.7		-0.0524668		
16.71		-0.0525039		
16.72		-0.0525411		
16.73		-0.0525783		
16.74		-0.0526155		
16.75		-0.0526527		
16.76		-0.0526899		
16.77		-0.0527272		
16.78		-0.0527644		
16.79		-0.0528017		
16.8		-0.0528389		
16.81		-0.0528762		
16.82		-0.0529135		
16.83		-0.0529508		
16.84		-0.0529881		
16.85		-0.0530254		
16.86		-0.0530628		
16.87		-0.0531001		
16.88		-0.0531375		
16.89		-0.0531749		
16.9		-0.0532122		
16.91		-0.0532496		
16.92		-0.053287		
16.93		-0.0533245		
16.94		-0.0533619		
16.95		-0.0533994		
16.96		-0.0534368		
16.97		-0.0534743		
16.98		-0.0535118		
16.99		-0.0535493		
17		-0.0535868		
17.01		-0.0536243		
17.02		-0.0536618		
17.03		-0.0536994		
17.04		-0.0537369		
17.05		-0.0537745		
17.06		-0.0538121		
17.07		-0.0538497		
17.08		-0.0538873		
17.09		-0.053925		
17.1		-0.0539626		
17.11		-0.0540003		
17.12		-0.0540379		
17.13		-0.0540756		
17.14		-0.0541133		
17.15		-0.054151		
17.16		-0.0541888		
17.17		-0.0542265		
17.18		-0.0542643		
17.19		-0.054302		
17.2		-0.0543398		
17.21		-0.0543776		
17.22		-0.0544154		
17.23		-0.0544533		
17.24		-0.0544911		
17.25		-0.054529		
17.26		-0.0545669		
17.27		-0.0546048		
17.28		-0.0546427		
17.29		-0.0546806		
17.3		-0.0547185		
17.31		-0.0547565		
17.32		-0.0547944		
17.33		-0.0548324		
17.34		-0.0548704		
17.35		-0.0549084		
17.36		-0.0549465		
17.37		-0.0549845		
17.38		-0.0550226		
17.39		-0.0550607		
17.4		-0.0550988		
17.41		-0.0551369		
17.42		-0.055175		
17.43		-0.0552131		
17.44		-0.0552513		
17.45		-0.0552895		
17.46		-0.0553277		
17.47		-0.0553659		
17.48		-0.0554041		
17.49		-0.0554424		
17.5		-0.0554806		
17.51		-0.0555189		
17.52		-0.0555572		
17.53		-0.0555955		
17.54		-0.0556339		
17.55		-0.0556722		
17.56		-0.0557106		
17.57		-0.055749		
17.58		-0.0557874		
17.59		-0.0558258		
17.6		-0.0558642		
17.61		-0.0559027		
17.62		-0.0559412		
17.63		-0.0559797		
17.64		-0.0560182		
17.65		-0.0560567		
17.66		-0.0560953		
17.67		-0.0561338		
17.68		-0.0561724		
17.69		-0.056211		
17.7		-0.0562497		
17.71		-0.0562883		
17.72		-0.056327		
17.73		-0.0563656		
17.74		-0.0564043		
17.75		-0.0564431		
17.76		-0.0564818		
17.77		-0.0565206		
17.78		-0.0565594		
17.79		-0.0565982		
17.8		-0.056637		
17.81		-0.0566758		
17.82		-0.0567147		
17.83		-0.0567535		
17.84		-0.0567924		
17.85		-0.0568314		
17.86		-0.0568703		
17.87		-0.0569093		
17.88		-0.0569482		
17.89		-0.0569873		
17.9		-0.0570263		
17.91		-0.0570653		
17.92		-0.0571044		
17.93		-0.0571435		
17.94		-0.0571826		
17.95		-0.0572217		
17.96		-0.0572608		
17.97		-0.0573		
17.98		-0.0573392		
17.99		-0.0573784		
18		-0.0574177		
18.01		-0.0574569		
18.02		-0.0574962		
18.03		-0.0575355		
18.04		-0.0575748		
18.05		-0.0576142		
18.06		-0.0576535		
18.07		-0.0576929		
18.08		-0.0577323		
18.09		-0.0577718		
18.1		-0.0578112		
18.11		-0.0578507		
18.12		-0.0578902		
18.13		-0.0579297		
18.14		-0.0579693		
18.15		-0.0580088		
18.16		-0.0580484		
18.17		-0.058088		
18.18		-0.0581277		
18.19		-0.0581673		
18.2		-0.058207		
18.21		-0.0582467		
18.22		-0.0582865		
18.23		-0.0583262		
18.24		-0.058366		
18.25		-0.0584058		
18.26		-0.0584456		
18.27		-0.0584855		
18.28		-0.0585254		
18.29		-0.0585653		
18.3		-0.0586052		
18.31		-0.0586452		
18.32		-0.0586851		
18.33		-0.0587251		
18.34		-0.0587652		
18.35		-0.0588052		
18.36		-0.0588453		
18.37		-0.0588854		
18.38		-0.0589255		
18.39		-0.0589657		
18.4		-0.0590058		
18.41		-0.059046		
18.42		-0.0590863		
18.43		-0.0591265		
18.44		-0.0591668		
18.45		-0.0592071		
18.46		-0.0592474		
18.47		-0.0592878		
18.48		-0.0593282		
18.49		-0.0593686		
18.5		-0.059409		
18.51		-0.0594495		
18.52		-0.05949		
18.53		-0.0595305		
18.54		-0.059571		
18.55		-0.0596116		
18.56		-0.0596522		
18.57		-0.0596928		
18.58		-0.0597335		
18.59		-0.0597741		
18.6		-0.0598148		
18.61		-0.0598556		
18.62		-0.0598963		
18.63		-0.0599371		
18.64		-0.0599779		
18.65		-0.0600188		
18.66		-0.0600596		
18.67		-0.0601005		
18.68		-0.0601415		
18.69		-0.0601824		
18.7		-0.0602234		
18.71		-0.0602644		
18.72		-0.0603054		
18.73		-0.0603465		
18.74		-0.0603876		
18.75		-0.0604287		
18.76		-0.0604699		
18.77		-0.0605111		
18.78		-0.0605523		
18.79		-0.0605935		
18.8		-0.0606348		
18.81		-0.0606761		
18.82		-0.0607174		
18.83		-0.0607588		
18.84		-0.0608002		
18.85		-0.0608416		
18.86		-0.060883		
18.87		-0.0609245		
18.88		-0.060966		
18.89		-0.0610075		
18.9		-0.0610491		
18.91		-0.0610907		
18.92		-0.0611323		
18.93		-0.061174		
18.94		-0.0612157		
18.95		-0.0612574		
18.96		-0.0612992		
18.97		-0.0613409		
18.98		-0.0613828		
18.99		-0.0614246		
19		-0.0614665		
19.01		-0.0615084		
19.02		-0.0615503		
19.03		-0.0615923		
19.04		-0.0616343		
19.05		-0.0616763		
19.06		-0.0617184		
19.07		-0.0617605		
19.08		-0.0618026		
19.09		-0.0618448		
19.1		-0.061887		
19.11		-0.0619292		
19.12		-0.0619715		
19.13		-0.0620138		
19.14		-0.0620561		
19.15		-0.0620984		
19.16		-0.0621408		
19.17		-0.0621832		
19.18		-0.0622257		
19.19		-0.0622682		
19.2		-0.0623107		
19.21		-0.0623533		
19.22		-0.0623959		
19.23		-0.0624385		
19.24		-0.0624811		
19.25		-0.0625238		
19.26		-0.0625665		
19.27		-0.0626093		
19.28		-0.0626521		
19.29		-0.0626949		
19.3		-0.0627378		
19.31		-0.0627807		
19.32		-0.0628236		
19.33		-0.0628666		
19.34		-0.0629096		
19.35		-0.0629526		
19.36		-0.0629957		
19.37		-0.0630388		
19.38		-0.0630819		
19.39		-0.0631251		
19.4		-0.0631683		
19.41		-0.0632115		
19.42		-0.0632548		
19.43		-0.0632981		
19.44		-0.0633415		
19.45		-0.0633849		
19.46		-0.0634283		
19.47		-0.0634717		
19.48		-0.0635152		
19.49		-0.0635588		
19.5		-0.0636023		
19.51		-0.0636459		
19.52		-0.0636896		
19.53		-0.0637332		
19.54		-0.063777		
19.55		-0.0638207		
19.56		-0.0638645		
19.57		-0.0639083		
19.58		-0.0639522		
19.59		-0.0639961		
19.6		-0.06404		
19.61		-0.064084		
19.62		-0.064128		
19.63		-0.064172		
19.64		-0.0642161		
19.65		-0.0642602		
19.66		-0.0643044		
19.67		-0.0643486		
19.68		-0.0643928		
19.69		-0.0644371		
19.7		-0.0644814		
19.71		-0.0645258		
19.72		-0.0645702		
19.73		-0.0646146		
19.74		-0.0646591		
19.75		-0.0647036		
19.76		-0.0647481		
19.77		-0.0647927		
19.78		-0.0648373		
19.79		-0.064882		
19.8		-0.0649267		
19.81		-0.0649714		
19.82		-0.0650162		
19.83		-0.065061		
19.84		-0.0651059		
19.85		-0.0651508		
19.86		-0.0651958		
19.87		-0.0652407		
19.88		-0.0652858		
19.89		-0.0653308		
19.9		-0.0653759		
19.91		-0.0654211		
19.92		-0.0654662		
19.93		-0.0655115		
19.94		-0.0655567		
19.95		-0.065602		
19.96		-0.0656474		
19.97		-0.0656928		
19.98		-0.0657382		
19.99		-0.0657837		
20		-0.0658292		
20.01		-0.0658748		
20.02		-0.0659203		
20.03		-0.065966		
20.04		-0.0660117		
20.05		-0.0660574		
20.06		-0.0661032		
20.07		-0.066149		
20.08		-0.0661948		
20.09		-0.0662407		
20.1		-0.0662866		
20.11		-0.0663326		
20.12		-0.0663786		
20.13		-0.0664247		
20.14		-0.0664708		
20.15		-0.0665169		
20.16		-0.0665631		
20.17		-0.0666094		
20.18		-0.0666556		
20.19		-0.066702		
20.2		-0.0667483		
20.21		-0.0667947		
20.22		-0.0668412		
20.23		-0.0668877		
20.24		-0.0669342		
20.25		-0.0669808		
20.26		-0.0670274		
20.27		-0.0670741		
20.28		-0.0671208		
20.29		-0.0671676		
20.3		-0.0672144		
20.31		-0.0672612		
20.32		-0.0673081		
20.33		-0.0673551		
20.34		-0.0674021		
20.35		-0.0674491		
20.36		-0.0674962		
20.37		-0.0675433		
20.38		-0.0675905		
20.39		-0.0676377		
20.4		-0.0676849		
20.41		-0.0677322		
20.42		-0.0677796		
20.43		-0.067827		
20.44		-0.0678744		
20.45		-0.0679219		
20.46		-0.0679695		
20.47		-0.068017		
20.48		-0.0680647		
20.49		-0.0681123		
20.5		-0.0681601		
20.51		-0.0682078		
20.52		-0.0682556		
20.53		-0.0683035		
20.54		-0.0683514		
20.55		-0.0683994		
20.56		-0.0684474		
20.57		-0.0684954		
20.58		-0.0685435		
20.59		-0.0685917		
20.6		-0.0686399		
20.61		-0.0686881		
20.62		-0.0687364		
20.63		-0.0687847		
20.64		-0.0688331		
20.65		-0.0688816		
20.66		-0.06893		
20.67		-0.0689786		
20.68		-0.0690271		
20.69		-0.0690758		
20.7		-0.0691245		
20.71		-0.0691732		
20.72		-0.069222		
20.73		-0.0692708		
20.74		-0.0693197		
20.75		-0.0693686		
20.76		-0.0694176		
20.77		-0.0694666		
20.78		-0.0695157		
20.79		-0.0695648		
20.8		-0.0696139		
20.81		-0.0696632		
20.82		-0.0697124		
20.83		-0.0697618		
20.84		-0.0698111		
20.85		-0.0698606		
20.86		-0.06991		
20.87		-0.0699596		
20.88		-0.0700091		
20.89		-0.0700588		
20.9		-0.0701084		
20.91		-0.0701582		
20.92		-0.0702079		
20.93		-0.0702578		
20.94		-0.0703077		
20.95		-0.0703576		
20.96		-0.0704076		
20.97		-0.0704576		
20.98		-0.0705077		
20.99		-0.0705578		
21		-0.070608		
21.01		-0.0706583		
21.02		-0.0707086		
21.03		-0.0707589		
21.04		-0.0708093		
21.05		-0.0708598		
21.06		-0.0709103		
21.07		-0.0709609		
21.08		-0.0710115		
21.09		-0.0710621		
21.1		-0.0711128		
21.11		-0.0711636		
21.12		-0.0712144		
21.13		-0.0712653		
21.14		-0.0713163		
21.15		-0.0713672		
21.16		-0.0714183		
21.17		-0.0714694		
21.18		-0.0715205		
21.19		-0.0715717		
21.2		-0.071623		
21.21		-0.0716743		
21.22		-0.0717257		
21.23		-0.0717771		
21.24		-0.0718285		
21.25		-0.0718801		
21.26		-0.0719317		
21.27		-0.0719833		
21.28		-0.072035		
21.29		-0.0720867		
21.3		-0.0721385		
21.31		-0.0721904		
21.32		-0.0722423		
21.33		-0.0722943		
21.34		-0.0723463		
21.35		-0.0723984		
21.36		-0.0724505		
21.37		-0.0725027		
21.38		-0.072555		
21.39		-0.0726073		
21.4		-0.0726596		
21.41		-0.072712		
21.42		-0.0727645		
21.43		-0.072817		
21.44		-0.0728696		
21.45		-0.0729223		
21.46		-0.072975		
21.47		-0.0730277		
21.48		-0.0730805		
21.49		-0.0731334		
21.5		-0.0731863		
21.51		-0.0732393		
21.52		-0.0732924		
21.53		-0.0733455		
21.54		-0.0733986		
21.55		-0.0734518		
21.56		-0.0735051		
21.57		-0.0735584		
21.58		-0.0736118		
21.59		-0.0736653		
21.6		-0.0737188		
21.61		-0.0737724		
21.62		-0.073826		
21.63		-0.0738797		
21.64		-0.0739334		
21.65		-0.0739872		
21.66		-0.0740411		
21.67		-0.074095		
21.68		-0.074149		
21.69		-0.074203		
21.7		-0.0742571		
21.71		-0.0743113		
21.72		-0.0743655		
21.73		-0.0744197		
21.74		-0.0744741		
21.75		-0.0745285		
21.76		-0.0745829		
21.77		-0.0746374		
21.78		-0.074692		
21.79		-0.0747467		
21.8		-0.0748014		
21.81		-0.0748561		
21.82		-0.0749109		
21.83		-0.0749658		
21.84		-0.0750207		
21.85		-0.0750757		
21.86		-0.0751308		
21.87		-0.0751859		
21.88		-0.0752411		
21.89		-0.0752964		
21.9		-0.0753517		
21.91		-0.075407		
21.92		-0.0754625		
21.93		-0.0755179		
21.94		-0.0755735		
21.95		-0.0756291		
21.96		-0.0756848		
21.97		-0.0757405		
21.98		-0.0757963		
21.99		-0.0758522		
22		-0.0759081		
22.01		-0.0759641		
22.02		-0.0760202		
22.03		-0.0760763		
22.04		-0.0761324		
22.05		-0.0761887		
22.06		-0.076245		
22.07		-0.0763014		
22.08		-0.0763578		
22.09		-0.0764143		
22.1		-0.0764708		
22.11		-0.0765275		
22.12		-0.0765841		
22.13		-0.0766409		
22.14		-0.0766977		
22.15		-0.0767546		
22.16		-0.0768115		
22.17		-0.0768685		
22.18		-0.0769256		
22.19		-0.0769827		
22.2		-0.0770399		
22.21		-0.0770972		
22.22		-0.0771545		
22.23		-0.0772119		
22.24		-0.0772694		
22.25		-0.0773269		
22.26		-0.0773845		
22.27		-0.0774421		
22.28		-0.0774998		
22.29		-0.0775576		
22.3		-0.0776155		
22.31		-0.0776734		
22.32		-0.0777314		
22.33		-0.0777894		
22.34		-0.0778475		
22.35		-0.0779057		
22.36		-0.077964		
22.37		-0.0780223		
22.38		-0.0780806		
22.39		-0.0781391		
22.4		-0.0781976		
22.41		-0.0782562		
22.42		-0.0783148		
22.43		-0.0783735		
22.44		-0.0784323		
22.45		-0.0784911		
22.46		-0.0785501		
22.47		-0.078609		
22.48		-0.0786681		
22.49		-0.0787272		
22.5		-0.0787864		
22.51		-0.0788456		
22.52		-0.078905		
22.53		-0.0789643		
22.54		-0.0790238		
22.55		-0.0790833		
22.56		-0.0791429		
22.57		-0.0792026		
22.58		-0.0792623		
22.59		-0.0793221		
22.6		-0.0793819		
22.61		-0.0794419		
22.62		-0.0795019		
22.63		-0.0795619		
22.64		-0.0796221		
22.65		-0.0796823		
22.66		-0.0797426		
22.67		-0.0798029		
22.68		-0.0798633		
22.69		-0.0799238		
22.7		-0.0799844		
22.71		-0.080045		
22.72		-0.0801057		
22.73		-0.0801665		
22.74		-0.0802273		
22.75		-0.0802882		
22.76		-0.0803492		
22.77		-0.0804102		
22.78		-0.0804713		
22.79		-0.0805325		
22.8		-0.0805938		
22.81		-0.0806551		
22.82		-0.0807165		
22.83		-0.080778		
22.84		-0.0808395		
22.85		-0.0809011		
22.86		-0.0809628		
22.87		-0.0810246		
22.88		-0.0810864		
22.89		-0.0811483		
22.9		-0.0812102		
22.91		-0.0812723		
22.92		-0.0813344		
22.93		-0.0813966		
22.94		-0.0814588		
22.95		-0.0815212		
22.96		-0.0815836		
22.97		-0.081646		
22.98		-0.0817086		
22.99		-0.0817712		
23		-0.0818339		
23.01		-0.0818966		
23.02		-0.0819595		
23.03		-0.0820224		
23.04		-0.0820854		
23.05		-0.0821484		
23.06		-0.0822115		
23.07		-0.0822747		
23.08		-0.082338		
23.09		-0.0824014		
23.1		-0.0824648		
23.11		-0.0825283		
23.12		-0.0825918		
23.13		-0.0826555		
23.14		-0.0827192		
23.15		-0.082783		
23.16		-0.0828469		
23.17		-0.0829108		
23.18		-0.0829748		
23.19		-0.0830389		
23.2		-0.083103		
23.21		-0.0831673		
23.22		-0.0832316		
23.23		-0.083296		
23.24		-0.0833604		
23.25		-0.083425		
23.26		-0.0834896		
23.27		-0.0835543		
23.28		-0.083619		
23.29		-0.0836839		
23.3		-0.0837488		
23.31		-0.0838138		
23.32		-0.0838788		
23.33		-0.083944		
23.34		-0.0840092		
23.35		-0.0840745		
23.36		-0.0841398		
23.37		-0.0842053		
23.38		-0.0842708		
23.39		-0.0843364		
23.4		-0.0844021		
23.41		-0.0844678		
23.42		-0.0845336		
23.43		-0.0845995		
23.44		-0.0846655		
23.45		-0.0847316		
23.46		-0.0847977		
23.47		-0.0848639		
23.48		-0.0849302		
23.49		-0.0849965		
23.5		-0.085063		
23.51		-0.0851295		
23.52		-0.0851961		
23.53		-0.0852628		
23.54		-0.0853295		
23.55		-0.0853963		
23.56		-0.0854632		
23.57		-0.0855302		
23.58		-0.0855973		
23.59		-0.0856644		
23.6		-0.0857317		
23.61		-0.0857989		
23.62		-0.0858663		
23.63		-0.0859338		
23.64		-0.0860013		
23.65		-0.0860689		
23.66		-0.0861366		
23.67		-0.0862044		
23.68		-0.0862722		
23.69		-0.0863402		
23.7		-0.0864082		
23.71		-0.0864762		
23.72		-0.0865444		
23.73		-0.0866127		
23.74		-0.086681		
23.75		-0.0867494		
23.76		-0.0868179		
23.77		-0.0868864		
23.78		-0.0869551		
23.79		-0.0870238		
23.8		-0.0870926		
23.81		-0.0871615		
23.82		-0.0872304		
23.83		-0.0872995		
23.84		-0.0873686		
23.85		-0.0874378		
23.86		-0.0875071		
23.87		-0.0875765		
23.88		-0.0876459		
23.89		-0.0877154		
23.9		-0.087785		
23.91		-0.0878547		
23.92		-0.0879245		
23.93		-0.0879944		
23.94		-0.0880643		
23.95		-0.0881343		
23.96		-0.0882044		
23.97		-0.0882746		
23.98		-0.0883448		
23.99		-0.0884152		
24		-0.0884856		
24.01		-0.0885561		
24.02		-0.0886267		
24.03		-0.0886974		
24.04		-0.0887681		
24.05		-0.088839		
24.06		-0.0889099		
24.07		-0.0889809		
24.08		-0.089052		
24.09		-0.0891231		
24.1		-0.0891944		
24.11		-0.0892657		
24.12		-0.0893371		
24.13		-0.0894086		
24.14		-0.0894802		
24.15		-0.0895518		
24.16		-0.0896236		
24.17		-0.0896954		
24.18		-0.0897673		
24.19		-0.0898393		
24.2		-0.0899114		
24.21		-0.0899836		
24.22		-0.0900558		
24.23		-0.0901281		
24.24		-0.0902006		
24.25		-0.0902731		
24.26		-0.0903456		
24.27		-0.0904183		
24.28		-0.0904911		
24.29		-0.0905639		
24.3		-0.0906368		
24.31		-0.0907098		
24.32		-0.0907829		
24.33		-0.0908561		
24.34		-0.0909294		
24.35		-0.0910027		
24.36		-0.0910761		
24.37		-0.0911496		
24.38		-0.0912232		
24.39		-0.0912969		
24.4		-0.0913707		
24.41		-0.0914446		
24.42		-0.0915185		
24.43		-0.0915925		
24.44		-0.0916666		
24.45		-0.0917408		
24.46		-0.0918151		
24.47		-0.0918895		
24.48		-0.0919639		
24.49		-0.0920385		
24.5		-0.0921131		
24.51		-0.0921878		
24.52		-0.0922626		
24.53		-0.0923375		
24.54		-0.0924125		
24.55		-0.0924876		
24.56		-0.0925627		
24.57		-0.0926379		
24.58		-0.0927133		
24.59		-0.0927887		
24.6		-0.0928642		
24.61		-0.0929397		
24.62		-0.0930154		
24.63		-0.0930912		
24.64		-0.093167		
24.65		-0.0932429		
24.66		-0.093319		
24.67		-0.0933951		
24.68		-0.0934713		
24.69		-0.0935475		
24.7		-0.0936239		
24.71		-0.0937004		
24.72		-0.0937769		
24.73		-0.0938536		
24.74		-0.0939303		
24.75		-0.0940071		
24.76		-0.094084		
24.77		-0.094161		
24.78		-0.094238		
24.79		-0.0943152		
24.8		-0.0943925		
24.81		-0.0944698		
24.82		-0.0945472		
24.83		-0.0946248		
24.84		-0.0947024		
24.85		-0.0947801		
24.86		-0.0948578		
24.87		-0.0949357		
24.88		-0.0950137		
24.89		-0.0950917		
24.9		-0.0951699		
24.91		-0.0952481		
24.92		-0.0953264		
24.93		-0.0954048		
24.94		-0.0954834		
24.95		-0.0955619		
24.96		-0.0956406		
24.97		-0.0957194		
24.98		-0.0957983		
24.99		-0.0958772		
25		-0.0959563		
25.01		-0.0960354		
25.02		-0.0961146		
25.03		-0.0961939		
25.04		-0.0962733		
25.05		-0.0963528		
25.06		-0.0964324		
25.07		-0.0965121		
25.08		-0.0965918		
25.09		-0.0966717		
25.1		-0.0967517		
25.11		-0.0968317		
25.12		-0.0969118		
25.13		-0.096992		
25.14		-0.0970724		
25.15		-0.0971528		
25.16		-0.0972333		
25.17		-0.0973138		
25.18		-0.0973945		
25.19		-0.0974753		
25.2		-0.0975562		
25.21		-0.0976371		
25.22		-0.0977182		
25.23		-0.0977993		
25.24		-0.0978805		
25.25		-0.0979618		
25.26		-0.0980433		
25.27		-0.0981248		
25.28		-0.0982064		
25.29		-0.0982881		
25.3		-0.0983698		
25.31		-0.0984517		
25.32		-0.0985337		
25.33		-0.0986158		
25.34		-0.0986979		
25.35		-0.0987802		
25.36		-0.0988625		
25.37		-0.0989449		
25.38		-0.0990275		
25.39		-0.0991101		
25.4		-0.0991928		
25.41		-0.0992756		
25.42		-0.0993585		
25.43		-0.0994415		
25.44		-0.0995246		
25.45		-0.0996078		
25.46		-0.099691		
25.47		-0.0997744		
25.48		-0.0998579		
25.49		-0.0999414		
25.5		-0.100025		
25.51		-0.100109		
25.52		-0.100193		
25.53		-0.100277		
25.54		-0.100361		
25.55		-0.100445		
25.56		-0.100529		
25.57		-0.100613		
25.58		-0.100698		
25.59		-0.100782		
25.6		-0.100867		
25.61		-0.100951		
25.62		-0.101036		
25.63		-0.101121		
25.64		-0.101206		
25.65		-0.101291		
25.66		-0.101376		
25.67		-0.101462		
25.68		-0.101547		
25.69		-0.101632		
25.7		-0.101718		
25.71		-0.101804		
25.72		-0.101889		
25.73		-0.101975		
25.74		-0.102061		
25.75		-0.102147		
25.76		-0.102233		
25.77		-0.102319		
25.78		-0.102406		
25.79		-0.102492		
25.8		-0.102579		
25.81		-0.102665		
25.82		-0.102752		
25.83		-0.102839		
25.84		-0.102926		
25.85		-0.103013		
25.86		-0.1031		
25.87		-0.103187		
25.88		-0.103274		
25.89		-0.103361		
25.9		-0.103449		
25.91		-0.103536		
25.92		-0.103624		
25.93		-0.103712		
25.94		-0.1038		
25.95		-0.103888		
25.96		-0.103976		
25.97		-0.104064		
25.98		-0.104152		
25.99		-0.10424		
26		-0.104329		
26.01		-0.104417		
26.02		-0.104506		
26.03		-0.104595		
26.04		-0.104684		
26.05		-0.104772		
26.06		-0.104862		
26.07		-0.104951		
26.08		-0.10504		
26.09		-0.105129		
26.1		-0.105219		
26.11		-0.105308		
26.12		-0.105398		
26.13		-0.105487		
26.14		-0.105577		
26.15		-0.105667		
26.16		-0.105757		
26.17		-0.105847		
26.18		-0.105937		
26.19		-0.106028		
26.2		-0.106118		
26.21		-0.106209		
26.22		-0.106299		
26.23		-0.10639		
26.24		-0.106481		
26.25		-0.106572		
26.26		-0.106663		
26.27		-0.106754		
26.28		-0.106845		
26.29		-0.106936		
26.3		-0.107028		
26.31		-0.107119		
26.32		-0.107211		
26.33		-0.107302		
26.34		-0.107394		
26.35		-0.107486		
26.36		-0.107578		
26.37		-0.10767		
26.38		-0.107762		
26.39		-0.107854		
26.4		-0.107947		
26.41		-0.108039		
26.42		-0.108132		
26.43		-0.108225		
26.44		-0.108317		
26.45		-0.10841		
26.46		-0.108503		
26.47		-0.108596		
26.48		-0.108689		
26.49		-0.108783		
26.5		-0.108876		
26.51		-0.10897		
26.52		-0.109063		
26.53		-0.109157		
26.54		-0.109251		
26.55		-0.109345		
26.56		-0.109439		
26.57		-0.109533		
26.58		-0.109627		
26.59		-0.109721		
26.6		-0.109816		
26.61		-0.10991		
26.62		-0.110005		
26.63		-0.110099		
26.64		-0.110194		
26.65		-0.110289		
26.66		-0.110384		
26.67		-0.110479		
26.68		-0.110574		
26.69		-0.11067		
26.7		-0.110765		
26.71		-0.110861		
26.72		-0.110956		
26.73		-0.111052		
26.74		-0.111148		
26.75		-0.111244		
26.76		-0.11134		
26.77		-0.111436		
26.78		-0.111532		
26.79		-0.111628		
26.8		-0.111725		
26.81		-0.111821		
26.82		-0.111918		
26.83		-0.112015		
26.84		-0.112111		
26.85		-0.112208		
26.86		-0.112305		
26.87		-0.112402		
26.88		-0.1125		
26.89		-0.112597		
26.9		-0.112695		
26.91		-0.112792		
26.92		-0.11289		
26.93		-0.112987		
26.94		-0.113085		
26.95		-0.113183		
26.96		-0.113281		
26.97		-0.11338		
26.98		-0.113478		
26.99		-0.113576		
27		-0.113675		
27.01		-0.113773		
27.02		-0.113872		
27.03		-0.113971		
27.04		-0.11407		
27.05		-0.114169		
27.06		-0.114268		
27.07		-0.114367		
27.08		-0.114466		
27.09		-0.114566		
27.1		-0.114665		
27.11		-0.114765		
27.12		-0.114864		
27.13		-0.114964		
27.14		-0.115064		
27.15		-0.115164		
27.16		-0.115264		
27.17		-0.115365		
27.18		-0.115465		
27.19		-0.115565		
27.2		-0.115666		
27.21		-0.115767		
27.22		-0.11588		
27.23		-0.115991		
27.24		-0.116102		
27.25		-0.116211		
27.26		-0.116319		
27.27		-0.116426		
27.28		-0.116531		
27.29		-0.116636		
27.3		-0.116739		
27.31		-0.116842		
27.32		-0.116943		
27.33		-0.117044		
27.34		-0.117143		
27.35		-0.117241		
27.36		-0.117338		
27.37		-0.117434		
27.38		-0.117529		
27.39		-0.117623		
27.4		-0.117716		
27.41		-0.117809		
27.42		-0.1179		
27.43		-0.11799		
27.44		-0.118079		
27.45		-0.118167		
27.46		-0.118254		
27.47		-0.118341		
27.48		-0.118426		
27.49		-0.118511		
27.5		-0.118594		
27.51		-0.118677		
27.52		-0.118759		
27.53		-0.118839		
27.54		-0.11892		
27.55		-0.118999		
27.56		-0.119077		
27.57		-0.119154		
27.58		-0.119231		
27.59		-0.119307		
27.6		-0.119382		
27.61		-0.119456		
27.62		-0.119529		
27.63		-0.119602		
27.64		-0.119673		
27.65		-0.119744		
27.66		-0.119814		
27.67		-0.119884		
27.68		-0.119952		
27.69		-0.12002		
27.7		-0.120087		
27.71		-0.120153		
27.72		-0.120219		
27.73		-0.120284		
27.74		-0.120348		
27.75		-0.120411		
27.76		-0.120474		
27.77		-0.120536		
27.78		-0.120597		
27.79		-0.120658		
27.8		-0.120718		
27.81		-0.120777		
27.82		-0.120836		
27.83		-0.120893		
27.84		-0.120951		
27.85		-0.121007		
27.86		-0.121063		
27.87		-0.121118		
27.88		-0.121173		
27.89		-0.121227		
27.9		-0.12128		
27.91		-0.121333		
27.92		-0.121385		
27.93		-0.121437		
27.94		-0.121488		
27.95		-0.121538		
27.96		-0.121588		
27.97		-0.121637		
27.98		-0.121686		
27.99		-0.121734		
28		-0.121781		
28.01		-0.121828		
28.02		-0.121874		
28.03		-0.12192		
28.04		-0.121965		
28.05		-0.12201		
28.06		-0.122054		
28.07		-0.122097		
28.08		-0.12214		
28.09		-0.122183		
28.1		-0.122225		
28.11		-0.122266		
28.12		-0.122307		
28.13		-0.122348		
28.14		-0.122388		
28.15		-0.122427		
28.16		-0.122466		
28.17		-0.122505		
28.18		-0.122543		
28.19		-0.12258		
28.2		-0.122617		
28.21		-0.122654		
28.22		-0.12269		
28.23		-0.122726		
28.24		-0.122761		
28.25		-0.122795		
28.26		-0.12283		
28.27		-0.122863		
28.28		-0.122897		
28.29		-0.12293		
28.3		-0.122962		
28.31		-0.122994		
28.32		-0.123026		
28.33		-0.123057		
28.34		-0.123088		
28.35		-0.123118		
28.36		-0.123148		
28.37		-0.123178		
28.38		-0.123207		
28.39		-0.123236		
28.4		-0.123264		
28.41		-0.123292		
28.42		-0.12332		
28.43		-0.123347		
28.44		-0.123374		
28.45		-0.1234		
28.46		-0.123426		
28.47		-0.123452		
28.48		-0.123477		
28.49		-0.123502		
28.5		-0.123526		
28.51		-0.123551		
28.52		-0.123574		
28.53		-0.123598		
28.54		-0.123621		
28.55		-0.123644		
28.56		-0.123666		
28.57		-0.123688		
28.58		-0.12371		
28.59		-0.123731		
28.6		-0.123753		
28.61		-0.123773		
28.62		-0.123794		
28.63		-0.123814		
28.64		-0.123834		
28.65		-0.123853		
28.66		-0.123872		
28.67		-0.123891		
28.68		-0.123909		
28.69		-0.123928		
28.7		-0.123945		
28.71		-0.123963		
28.72		-0.12398		
28.73		-0.123997		
28.74		-0.124014		
28.75		-0.12403		
28.76		-0.124046		
28.77		-0.124062		
28.78		-0.124078		
28.79		-0.124093		
28.8		-0.124108		
28.81		-0.124123		
28.82		-0.124137		
28.83		-0.124151		
28.84		-0.124165		
28.85		-0.124179		
28.86		-0.124192		
28.87		-0.124205		
28.88		-0.124218		
28.89		-0.12423		
28.9		-0.124242		
28.91		-0.124254		
28.92		-0.124266		
28.93		-0.124278		
28.94		-0.124289		
28.95		-0.1243		
28.96		-0.124311		
28.97		-0.124321		
28.98		-0.124331		
28.99		-0.124341		
29		-0.124351		
29.01		-0.124361		
29.02		-0.12437		
29.03		-0.124379		
29.04		-0.124388		
29.05		-0.124397		
29.06		-0.124405		
29.07		-0.124413		
29.08		-0.124421		
29.09		-0.124429		
29.1		-0.124436		
29.11		-0.124444		
29.12		-0.124451		
29.13		-0.124457		
29.14		-0.124464		
29.15		-0.12447		
29.16		-0.124477		
29.17		-0.124483		
29.18		-0.124489		
29.19		-0.124494		
29.2		-0.1245		
29.21		-0.124505		
29.22		-0.12451		
29.23		-0.124514		
29.24		-0.124519		
29.25		-0.124523		
29.26		-0.124528		
29.27		-0.124532		
29.28		-0.124536		
29.29		-0.124539		
29.3		-0.124543		
29.31		-0.124546		
29.32		-0.124549		
29.33		-0.124552		
29.34		-0.124555		
29.35		-0.124557		
29.36		-0.12456		
29.37		-0.124562		
29.38		-0.124564		
29.39		-0.124566		
29.4		-0.124567		
29.41		-0.124569		
29.42		-0.12457		
29.43		-0.124571		
29.44		-0.124572		
29.45		-0.124573		
29.46		-0.124574		
29.47		-0.124574		
29.48		-0.124574		
29.49		-0.124575		
29.5		-0.124575		
29.51		-0.124574		
29.52		-0.124574		
29.53		-0.124574		
29.54		-0.124573		
29.55		-0.124572		
29.56		-0.124571		
29.57		-0.12457		
29.58		-0.124569		
29.59		-0.124568		
29.6		-0.124566		
29.61		-0.124564		
29.62		-0.124563		
29.63		-0.124561		
29.64		-0.124558		
29.65		-0.124556		
29.66		-0.124554		
29.67		-0.124551		
29.68		-0.124549		
29.69		-0.124546		
29.7		-0.124543		
29.71		-0.12454		
29.72		-0.124536		
29.73		-0.124533		
29.74		-0.12453		
29.75		-0.124526		
29.76		-0.124522		
29.77		-0.124518		
29.78		-0.124514		
29.79		-0.12451		
29.8		-0.124506		
29.81		-0.124501		
29.82		-0.124497		
29.83		-0.124492		
29.84		-0.124487		
29.85		-0.124483		
29.86		-0.124477		
29.87		-0.124472		
29.88		-0.124467		
29.89		-0.124462		
29.9		-0.124456		
29.91		-0.124451		
29.92		-0.124445		
29.93		-0.124439		
29.94		-0.124433		
29.95		-0.124427		
29.96		-0.124421		
29.97		-0.124414		
29.98		-0.124408		
29.99		-0.124401		
30		-0.124395		
30.01		-0.124388		
30.02		-0.124381		
30.03		-0.124374		
30.04		-0.124367		
30.05		-0.12436		
30.06		-0.124352		
30.07		-0.124345		
30.08		-0.124337		
30.09		-0.12433		
30.1		-0.124322		
30.11		-0.124314		
30.12		-0.124306		
30.13		-0.124298		
30.14		-0.12429		
30.15		-0.124282		
30.16		-0.124274		
30.17		-0.124265		
30.18		-0.124257		
30.19		-0.124248		
30.2		-0.124239		
30.21		-0.124231		
30.22		-0.124222		
30.23		-0.124213		
30.24		-0.124204		
30.25		-0.124194		
30.26		-0.124185		
30.27		-0.124176		
30.28		-0.124166		
30.29		-0.124157		
30.3		-0.124147		
30.31		-0.124137		
30.32		-0.124127		
30.33		-0.124117		
30.34		-0.124107		
30.35		-0.124097		
30.36		-0.124087		
30.37		-0.124077		
30.38		-0.124067		
30.39		-0.124056		
30.4		-0.124046		
30.41		-0.124035		
30.42		-0.124024		
30.43		-0.124014		
30.44		-0.124003		
30.45		-0.123992		
30.46		-0.123981		
30.47		-0.12397		
30.48		-0.123958		
30.49		-0.123947		
30.5		-0.123936		
30.51		-0.123924		
30.52		-0.123913		
30.53		-0.123901		
30.54		-0.12389		
30.55		-0.123878		
30.56		-0.123866		
30.57		-0.123854		
30.58		-0.123842		
30.59		-0.12383		
30.6		-0.123818		
30.61		-0.123806		
30.62		-0.123794		
30.63		-0.123781		
30.64		-0.123769		
30.65		-0.123757		
30.66		-0.123744		
30.67		-0.123731		
30.68		-0.123719		
30.69		-0.123706		
30.7		-0.123693		
30.71		-0.12368		
30.72		-0.123667		
30.73		-0.123654		
30.74		-0.123641		
30.75		-0.123628		
30.76		-0.123615		
30.77		-0.123601		
30.78		-0.123588		
30.79		-0.123575		
30.8		-0.123561		
30.81		-0.123548		
30.82		-0.123534		
30.83		-0.12352		
30.84		-0.123506		
30.85		-0.123493		
30.86		-0.123479		
30.87		-0.123465		
30.88		-0.123451		
30.89		-0.123437		
30.9		-0.123423		
30.91		-0.123408		
30.92		-0.123394		
30.93		-0.12338		
30.94		-0.123365		
30.95		-0.123351		
30.96		-0.123336		
30.97		-0.123322		
30.98		-0.123307		
30.99		-0.123293		
31		-0.123278		
31.01		-0.123263		
31.02		-0.123248		
31.03		-0.123233		
31.04		-0.123218		
31.05		-0.123203		
31.06		-0.123188		
31.07		-0.123173		
31.08		-0.123158		
31.09		-0.123143		
31.1		-0.123127		
31.11		-0.123112		
31.12		-0.123096		
31.13		-0.123081		
31.14		-0.123065		
31.15		-0.12305		
31.16		-0.123034		
31.17		-0.123019		
31.18		-0.123003		
31.19		-0.122987		
31.2		-0.122971		
31.21		-0.122955		
31.22		-0.122939		
31.23		-0.122923		
31.24		-0.122907		
31.25		-0.122891		
31.26		-0.122875		
31.27		-0.122859		
31.28		-0.122842		
31.29		-0.122826		
31.3		-0.12281		
31.31		-0.122793		
31.32		-0.122777		
31.33		-0.12276		
31.34		-0.122744		
31.35		-0.122727		
31.36		-0.122711		
31.37		-0.122694		
31.38		-0.122677		
31.39		-0.12266		
31.4		-0.122644		
31.41		-0.122627		
31.42		-0.12261		
31.43		-0.122593		
31.44		-0.122576		
31.45		-0.122559		
31.46		-0.122542		
31.47		-0.122524		
31.48		-0.122507		
31.49		-0.12249		
31.5		-0.122473		
31.51		-0.122455		
31.52		-0.122438		
31.53		-0.12242		
31.54		-0.122403		
31.55		-0.122385		
31.56		-0.122368		
31.57		-0.12235		
31.58		-0.122333		
31.59		-0.122315		
31.6		-0.122297		
31.61		-0.122279		
31.62		-0.122262		
31.63		-0.122244		
31.64		-0.122226		
31.65		-0.122208		
31.66		-0.12219		
31.67		-0.122172		
31.68		-0.122154		
31.69		-0.122136		
31.7		-0.122118		
31.71		-0.122099		
31.72		-0.122081		
31.73		-0.122063		
31.74		-0.122045		
31.75		-0.122026		
31.76		-0.122008		
31.77		-0.121989		
31.78		-0.121971		
31.79		-0.121952		
31.8		-0.121934		
31.81		-0.121915		
31.82		-0.121897		
31.83		-0.121878		
31.84		-0.121859		
31.85		-0.121841		
31.86		-0.121822		
31.87		-0.121803		
31.88		-0.121784		
31.89		-0.121765		
31.9		-0.121746		
31.91		-0.121728		
31.92		-0.121709		
31.93		-0.12169		
31.94		-0.12167		
31.95		-0.121651		
31.96		-0.121632		
31.97		-0.121613		
31.98		-0.121594		
31.99		-0.121575		
32		-0.121555		
32.01		-0.121536		
32.02		-0.121517		
32.03		-0.121497		
32.04		-0.121478		
32.05		-0.121458		
32.06		-0.121439		
32.07		-0.121419		
32.08		-0.1214		
32.09		-0.12138		
32.1		-0.121361		
32.11		-0.121341		
32.12		-0.121321		
32.13		-0.121302		
32.14		-0.121282		
32.15		-0.121262		
32.16		-0.121242		
32.17		-0.121223		
32.18		-0.121203		
32.19		-0.121183		
32.2		-0.121163		
32.21		-0.121143		
32.22		-0.121123		
32.23		-0.121103		
32.24		-0.121083		
32.25		-0.121063		
32.26		-0.121043		
32.27		-0.121022		
32.28		-0.121002		
32.29		-0.120982		
32.3		-0.120962		
32.31		-0.120941		
32.32		-0.120921		
32.33		-0.120901		
32.34		-0.12088		
32.35		-0.12086		
32.36		-0.12084		
32.37		-0.120819		
32.38		-0.120799		
32.39		-0.120778		
32.4		-0.120758		
32.41		-0.120737		
32.42		-0.120716		
32.43		-0.120696		
32.44		-0.120675		
32.45		-0.120654		
32.46		-0.120634		
32.47		-0.120613		
32.48		-0.120592		
32.49		-0.120571		
32.5		-0.12055		
32.51		-0.12053		
32.52		-0.120509		
32.53		-0.120488		
32.54		-0.120467		
32.55		-0.120446		
32.56		-0.120425		
32.57		-0.120404		
32.58		-0.120383		
32.59		-0.120362		
32.6		-0.120341		
32.61		-0.12032		
32.62		-0.120298		
32.63		-0.120277		
32.64		-0.120256		
32.65		-0.120235		
32.66		-0.120213		
32.67		-0.120192		
32.68		-0.120171		
32.69		-0.120149		
32.7		-0.120128		
32.71		-0.120107		
32.72		-0.120085		
32.73		-0.120064		
32.74		-0.120042		
32.75		-0.120021		
32.76		-0.119999		
32.77		-0.119978		
32.78		-0.119956		
32.79		-0.119935		
32.8		-0.119913		
32.81		-0.119891		
32.82		-0.11987		
32.83		-0.119848		
32.84		-0.119826		
32.85		-0.119805		
32.86		-0.119783		
32.87		-0.119761		
32.88		-0.119739		
32.89		-0.119717		
32.9		-0.119696		
32.91		-0.119674		
32.92		-0.119652		
32.93		-0.11963		
32.94		-0.119608		
32.95		-0.119586		
32.96		-0.119564		
32.97		-0.119542		
32.98		-0.11952		
32.99		-0.119498		
33		-0.119476		
33.01		-0.119454		
33.02		-0.119431		
33.03		-0.119409		
33.04		-0.119387		
33.05		-0.119365		
33.06		-0.119343		
33.07		-0.11932		
33.08		-0.119298		
33.09		-0.119276		
33.1		-0.119253		
33.11		-0.119231		
33.12		-0.119209		
33.13		-0.119186		
33.14		-0.119164		
33.15		-0.119142		
33.16		-0.119119		
33.17		-0.119097		
33.18		-0.119074		
33.19		-0.119052		
33.2		-0.119029		
33.21		-0.119007		
33.22		-0.118984		
33.23		-0.118961		
33.24		-0.118939		
33.25		-0.118916		
33.26		-0.118894		
33.27		-0.118871		
33.28		-0.118848		
33.29		-0.118826		
33.3		-0.118803		
33.31		-0.11878		
33.32		-0.118757		
33.33		-0.118734		
33.34		-0.118712		
33.35		-0.118689		
33.36		-0.118666		
33.37		-0.118643		
33.38		-0.11862		
33.39		-0.118597		
33.4		-0.118574		
33.41		-0.118551		
33.42		-0.118528		
33.43		-0.118505		
33.44		-0.118482		
33.45		-0.118459		
33.46		-0.118436		
33.47		-0.118413		
33.48		-0.11839		
33.49		-0.118367		
33.5		-0.118344		
33.51		-0.118321		
33.52		-0.118298		
33.53		-0.118275		
33.54		-0.118251		
33.55		-0.118228		
33.56		-0.118205		
33.57		-0.118182		
33.58		-0.118158		
33.59		-0.118135		
33.6		-0.118112		
33.61		-0.118089		
33.62		-0.118065		
33.63		-0.118042		
33.64		-0.118019		
33.65		-0.117995		
33.66		-0.117972		
33.67		-0.117948		
33.68		-0.117925		
33.69		-0.117901		
33.7		-0.117878		
33.71		-0.117854		
33.72		-0.117831		
33.73		-0.117807		
33.74		-0.117784		
33.75		-0.11776		
33.76		-0.117737		
33.77		-0.117713		
33.78		-0.11769		
33.79		-0.117666		
33.8		-0.117642		
33.81		-0.117619		
33.82		-0.117595		
33.83		-0.117571		
33.84		-0.117548		
33.85		-0.117524		
33.86		-0.1175		
33.87		-0.117476		
33.88		-0.117453		
33.89		-0.117429		
33.9		-0.117405		
33.91		-0.117381		
33.92		-0.117357		
33.93		-0.117333		
33.94		-0.11731		
33.95		-0.117286		
33.96		-0.117262		
33.97		-0.117238		
33.98		-0.117214		
33.99		-0.11719		
34		-0.117166		
34.01		-0.117142		
34.02		-0.117118		
34.03		-0.117094		
34.04		-0.11707		
34.05		-0.117046		
34.06		-0.117022		
34.07		-0.116998		
34.08		-0.116974		
34.09		-0.11695		
34.1		-0.116926		
34.11		-0.116902		
34.12		-0.116877		
34.13		-0.116853		
34.14		-0.116829		
34.15		-0.116805		
34.16		-0.116781		
34.17		-0.116757		
34.18		-0.116732		
34.19		-0.116708		
34.2		-0.116684		
34.21		-0.11666		
34.22		-0.116635		
34.23		-0.116611		
34.24		-0.116587		
34.25		-0.116562		
34.26		-0.116538		
34.27		-0.116514		
34.28		-0.116489		
34.29		-0.116465		
34.3		-0.116441		
34.31		-0.116416		
34.32		-0.116392		
34.33		-0.116367		
34.34		-0.116343		
34.35		-0.116318		
34.36		-0.116294		
34.37		-0.11627		
34.38		-0.116245		
34.39		-0.116221		
34.4		-0.116196		
34.41		-0.116171		
34.42		-0.116147		
34.43		-0.116122		
34.44		-0.116098		
34.45		-0.116073		
34.46		-0.116049		
34.47		-0.116024		
34.48		-0.115999		
34.49		-0.115975		
34.5		-0.11595		
34.51		-0.115925		
34.52		-0.115901		
34.53		-0.115876		
34.54		-0.115851		
34.55		-0.115827		
34.56		-0.115802		
34.57		-0.115777		
34.58		-0.115752		
34.59		-0.115728		
34.6		-0.115703		
34.61		-0.115678		
34.62		-0.115653		
34.63		-0.115629		
34.64		-0.115604		
34.65		-0.115579		
34.66		-0.115554		
34.67		-0.115529		
34.68		-0.115504		
34.69		-0.11548		
34.7		-0.115455		
34.71		-0.11543		
34.72		-0.115405		
34.73		-0.11538		
34.74		-0.115355		
34.75		-0.11533		
34.76		-0.115305		
34.77		-0.11528		
34.78		-0.115255		
34.79		-0.11523		
34.8		-0.115205		
34.81		-0.11518		
34.82		-0.115155		
34.83		-0.11513		
34.84		-0.115105		
34.85		-0.11508		
34.86		-0.115055		
34.87		-0.11503		
34.88		-0.115005		
34.89		-0.11498		
34.9		-0.114955		
34.91		-0.114929		
34.92		-0.114904		
34.93		-0.114879		
34.94		-0.114854		
34.95		-0.114829		
34.96		-0.114804		
34.97		-0.114779		
34.98		-0.114753		
34.99		-0.114728		
35		-0.114703		
35.01		-0.114678		
35.02		-0.114653		
35.03		-0.114627		
35.04		-0.114602		
35.05		-0.114577		
35.06		-0.114552		
35.07		-0.114526		
35.08		-0.114501		
35.09		-0.114476		
35.1		-0.11445		
35.11		-0.114425		
35.12		-0.1144		
35.13		-0.114374		
35.14		-0.114349		
35.15		-0.114324		
35.16		-0.114298		
35.17		-0.114273		
35.18		-0.114248		
35.19		-0.114222		
35.2		-0.114197		
35.21		-0.114171		
35.22		-0.114146		
35.23		-0.11412		
35.24		-0.114095		
35.25		-0.11407		
35.26		-0.114044		
35.27		-0.114019		
35.28		-0.113993		
35.29		-0.113968		
35.3		-0.113942		
35.31		-0.113917		
35.32		-0.113891		
35.33		-0.113866		
35.34		-0.11384		
35.35		-0.113815		
35.36		-0.113789		
35.37		-0.113764		
35.38		-0.113738		
35.39		-0.113712		
35.4		-0.113687		
35.41		-0.113661		
35.42		-0.113636		
35.43		-0.11361		
35.44		-0.113584		
35.45		-0.113559		
35.46		-0.113533		
35.47		-0.113508		
35.48		-0.113482		
35.49		-0.113456		
35.5		-0.113431		
35.51		-0.113405		
35.52		-0.113379		
35.53		-0.113354		
35.54		-0.113328		
35.55		-0.113302		
35.56		-0.113276		
35.57		-0.113251		
35.58		-0.113225		
35.59		-0.113199		
35.6		-0.113173		
35.61		-0.113148		
35.62		-0.113122		
35.63		-0.113096		
35.64		-0.11307		
35.65		-0.113045		
35.66		-0.113019		
35.67		-0.112993		
35.68		-0.112967		
35.69		-0.112941		
35.7		-0.112916		
35.71		-0.11289		
35.72		-0.112864		
35.73		-0.112838		
35.74		-0.112812		
35.75		-0.112786		
35.76		-0.112761		
35.77		-0.112735		
35.78		-0.112709		
35.79		-0.112683		
35.8		-0.112657		
35.81		-0.112631		
35.82		-0.112605		
35.83		-0.112579		
35.84		-0.112553		
35.85		-0.112528		
35.86		-0.112502		
35.87		-0.112476		
35.88		-0.11245		
35.89		-0.112424		
35.9		-0.112398		
35.91		-0.112372		
35.92		-0.112346		
35.93		-0.11232		
35.94		-0.112294		
35.95		-0.112268		
35.96		-0.112242		
35.97		-0.112216		
35.98		-0.11219		
35.99		-0.112164		
36		-0.112138		
36.01		-0.112112		
36.02		-0.112086		
36.03		-0.11206		
36.04		-0.112034		
36.05		-0.112008		
36.06		-0.111982		
36.07		-0.111956		
36.08		-0.111929		
36.09		-0.111903		
36.1		-0.111877		
36.11		-0.111851		
36.12		-0.111825		
36.13		-0.111799		
36.14		-0.111773		
36.15		-0.111747		
36.16		-0.111721		
36.17		-0.111695		
36.18		-0.111668		
36.19		-0.111642		
36.2		-0.111616		
36.21		-0.11159		
36.22		-0.111564		
36.23		-0.111538		
36.24		-0.111512		
36.25		-0.111485		
36.26		-0.111459		
36.27		-0.111433		
36.28		-0.111407		
36.29		-0.111381		
36.3		-0.111354		
36.31		-0.111328		
36.32		-0.111302		
36.33		-0.111276		
36.34		-0.11125		
36.35		-0.111223		
36.36		-0.111197		
36.37		-0.111171		
36.38		-0.111145		
36.39		-0.111118		
36.4		-0.111092		
36.41		-0.111066		
36.42		-0.11104		
36.43		-0.111013		
36.44		-0.110987		
36.45		-0.110961		
36.46		-0.110935		
36.47		-0.110908		
36.48		-0.110882		
36.49		-0.110856		
36.5		-0.110829		
36.51		-0.110803		
36.52		-0.110777		
36.53		-0.11075		
36.54		-0.110724		
36.55		-0.110698		
36.56		-0.110671		
36.57		-0.110645		
36.58		-0.110619		
36.59		-0.110592		
36.6		-0.110566		
36.61		-0.11054		
36.62		-0.110513		
36.63		-0.110487		
36.64		-0.110461		
36.65		-0.110434		
36.66		-0.110408		
36.67		-0.110382		
36.68		-0.110355		
36.69		-0.110329		
36.7		-0.110302		
36.71		-0.110276		
36.72		-0.11025		
36.73		-0.110223		
36.74		-0.110197		
36.75		-0.11017		
36.76		-0.110144		
36.77		-0.110117		
36.78		-0.110091		
36.79		-0.110065		
36.8		-0.110038		
36.81		-0.110012		
36.82		-0.109985		
36.83		-0.109959		
36.84		-0.109932		
36.85		-0.109906		
36.86		-0.10988		
36.87		-0.109853		
36.88		-0.109827		
36.89		-0.1098		
36.9		-0.109774		
36.91		-0.109747		
36.92		-0.109721		
36.93		-0.109694		
36.94		-0.109668		
36.95		-0.109641		
36.96		-0.109615		
36.97		-0.109588		
36.98		-0.109562		
36.99		-0.109535		
37		-0.109509		
37.01		-0.109482		
37.02		-0.109456		
37.03		-0.109429		
37.04		-0.109403		
37.05		-0.109376		
37.06		-0.10935		
37.07		-0.109323		
37.08		-0.109297		
37.09		-0.10927		
37.1		-0.109244		
37.11		-0.109217		
37.12		-0.10919		
37.13		-0.109164		
37.14		-0.109137		
37.15		-0.109111		
37.16		-0.109084		
37.17		-0.109058		
37.18		-0.109031		
37.19		-0.109005		
37.2		-0.108978		
37.21		-0.108951		
37.22		-0.108925		
37.23		-0.108898		
37.24		-0.108872		
37.25		-0.108845		
37.26		-0.108818		
37.27		-0.108792		
37.28		-0.108765		
37.29		-0.108739		
37.3		-0.108712		
37.31		-0.108685		
37.32		-0.108659		
37.33		-0.108632		
37.34		-0.108606		
37.35		-0.108579		
37.36		-0.108552		
37.37		-0.108526		
37.38		-0.108499		
37.39		-0.108473		
37.4		-0.108446		
37.41		-0.108419		
37.42		-0.108393		
37.43		-0.108366		
37.44		-0.108339		
37.45		-0.108313		
37.46		-0.108286		
37.47		-0.108259		
37.48		-0.108233		
37.49		-0.108206		
37.5		-0.10818		
37.51		-0.108153		
37.52		-0.108126		
37.53		-0.1081		
37.54		-0.108073		
37.55		-0.108046		
37.56		-0.10802		
37.57		-0.107993		
37.58		-0.107966		
37.59		-0.10794		
37.6		-0.107913		
37.61		-0.107886		
37.62		-0.10786		
37.63		-0.107833		
37.64		-0.107806		
37.65		-0.10778		
37.66		-0.107753		
37.67		-0.107726		
37.68		-0.107699		
37.69		-0.107673		
37.7		-0.107646		
37.71		-0.107619		
37.72		-0.107593		
37.73		-0.107566		
37.74		-0.107539		
37.75		-0.107513		
37.76		-0.107486		
37.77		-0.107459		
37.78		-0.107432		
37.79		-0.107406		
37.8		-0.107379		
37.81		-0.107352		
37.82		-0.107326		
37.83		-0.107299		
37.84		-0.107272		
37.85		-0.107246		
37.86		-0.107219		
37.87		-0.107192		
37.88		-0.107165		
37.89		-0.107139		
37.9		-0.107112		
37.91		-0.107085		
37.92		-0.107058		
37.93		-0.107032		
37.94		-0.107005		
37.95		-0.106978		
37.96		-0.106952		
37.97		-0.106925		
37.98		-0.106898		
37.99		-0.106871		
38		-0.106845		
38.01		-0.106818		
38.02		-0.106791		
38.03		-0.106764		
38.04		-0.106738		
38.05		-0.106711		
38.06		-0.106684		
38.07		-0.106657		
38.08		-0.106631		
38.09		-0.106604		
38.1		-0.106577		
38.11		-0.10655		
38.12		-0.106524		
38.13		-0.106497		
38.14		-0.10647		
38.15		-0.106443		
38.16		-0.106417		
38.17		-0.10639		
38.18		-0.106363		
38.19		-0.106336		
38.2		-0.10631		
38.21		-0.106283		
38.22		-0.106256		
38.23		-0.106229		
38.24		-0.106203		
38.25		-0.106176		
38.26		-0.106149		
38.27		-0.106122		
38.28		-0.106096		
38.29		-0.106069		
38.3		-0.106042		
38.31		-0.106015		
38.32		-0.105988		
38.33		-0.105962		
38.34		-0.105935		
38.35		-0.105908		
38.36		-0.105881		
38.37		-0.105855		
38.38		-0.105828		
38.39		-0.105801		
38.4		-0.105774		
38.41		-0.105748		
38.42		-0.105721		
38.43		-0.105694		
38.44		-0.105667		
38.45		-0.10564		
38.46		-0.105614		
38.47		-0.105587		
38.48		-0.10556		
38.49		-0.105533		
38.5		-0.105507		
38.51		-0.10548		
38.52		-0.105453		
38.53		-0.105426		
38.54		-0.1054		
38.55		-0.105373		
38.56		-0.105346		
38.57		-0.105319		
38.58		-0.105292		
38.59		-0.105266		
38.6		-0.105239		
38.61		-0.105212		
38.62		-0.105185		
38.63		-0.105159		
38.64		-0.105132		
38.65		-0.105105		
38.66		-0.105078		
38.67		-0.105051		
38.68		-0.105025		
38.69		-0.104998		
38.7		-0.104971		
38.71		-0.104944		
38.72		-0.104917		
38.73		-0.104891		
38.74		-0.104864		
38.75		-0.104837		
38.76		-0.10481		
38.77		-0.104784		
38.78		-0.104757		
38.79		-0.10473		
38.8		-0.104703		
38.81		-0.104676		
38.82		-0.10465		
38.83		-0.104623		
38.84		-0.104596		
38.85		-0.104569		
38.86		-0.104543		
38.87		-0.104516		
38.88		-0.104489		
38.89		-0.104462		
38.9		-0.104436		
38.91		-0.104409		
38.92		-0.104382		
38.93		-0.104355		
38.94		-0.104328		
38.95		-0.104302		
38.96		-0.104275		
38.97		-0.104248		
38.98		-0.104221		
38.99		-0.104195		
39		-0.104168		
39.01		-0.104141		
39.02		-0.104114		
39.03		-0.104087		
39.04		-0.104061		
39.05		-0.104034		
39.06		-0.104007		
39.07		-0.10398		
39.08		-0.103954		
39.09		-0.103927		
39.1		-0.1039		
39.11		-0.103873		
39.12		-0.103847		
39.13		-0.10382		
39.14		-0.103793		
39.15		-0.103766		
39.16		-0.103739		
39.17		-0.103713		
39.18		-0.103686		
39.19		-0.103659		
39.2		-0.103632		
39.21		-0.103606		
39.22		-0.103579		
39.23		-0.103552		
39.24		-0.103525		
39.25		-0.103499		
39.26		-0.103472		
39.27		-0.103445		
39.28		-0.103418		
39.29		-0.103392		
39.3		-0.103365		
39.31		-0.103338		
39.32		-0.103311		
39.33		-0.103285		
39.34		-0.103258		
39.35		-0.103231		
39.36		-0.103204		
39.37		-0.103178		
39.38		-0.103151		
39.39		-0.103124		
39.4		-0.103097		
39.41		-0.103071		
39.42		-0.103044		
39.43		-0.103017		
39.44		-0.102991		
39.45		-0.102964		
39.46		-0.102937		
39.47		-0.10291		
39.48		-0.102884		
39.49		-0.102857		
39.5		-0.10283		
39.51		-0.102803		
39.52		-0.102777		
39.53		-0.10275		
39.54		-0.102721		
39.55		-0.102681		
39.56		-0.102634		
39.57		-0.102581		
39.58		-0.102522		
39.59		-0.102457		
39.6		-0.102386		
39.61		-0.102308		
39.62		-0.102225		
39.63		-0.102136		
39.64		-0.102042		
39.65		-0.101941		
39.66		-0.101835		
39.67		-0.101724		
39.68		-0.101607		
39.69		-0.101485		
39.7		-0.101357		
39.71		-0.101225		
39.72		-0.101087		
39.73		-0.100945		
39.74		-0.100797		
39.75		-0.100645		
39.76		-0.100488		
39.77		-0.100326		
39.78		-0.10016		
39.79		-0.0999891		
39.8		-0.0998141		
39.81		-0.0996347		
39.82		-0.0994511		
39.83		-0.0992634		
39.84		-0.0990716		
39.85		-0.0988759		
39.86		-0.0986763		
39.87		-0.0984729		
39.88		-0.0982658		
39.89		-0.0980552		
39.9		-0.0978409		
39.91		-0.0976233		
39.92		-0.0974022		
39.93		-0.0971779		
39.94		-0.0969504		
39.95		-0.0967198		
39.96		-0.0964861		
39.97		-0.0962495		
39.98		-0.09601		
39.99		-0.0957677		
40		-0.0955227		
40.01		-0.0952751		
40.02		-0.0950249		
40.03		-0.0947722		
40.04		-0.0945172		
40.05		-0.0942598		
40.06		-0.0940002		
40.07		-0.0937384		
40.08		-0.0934745		
40.09		-0.0932086		
40.1		-0.0929407		
40.11		-0.092671		
40.12		-0.0923995		
40.13		-0.0921262		
40.14		-0.0918513		
40.15		-0.0915748		
40.16		-0.0912968		
40.17		-0.0910173		
40.18		-0.0907365		
40.19		-0.0904543		
40.2		-0.0901709		
40.21		-0.0898863		
40.22		-0.0896005		
40.23		-0.0893137		
40.24		-0.089026		
40.25		-0.0887373		
40.26		-0.0884477		
40.27		-0.0881573		
40.28		-0.0878661		
40.29		-0.0875743		
40.3		-0.0872818		
40.31		-0.0869888		
40.32		-0.0866952		
40.33		-0.0864011		
40.34		-0.0861067		
40.35		-0.0858118		
40.36		-0.0855167		
40.37		-0.0852213		
40.38		-0.0849257		
40.39		-0.0846299		
40.4		-0.0843341		
40.41		-0.0840381		
40.42		-0.0837422		
40.43		-0.0834463		
40.44		-0.0831504		
40.45		-0.0828547		
40.46		-0.0825591		
40.47		-0.0822638		
40.48		-0.0819687		
40.49		-0.0816738		
40.5		-0.0813794		
40.51		-0.0810852		
40.52		-0.0807915		
40.53		-0.0804982		
40.54		-0.0802054		
40.55		-0.0799131		
40.56		-0.0796214		
40.57		-0.0793302		
40.58		-0.0790397		
40.59		-0.0787498		
40.6		-0.0784605		
40.61		-0.078172		
40.62		-0.0778843		
40.63		-0.0775972		
40.64		-0.077311		
40.65		-0.0770257		
40.66		-0.0767411		
40.67		-0.0764575		
40.68		-0.0761747		
40.69		-0.0758929		
40.7		-0.075612		
40.71		-0.0753321		
40.72		-0.0750532		
40.73		-0.0747753		
40.74		-0.0744984		
40.75		-0.0742226		
40.76		-0.0739479		
40.77		-0.0736743		
40.78		-0.0734017		
40.79		-0.0731304		
40.8		-0.0728601		
40.81		-0.072591		
40.82		-0.0723232		
40.83		-0.0720565		
40.84		-0.071791		
40.85		-0.0715267		
40.86		-0.0712637		
40.87		-0.0710019		
40.88		-0.0707414		
40.89		-0.0704821		
40.9		-0.0702242		
40.91		-0.0699675		
40.92		-0.0697121		
40.93		-0.0694581		
40.94		-0.0692053		
40.95		-0.0689539		
40.96		-0.0687039		
40.97		-0.0684551		
40.98		-0.0682078		
40.99		-0.0679617		
41		-0.0677171		
41.01		-0.0674738		
41.02		-0.0672319		
41.03		-0.0669914		
41.04		-0.0667522		
41.05		-0.0665145		
41.06		-0.0662781		
41.07		-0.0660431		
41.08		-0.0658095		
41.09		-0.0655773		
41.1		-0.0653466		
41.11		-0.0651172		
41.12		-0.0648892		
41.13		-0.0646626		
41.14		-0.0644374		
41.15		-0.0642136		
41.16		-0.0639913		
41.17		-0.0637703		
41.18		-0.0635507		
41.19		-0.0633325		
41.2		-0.0631158		
41.21		-0.0629004		
41.22		-0.0626864		
41.23		-0.0624738		
41.24		-0.0622626		
41.25		-0.0620528		
41.26		-0.0618443		
41.27		-0.0616373		
41.28		-0.0614316		
41.29		-0.0612273		
41.3		-0.0610244		
41.31		-0.0608228		
41.32		-0.0606226		
41.33		-0.0604238		
41.34		-0.0602263		
41.35		-0.0600301		
41.36		-0.0598353		
41.37		-0.0596418		
41.38		-0.0594497		
41.39		-0.0592588		
41.4		-0.0590693		
41.41		-0.0588812		
41.42		-0.0586943		
41.43		-0.0585087		
41.44		-0.0583244		
41.45		-0.0581414		
41.46		-0.0579597		
41.47		-0.0577793		
41.48		-0.0576001		
41.49		-0.0574222		
41.5		-0.0572455		
41.51		-0.0570701		
41.52		-0.0568959		
41.53		-0.056723		
41.54		-0.0565513		
41.55		-0.0563808		
41.56		-0.0562115		
41.57		-0.0560434		
41.58		-0.0558766		
41.59		-0.0557109		
41.6		-0.0555463		
41.61		-0.055383		
41.62		-0.0552208		
41.63		-0.0550598		
41.64		-0.0548999		
41.65		-0.0547412		
41.66		-0.0545836		
41.67		-0.0544271		
41.68		-0.0542717		
41.69		-0.0541174		
41.7		-0.0539643		
41.71		-0.0538122		
41.72		-0.0536612		
41.73		-0.0535113		
41.74		-0.0533625		
41.75		-0.0532147		
41.76		-0.0530679		
41.77		-0.0529222		
41.78		-0.0527776		
41.79		-0.0526339		
41.8		-0.0524913		
41.81		-0.0523497		
41.82		-0.052209		
41.83		-0.0520694		
41.84		-0.0519308		
41.85		-0.0517931		
41.86		-0.0516564		
41.87		-0.0515207		
41.88		-0.0513859		
41.89		-0.051252		
41.9		-0.0511191		
41.91		-0.0509871		
41.92		-0.050856		
41.93		-0.0507259		
41.94		-0.0505966		
41.95		-0.0504682		
41.96		-0.0503408		
41.97		-0.0502141		
41.98		-0.0500884		
41.99		-0.0499635		
42		-0.0498395		
42.01		-0.0497163		
42.02		-0.049594		
42.03		-0.0494725		
42.04		-0.0493518		
42.05		-0.0492319		
42.06		-0.0491129		
42.07		-0.0489946		
42.08		-0.0488771		
42.09		-0.0487605		
42.1		-0.0486445		
42.11		-0.0485294		
42.12		-0.048415		
42.13		-0.0483014		
42.14		-0.0481885		
42.15		-0.0480764		
42.16		-0.047965		
42.17		-0.0478543		
42.18		-0.0477444		
42.19		-0.0476351		
42.2		-0.0475266		
42.21		-0.0474187		
42.22		-0.0473116		
42.23		-0.0472051		
42.24		-0.0470993		
42.25		-0.0469942		
42.26		-0.0468897		
42.27		-0.046786		
42.28		-0.0466828		
42.29		-0.0465803		
42.3		-0.0464784		
42.31		-0.0463772		
42.32		-0.0462766		
42.33		-0.0461766		
42.34		-0.0460772		
42.35		-0.0459785		
42.36		-0.0458803		
42.37		-0.0457827		
42.38		-0.0456857		
42.39		-0.0455893		
42.4		-0.0454935		
42.41		-0.0453982		
42.42		-0.0453035		
42.43		-0.0452094		
42.44		-0.0451158		
42.45		-0.0450228		
42.46		-0.0449303		
42.47		-0.0448383		
42.48		-0.0447469		
42.49		-0.044656		
42.5		-0.0445656		
42.51		-0.0444758		
42.52		-0.0443864		
42.53		-0.0442975		
42.54		-0.0442092		
42.55		-0.0441213		
42.56		-0.0440339		
42.57		-0.0439471		
42.58		-0.0438606		
42.59		-0.0437747		
42.6		-0.0436892		
42.61		-0.0436042		
42.62		-0.0435197		
42.63		-0.0434356		
42.64		-0.0433519		
42.65		-0.0432687		
42.66		-0.043186		
42.67		-0.0431037		
42.68		-0.0430218		
42.69		-0.0429403		
42.7		-0.0428593		
42.71		-0.0427787		
42.72		-0.0426984		
42.73		-0.0426186		
42.74		-0.0425393		
42.75		-0.0424603		
42.76		-0.0423817		
42.77		-0.0423035		
42.78		-0.0422257		
42.79		-0.0421482		
42.8		-0.0420712		
42.81		-0.0419945		
42.82		-0.0419182		
42.83		-0.0418423		
42.84		-0.0417668		
42.85		-0.0416916		
42.86		-0.0416167		
42.87		-0.0415423		
42.88		-0.0414681		
42.89		-0.0413944		
42.9		-0.0413209		
42.91		-0.0412478		
42.92		-0.0411751		
42.93		-0.0411027		
42.94		-0.0410306		
42.95		-0.0409588		
42.96		-0.0408874		
42.97		-0.0408163		
42.98		-0.0407455		
42.99		-0.040675		
43		-0.0406048		
43.01		-0.040535		
43.02		-0.0404654		
43.03		-0.0403962		
43.04		-0.0403272		
43.05		-0.0402586		
43.06		-0.0401902		
43.07		-0.0401221		
43.08		-0.0400544		
43.09		-0.0399869		
43.1		-0.0399197		
43.11		-0.0398527		
43.12		-0.0397861		
43.13		-0.0397197		
43.14		-0.0396536		
43.15		-0.0395878		
43.16		-0.0395222		
43.17		-0.0394569		
43.18		-0.0393919		
43.19		-0.0393271		
43.2		-0.0392626		
43.21		-0.0391983		
43.22		-0.0391343		
43.23		-0.0390706		
43.24		-0.039007		
43.25		-0.0389438		
43.26		-0.0388808		
43.27		-0.038818		
43.28		-0.0387554		
43.29		-0.0386931		
43.3		-0.0386311		
43.31		-0.0385692		
43.32		-0.0385076		
43.33		-0.0384462		
43.34		-0.0383851		
43.35		-0.0383242		
43.36		-0.0382635		
43.37		-0.038203		
43.38		-0.0381427		
43.39		-0.0380827		
43.4		-0.0380228		
43.41		-0.0379632		
43.42		-0.0379038		
43.43		-0.0378446		
43.44		-0.0377856		
43.45		-0.0377268		
43.46		-0.0376683		
43.47		-0.0376099		
43.48		-0.0375517		
43.49		-0.0374937		
43.5		-0.037436		
43.51		-0.0373784		
43.52		-0.037321		
43.53		-0.0372638		
43.54		-0.0372068		
43.55		-0.03715		
43.56		-0.0370934		
43.57		-0.0370369		
43.58		-0.0369807		
43.59		-0.0369246		
43.6		-0.0368687		
43.61		-0.036813		
43.62		-0.0367575		
43.63		-0.0367021		
43.64		-0.0366469		
43.65		-0.0365919		
43.66		-0.0365371		
43.67		-0.0364824		
43.68		-0.036428		
43.69		-0.0363736		
43.7		-0.0363195		
43.71		-0.0362655		
43.72		-0.0362117		
43.73		-0.0361581		
43.74		-0.0361046		
43.75		-0.0360513		
43.76		-0.0359981		
43.77		-0.0359451		
43.78		-0.0358923		
43.79		-0.0358396		
43.8		-0.035787		
43.81		-0.0357347		
43.82		-0.0356824		
43.83		-0.0356304		
43.84		-0.0355785		
43.85		-0.0355267		
43.86		-0.0354751		
43.87		-0.0354236		
43.88		-0.0353723		
43.89		-0.0353211		
43.9		-0.0352701		
43.91		-0.0352192		
43.92		-0.0351685		
43.93		-0.0351179		
43.94		-0.0350674		
43.95		-0.0350171		
43.96		-0.034967		
43.97		-0.0349169		
43.98		-0.034867		
43.99		-0.0348173		
44		-0.0347677		
44.01		-0.0347182		
44.02		-0.0346688		
44.03		-0.0346196		
44.04		-0.0345705		
44.05		-0.0345216		
44.06		-0.0344728		
44.07		-0.0344241		
44.08		-0.0343755		
44.09		-0.0343271		
44.1		-0.0342788		
44.11		-0.0342306		
44.12		-0.0341825		
44.13		-0.0341346		
44.14		-0.0340868		
44.15		-0.0340391		
44.16		-0.0339916		
44.17		-0.0339442		
44.18		-0.0338968		
44.19		-0.0338497		
44.2		-0.0338026		
44.21		-0.0337557		
44.22		-0.0337088		
44.23		-0.0336621		
44.24		-0.0336155		
44.25		-0.0335691		
44.26		-0.0335227		
44.27		-0.0334765		
44.28		-0.0334303		
44.29		-0.0333843		
44.3		-0.0333384		
44.31		-0.0332926		
44.32		-0.033247		
44.33		-0.0332014		
44.34		-0.033156		
44.35		-0.0331106		
44.36		-0.0330654		
44.37		-0.0330203		
44.38		-0.0329753		
44.39		-0.0329304		
44.4		-0.0328856		
44.41		-0.0328409		
44.42		-0.0327963		
44.43		-0.0327518		
44.44		-0.0327075		
44.45		-0.0326632		
44.46		-0.0326191		
44.47		-0.032575		
44.48		-0.0325311		
44.49		-0.0324872		
44.5		-0.0324435		
44.51		-0.0323998		
44.52		-0.0323563		
44.53		-0.0323129		
44.54		-0.0322695		
44.55		-0.0322263		
44.56		-0.0321832		
44.57		-0.0321401		
44.58		-0.0320972		
44.59		-0.0320543		
44.6		-0.0320116		
44.61		-0.031969		
44.62		-0.0319264		
44.63		-0.031884		
44.64		-0.0318416		
44.65		-0.0317993		
44.66		-0.0317572		
44.67		-0.0317151		
44.68		-0.0316731		
44.69		-0.0316313		
44.7		-0.0315895		
44.71		-0.0315478		
44.72		-0.0315062		
44.73		-0.0314647		
44.74		-0.0314232		
44.75		-0.0313819		
44.76		-0.0313407		
44.77		-0.0312995		
44.78		-0.0312585		
44.79		-0.0312175		
44.8		-0.0311767		
44.81		-0.0311359		
44.82		-0.0310952		
44.83		-0.0310546		
44.84		-0.031014		
44.85		-0.0309736		
44.86		-0.0309333		
44.87		-0.030893		
44.88		-0.0308528		
44.89		-0.0308128		
44.9		-0.0307728		
44.91		-0.0307329		
44.92		-0.030693		
44.93		-0.0306533		
44.94		-0.0306136		
44.95		-0.0305741		
44.96		-0.0305346		
44.97		-0.0304952		
44.98		-0.0304558		
44.99		-0.0304166		
45		-0.0303774		
45.01		-0.0303384		
45.02		-0.0302994		
45.03		-0.0302605		
45.04		-0.0302216		
45.05		-0.0301829		
45.06		-0.0301442		
45.07		-0.0301056		
45.08		-0.0300671		
45.09		-0.0300287		
45.1		-0.0299904		
45.11		-0.0299521		
45.12		-0.0299139		
45.13		-0.0298758		
45.14		-0.0298378		
45.15		-0.0297998		
45.16		-0.0297619		
45.17		-0.0297241		
45.18		-0.0296864		
45.19		-0.0296488		
45.2		-0.0296112		
45.21		-0.0295737		
45.22		-0.0295363		
45.23		-0.029499		
45.24		-0.0294617		
45.25		-0.0294245		
45.26		-0.0293874		
45.27		-0.0293504		
45.28		-0.0293134		
45.29		-0.0292766		
45.3		-0.0292397		
45.31		-0.029203		
45.32		-0.0291664		
45.33		-0.0291298		
45.34		-0.0290932		
45.35		-0.0290568		
45.36		-0.0290204		
45.37		-0.0289841		
45.38		-0.0289479		
45.39		-0.0289118		
45.4		-0.0288757		
45.41		-0.0288397		
45.42		-0.0288037		
45.43		-0.0287679		
45.44		-0.0287321		
45.45		-0.0286964		
45.46		-0.0286607		
45.47		-0.0286251		
45.48		-0.0285896		
45.49		-0.0285542		
45.5		-0.0285188		
45.51		-0.0284835		
45.52		-0.0284483		
45.53		-0.0284131		
45.54		-0.028378		
45.55		-0.028343		
45.56		-0.028308		
45.57		-0.0282731		
45.58		-0.0282383		
45.59		-0.0282035		
45.6		-0.0281688		
45.61		-0.0281342		
45.62		-0.0280997		
45.63		-0.0280652		
45.64		-0.0280308		
45.65		-0.0279964		
45.66		-0.0279621		
45.67		-0.0279279		
45.68		-0.0278937		
45.69		-0.0278597		
45.7		-0.0278256		
45.71		-0.0277917		
45.72		-0.0277578		
45.73		-0.0277239		
45.74		-0.0276902		
45.75		-0.0276565		
45.76		-0.0276229		
45.77		-0.0275893		
45.78		-0.0275558		
45.79		-0.0275223		
45.8		-0.027489		
45.81		-0.0274556		
45.82		-0.0274224		
45.83		-0.0273892		
45.84		-0.0273561		
45.85		-0.027323		
45.86		-0.02729		
45.87		-0.0272571		
45.88		-0.0272242		
45.89		-0.0271914		
45.9		-0.0271586		
45.91		-0.027126		
45.92		-0.0270933		
45.93		-0.0270608		
45.94		-0.0270283		
45.95		-0.0269958		
45.96		-0.0269634		
45.97		-0.0269311		
45.98		-0.0268988		
45.99		-0.0268666		
46		-0.0268345		
46.01		-0.0268024		
46.02		-0.0267704		
46.03		-0.0267384		
46.04		-0.0267065		
46.05		-0.0266747		
46.06		-0.0266429		
46.07		-0.0266112		
46.08		-0.0265795		
46.09		-0.0265479		
46.1		-0.0265164		
46.11		-0.0264849		
46.12		-0.0264535		
46.13		-0.0264221		
46.14		-0.0263908		
46.15		-0.0263595		
46.16		-0.0263283		
46.17		-0.0262972		
46.18		-0.0262661		
46.19		-0.0262351		
46.2		-0.0262041		
46.21		-0.0261732		
46.22		-0.0261424		
46.23		-0.0261116		
46.24		-0.0260808		
46.25		-0.0260501		
46.26		-0.0260195		
46.27		-0.0259889		
46.28		-0.0259584		
46.29		-0.025928		
46.3		-0.0258976		
46.31		-0.0258672		
46.32		-0.0258369		
46.33		-0.0258067		
46.34		-0.0257765		
46.35		-0.0257464		
46.36		-0.0257163		
46.37		-0.0256863		
46.38		-0.0256563		
46.39		-0.0256264		
46.4		-0.0255966		
46.41		-0.0255668		
46.42		-0.025537		
46.43		-0.0255073		
46.44		-0.0254777		
46.45		-0.0254481		
46.46		-0.0254186		
46.47		-0.0253891		
46.48		-0.0253597		
46.49		-0.0253303		
46.5		-0.025301		
46.51		-0.0252717		
46.52		-0.0252425		
46.53		-0.0252133		
46.54		-0.0251842		
46.55		-0.0251552		
46.56		-0.0251262		
46.57		-0.0250972		
46.58		-0.0250683		
46.59		-0.0250395		
46.6		-0.0250107		
46.61		-0.024982		
46.62		-0.0249533		
46.63		-0.0249246		
46.64		-0.024896		
46.65		-0.0248675		
46.66		-0.024839		
46.67		-0.0248106		
46.68		-0.0247822		
46.69		-0.0247539		
46.7		-0.0247256		
46.71		-0.0246973		
46.72		-0.0246692		
46.73		-0.024641		
46.74		-0.0246129		
46.75		-0.0245849		
46.76		-0.0245569		
46.77		-0.024529		
46.78		-0.0245011		
46.79		-0.0244733		
46.8		-0.0244455		
46.81		-0.0244178		
46.82		-0.0243901		
46.83		-0.0243624		
46.84		-0.0243349		
46.85		-0.0243073		
46.86		-0.0242798		
46.87		-0.0242524		
46.88		-0.024225		
46.89		-0.0241976		
46.9		-0.0241703		
46.91		-0.0241431		
46.92		-0.0241159		
46.93		-0.0240887		
46.94		-0.0240616		
46.95		-0.0240346		
46.96		-0.0240076		
46.97		-0.0239806		
46.98		-0.0239537		
46.99		-0.0239268		
47		-0.0239		
47.01		-0.0238732		
47.02		-0.0238465		
47.03		-0.0238198		
47.04		-0.0237932		
47.05		-0.0237666		
47.06		-0.0237401		
47.07		-0.0237136		
47.08		-0.0236871		
47.09		-0.0236607		
47.1		-0.0236344		
47.11		-0.0236081		
47.12		-0.0235818		
47.13		-0.0235556		
47.14		-0.0235294		
47.15		-0.0235033		
47.16		-0.0234772		
47.17		-0.0234512		
47.18		-0.0234252		
47.19		-0.0233992		
47.2		-0.0233733		
47.21		-0.0233475		
47.22		-0.0233217		
47.23		-0.0232959		
47.24		-0.0232702		
47.25		-0.0232445		
47.26		-0.0232189		
47.27		-0.0231933		
47.28		-0.0231677		
47.29		-0.0231422		
47.3		-0.0231168		
47.31		-0.0230914		
47.32		-0.023066		
47.33		-0.0230407		
47.34		-0.0230154		
47.35		-0.0229902		
47.36		-0.022965		
47.37		-0.0229398		
47.38		-0.0229147		
47.39		-0.0228897		
47.4		-0.0228646		
47.41		-0.0228397		
47.42		-0.0228147		
47.43		-0.0227898		
47.44		-0.022765		
47.45		-0.0227402		
47.46		-0.0227154		
47.47		-0.0226907		
47.48		-0.022666		
47.49		-0.0226414		
47.5		-0.0226168		
47.51		-0.0225923		
47.52		-0.0225677		
47.53		-0.0225433		
47.54		-0.0225189		
47.55		-0.0224945		
47.56		-0.0224701		
47.57		-0.0224458		
47.58		-0.0224216		
47.59		-0.0223973		
47.6		-0.0223732		
47.61		-0.022349		
47.62		-0.0223249		
47.63		-0.0223009		
47.64		-0.0222769		
47.65		-0.0222529		
47.66		-0.022229		
47.67		-0.0222051		
47.68		-0.0221812		
47.69		-0.0221574		
47.7		-0.0221337		
47.71		-0.0221099		
47.72		-0.0220862		
47.73		-0.0220626		
47.74		-0.022039		
47.75		-0.0220154		
47.76		-0.0219919		
47.77		-0.0219684		
47.78		-0.0219449		
47.79		-0.0219215		
47.8		-0.0218982		
47.81		-0.0218748		
47.82		-0.0218515		
47.83		-0.0218283		
47.84		-0.0218051		
47.85		-0.0217819		
47.86		-0.0217588		
47.87		-0.0217357		
47.88		-0.0217126		
47.89		-0.0216896		
47.9		-0.0216666		
47.91		-0.0216437		
47.92		-0.0216208		
47.93		-0.0215979		
47.94		-0.0215751		
47.95		-0.0215523		
47.96		-0.0215296		
47.97		-0.0215068		
47.98		-0.0214842		
47.99		-0.0214615		
48		-0.0214389		
48.01		-0.0214164		
48.02		-0.0213939		
48.03		-0.0213714		
48.04		-0.0213489		
48.05		-0.0213265		
48.06		-0.0213042		
48.07		-0.0212818		
48.08		-0.0212595		
48.09		-0.0212373		
48.1		-0.021215		
48.11		-0.0211929		
48.12		-0.0211707		
48.13		-0.0211486		
48.14		-0.0211265		
48.15		-0.0211045		
48.16		-0.0210825		
48.17		-0.0210605		
48.18		-0.0210386		
48.19		-0.0210167		
48.2		-0.0209949		
48.21		-0.020973		
48.22		-0.0209513		
48.23		-0.0209295		
48.24		-0.0209078		
48.25		-0.0208861		
48.26		-0.0208645		
48.27		-0.0208429		
48.28		-0.0208213		
48.29		-0.0207998		
48.3		-0.0207783		
48.31		-0.0207568		
48.32		-0.0207354		
48.33		-0.020714		
48.34		-0.0206927		
48.35		-0.0206713		
48.36		-0.0206501		
48.37		-0.0206288		
48.38		-0.0206076		
48.39		-0.0205864		
48.4		-0.0205653		
48.41		-0.0205442		
48.42		-0.0205231		
48.43		-0.0205021		
48.44		-0.0204811		
48.45		-0.0204601		
48.46		-0.0204392		
48.47		-0.0204183		
48.48		-0.0203974		
48.49		-0.0203766		
48.5		-0.0203558		
48.51		-0.020335		
48.52		-0.0203143		
48.53		-0.0202936		
48.54		-0.0202729		
48.55		-0.0202523		
48.56		-0.0202317		
48.57		-0.0202111		
48.58		-0.0201906		
48.59		-0.0201701		
48.6		-0.0201496		
48.61		-0.0201292		
48.62		-0.0201088		
48.63		-0.0200885		
48.64		-0.0200681		
48.65		-0.0200478		
48.66		-0.0200276		
48.67		-0.0200073		
48.68		-0.0199872		
48.69		-0.019967		
48.7		-0.0199469		
48.71		-0.0199268		
48.72		-0.0199067		
48.73		-0.0198867		
48.74		-0.0198667		
48.75		-0.0198467		
48.76		-0.0198268		
48.77		-0.0198069		
48.78		-0.019787		
48.79		-0.0197672		
48.8		-0.0197474		
48.81		-0.0197276		
48.82		-0.0197079		
48.83		-0.0196881		
48.84		-0.0196685		
48.85		-0.0196488		
48.86		-0.0196292		
48.87		-0.0196096		
48.88		-0.0195901		
48.89		-0.0195706		
48.9		-0.0195511		
48.91		-0.0195316		
48.92		-0.0195122		
48.93		-0.0194928		
48.94		-0.0194734		
48.95		-0.0194541		
48.96		-0.0194348		
48.97		-0.0194156		
48.98		-0.0193963		
48.99		-0.0193771		
49		-0.0193579		
49.01		-0.0193388		
49.02		-0.0193197		
49.03		-0.0193006		
49.04		-0.0192816		
49.05		-0.0192625		
49.06		-0.0192435		
49.07		-0.0192246		
49.08		-0.0192057		
49.09		-0.0191868		
49.1		-0.0191679		
49.11		-0.019149		
49.12		-0.0191302		
49.13		-0.0191115		
49.14		-0.0190927		
49.15		-0.019074		
49.16		-0.0190553		
49.17		-0.0190366		
49.18		-0.019018		
49.19		-0.0189994		
49.2		-0.0189809		
49.21		-0.0189623		
49.22		-0.0189438		
49.23		-0.0189253		
49.24		-0.0189069		
49.25		-0.0188885		
49.26		-0.0188701		
49.27		-0.0188517		
49.28		-0.0188334		
49.29		-0.0188151		
49.3		-0.0187968		
49.31		-0.0187785		
49.32		-0.0187603		
49.33		-0.0187421		
49.34		-0.018724		
49.35		-0.0187059		
49.36		-0.0186878		
49.37		-0.0186697		
49.38		-0.0186516		
49.39		-0.0186336		
49.4		-0.0186156		
49.41		-0.0185977		
49.42		-0.0185797		
49.43		-0.0185618		
49.44		-0.018544		
49.45		-0.0185261		
49.46		-0.0185083		
49.47		-0.0184905		
49.48		-0.0184728		
49.49		-0.018455		
49.5		-0.0184373		
49.51		-0.0184197		
49.52		-0.018402		
49.53		-0.0183844		
49.54		-0.0183668		
49.55		-0.0183492		
49.56		-0.0183317		
49.57		-0.0183142		
49.58		-0.0182967		
49.59		-0.0182792		
49.6		-0.0182618		
49.61		-0.0182444		
49.62		-0.0182271		
49.63		-0.0182097		
49.64		-0.0181924		
49.65		-0.0181751		
49.66		-0.0181578		
49.67		-0.0181406		
49.68		-0.0181234		
49.69		-0.0181062		
49.7		-0.0180891		
49.71		-0.0180719		
49.72		-0.0180548		
49.73		-0.0180378		
49.74		-0.0180207		
49.75		-0.0180037		
49.76		-0.0179867		
49.77		-0.0179697		
49.78		-0.0179528		
49.79		-0.0179359		
49.8		-0.017919		
49.81		-0.0179021		
49.82		-0.0178853		
49.83		-0.0178685		
49.84		-0.0178517		
49.85		-0.0178349		
49.86		-0.0178182		
49.87		-0.0178015		
49.88		-0.0177848		
49.89		-0.0177682		
49.9		-0.0177515		
49.91		-0.0177349		
49.92		-0.0177184		
49.93		-0.0177018		
49.94		-0.0176853		
49.95		-0.0176688		
49.96		-0.0176523		
49.97		-0.0176359		
49.98		-0.0176195		
49.99		-0.0176031		
50		-0.0175867		
