tau [fm]		R_Pi^-1
0.25		-0
0.26		-0.000232863		
0.27		-0.000412951		
0.28		-0.000545365		
0.29		-0.00063488		
0.3		-0.000685947		
0.31		-0.000702703		
0.32		-0.000688987		
0.33		-0.000648348		
0.34		-0.000584062		
0.35		-0.000499147		
0.36		-0.000396379		
0.37		-0.000278304		
0.38		-0.000147255		
0.39		-5.3649e-06		
0.4		0.000145422		
0.41		0.000303333		
0.42		0.000466761		
0.43		0.000634247		
0.44		0.000804474		
0.45		0.000976254		
0.46		0.00114852		
0.47		0.00132032		
0.48		0.0014908		
0.49		0.00165921		
0.5		0.00182488		
0.51		0.00198722		
0.52		0.00214573		
0.53		0.00229996		
0.54		0.00244953		
0.55		0.00259413		
0.56		0.00273348		
0.57		0.00286738		
0.58		0.00299565		
0.59		0.00311815		
0.6		0.00323479		
0.61		0.00334551		
0.62		0.00345028		
0.63		0.00354909		
0.64		0.00364196		
0.65		0.00372892		
0.66		0.00381005		
0.67		0.00388542		
0.68		0.00395512		
0.69		0.00401926		
0.7		0.00407796		
0.71		0.00413134		
0.72		0.00417954		
0.73		0.00422271		
0.74		0.00426099		
0.75		0.00429453		
0.76		0.0043235		
0.77		0.00434806		
0.78		0.00436836		
0.79		0.00438458		
0.8		0.00439687		
0.81		0.00440539		
0.82		0.00441032		
0.83		0.00441181		
0.84		0.00441003		
0.85		0.00440512		
0.86		0.00439725		
0.87		0.00438656		
0.88		0.00437321		
0.89		0.00435735		
0.9		0.0043391		
0.91		0.00431862		
0.92		0.00429604		
0.93		0.00427148		
0.94		0.00424508		
0.95		0.00421695		
0.96		0.00418722		
0.97		0.004156		
0.98		0.0041234		
0.99		0.00408952		
1		0.00405447		
1.01		0.00401834		
1.02		0.00398123		
1.03		0.00394323		
1.04		0.00390443		
1.05		0.00386489		
1.06		0.00382471		
1.07		0.00378396		
1.08		0.00374271		
1.09		0.00370102		
1.1		0.00365896		
1.11		0.00361659		
1.12		0.00357397		
1.13		0.00353114		
1.14		0.00348817		
1.15		0.0034451		
1.16		0.00340197		
1.17		0.00335883		
1.18		0.00331572		
1.19		0.00327267		
1.2		0.00322972		
1.21		0.0031869		
1.22		0.00314425		
1.23		0.00310179		
1.24		0.00305954		
1.25		0.00301754		
1.26		0.0029758		
1.27		0.00293434		
1.28		0.00289319		
1.29		0.00285236		
1.3		0.00281186		
1.31		0.00277172		
1.32		0.00273194		
1.33		0.00269253		
1.34		0.00265351		
1.35		0.00261489		
1.36		0.00257667		
1.37		0.00253886		
1.38		0.00250147		
1.39		0.00246449		
1.4		0.00242795		
1.41		0.00239183		
1.42		0.00235615		
1.43		0.0023209		
1.44		0.00228609		
1.45		0.00225171		
1.46		0.00221777		
1.47		0.00218426		
1.48		0.00215119		
1.49		0.00211856		
1.5		0.00208635		
1.51		0.00205458		
1.52		0.00202323		
1.53		0.0019923		
1.54		0.00196179		
1.55		0.0019317		
1.56		0.00190203		
1.57		0.00187276		
1.58		0.00184389		
1.59		0.00181543		
1.6		0.00178736		
1.61		0.00175968		
1.62		0.00173238		
1.63		0.00170547		
1.64		0.00167892		
1.65		0.00165275		
1.66		0.00162694		
1.67		0.00160149		
1.68		0.00157639		
1.69		0.00155163		
1.7		0.00152722		
1.71		0.00150314		
1.72		0.00147939		
1.73		0.00145596		
1.74		0.00143285		
1.75		0.00141005		
1.76		0.00138756		
1.77		0.00136537		
1.78		0.00134347		
1.79		0.00132186		
1.8		0.00130054		
1.81		0.00127949		
1.82		0.00125871		
1.83		0.0012382		
1.84		0.00121795		
1.85		0.00119796		
1.86		0.00117822		
1.87		0.00115872		
1.88		0.00113945		
1.89		0.00112043		
1.9		0.00110163		
1.91		0.00108306		
1.92		0.0010647		
1.93		0.00104656		
1.94		0.00102863		
1.95		0.0010109		
1.96		0.000993366		
1.97		0.000976031		
1.98		0.000958885		
1.99		0.000941925		
2		0.000925146		
2.01		0.000908543		
2.02		0.000892112		
2.03		0.000875848		
2.04		0.000859749		
2.05		0.000843808		
2.06		0.000828023		
2.07		0.000812389		
2.08		0.000796903		
2.09		0.00078156		
2.1		0.000766357		
2.11		0.000751289		
2.12		0.000736354		
2.13		0.000721548		
2.14		0.000706866		
2.15		0.000692307		
2.16		0.000677865		
2.17		0.000663538		
2.18		0.000649323		
2.19		0.000635216		
2.2		0.000621214		
2.21		0.000607313		
2.22		0.000593512		
2.23		0.000579807		
2.24		0.000566194		
2.25		0.000552672		
2.26		0.000539237		
2.27		0.000525886		
2.28		0.000512616		
2.29		0.000499426		
2.3		0.000486312		
2.31		0.000473271		
2.32		0.000460302		
2.33		0.000447401		
2.34		0.000434567		
2.35		0.000421796		
2.36		0.000409087		
2.37		0.000396437		
2.38		0.000383844		
2.39		0.000371306		
2.4		0.00035882		
2.41		0.000346384		
2.42		0.000333997		
2.43		0.000321655		
2.44		0.000309359		
2.45		0.000297104		
2.46		0.000284889		
2.47		0.000272713		
2.48		0.000260573		
2.49		0.000248468		
2.5		0.000236396		
2.51		0.000224355		
2.52		0.000212344		
2.53		0.00020036		
2.54		0.000188402		
2.55		0.000176468		
2.56		0.000164558		
2.57		0.000152668		
2.58		0.000140799		
2.59		0.000128947		
2.6		0.000117112		
2.61		0.000105293		
2.62		9.34875e-05		
2.63		8.16944e-05		
2.64		6.99125e-05		
2.65		5.81403e-05		
2.66		4.63766e-05		
2.67		3.46201e-05		
2.68		2.28696e-05		
2.69		1.11238e-05		
2.7		-6.18579e-07		
2.71		-1.23586e-05		
2.72		-2.40975e-05		
2.73		-3.58364e-05		
2.74		-4.75764e-05		
2.75		-5.93186e-05		
2.76		-7.10641e-05		
2.77		-8.28139e-05		
2.78		-9.4569e-05		
2.79		-0.000106331		
2.8		-0.0001181		
2.81		-0.000129877		
2.82		-0.000141663		
2.83		-0.00015346		
2.84		-0.000165268		
2.85		-0.000177088		
2.86		-0.000188921		
2.87		-0.000200767		
2.88		-0.000212628		
2.89		-0.000224505		
2.9		-0.000236398		
2.91		-0.000248308		
2.92		-0.000260236		
2.93		-0.000272182		
2.94		-0.000284148		
2.95		-0.000296133		
2.96		-0.00030814		
2.97		-0.000320168		
2.98		-0.000332218		
2.99		-0.000344291		
3		-0.000356387		
3.01		-0.000368507		
3.02		-0.000380653		
3.03		-0.000392823		
3.04		-0.00040502		
3.05		-0.000417243		
3.06		-0.000429493		
3.07		-0.000441772		
3.08		-0.000454078		
3.09		-0.000466413		
3.1		-0.000478778		
3.11		-0.000491172		
3.12		-0.000503597		
3.13		-0.000516053		
3.14		-0.00052854		
3.15		-0.000541059		
3.16		-0.00055361		
3.17		-0.000566194		
3.18		-0.000578811		
3.19		-0.000591462		
3.2		-0.000604147		
3.21		-0.000616867		
3.22		-0.000629622		
3.23		-0.000642411		
3.24		-0.000655237		
3.25		-0.000668099		
3.26		-0.000680997		
3.27		-0.000693932		
3.28		-0.000706904		
3.29		-0.000719914		
3.3		-0.000732962		
3.31		-0.000746048		
3.32		-0.000759172		
3.33		-0.000772335		
3.34		-0.000785538		
3.35		-0.00079878		
3.36		-0.000812062		
3.37		-0.000825383		
3.38		-0.000838746		
3.39		-0.000852148		
3.4		-0.000865592		
3.41		-0.000879077		
3.42		-0.000892603		
3.43		-0.000906171		
3.44		-0.000919781		
3.45		-0.000933433		
3.46		-0.000947128		
3.47		-0.000960865		
3.48		-0.000974644		
3.49		-0.000988467		
3.5		-0.00100233		
3.51		-0.00101624		
3.52		-0.0010302		
3.53		-0.00104419		
3.54		-0.00105823		
3.55		-0.00107232		
3.56		-0.00108645		
3.57		-0.00110062		
3.58		-0.00111484		
3.59		-0.00112911		
3.6		-0.00114341		
3.61		-0.00115777		
3.62		-0.00117217		
3.63		-0.00118661		
3.64		-0.0012011		
3.65		-0.00121564		
3.66		-0.00123022		
3.67		-0.00124485		
3.68		-0.00125952		
3.69		-0.00127424		
3.7		-0.00128901		
3.71		-0.00130382		
3.72		-0.00131868		
3.73		-0.00133359		
3.74		-0.00134854		
3.75		-0.00136354		
3.76		-0.00137859		
3.77		-0.00139368		
3.78		-0.00140882		
3.79		-0.00142401		
3.8		-0.00143925		
3.81		-0.00145453		
3.82		-0.00146986		
3.83		-0.00148524		
3.84		-0.00150066		
3.85		-0.00151614		
3.86		-0.00153166		
3.87		-0.00154723		
3.88		-0.00156284		
3.89		-0.00157851		
3.9		-0.00159422		
3.91		-0.00160998		
3.92		-0.00162579		
3.93		-0.00164164		
3.94		-0.00165755		
3.95		-0.0016735		
3.96		-0.0016895		
3.97		-0.00170555		
3.98		-0.00172165		
3.99		-0.00173779		
4		-0.00175398		
4.01		-0.00177023		
4.02		-0.00178651		
4.03		-0.00180285		
4.04		-0.00181924		
4.05		-0.00183567		
4.06		-0.00185216		
4.07		-0.00186869		
4.08		-0.00188527		
4.09		-0.0019019		
4.1		-0.00191857		
4.11		-0.0019353		
4.12		-0.00195207		
4.13		-0.00196889		
4.14		-0.00198576		
4.15		-0.00200268		
4.16		-0.00201965		
4.17		-0.00203666		
4.18		-0.00205373		
4.19		-0.00207084		
4.2		-0.002088		
4.21		-0.00210521		
4.22		-0.00212246		
4.23		-0.00213977		
4.24		-0.00215712		
4.25		-0.00217452		
4.26		-0.00219197		
4.27		-0.00220947		
4.28		-0.00222701		
4.29		-0.00224461		
4.3		-0.00226225		
4.31		-0.00227994		
4.32		-0.00229767		
4.33		-0.00231546		
4.34		-0.00233329		
4.35		-0.00235117		
4.36		-0.0023691		
4.37		-0.00238708		
4.38		-0.00240511		
4.39		-0.00242318		
4.4		-0.0024413		
4.41		-0.00245947		
4.42		-0.00247768		
4.43		-0.00249594		
4.44		-0.00251426		
4.45		-0.00253261		
4.46		-0.00255102		
4.47		-0.00256947		
4.48		-0.00258797		
4.49		-0.00260652		
4.5		-0.00262511		
4.51		-0.00264376		
4.52		-0.00266245		
4.53		-0.00268118		
4.54		-0.00269996		
4.55		-0.00271879		
4.56		-0.00273767		
4.57		-0.0027566		
4.58		-0.00277557		
4.59		-0.00279458		
4.6		-0.00281365		
4.61		-0.00283276		
4.62		-0.00285192		
4.63		-0.00287112		
4.64		-0.00289037		
4.65		-0.00290967		
4.66		-0.00292901		
4.67		-0.0029484		
4.68		-0.00296783		
4.69		-0.00298732		
4.7		-0.00300684		
4.71		-0.00302642		
4.72		-0.00304604		
4.73		-0.0030657		
4.74		-0.00308541		
4.75		-0.00310517		
4.76		-0.00312497		
4.77		-0.00314482		
4.78		-0.00316471		
4.79		-0.00318465		
4.8		-0.00320464		
4.81		-0.00322467		
4.82		-0.00324474		
4.83		-0.00326486		
4.84		-0.00328503		
4.85		-0.00330524		
4.86		-0.00332549		
4.87		-0.00334579		
4.88		-0.00336614		
4.89		-0.00338653		
4.9		-0.00340696		
4.91		-0.00342744		
4.92		-0.00344796		
4.93		-0.00346853		
4.94		-0.00348914		
4.95		-0.0035098		
4.96		-0.0035305		
4.97		-0.00355124		
4.98		-0.00357203		
4.99		-0.00359286		
5		-0.00361374		
5.01		-0.00363466		
5.02		-0.00365563		
5.03		-0.00367663		
5.04		-0.00369768		
5.05		-0.00371878		
5.06		-0.00373992		
5.07		-0.0037611		
5.08		-0.00378232		
5.09		-0.00380359		
5.1		-0.0038249		
5.11		-0.00384626		
5.12		-0.00386765		
5.13		-0.00388909		
5.14		-0.00391058		
5.15		-0.0039321		
5.16		-0.00395367		
5.17		-0.00397528		
5.18		-0.00399693		
5.19		-0.00401863		
5.2		-0.00404037		
5.21		-0.00406215		
5.22		-0.00408397		
5.23		-0.00410583		
5.24		-0.00412774		
5.25		-0.00414968		
5.26		-0.00417167		
5.27		-0.00419371		
5.28		-0.00421578		
5.29		-0.00423789		
5.3		-0.00426005		
5.31		-0.00428225		
5.32		-0.00430448		
5.33		-0.00432676		
5.34		-0.00434909		
5.35		-0.00437145		
5.36		-0.00439385		
5.37		-0.00441629		
5.38		-0.00443878		
5.39		-0.0044613		
5.4		-0.00448387		
5.41		-0.00450648		
5.42		-0.00452912		
5.43		-0.00455181		
5.44		-0.00457454		
5.45		-0.00459731		
5.46		-0.00462012		
5.47		-0.00464296		
5.48		-0.00466585		
5.49		-0.00468878		
5.5		-0.00471175		
5.51		-0.00473475		
5.52		-0.0047578		
5.53		-0.00478089		
5.54		-0.00480401		
5.55		-0.00482718		
5.56		-0.00485038		
5.57		-0.00487363		
5.58		-0.00489691		
5.59		-0.00492023		
5.6		-0.00494359		
5.61		-0.00496699		
5.62		-0.00499043		
5.63		-0.00501391		
5.64		-0.00503743		
5.65		-0.00506098		
5.66		-0.00508457		
5.67		-0.00510821		
5.68		-0.00513188		
5.69		-0.00515558		
5.7		-0.00517933		
5.71		-0.00520311		
5.72		-0.00522694		
5.73		-0.0052508		
5.74		-0.00527469		
5.75		-0.00529863		
5.76		-0.0053226		
5.77		-0.00534661		
5.78		-0.00537066		
5.79		-0.00539475		
5.8		-0.00541887		
5.81		-0.00544303		
5.82		-0.00546723		
5.83		-0.00549146		
5.84		-0.00551573		
5.85		-0.00554004		
5.86		-0.00556438		
5.87		-0.00558877		
5.88		-0.00561318		
5.89		-0.00563764		
5.9		-0.00566213		
5.91		-0.00568666		
5.92		-0.00571122		
5.93		-0.00573582		
5.94		-0.00576046		
5.95		-0.00578513		
5.96		-0.00580984		
5.97		-0.00583458		
5.98		-0.00585936		
5.99		-0.00588418		
6		-0.00590903		
6.01		-0.00593392		
6.02		-0.00595884		
6.03		-0.0059838		
6.04		-0.00600879		
6.05		-0.00603382		
6.06		-0.00605888		
6.07		-0.00608398		
6.08		-0.00610911		
6.09		-0.00613428		
6.1		-0.00615948		
6.11		-0.00618472		
6.12		-0.00621		
6.13		-0.0062353		
6.14		-0.00626064		
6.15		-0.00628602		
6.16		-0.00631143		
6.17		-0.00633688		
6.18		-0.00636236		
6.19		-0.00638787		
6.2		-0.00641342		
6.21		-0.006439		
6.22		-0.00646461		
6.23		-0.00649026		
6.24		-0.00651595		
6.25		-0.00654166		
6.26		-0.00656741		
6.27		-0.0065932		
6.28		-0.00661901		
6.29		-0.00664486		
6.3		-0.00667075		
6.31		-0.00669666		
6.32		-0.00672261		
6.33		-0.0067486		
6.34		-0.00677461		
6.35		-0.00680066		
6.36		-0.00682674		
6.37		-0.00685286		
6.38		-0.006879		
6.39		-0.00690518		
6.4		-0.00693139		
6.41		-0.00695764		
6.42		-0.00698391		
6.43		-0.00701022		
6.44		-0.00703656		
6.45		-0.00706294		
6.46		-0.00708934		
6.47		-0.00711578		
6.48		-0.00714225		
6.49		-0.00716875		
6.5		-0.00719528		
6.51		-0.00722185		
6.52		-0.00724844		
6.53		-0.00727507		
6.54		-0.00730173		
6.55		-0.00732842		
6.56		-0.00735514		
6.57		-0.00738189		
6.58		-0.00740868		
6.59		-0.00743549		
6.6		-0.00746234		
6.61		-0.00748921		
6.62		-0.00751612		
6.63		-0.00754306		
6.64		-0.00757003		
6.65		-0.00759703		
6.66		-0.00762406		
6.67		-0.00765112		
6.68		-0.00767821		
6.69		-0.00770533		
6.7		-0.00773248		
6.71		-0.00775966		
6.72		-0.00778687		
6.73		-0.00781412		
6.74		-0.00784139		
6.75		-0.00786869		
6.76		-0.00789602		
6.77		-0.00792338		
6.78		-0.00795077		
6.79		-0.00797819		
6.8		-0.00800564		
6.81		-0.00803312		
6.82		-0.00806063		
6.83		-0.00808817		
6.84		-0.00811574		
6.85		-0.00814333		
6.86		-0.00817096		
6.87		-0.00819861		
6.88		-0.0082263		
6.89		-0.00825401		
6.9		-0.00828175		
6.91		-0.00830952		
6.92		-0.00833732		
6.93		-0.00836515		
6.94		-0.008393		
6.95		-0.00842089		
6.96		-0.0084488		
6.97		-0.00847674		
6.98		-0.00850471		
6.99		-0.00853271		
7		-0.00856073		
7.01		-0.00858878		
7.02		-0.00861687		
7.03		-0.00864498		
7.04		-0.00867311		
7.05		-0.00870128		
7.06		-0.00872947		
7.07		-0.00875769		
7.08		-0.00878594		
7.09		-0.00881422		
7.1		-0.00884252		
7.11		-0.00887085		
7.12		-0.00889921		
7.13		-0.00892759		
7.14		-0.008956		
7.15		-0.00898444		
7.16		-0.00901291		
7.17		-0.0090414		
7.18		-0.00906992		
7.19		-0.00909847		
7.2		-0.00912704		
7.21		-0.00915564		
7.22		-0.00918427		
7.23		-0.00921292		
7.24		-0.0092416		
7.25		-0.00927031		
7.26		-0.00929904		
7.27		-0.0093278		
7.28		-0.00935659		
7.29		-0.0093854		
7.3		-0.00941424		
7.31		-0.0094431		
7.32		-0.00947199		
7.33		-0.00950091		
7.34		-0.00952985		
7.35		-0.00955882		
7.36		-0.00958781		
7.37		-0.00961683		
7.38		-0.00964588		
7.39		-0.00967495		
7.4		-0.00970404		
7.41		-0.00973316		
7.42		-0.00976231		
7.43		-0.00979148		
7.44		-0.00982068		
7.45		-0.0098499		
7.46		-0.00987915		
7.47		-0.00990842		
7.48		-0.00993772		
7.49		-0.00996704		
7.5		-0.00999639		
7.51		-0.0100258		
7.52		-0.0100552		
7.53		-0.0100846		
7.54		-0.010114		
7.55		-0.0101435		
7.56		-0.010173		
7.57		-0.0102025		
7.58		-0.010232		
7.59		-0.0102616		
7.6		-0.0102912		
7.61		-0.0103208		
7.62		-0.0103505		
7.63		-0.0103801		
7.64		-0.0104098		
7.65		-0.0104395		
7.66		-0.0104693		
7.67		-0.010499		
7.68		-0.0105288		
7.69		-0.0105586		
7.7		-0.0105885		
7.71		-0.0106183		
7.72		-0.0106482		
7.73		-0.0106781		
7.74		-0.010708		
7.75		-0.010738		
7.76		-0.0107679		
7.77		-0.0107979		
7.78		-0.0108279		
7.79		-0.010858		
7.8		-0.0108881		
7.81		-0.0109181		
7.82		-0.0109482		
7.83		-0.0109784		
7.84		-0.0110085		
7.85		-0.0110387		
7.86		-0.0110689		
7.87		-0.0110991		
7.88		-0.0111294		
7.89		-0.0111597		
7.9		-0.01119		
7.91		-0.0112203		
7.92		-0.0112506		
7.93		-0.011281		
7.94		-0.0113113		
7.95		-0.0113417		
7.96		-0.0113722		
7.97		-0.0114026		
7.98		-0.0114331		
7.99		-0.0114636		
8		-0.0114941		
8.01		-0.0115246		
8.02		-0.0115552		
8.03		-0.0115858		
8.04		-0.0116164		
8.05		-0.011647		
8.06		-0.0116776		
8.07		-0.0117083		
8.08		-0.011739		
8.09		-0.0117697		
8.1		-0.0118004		
8.11		-0.0118312		
8.12		-0.0118619		
8.13		-0.0118927		
8.14		-0.0119236		
8.15		-0.0119544		
8.16		-0.0119852		
8.17		-0.0120161		
8.18		-0.012047		
8.19		-0.0120779		
8.2		-0.0121089		
8.21		-0.0121398		
8.22		-0.0121708		
8.23		-0.0122018		
8.24		-0.0122329		
8.25		-0.0122639		
8.26		-0.012295		
8.27		-0.012326		
8.28		-0.0123571		
8.29		-0.0123883		
8.3		-0.0124194		
8.31		-0.0124506		
8.32		-0.0124818		
8.33		-0.012513		
8.34		-0.0125442		
8.35		-0.0125755		
8.36		-0.0126067		
8.37		-0.012638		
8.38		-0.0126693		
8.39		-0.0127006		
8.4		-0.012732		
8.41		-0.0127633		
8.42		-0.0127947		
8.43		-0.0128261		
8.44		-0.0128576		
8.45		-0.012889		
8.46		-0.0129205		
8.47		-0.012952		
8.48		-0.0129835		
8.49		-0.013015		
8.5		-0.0130465		
8.51		-0.0130781		
8.52		-0.0131097		
8.53		-0.0131413		
8.54		-0.0131729		
8.55		-0.0132045		
8.56		-0.0132362		
8.57		-0.0132678		
8.58		-0.0132995		
8.59		-0.0133312		
8.6		-0.013363		
8.61		-0.0133947		
8.62		-0.0134265		
8.63		-0.0134583		
8.64		-0.0134901		
8.65		-0.0135219		
8.66		-0.0135538		
8.67		-0.0135856		
8.68		-0.0136175		
8.69		-0.0136494		
8.7		-0.0136813		
8.71		-0.0137132		
8.72		-0.0137452		
8.73		-0.0137772		
8.74		-0.0138092		
8.75		-0.0138412		
8.76		-0.0138732		
8.77		-0.0139052		
8.78		-0.0139373		
8.79		-0.0139694		
8.8		-0.0140015		
8.81		-0.0140336		
8.82		-0.0140657		
8.83		-0.0140979		
8.84		-0.01413		
8.85		-0.0141622		
8.86		-0.0141944		
8.87		-0.0142266		
8.88		-0.0142589		
8.89		-0.0142911		
8.9		-0.0143234		
8.91		-0.0143557		
8.92		-0.014388		
8.93		-0.0144203		
8.94		-0.0144527		
8.95		-0.014485		
8.96		-0.0145174		
8.97		-0.0145498		
8.98		-0.0145822		
8.99		-0.0146146		
9		-0.0146471		
9.01		-0.0146796		
9.02		-0.014712		
9.03		-0.0147445		
9.04		-0.014777		
9.05		-0.0148096		
9.06		-0.0148421		
9.07		-0.0148747		
9.08		-0.0149073		
9.09		-0.0149398		
9.1		-0.0149725		
9.11		-0.0150051		
9.12		-0.0150377		
9.13		-0.0150704		
9.14		-0.0151031		
9.15		-0.0151358		
9.16		-0.0151685		
9.17		-0.0152012		
9.18		-0.0152339		
9.19		-0.0152667		
9.2		-0.0152995		
9.21		-0.0153323		
9.22		-0.0153651		
9.23		-0.0153979		
9.24		-0.0154307		
9.25		-0.0154636		
9.26		-0.0154965		
9.27		-0.0155293		
9.28		-0.0155622		
9.29		-0.0155952		
9.3		-0.0156281		
9.31		-0.015661		
9.32		-0.015694		
9.33		-0.015727		
9.34		-0.01576		
9.35		-0.015793		
9.36		-0.015826		
9.37		-0.0158591		
9.38		-0.0158921		
9.39		-0.0159252		
9.4		-0.0159583		
9.41		-0.0159914		
9.42		-0.0160245		
9.43		-0.0160576		
9.44		-0.0160908		
9.45		-0.0161239		
9.46		-0.0161571		
9.47		-0.0161903		
9.48		-0.0162235		
9.49		-0.0162568		
9.5		-0.01629		
9.51		-0.0163232		
9.52		-0.0163565		
9.53		-0.0163898		
9.54		-0.0164231		
9.55		-0.0164564		
9.56		-0.0164897		
9.57		-0.0165231		
9.58		-0.0165564		
9.59		-0.0165898		
9.6		-0.0166232		
9.61		-0.0166566		
9.62		-0.01669		
9.63		-0.0167234		
9.64		-0.0167569		
9.65		-0.0167903		
9.66		-0.0168238		
9.67		-0.0168573		
9.68		-0.0168908		
9.69		-0.0169243		
9.7		-0.0169578		
9.71		-0.0169914		
9.72		-0.0170249		
9.73		-0.0170585		
9.74		-0.0170921		
9.75		-0.0171257		
9.76		-0.0171593		
9.77		-0.0171929		
9.78		-0.0172266		
9.79		-0.0172602		
9.8		-0.0172939		
9.81		-0.0173276		
9.82		-0.0173613		
9.83		-0.017395		
9.84		-0.0174287		
9.85		-0.0174624		
9.86		-0.0174962		
9.87		-0.01753		
9.88		-0.0175637		
9.89		-0.0175975		
9.9		-0.0176313		
9.91		-0.0176652		
9.92		-0.017699		
9.93		-0.0177328		
9.94		-0.0177667		
9.95		-0.0178006		
9.96		-0.0178345		
9.97		-0.0178684		
9.98		-0.0179023		
9.99		-0.0179362		
10		-0.0179701		
10.01		-0.0180041		
10.02		-0.018038		
10.03		-0.018072		
10.04		-0.018106		
10.05		-0.01814		
10.06		-0.018174		
10.07		-0.0182081		
10.08		-0.0182421		
10.09		-0.0182762		
10.1		-0.0183102		
10.11		-0.0183443		
10.12		-0.0183784		
10.13		-0.0184125		
10.14		-0.0184466		
10.15		-0.0184808		
10.16		-0.0185149		
10.17		-0.0185491		
10.18		-0.0185832		
10.19		-0.0186174		
10.2		-0.0186516		
10.21		-0.0186858		
10.22		-0.01872		
10.23		-0.0187543		
10.24		-0.0187885		
10.25		-0.0188228		
10.26		-0.0188571		
10.27		-0.0188913		
10.28		-0.0189256		
10.29		-0.0189599		
10.3		-0.0189943		
10.31		-0.0190286		
10.32		-0.0190629		
10.33		-0.0190973		
10.34		-0.0191317		
10.35		-0.019166		
10.36		-0.0192004		
10.37		-0.0192348		
10.38		-0.0192692		
10.39		-0.0193037		
10.4		-0.0193381		
10.41		-0.0193726		
10.42		-0.019407		
10.43		-0.0194415		
10.44		-0.019476		
10.45		-0.0195105		
10.46		-0.019545		
10.47		-0.0195795		
10.48		-0.0196141		
10.49		-0.0196486		
10.5		-0.0196832		
10.51		-0.0197178		
10.52		-0.0197523		
10.53		-0.0197869		
10.54		-0.0198215		
10.55		-0.0198562		
10.56		-0.0198908		
10.57		-0.0199254		
10.58		-0.0199601		
10.59		-0.0199947		
10.6		-0.0200294		
10.61		-0.0200641		
10.62		-0.0200988		
10.63		-0.0201335		
10.64		-0.0201682		
10.65		-0.020203		
10.66		-0.0202377		
10.67		-0.0202725		
10.68		-0.0203072		
10.69		-0.020342		
10.7		-0.0203768		
10.71		-0.0204116		
10.72		-0.0204464		
10.73		-0.0204812		
10.74		-0.0205161		
10.75		-0.0205509		
10.76		-0.0205858		
10.77		-0.0206207		
10.78		-0.0206555		
10.79		-0.0206904		
10.8		-0.0207253		
10.81		-0.0207602		
10.82		-0.0207952		
10.83		-0.0208301		
10.84		-0.020865		
10.85		-0.0209		
10.86		-0.020935		
10.87		-0.0209699		
10.88		-0.0210049		
10.89		-0.0210399		
10.9		-0.0210749		
10.91		-0.02111		
10.92		-0.021145		
10.93		-0.02118		
10.94		-0.0212151		
10.95		-0.0212502		
10.96		-0.0212852		
10.97		-0.0213203		
10.98		-0.0213554		
10.99		-0.0213905		
11		-0.0214257		
11.01		-0.0214608		
11.02		-0.0214959		
11.03		-0.0215311		
11.04		-0.0215662		
11.05		-0.0216014		
11.06		-0.0216366		
11.07		-0.0216718		
11.08		-0.021707		
11.09		-0.0217422		
11.1		-0.0217774		
11.11		-0.0218127		
11.12		-0.0218479		
11.13		-0.0218832		
11.14		-0.0219184		
11.15		-0.0219537		
11.16		-0.021989		
11.17		-0.0220243		
11.18		-0.0220596		
11.19		-0.0220949		
11.2		-0.0221303		
11.21		-0.0221656		
11.22		-0.022201		
11.23		-0.0222363		
11.24		-0.0222717		
11.25		-0.0223071		
11.26		-0.0223425		
11.27		-0.0223779		
11.28		-0.0224133		
11.29		-0.0224487		
11.3		-0.0224841		
11.31		-0.0225196		
11.32		-0.022555		
11.33		-0.0225905		
11.34		-0.022626		
11.35		-0.0226615		
11.36		-0.022697		
11.37		-0.0227325		
11.38		-0.022768		
11.39		-0.0228035		
11.4		-0.022839		
11.41		-0.0228746		
11.42		-0.0229101		
11.43		-0.0229457		
11.44		-0.0229813		
11.45		-0.0230169		
11.46		-0.0230525		
11.47		-0.0230881		
11.48		-0.0231237		
11.49		-0.0231593		
11.5		-0.0231949		
11.51		-0.0232306		
11.52		-0.0232662		
11.53		-0.0233019		
11.54		-0.0233376		
11.55		-0.0233733		
11.56		-0.023409		
11.57		-0.0234447		
11.58		-0.0234804		
11.59		-0.0235161		
11.6		-0.0235519		
11.61		-0.0235876		
11.62		-0.0236234		
11.63		-0.0236591		
11.64		-0.0236949		
11.65		-0.0237307		
11.66		-0.0237665		
11.67		-0.0238023		
11.68		-0.0238381		
11.69		-0.0238739		
11.7		-0.0239098		
11.71		-0.0239456		
11.72		-0.0239815		
11.73		-0.0240173		
11.74		-0.0240532		
11.75		-0.0240891		
11.76		-0.024125		
11.77		-0.0241609		
11.78		-0.0241968		
11.79		-0.0242327		
11.8		-0.0242687		
11.81		-0.0243046		
11.82		-0.0243406		
11.83		-0.0243765		
11.84		-0.0244125		
11.85		-0.0244485		
11.86		-0.0244845		
11.87		-0.0245205		
11.88		-0.0245565		
11.89		-0.0245925		
11.9		-0.0246286		
11.91		-0.0246646		
11.92		-0.0247007		
11.93		-0.0247367		
11.94		-0.0247728		
11.95		-0.0248089		
11.96		-0.024845		
11.97		-0.0248811		
11.98		-0.0249172		
11.99		-0.0249533		
12		-0.0249894		
12.01		-0.0250256		
12.02		-0.0250617		
12.03		-0.0250979		
12.04		-0.0251341		
12.05		-0.0251702		
12.06		-0.0252064		
12.07		-0.0252426		
12.08		-0.0252789		
12.09		-0.0253151		
12.1		-0.0253513		
12.11		-0.0253875		
12.12		-0.0254238		
12.13		-0.0254601		
12.14		-0.0254963		
12.15		-0.0255326		
12.16		-0.0255689		
12.17		-0.0256052		
12.18		-0.0256415		
12.19		-0.0256778		
12.2		-0.0257141		
12.21		-0.0257505		
12.22		-0.0257868		
12.23		-0.0258232		
12.24		-0.0258596		
12.25		-0.0258959		
12.26		-0.0259323		
12.27		-0.0259687		
12.28		-0.0260051		
12.29		-0.0260416		
12.3		-0.026078		
12.31		-0.0261144		
12.32		-0.0261509		
12.33		-0.0261873		
12.34		-0.0262238		
12.35		-0.0262603		
12.36		-0.0262968		
12.37		-0.0263333		
12.38		-0.0263698		
12.39		-0.0264063		
12.4		-0.0264428		
12.41		-0.0264793		
12.42		-0.0265159		
12.43		-0.0265524		
12.44		-0.026589		
12.45		-0.0266256		
12.46		-0.0266622		
12.47		-0.0266988		
12.48		-0.0267354		
12.49		-0.026772		
12.5		-0.0268086		
12.51		-0.0268453		
12.52		-0.0268819		
12.53		-0.0269186		
12.54		-0.0269552		
12.55		-0.0269919		
12.56		-0.0270286		
12.57		-0.0270653		
12.58		-0.027102		
12.59		-0.0271387		
12.6		-0.0271755		
12.61		-0.0272122		
12.62		-0.027249		
12.63		-0.0272857		
12.64		-0.0273225		
12.65		-0.0273593		
12.66		-0.0273961		
12.67		-0.0274329		
12.68		-0.0274697		
12.69		-0.0275065		
12.7		-0.0275433		
12.71		-0.0275802		
12.72		-0.027617		
12.73		-0.0276539		
12.74		-0.0276908		
12.75		-0.0277276		
12.76		-0.0277645		
12.77		-0.0278014		
12.78		-0.0278384		
12.79		-0.0278753		
12.8		-0.0279122		
12.81		-0.0279492		
12.82		-0.0279861		
12.83		-0.0280231		
12.84		-0.0280601		
12.85		-0.0280971		
12.86		-0.0281341		
12.87		-0.0281711		
12.88		-0.0282081		
12.89		-0.0282451		
12.9		-0.0282822		
12.91		-0.0283192		
12.92		-0.0283563		
12.93		-0.0283934		
12.94		-0.0284304		
12.95		-0.0284675		
12.96		-0.0285046		
12.97		-0.0285418		
12.98		-0.0285789		
12.99		-0.028616		
13		-0.0286532		
13.01		-0.0286903		
13.02		-0.0287275		
13.03		-0.0287647		
13.04		-0.0288019		
13.05		-0.0288391		
13.06		-0.0288763		
13.07		-0.0289135		
13.08		-0.0289508		
13.09		-0.028988		
13.1		-0.0290253		
13.11		-0.0290625		
13.12		-0.0290998		
13.13		-0.0291371		
13.14		-0.0291744		
13.15		-0.0292117		
13.16		-0.029249		
13.17		-0.0292864		
13.18		-0.0293237		
13.19		-0.0293611		
13.2		-0.0293985		
13.21		-0.0294358		
13.22		-0.0294732		
13.23		-0.0295106		
13.24		-0.0295481		
13.25		-0.0295855		
13.26		-0.0296229		
13.27		-0.0296604		
13.28		-0.0296978		
13.29		-0.0297353		
13.3		-0.0297728		
13.31		-0.0298103		
13.32		-0.0298478		
13.33		-0.0298853		
13.34		-0.0299228		
13.35		-0.0299604		
13.36		-0.0299979		
13.37		-0.0300355		
13.38		-0.0300731		
13.39		-0.0301107		
13.4		-0.0301483		
13.41		-0.0301859		
13.42		-0.0302235		
13.43		-0.0302611		
13.44		-0.0302988		
13.45		-0.0303364		
13.46		-0.0303741		
13.47		-0.0304118		
13.48		-0.0304495		
13.49		-0.0304872		
13.5		-0.0305249		
13.51		-0.0305627		
13.52		-0.0306004		
13.53		-0.0306382		
13.54		-0.0306759		
13.55		-0.0307137		
13.56		-0.0307515		
13.57		-0.0307893		
13.58		-0.0308271		
13.59		-0.030865		
13.6		-0.0309028		
13.61		-0.0309407		
13.62		-0.0309785		
13.63		-0.0310164		
13.64		-0.0310543		
13.65		-0.0310922		
13.66		-0.0311301		
13.67		-0.031168		
13.68		-0.031206		
13.69		-0.0312439		
13.7		-0.0312819		
13.71		-0.0313199		
13.72		-0.0313579		
13.73		-0.0313959		
13.74		-0.0314339		
13.75		-0.0314719		
13.76		-0.03151		
13.77		-0.031548		
13.78		-0.0315861		
13.79		-0.0316242		
13.8		-0.0316623		
13.81		-0.0317004		
13.82		-0.0317385		
13.83		-0.0317766		
13.84		-0.0318148		
13.85		-0.031853		
13.86		-0.0318911		
13.87		-0.0319293		
13.88		-0.0319675		
13.89		-0.0320057		
13.9		-0.032044		
13.91		-0.0320822		
13.92		-0.0321205		
13.93		-0.0321587		
13.94		-0.032197		
13.95		-0.0322353		
13.96		-0.0322736		
13.97		-0.0323119		
13.98		-0.0323503		
13.99		-0.0323886		
14		-0.032427		
14.01		-0.0324654		
14.02		-0.0325038		
14.03		-0.0325422		
14.04		-0.0325806		
14.05		-0.032619		
14.06		-0.0326575		
14.07		-0.0326959		
14.08		-0.0327344		
14.09		-0.0327729		
14.1		-0.0328114		
14.11		-0.0328499		
14.12		-0.0328884		
14.13		-0.032927		
14.14		-0.0329655		
14.15		-0.0330041		
14.16		-0.0330427		
14.17		-0.0330813		
14.18		-0.0331199		
14.19		-0.0331586		
14.2		-0.0331972		
14.21		-0.0332359		
14.22		-0.0332746		
14.23		-0.0333132		
14.24		-0.0333519		
14.25		-0.0333907		
14.26		-0.0334294		
14.27		-0.0334682		
14.28		-0.0335069		
14.29		-0.0335457		
14.3		-0.0335845		
14.31		-0.0336233		
14.32		-0.0336621		
14.33		-0.033701		
14.34		-0.0337398		
14.35		-0.0337787		
14.36		-0.0338176		
14.37		-0.0338565		
14.38		-0.0338954		
14.39		-0.0339343		
14.4		-0.0339733		
14.41		-0.0340122		
14.42		-0.0340512		
14.43		-0.0340902		
14.44		-0.0341292		
14.45		-0.0341682		
14.46		-0.0342073		
14.47		-0.0342463		
14.48		-0.0342854		
14.49		-0.0343245		
14.5		-0.0343636		
14.51		-0.0344027		
14.52		-0.0344418		
14.53		-0.034481		
14.54		-0.0345202		
14.55		-0.0345593		
14.56		-0.0345985		
14.57		-0.0346378		
14.58		-0.034677		
14.59		-0.0347162		
14.6		-0.0347555		
14.61		-0.0347948		
14.62		-0.0348341		
14.63		-0.0348734		
14.64		-0.0349127		
14.65		-0.0349521		
14.66		-0.0349914		
14.67		-0.0350308		
14.68		-0.0350702		
14.69		-0.0351096		
14.7		-0.035149		
14.71		-0.0351885		
14.72		-0.0352279		
14.73		-0.0352674		
14.74		-0.0353069		
14.75		-0.0353464		
14.76		-0.035386		
14.77		-0.0354255		
14.78		-0.0354651		
14.79		-0.0355047		
14.8		-0.0355443		
14.81		-0.0355839		
14.82		-0.0356235		
14.83		-0.0356632		
14.84		-0.0357028		
14.85		-0.0357425		
14.86		-0.0357822		
14.87		-0.0358219		
14.88		-0.0358617		
14.89		-0.0359014		
14.9		-0.0359412		
14.91		-0.035981		
14.92		-0.0360208		
14.93		-0.0360606		
14.94		-0.0361005		
14.95		-0.0361403		
14.96		-0.0361802		
14.97		-0.0362201		
14.98		-0.03626		
14.99		-0.0363		
15		-0.0363399		
15.01		-0.0363799		
15.02		-0.0364199		
15.03		-0.0364599		
15.04		-0.0364999		
15.05		-0.03654		
15.06		-0.03658		
15.07		-0.0366201		
15.08		-0.0366602		
15.09		-0.0367003		
15.1		-0.0367405		
15.11		-0.0367806		
15.12		-0.0368208		
15.13		-0.036861		
15.14		-0.0369012		
15.15		-0.0369414		
15.16		-0.0369817		
15.17		-0.037022		
15.18		-0.0370622		
15.19		-0.0371026		
15.2		-0.0371429		
15.21		-0.0371832		
15.22		-0.0372236		
15.23		-0.037264		
15.24		-0.0373044		
15.25		-0.0373448		
15.26		-0.0373853		
15.27		-0.0374257		
15.28		-0.0374662		
15.29		-0.0375067		
15.3		-0.0375472		
15.31		-0.0375878		
15.32		-0.0376283		
15.33		-0.0376689		
15.34		-0.0377095		
15.35		-0.0377501		
15.36		-0.0377908		
15.37		-0.0378314		
15.38		-0.0378721		
15.39		-0.0379128		
15.4		-0.0379536		
15.41		-0.0379943		
15.42		-0.0380351		
15.43		-0.0380758		
15.44		-0.0381166		
15.45		-0.0381575		
15.46		-0.0381983		
15.47		-0.0382392		
15.48		-0.0382801		
15.49		-0.038321		
15.5		-0.0383619		
15.51		-0.0384028		
15.52		-0.0384438		
15.53		-0.0384848		
15.54		-0.0385258		
15.55		-0.0385669		
15.56		-0.0386079		
15.57		-0.038649		
15.58		-0.0386901		
15.59		-0.0387312		
15.6		-0.0387723		
15.61		-0.0388135		
15.62		-0.0388547		
15.63		-0.0388959		
15.64		-0.0389371		
15.65		-0.0389783		
15.66		-0.0390196		
15.67		-0.0390609		
15.68		-0.0391022		
15.69		-0.0391435		
15.7		-0.0391849		
15.71		-0.0392263		
15.72		-0.0392677		
15.73		-0.0393091		
15.74		-0.0393505		
15.75		-0.039392		
15.76		-0.0394335		
15.77		-0.039475		
15.78		-0.0395165		
15.79		-0.039558		
15.8		-0.0395996		
15.81		-0.0396412		
15.82		-0.0396828		
15.83		-0.0397245		
15.84		-0.0397661		
15.85		-0.0398078		
15.86		-0.0398495		
15.87		-0.0398913		
15.88		-0.039933		
15.89		-0.0399748		
15.9		-0.0400166		
15.91		-0.0400584		
15.92		-0.0401002		
15.93		-0.0401421		
15.94		-0.040184		
15.95		-0.0402259		
15.96		-0.0402679		
15.97		-0.0403098		
15.98		-0.0403518		
15.99		-0.0403938		
16		-0.0404358		
16.01		-0.0404779		
16.02		-0.04052		
16.03		-0.0405621		
16.04		-0.0406042		
16.05		-0.0406463		
16.06		-0.0406885		
16.07		-0.0407307		
16.08		-0.0407729		
16.09		-0.0408151		
16.1		-0.0408574		
16.11		-0.0408997		
16.12		-0.040942		
16.13		-0.0409843		
16.14		-0.0410267		
16.15		-0.0410691		
16.16		-0.0411115		
16.17		-0.0411539		
16.18		-0.0411964		
16.19		-0.0412388		
16.2		-0.0412814		
16.21		-0.0413239		
16.22		-0.0413664		
16.23		-0.041409		
16.24		-0.0414516		
16.25		-0.0414942		
16.26		-0.0415369		
16.27		-0.0415796		
16.28		-0.0416223		
16.29		-0.041665		
16.3		-0.0417077		
16.31		-0.0417505		
16.32		-0.0417933		
16.33		-0.0418361		
16.34		-0.041879		
16.35		-0.0419218		
16.36		-0.0419647		
16.37		-0.0420077		
16.38		-0.0420506		
16.39		-0.0420936		
16.4		-0.0421366		
16.41		-0.0421796		
16.42		-0.0422226		
16.43		-0.0422657		
16.44		-0.0423088		
16.45		-0.0423519		
16.46		-0.0423951		
16.47		-0.0424383		
16.48		-0.0424815		
16.49		-0.0425247		
16.5		-0.0425679		
16.51		-0.0426112		
16.52		-0.0426545		
16.53		-0.0426979		
16.54		-0.0427412		
16.55		-0.0427846		
16.56		-0.042828		
16.57		-0.0428714		
16.58		-0.0429149		
16.59		-0.0429584		
16.6		-0.0430019		
16.61		-0.0430454		
16.62		-0.043089		
16.63		-0.0431326		
16.64		-0.0431762		
16.65		-0.0432198		
16.66		-0.0432635		
16.67		-0.0433072		
16.68		-0.0433509		
16.69		-0.0433946		
16.7		-0.0434384		
16.71		-0.0434822		
16.72		-0.043526		
16.73		-0.0435699		
16.74		-0.0436138		
16.75		-0.0436577		
16.76		-0.0437016		
16.77		-0.0437456		
16.78		-0.0437895		
16.79		-0.0438336		
16.8		-0.0438776		
16.81		-0.0439217		
16.82		-0.0439658		
16.83		-0.0440099		
16.84		-0.044054		
16.85		-0.0440982		
16.86		-0.0441424		
16.87		-0.0441866		
16.88		-0.0442309		
16.89		-0.0442752		
16.9		-0.0443195		
16.91		-0.0443638		
16.92		-0.0444082		
16.93		-0.0444526		
16.94		-0.044497		
16.95		-0.0445414		
16.96		-0.0445859		
16.97		-0.0446304		
16.98		-0.0446749		
16.99		-0.0447195		
17		-0.0447641		
17.01		-0.0448087		
17.02		-0.0448533		
17.03		-0.044898		
17.04		-0.0449427		
17.05		-0.0449874		
17.06		-0.0450321		
17.07		-0.0450769		
17.08		-0.0451217		
17.09		-0.0451666		
17.1		-0.0452114		
17.11		-0.0452563		
17.12		-0.0453012		
17.13		-0.0453462		
17.14		-0.0453911		
17.15		-0.0454361		
17.16		-0.0454812		
17.17		-0.0455262		
17.18		-0.0455713		
17.19		-0.0456164		
17.2		-0.0456616		
17.21		-0.0457067		
17.22		-0.0457519		
17.23		-0.0457972		
17.24		-0.0458424		
17.25		-0.0458877		
17.26		-0.045933		
17.27		-0.0459783		
17.28		-0.0460237		
17.29		-0.0460691		
17.3		-0.0461145		
17.31		-0.04616		
17.32		-0.0462055		
17.33		-0.046251		
17.34		-0.0462965		
17.35		-0.0463421		
17.36		-0.0463877		
17.37		-0.0464333		
17.38		-0.046479		
17.39		-0.0465246		
17.4		-0.0465704		
17.41		-0.0466161		
17.42		-0.0466619		
17.43		-0.0467077		
17.44		-0.0467535		
17.45		-0.0467994		
17.46		-0.0468452		
17.47		-0.0468912		
17.48		-0.0469371		
17.49		-0.0469831		
17.5		-0.0470291		
17.51		-0.0470751		
17.52		-0.0471212		
17.53		-0.0471672		
17.54		-0.0472134		
17.55		-0.0472595		
17.56		-0.0473057		
17.57		-0.0473519		
17.58		-0.0473981		
17.59		-0.0474444		
17.6		-0.0474907		
17.61		-0.047537		
17.62		-0.0475834		
17.63		-0.0476297		
17.64		-0.0476762		
17.65		-0.0477226		
17.66		-0.0477691		
17.67		-0.0478156		
17.68		-0.0478621		
17.69		-0.0479086		
17.7		-0.0479552		
17.71		-0.0480019		
17.72		-0.0480485		
17.73		-0.0480952		
17.74		-0.0481419		
17.75		-0.0481886		
17.76		-0.0482354		
17.77		-0.0482822		
17.78		-0.048329		
17.79		-0.0483759		
17.8		-0.0484227		
17.81		-0.0484696		
17.82		-0.0485166		
17.83		-0.0485636		
17.84		-0.0486106		
17.85		-0.0486576		
17.86		-0.0487047		
17.87		-0.0487517		
17.88		-0.0487989		
17.89		-0.048846		
17.9		-0.0488932		
17.91		-0.0489404		
17.92		-0.0489877		
17.93		-0.0490349		
17.94		-0.0490822		
17.95		-0.0491296		
17.96		-0.0491769		
17.97		-0.0492243		
17.98		-0.0492717		
17.99		-0.0493192		
18		-0.0493667		
18.01		-0.0494142		
18.02		-0.0494617		
18.03		-0.0495093		
18.04		-0.0495569		
18.05		-0.0496045		
18.06		-0.0496522		
18.07		-0.0496999		
18.08		-0.0497476		
18.09		-0.0497953		
18.1		-0.0498431		
18.11		-0.0498909		
18.12		-0.0499387		
18.13		-0.0499866		
18.14		-0.0500345		
18.15		-0.0500824		
18.16		-0.0501304		
18.17		-0.0501784		
18.18		-0.0502264		
18.19		-0.0502745		
18.2		-0.0503226		
18.21		-0.0503707		
18.22		-0.0504188		
18.23		-0.050467		
18.24		-0.0505152		
18.25		-0.0505634		
18.26		-0.0506117		
18.27		-0.05066		
18.28		-0.0507083		
18.29		-0.0507566		
18.3		-0.050805		
18.31		-0.0508534		
18.32		-0.0509019		
18.33		-0.0509503		
18.34		-0.0509988		
18.35		-0.0510474		
18.36		-0.0510959		
18.37		-0.0511445		
18.38		-0.0511932		
18.39		-0.0512418		
18.4		-0.0512905		
18.41		-0.0513392		
18.42		-0.051388		
18.43		-0.0514367		
18.44		-0.0514855		
18.45		-0.0515344		
18.46		-0.0515832		
18.47		-0.0516321		
18.48		-0.0516811		
18.49		-0.05173		
18.5		-0.051779		
18.51		-0.051828		
18.52		-0.0518771		
18.53		-0.0519261		
18.54		-0.0519752		
18.55		-0.0520244		
18.56		-0.0520735		
18.57		-0.0521227		
18.58		-0.052172		
18.59		-0.0522212		
18.6		-0.0522705		
18.61		-0.0523198		
18.62		-0.0523692		
18.63		-0.0524186		
18.64		-0.052468		
18.65		-0.0525174		
18.66		-0.0525669		
18.67		-0.0526164		
18.68		-0.0526659		
18.69		-0.0527155		
18.7		-0.0527651		
18.71		-0.0528147		
18.72		-0.0528643		
18.73		-0.052914		
18.74		-0.0529637		
18.75		-0.0530135		
18.76		-0.0530632		
18.77		-0.0531132		
18.78		-0.0531632		
18.79		-0.0532133		
18.8		-0.0532633		
18.81		-0.0533133		
18.82		-0.0533633		
18.83		-0.0534133		
18.84		-0.0534632		
18.85		-0.0535131		
18.86		-0.053563		
18.87		-0.0536128		
18.88		-0.0536626		
18.89		-0.0537124		
18.9		-0.0537622		
18.91		-0.0538119		
18.92		-0.0538616		
18.93		-0.0539113		
18.94		-0.0539609		
18.95		-0.0540105		
18.96		-0.0540601		
18.97		-0.0541097		
18.98		-0.0541592		
18.99		-0.0542087		
19		-0.0542582		
19.01		-0.0543076		
19.02		-0.054357		
19.03		-0.0544064		
19.04		-0.0544558		
19.05		-0.0545051		
19.06		-0.0545544		
19.07		-0.0546037		
19.08		-0.054653		
19.09		-0.0547022		
19.1		-0.0547514		
19.11		-0.0548005		
19.12		-0.0548497		
19.13		-0.0548988		
19.14		-0.0549478		
19.15		-0.0549969		
19.16		-0.0550459		
19.17		-0.0550949		
19.18		-0.0551438		
19.19		-0.0551928		
19.2		-0.0552417		
19.21		-0.0552905		
19.22		-0.0553394		
19.23		-0.0553882		
19.24		-0.055437		
19.25		-0.0554857		
19.26		-0.0555345		
19.27		-0.0555831		
19.28		-0.0556318		
19.29		-0.0556804		
19.3		-0.0557291		
19.31		-0.0557776		
19.32		-0.0558262		
19.33		-0.0558747		
19.34		-0.0559232		
19.35		-0.0559716		
19.36		-0.0560201		
19.37		-0.0560685		
19.38		-0.0561168		
19.39		-0.0561652		
19.4		-0.0562135		
19.41		-0.0562617		
19.42		-0.05631		
19.43		-0.0563582		
19.44		-0.0564064		
19.45		-0.0564545		
19.46		-0.0565027		
19.47		-0.0565508		
19.48		-0.0565988		
19.49		-0.0566469		
19.5		-0.0566949		
19.51		-0.0567428		
19.52		-0.0567908		
19.53		-0.0568387		
19.54		-0.0568866		
19.55		-0.0569344		
19.56		-0.0569822		
19.57		-0.05703		
19.58		-0.0570778		
19.59		-0.0571255		
19.6		-0.0571732		
19.61		-0.0572209		
19.62		-0.0572685		
19.63		-0.0573161		
19.64		-0.0573637		
19.65		-0.0574112		
19.66		-0.0574588		
19.67		-0.0575062		
19.68		-0.0575537		
19.69		-0.0576011		
19.7		-0.0576485		
19.71		-0.0576959		
19.72		-0.0577432		
19.73		-0.0577905		
19.74		-0.0578377		
19.75		-0.057885		
19.76		-0.0579322		
19.77		-0.0579793		
19.78		-0.0580265		
19.79		-0.0580736		
19.8		-0.0581206		
19.81		-0.0581677		
19.82		-0.0582147		
19.83		-0.0582617		
19.84		-0.0583086		
19.85		-0.0583555		
19.86		-0.0584024		
19.87		-0.0584493		
19.88		-0.0584961		
19.89		-0.0585429		
19.9		-0.0585896		
19.91		-0.0586364		
19.92		-0.0586831		
19.93		-0.0587297		
19.94		-0.0587763		
19.95		-0.0588229		
19.96		-0.0588695		
19.97		-0.058916		
19.98		-0.0589625		
19.99		-0.059009		
20		-0.0590554		
20.01		-0.0591018		
20.02		-0.0591482		
20.03		-0.0591945		
20.04		-0.0592409		
20.05		-0.0592871		
20.06		-0.0593334		
20.07		-0.0593796		
20.08		-0.0594258		
20.09		-0.0594719		
20.1		-0.059518		
20.11		-0.0595641		
20.12		-0.0596101		
20.13		-0.0596561		
20.14		-0.0597021		
20.15		-0.0597481		
20.16		-0.059794		
20.17		-0.0598399		
20.18		-0.0598857		
20.19		-0.0599315		
20.2		-0.0599773		
20.21		-0.0600231		
20.22		-0.0600688		
20.23		-0.0601145		
20.24		-0.0601601		
20.25		-0.0602058		
20.26		-0.0602513		
20.27		-0.0602969		
20.28		-0.0603424		
20.29		-0.0603879		
20.3		-0.0604334		
20.31		-0.0604788		
20.32		-0.0605242		
20.33		-0.0605695		
20.34		-0.0606148		
20.35		-0.0606601		
20.36		-0.0607054		
20.37		-0.0607506		
20.38		-0.0607958		
20.39		-0.0608409		
20.4		-0.0608861		
20.41		-0.0609311		
20.42		-0.0609762		
20.43		-0.0610212		
20.44		-0.0610662		
20.45		-0.0611112		
20.46		-0.0611561		
20.47		-0.061201		
20.48		-0.0612458		
20.49		-0.0612906		
20.5		-0.0613354		
20.51		-0.0613802		
20.52		-0.0614249		
20.53		-0.0614696		
20.54		-0.0615142		
20.55		-0.0615588		
20.56		-0.0616034		
20.57		-0.061648		
20.58		-0.0616925		
20.59		-0.061737		
20.6		-0.0617814		
20.61		-0.0618258		
20.62		-0.0618702		
20.63		-0.0619145		
20.64		-0.0619588		
20.65		-0.0620031		
20.66		-0.0620474		
20.67		-0.0620916		
20.68		-0.0621357		
20.69		-0.0621799		
20.7		-0.062224		
20.71		-0.062268		
20.72		-0.0623121		
20.73		-0.0623561		
20.74		-0.0624		
20.75		-0.062444		
20.76		-0.0624879		
20.77		-0.0625317		
20.78		-0.0625756		
20.79		-0.0626194		
20.8		-0.0626631		
20.81		-0.0627068		
20.82		-0.0627505		
20.83		-0.0627942		
20.84		-0.0628378		
20.85		-0.0628814		
20.86		-0.0629249		
20.87		-0.0629685		
20.88		-0.0630119		
20.89		-0.0630554		
20.9		-0.0630988		
20.91		-0.0631422		
20.92		-0.0631855		
20.93		-0.0632288		
20.94		-0.0632721		
20.95		-0.0633153		
20.96		-0.0633585		
20.97		-0.0634017		
20.98		-0.0634448		
20.99		-0.0634879		
21		-0.063531		
21.01		-0.063574		
21.02		-0.063617		
21.03		-0.06366		
21.04		-0.0637029		
21.05		-0.0637458		
21.06		-0.0637886		
21.07		-0.0638315		
21.08		-0.0638742		
21.09		-0.063917		
21.1		-0.0639597		
21.11		-0.0640024		
21.12		-0.064045		
21.13		-0.0640876		
21.14		-0.0641302		
21.15		-0.0641727		
21.16		-0.0642152		
21.17		-0.0642577		
21.18		-0.0643001		
21.19		-0.0643425		
21.2		-0.0643849		
21.21		-0.0644272		
21.22		-0.0644695		
21.23		-0.0645117		
21.24		-0.0645539		
21.25		-0.0645961		
21.26		-0.0646383		
21.27		-0.0646804		
21.28		-0.0647224		
21.29		-0.0647645		
21.3		-0.0648065		
21.31		-0.0648484		
21.32		-0.0648904		
21.33		-0.0649323		
21.34		-0.0649741		
21.35		-0.0650159		
21.36		-0.0650577		
21.37		-0.0650995		
21.38		-0.0651412		
21.39		-0.0651829		
21.4		-0.0652245		
21.41		-0.0652661		
21.42		-0.0653077		
21.43		-0.0653492		
21.44		-0.0653907		
21.45		-0.0654322		
21.46		-0.0654736		
21.47		-0.065515		
21.48		-0.0655564		
21.49		-0.0655977		
21.5		-0.065639		
21.51		-0.0656802		
21.52		-0.0657214		
21.53		-0.0657626		
21.54		-0.0658037		
21.55		-0.0658448		
21.56		-0.0658859		
21.57		-0.0659269		
21.58		-0.0659679		
21.59		-0.0660089		
21.6		-0.0660498		
21.61		-0.0660907		
21.62		-0.0661315		
21.63		-0.0661723		
21.64		-0.0662131		
21.65		-0.0662539		
21.66		-0.0662946		
21.67		-0.0663352		
21.68		-0.0663759		
21.69		-0.0664165		
21.7		-0.066457		
21.71		-0.0664975		
21.72		-0.066538		
21.73		-0.0665785		
21.74		-0.0666189		
21.75		-0.0666592		
21.76		-0.0666996		
21.77		-0.0667399		
21.78		-0.0667801		
21.79		-0.0668204		
21.8		-0.0668606		
21.81		-0.0669007		
21.82		-0.0669408		
21.83		-0.0669809		
21.84		-0.067021		
21.85		-0.067061		
21.86		-0.0671009		
21.87		-0.0671409		
21.88		-0.0671808		
21.89		-0.0672206		
21.9		-0.0672604		
21.91		-0.0673002		
21.92		-0.06734		
21.93		-0.0673797		
21.94		-0.0674194		
21.95		-0.067459		
21.96		-0.0674986		
21.97		-0.0675382		
21.98		-0.0675777		
21.99		-0.0676172		
22		-0.0676566		
22.01		-0.0676961		
22.02		-0.0677354		
22.03		-0.0677748		
22.04		-0.0678141		
22.05		-0.0678533		
22.06		-0.0678926		
22.07		-0.0679318		
22.08		-0.0679709		
22.09		-0.06801		
22.1		-0.0680491		
22.11		-0.0680882		
22.12		-0.0681272		
22.13		-0.0681662		
22.14		-0.0682051		
22.15		-0.068244		
22.16		-0.0682828		
22.17		-0.0683217		
22.18		-0.0683605		
22.19		-0.0683992		
22.2		-0.0684379		
22.21		-0.0684766		
22.22		-0.0685152		
22.23		-0.0685538		
22.24		-0.0685924		
22.25		-0.0686309		
22.26		-0.0686694		
22.27		-0.0687078		
22.28		-0.0687462		
22.29		-0.0687846		
22.3		-0.068823		
22.31		-0.0688613		
22.32		-0.0688995		
22.33		-0.0689377		
22.34		-0.0689759		
22.35		-0.0690141		
22.36		-0.0690522		
22.37		-0.0690903		
22.38		-0.0691283		
22.39		-0.0691663		
22.4		-0.0692043		
22.41		-0.0692422		
22.42		-0.0692801		
22.43		-0.0693179		
22.44		-0.0693557		
22.45		-0.0693935		
22.46		-0.0694312		
22.47		-0.0694689		
22.48		-0.0695066		
22.49		-0.0695442		
22.5		-0.0695818		
22.51		-0.0696193		
22.52		-0.0696568		
22.53		-0.0696943		
22.54		-0.0697317		
22.55		-0.0697691		
22.56		-0.0698065		
22.57		-0.0698438		
22.58		-0.0698811		
22.59		-0.0699183		
22.6		-0.0699556		
22.61		-0.0699927		
22.62		-0.0700299		
22.63		-0.0700669		
22.64		-0.070104		
22.65		-0.070141		
22.66		-0.070178		
22.67		-0.0702149		
22.68		-0.0702518		
22.69		-0.0702887		
22.7		-0.0703255		
22.71		-0.0703623		
22.72		-0.0703991		
22.73		-0.0704358		
22.74		-0.0704725		
22.75		-0.0705091		
22.76		-0.0705457		
22.77		-0.0705823		
22.78		-0.0706188		
22.79		-0.0706553		
22.8		-0.0706917		
22.81		-0.0707281		
22.82		-0.0707645		
22.83		-0.0708008		
22.84		-0.0708371		
22.85		-0.0708734		
22.86		-0.0709096		
22.87		-0.0709458		
22.88		-0.0709819		
22.89		-0.071018		
22.9		-0.0710541		
22.91		-0.0710901		
22.92		-0.0711261		
22.93		-0.0711621		
22.94		-0.071198		
22.95		-0.0712338		
22.96		-0.0712697		
22.97		-0.0713055		
22.98		-0.0713412		
22.99		-0.071377		
23		-0.0714126		
23.01		-0.0714483		
23.02		-0.0714839		
23.03		-0.0715195		
23.04		-0.071555		
23.05		-0.0715905		
23.06		-0.0716259		
23.07		-0.0716614		
23.08		-0.0716967		
23.09		-0.0717321		
23.1		-0.0717674		
23.11		-0.0718026		
23.12		-0.0718379		
23.13		-0.071873		
23.14		-0.0719082		
23.15		-0.0719433		
23.16		-0.0719784		
23.17		-0.0720134		
23.18		-0.0720484		
23.19		-0.0720833		
23.2		-0.0721183		
23.21		-0.0721531		
23.22		-0.072188		
23.23		-0.0722228		
23.24		-0.0722575		
23.25		-0.0722923		
23.26		-0.0723269		
23.27		-0.0723616		
23.28		-0.0723962		
23.29		-0.0724308		
23.3		-0.0724653		
23.31		-0.0724998		
23.32		-0.0725343		
23.33		-0.0725687		
23.34		-0.072603		
23.35		-0.0726374		
23.36		-0.0726717		
23.37		-0.0727059		
23.38		-0.0727402		
23.39		-0.0727743		
23.4		-0.0728085		
23.41		-0.0728426		
23.42		-0.0728767		
23.43		-0.0729107		
23.44		-0.0729447		
23.45		-0.0729786		
23.46		-0.0730126		
23.47		-0.0730464		
23.48		-0.0730803		
23.49		-0.0731141		
23.5		-0.0731478		
23.51		-0.0731815		
23.52		-0.0732152		
23.53		-0.0732489		
23.54		-0.0732825		
23.55		-0.073316		
23.56		-0.0733496		
23.57		-0.073383		
23.58		-0.0734165		
23.59		-0.0734499		
23.6		-0.0734833		
23.61		-0.0735166		
23.62		-0.0735499		
23.63		-0.0735832		
23.64		-0.0736164		
23.65		-0.0736495		
23.66		-0.0736827		
23.67		-0.0737158		
23.68		-0.0737488		
23.69		-0.0737819		
23.7		-0.0738149		
23.71		-0.0738478		
23.72		-0.0738807		
23.73		-0.0739136		
23.74		-0.0739464		
23.75		-0.0739792		
23.76		-0.0740119		
23.77		-0.0740447		
23.78		-0.0740773		
23.79		-0.07411		
23.8		-0.0741426		
23.81		-0.0741751		
23.82		-0.0742076		
23.83		-0.0742401		
23.84		-0.0742725		
23.85		-0.0743049		
23.86		-0.0743373		
23.87		-0.0743696		
23.88		-0.0744019		
23.89		-0.0744342		
23.9		-0.0744664		
23.91		-0.0744985		
23.92		-0.0745307		
23.93		-0.0745627		
23.94		-0.0745948		
23.95		-0.0746268		
23.96		-0.0746588		
23.97		-0.0746907		
23.98		-0.0747226		
23.99		-0.0747545		
24		-0.0747863		
24.01		-0.0748181		
24.02		-0.0748498		
24.03		-0.0748815		
24.04		-0.0749132		
24.05		-0.0749448		
24.06		-0.0749764		
24.07		-0.0750079		
24.08		-0.0750394		
24.09		-0.0750709		
24.1		-0.0751023		
24.11		-0.0751337		
24.12		-0.075165		
24.13		-0.0751963		
24.14		-0.0752276		
24.15		-0.0752588		
24.16		-0.07529		
24.17		-0.0753212		
24.18		-0.0753523		
24.19		-0.0753834		
24.2		-0.0754144		
24.21		-0.0754454		
24.22		-0.0754764		
24.23		-0.0755073		
24.24		-0.0755382		
24.25		-0.075569		
24.26		-0.0755998		
24.27		-0.0756306		
24.28		-0.0756613		
24.29		-0.075692		
24.3		-0.0757226		
24.31		-0.0757532		
24.32		-0.0757838		
24.33		-0.0758143		
24.34		-0.0758448		
24.35		-0.0758753		
24.36		-0.0759057		
24.37		-0.0759361		
24.38		-0.0759664		
24.39		-0.0759967		
24.4		-0.0760269		
24.41		-0.0760571		
24.42		-0.0760873		
24.43		-0.0761175		
24.44		-0.0761476		
24.45		-0.0761776		
24.46		-0.0762076		
24.47		-0.0762376		
24.48		-0.0762676		
24.49		-0.0762975		
24.5		-0.0763273		
24.51		-0.0763572		
24.52		-0.0763869		
24.53		-0.0764167		
24.54		-0.0764464		
24.55		-0.0764761		
24.56		-0.0765057		
24.57		-0.0765353		
24.58		-0.0765648		
24.59		-0.0765943		
24.6		-0.0766238		
24.61		-0.0766532		
24.62		-0.0766826		
24.63		-0.076712		
24.64		-0.0767413		
24.65		-0.0767706		
24.66		-0.0767998		
24.67		-0.076829		
24.68		-0.0768578		
24.69		-0.0768859		
24.7		-0.0769135		
24.71		-0.0769404		
24.72		-0.0769667		
24.73		-0.0769923		
24.74		-0.0770174		
24.75		-0.0770419		
24.76		-0.0770658		
24.77		-0.0770891		
24.78		-0.0771118		
24.79		-0.0771338		
24.8		-0.0771553		
24.81		-0.0771762		
24.82		-0.0771965		
24.83		-0.0772163		
24.84		-0.0772354		
24.85		-0.0772539		
24.86		-0.0772719		
24.87		-0.0772893		
24.88		-0.0773061		
24.89		-0.0773223		
24.9		-0.077338		
24.91		-0.0773531		
24.92		-0.0773676		
24.93		-0.0773816		
24.94		-0.077395		
24.95		-0.0774079		
24.96		-0.0774202		
24.97		-0.0774319		
24.98		-0.0774432		
24.99		-0.0774538		
25		-0.077464		
25.01		-0.0774736		
25.02		-0.0774826		
25.03		-0.0774912		
25.04		-0.0774992		
25.05		-0.0775067		
25.06		-0.0775136		
25.07		-0.0775201		
25.08		-0.0775261		
25.09		-0.0775315		
25.1		-0.0775365		
25.11		-0.0775409		
25.12		-0.0775449		
25.13		-0.0775483		
25.14		-0.0775513		
25.15		-0.0775538		
25.16		-0.0775558		
25.17		-0.0775573		
25.18		-0.0775584		
25.19		-0.077559		
25.2		-0.0775591		
25.21		-0.0775587		
25.22		-0.0775579		
25.23		-0.0775567		
25.24		-0.077555		
25.25		-0.0775528		
25.26		-0.0775502		
25.27		-0.0775472		
25.28		-0.0775437		
25.29		-0.0775398		
25.3		-0.0775354		
25.31		-0.0775306		
25.32		-0.0775254		
25.33		-0.0775198		
25.34		-0.0775138		
25.35		-0.0775073		
25.36		-0.0775004		
25.37		-0.0774932		
25.38		-0.0774855		
25.39		-0.0774774		
25.4		-0.0774689		
25.41		-0.07746		
25.42		-0.0774507		
25.43		-0.0774411		
25.44		-0.077431		
25.45		-0.0774206		
25.46		-0.0774097		
25.47		-0.0773985		
25.48		-0.0773869		
25.49		-0.077375		
25.5		-0.0773626		
25.51		-0.0773499		
25.52		-0.0773369		
25.53		-0.0773234		
25.54		-0.0773096		
25.55		-0.0772955		
25.56		-0.0772809		
25.57		-0.0772661		
25.58		-0.0772508		
25.59		-0.0772353		
25.6		-0.0772193		
25.61		-0.0772031		
25.62		-0.0771865		
25.63		-0.0771695		
25.64		-0.0771522		
25.65		-0.0771346		
25.66		-0.0771166		
25.67		-0.0770983		
25.68		-0.0770797		
25.69		-0.0770607		
25.7		-0.0770414		
25.71		-0.0770218		
25.72		-0.0770018		
25.73		-0.0769816		
25.74		-0.076961		
25.75		-0.0769401		
25.76		-0.0769188		
25.77		-0.0768973		
25.78		-0.0768754		
25.79		-0.0768533		
25.8		-0.0768308		
25.81		-0.076808		
25.82		-0.0767849		
25.83		-0.0767615		
25.84		-0.0767378		
25.85		-0.0767138		
25.86		-0.0766895		
25.87		-0.0766649		
25.88		-0.07664		
25.89		-0.0766148		
25.9		-0.0765893		
25.91		-0.0765635		
25.92		-0.0765374		
25.93		-0.076511		
25.94		-0.0764843		
25.95		-0.0764574		
25.96		-0.0764301		
25.97		-0.0764026		
25.98		-0.0763748		
25.99		-0.0763467		
26		-0.0763183		
26.01		-0.0762896		
26.02		-0.0762606		
26.03		-0.0762314		
26.04		-0.0762019		
26.05		-0.0761721		
26.06		-0.076142		
26.07		-0.0761117		
26.08		-0.0760811		
26.09		-0.0760502		
26.1		-0.076019		
26.11		-0.0759876		
26.12		-0.0759559		
26.13		-0.0759239		
26.14		-0.0758916		
26.15		-0.0758591		
26.16		-0.0758263		
26.17		-0.0757933		
26.18		-0.07576		
26.19		-0.0757264		
26.2		-0.0756926		
26.21		-0.0756585		
26.22		-0.0756241		
26.23		-0.0755895		
26.24		-0.0755546		
26.25		-0.0755194		
26.26		-0.075484		
26.27		-0.0754484		
26.28		-0.0754125		
26.29		-0.0753763		
26.3		-0.0753398		
26.31		-0.0753032		
26.32		-0.0752662		
26.33		-0.075229		
26.34		-0.0751916		
26.35		-0.0751539		
26.36		-0.075116		
26.37		-0.0750778		
26.38		-0.0750393		
26.39		-0.0750006		
26.4		-0.0749617		
26.41		-0.0749225		
26.42		-0.0748831		
26.43		-0.0748434		
26.44		-0.0748035		
26.45		-0.0747633		
26.46		-0.0747229		
26.47		-0.0746822		
26.48		-0.0746414		
26.49		-0.0746002		
26.5		-0.0745588		
26.51		-0.0745172		
26.52		-0.0744754		
26.53		-0.0744333		
26.54		-0.0743909		
26.55		-0.0743484		
26.56		-0.0743056		
26.57		-0.0742625		
26.58		-0.0742192		
26.59		-0.0741757		
26.6		-0.074132		
26.61		-0.074088		
26.62		-0.0740438		
26.63		-0.0739993		
26.64		-0.0739546		
26.65		-0.0739097		
26.66		-0.0738646		
26.67		-0.0738192		
26.68		-0.0737736		
26.69		-0.0737278		
26.7		-0.0736817		
26.71		-0.0736354		
26.72		-0.0735889		
26.73		-0.0735422		
26.74		-0.0734952		
26.75		-0.073448		
26.76		-0.0734006		
26.77		-0.073353		
26.78		-0.0733051		
26.79		-0.073257		
26.8		-0.0732087		
26.81		-0.0731602		
26.82		-0.0731115		
26.83		-0.0730625		
26.84		-0.0730133		
26.85		-0.0729639		
26.86		-0.0729143		
26.87		-0.0728644		
26.88		-0.0728144		
26.89		-0.0727641		
26.9		-0.0727136		
26.91		-0.0726629		
26.92		-0.072612		
26.93		-0.0725608		
26.94		-0.0725095		
26.95		-0.0724579		
26.96		-0.0724061		
26.97		-0.0723541		
26.98		-0.0723019		
26.99		-0.0722495		
27		-0.0721969		
27.01		-0.0721441		
27.02		-0.072091		
27.03		-0.0720378		
27.04		-0.0719843		
27.05		-0.0719307		
27.06		-0.0718768		
27.07		-0.0718227		
27.08		-0.0717685		
27.09		-0.071714		
27.1		-0.0716593		
27.11		-0.0716044		
27.12		-0.0715493		
27.13		-0.071494		
27.14		-0.0714385		
27.15		-0.0713828		
27.16		-0.0713269		
27.17		-0.0712708		
27.18		-0.0712145		
27.19		-0.071158		
27.2		-0.0711014		
27.21		-0.0710445		
27.22		-0.0709874		
27.23		-0.0709301		
27.24		-0.0708726		
27.25		-0.070815		
27.26		-0.0707571		
27.27		-0.070699		
27.28		-0.0706408		
27.29		-0.0705823		
27.3		-0.0705237		
27.31		-0.0704649		
27.32		-0.0704059		
27.33		-0.0703467		
27.34		-0.0702873		
27.35		-0.0702277		
27.36		-0.0701679		
27.37		-0.070108		
27.38		-0.0700478		
27.39		-0.0699875		
27.4		-0.069927		
27.41		-0.0698663		
27.42		-0.0698054		
27.43		-0.0697444		
27.44		-0.0696831		
27.45		-0.0696217		
27.46		-0.0695601		
27.47		-0.0694983		
27.48		-0.0694363		
27.49		-0.0693742		
27.5		-0.0693118		
27.51		-0.0692493		
27.52		-0.0691867		
27.53		-0.0691238		
27.54		-0.0690608		
27.55		-0.0689976		
27.56		-0.0689342		
27.57		-0.0688706		
27.58		-0.0688069		
27.59		-0.068743		
27.6		-0.068679		
27.61		-0.0686147		
27.62		-0.0685503		
27.63		-0.0684857		
27.64		-0.068421		
27.65		-0.0683561		
27.66		-0.068291		
27.67		-0.0682257		
27.68		-0.0681603		
27.69		-0.0680947		
27.7		-0.068029		
27.71		-0.0679631		
27.72		-0.067897		
27.73		-0.0678308		
27.74		-0.0677644		
27.75		-0.0676978		
27.76		-0.0676311		
27.77		-0.0675642		
27.78		-0.0674972		
27.79		-0.06743		
27.8		-0.0673627		
27.81		-0.0672951		
27.82		-0.0672275		
27.83		-0.0671597		
27.84		-0.0670917		
27.85		-0.0670236		
27.86		-0.0669553		
27.87		-0.0668869		
27.88		-0.0668183		
27.89		-0.0667495		
27.9		-0.0666807		
27.91		-0.0666116		
27.92		-0.0665424		
27.93		-0.0664731		
27.94		-0.0664036		
27.95		-0.066334		
27.96		-0.0662643		
27.97		-0.0661943		
27.98		-0.0661243		
27.99		-0.0660541		
28		-0.0659838		
28.01		-0.0659133		
28.02		-0.0658426		
28.03		-0.0657719		
28.04		-0.065701		
28.05		-0.0656299		
28.06		-0.0655588		
28.07		-0.0654874		
28.08		-0.065416		
28.09		-0.0653444		
28.1		-0.0652727		
28.11		-0.0652008		
28.12		-0.0651288		
28.13		-0.0650567		
28.14		-0.0649845		
28.15		-0.0649121		
28.16		-0.0648395		
28.17		-0.0647669		
28.18		-0.0646941		
28.19		-0.0646212		
28.2		-0.0645482		
28.21		-0.064475		
28.22		-0.0644018		
28.23		-0.0643284		
28.24		-0.0642548		
28.25		-0.0641812		
28.26		-0.0641074		
28.27		-0.0640335		
28.28		-0.0639595		
28.29		-0.0638853		
28.3		-0.0638111		
28.31		-0.0637367		
28.32		-0.0636622		
28.33		-0.0635876		
28.34		-0.0635129		
28.35		-0.0634381		
28.36		-0.0633631		
28.37		-0.063288		
28.38		-0.0632128		
28.39		-0.0631376		
28.4		-0.0630621		
28.41		-0.0629866		
28.42		-0.062911		
28.43		-0.0628353		
28.44		-0.0627594		
28.45		-0.0626835		
28.46		-0.0626074		
28.47		-0.0625313		
28.48		-0.062455		
28.49		-0.0623786		
28.5		-0.0623022		
28.51		-0.0622256		
28.52		-0.0621489		
28.53		-0.0620721		
28.54		-0.0619953		
28.55		-0.0619183		
28.56		-0.0618412		
28.57		-0.061764		
28.58		-0.0616868		
28.59		-0.0616094		
28.6		-0.061532		
28.61		-0.0614544		
28.62		-0.0613768		
28.63		-0.061299		
28.64		-0.0612212		
28.65		-0.0611433		
28.66		-0.0610653		
28.67		-0.0609872		
28.68		-0.060909		
28.69		-0.0608307		
28.7		-0.0607523		
28.71		-0.0606739		
28.72		-0.0605953		
28.73		-0.0605167		
28.74		-0.060438		
28.75		-0.0603592		
28.76		-0.0602804		
28.77		-0.0602014		
28.78		-0.0601224		
28.79		-0.0600433		
28.8		-0.0599641		
28.81		-0.0598848		
28.82		-0.0598055		
28.83		-0.0597261		
28.84		-0.0596466		
28.85		-0.059567		
28.86		-0.0594874		
28.87		-0.0594077		
28.88		-0.0593279		
28.89		-0.059248		
28.9		-0.0591681		
28.91		-0.0590881		
28.92		-0.059008		
28.93		-0.0589279		
28.94		-0.0588477		
28.95		-0.0587674		
28.96		-0.0586871		
28.97		-0.0586067		
28.98		-0.0585263		
28.99		-0.0584457		
29		-0.0583652		
29.01		-0.0582845		
29.02		-0.0582038		
29.03		-0.058123		
29.04		-0.0580422		
29.05		-0.0579613		
29.06		-0.0578804		
29.07		-0.0577994		
29.08		-0.0577183		
29.09		-0.0576372		
29.1		-0.0575561		
29.11		-0.0574749		
29.12		-0.0573936		
29.13		-0.0573123		
29.14		-0.0572309		
29.15		-0.0571495		
29.16		-0.057068		
29.17		-0.0569865		
29.18		-0.056905		
29.19		-0.0568234		
29.2		-0.0567417		
29.21		-0.05666		
29.22		-0.0565783		
29.23		-0.0564965		
29.24		-0.0564146		
29.25		-0.0563328		
29.26		-0.0562509		
29.27		-0.0561689		
29.28		-0.0560869		
29.29		-0.0560049		
29.3		-0.0559228		
29.31		-0.0558407		
29.32		-0.0557586		
29.33		-0.0556764		
29.34		-0.0555942		
29.35		-0.055512		
29.36		-0.0554297		
29.37		-0.0553474		
29.38		-0.0552651		
29.39		-0.0551827		
29.4		-0.0551003		
29.41		-0.0550179		
29.42		-0.0549354		
29.43		-0.0548529		
29.44		-0.0547704		
29.45		-0.0546879		
29.46		-0.0546054		
29.47		-0.0545228		
29.48		-0.0544402		
29.49		-0.0543575		
29.5		-0.0542749		
29.51		-0.0541922		
29.52		-0.0541095		
29.53		-0.0540268		
29.54		-0.0539441		
29.55		-0.0538614		
29.56		-0.0537786		
29.57		-0.0536958		
29.58		-0.053613		
29.59		-0.0535302		
29.6		-0.0534474		
29.61		-0.0533646		
29.62		-0.0532817		
29.63		-0.0531989		
29.64		-0.053116		
29.65		-0.0530331		
29.66		-0.0529502		
29.67		-0.0528674		
29.68		-0.0527845		
29.69		-0.0527015		
29.7		-0.0526186		
29.71		-0.0525357		
29.72		-0.0524528		
29.73		-0.0523699		
29.74		-0.0522869		
29.75		-0.052204		
29.76		-0.0521211		
29.77		-0.0520381		
29.78		-0.0519552		
29.79		-0.0518723		
29.8		-0.0517893		
29.81		-0.0517064		
29.82		-0.0516235		
29.83		-0.0515406		
29.84		-0.0514576		
29.85		-0.0513747		
29.86		-0.0512918		
29.87		-0.0512089		
29.88		-0.051126		
29.89		-0.0510431		
29.9		-0.0509603		
29.91		-0.0508774		
29.92		-0.0507946		
29.93		-0.0507117		
29.94		-0.0506289		
29.95		-0.0505461		
29.96		-0.0504633		
29.97		-0.0503805		
29.98		-0.0502977		
29.99		-0.0502149		
30		-0.0501322		
30.01		-0.0500495		
30.02		-0.0499667		
30.03		-0.0498841		
30.04		-0.0498014		
30.05		-0.0497187		
30.06		-0.0496361		
30.07		-0.0495535		
30.08		-0.0494709		
30.09		-0.0493883		
30.1		-0.0493058		
30.11		-0.0492233		
30.12		-0.0491408		
30.13		-0.0490583		
30.14		-0.0489759		
30.15		-0.0488935		
30.16		-0.0488111		
30.17		-0.0487287		
30.18		-0.0486464		
30.19		-0.0485641		
30.2		-0.0484818		
30.21		-0.0483996		
30.22		-0.0483174		
30.23		-0.0482352		
30.24		-0.048153		
30.25		-0.0480709		
30.26		-0.0479889		
30.27		-0.0479068		
30.28		-0.0478248		
30.29		-0.0477428		
30.3		-0.0476609		
30.31		-0.047579		
30.32		-0.0474972		
30.33		-0.0474153		
30.34		-0.0473336		
30.35		-0.0472518		
30.36		-0.0471701		
30.37		-0.0470885		
30.38		-0.0470069		
30.39		-0.0469253		
30.4		-0.0468438		
30.41		-0.0467623		
30.42		-0.0466809		
30.43		-0.0465995		
30.44		-0.0465181		
30.45		-0.0464368		
30.46		-0.0463556		
30.47		-0.0462744		
30.48		-0.0461932		
30.49		-0.0461121		
30.5		-0.046031		
30.51		-0.04595		
30.52		-0.0458691		
30.53		-0.0457882		
30.54		-0.0457073		
30.55		-0.0456265		
30.56		-0.0455458		
30.57		-0.0454651		
30.58		-0.0453844		
30.59		-0.0453038		
30.6		-0.0452233		
30.61		-0.0451428		
30.62		-0.0450624		
30.63		-0.0449821		
30.64		-0.0449018		
30.65		-0.0448215		
30.66		-0.0447413		
30.67		-0.0446612		
30.68		-0.0445811		
30.69		-0.0445011		
30.7		-0.0444212		
30.71		-0.0443413		
30.72		-0.0442615		
30.73		-0.0441818		
30.74		-0.0441021		
30.75		-0.0440224		
30.76		-0.0439429		
30.77		-0.0438634		
30.78		-0.0437839		
30.79		-0.0437046		
30.8		-0.0436253		
30.81		-0.0435461		
30.82		-0.0434669		
30.83		-0.0433878		
30.84		-0.0433088		
30.85		-0.0432298		
30.86		-0.0431509		
30.87		-0.0430721		
30.88		-0.0429934		
30.89		-0.0429147		
30.9		-0.0428361		
30.91		-0.0427576		
30.92		-0.0426791		
30.93		-0.0426007		
30.94		-0.0425224		
30.95		-0.0424442		
30.96		-0.042366		
30.97		-0.042288		
30.98		-0.04221		
30.99		-0.042132		
31		-0.0420542		
31.01		-0.0419764		
31.02		-0.0418987		
31.03		-0.0418211		
31.04		-0.0417435		
31.05		-0.0416661		
31.06		-0.0415887		
31.07		-0.0415114		
31.08		-0.0414342		
31.09		-0.0413571		
31.1		-0.04128		
31.11		-0.041203		
31.12		-0.0411261		
31.13		-0.0410493		
31.14		-0.0409726		
31.15		-0.040896		
31.16		-0.0408194		
31.17		-0.0407429		
31.18		-0.0406666		
31.19		-0.0405903		
31.2		-0.040514		
31.21		-0.0404379		
31.22		-0.0403619		
31.23		-0.0402859		
31.24		-0.0402101		
31.25		-0.0401343		
31.26		-0.0400586		
31.27		-0.039983		
31.28		-0.0399075		
31.29		-0.0398321		
31.3		-0.0397568		
31.31		-0.0396815		
31.32		-0.0396064		
31.33		-0.0395313		
31.34		-0.0394564		
31.35		-0.0393815		
31.36		-0.0393067		
31.37		-0.039232		
31.38		-0.0391574		
31.39		-0.039083		
31.4		-0.0390086		
31.41		-0.0389342		
31.42		-0.03886		
31.43		-0.0387859		
31.44		-0.0387119		
31.45		-0.038638		
31.46		-0.0385641		
31.47		-0.0384904		
31.48		-0.0384168		
31.49		-0.0383432		
31.5		-0.0382698		
31.51		-0.0381965		
31.52		-0.0381232		
31.53		-0.0380501		
31.54		-0.037977		
31.55		-0.0379041		
31.56		-0.0378313		
31.57		-0.0377585		
31.58		-0.0376859		
31.59		-0.0376133		
31.6		-0.0375409		
31.61		-0.0374686		
31.62		-0.0373963		
31.63		-0.0373242		
31.64		-0.0372522		
31.65		-0.0371802		
31.66		-0.0371084		
31.67		-0.0370367		
31.68		-0.0369651		
31.69		-0.0368936		
31.7		-0.0368222		
31.71		-0.0367509		
31.72		-0.0366797		
31.73		-0.0366086		
31.74		-0.0365376		
31.75		-0.0364667		
31.76		-0.0363959		
31.77		-0.0363253		
31.78		-0.0362547		
31.79		-0.0361842		
31.8		-0.0361139		
31.81		-0.0360437		
31.82		-0.0359735		
31.83		-0.0359035		
31.84		-0.0358336		
31.85		-0.0357638		
31.86		-0.0356941		
31.87		-0.0356245		
31.88		-0.035555		
31.89		-0.0354856		
31.9		-0.0354164		
31.91		-0.0353472		
31.92		-0.0352782		
31.93		-0.0352093		
31.94		-0.0351404		
31.95		-0.0350717		
31.96		-0.0350031		
31.97		-0.0349347		
31.98		-0.0348663		
31.99		-0.034798		
32		-0.0347299		
32.01		-0.0346618		
32.02		-0.0345939		
32.03		-0.0345261		
32.04		-0.0344584		
32.05		-0.0343908		
32.06		-0.0343234		
32.07		-0.034256		
32.08		-0.0341888		
32.09		-0.0341216		
32.1		-0.0340546		
32.11		-0.0339877		
32.12		-0.0339209		
32.13		-0.0338543		
32.14		-0.0337877		
32.15		-0.0337213		
32.16		-0.0336549		
32.17		-0.0335887		
32.18		-0.0335226		
32.19		-0.0334567		
32.2		-0.0333908		
32.21		-0.0333251		
32.22		-0.0332594		
32.23		-0.0331939		
32.24		-0.0331285		
32.25		-0.0330633		
32.26		-0.0329981		
32.27		-0.0329331		
32.28		-0.0328681		
32.29		-0.0328033		
32.3		-0.0327386		
32.31		-0.0326741		
32.32		-0.0326096		
32.33		-0.0325453		
32.34		-0.032481		
32.35		-0.0324169		
32.36		-0.032353		
32.37		-0.0322891		
32.38		-0.0322254		
32.39		-0.0321617		
32.4		-0.0320982		
32.41		-0.0320348		
32.42		-0.0319716		
32.43		-0.0319084		
32.44		-0.0318454		
32.45		-0.0317825		
32.46		-0.0317197		
32.47		-0.031657		
32.48		-0.0315945		
32.49		-0.0315321		
32.5		-0.0314697		
32.51		-0.0314076		
32.52		-0.0313455		
32.53		-0.0312835		
32.54		-0.0312217		
32.55		-0.03116		
32.56		-0.0310984		
32.57		-0.031037		
32.58		-0.0309756		
32.59		-0.0309144		
32.6		-0.0308533		
32.61		-0.0307923		
32.62		-0.0307314		
32.63		-0.0306707		
32.64		-0.0306101		
32.65		-0.0305496		
32.66		-0.0304892		
32.67		-0.030429		
32.68		-0.0303688		
32.69		-0.0303088		
32.7		-0.0302489		
32.71		-0.0301892		
32.72		-0.0301295		
32.73		-0.03007		
32.74		-0.0300106		
32.75		-0.0299513		
32.76		-0.0298922		
32.77		-0.0298331		
32.78		-0.0297742		
32.79		-0.0297154		
32.8		-0.0296568		
32.81		-0.0295982		
32.82		-0.0295398		
32.83		-0.0294815		
32.84		-0.0294233		
32.85		-0.0293653		
32.86		-0.0293073		
32.87		-0.0292495		
32.88		-0.0291918		
32.89		-0.0291343		
32.9		-0.0290768		
32.91		-0.0290195		
32.92		-0.0289623		
32.93		-0.0289052		
32.94		-0.0288483		
32.95		-0.0287915		
32.96		-0.0287347		
32.97		-0.0286782		
32.98		-0.0286217		
32.99		-0.0285654		
33		-0.0285091		
33.01		-0.028453		
33.02		-0.0283971		
33.03		-0.0283412		
33.04		-0.0282855		
33.05		-0.0282299		
33.06		-0.0281744		
33.07		-0.028119		
33.08		-0.0280638		
33.09		-0.0280087		
33.1		-0.0279537		
33.11		-0.0278988		
33.12		-0.0278441		
33.13		-0.0277895		
33.14		-0.027735		
33.15		-0.0276806		
33.16		-0.0276263		
33.17		-0.0275722		
33.18		-0.0275182		
33.19		-0.0274643		
33.2		-0.0274105		
33.21		-0.0273569		
33.22		-0.0273033		
33.23		-0.0272499		
33.24		-0.0271966		
33.25		-0.0271435		
33.26		-0.0270905		
33.27		-0.0270375		
33.28		-0.0269847		
33.29		-0.0269321		
33.3		-0.0268795		
33.31		-0.0268271		
33.32		-0.0267748		
33.33		-0.0267226		
33.34		-0.0266705		
33.35		-0.0266186		
33.36		-0.0265668		
33.37		-0.0265151		
33.38		-0.0264635		
33.39		-0.026412		
33.4		-0.0263607		
33.41		-0.0263095		
33.42		-0.0262584		
33.43		-0.0262074		
33.44		-0.0261566		
33.45		-0.0261058		
33.46		-0.0260552		
33.47		-0.0260047		
33.48		-0.0259544		
33.49		-0.0259041		
33.5		-0.025854		
33.51		-0.025804		
33.52		-0.0257541		
33.53		-0.0257043		
33.54		-0.0256547		
33.55		-0.0256052		
33.56		-0.0255558		
33.57		-0.0255065		
33.58		-0.0254573		
33.59		-0.0254083		
33.6		-0.0253593		
33.61		-0.0253105		
33.62		-0.0252618		
33.63		-0.0252133		
33.64		-0.0251648		
33.65		-0.0251165		
33.66		-0.0250683		
33.67		-0.0250202		
33.68		-0.0249722		
33.69		-0.0249243		
33.7		-0.0248766		
33.71		-0.024829		
33.72		-0.0247815		
33.73		-0.0247341		
33.74		-0.0246868		
33.75		-0.0246397		
33.76		-0.0245926		
33.77		-0.0245457		
33.78		-0.0244989		
33.79		-0.0244522		
33.8		-0.0244057		
33.81		-0.0243592		
33.82		-0.0243129		
33.83		-0.0242667		
33.84		-0.0242206		
33.85		-0.0241746		
33.86		-0.0241288		
33.87		-0.024083		
33.88		-0.0240374		
33.89		-0.0239919		
33.9		-0.0239465		
33.91		-0.0239012		
33.92		-0.0238561		
33.93		-0.023811		
33.94		-0.0237661		
33.95		-0.0237213		
33.96		-0.0236766		
33.97		-0.023632		
33.98		-0.0235875		
33.99		-0.0235432		
34		-0.0234989		
34.01		-0.0234548		
34.02		-0.0234108		
34.03		-0.0233669		
34.04		-0.0233231		
34.05		-0.0232794		
34.06		-0.0232359		
34.07		-0.0231924		
34.08		-0.0231491		
34.09		-0.0231059		
34.1		-0.0230628		
34.11		-0.0230198		
34.12		-0.0229769		
34.13		-0.0229342		
34.14		-0.0228915		
34.15		-0.022849		
34.16		-0.0228066		
34.17		-0.0227643		
34.18		-0.0227221		
34.19		-0.02268		
34.2		-0.022638		
34.21		-0.0225961		
34.22		-0.0225544		
34.23		-0.0225127		
34.24		-0.0224712		
34.25		-0.0224298		
34.26		-0.0223885		
34.27		-0.0223473		
34.28		-0.0223062		
34.29		-0.0222652		
34.3		-0.0222243		
34.31		-0.0221836		
34.32		-0.0221429		
34.33		-0.0221024		
34.34		-0.0220619		
34.35		-0.0220216		
34.36		-0.0219814		
34.37		-0.0219413		
34.38		-0.0219013		
34.39		-0.0218614		
34.4		-0.0218217		
34.41		-0.021782		
34.42		-0.0217424		
34.43		-0.021703		
34.44		-0.0216636		
34.45		-0.0216244		
34.46		-0.0215853		
34.47		-0.0215462		
34.48		-0.0215073		
34.49		-0.0214685		
34.5		-0.0214298		
34.51		-0.0213912		
34.52		-0.0213527		
34.53		-0.0213143		
34.54		-0.021276		
34.55		-0.0212379		
34.56		-0.0211998		
34.57		-0.0211618		
34.58		-0.021124		
34.59		-0.0210862		
34.6		-0.0210486		
34.61		-0.021011		
34.62		-0.0209736		
34.63		-0.0209363		
34.64		-0.020899		
34.65		-0.0208619		
34.66		-0.0208249		
34.67		-0.020788		
34.68		-0.0207512		
34.69		-0.0207144		
34.7		-0.0206778		
34.71		-0.0206413		
34.72		-0.0206049		
34.73		-0.0205686		
34.74		-0.0205324		
34.75		-0.0204963		
34.76		-0.0204603		
34.77		-0.0204244		
34.78		-0.0203886		
34.79		-0.0203529		
34.8		-0.0203173		
34.81		-0.0202818		
34.82		-0.0202465		
34.83		-0.0202112		
34.84		-0.020176		
34.85		-0.0201409		
34.86		-0.0201059		
34.87		-0.020071		
34.88		-0.0200362		
34.89		-0.0200015		
34.9		-0.0199669		
34.91		-0.0199324		
34.92		-0.019898		
34.93		-0.0198637		
34.94		-0.0198295		
34.95		-0.0197954		
34.96		-0.0197614		
34.97		-0.0197275		
34.98		-0.0196937		
34.99		-0.01966		
35		-0.0196264		
35.01		-0.0195929		
35.02		-0.0195595		
35.03		-0.0195261		
35.04		-0.0194929		
35.05		-0.0194598		
35.06		-0.0194267		
35.07		-0.0193938		
35.08		-0.0193609		
35.09		-0.0193282		
35.1		-0.0192955		
35.11		-0.019263		
35.12		-0.0192305		
35.13		-0.0191981		
35.14		-0.0191659		
35.15		-0.0191337		
35.16		-0.0191016		
35.17		-0.0190696		
35.18		-0.0190377		
35.19		-0.0190059		
35.2		-0.0189741		
35.21		-0.0189425		
35.22		-0.018911		
35.23		-0.0188795		
35.24		-0.0188482		
35.25		-0.0188169		
35.26		-0.0187858		
35.27		-0.0187547		
35.28		-0.0187237		
35.29		-0.0186928		
35.3		-0.018662		
35.31		-0.0186313		
35.32		-0.0186007		
35.33		-0.0185702		
35.34		-0.0185397		
35.35		-0.0185094		
35.36		-0.0184791		
35.37		-0.0184489		
35.38		-0.0184189		
35.39		-0.0183889		
35.4		-0.018359		
35.41		-0.0183291		
35.42		-0.0182994		
35.43		-0.0182698		
35.44		-0.0182402		
35.45		-0.0182108		
35.46		-0.0181814		
35.47		-0.0181521		
35.48		-0.0181229		
35.49		-0.0180938		
35.5		-0.0180648		
35.51		-0.0180358		
35.52		-0.018007		
35.53		-0.0179782		
35.54		-0.0179495		
35.55		-0.0179209		
35.56		-0.0178924		
35.57		-0.017864		
35.58		-0.0178356		
35.59		-0.0178074		
35.6		-0.0177792		
35.61		-0.0177511		
35.62		-0.0177231		
35.63		-0.0176952		
35.64		-0.0176673		
35.65		-0.0176396		
35.66		-0.0176119		
35.67		-0.0175843		
35.68		-0.0175568		
35.69		-0.0175294		
35.7		-0.0175021		
35.71		-0.0174748		
35.72		-0.0174476		
35.73		-0.0174205		
35.74		-0.0173935		
35.75		-0.0173666		
35.76		-0.0173397		
35.77		-0.017313		
35.78		-0.0172863		
35.79		-0.0172597		
35.8		-0.0172331		
35.81		-0.0172067		
35.82		-0.0171803		
35.83		-0.017154		
35.84		-0.0171278		
35.85		-0.0171017		
35.86		-0.0170757		
35.87		-0.0170497		
35.88		-0.0170238		
35.89		-0.016998		
35.9		-0.0169722		
35.91		-0.0169466		
35.92		-0.016921		
35.93		-0.0168955		
35.94		-0.0168701		
35.95		-0.0168447		
35.96		-0.0168195		
35.97		-0.0167943		
35.98		-0.0167692		
35.99		-0.0167441		
36		-0.0167192		
36.01		-0.0166943		
36.02		-0.0166695		
36.03		-0.0166447		
36.04		-0.0166201		
36.05		-0.0165955		
36.06		-0.016571		
36.07		-0.0165465		
36.08		-0.0165222		
36.09		-0.0164979		
36.1		-0.0164737		
36.11		-0.0164495		
36.12		-0.0164255		
36.13		-0.0164015		
36.14		-0.0163776		
36.15		-0.0163537		
36.16		-0.01633		
36.17		-0.0163063		
36.18		-0.0162826		
36.19		-0.0162591		
36.2		-0.0162356		
36.21		-0.0162122		
36.22		-0.0161889		
36.23		-0.0161656		
36.24		-0.0161424		
36.25		-0.0161193		
36.26		-0.0160962		
36.27		-0.0160732		
36.28		-0.0160503		
36.29		-0.0160275		
36.3		-0.0160047		
36.31		-0.015982		
36.32		-0.0159594		
36.33		-0.0159368		
36.34		-0.0159143		
36.35		-0.0158919		
36.36		-0.0158695		
36.37		-0.0158473		
36.38		-0.015825		
36.39		-0.0158029		
36.4		-0.0157808		
36.41		-0.0157588		
36.42		-0.0157369		
36.43		-0.015715		
36.44		-0.0156932		
36.45		-0.0156714		
36.46		-0.0156498		
36.47		-0.0156281		
36.48		-0.0156066		
36.49		-0.0155851		
36.5		-0.0155637		
36.51		-0.0155424		
36.52		-0.0155211		
36.53		-0.0154999		
36.54		-0.0154787		
36.55		-0.0154577		
36.56		-0.0154366		
36.57		-0.0154157		
36.58		-0.0153948		
36.59		-0.015374		
36.6		-0.0153532		
36.61		-0.0153325		
36.62		-0.0153119		
36.63		-0.0152913		
36.64		-0.0152708		
36.65		-0.0152504		
36.66		-0.01523		
36.67		-0.0152097		
36.68		-0.0151894		
36.69		-0.0151693		
36.7		-0.0151491		
36.71		-0.0151291		
36.72		-0.0151091		
36.73		-0.0150891		
36.74		-0.0150693		
36.75		-0.0150494		
36.76		-0.0150297		
36.77		-0.01501		
36.78		-0.0149904		
36.79		-0.0149708		
36.8		-0.0149513		
36.81		-0.0149318		
36.82		-0.0149124		
36.83		-0.0148931		
36.84		-0.0148738		
36.85		-0.0148546		
36.86		-0.0148355		
36.87		-0.0148164		
36.88		-0.0147973		
36.89		-0.0147784		
36.9		-0.0147594		
36.91		-0.0147406		
36.92		-0.0147218		
36.93		-0.014703		
36.94		-0.0146844		
36.95		-0.0146657		
36.96		-0.0146472		
36.97		-0.0146286		
36.98		-0.0146102		
36.99		-0.0145918		
37		-0.0145735		
37.01		-0.0145552		
37.02		-0.0145369		
37.03		-0.0145188		
37.04		-0.0145007		
37.05		-0.0144826		
37.06		-0.0144646		
37.07		-0.0144467		
37.08		-0.0144288		
37.09		-0.0144109		
37.1		-0.0143931		
37.11		-0.0143754		
37.12		-0.0143578		
37.13		-0.0143401		
37.14		-0.0143226		
37.15		-0.0143051		
37.16		-0.0142876		
37.17		-0.0142702		
37.18		-0.0142529		
37.19		-0.0142356		
37.2		-0.0142183		
37.21		-0.0142011		
37.22		-0.014184		
37.23		-0.0141669		
37.24		-0.0141499		
37.25		-0.0141329		
37.26		-0.014116		
37.27		-0.0140991		
37.28		-0.0140823		
37.29		-0.0140656		
37.3		-0.0140488		
37.31		-0.0140322		
37.32		-0.0140156		
37.33		-0.013999		
37.34		-0.0139825		
37.35		-0.013966		
37.36		-0.0139496		
37.37		-0.0139333		
37.38		-0.013917		
37.39		-0.0139007		
37.4		-0.0138845		
37.41		-0.0138684		
37.42		-0.0138522		
37.43		-0.0138362		
37.44		-0.0138202		
37.45		-0.0138042		
37.46		-0.0137883		
37.47		-0.0137724		
37.48		-0.0137566		
37.49		-0.0137409		
37.5		-0.0137252		
37.51		-0.0137095		
37.52		-0.0136939		
37.53		-0.0136783		
37.54		-0.0136628		
37.55		-0.0136473		
37.56		-0.0136319		
37.57		-0.0136165		
37.58		-0.0136012		
37.59		-0.0135859		
37.6		-0.0135706		
37.61		-0.0135554		
37.62		-0.0135403		
37.63		-0.0135252		
37.64		-0.0135102		
37.65		-0.0134951		
37.66		-0.0134802		
37.67		-0.0134653		
37.68		-0.0134504		
37.69		-0.0134356		
37.7		-0.0134208		
37.71		-0.0134061		
37.72		-0.0133914		
37.73		-0.0133767		
37.74		-0.0133621		
37.75		-0.0133476		
37.76		-0.0133331		
37.77		-0.0133186		
37.78		-0.0133042		
37.79		-0.0132898		
37.8		-0.0132755		
37.81		-0.0132612		
37.82		-0.0132469		
37.83		-0.0132327		
37.84		-0.0132186		
37.85		-0.0132044		
37.86		-0.0131904		
37.87		-0.0131763		
37.88		-0.0131624		
37.89		-0.0131484		
37.9		-0.0131345		
37.91		-0.0131206		
37.92		-0.0131068		
37.93		-0.013093		
37.94		-0.0130793		
37.95		-0.0130656		
37.96		-0.013052		
37.97		-0.0130384		
37.98		-0.0130248		
37.99		-0.0130113		
38		-0.0129978		
38.01		-0.0129843		
38.02		-0.0129709		
38.03		-0.0129576		
38.04		-0.0129442		
38.05		-0.0129309		
38.06		-0.0129177		
38.07		-0.0129045		
38.08		-0.0128913		
38.09		-0.0128782		
38.1		-0.0128651		
38.11		-0.0128521		
38.12		-0.0128391		
38.13		-0.0128261		
38.14		-0.0128132		
38.15		-0.0128003		
38.16		-0.0127874		
38.17		-0.0127746		
38.18		-0.0127618		
38.19		-0.0127491		
38.2		-0.0127364		
38.21		-0.0127237		
38.22		-0.0127111		
38.23		-0.0126985		
38.24		-0.012686		
38.25		-0.0126735		
38.26		-0.012661		
38.27		-0.0126486		
38.28		-0.0126362		
38.29		-0.0126238		
38.3		-0.0126115		
38.31		-0.0125992		
38.32		-0.012587		
38.33		-0.0125748		
38.34		-0.0125626		
38.35		-0.0125504		
38.36		-0.0125383		
38.37		-0.0125263		
38.38		-0.0125142		
38.39		-0.0125022		
38.4		-0.0124903		
38.41		-0.0124784		
38.42		-0.0124665		
38.43		-0.0124546		
38.44		-0.0124428		
38.45		-0.012431		
38.46		-0.0124193		
38.47		-0.0124076		
38.48		-0.0123959		
38.49		-0.0123842		
38.5		-0.0123726		
38.51		-0.012361		
38.52		-0.0123495		
38.53		-0.012338		
38.54		-0.0123265		
38.55		-0.0123151		
38.56		-0.0123037		
38.57		-0.0122923		
38.58		-0.012281		
38.59		-0.0122697		
38.6		-0.0122584		
38.61		-0.0122472		
38.62		-0.0122359		
38.63		-0.0122248		
38.64		-0.0122136		
38.65		-0.0122025		
38.66		-0.0121914		
38.67		-0.0121804		
38.68		-0.0121694		
38.69		-0.0121584		
38.7		-0.0121475		
38.71		-0.0121366		
38.72		-0.0121257		
38.73		-0.0121148		
38.74		-0.012104		
38.75		-0.0120932		
38.76		-0.0120825		
38.77		-0.0120717		
38.78		-0.012061		
38.79		-0.0120504		
38.8		-0.0120397		
38.81		-0.0120291		
38.82		-0.0120186		
38.83		-0.012008		
38.84		-0.0119975		
38.85		-0.0119871		
38.86		-0.0119766		
38.87		-0.0119662		
38.88		-0.0119558		
38.89		-0.0119454		
38.9		-0.0119351		
38.91		-0.0119248		
38.92		-0.0119145		
38.93		-0.0119043		
38.94		-0.0118941		
38.95		-0.0118839		
38.96		-0.0118738		
38.97		-0.0118636		
38.98		-0.0118536		
38.99		-0.0118435		
39		-0.0118335		
39.01		-0.0118234		
39.02		-0.0118135		
39.03		-0.0118035		
39.04		-0.0117936		
39.05		-0.0117837		
39.06		-0.0117738		
39.07		-0.011764		
39.08		-0.0117542		
39.09		-0.0117444		
39.1		-0.0117347		
39.11		-0.0117249		
39.12		-0.0117152		
39.13		-0.0117056		
39.14		-0.0116959		
39.15		-0.0116863		
39.16		-0.0116767		
39.17		-0.0116672		
39.18		-0.0116576		
39.19		-0.0116481		
39.2		-0.0116387		
39.21		-0.0116292		
39.22		-0.0116198		
39.23		-0.0116104		
39.24		-0.011601		
39.25		-0.0115917		
39.26		-0.0115823		
39.27		-0.011573		
39.28		-0.0115638		
39.29		-0.0115545		
39.3		-0.0115453		
39.31		-0.0115361		
39.32		-0.011527		
39.33		-0.0115178		
39.34		-0.0115087		
39.35		-0.0114996		
39.36		-0.0114906		
39.37		-0.0114815		
39.38		-0.0114725		
39.39		-0.0114635		
39.4		-0.0114546		
39.41		-0.0114456		
39.42		-0.0114367		
39.43		-0.0114278		
39.44		-0.011419		
39.45		-0.0114101		
39.46		-0.0114013		
39.47		-0.0113925		
39.48		-0.0113838		
39.49		-0.011375		
39.5		-0.0113663		
39.51		-0.0113576		
39.52		-0.0113489		
39.53		-0.0113403		
39.54		-0.0113317		
39.55		-0.0113231		
39.56		-0.0113145		
39.57		-0.0113059		
39.58		-0.0112974		
39.59		-0.0112889		
39.6		-0.0112804		
39.61		-0.011272		
39.62		-0.0112635		
39.63		-0.0112551		
39.64		-0.0112467		
39.65		-0.0112384		
39.66		-0.01123		
39.67		-0.0112217		
39.68		-0.0112134		
39.69		-0.0112051		
39.7		-0.0111969		
39.71		-0.0111886		
39.72		-0.0111804		
39.73		-0.0111722		
39.74		-0.0111641		
39.75		-0.0111559		
39.76		-0.0111478		
39.77		-0.0111397		
39.78		-0.0111316		
39.79		-0.0111236		
39.8		-0.0111156		
39.81		-0.0111075		
39.82		-0.0110995		
39.83		-0.0110916		
39.84		-0.0110836		
39.85		-0.0110757		
39.86		-0.0110678		
39.87		-0.0110599		
39.88		-0.0110521		
39.89		-0.0110442		
39.9		-0.0110364		
39.91		-0.0110286		
39.92		-0.0110208		
39.93		-0.011013		
39.94		-0.0110053		
39.95		-0.0109976		
39.96		-0.0109899		
39.97		-0.0109822		
39.98		-0.0109746		
39.99		-0.0109669		
40		-0.0109593		
40.01		-0.0109517		
40.02		-0.0109441		
40.03		-0.0109366		
40.04		-0.010929		
40.05		-0.0109215		
40.06		-0.010914		
40.07		-0.0109065		
40.08		-0.0108991		
40.09		-0.0108916		
40.1		-0.0108842		
40.11		-0.0108768		
40.12		-0.0108694		
40.13		-0.0108621		
40.14		-0.0108547		
40.15		-0.0108474		
40.16		-0.0108401		
40.17		-0.0108328		
40.18		-0.0108255		
40.19		-0.0108183		
40.2		-0.0108111		
40.21		-0.0108038		
40.22		-0.0107966		
40.23		-0.0107895		
40.24		-0.0107823		
40.25		-0.0107752		
40.26		-0.0107681		
40.27		-0.010761		
40.28		-0.0107539		
40.29		-0.0107468		
40.3		-0.0107398		
40.31		-0.0107327		
40.32		-0.0107257		
40.33		-0.0107187		
40.34		-0.0107117		
40.35		-0.0107048		
40.36		-0.0106978		
40.37		-0.0106909		
40.38		-0.010684		
40.39		-0.0106771		
40.4		-0.0106703		
40.41		-0.0106634		
40.42		-0.0106566		
40.43		-0.0106498		
40.44		-0.0106429		
40.45		-0.0106362		
40.46		-0.0106294		
40.47		-0.0106226		
40.48		-0.0106159		
40.49		-0.0106092		
40.5		-0.0106025		
40.51		-0.0105958		
40.52		-0.0105891		
40.53		-0.0105825		
40.54		-0.0105759		
40.55		-0.0105692		
40.56		-0.0105626		
40.57		-0.0105561		
40.58		-0.0105495		
40.59		-0.0105429		
40.6		-0.0105364		
40.61		-0.0105299		
40.62		-0.0105234		
40.63		-0.0105169		
40.64		-0.0105104		
40.65		-0.010504		
40.66		-0.0104975		
40.67		-0.0104911		
40.68		-0.0104847		
40.69		-0.0104783		
40.7		-0.0104719		
40.71		-0.0104656		
40.72		-0.0104592		
40.73		-0.0104529		
40.74		-0.0104466		
40.75		-0.0104403		
40.76		-0.010434		
40.77		-0.0104277		
40.78		-0.0104215		
40.79		-0.0104152		
40.8		-0.010409		
40.81		-0.0104028		
40.82		-0.0103966		
40.83		-0.0103904		
40.84		-0.0103842		
40.85		-0.0103781		
40.86		-0.010372		
40.87		-0.0103658		
40.88		-0.0103597		
40.89		-0.0103536		
40.9		-0.0103476		
40.91		-0.0103415		
40.92		-0.0103355		
40.93		-0.0103294		
40.94		-0.0103234		
40.95		-0.0103174		
40.96		-0.0103114		
40.97		-0.0103054		
40.98		-0.0102995		
40.99		-0.0102935		
41		-0.0102876		
41.01		-0.0102817		
41.02		-0.0102758		
41.03		-0.0102699		
41.04		-0.010264		
41.05		-0.0102581		
41.06		-0.0102523		
41.07		-0.0102464		
41.08		-0.0102406		
41.09		-0.0102348		
41.1		-0.010229		
41.11		-0.0102232		
41.12		-0.0102175		
41.13		-0.0102117		
41.14		-0.010206		
41.15		-0.0102002		
41.16		-0.0101945		
41.17		-0.0101888		
41.18		-0.0101831		
41.19		-0.0101774		
41.2		-0.0101718		
41.21		-0.0101661		
41.22		-0.0101605		
41.23		-0.0101549		
41.24		-0.0101493		
41.25		-0.0101437		
41.26		-0.0101381		
41.27		-0.0101325		
41.28		-0.0101269		
41.29		-0.0101214		
41.3		-0.0101158		
41.31		-0.0101103		
41.32		-0.0101048		
41.33		-0.0100993		
41.34		-0.0100938		
41.35		-0.0100884		
41.36		-0.0100829		
41.37		-0.0100774		
41.38		-0.010072		
41.39		-0.0100666		
41.4		-0.0100612		
41.41		-0.0100558		
41.42		-0.0100504		
41.43		-0.010045		
41.44		-0.0100396		
41.45		-0.0100343		
41.46		-0.010029		
41.47		-0.0100236		
41.48		-0.0100183		
41.49		-0.010013		
41.5		-0.0100077		
41.51		-0.0100024		
41.52		-0.00999716		
41.53		-0.0099919		
41.54		-0.00998665		
41.55		-0.00998142		
41.56		-0.00997619		
41.57		-0.00997098		
41.58		-0.00996578		
41.59		-0.00996059		
41.6		-0.00995541		
41.61		-0.00995025		
41.62		-0.00994509		
41.63		-0.00993995		
41.64		-0.00993482		
41.65		-0.00992969		
41.66		-0.00992458		
41.67		-0.00991948		
41.68		-0.0099144		
41.69		-0.00990932		
41.7		-0.00990425		
41.71		-0.0098992		
41.72		-0.00989415		
41.73		-0.00988912		
41.74		-0.00988409		
41.75		-0.00987908		
41.76		-0.00987408		
41.77		-0.00986909		
41.78		-0.00986411		
41.79		-0.00985914		
41.8		-0.00985418		
41.81		-0.00984923		
41.82		-0.00984429		
41.83		-0.00983936		
41.84		-0.00983445		
41.85		-0.00982954		
41.86		-0.00982464		
41.87		-0.00981976		
41.88		-0.00981488		
41.89		-0.00981002		
41.9		-0.00980516		
41.91		-0.00980031		
41.92		-0.00979548		
41.93		-0.00979065		
41.94		-0.00978584		
41.95		-0.00978103		
41.96		-0.00977624		
41.97		-0.00977145		
41.98		-0.00976668		
41.99		-0.00976191		
42		-0.00975716		
42.01		-0.00975241		
42.02		-0.00974768		
42.03		-0.00974295		
42.04		-0.00973824		
42.05		-0.00973353		
42.06		-0.00972883		
42.07		-0.00972415		
42.08		-0.00971947		
42.09		-0.0097148		
42.1		-0.00971014		
42.11		-0.00970549		
42.12		-0.00970085		
42.13		-0.00969622		
42.14		-0.0096916		
42.15		-0.00968699		
42.16		-0.00968239		
42.17		-0.0096778		
42.18		-0.00967322		
42.19		-0.00966864		
42.2		-0.00966408		
42.21		-0.00965952		
42.22		-0.00965498		
42.23		-0.00965044		
42.24		-0.00964591		
42.25		-0.00964139		
42.26		-0.00963688		
42.27		-0.00963238		
42.28		-0.00962789		
42.29		-0.0096234		
42.3		-0.00961893		
42.31		-0.00961447		
42.32		-0.00961001		
42.33		-0.00960556		
42.34		-0.00960112		
42.35		-0.00959669		
42.36		-0.00959227		
42.37		-0.00958786		
42.38		-0.00958345		
42.39		-0.00957906		
42.4		-0.00957467		
42.41		-0.00957029		
42.42		-0.00956592		
42.43		-0.00956156		
42.44		-0.00955721		
42.45		-0.00955287		
42.46		-0.00954853		
42.47		-0.0095442		
42.48		-0.00953989		
42.49		-0.00953558		
42.5		-0.00953127		
42.51		-0.00952698		
42.52		-0.00952269		
42.53		-0.00951842		
42.54		-0.00951415		
42.55		-0.00950989		
42.56		-0.00950563		
42.57		-0.00950139		
42.58		-0.00949715		
42.59		-0.00949293		
42.6		-0.00948871		
42.61		-0.00948449		
42.62		-0.00948029		
42.63		-0.00947609		
42.64		-0.0094719		
42.65		-0.00946772		
42.66		-0.00946355		
42.67		-0.00945939		
42.68		-0.00945523		
42.69		-0.00945108		
42.7		-0.00944694		
42.71		-0.00944281		
42.72		-0.00943868		
42.73		-0.00943456		
42.74		-0.00943045		
42.75		-0.00942635		
42.76		-0.00942226		
42.77		-0.00941817		
42.78		-0.00941409		
42.79		-0.00941002		
42.8		-0.00940595		
42.81		-0.0094019		
42.82		-0.00939785		
42.83		-0.0093938		
42.84		-0.00938977		
42.85		-0.00938574		
42.86		-0.00938172		
42.87		-0.00937771		
42.88		-0.00937371		
42.89		-0.00936971		
42.9		-0.00936572		
42.91		-0.00936174		
42.92		-0.00935776		
42.93		-0.00935379		
42.94		-0.00934983		
42.95		-0.00934588		
42.96		-0.00934193		
42.97		-0.00933799		
42.98		-0.00933406		
42.99		-0.00933013		
43		-0.00932621		
43.01		-0.0093223		
43.02		-0.0093184		
43.03		-0.0093145		
43.04		-0.00931061		
43.05		-0.00930672		
43.06		-0.00930285		
43.07		-0.00929898		
43.08		-0.00929512		
43.09		-0.00929126		
43.1		-0.00928741		
43.11		-0.00928357		
43.12		-0.00927973		
43.13		-0.0092759		
43.14		-0.00927208		
43.15		-0.00926827		
43.16		-0.00926446		
43.17		-0.00926066		
43.18		-0.00925686		
43.19		-0.00925307		
43.2		-0.00924929		
43.21		-0.00924552		
43.22		-0.00924175		
43.23		-0.00923799		
43.24		-0.00923423		
43.25		-0.00923048		
43.26		-0.00922674		
43.27		-0.009223		
43.28		-0.00921927		
43.29		-0.00921555		
43.3		-0.00921183		
43.31		-0.00920812		
43.32		-0.00920442		
43.33		-0.00920072		
43.34		-0.00919703		
43.35		-0.00919335		
43.36		-0.00918967		
43.37		-0.009186		
43.38		-0.00918233		
43.39		-0.00917867		
43.4		-0.00917502		
43.41		-0.00917137		
43.42		-0.00916773		
43.43		-0.00916409		
43.44		-0.00916047		
43.45		-0.00915684		
43.46		-0.00915323		
43.47		-0.00914962		
43.48		-0.00914601		
43.49		-0.00914241		
43.5		-0.00913882		
43.51		-0.00913524		
43.52		-0.00913166		
43.53		-0.00912808		
43.54		-0.00912451		
43.55		-0.00912095		
43.56		-0.00911739		
43.57		-0.00911384		
43.58		-0.0091103		
43.59		-0.00910676		
43.6		-0.00910323		
43.61		-0.0090997		
43.62		-0.00909618		
43.63		-0.00909266		
43.64		-0.00908915		
43.65		-0.00908565		
43.66		-0.00908215		
43.67		-0.00907866		
43.68		-0.00907517		
43.69		-0.00907169		
43.7		-0.00906822		
43.71		-0.00906475		
43.72		-0.00906128		
43.73		-0.00905782		
43.74		-0.00905437		
43.75		-0.00905092		
43.76		-0.00904748		
43.77		-0.00904405		
43.78		-0.00904062		
43.79		-0.00903719		
43.8		-0.00903377		
43.81		-0.00903036		
43.82		-0.00902695		
43.83		-0.00902355		
43.84		-0.00902015		
43.85		-0.00901676		
43.86		-0.00901337		
43.87		-0.00900999		
43.88		-0.00900661		
43.89		-0.00900324		
43.9		-0.00899988		
43.91		-0.00899651		
43.92		-0.00899316		
43.93		-0.00898981		
43.94		-0.00898647		
43.95		-0.00898313		
43.96		-0.00897979		
43.97		-0.00897647		
43.98		-0.00897314		
43.99		-0.00896982		
44		-0.00896651		
44.01		-0.0089632		
44.02		-0.0089599		
44.03		-0.0089566		
44.04		-0.00895331		
44.05		-0.00895002		
44.06		-0.00894674		
44.07		-0.00894346		
44.08		-0.00894019		
44.09		-0.00893693		
44.1		-0.00893366		
44.11		-0.00893041		
44.12		-0.00892715		
44.13		-0.00892391		
44.14		-0.00892067		
44.15		-0.00891743		
44.16		-0.0089142		
44.17		-0.00891097		
44.18		-0.00890775		
44.19		-0.00890453		
44.2		-0.00890132		
44.21		-0.00889811		
44.22		-0.00889491		
44.23		-0.00889171		
44.24		-0.00888852		
44.25		-0.00888533		
44.26		-0.00888214		
44.27		-0.00887897		
44.28		-0.00887579		
44.29		-0.00887262		
44.3		-0.00886946		
44.31		-0.0088663		
44.32		-0.00886314		
44.33		-0.00885999		
44.34		-0.00885685		
44.35		-0.00885371		
44.36		-0.00885057		
44.37		-0.00884744		
44.38		-0.00884431		
44.39		-0.00884119		
44.4		-0.00883807		
44.41		-0.00883496		
44.42		-0.00883185		
44.43		-0.00882875		
44.44		-0.00882565		
44.45		-0.00882255		
44.46		-0.00881946		
44.47		-0.00881638		
44.48		-0.00881329		
44.49		-0.00881022		
44.5		-0.00880715		
44.51		-0.00880408		
44.52		-0.00880101		
44.53		-0.00879796		
44.54		-0.0087949		
44.55		-0.00879185		
44.56		-0.0087888		
44.57		-0.00878576		
44.58		-0.00878273		
44.59		-0.00877969		
44.6		-0.00877667		
44.61		-0.00877364		
44.62		-0.00877062		
44.63		-0.00876761		
44.64		-0.00876459		
44.65		-0.00876159		
44.66		-0.00875859		
44.67		-0.00875559		
44.68		-0.00875259		
44.69		-0.0087496		
44.7		-0.00874662		
44.71		-0.00874364		
44.72		-0.00874066		
44.73		-0.00873769		
44.74		-0.00873472		
44.75		-0.00873175		
44.76		-0.00872879		
44.77		-0.00872584		
44.78		-0.00872289		
44.79		-0.00871994		
44.8		-0.00871699		
44.81		-0.00871405		
44.82		-0.00871112		
44.83		-0.00870819		
44.84		-0.00870526		
44.85		-0.00870234		
44.86		-0.00869942		
44.87		-0.0086965		
44.88		-0.00869359		
44.89		-0.00869068		
44.9		-0.00868778		
44.91		-0.00868488		
44.92		-0.00868198		
44.93		-0.00867909		
44.94		-0.0086762		
44.95		-0.00867332		
44.96		-0.00867044		
44.97		-0.00866757		
44.98		-0.00866469		
44.99		-0.00866183		
45		-0.00865896		
45.01		-0.0086561		
45.02		-0.00865325		
45.03		-0.00865039		
45.04		-0.00864755		
45.05		-0.0086447		
45.06		-0.00864186		
45.07		-0.00863902		
45.08		-0.00863619		
45.09		-0.00863336		
45.1		-0.00863053		
45.11		-0.00862771		
45.12		-0.00862489		
45.13		-0.00862208		
45.14		-0.00861927		
45.15		-0.00861646		
45.16		-0.00861366		
45.17		-0.00861086		
45.18		-0.00860806		
45.19		-0.00860527		
45.2		-0.00860248		
45.21		-0.0085997		
45.22		-0.00859692		
45.23		-0.00859414		
45.24		-0.00859137		
45.25		-0.0085886		
45.26		-0.00858583		
45.27		-0.00858307		
45.28		-0.00858031		
45.29		-0.00857755		
45.3		-0.0085748		
45.31		-0.00857205		
45.32		-0.00856931		
45.33		-0.00856657		
45.34		-0.00856383		
45.35		-0.00856109		
45.36		-0.00855836		
45.37		-0.00855564		
45.38		-0.00855291		
45.39		-0.00855019		
45.4		-0.00854748		
45.41		-0.00854476		
45.42		-0.00854205		
45.43		-0.00853935		
45.44		-0.00853664		
45.45		-0.00853395		
45.46		-0.00853125		
45.47		-0.00852856		
45.48		-0.00852587		
45.49		-0.00852318		
45.5		-0.0085205		
45.51		-0.00851782		
45.52		-0.00851515		
45.53		-0.00851247		
45.54		-0.0085098		
45.55		-0.00850714		
45.56		-0.00850448		
45.57		-0.00850182		
45.58		-0.00849916		
45.59		-0.00849651		
45.6		-0.00849386		
45.61		-0.00849122		
45.62		-0.00848858		
45.63		-0.00848594		
45.64		-0.0084833		
45.65		-0.00848067		
45.66		-0.00847804		
45.67		-0.00847541		
45.68		-0.00847279		
45.69		-0.00847017		
45.7		-0.00846756		
45.71		-0.00846494		
45.72		-0.00846233		
45.73		-0.00845973		
45.74		-0.00845713		
45.75		-0.00845453		
45.76		-0.00845193		
45.77		-0.00844934		
45.78		-0.00844674		
45.79		-0.00844416		
45.8		-0.00844157		
45.81		-0.00843899		
45.82		-0.00843641		
45.83		-0.00843384		
45.84		-0.00843127		
45.85		-0.0084287		
45.86		-0.00842613		
45.87		-0.00842357		
45.88		-0.00842101		
45.89		-0.00841846		
45.9		-0.0084159		
45.91		-0.00841335		
45.92		-0.00841081		
45.93		-0.00840826		
45.94		-0.00840572		
45.95		-0.00840319		
45.96		-0.00840065		
45.97		-0.00839812		
45.98		-0.00839559		
45.99		-0.00839306		
46		-0.00839054		
46.01		-0.00838802		
46.02		-0.00838551		
46.03		-0.00838299		
46.04		-0.00838048		
46.05		-0.00837797		
46.06		-0.00837547		
46.07		-0.00837297		
46.08		-0.00837047		
46.09		-0.00836797		
46.1		-0.00836548		
46.11		-0.00836299		
46.12		-0.0083605		
46.13		-0.00835802		
46.14		-0.00835553		
46.15		-0.00835306		
46.16		-0.00835058		
46.17		-0.00834811		
46.18		-0.00834564		
46.19		-0.00834317		
46.2		-0.00834071		
46.21		-0.00833824		
46.22		-0.00833579		
46.23		-0.00833333		
46.24		-0.00833088		
46.25		-0.00832843		
46.26		-0.00832598		
46.27		-0.00832353		
46.28		-0.00832109		
46.29		-0.00831865		
46.3		-0.00831622		
46.31		-0.00831378		
46.32		-0.00831135		
46.33		-0.00830893		
46.34		-0.0083065		
46.35		-0.00830408		
46.36		-0.00830166		
46.37		-0.00829924		
46.38		-0.00829683		
46.39		-0.00829442		
46.4		-0.00829201		
46.41		-0.0082896		
46.42		-0.0082872		
46.43		-0.0082848		
46.44		-0.0082824		
46.45		-0.00828001		
46.46		-0.00827761		
46.47		-0.00827522		
46.48		-0.00827284		
46.49		-0.00827045		
46.5		-0.00826807		
46.51		-0.00826569		
46.52		-0.00826331		
46.53		-0.00826094		
46.54		-0.00825857		
46.55		-0.0082562		
46.56		-0.00825383		
46.57		-0.00825147		
46.58		-0.00824911		
46.59		-0.00824675		
46.6		-0.0082444		
46.61		-0.00824204		
46.62		-0.00823969		
46.63		-0.00823734		
46.64		-0.008235		
46.65		-0.00823266		
46.66		-0.00823032		
46.67		-0.00822798		
46.68		-0.00822564		
46.69		-0.00822331		
46.7		-0.00822098		
46.71		-0.00821865		
46.72		-0.00821633		
46.73		-0.00821401		
46.74		-0.00821169		
46.75		-0.00820937		
46.76		-0.00820705		
46.77		-0.00820474		
46.78		-0.00820243		
46.79		-0.00820012		
46.8		-0.00819782		
46.81		-0.00819551		
46.82		-0.00819321		
46.83		-0.00819092		
46.84		-0.00818862		
46.85		-0.00818633		
46.86		-0.00818404		
46.87		-0.00818175		
46.88		-0.00817947		
46.89		-0.00817718		
46.9		-0.0081749		
46.91		-0.00817262		
46.92		-0.00817035		
46.93		-0.00816807		
46.94		-0.0081658		
46.95		-0.00816353		
46.96		-0.00816127		
46.97		-0.008159		
46.98		-0.00815674		
46.99		-0.00815448		
47		-0.00815223		
47.01		-0.00814997		
47.02		-0.00814772		
47.03		-0.00814547		
47.04		-0.00814322		
47.05		-0.00814098		
47.06		-0.00813874		
47.07		-0.0081365		
47.08		-0.00813426		
47.09		-0.00813202		
47.1		-0.00812979		
47.11		-0.00812756		
47.12		-0.00812533		
47.13		-0.0081231		
47.14		-0.00812088		
47.15		-0.00811866		
47.16		-0.00811644		
47.17		-0.00811422		
47.18		-0.008112		
47.19		-0.00810979		
47.2		-0.00810758		
47.21		-0.00810537		
47.22		-0.00810317		
47.23		-0.00810096		
47.24		-0.00809876		
47.25		-0.00809656		
47.26		-0.00809436		
47.27		-0.00809217		
47.28		-0.00808998		
47.29		-0.00808779		
47.3		-0.0080856		
47.31		-0.00808341		
47.32		-0.00808123		
47.33		-0.00807905		
47.34		-0.00807687		
47.35		-0.00807469		
47.36		-0.00807251		
47.37		-0.00807034		
47.38		-0.00806817		
47.39		-0.008066		
47.4		-0.00806384		
47.41		-0.00806167		
47.42		-0.00805951		
47.43		-0.00805735		
47.44		-0.00805519		
47.45		-0.00805304		
47.46		-0.00805088		
47.47		-0.00804873		
47.48		-0.00804658		
47.49		-0.00804444		
47.5		-0.00804229		
47.51		-0.00804015		
47.52		-0.00803801		
47.53		-0.00803587		
47.54		-0.00803373		
47.55		-0.0080316		
47.56		-0.00802946		
47.57		-0.00802733		
47.58		-0.00802521		
47.59		-0.00802308		
47.6		-0.00802096		
47.61		-0.00801883		
47.62		-0.00801671		
47.63		-0.0080146		
47.64		-0.00801248		
47.65		-0.00801037		
47.66		-0.00800825		
47.67		-0.00800614		
47.68		-0.00800404		
47.69		-0.00800193		
47.7		-0.00799983		
47.71		-0.00799773		
47.72		-0.00799563		
47.73		-0.00799353		
47.74		-0.00799143		
47.75		-0.00798934		
47.76		-0.00798725		
47.77		-0.00798516		
47.78		-0.00798307		
47.79		-0.00798099		
47.8		-0.0079789		
47.81		-0.00797682		
47.82		-0.00797474		
47.83		-0.00797266		
47.84		-0.00797059		
47.85		-0.00796851		
47.86		-0.00796644		
47.87		-0.00796437		
47.88		-0.0079623		
47.89		-0.00796024		
47.9		-0.00795818		
47.91		-0.00795611		
47.92		-0.00795405		
47.93		-0.007952		
47.94		-0.00794994		
47.95		-0.00794788		
47.96		-0.00794583		
47.97		-0.00794378		
47.98		-0.00794173		
47.99		-0.00793969		
48		-0.00793764		
48.01		-0.0079356		
48.02		-0.00793356		
48.03		-0.00793152		
48.04		-0.00792948		
48.05		-0.00792745		
48.06		-0.00792541		
48.07		-0.00792338		
48.08		-0.00792135		
48.09		-0.00791933		
48.1		-0.0079173		
48.11		-0.00791528		
48.12		-0.00791325		
48.13		-0.00791123		
48.14		-0.00790921		
48.15		-0.0079072		
48.16		-0.00790518		
48.17		-0.00790317		
48.18		-0.00790116		
48.19		-0.00789915		
48.2		-0.00789714		
48.21		-0.00789514		
48.22		-0.00789313		
48.23		-0.00789113		
48.24		-0.00788913		
48.25		-0.00788713		
48.26		-0.00788514		
48.27		-0.00788314		
48.28		-0.00788115		
48.29		-0.00787916		
48.3		-0.00787717		
48.31		-0.00787518		
48.32		-0.0078732		
48.33		-0.00787121		
48.34		-0.00786923		
48.35		-0.00786725		
48.36		-0.00786527		
48.37		-0.00786329		
48.38		-0.00786132		
48.39		-0.00785935		
48.4		-0.00785738		
48.41		-0.00785541		
48.42		-0.00785344		
48.43		-0.00785147		
48.44		-0.00784951		
48.45		-0.00784754		
48.46		-0.00784558		
48.47		-0.00784362		
48.48		-0.00784167		
48.49		-0.00783971		
48.5		-0.00783776		
48.51		-0.0078358		
48.52		-0.00783385		
48.53		-0.0078319		
48.54		-0.00782996		
48.55		-0.00782801		
48.56		-0.00782607		
48.57		-0.00782413		
48.58		-0.00782218		
48.59		-0.00782025		
48.6		-0.00781831		
48.61		-0.00781637		
48.62		-0.00781444		
48.63		-0.00781251		
48.64		-0.00781058		
48.65		-0.00780865		
48.66		-0.00780672		
48.67		-0.0078048		
48.68		-0.00780287		
48.69		-0.00780095		
48.7		-0.00779903		
48.71		-0.00779711		
48.72		-0.0077952		
48.73		-0.00779328		
48.74		-0.00779137		
48.75		-0.00778945		
48.76		-0.00778754		
48.77		-0.00778563		
48.78		-0.00778373		
48.79		-0.00778182		
48.8		-0.00777992		
48.81		-0.00777802		
48.82		-0.00777612		
48.83		-0.00777422		
48.84		-0.00777232		
48.85		-0.00777042		
48.86		-0.00776853		
48.87		-0.00776664		
48.88		-0.00776475		
48.89		-0.00776286		
48.9		-0.00776097		
48.91		-0.00775908		
48.92		-0.0077572		
48.93		-0.00775531		
48.94		-0.00775343		
48.95		-0.00775155		
48.96		-0.00774967		
48.97		-0.0077478		
48.98		-0.00774592		
48.99		-0.00774405		
49		-0.00774218		
49.01		-0.00774031		
49.02		-0.00773844		
49.03		-0.00773657		
49.04		-0.00773471		
49.05		-0.00773284		
49.06		-0.00773098		
49.07		-0.00772912		
49.08		-0.00772726		
49.09		-0.0077254		
49.1		-0.00772354		
49.11		-0.00772169		
49.12		-0.00771983		
49.13		-0.00771798		
49.14		-0.00771613		
49.15		-0.00771428		
49.16		-0.00771244		
49.17		-0.00771059		
49.18		-0.00770875		
49.19		-0.0077069		
49.2		-0.00770506		
49.21		-0.00770322		
49.22		-0.00770138		
49.23		-0.00769955		
49.24		-0.00769771		
49.25		-0.00769588		
49.26		-0.00769405		
49.27		-0.00769222		
49.28		-0.00769039		
49.29		-0.00768856		
49.3		-0.00768673		
49.31		-0.00768491		
49.32		-0.00768308		
49.33		-0.00768126		
49.34		-0.00767944		
49.35		-0.00767762		
49.36		-0.00767581		
49.37		-0.00767399		
49.38		-0.00767217		
49.39		-0.00767036		
49.4		-0.00766855		
49.41		-0.00766674		
49.42		-0.00766493		
49.43		-0.00766312		
49.44		-0.00766132		
49.45		-0.00765951		
49.46		-0.00765771		
49.47		-0.00765591		
49.48		-0.00765411		
49.49		-0.00765231		
49.5		-0.00765051		
49.51		-0.00764872		
49.52		-0.00764692		
49.53		-0.00764513		
49.54		-0.00764334		
49.55		-0.00764155		
49.56		-0.00763976		
49.57		-0.00763797		
49.58		-0.00763619		
49.59		-0.0076344		
49.6		-0.00763262		
49.61		-0.00763084		
49.62		-0.00762906		
49.63		-0.00762728		
49.64		-0.0076255		
49.65		-0.00762373		
49.66		-0.00762195		
49.67		-0.00762018		
49.68		-0.00761841		
49.69		-0.00761663		
49.7		-0.00761487		
49.71		-0.0076131		
49.72		-0.00761133		
49.73		-0.00760957		
49.74		-0.0076078		
49.75		-0.00760604		
49.76		-0.00760428		
49.77		-0.00760252		
49.78		-0.00760076		
49.79		-0.00759901		
49.8		-0.00759725		
49.81		-0.0075955		
49.82		-0.00759374		
49.83		-0.00759199		
49.84		-0.00759024		
49.85		-0.00758849		
49.86		-0.00758675		
49.87		-0.007585		
49.88		-0.00758325		
49.89		-0.00758151		
49.9		-0.00757977		
49.91		-0.00757803		
49.92		-0.00757629		
49.93		-0.00757455		
49.94		-0.00757281		
49.95		-0.00757108		
49.96		-0.00756934		
49.97		-0.00756761		
49.98		-0.00756588		
49.99		-0.00756415		
50		-0.00756242		
