tau [fm]		R_pi^-1
0.25		0
0.26		0.047548		
0.27		0.0918831		
0.28		0.133258		
0.29		0.171903		
0.3		0.208027		
0.31		0.241819		
0.32		0.273453		
0.33		0.303087		
0.34		0.330864		
0.35		0.356918		
0.36		0.381367		
0.37		0.404322		
0.38		0.425885		
0.39		0.446149		
0.4		0.465198		
0.41		0.483112		
0.42		0.499963		
0.43		0.515817		
0.44		0.530738		
0.45		0.544781		
0.46		0.557999		
0.47		0.570443		
0.48		0.582156		
0.49		0.593183		
0.5		0.60356		
0.51		0.613327		
0.52		0.622515		
0.53		0.631159		
0.54		0.639286		
0.55		0.646924		
0.56		0.654101		
0.57		0.66084		
0.58		0.667163		
0.59		0.673093		
0.6		0.678649		
0.61		0.683851		
0.62		0.688715		
0.63		0.693259		
0.64		0.697498		
0.65		0.701447		
0.66		0.705121		
0.67		0.708531		
0.68		0.711692		
0.69		0.714614		
0.7		0.717309		
0.71		0.719787		
0.72		0.722058		
0.73		0.724133		
0.74		0.726018		
0.75		0.727724		
0.76		0.729258		
0.77		0.730628		
0.78		0.731842		
0.79		0.732905		
0.8		0.733826		
0.81		0.734609		
0.82		0.735261		
0.83		0.735788		
0.84		0.736196		
0.85		0.736488		
0.86		0.736671		
0.87		0.736749		
0.88		0.736726		
0.89		0.736607		
0.9		0.736396		
0.91		0.736097		
0.92		0.735714		
0.93		0.735249		
0.94		0.734708		
0.95		0.734092		
0.96		0.733405		
0.97		0.73265		
0.98		0.73183		
0.99		0.730948		
1		0.730006		
1.01		0.729007		
1.02		0.727954		
1.03		0.726848		
1.04		0.725692		
1.05		0.724489		
1.06		0.723239		
1.07		0.721946		
1.08		0.720611		
1.09		0.719235		
1.1		0.717822		
1.11		0.716372		
1.12		0.714887		
1.13		0.713368		
1.14		0.711818		
1.15		0.710237		
1.16		0.708627		
1.17		0.70699		
1.18		0.705326		
1.19		0.703637		
1.2		0.701924		
1.21		0.700188		
1.22		0.69843		
1.23		0.696652		
1.24		0.694855		
1.25		0.693038		
1.26		0.691205		
1.27		0.689354		
1.28		0.687488		
1.29		0.685607		
1.3		0.683711		
1.31		0.681803		
1.32		0.679881		
1.33		0.677948		
1.34		0.676004		
1.35		0.67405		
1.36		0.672086		
1.37		0.670112		
1.38		0.66813		
1.39		0.666141		
1.4		0.664144		
1.41		0.66214		
1.42		0.66013		
1.43		0.658115		
1.44		0.656094		
1.45		0.654068		
1.46		0.652039		
1.47		0.650005		
1.48		0.647968		
1.49		0.645929		
1.5		0.643886		
1.51		0.641842		
1.52		0.639795		
1.53		0.637748		
1.54		0.635699		
1.55		0.63365		
1.56		0.6316		
1.57		0.62955		
1.58		0.6275		
1.59		0.625451		
1.6		0.623402		
1.61		0.621355		
1.62		0.619309		
1.63		0.617264		
1.64		0.615222		
1.65		0.613181		
1.66		0.611142		
1.67		0.609107		
1.68		0.607073		
1.69		0.605043		
1.7		0.603016		
1.71		0.600992		
1.72		0.598972		
1.73		0.596955		
1.74		0.594942		
1.75		0.592933		
1.76		0.590928		
1.77		0.588927		
1.78		0.586931		
1.79		0.58494		
1.8		0.582953		
1.81		0.58097		
1.82		0.578993		
1.83		0.577021		
1.84		0.575054		
1.85		0.573093		
1.86		0.571136		
1.87		0.569185		
1.88		0.56724		
1.89		0.565301		
1.9		0.563367		
1.91		0.561439		
1.92		0.559517		
1.93		0.557601		
1.94		0.555691		
1.95		0.553787		
1.96		0.55189		
1.97		0.549998		
1.98		0.548114		
1.99		0.546235		
2		0.544363		
2.01		0.542497		
2.02		0.540638		
2.03		0.538786		
2.04		0.53694		
2.05		0.535101		
2.06		0.533269		
2.07		0.531443		
2.08		0.529624		
2.09		0.527812		
2.1		0.526007		
2.11		0.524209		
2.12		0.522418		
2.13		0.520633		
2.14		0.518856		
2.15		0.517086		
2.16		0.515322		
2.17		0.513566		
2.18		0.511817		
2.19		0.510075		
2.2		0.50834		
2.21		0.506612		
2.22		0.504891		
2.23		0.503177		
2.24		0.50147		
2.25		0.499771		
2.26		0.498078		
2.27		0.496393		
2.28		0.494715		
2.29		0.493044		
2.3		0.49138		
2.31		0.489723		
2.32		0.488074		
2.33		0.486431		
2.34		0.484796		
2.35		0.483168		
2.36		0.481547		
2.37		0.479933		
2.38		0.478326		
2.39		0.476727		
2.4		0.475134		
2.41		0.473549		
2.42		0.47197		
2.43		0.470399		
2.44		0.468835		
2.45		0.467278		
2.46		0.465727		
2.47		0.464184		
2.48		0.462648		
2.49		0.461119		
2.5		0.459597		
2.51		0.458082		
2.52		0.456574		
2.53		0.455072		
2.54		0.453578		
2.55		0.45209		
2.56		0.45061		
2.57		0.449136		
2.58		0.447669		
2.59		0.446209		
2.6		0.444756		
2.61		0.443309		
2.62		0.44187		
2.63		0.440437		
2.64		0.439011		
2.65		0.437591		
2.66		0.436178		
2.67		0.434772		
2.68		0.433372		
2.69		0.431979		
2.7		0.430593		
2.71		0.429213		
2.72		0.42784		
2.73		0.426473		
2.74		0.425113		
2.75		0.423759		
2.76		0.422412		
2.77		0.421071		
2.78		0.419737		
2.79		0.418409		
2.8		0.417087		
2.81		0.415771		
2.82		0.414462		
2.83		0.413159		
2.84		0.411863		
2.85		0.410572		
2.86		0.409288		
2.87		0.40801		
2.88		0.406738		
2.89		0.405473		
2.9		0.404213		
2.91		0.40296		
2.92		0.401712		
2.93		0.400471		
2.94		0.399235		
2.95		0.398005		
2.96		0.396782		
2.97		0.395564		
2.98		0.394352		
2.99		0.393146		
3		0.391946		
3.01		0.390752		
3.02		0.389563		
3.03		0.388381		
3.04		0.387204		
3.05		0.386032		
3.06		0.384867		
3.07		0.383706		
3.08		0.382552		
3.09		0.381403		
3.1		0.38026		
3.11		0.379122		
3.12		0.37799		
3.13		0.376863		
3.14		0.375742		
3.15		0.374626		
3.16		0.373516		
3.17		0.372411		
3.18		0.371311		
3.19		0.370217		
3.2		0.369127		
3.21		0.368044		
3.22		0.366965		
3.23		0.365892		
3.24		0.364824		
3.25		0.363761		
3.26		0.362703		
3.27		0.36165		
3.28		0.360602		
3.29		0.35956		
3.3		0.358522		
3.31		0.35749		
3.32		0.356462		
3.33		0.35544		
3.34		0.354422		
3.35		0.353409		
3.36		0.352401		
3.37		0.351398		
3.38		0.3504		
3.39		0.349407		
3.4		0.348418		
3.41		0.347434		
3.42		0.346455		
3.43		0.345481		
3.44		0.344511		
3.45		0.343546		
3.46		0.342586		
3.47		0.34163		
3.48		0.340679		
3.49		0.339732		
3.5		0.33879		
3.51		0.337852		
3.52		0.336919		
3.53		0.33599		
3.54		0.335066		
3.55		0.334146		
3.56		0.333231		
3.57		0.33232		
3.58		0.331413		
3.59		0.330511		
3.6		0.329613		
3.61		0.328719		
3.62		0.327829		
3.63		0.326944		
3.64		0.326063		
3.65		0.325186		
3.66		0.324313		
3.67		0.323444		
3.68		0.32258		
3.69		0.321719		
3.7		0.320863		
3.71		0.32001		
3.72		0.319162		
3.73		0.318317		
3.74		0.317477		
3.75		0.316641		
3.76		0.315808		
3.77		0.31498		
3.78		0.314155		
3.79		0.313334		
3.8		0.312517		
3.81		0.311704		
3.82		0.310894		
3.83		0.310089		
3.84		0.309287		
3.85		0.308489		
3.86		0.307695		
3.87		0.306904		
3.88		0.306117		
3.89		0.305334		
3.9		0.304554		
3.91		0.303778		
3.92		0.303006		
3.93		0.302237		
3.94		0.301471		
3.95		0.30071		
3.96		0.299951		
3.97		0.299196		
3.98		0.298445		
3.99		0.297697		
4		0.296953		
4.01		0.296212		
4.02		0.295474		
4.03		0.29474		
4.04		0.294009		
4.05		0.293282		
4.06		0.292558		
4.07		0.291837		
4.08		0.291119		
4.09		0.290405		
4.1		0.289694		
4.11		0.288986		
4.12		0.288282		
4.13		0.28758		
4.14		0.286882		
4.15		0.286187		
4.16		0.285495		
4.17		0.284806		
4.18		0.284121		
4.19		0.283438		
4.2		0.282759		
4.21		0.282082		
4.22		0.281409		
4.23		0.280738		
4.24		0.280071		
4.25		0.279407		
4.26		0.278745		
4.27		0.278087		
4.28		0.277431		
4.29		0.276779		
4.3		0.276129		
4.31		0.275482		
4.32		0.274838		
4.33		0.274197		
4.34		0.273559		
4.35		0.272924		
4.36		0.272291		
4.37		0.271661		
4.38		0.271034		
4.39		0.27041		
4.4		0.269788		
4.41		0.269169		
4.42		0.268553		
4.43		0.26794		
4.44		0.267329		
4.45		0.266721		
4.46		0.266116		
4.47		0.265513		
4.48		0.264913		
4.49		0.264316		
4.5		0.263721		
4.51		0.263128		
4.52		0.262539		
4.53		0.261951		
4.54		0.261367		
4.55		0.260785		
4.56		0.260205		
4.57		0.259628		
4.58		0.259053		
4.59		0.258481		
4.6		0.257911		
4.61		0.257344		
4.62		0.256779		
4.63		0.256217		
4.64		0.255657		
4.65		0.255099		
4.66		0.254544		
4.67		0.253991		
4.68		0.25344		
4.69		0.252892		
4.7		0.252346		
4.71		0.251803		
4.72		0.251261		
4.73		0.250722		
4.74		0.250186		
4.75		0.249651		
4.76		0.249119		
4.77		0.248589		
4.78		0.248061		
4.79		0.247535		
4.8		0.247012		
4.81		0.246491		
4.82		0.245972		
4.83		0.245455		
4.84		0.24494		
4.85		0.244428		
4.86		0.243917		
4.87		0.243409		
4.88		0.242902		
4.89		0.242398		
4.9		0.241896		
4.91		0.241396		
4.92		0.240898		
4.93		0.240402		
4.94		0.239908		
4.95		0.239417		
4.96		0.238927		
4.97		0.238439		
4.98		0.237953		
4.99		0.237469		
5		0.236987		
5.01		0.236507		
5.02		0.236029		
5.03		0.235553		
5.04		0.235079		
5.05		0.234607		
5.06		0.234136		
5.07		0.233668		
5.08		0.233201		
5.09		0.232737		
5.1		0.232274		
5.11		0.231813		
5.12		0.231354		
5.13		0.230896		
5.14		0.230441		
5.15		0.229987		
5.16		0.229535		
5.17		0.229085		
5.18		0.228637		
5.19		0.22819		
5.2		0.227745		
5.21		0.227302		
5.22		0.226861		
5.23		0.226422		
5.24		0.225984		
5.25		0.225548		
5.26		0.225113		
5.27		0.224681		
5.28		0.22425		
5.29		0.22382		
5.3		0.223393		
5.31		0.222967		
5.32		0.222543		
5.33		0.22212		
5.34		0.221699		
5.35		0.221279		
5.36		0.220862		
5.37		0.220445		
5.38		0.220031		
5.39		0.219618		
5.4		0.219207		
5.41		0.218797		
5.42		0.218388		
5.43		0.217982		
5.44		0.217577		
5.45		0.217173		
5.46		0.216771		
5.47		0.21637		
5.48		0.215971		
5.49		0.215574		
5.5		0.215178		
5.51		0.214783		
5.52		0.21439		
5.53		0.213999		
5.54		0.213609		
5.55		0.21322		
5.56		0.212833		
5.57		0.212447		
5.58		0.212063		
5.59		0.21168		
5.6		0.211299		
5.61		0.210919		
5.62		0.21054		
5.63		0.210163		
5.64		0.209787		
5.65		0.209413		
5.66		0.20904		
5.67		0.208668		
5.68		0.208298		
5.69		0.207929		
5.7		0.207562		
5.71		0.207196		
5.72		0.206831		
5.73		0.206467		
5.74		0.206105		
5.75		0.205744		
5.76		0.205385		
5.77		0.205026		
5.78		0.204669		
5.79		0.204314		
5.8		0.203959		
5.81		0.203606		
5.82		0.203255		
5.83		0.202904		
5.84		0.202555		
5.85		0.202207		
5.86		0.20186		
5.87		0.201514		
5.88		0.20117		
5.89		0.200827		
5.9		0.200485		
5.91		0.200144		
5.92		0.199805		
5.93		0.199467		
5.94		0.19913		
5.95		0.198794		
5.96		0.198459		
5.97		0.198126		
5.98		0.197794		
5.99		0.197462		
6		0.197132		
6.01		0.196804		
6.02		0.196476		
6.03		0.19615		
6.04		0.195824		
6.05		0.1955		
6.06		0.195177		
6.07		0.194855		
6.08		0.194534		
6.09		0.194214		
6.1		0.193896		
6.11		0.193578		
6.12		0.193262		
6.13		0.192946		
6.14		0.192632		
6.15		0.192319		
6.16		0.192007		
6.17		0.191696		
6.18		0.191386		
6.19		0.191077		
6.2		0.190769		
6.21		0.190462		
6.22		0.190156		
6.23		0.189851		
6.24		0.189548		
6.25		0.189245		
6.26		0.188943		
6.27		0.188643		
6.28		0.188343		
6.29		0.188044		
6.3		0.187747		
6.31		0.18745		
6.32		0.187154		
6.33		0.18686		
6.34		0.186566		
6.35		0.186273		
6.36		0.185982		
6.37		0.185691		
6.38		0.185401		
6.39		0.185112		
6.4		0.184824		
6.41		0.184537		
6.42		0.184251		
6.43		0.183966		
6.44		0.183682		
6.45		0.183399		
6.46		0.183117		
6.47		0.182836		
6.48		0.182555		
6.49		0.182276		
6.5		0.181997		
6.51		0.181719		
6.52		0.181443		
6.53		0.181167		
6.54		0.180892		
6.55		0.180618		
6.56		0.180345		
6.57		0.180072		
6.58		0.179801		
6.59		0.17953		
6.6		0.179261		
6.61		0.178992		
6.62		0.178724		
6.63		0.178457		
6.64		0.17819		
6.65		0.177925		
6.66		0.17766		
6.67		0.177397		
6.68		0.177134		
6.69		0.176872		
6.7		0.17661		
6.71		0.17635		
6.72		0.17609		
6.73		0.175832		
6.74		0.175574		
6.75		0.175317		
6.76		0.17506		
6.77		0.174805		
6.78		0.17455		
6.79		0.174296		
6.8		0.174043		
6.81		0.173791		
6.82		0.173539		
6.83		0.173288		
6.84		0.173038		
6.85		0.172789		
6.86		0.17254		
6.87		0.172293		
6.88		0.172046		
6.89		0.1718		
6.9		0.171554		
6.91		0.17131		
6.92		0.171066		
6.93		0.170822		
6.94		0.17058		
6.95		0.170338		
6.96		0.170097		
6.97		0.169857		
6.98		0.169618		
6.99		0.169379		
7		0.169141		
7.01		0.168903		
7.02		0.168667		
7.03		0.168431		
7.04		0.168196		
7.05		0.167961		
7.06		0.167727		
7.07		0.167494		
7.08		0.167262		
7.09		0.16703		
7.1		0.166799		
7.11		0.166569		
7.12		0.166339		
7.13		0.16611		
7.14		0.165882		
7.15		0.165655		
7.16		0.165428		
7.17		0.165202		
7.18		0.164976		
7.19		0.164751		
7.2		0.164527		
7.21		0.164303		
7.22		0.16408		
7.23		0.163858		
7.24		0.163636		
7.25		0.163415		
7.26		0.163195		
7.27		0.162975		
7.28		0.162756		
7.29		0.162538		
7.3		0.16232		
7.31		0.162103		
7.32		0.161886		
7.33		0.161671		
7.34		0.161455		
7.35		0.161241		
7.36		0.161027		
7.37		0.160813		
7.38		0.1606		
7.39		0.160388		
7.4		0.160177		
7.41		0.159966		
7.42		0.159755		
7.43		0.159545		
7.44		0.159336		
7.45		0.159128		
7.46		0.15892		
7.47		0.158712		
7.48		0.158505		
7.49		0.158299		
7.5		0.158093		
7.51		0.157888		
7.52		0.157684		
7.53		0.15748		
7.54		0.157276		
7.55		0.157074		
7.56		0.156871		
7.57		0.15667		
7.58		0.156469		
7.59		0.156268		
7.6		0.156068		
7.61		0.155869		
7.62		0.15567		
7.63		0.155472		
7.64		0.155274		
7.65		0.155077		
7.66		0.15488		
7.67		0.154684		
7.68		0.154488		
7.69		0.154293		
7.7		0.154098		
7.71		0.153904		
7.72		0.153711		
7.73		0.153518		
7.74		0.153326		
7.75		0.153134		
7.76		0.152942		
7.77		0.152752		
7.78		0.152561		
7.79		0.152371		
7.8		0.152182		
7.81		0.151993		
7.82		0.151805		
7.83		0.151617		
7.84		0.15143		
7.85		0.151243		
7.86		0.151057		
7.87		0.150871		
7.88		0.150686		
7.89		0.150501		
7.9		0.150317		
7.91		0.150133		
7.92		0.14995		
7.93		0.149767		
7.94		0.149585		
7.95		0.149403		
7.96		0.149221		
7.97		0.14904		
7.98		0.14886		
7.99		0.14868		
8		0.148501		
8.01		0.148322		
8.02		0.148143		
8.03		0.147965		
8.04		0.147788		
8.05		0.14761		
8.06		0.147434		
8.07		0.147258		
8.08		0.147082		
8.09		0.146907		
8.1		0.146732		
8.11		0.146557		
8.12		0.146383		
8.13		0.14621		
8.14		0.146037		
8.15		0.145864		
8.16		0.145692		
8.17		0.145521		
8.18		0.145349		
8.19		0.145178		
8.2		0.145008		
8.21		0.144838		
8.22		0.144669		
8.23		0.1445		
8.24		0.144331		
8.25		0.144163		
8.26		0.143995		
8.27		0.143828		
8.28		0.143661		
8.29		0.143494		
8.3		0.143328		
8.31		0.143162		
8.32		0.142997		
8.33		0.142832		
8.34		0.142668		
8.35		0.142504		
8.36		0.14234		
8.37		0.142177		
8.38		0.142014		
8.39		0.141852		
8.4		0.14169		
8.41		0.141529		
8.42		0.141367		
8.43		0.141207		
8.44		0.141046		
8.45		0.140886		
8.46		0.140727		
8.47		0.140568		
8.48		0.140409		
8.49		0.14025		
8.5		0.140092		
8.51		0.139935		
8.52		0.139778		
8.53		0.139621		
8.54		0.139464		
8.55		0.139308		
8.56		0.139153		
8.57		0.138997		
8.58		0.138842		
8.59		0.138688		
8.6		0.138534		
8.61		0.13838		
8.62		0.138226		
8.63		0.138073		
8.64		0.137921		
8.65		0.137768		
8.66		0.137617		
8.67		0.137465		
8.68		0.137314		
8.69		0.137163		
8.7		0.137012		
8.71		0.136862		
8.72		0.136713		
8.73		0.136563		
8.74		0.136414		
8.75		0.136265		
8.76		0.136117		
8.77		0.135969		
8.78		0.135821		
8.79		0.135674		
8.8		0.135527		
8.81		0.135381		
8.82		0.135234		
8.83		0.135089		
8.84		0.134943		
8.85		0.134798		
8.86		0.134653		
8.87		0.134508		
8.88		0.134364		
8.89		0.13422		
8.9		0.134077		
8.91		0.133934		
8.92		0.133791		
8.93		0.133648		
8.94		0.133506		
8.95		0.133364		
8.96		0.133223		
8.97		0.133082		
8.98		0.132941		
8.99		0.1328		
9		0.13266		
9.01		0.13252		
9.02		0.132381		
9.03		0.132241		
9.04		0.132103		
9.05		0.131964		
9.06		0.131826		
9.07		0.131688		
9.08		0.13155		
9.09		0.131413		
9.1		0.131276		
9.11		0.131139		
9.12		0.131003		
9.13		0.130867		
9.14		0.130731		
9.15		0.130595		
9.16		0.13046		
9.17		0.130325		
9.18		0.130191		
9.19		0.130057		
9.2		0.129923		
9.21		0.129789		
9.22		0.129656		
9.23		0.129523		
9.24		0.12939		
9.25		0.129257		
9.26		0.129125		
9.27		0.128993		
9.28		0.128862		
9.29		0.128731		
9.3		0.1286		
9.31		0.128469		
9.32		0.128339		
9.33		0.128209		
9.34		0.128079		
9.35		0.127949		
9.36		0.12782		
9.37		0.127691		
9.38		0.127562		
9.39		0.127434		
9.4		0.127306		
9.41		0.127178		
9.42		0.127051		
9.43		0.126923		
9.44		0.126796		
9.45		0.12667		
9.46		0.126543		
9.47		0.126417		
9.48		0.126291		
9.49		0.126166		
9.5		0.12604		
9.51		0.125915		
9.52		0.125791		
9.53		0.125666		
9.54		0.125542		
9.55		0.125418		
9.56		0.125294		
9.57		0.125171		
9.58		0.125048		
9.59		0.124925		
9.6		0.124802		
9.61		0.12468		
9.62		0.124558		
9.63		0.124436		
9.64		0.124314		
9.65		0.124193		
9.66		0.124072		
9.67		0.123951		
9.68		0.123831		
9.69		0.12371		
9.7		0.12359		
9.71		0.12347		
9.72		0.123351		
9.73		0.123232		
9.74		0.123113		
9.75		0.122994		
9.76		0.122875		
9.77		0.122757		
9.78		0.122639		
9.79		0.122521		
9.8		0.122404		
9.81		0.122286		
9.82		0.122169		
9.83		0.122053		
9.84		0.121936		
9.85		0.12182		
9.86		0.121704		
9.87		0.121588		
9.88		0.121472		
9.89		0.121357		
9.9		0.121242		
9.91		0.121127		
9.92		0.121013		
9.93		0.120898		
9.94		0.120784		
9.95		0.12067		
9.96		0.120556		
9.97		0.120443		
9.98		0.12033		
9.99		0.120217		
10		0.120104		
10.01		0.119992		
10.02		0.119879		
10.03		0.119767		
10.04		0.119656		
10.05		0.119544		
10.06		0.119433		
10.07		0.119321		
10.08		0.119211		
10.09		0.1191		
10.1		0.118989		
10.11		0.118879		
10.12		0.118769		
10.13		0.118659		
10.14		0.11855		
10.15		0.11844		
10.16		0.118331		
10.17		0.118222		
10.18		0.118114		
10.19		0.118005		
10.2		0.117897		
10.21		0.117789		
10.22		0.117681		
10.23		0.117574		
10.24		0.117466		
10.25		0.117359		
10.26		0.117252		
10.27		0.117145		
10.28		0.117039		
10.29		0.116933		
10.3		0.116826		
10.31		0.116721		
10.32		0.116615		
10.33		0.116509		
10.34		0.116404		
10.35		0.116299		
10.36		0.116194		
10.37		0.11609		
10.38		0.115985		
10.39		0.115881		
10.4		0.115777		
10.41		0.115673		
10.42		0.115569		
10.43		0.115466		
10.44		0.115363		
10.45		0.11526		
10.46		0.115157		
10.47		0.115054		
10.48		0.114952		
10.49		0.11485		
10.5		0.114748		
10.51		0.114646		
10.52		0.114544		
10.53		0.114443		
10.54		0.114342		
10.55		0.114241		
10.56		0.11414		
10.57		0.114039		
10.58		0.113939		
10.59		0.113838		
10.6		0.113738		
10.61		0.113639		
10.62		0.113539		
10.63		0.113439		
10.64		0.11334		
10.65		0.113241		
10.66		0.113142		
10.67		0.113043		
10.68		0.112945		
10.69		0.112846		
10.7		0.112748		
10.71		0.11265		
10.72		0.112552		
10.73		0.112455		
10.74		0.112357		
10.75		0.11226		
10.76		0.112163		
10.77		0.112066		
10.78		0.11197		
10.79		0.111873		
10.8		0.111777		
10.81		0.111681		
10.82		0.111585		
10.83		0.111489		
10.84		0.111393		
10.85		0.111298		
10.86		0.111203		
10.87		0.111107		
10.88		0.111013		
10.89		0.110918		
10.9		0.110823		
10.91		0.110729		
10.92		0.110635		
10.93		0.110541		
10.94		0.110447		
10.95		0.110353		
10.96		0.11026		
10.97		0.110166		
10.98		0.110073		
10.99		0.10998		
11		0.109887		
11.01		0.109795		
11.02		0.109702		
11.03		0.10961		
11.04		0.109518		
11.05		0.109426		
11.06		0.109334		
11.07		0.109242		
11.08		0.109151		
11.09		0.10906		
11.1		0.108969		
11.11		0.108878		
11.12		0.108787		
11.13		0.108696		
11.14		0.108606		
11.15		0.108515		
11.16		0.108425		
11.17		0.108335		
11.18		0.108246		
11.19		0.108156		
11.2		0.108066		
11.21		0.107977		
11.22		0.107888		
11.23		0.107799		
11.24		0.10771		
11.25		0.107621		
11.26		0.107533		
11.27		0.107444		
11.28		0.107356		
11.29		0.107268		
11.3		0.10718		
11.31		0.107093		
11.32		0.107005		
11.33		0.106917		
11.34		0.10683		
11.35		0.106743		
11.36		0.106656		
11.37		0.106569		
11.38		0.106483		
11.39		0.106396		
11.4		0.10631		
11.41		0.106224		
11.42		0.106138		
11.43		0.106052		
11.44		0.105966		
11.45		0.10588		
11.46		0.105795		
11.47		0.10571		
11.48		0.105624		
11.49		0.105539		
11.5		0.105455		
11.51		0.10537		
11.52		0.105285		
11.53		0.105201		
11.54		0.105117		
11.55		0.105032		
11.56		0.104948		
11.57		0.104865		
11.58		0.104781		
11.59		0.104697		
11.6		0.104614		
11.61		0.104531		
11.62		0.104448		
11.63		0.104365		
11.64		0.104282		
11.65		0.104199		
11.66		0.104117		
11.67		0.104034		
11.68		0.103952		
11.69		0.10387		
11.7		0.103788		
11.71		0.103706		
11.72		0.103624		
11.73		0.103543		
11.74		0.103462		
11.75		0.10338		
11.76		0.103299		
11.77		0.103218		
11.78		0.103137		
11.79		0.103057		
11.8		0.102976		
11.81		0.102896		
11.82		0.102815		
11.83		0.102735		
11.84		0.102655		
11.85		0.102575		
11.86		0.102495		
11.87		0.102416		
11.88		0.102336		
11.89		0.102257		
11.9		0.102178		
11.91		0.102098		
11.92		0.102019		
11.93		0.101941		
11.94		0.101862		
11.95		0.101783		
11.96		0.101705		
11.97		0.101627		
11.98		0.101548		
11.99		0.10147		
12		0.101392		
12.01		0.101315		
12.02		0.101237		
12.03		0.101159		
12.04		0.101082		
12.05		0.101005		
12.06		0.100928		
12.07		0.10085		
12.08		0.100774		
12.09		0.100697		
12.1		0.10062		
12.11		0.100544		
12.12		0.100467		
12.13		0.100391		
12.14		0.100315		
12.15		0.100239		
12.16		0.100163		
12.17		0.100087		
12.18		0.100011		
12.19		0.0999359		
12.2		0.0998605		
12.21		0.0997852		
12.22		0.0997101		
12.23		0.099635		
12.24		0.0995601		
12.25		0.0994853		
12.26		0.0994106		
12.27		0.0993361		
12.28		0.0992616		
12.29		0.0991873		
12.3		0.0991131		
12.31		0.099039		
12.32		0.0989651		
12.33		0.0988912		
12.34		0.0988175		
12.35		0.0987439		
12.36		0.0986704		
12.37		0.0985971		
12.38		0.0985238		
12.39		0.0984507		
12.4		0.0983777		
12.41		0.0983048		
12.42		0.098232		
12.43		0.0981593		
12.44		0.0980868		
12.45		0.0980143		
12.46		0.097942		
12.47		0.0978698		
12.48		0.0977977		
12.49		0.0977257		
12.5		0.0976538		
12.51		0.0975821		
12.52		0.0975104		
12.53		0.0974389		
12.54		0.0973675		
12.55		0.0972962		
12.56		0.097225		
12.57		0.0971539		
12.58		0.097083		
12.59		0.0970121		
12.6		0.0969414		
12.61		0.0968707		
12.62		0.0968002		
12.63		0.0967298		
12.64		0.0966595		
12.65		0.0965893		
12.66		0.0965192		
12.67		0.0964492		
12.68		0.0963793		
12.69		0.0963096		
12.7		0.0962399		
12.71		0.0961704		
12.72		0.0961009		
12.73		0.0960316		
12.74		0.0959624		
12.75		0.0958933		
12.76		0.0958243		
12.77		0.0957553		
12.78		0.0956865		
12.79		0.0956179		
12.8		0.0955493		
12.81		0.0954808		
12.82		0.0954124		
12.83		0.0953441		
12.84		0.095276		
12.85		0.0952079		
12.86		0.0951399		
12.87		0.0950721		
12.88		0.0950043		
12.89		0.0949367		
12.9		0.0948691		
12.91		0.0948017		
12.92		0.0947343		
12.93		0.0946671		
12.94		0.0945999		
12.95		0.0945329		
12.96		0.094466		
12.97		0.0943991		
12.98		0.0943324		
12.99		0.0942658		
13		0.0941992		
13.01		0.0941328		
13.02		0.0940665		
13.03		0.0940002		
13.04		0.0939341		
13.05		0.093868		
13.06		0.0938021		
13.07		0.0937363		
13.08		0.0936705		
13.09		0.0936049		
13.1		0.0935393		
13.11		0.0934739		
13.12		0.0934085		
13.13		0.0933433		
13.14		0.0932781		
13.15		0.0932131		
13.16		0.0931481		
13.17		0.0930832		
13.18		0.0930185		
13.19		0.0929538		
13.2		0.0928892		
13.21		0.0928247		
13.22		0.0927603		
13.23		0.092696		
13.24		0.0926318		
13.25		0.0925677		
13.26		0.0925037		
13.27		0.0924398		
13.28		0.092376		
13.29		0.0923122		
13.3		0.0922486		
13.31		0.092185		
13.32		0.0921216		
13.33		0.0920582		
13.34		0.091995		
13.35		0.0919318		
13.36		0.0918687		
13.37		0.0918057		
13.38		0.0917428		
13.39		0.09168		
13.4		0.0916173		
13.41		0.0915546		
13.42		0.0914921		
13.43		0.0914297		
13.44		0.0913673		
13.45		0.091305		
13.46		0.0912429		
13.47		0.0911808		
13.48		0.0911188		
13.49		0.0910569		
13.5		0.090995		
13.51		0.0909333		
13.52		0.0908717		
13.53		0.0908101		
13.54		0.0907486		
13.55		0.0906872		
13.56		0.090626		
13.57		0.0905648		
13.58		0.0905036		
13.59		0.0904426		
13.6		0.0903817		
13.61		0.0903208		
13.62		0.09026		
13.63		0.0901993		
13.64		0.0901387		
13.65		0.0900782		
13.66		0.0900178		
13.67		0.0899574		
13.68		0.0898972		
13.69		0.089837		
13.7		0.0897769		
13.71		0.0897169		
13.72		0.089657		
13.73		0.0895972		
13.74		0.0895374		
13.75		0.0894777		
13.76		0.0894182		
13.77		0.0893587		
13.78		0.0892992		
13.79		0.0892399		
13.8		0.0891807		
13.81		0.0891215		
13.82		0.0890624		
13.83		0.0890034		
13.84		0.0889445		
13.85		0.0888856		
13.86		0.0888269		
13.87		0.0887682		
13.88		0.0887096		
13.89		0.0886511		
13.9		0.0885926		
13.91		0.0885343		
13.92		0.088476		
13.93		0.0884178		
13.94		0.0883597		
13.95		0.0883017		
13.96		0.0882437		
13.97		0.0881858		
13.98		0.088128		
13.99		0.0880703		
14		0.0880127		
14.01		0.0879551		
14.02		0.0878977		
14.03		0.0878403		
14.04		0.0877829		
14.05		0.0877257		
14.06		0.0876685		
14.07		0.0876114		
14.08		0.0875544		
14.09		0.0874975		
14.1		0.0874406		
14.11		0.0873839		
14.12		0.0873271		
14.13		0.0872705		
14.14		0.087214		
14.15		0.0871575		
14.16		0.0871011		
14.17		0.0870448		
14.18		0.0869885		
14.19		0.0869324		
14.2		0.0868763		
14.21		0.0868203		
14.22		0.0867643		
14.23		0.0867084		
14.24		0.0866527		
14.25		0.0865969		
14.26		0.0865413		
14.27		0.0864857		
14.28		0.0864302		
14.29		0.0863748		
14.3		0.0863195		
14.31		0.0862642		
14.32		0.086209		
14.33		0.0861538		
14.34		0.0860988		
14.35		0.0860438		
14.36		0.0859889		
14.37		0.0859341		
14.38		0.0858793		
14.39		0.0858246		
14.4		0.08577		
14.41		0.0857154		
14.42		0.085661		
14.43		0.0856066		
14.44		0.0855522		
14.45		0.085498		
14.46		0.0854438		
14.47		0.0853897		
14.48		0.0853356		
14.49		0.0852816		
14.5		0.0852277		
14.51		0.0851739		
14.52		0.0851201		
14.53		0.0850664		
14.54		0.0850128		
14.55		0.0849593		
14.56		0.0849058		
14.57		0.0848524		
14.58		0.084799		
14.59		0.0847457		
14.6		0.0846925		
14.61		0.0846394		
14.62		0.0845863		
14.63		0.0845333		
14.64		0.0844804		
14.65		0.0844275		
14.66		0.0843747		
14.67		0.084322		
14.68		0.0842693		
14.69		0.0842167		
14.7		0.0841642		
14.71		0.0841117		
14.72		0.0840593		
14.73		0.084007		
14.74		0.0839548		
14.75		0.0839026		
14.76		0.0838504		
14.77		0.0837984		
14.78		0.0837464		
14.79		0.0836945		
14.8		0.0836426		
14.81		0.0835908		
14.82		0.0835391		
14.83		0.0834874		
14.84		0.0834358		
14.85		0.0833843		
14.86		0.0833328		
14.87		0.0832814		
14.88		0.0832301		
14.89		0.0831788		
14.9		0.0831276		
14.91		0.0830765		
14.92		0.0830254		
14.93		0.0829744		
14.94		0.0829234		
14.95		0.0828725		
14.96		0.0828217		
14.97		0.082771		
14.98		0.0827203		
14.99		0.0826696		
15		0.0826191		
15.01		0.0825686		
15.02		0.0825181		
15.03		0.0824677		
15.04		0.0824174		
15.05		0.0823672		
15.06		0.082317		
15.07		0.0822669		
15.08		0.0822168		
15.09		0.0821668		
15.1		0.0821168		
15.11		0.082067		
15.12		0.0820171		
15.13		0.0819674		
15.14		0.0819177		
15.15		0.081868		
15.16		0.0818185		
15.17		0.081769		
15.18		0.0817195		
15.19		0.0816701		
15.2		0.0816208		
15.21		0.0815715		
15.22		0.0815223		
15.23		0.0814732		
15.24		0.0814241		
15.25		0.081375		
15.26		0.0813261		
15.27		0.0812772		
15.28		0.0812283		
15.29		0.0811795		
15.3		0.0811308		
15.31		0.0810821		
15.32		0.0810335		
15.33		0.0809849		
15.34		0.0809364		
15.35		0.080888		
15.36		0.0808396		
15.37		0.0807913		
15.38		0.0807431		
15.39		0.0806948		
15.4		0.0806467		
15.41		0.0805986		
15.42		0.0805506		
15.43		0.0805026		
15.44		0.0804547		
15.45		0.0804068		
15.46		0.080359		
15.47		0.0803113		
15.48		0.0802636		
15.49		0.080216		
15.5		0.0801684		
15.51		0.0801209		
15.52		0.0800735		
15.53		0.080026		
15.54		0.0799787		
15.55		0.0799314		
15.56		0.0798842		
15.57		0.079837		
15.58		0.0797899		
15.59		0.0797428		
15.6		0.0796958		
15.61		0.0796489		
15.62		0.079602		
15.63		0.0795551		
15.64		0.0795083		
15.65		0.0794616		
15.66		0.0794149		
15.67		0.0793683		
15.68		0.0793217		
15.69		0.0792752		
15.7		0.0792288		
15.71		0.0791824		
15.72		0.079136		
15.73		0.0790897		
15.74		0.0790435		
15.75		0.0789973		
15.76		0.0789512		
15.77		0.0789051		
15.78		0.0788591		
15.79		0.0788131		
15.8		0.0787672		
15.81		0.0787213		
15.82		0.0786755		
15.83		0.0786298		
15.84		0.0785841		
15.85		0.0785384		
15.86		0.0784928		
15.87		0.0784473		
15.88		0.0784018		
15.89		0.0783563		
15.9		0.0783109		
15.91		0.0782656		
15.92		0.0782203		
15.93		0.0781751		
15.94		0.0781299		
15.95		0.0780848		
15.96		0.0780397		
15.97		0.0779947		
15.98		0.0779497		
15.99		0.0779048		
16		0.0778599		
16.01		0.0778151		
16.02		0.0777703		
16.03		0.0777256		
16.04		0.0776809		
16.05		0.0776363		
16.06		0.0775918		
16.07		0.0775472		
16.08		0.0775028		
16.09		0.0774584		
16.1		0.077414		
16.11		0.0773697		
16.12		0.0773254		
16.13		0.0772812		
16.14		0.0772371		
16.15		0.0771929		
16.16		0.0771489		
16.17		0.0771049		
16.18		0.0770609		
16.19		0.077017		
16.2		0.0769731		
16.21		0.0769293		
16.22		0.0768856		
16.23		0.0768418		
16.24		0.0767982		
16.25		0.0767545		
16.26		0.076711		
16.27		0.0766675		
16.28		0.076624		
16.29		0.0765806		
16.3		0.0765372		
16.31		0.0764939		
16.32		0.0764506		
16.33		0.0764073		
16.34		0.0763642		
16.35		0.076321		
16.36		0.0762779		
16.37		0.0762349		
16.38		0.0761919		
16.39		0.076149		
16.4		0.0761061		
16.41		0.0760632		
16.42		0.0760204		
16.43		0.0759776		
16.44		0.0759349		
16.45		0.0758923		
16.46		0.0758497		
16.47		0.0758071		
16.48		0.0757646		
16.49		0.0757221		
16.5		0.0756797		
16.51		0.0756373		
16.52		0.0755949		
16.53		0.0755527		
16.54		0.0755104		
16.55		0.0754682		
16.56		0.0754261		
16.57		0.075384		
16.58		0.0753419		
16.59		0.0752999		
16.6		0.0752579		
16.61		0.075216		
16.62		0.0751741		
16.63		0.0751323		
16.64		0.0750905		
16.65		0.0750487		
16.66		0.075007		
16.67		0.0749654		
16.68		0.0749238		
16.69		0.0748822		
16.7		0.0748407		
16.71		0.0747992		
16.72		0.0747578		
16.73		0.0747164		
16.74		0.0746751		
16.75		0.0746338		
16.76		0.0745925		
16.77		0.0745513		
16.78		0.0745102		
16.79		0.074469		
16.8		0.074428		
16.81		0.0743869		
16.82		0.0743459		
16.83		0.074305		
16.84		0.0742641		
16.85		0.0742232		
16.86		0.0741824		
16.87		0.0741417		
16.88		0.0741009		
16.89		0.0740602		
16.9		0.0740196		
16.91		0.073979		
16.92		0.0739385		
16.93		0.0738979		
16.94		0.0738575		
16.95		0.073817		
16.96		0.0737767		
16.97		0.0737363		
16.98		0.073696		
16.99		0.0736558		
17		0.0736155		
17.01		0.0735754		
17.02		0.0735352		
17.03		0.0734952		
17.04		0.0734551		
17.05		0.0734151		
17.06		0.0733751		
17.07		0.0733352		
17.08		0.0732953		
17.09		0.0732555		
17.1		0.0732157		
17.11		0.0731759		
17.12		0.0731362		
17.13		0.0730966		
17.14		0.0730569		
17.15		0.0730173		
17.16		0.0729778		
17.17		0.0729383		
17.18		0.0728988		
17.19		0.0728594		
17.2		0.07282		
17.21		0.0727806		
17.22		0.0727413		
17.23		0.0727021		
17.24		0.0726628		
17.25		0.0726237		
17.26		0.0725845		
17.27		0.0725454		
17.28		0.0725063		
17.29		0.0724673		
17.3		0.0724283		
17.31		0.0723894		
17.32		0.0723505		
17.33		0.0723116		
17.34		0.0722728		
17.35		0.072234		
17.36		0.0721953		
17.37		0.0721566		
17.38		0.0721179		
17.39		0.0720793		
17.4		0.0720407		
17.41		0.0720021		
17.42		0.0719636		
17.43		0.0719251		
17.44		0.0718867		
17.45		0.0718483		
17.46		0.07181		
17.47		0.0717716		
17.48		0.0717334		
17.49		0.0716951		
17.5		0.0716569		
17.51		0.0716188		
17.52		0.0715806		
17.53		0.0715426		
17.54		0.0715045		
17.55		0.0714665		
17.56		0.0714285		
17.57		0.0713906		
17.58		0.0713527		
17.59		0.0713148		
17.6		0.071277		
17.61		0.0712392		
17.62		0.0712015		
17.63		0.0711638		
17.64		0.0711261		
17.65		0.0710885		
17.66		0.0710509		
17.67		0.0710133		
17.68		0.0709758		
17.69		0.0709383		
17.7		0.0709009		
17.71		0.0708635		
17.72		0.0708261		
17.73		0.0707888		
17.74		0.0707515		
17.75		0.0707142		
17.76		0.070677		
17.77		0.0706398		
17.78		0.0706026		
17.79		0.0705655		
17.8		0.0705285		
17.81		0.0704914		
17.82		0.0704544		
17.83		0.0704174		
17.84		0.0703805		
17.85		0.0703436		
17.86		0.0703068		
17.87		0.0702699		
17.88		0.0702331		
17.89		0.0701964		
17.9		0.0701597		
17.91		0.070123		
17.92		0.0700863		
17.93		0.0700497		
17.94		0.0700132		
17.95		0.0699766		
17.96		0.0699401		
17.97		0.0699037		
17.98		0.0698672		
17.99		0.0698308		
18		0.0697945		
18.01		0.0697581		
18.02		0.0697218		
18.03		0.0696856		
18.04		0.0696494		
18.05		0.0696132		
18.06		0.069577		
18.07		0.0695409		
18.08		0.0695048		
18.09		0.0694688		
18.1		0.0694328		
18.11		0.0693968		
18.12		0.0693608		
18.13		0.0693249		
18.14		0.0692891		
18.15		0.0692532		
18.16		0.0692174		
18.17		0.0691816		
18.18		0.0691459		
18.19		0.0691102		
18.2		0.0690745		
18.21		0.0690389		
18.22		0.0690033		
18.23		0.0689677		
18.24		0.0689322		
18.25		0.0688967		
18.26		0.0688612		
18.27		0.0688258		
18.28		0.0687904		
18.29		0.068755		
18.3		0.0687197		
18.31		0.0686844		
18.32		0.0686491		
18.33		0.0686139		
18.34		0.0685787		
18.35		0.0685435		
18.36		0.0685084		
18.37		0.0684733		
18.38		0.0684382		
18.39		0.0684032		
18.4		0.0683682		
18.41		0.0683332		
18.42		0.0682983		
18.43		0.0682634		
18.44		0.0682285		
18.45		0.0681937		
18.46		0.0681588		
18.47		0.0681241		
18.48		0.0680893		
18.49		0.0680546		
18.5		0.0680199		
18.51		0.0679853		
18.52		0.0679507		
18.53		0.0679161		
18.54		0.0678816		
18.55		0.067847		
18.56		0.0678126		
18.57		0.0677781		
18.58		0.0677437		
18.59		0.0677093		
18.6		0.0676749		
18.61		0.0676406		
18.62		0.0676063		
18.63		0.0675721		
18.64		0.0675378		
18.65		0.0675036		
18.66		0.0674695		
18.67		0.0674353		
18.68		0.0674012		
18.69		0.0673672		
18.7		0.0673331		
18.71		0.0672991		
18.72		0.0672651		
18.73		0.0672312		
18.74		0.0671973		
18.75		0.0671634		
18.76		0.0671295		
18.77		0.0670957		
18.78		0.0670619		
18.79		0.0670281		
18.8		0.0669944		
18.81		0.0669607		
18.82		0.066927		
18.83		0.0668934		
18.84		0.0668598		
18.85		0.0668262		
18.86		0.0667927		
18.87		0.0667591		
18.88		0.0667257		
18.89		0.0666922		
18.9		0.0666588		
18.91		0.0666254		
18.92		0.066592		
18.93		0.0665587		
18.94		0.0665254		
18.95		0.0664921		
18.96		0.0664589		
18.97		0.0664256		
18.98		0.0663925		
18.99		0.0663593		
19		0.0663262		
19.01		0.0662931		
19.02		0.06626		
19.03		0.066227		
19.04		0.066194		
19.05		0.066161		
19.06		0.0661281		
19.07		0.0660952		
19.08		0.0660623		
19.09		0.0660295		
19.1		0.0659966		
19.11		0.0659638		
19.12		0.0659311		
19.13		0.0658984		
19.14		0.0658657		
19.15		0.065833		
19.16		0.0658004		
19.17		0.0657677		
19.18		0.0657352		
19.19		0.0657026		
19.2		0.0656701		
19.21		0.0656376		
19.22		0.0656051		
19.23		0.0655727		
19.24		0.0655403		
19.25		0.0655079		
19.26		0.0654756		
19.27		0.0654433		
19.28		0.065411		
19.29		0.0653788		
19.3		0.0653465		
19.31		0.0653144		
19.32		0.0652822		
19.33		0.0652501		
19.34		0.065218		
19.35		0.0651859		
19.36		0.0651538		
19.37		0.0651218		
19.38		0.0650898		
19.39		0.0650579		
19.4		0.065026		
19.41		0.0649941		
19.42		0.0649622		
19.43		0.0649304		
19.44		0.0648986		
19.45		0.0648668		
19.46		0.064835		
19.47		0.0648033		
19.48		0.0647716		
19.49		0.0647399		
19.5		0.0647083		
19.51		0.0646767		
19.52		0.0646451		
19.53		0.0646136		
19.54		0.0645821		
19.55		0.0645506		
19.56		0.0645191		
19.57		0.0644877		
19.58		0.0644563		
19.59		0.0644249		
19.6		0.0643936		
19.61		0.0643623		
19.62		0.064331		
19.63		0.0642997		
19.64		0.0642685		
19.65		0.0642373		
19.66		0.0642061		
19.67		0.064175		
19.68		0.0641439		
19.69		0.0641128		
19.7		0.0640817		
19.71		0.0640507		
19.72		0.0640197		
19.73		0.0639887		
19.74		0.0639578		
19.75		0.0639269		
19.76		0.063896		
19.77		0.0638651		
19.78		0.0638343		
19.79		0.0638035		
19.8		0.0637727		
19.81		0.063742		
19.82		0.0637113		
19.83		0.0636806		
19.84		0.0636499		
19.85		0.0636193		
19.86		0.0635887		
19.87		0.0635581		
19.88		0.0635276		
19.89		0.063497		
19.9		0.0634666		
19.91		0.0634361		
19.92		0.0634057		
19.93		0.0633752		
19.94		0.0633449		
19.95		0.0633145		
19.96		0.0632842		
19.97		0.0632539		
19.98		0.0632236		
19.99		0.0631934		
20		0.0631632		
20.01		0.063133		
20.02		0.0631028		
20.03		0.0630727		
20.04		0.0630426		
20.05		0.0630125		
20.06		0.0629825		
20.07		0.0629524		
20.08		0.0629224		
20.09		0.0628925		
20.1		0.0628625		
20.11		0.0628326		
20.12		0.0628027		
20.13		0.0627729		
20.14		0.0627431		
20.15		0.0627132		
20.16		0.0626835		
20.17		0.0626537		
20.18		0.062624		
20.19		0.0625943		
20.2		0.0625646		
20.21		0.062535		
20.22		0.0625054		
20.23		0.0624758		
20.24		0.0624462		
20.25		0.0624167		
20.26		0.0623872		
20.27		0.0623577		
20.28		0.0623283		
20.29		0.0622988		
20.3		0.0622694		
20.31		0.0622401		
20.32		0.0622107		
20.33		0.0621814		
20.34		0.0621521		
20.35		0.0621228		
20.36		0.0620936		
20.37		0.0620644		
20.38		0.0620352		
20.39		0.062006		
20.4		0.0619769		
20.41		0.0619478		
20.42		0.0619187		
20.43		0.0618896		
20.44		0.0618606		
20.45		0.0618316		
20.46		0.0618026		
20.47		0.0617737		
20.48		0.0617447		
20.49		0.0617158		
20.5		0.061687		
20.51		0.0616581		
20.52		0.0616293		
20.53		0.0616005		
20.54		0.0615717		
20.55		0.061543		
20.56		0.0615143		
20.57		0.0614856		
20.58		0.0614569		
20.59		0.0614283		
20.6		0.0613996		
20.61		0.061371		
20.62		0.0613425		
20.63		0.0613139		
20.64		0.0612854		
20.65		0.0612569		
20.66		0.0612285		
20.67		0.0612		
20.68		0.0611716		
20.69		0.0611432		
20.7		0.0611149		
20.71		0.0610865		
20.72		0.0610582		
20.73		0.06103		
20.74		0.0610017		
20.75		0.0609735		
20.76		0.0609452		
20.77		0.0609171		
20.78		0.0608889		
20.79		0.0608608		
20.8		0.0608327		
20.81		0.0608046		
20.82		0.0607765		
20.83		0.0607485		
20.84		0.0607205		
20.85		0.0606925		
20.86		0.0606645		
20.87		0.0606366		
20.88		0.0606087		
20.89		0.0605808		
20.9		0.0605529		
20.91		0.0605251		
20.92		0.0604973		
20.93		0.0604695		
20.94		0.0604417		
20.95		0.060414		
20.96		0.0603863		
20.97		0.0603586		
20.98		0.0603309		
20.99		0.0603033		
21		0.0602757		
21.01		0.0602481		
21.02		0.0602205		
21.03		0.060193		
21.04		0.0601655		
21.05		0.060138		
21.06		0.0601105		
21.07		0.0600831		
21.08		0.0600556		
21.09		0.0600282		
21.1		0.0600009		
21.11		0.0599735		
21.12		0.0599462		
21.13		0.0599189		
21.14		0.0598916		
21.15		0.0598644		
21.16		0.0598371		
21.17		0.0598099		
21.18		0.0597828		
21.19		0.0597556		
21.2		0.0597285		
21.21		0.0597014		
21.22		0.0596743		
21.23		0.0596472		
21.24		0.0596202		
21.25		0.0595932		
21.26		0.0595662		
21.27		0.0595392		
21.28		0.0595123		
21.29		0.0594853		
21.3		0.0594584		
21.31		0.0594316		
21.32		0.0594047		
21.33		0.0593779		
21.34		0.0593511		
21.35		0.0593243		
21.36		0.0592976		
21.37		0.0592708		
21.38		0.0592441		
21.39		0.0592174		
21.4		0.0591908		
21.41		0.0591641		
21.42		0.0591375		
21.43		0.0591109		
21.44		0.0590843		
21.45		0.0590578		
21.46		0.0590313		
21.47		0.0590048		
21.48		0.0589783		
21.49		0.0589518		
21.5		0.0589254		
21.51		0.058899		
21.52		0.0588726		
21.53		0.0588462		
21.54		0.0588199		
21.55		0.0587936		
21.56		0.0587673		
21.57		0.058741		
21.58		0.0587148		
21.59		0.0586885		
21.6		0.0586623		
21.61		0.0586362		
21.62		0.05861		
21.63		0.0585839		
21.64		0.0585577		
21.65		0.0585317		
21.66		0.0585056		
21.67		0.0584795		
21.68		0.0584535		
21.69		0.0584275		
21.7		0.0584015		
21.71		0.0583756		
21.72		0.0583496		
21.73		0.0583237		
21.74		0.0582978		
21.75		0.058272		
21.76		0.0582461		
21.77		0.0582203		
21.78		0.0581945		
21.79		0.0581687		
21.8		0.058143		
21.81		0.0581172		
21.82		0.0580915		
21.83		0.0580658		
21.84		0.0580401		
21.85		0.0580145		
21.86		0.0579889		
21.87		0.0579633		
21.88		0.0579377		
21.89		0.0579121		
21.9		0.0578866		
21.91		0.0578611		
21.92		0.0578356		
21.93		0.0578101		
21.94		0.0577847		
21.95		0.0577592		
21.96		0.0577338		
21.97		0.0577084		
21.98		0.0576831		
21.99		0.0576577		
22		0.0576324		
22.01		0.0576071		
22.02		0.0575818		
22.03		0.0575566		
22.04		0.0575313		
22.05		0.0575061		
22.06		0.0574809		
22.07		0.0574557		
22.08		0.0574306		
22.09		0.0574055		
22.1		0.0573804		
22.11		0.0573553		
22.12		0.0573302		
22.13		0.0573052		
22.14		0.0572801		
22.15		0.0572551		
22.16		0.0572301		
22.17		0.0572052		
22.18		0.0571802		
22.19		0.0571553		
22.2		0.0571304		
22.21		0.0571056		
22.22		0.0570807		
22.23		0.0570559		
22.24		0.0570311		
22.25		0.0570063		
22.26		0.0569815		
22.27		0.0569567		
22.28		0.056932		
22.29		0.0569073		
22.3		0.0568826		
22.31		0.0568579		
22.32		0.0568333		
22.33		0.0568087		
22.34		0.0567841		
22.35		0.0567595		
22.36		0.0567349		
22.37		0.0567104		
22.38		0.0566858		
22.39		0.0566613		
22.4		0.0566369		
22.41		0.0566124		
22.42		0.056588		
22.43		0.0565635		
22.44		0.0565391		
22.45		0.0565148		
22.46		0.0564904		
22.47		0.0564661		
22.48		0.0564417		
22.49		0.0564174		
22.5		0.0563932		
22.51		0.0563689		
22.52		0.0563447		
22.53		0.0563204		
22.54		0.0562962		
22.55		0.0562721		
22.56		0.0562479		
22.57		0.0562238		
22.58		0.0561996		
22.59		0.0561755		
22.6		0.0561515		
22.61		0.0561274		
22.62		0.0561034		
22.63		0.0560794		
22.64		0.0560554		
22.65		0.0560314		
22.66		0.0560074		
22.67		0.0559835		
22.68		0.0559596		
22.69		0.0559357		
22.7		0.0559118		
22.71		0.0558879		
22.72		0.0558641		
22.73		0.0558403		
22.74		0.0558165		
22.75		0.0557927		
22.76		0.0557689		
22.77		0.0557452		
22.78		0.0557215		
22.79		0.0556978		
22.8		0.0556741		
22.81		0.0556504		
22.82		0.0556268		
22.83		0.0556031		
22.84		0.0555795		
22.85		0.0555559		
22.86		0.0555324		
22.87		0.0555088		
22.88		0.0554853		
22.89		0.0554618		
22.9		0.0554383		
22.91		0.0554148		
22.92		0.0553914		
22.93		0.0553679		
22.94		0.0553445		
22.95		0.0553211		
22.96		0.0552978		
22.97		0.0552744		
22.98		0.0552511		
22.99		0.0552278		
23		0.0552045		
23.01		0.0551812		
23.02		0.0551579		
23.03		0.0551347		
23.04		0.0551115		
23.05		0.0550883		
23.06		0.0550651		
23.07		0.0550419		
23.08		0.0550188		
23.09		0.0549956		
23.1		0.0549725		
23.11		0.0549494		
23.12		0.0549264		
23.13		0.0549033		
23.14		0.0548803		
23.15		0.0548573		
23.16		0.0548343		
23.17		0.0548113		
23.18		0.0547883		
23.19		0.0547654		
23.2		0.0547425		
23.21		0.0547196		
23.22		0.0546967		
23.23		0.0546738		
23.24		0.054651		
23.25		0.0546281		
23.26		0.0546053		
23.27		0.0545825		
23.28		0.0545598		
23.29		0.054537		
23.3		0.0545143		
23.31		0.0544915		
23.32		0.0544688		
23.33		0.0544462		
23.34		0.0544235		
23.35		0.0544008		
23.36		0.0543782		
23.37		0.0543556		
23.38		0.054333		
23.39		0.0543104		
23.4		0.0542879		
23.41		0.0542654		
23.42		0.0542428		
23.43		0.0542203		
23.44		0.0541979		
23.45		0.0541754		
23.46		0.0541529		
23.47		0.0541305		
23.48		0.0541081		
23.49		0.0540857		
23.5		0.0540633		
23.51		0.054041		
23.52		0.0540186		
23.53		0.0539963		
23.54		0.053974		
23.55		0.0539517		
23.56		0.0539295		
23.57		0.0539072		
23.58		0.053885		
23.59		0.0538628		
23.6		0.0538406		
23.61		0.0538184		
23.62		0.0537962		
23.63		0.0537741		
23.64		0.053752		
23.65		0.0537299		
23.66		0.0537078		
23.67		0.0536857		
23.68		0.0536636		
23.69		0.0536416		
23.7		0.0536196		
23.71		0.0535976		
23.72		0.0535756		
23.73		0.0535536		
23.74		0.0535317		
23.75		0.0535097		
23.76		0.0534878		
23.77		0.0534659		
23.78		0.0534441		
23.79		0.0534222		
23.8		0.0534003		
23.81		0.0533785		
23.82		0.0533567		
23.83		0.0533349		
23.84		0.0533131		
23.85		0.0532914		
23.86		0.0532696		
23.87		0.0532479		
23.88		0.0532262		
23.89		0.0532045		
23.9		0.0531828		
23.91		0.0531612		
23.92		0.0531395		
23.93		0.0531179		
23.94		0.0530963		
23.95		0.0530747		
23.96		0.0530531		
23.97		0.0530316		
23.98		0.0530101		
23.99		0.0529885		
24		0.052967		
24.01		0.0529455		
24.02		0.0529241		
24.03		0.0529026		
24.04		0.0528812		
24.05		0.0528598		
24.06		0.0528384		
24.07		0.052817		
24.08		0.0527956		
24.09		0.0527743		
24.1		0.0527529		
24.11		0.0527316		
24.12		0.0527103		
24.13		0.052689		
24.14		0.0526677		
24.15		0.0526465		
24.16		0.0526253		
24.17		0.052604		
24.18		0.0525828		
24.19		0.0525617		
24.2		0.0525405		
24.21		0.0525193		
24.22		0.0524982		
24.23		0.0524771		
24.24		0.052456		
24.25		0.0524349		
24.26		0.0524138		
24.27		0.0523928		
24.28		0.0523717		
24.29		0.0523507		
24.3		0.0523297		
24.31		0.0523087		
24.32		0.0522877		
24.33		0.0522668		
24.34		0.0522458		
24.35		0.0522249		
24.36		0.052204		
24.37		0.0521831		
24.38		0.0521622		
24.39		0.0521414		
24.4		0.0521205		
24.41		0.0520997		
24.42		0.0520789		
24.43		0.0520581		
24.44		0.0520373		
24.45		0.0520166		
24.46		0.0519958		
24.47		0.0519751		
24.48		0.0519544		
24.49		0.0519337		
24.5		0.051913		
24.51		0.0518923		
24.52		0.0518717		
24.53		0.0518511		
24.54		0.0518304		
24.55		0.0518098		
24.56		0.0517893		
24.57		0.0517687		
24.58		0.0517481		
24.59		0.0517276		
24.6		0.0517071		
24.61		0.0516866		
24.62		0.0516661		
24.63		0.0516456		
24.64		0.0516251		
24.65		0.0516047		
24.66		0.0515843		
24.67		0.0515639		
24.68		0.0515435		
24.69		0.0515231		
24.7		0.0515027		
24.71		0.0514824		
24.72		0.051462		
24.73		0.0514417		
24.74		0.0514214		
24.75		0.0514011		
24.76		0.0513809		
24.77		0.0513606		
24.78		0.0513404		
24.79		0.0513202		
24.8		0.0513		
24.81		0.0512799		
24.82		0.0512597		
24.83		0.0512396		
24.84		0.0512195		
24.85		0.0511994		
24.86		0.0511793		
24.87		0.0511592		
24.88		0.0511392		
24.89		0.0511192		
24.9		0.0510992		
24.91		0.0510792		
24.92		0.0510593		
24.93		0.0510394		
24.94		0.0510195		
24.95		0.0509996		
24.96		0.0509797		
24.97		0.0509599		
24.98		0.05094		
24.99		0.0509203		
25		0.0509005		
25.01		0.0508807		
25.02		0.050861		
25.03		0.0508413		
25.04		0.0508216		
25.05		0.0508019		
25.06		0.0507823		
25.07		0.0507627		
25.08		0.0507431		
25.09		0.0507235		
25.1		0.050704		
25.11		0.0506844		
25.12		0.0506649		
25.13		0.0506455		
25.14		0.050626		
25.15		0.0506066		
25.16		0.0505872		
25.17		0.0505678		
25.18		0.0505484		
25.19		0.0505291		
25.2		0.0505098		
25.21		0.0504905		
25.22		0.0504712		
25.23		0.050452		
25.24		0.0504328		
25.25		0.0504136		
25.26		0.0503944		
25.27		0.0503753		
25.28		0.0503562		
25.29		0.0503371		
25.3		0.050318		
25.31		0.050299		
25.32		0.0502799		
25.33		0.0502609		
25.34		0.050242		
25.35		0.050223		
25.36		0.0502041		
25.37		0.0501852		
25.38		0.0501663		
25.39		0.0501475		
25.4		0.0501287		
25.41		0.0501099		
25.42		0.0500911		
25.43		0.0500723		
25.44		0.0500536		
25.45		0.0500349		
25.46		0.0500163		
25.47		0.0499976		
25.48		0.049979		
25.49		0.0499604		
25.5		0.0499418		
25.51		0.0499233		
25.52		0.0499047		
25.53		0.0498862		
25.54		0.0498678		
25.55		0.0498493		
25.56		0.0498309		
25.57		0.0498125		
25.58		0.0497941		
25.59		0.0497758		
25.6		0.0497574		
25.61		0.0497391		
25.62		0.0497208		
25.63		0.0497026		
25.64		0.0496844		
25.65		0.0496662		
25.66		0.049648		
25.67		0.0496298		
25.68		0.0496117		
25.69		0.0495936		
25.7		0.0495755		
25.71		0.0495574		
25.72		0.0495394		
25.73		0.0495214		
25.74		0.0495034		
25.75		0.0494855		
25.76		0.0494675		
25.77		0.0494496		
25.78		0.0494317		
25.79		0.0494138		
25.8		0.049396		
25.81		0.0493782		
25.82		0.0493604		
25.83		0.0493426		
25.84		0.0493249		
25.85		0.0493072		
25.86		0.0492895		
25.87		0.0492718		
25.88		0.0492541		
25.89		0.0492365		
25.9		0.0492189		
25.91		0.0492013		
25.92		0.0491838		
25.93		0.0491663		
25.94		0.0491488		
25.95		0.0491313		
25.96		0.0491138		
25.97		0.0490964		
25.98		0.049079		
25.99		0.0490616		
26		0.0490442		
26.01		0.0490269		
26.02		0.0490095		
26.03		0.0489922		
26.04		0.048975		
26.05		0.0489577		
26.06		0.0489405		
26.07		0.0489233		
26.08		0.0489061		
26.09		0.0488889		
26.1		0.0488718		
26.11		0.0488547		
26.12		0.0488376		
26.13		0.0488205		
26.14		0.0488035		
26.15		0.0487864		
26.16		0.0487694		
26.17		0.0487525		
26.18		0.0487355		
26.19		0.0487186		
26.2		0.0487017		
26.21		0.0486848		
26.22		0.0486679		
26.23		0.0486511		
26.24		0.0486342		
26.25		0.0486174		
26.26		0.0486007		
26.27		0.0485839		
26.28		0.0485672		
26.29		0.0485505		
26.3		0.0485338		
26.31		0.0485171		
26.32		0.0485005		
26.33		0.0484838		
26.34		0.0484672		
26.35		0.0484506		
26.36		0.0484341		
26.37		0.0484175		
26.38		0.048401		
26.39		0.0483845		
26.4		0.0483681		
26.41		0.0483516		
26.42		0.0483352		
26.43		0.0483188		
26.44		0.0483024		
26.45		0.048286		
26.46		0.0482697		
26.47		0.0482533		
26.48		0.048237		
26.49		0.0482207		
26.5		0.0482045		
26.51		0.0481882		
26.52		0.048172		
26.53		0.0481558		
26.54		0.0481396		
26.55		0.0481235		
26.56		0.0481073		
26.57		0.0480912		
26.58		0.0480751		
26.59		0.048059		
26.6		0.048043		
26.61		0.0480269		
26.62		0.0480109		
26.63		0.0479949		
26.64		0.047979		
26.65		0.047963		
26.66		0.0479471		
26.67		0.0479312		
26.68		0.0479153		
26.69		0.0478994		
26.7		0.0478835		
26.71		0.0478677		
26.72		0.0478519		
26.73		0.0478361		
26.74		0.0478203		
26.75		0.0478046		
26.76		0.0477888		
26.77		0.0477731		
26.78		0.0477574		
26.79		0.0477417		
26.8		0.0477261		
26.81		0.0477105		
26.82		0.0476948		
26.83		0.0476792		
26.84		0.0476637		
26.85		0.0476481		
26.86		0.0476326		
26.87		0.047617		
26.88		0.0476015		
26.89		0.0475861		
26.9		0.0475706		
26.91		0.0475552		
26.92		0.0475397		
26.93		0.0475243		
26.94		0.0475089		
26.95		0.0474936		
26.96		0.0474782		
26.97		0.0474629		
26.98		0.0474476		
26.99		0.0474323		
27		0.047417		
27.01		0.0474018		
27.02		0.0473865		
27.03		0.0473713		
27.04		0.0473561		
27.05		0.0473409		
27.06		0.0473258		
27.07		0.0473106		
27.08		0.0472955		
27.09		0.0472804		
27.1		0.0472653		
27.11		0.0472502		
27.12		0.0472352		
27.13		0.0472201		
27.14		0.0472051		
27.15		0.0471901		
27.16		0.0471752		
27.17		0.0471602		
27.18		0.0471453		
27.19		0.0471303		
27.2		0.0471154		
27.21		0.0471005		
27.22		0.0470857		
27.23		0.0470708		
27.24		0.047056		
27.25		0.0470412		
27.26		0.0470263		
27.27		0.0470116		
27.28		0.0469968		
27.29		0.0469821		
27.3		0.0469673		
27.31		0.0469526		
27.32		0.0469379		
27.33		0.0469232		
27.34		0.0469086		
27.35		0.0468939		
27.36		0.0468793		
27.37		0.0468647		
27.38		0.0468501		
27.39		0.0468355		
27.4		0.046821		
27.41		0.0468064		
27.42		0.0467919		
27.43		0.0467774		
27.44		0.0467629		
27.45		0.0467484		
27.46		0.046734		
27.47		0.0467195		
27.48		0.0467051		
27.49		0.0466907		
27.5		0.0466763		
27.51		0.046662		
27.52		0.0466476		
27.53		0.0466333		
27.54		0.0466189		
27.55		0.0466046		
27.56		0.0465903		
27.57		0.0465761		
27.58		0.0465618		
27.59		0.0465476		
27.6		0.0465334		
27.61		0.0465191		
27.62		0.046505		
27.63		0.0464908		
27.64		0.0464766		
27.65		0.0464625		
27.66		0.0464484		
27.67		0.0464342		
27.68		0.0464201		
27.69		0.0464061		
27.7		0.046392		
27.71		0.046378		
27.72		0.0463639		
27.73		0.0463499		
27.74		0.0463359		
27.75		0.0463219		
27.76		0.046308		
27.77		0.046294		
27.78		0.0462801		
27.79		0.0462662		
27.8		0.0462522		
27.81		0.0462384		
27.82		0.0462245		
27.83		0.0462106		
27.84		0.0461968		
27.85		0.046183		
27.86		0.0461691		
27.87		0.0461553		
27.88		0.0461416		
27.89		0.0461278		
27.9		0.046114		
27.91		0.0461003		
27.92		0.0460866		
27.93		0.0460729		
27.94		0.0460592		
27.95		0.0460455		
27.96		0.0460318		
27.97		0.0460182		
27.98		0.0460046		
27.99		0.045991		
28		0.0459774		
28.01		0.0459638		
28.02		0.0459502		
28.03		0.0459366		
28.04		0.0459231		
28.05		0.0459096		
28.06		0.045896		
28.07		0.0458825		
28.08		0.0458691		
28.09		0.0458556		
28.1		0.0458421		
28.11		0.0458287		
28.12		0.0458153		
28.13		0.0458019		
28.14		0.0457885		
28.15		0.0457751		
28.16		0.0457617		
28.17		0.0457483		
28.18		0.045735		
28.19		0.0457217		
28.2		0.0457084		
28.21		0.0456951		
28.22		0.0456818		
28.23		0.0456685		
28.24		0.0456552		
28.25		0.045642		
28.26		0.0456288		
28.27		0.0456155		
28.28		0.0456023		
28.29		0.0455892		
28.3		0.045576		
28.31		0.0455628		
28.32		0.0455497		
28.33		0.0455365		
28.34		0.0455234		
28.35		0.0455103		
28.36		0.0454972		
28.37		0.0454841		
28.38		0.0454711		
28.39		0.045458		
28.4		0.045445		
28.41		0.0454319		
28.42		0.0454189		
28.43		0.0454059		
28.44		0.0453929		
28.45		0.04538		
28.46		0.045367		
28.47		0.045354		
28.48		0.0453411		
28.49		0.0453282		
28.5		0.0453153		
28.51		0.0453024		
28.52		0.0452895		
28.53		0.0452766		
28.54		0.0452638		
28.55		0.0452509		
28.56		0.0452381		
28.57		0.0452253		
28.58		0.0452125		
28.59		0.0451997		
28.6		0.0451869		
28.61		0.0451741		
28.62		0.0451613		
28.63		0.0451486		
28.64		0.0451359		
28.65		0.0451231		
28.66		0.0451104		
28.67		0.0450977		
28.68		0.0450851		
28.69		0.0450724		
28.7		0.0450597		
28.71		0.0450471		
28.72		0.0450344		
28.73		0.0450218		
28.74		0.0450092		
28.75		0.0449966		
28.76		0.044984		
28.77		0.0449714		
28.78		0.0449589		
28.79		0.0449463		
28.8		0.0449338		
28.81		0.0449213		
28.82		0.0449088		
28.83		0.0448962		
28.84		0.0448838		
28.85		0.0448713		
28.86		0.0448588		
28.87		0.0448463		
28.88		0.0448339		
28.89		0.0448215		
28.9		0.044809		
28.91		0.0447966		
28.92		0.0447842		
28.93		0.0447718		
28.94		0.0447595		
28.95		0.0447471		
28.96		0.0447347		
28.97		0.0447224		
28.98		0.0447101		
28.99		0.0446977		
29		0.0446854		
29.01		0.0446731		
29.02		0.0446608		
29.03		0.0446486		
29.04		0.0446363		
29.05		0.044624		
29.06		0.0446118		
29.07		0.0445996		
29.08		0.0445873		
29.09		0.0445751		
29.1		0.0445629		
29.11		0.0445507		
29.12		0.0445386		
29.13		0.0445264		
29.14		0.0445142		
29.15		0.0445021		
29.16		0.0444899		
29.17		0.0444778		
29.18		0.0444657		
29.19		0.0444536		
29.2		0.0444415		
29.21		0.0444294		
29.22		0.0444173		
29.23		0.0444053		
29.24		0.0443932		
29.25		0.0443812		
29.26		0.0443691		
29.27		0.0443571		
29.28		0.0443451		
29.29		0.0443331		
29.3		0.0443211		
29.31		0.0443091		
29.32		0.0442971		
29.33		0.0442852		
29.34		0.0442732		
29.35		0.0442613		
29.36		0.0442493		
29.37		0.0442374		
29.38		0.0442255		
29.39		0.0442136		
29.4		0.0442017		
29.41		0.0441898		
29.42		0.0441779		
29.43		0.0441661		
29.44		0.0441542		
29.45		0.0441424		
29.46		0.0441305		
29.47		0.0441187		
29.48		0.0441069		
29.49		0.0440951		
29.5		0.0440833		
29.51		0.0440715		
29.52		0.0440597		
29.53		0.0440479		
29.54		0.0440361		
29.55		0.0440244		
29.56		0.0440126		
29.57		0.0440009		
29.58		0.0439892		
29.59		0.0439775		
29.6		0.0439657		
29.61		0.043954		
29.62		0.0439424		
29.63		0.0439307		
29.64		0.043919		
29.65		0.0439073		
29.66		0.0438957		
29.67		0.043884		
29.68		0.0438724		
29.69		0.0438608		
29.7		0.0438491		
29.71		0.0438375		
29.72		0.0438259		
29.73		0.0438143		
29.74		0.0438027		
29.75		0.0437912		
29.76		0.0437796		
29.77		0.043768		
29.78		0.0437565		
29.79		0.0437449		
29.8		0.0437334		
29.81		0.0437219		
29.82		0.0437103		
29.83		0.0436988		
29.84		0.0436873		
29.85		0.0436758		
29.86		0.0436644		
29.87		0.0436529		
29.88		0.0436414		
29.89		0.0436299		
29.9		0.0436185		
29.91		0.043607		
29.92		0.0435956		
29.93		0.0435842		
29.94		0.0435727		
29.95		0.0435613		
29.96		0.0435499		
29.97		0.0435385		
29.98		0.0435271		
29.99		0.0435157		
30		0.0435044		
30.01		0.043493		
30.02		0.0434816		
30.03		0.0434703		
30.04		0.0434589		
30.05		0.0434476		
30.06		0.0434363		
30.07		0.0434249		
30.08		0.0434136		
30.09		0.0434023		
30.1		0.043391		
30.11		0.0433797		
30.12		0.0433684		
30.13		0.0433572		
30.14		0.0433459		
30.15		0.0433346		
30.16		0.0433234		
30.17		0.0433121		
30.18		0.0433009		
30.19		0.0432896		
30.2		0.0432784		
30.21		0.0432672		
30.22		0.043256		
30.23		0.0432448		
30.24		0.0432336		
30.25		0.0432224		
30.26		0.0432112		
30.27		0.0432		
30.28		0.0431888		
30.29		0.0431776		
30.3		0.0431665		
30.31		0.0431553		
30.32		0.0431442		
30.33		0.043133		
30.34		0.0431219		
30.35		0.0431108		
30.36		0.0430997		
30.37		0.0430886		
30.38		0.0430774		
30.39		0.0430663		
30.4		0.0430553		
30.41		0.0430442		
30.42		0.0430331		
30.43		0.043022		
30.44		0.0430109		
30.45		0.0429999		
30.46		0.0429888		
30.47		0.0429778		
30.48		0.0429667		
30.49		0.0429557		
30.5		0.0429447		
30.51		0.0429336		
30.52		0.0429226		
30.53		0.0429116		
30.54		0.0429006		
30.55		0.0428896		
30.56		0.0428786		
30.57		0.0428676		
30.58		0.0428566		
30.59		0.0428457		
30.6		0.0428347		
30.61		0.0428237		
30.62		0.0428128		
30.63		0.0428018		
30.64		0.0427909		
30.65		0.0427799		
30.66		0.042769		
30.67		0.0427581		
30.68		0.0427471		
30.69		0.0427362		
30.7		0.0427253		
30.71		0.0427144		
30.72		0.0427035		
30.73		0.0426926		
30.74		0.0426817		
30.75		0.0426708		
30.76		0.04266		
30.77		0.0426491		
30.78		0.0426382		
30.79		0.0426273		
30.8		0.0426165		
30.81		0.0426056		
30.82		0.0425948		
30.83		0.042584		
30.84		0.0425731		
30.85		0.0425623		
30.86		0.0425515		
30.87		0.0425406		
30.88		0.0425298		
30.89		0.042519		
30.9		0.0425082		
30.91		0.0424974		
30.92		0.0424866		
30.93		0.0424758		
30.94		0.042465		
30.95		0.0424543		
30.96		0.0424435		
30.97		0.0424327		
30.98		0.042422		
30.99		0.0424112		
31		0.0424004		
31.01		0.0423897		
31.02		0.0423789		
31.03		0.0423682		
31.04		0.0423575		
31.05		0.0423467		
31.06		0.042336		
31.07		0.0423253		
31.08		0.0423146		
31.09		0.0423039		
31.1		0.0422932		
31.11		0.0422825		
31.12		0.0422718		
31.13		0.0422611		
31.14		0.0422504		
31.15		0.0422397		
31.16		0.042229		
31.17		0.0422183		
31.18		0.0422077		
31.19		0.042197		
31.2		0.0421864		
31.21		0.0421757		
31.22		0.042165		
31.23		0.0421544		
31.24		0.0421438		
31.25		0.0421331		
31.26		0.0421225		
31.27		0.0421118		
31.28		0.0421012		
31.29		0.0420906		
31.3		0.04208		
31.31		0.0420694		
31.32		0.0420588		
31.33		0.0420482		
31.34		0.0420376		
31.35		0.042027		
31.36		0.0420164		
31.37		0.0420058		
31.38		0.0419952		
31.39		0.0419846		
31.4		0.041974		
31.41		0.0419635		
31.42		0.0419529		
31.43		0.0419423		
31.44		0.0419318		
31.45		0.0419212		
31.46		0.0419107		
31.47		0.0419001		
31.48		0.0418896		
31.49		0.041879		
31.5		0.0418685		
31.51		0.041858		
31.52		0.0418474		
31.53		0.0418369		
31.54		0.0418264		
31.55		0.0418159		
31.56		0.0418053		
31.57		0.0417948		
31.58		0.0417843		
31.59		0.0417738		
31.6		0.0417633		
31.61		0.0417528		
31.62		0.0417423		
31.63		0.0417319		
31.64		0.0417214		
31.65		0.0417109		
31.66		0.0417004		
31.67		0.0416899		
31.68		0.0416795		
31.69		0.041669		
31.7		0.0416585		
31.71		0.0416481		
31.72		0.0416376		
31.73		0.0416272		
31.74		0.0416167		
31.75		0.0416063		
31.76		0.0415958		
31.77		0.0415854		
31.78		0.0415749		
31.79		0.0415645		
31.8		0.0415541		
31.81		0.0415437		
31.82		0.0415332		
31.83		0.0415228		
31.84		0.0415124		
31.85		0.041502		
31.86		0.0414916		
31.87		0.0414812		
31.88		0.0414708		
31.89		0.0414604		
31.9		0.04145		
31.91		0.0414396		
31.92		0.0414292		
31.93		0.0414188		
31.94		0.0414084		
31.95		0.041398		
31.96		0.0413876		
31.97		0.0413773		
31.98		0.0413669		
31.99		0.0413565		
32		0.0413462		
32.01		0.0413358		
32.02		0.0413254		
32.03		0.0413151		
32.04		0.0413047		
32.05		0.0412944		
32.06		0.041284		
32.07		0.0412737		
32.08		0.0412633		
32.09		0.041253		
32.1		0.0412426		
32.11		0.0412323		
32.12		0.041222		
32.13		0.0412116		
32.14		0.0412013		
32.15		0.041191		
32.16		0.0411807		
32.17		0.0411704		
32.18		0.04116		
32.19		0.0411497		
32.2		0.0411394		
32.21		0.0411291		
32.22		0.0411188		
32.23		0.0411085		
32.24		0.0410982		
32.25		0.0410879		
32.26		0.0410776		
32.27		0.0410673		
32.28		0.041057		
32.29		0.0410468		
32.3		0.0410365		
32.31		0.0410262		
32.32		0.0410159		
32.33		0.0410056		
32.34		0.0409954		
32.35		0.0409851		
32.36		0.0409748		
32.37		0.0409646		
32.38		0.0409543		
32.39		0.040944		
32.4		0.0409338		
32.41		0.0409235		
32.42		0.0409133		
32.43		0.040903		
32.44		0.0408928		
32.45		0.0408825		
32.46		0.0408723		
32.47		0.040862		
32.48		0.0408518		
32.49		0.0408416		
32.5		0.0408313		
32.51		0.0408211		
32.52		0.0408109		
32.53		0.0408007		
32.54		0.0407904		
32.55		0.0407802		
32.56		0.04077		
32.57		0.0407598		
32.58		0.0407496		
32.59		0.0407393		
32.6		0.0407291		
32.61		0.0407189		
32.62		0.0407087		
32.63		0.0406985		
32.64		0.0406883		
32.65		0.0406781		
32.66		0.0406679		
32.67		0.0406577		
32.68		0.0406475		
32.69		0.0406374		
32.7		0.0406272		
32.71		0.040617		
32.72		0.0406068		
32.73		0.0405966		
32.74		0.0405864		
32.75		0.0405763		
32.76		0.0405661		
32.77		0.0405559		
32.78		0.0405457		
32.79		0.0405356		
32.8		0.0405254		
32.81		0.0405152		
32.82		0.0405051		
32.83		0.0404949		
32.84		0.0404848		
32.85		0.0404746		
32.86		0.0404645		
32.87		0.0404543		
32.88		0.0404442		
32.89		0.040434		
32.9		0.0404239		
32.91		0.0404137		
32.92		0.0404036		
32.93		0.0403935		
32.94		0.0403833		
32.95		0.0403732		
32.96		0.040363		
32.97		0.0403529		
32.98		0.0403428		
32.99		0.0403327		
33		0.0403225		
33.01		0.0403124		
33.02		0.0403023		
33.03		0.0402922		
33.04		0.0402821		
33.05		0.0402719		
33.06		0.0402618		
33.07		0.0402517		
33.08		0.0402416		
33.09		0.0402315		
33.1		0.0402214		
33.11		0.0402113		
33.12		0.0402012		
33.13		0.0401911		
33.14		0.040181		
33.15		0.0401709		
33.16		0.0401608		
33.17		0.0401507		
33.18		0.0401406		
33.19		0.0401305		
33.2		0.0401205		
33.21		0.0401104		
33.22		0.0401003		
33.23		0.0400902		
33.24		0.0400801		
33.25		0.0400701		
33.26		0.04006		
33.27		0.0400499		
33.28		0.0400398		
33.29		0.0400298		
33.3		0.0400197		
33.31		0.0400096		
33.32		0.0399996		
33.33		0.0399895		
33.34		0.0399795		
33.35		0.0399694		
33.36		0.0399593		
33.37		0.0399493		
33.38		0.0399392		
33.39		0.0399292		
33.4		0.0399191		
33.41		0.0399091		
33.42		0.039899		
33.43		0.039889		
33.44		0.039879		
33.45		0.0398689		
33.46		0.0398589		
33.47		0.0398488		
33.48		0.0398388		
33.49		0.0398288		
33.5		0.0398187		
33.51		0.0398087		
33.52		0.0397987		
33.53		0.0397887		
33.54		0.0397786		
33.55		0.0397686		
33.56		0.0397586		
33.57		0.0397486		
33.58		0.0397386		
33.59		0.0397285		
33.6		0.0397185		
33.61		0.0397085		
33.62		0.0396985		
33.63		0.0396885		
33.64		0.0396785		
33.65		0.0396685		
33.66		0.0396585		
33.67		0.0396485		
33.68		0.0396385		
33.69		0.0396285		
33.7		0.0396185		
33.71		0.0396085		
33.72		0.0395985		
33.73		0.0395885		
33.74		0.0395785		
33.75		0.0395685		
33.76		0.0395585		
33.77		0.0395486		
33.78		0.0395386		
33.79		0.0395286		
33.8		0.0395186		
33.81		0.0395086		
33.82		0.0394987		
33.83		0.0394887		
33.84		0.0394787		
33.85		0.0394687		
33.86		0.0394588		
33.87		0.0394488		
33.88		0.0394388		
33.89		0.0394289		
33.9		0.0394189		
33.91		0.0394089		
33.92		0.039399		
33.93		0.039389		
33.94		0.0393791		
33.95		0.0393691		
33.96		0.0393592		
33.97		0.0393492		
33.98		0.0393393		
33.99		0.0393293		
34		0.0393194		
34.01		0.0393094		
34.02		0.0392995		
34.03		0.0392896		
34.04		0.0392796		
34.05		0.0392697		
34.06		0.0392597		
34.07		0.0392498		
34.08		0.0392399		
34.09		0.0392299		
34.1		0.03922		
34.11		0.0392101		
34.12		0.0392002		
34.13		0.0391902		
34.14		0.0391803		
34.15		0.0391704		
34.16		0.0391605		
34.17		0.0391506		
34.18		0.0391407		
34.19		0.0391307		
34.2		0.0391208		
34.21		0.0391109		
34.22		0.039101		
34.23		0.0390911		
34.24		0.0390812		
34.25		0.0390713		
34.26		0.0390614		
34.27		0.0390515		
34.28		0.0390416		
34.29		0.0390317		
34.3		0.0390218		
34.31		0.0390119		
34.32		0.039002		
34.33		0.0389921		
34.34		0.0389822		
34.35		0.0389724		
34.36		0.0389625		
34.37		0.0389526		
34.38		0.0389427		
34.39		0.0389328		
34.4		0.038923		
34.41		0.0389131		
34.42		0.0389032		
34.43		0.0388933		
34.44		0.0388835		
34.45		0.0388736		
34.46		0.0388637		
34.47		0.0388539		
34.48		0.038844		
34.49		0.0388341		
34.5		0.0388243		
34.51		0.0388144		
34.52		0.0388046		
34.53		0.0387947		
34.54		0.0387848		
34.55		0.038775		
34.56		0.0387651		
34.57		0.0387553		
34.58		0.0387455		
34.59		0.0387356		
34.6		0.0387258		
34.61		0.0387159		
34.62		0.0387061		
34.63		0.0386962		
34.64		0.0386864		
34.65		0.0386766		
34.66		0.0386667		
34.67		0.0386569		
34.68		0.0386471		
34.69		0.0386373		
34.7		0.0386274		
34.71		0.0386176		
34.72		0.0386078		
34.73		0.038598		
34.74		0.0385881		
34.75		0.0385783		
34.76		0.0385685		
34.77		0.0385587		
34.78		0.0385489		
34.79		0.0385391		
34.8		0.0385293		
34.81		0.0385195		
34.82		0.0385097		
34.83		0.0384999		
34.84		0.0384901		
34.85		0.0384803		
34.86		0.0384705		
34.87		0.0384607		
34.88		0.0384509		
34.89		0.0384411		
34.9		0.0384313		
34.91		0.0384215		
34.92		0.0384117		
34.93		0.0384019		
34.94		0.0383921		
34.95		0.0383824		
34.96		0.0383726		
34.97		0.0383628		
34.98		0.038353		
34.99		0.0383433		
35		0.0383335		
35.01		0.0383237		
35.02		0.038314		
35.03		0.0383042		
35.04		0.0382944		
35.05		0.0382847		
35.06		0.0382749		
35.07		0.0382651		
35.08		0.0382554		
35.09		0.0382456		
35.1		0.0382359		
35.11		0.0382261		
35.12		0.0382164		
35.13		0.0382066		
35.14		0.0381969		
35.15		0.0381871		
35.16		0.0381774		
35.17		0.0381677		
35.18		0.0381579		
35.19		0.0381482		
35.2		0.0381384		
35.21		0.0381287		
35.22		0.038119		
35.23		0.0381093		
35.24		0.0380995		
35.25		0.0380898		
35.26		0.0380801		
35.27		0.0380704		
35.28		0.0380606		
35.29		0.0380509		
35.3		0.0380412		
35.31		0.0380315		
35.32		0.0380218		
35.33		0.0380121		
35.34		0.0380024		
35.35		0.0379927		
35.36		0.037983		
35.37		0.0379733		
35.38		0.0379636		
35.39		0.0379539		
35.4		0.0379442		
35.41		0.0379345		
35.42		0.0379248		
35.43		0.0379151		
35.44		0.0379054		
35.45		0.0378957		
35.46		0.037886		
35.47		0.0378763		
35.48		0.0378667		
35.49		0.037857		
35.5		0.0378473		
35.51		0.0378376		
35.52		0.037828		
35.53		0.0378183		
35.54		0.0378086		
35.55		0.037799		
35.56		0.0377893		
35.57		0.0377796		
35.58		0.03777		
35.59		0.0377603		
35.6		0.0377507		
35.61		0.037741		
35.62		0.0377314		
35.63		0.0377217		
35.64		0.0377121		
35.65		0.0377024		
35.66		0.0376928		
35.67		0.0376831		
35.68		0.0376735		
35.69		0.0376639		
35.7		0.0376542		
35.71		0.0376446		
35.72		0.037635		
35.73		0.0376253		
35.74		0.0376157		
35.75		0.0376061		
35.76		0.0375965		
35.77		0.0375868		
35.78		0.0375772		
35.79		0.0375676		
35.8		0.037558		
35.81		0.0375484		
35.82		0.0375388		
35.83		0.0375292		
35.84		0.0375195		
35.85		0.0375099		
35.86		0.0375003		
35.87		0.0374907		
35.88		0.0374811		
35.89		0.0374715		
35.9		0.037462		
35.91		0.0374524		
35.92		0.0374428		
35.93		0.0374332		
35.94		0.0374236		
35.95		0.037414		
35.96		0.0374044		
35.97		0.0373949		
35.98		0.0373853		
35.99		0.0373757		
36		0.0373661		
36.01		0.0373566		
36.02		0.037347		
36.03		0.0373374		
36.04		0.0373279		
36.05		0.0373183		
36.06		0.0373088		
36.07		0.0372992		
36.08		0.0372896		
36.09		0.0372801		
36.1		0.0372705		
36.11		0.037261		
36.12		0.0372515		
36.13		0.0372419		
36.14		0.0372324		
36.15		0.0372228		
36.16		0.0372133		
36.17		0.0372038		
36.18		0.0371942		
36.19		0.0371847		
36.2		0.0371752		
36.21		0.0371656		
36.22		0.0371561		
36.23		0.0371466		
36.24		0.0371371		
36.25		0.0371276		
36.26		0.0371181		
36.27		0.0371085		
36.28		0.037099		
36.29		0.0370895		
36.3		0.03708		
36.31		0.0370705		
36.32		0.037061		
36.33		0.0370515		
36.34		0.037042		
36.35		0.0370325		
36.36		0.037023		
36.37		0.0370136		
36.38		0.0370041		
36.39		0.0369946		
36.4		0.0369851		
36.41		0.0369756		
36.42		0.0369662		
36.43		0.0369567		
36.44		0.0369472		
36.45		0.0369377		
36.46		0.0369283		
36.47		0.0369188		
36.48		0.0369093		
36.49		0.0368999		
36.5		0.0368904		
36.51		0.036881		
36.52		0.0368715		
36.53		0.0368621		
36.54		0.0368526		
36.55		0.0368432		
36.56		0.0368337		
36.57		0.0368243		
36.58		0.0368148		
36.59		0.0368054		
36.6		0.036796		
36.61		0.0367865		
36.62		0.0367771		
36.63		0.0367677		
36.64		0.0367583		
36.65		0.0367488		
36.66		0.0367394		
36.67		0.03673		
36.68		0.0367206		
36.69		0.0367112		
36.7		0.0367018		
36.71		0.0366924		
36.72		0.036683		
36.73		0.0366736		
36.74		0.0366642		
36.75		0.0366548		
36.76		0.0366454		
36.77		0.036636		
36.78		0.0366266		
36.79		0.0366172		
36.8		0.0366078		
36.81		0.0365984		
36.82		0.036589		
36.83		0.0365797		
36.84		0.0365703		
36.85		0.0365609		
36.86		0.0365515		
36.87		0.0365422		
36.88		0.0365328		
36.89		0.0365234		
36.9		0.0365141		
36.91		0.0365047		
36.92		0.0364954		
36.93		0.036486		
36.94		0.0364767		
36.95		0.0364673		
36.96		0.036458		
36.97		0.0364486		
36.98		0.0364393		
36.99		0.03643		
37		0.0364206		
37.01		0.0364113		
37.02		0.036402		
37.03		0.0363926		
37.04		0.0363833		
37.05		0.036374		
37.06		0.0363647		
37.07		0.0363553		
37.08		0.036346		
37.09		0.0363367		
37.1		0.0363274		
37.11		0.0363181		
37.12		0.0363088		
37.13		0.0362995		
37.14		0.0362902		
37.15		0.0362809		
37.16		0.0362716		
37.17		0.0362623		
37.18		0.036253		
37.19		0.0362437		
37.2		0.0362345		
37.21		0.0362252		
37.22		0.0362159		
37.23		0.0362066		
37.24		0.0361974		
37.25		0.0361881		
37.26		0.0361788		
37.27		0.0361696		
37.28		0.0361603		
37.29		0.036151		
37.3		0.0361418		
37.31		0.0361325		
37.32		0.0361233		
37.33		0.036114		
37.34		0.0361048		
37.35		0.0360955		
37.36		0.0360863		
37.37		0.036077		
37.38		0.0360678		
37.39		0.0360586		
37.4		0.0360493		
37.41		0.0360401		
37.42		0.0360309		
37.43		0.0360217		
37.44		0.0360125		
37.45		0.0360032		
37.46		0.035994		
37.47		0.0359848		
37.48		0.0359756		
37.49		0.0359664		
37.5		0.0359572		
37.51		0.035948		
37.52		0.0359388		
37.53		0.0359296		
37.54		0.0359204		
37.55		0.0359112		
37.56		0.035902		
37.57		0.0358928		
37.58		0.0358837		
37.59		0.0358745		
37.6		0.0358653		
37.61		0.0358561		
37.62		0.035847		
37.63		0.0358378		
37.64		0.0358286		
37.65		0.0358195		
37.66		0.0358103		
37.67		0.0358011		
37.68		0.035792		
37.69		0.0357828		
37.7		0.0357737		
37.71		0.0357645		
37.72		0.0357554		
37.73		0.0357463		
37.74		0.0357371		
37.75		0.035728		
37.76		0.0357188		
37.77		0.0357097		
37.78		0.0357006		
37.79		0.0356915		
37.8		0.0356823		
37.81		0.0356732		
37.82		0.0356641		
37.83		0.035655		
37.84		0.0356459		
37.85		0.0356368		
37.86		0.0356277		
37.87		0.0356186		
37.88		0.0356095		
37.89		0.0356004		
37.9		0.0355913		
37.91		0.0355822		
37.92		0.0355731		
37.93		0.035564		
37.94		0.0355549		
37.95		0.0355459		
37.96		0.0355368		
37.97		0.0355277		
37.98		0.0355186		
37.99		0.0355096		
38		0.0355005		
38.01		0.0354914		
38.02		0.0354824		
38.03		0.0354733		
38.04		0.0354643		
38.05		0.0354552		
38.06		0.0354462		
38.07		0.0354371		
38.08		0.0354281		
38.09		0.0354191		
38.1		0.03541		
38.11		0.035401		
38.12		0.035392		
38.13		0.0353829		
38.14		0.0353739		
38.15		0.0353649		
38.16		0.0353559		
38.17		0.0353468		
38.18		0.0353378		
38.19		0.0353288		
38.2		0.0353198		
38.21		0.0353108		
38.22		0.0353018		
38.23		0.0352928		
38.24		0.0352838		
38.25		0.0352748		
38.26		0.0352658		
38.27		0.0352568		
38.28		0.0352479		
38.29		0.0352389		
38.3		0.0352299		
38.31		0.0352209		
38.32		0.0352119		
38.33		0.035203		
38.34		0.035194		
38.35		0.035185		
38.36		0.0351761		
38.37		0.0351671		
38.38		0.0351582		
38.39		0.0351492		
38.4		0.0351403		
38.41		0.0351313		
38.42		0.0351224		
38.43		0.0351134		
38.44		0.0351045		
38.45		0.0350956		
38.46		0.0350866		
38.47		0.0350777		
38.48		0.0350688		
38.49		0.0350598		
38.5		0.0350509		
38.51		0.035042		
38.52		0.0350331		
38.53		0.0350242		
38.54		0.0350153		
38.55		0.0350064		
38.56		0.0349975		
38.57		0.0349886		
38.58		0.0349797		
38.59		0.0349708		
38.6		0.0349619		
38.61		0.034953		
38.62		0.0349441		
38.63		0.0349352		
38.64		0.0349263		
38.65		0.0349175		
38.66		0.0349086		
38.67		0.0348997		
38.68		0.0348909		
38.69		0.034882		
38.7		0.0348731		
38.71		0.0348643		
38.72		0.0348554		
38.73		0.0348466		
38.74		0.0348377		
38.75		0.0348289		
38.76		0.03482		
38.77		0.0348112		
38.78		0.0348024		
38.79		0.0347935		
38.8		0.0347847		
38.81		0.0347759		
38.82		0.034767		
38.83		0.0347582		
38.84		0.0347494		
38.85		0.0347406		
38.86		0.0347318		
38.87		0.034723		
38.88		0.0347141		
38.89		0.0347053		
38.9		0.0346965		
38.91		0.0346877		
38.92		0.0346789		
38.93		0.0346702		
38.94		0.0346614		
38.95		0.0346526		
38.96		0.0346438		
38.97		0.034635		
38.98		0.0346262		
38.99		0.0346175		
39		0.0346087		
39.01		0.0345999		
39.02		0.0345912		
39.03		0.0345824		
39.04		0.0345736		
39.05		0.0345649		
39.06		0.0345561		
39.07		0.0345474		
39.08		0.0345386		
39.09		0.0345299		
39.1		0.0345211		
39.11		0.0345124		
39.12		0.0345037		
39.13		0.0344949		
39.14		0.0344862		
39.15		0.0344775		
39.16		0.0344688		
39.17		0.03446		
39.18		0.0344513		
39.19		0.0344426		
39.2		0.0344339		
39.21		0.0344252		
39.22		0.0344165		
39.23		0.0344078		
39.24		0.0343991		
39.25		0.0343904		
39.26		0.0343817		
39.27		0.034373		
39.28		0.0343643		
39.29		0.0343557		
39.3		0.034347		
39.31		0.0343383		
39.32		0.0343296		
39.33		0.034321		
39.34		0.0343123		
39.35		0.0343036		
39.36		0.034295		
39.37		0.0342863		
39.38		0.0342776		
39.39		0.034269		
39.4		0.0342603		
39.41		0.0342517		
39.42		0.0342431		
39.43		0.0342344		
39.44		0.0342258		
39.45		0.0342171		
39.46		0.0342085		
39.47		0.0341999		
39.48		0.0341913		
39.49		0.0341826		
39.5		0.034174		
39.51		0.0341654		
39.52		0.0341568		
39.53		0.0341482		
39.54		0.0341396		
39.55		0.034131		
39.56		0.0341224		
39.57		0.0341138		
39.58		0.0341052		
39.59		0.0340966		
39.6		0.034088		
39.61		0.0340794		
39.62		0.0340708		
39.63		0.0340623		
39.64		0.0340537		
39.65		0.0340451		
39.66		0.0340365		
39.67		0.034028		
39.68		0.0340194		
39.69		0.0340109		
39.7		0.0340023		
39.71		0.0339937		
39.72		0.0339852		
39.73		0.0339766		
39.74		0.0339681		
39.75		0.0339596		
39.76		0.033951		
39.77		0.0339425		
39.78		0.033934		
39.79		0.0339254		
39.8		0.0339169		
39.81		0.0339084		
39.82		0.0338999		
39.83		0.0338913		
39.84		0.0338828		
39.85		0.0338743		
39.86		0.0338658		
39.87		0.0338573		
39.88		0.0338488		
39.89		0.0338403		
39.9		0.0338318		
39.91		0.0338233		
39.92		0.0338148		
39.93		0.0338063		
39.94		0.0337979		
39.95		0.0337894		
39.96		0.0337809		
39.97		0.0337724		
39.98		0.033764		
39.99		0.0337555		
40		0.033747		
40.01		0.0337386		
40.02		0.0337301		
40.03		0.0337217		
40.04		0.0337132		
40.05		0.0337048		
40.06		0.0336963		
40.07		0.0336879		
40.08		0.0336794		
40.09		0.033671		
40.1		0.0336626		
40.11		0.0336541		
40.12		0.0336457		
40.13		0.0336373		
40.14		0.0336289		
40.15		0.0336205		
40.16		0.033612		
40.17		0.0336036		
40.18		0.0335952		
40.19		0.0335868		
40.2		0.0335784		
40.21		0.03357		
40.22		0.0335616		
40.23		0.0335532		
40.24		0.0335448		
40.25		0.0335365		
40.26		0.0335281		
40.27		0.0335197		
40.28		0.0335113		
40.29		0.0335029		
40.3		0.0334946		
40.31		0.0334862		
40.32		0.0334778		
40.33		0.0334695		
40.34		0.0334611		
40.35		0.0334528		
40.36		0.0334444		
40.37		0.0334361		
40.38		0.0334277		
40.39		0.0334194		
40.4		0.033411		
40.41		0.0334027		
40.42		0.0333944		
40.43		0.033386		
40.44		0.0333777		
40.45		0.0333694		
40.46		0.0333611		
40.47		0.0333527		
40.48		0.0333444		
40.49		0.0333361		
40.5		0.0333278		
40.51		0.0333195		
40.52		0.0333112		
40.53		0.0333029		
40.54		0.0332946		
40.55		0.0332863		
40.56		0.033278		
40.57		0.0332697		
40.58		0.0332615		
40.59		0.0332532		
40.6		0.0332449		
40.61		0.0332366		
40.62		0.0332284		
40.63		0.0332201		
40.64		0.0332118		
40.65		0.0332036		
40.66		0.0331953		
40.67		0.0331871		
40.68		0.0331788		
40.69		0.0331706		
40.7		0.0331623		
40.71		0.0331541		
40.72		0.0331458		
40.73		0.0331376		
40.74		0.0331294		
40.75		0.0331211		
40.76		0.0331129		
40.77		0.0331047		
40.78		0.0330965		
40.79		0.0330882		
40.8		0.03308		
40.81		0.0330718		
40.82		0.0330636		
40.83		0.0330554		
40.84		0.0330472		
40.85		0.033039		
40.86		0.0330308		
40.87		0.0330226		
40.88		0.0330144		
40.89		0.0330062		
40.9		0.032998		
40.91		0.0329899		
40.92		0.0329817		
40.93		0.0329735		
40.94		0.0329653		
40.95		0.0329572		
40.96		0.032949		
40.97		0.0329409		
40.98		0.0329327		
40.99		0.0329245		
41		0.0329164		
41.01		0.0329082		
41.02		0.0329001		
41.03		0.0328919		
41.04		0.0328838		
41.05		0.0328757		
41.06		0.0328675		
41.07		0.0328594		
41.08		0.0328513		
41.09		0.0328432		
41.1		0.032835		
41.11		0.0328269		
41.12		0.0328188		
41.13		0.0328107		
41.14		0.0328026		
41.15		0.0327945		
41.16		0.0327864		
41.17		0.0327783		
41.18		0.0327702		
41.19		0.0327621		
41.2		0.032754		
41.21		0.0327459		
41.22		0.0327378		
41.23		0.0327297		
41.24		0.0327217		
41.25		0.0327136		
41.26		0.0327055		
41.27		0.0326974		
41.28		0.0326894		
41.29		0.0326813		
41.3		0.0326733		
41.31		0.0326652		
41.32		0.0326572		
41.33		0.0326491		
41.34		0.0326411		
41.35		0.032633		
41.36		0.032625		
41.37		0.0326169		
41.38		0.0326089		
41.39		0.0326009		
41.4		0.0325928		
41.41		0.0325848		
41.42		0.0325768		
41.43		0.0325688		
41.44		0.0325608		
41.45		0.0325527		
41.46		0.0325447		
41.47		0.0325367		
41.48		0.0325287		
41.49		0.0325207		
41.5		0.0325127		
41.51		0.0325047		
41.52		0.0324967		
41.53		0.0324888		
41.54		0.0324808		
41.55		0.0324728		
41.56		0.0324648		
41.57		0.0324568		
41.58		0.0324489		
41.59		0.0324409		
41.6		0.0324329		
41.61		0.032425		
41.62		0.032417		
41.63		0.032409		
41.64		0.0324011		
41.65		0.0323931		
41.66		0.0323852		
41.67		0.0323772		
41.68		0.0323693		
41.69		0.0323614		
41.7		0.0323534		
41.71		0.0323455		
41.72		0.0323376		
41.73		0.0323296		
41.74		0.0323217		
41.75		0.0323138		
41.76		0.0323059		
41.77		0.032298		
41.78		0.0322901		
41.79		0.0322822		
41.8		0.0322742		
41.81		0.0322663		
41.82		0.0322584		
41.83		0.0322506		
41.84		0.0322427		
41.85		0.0322348		
41.86		0.0322269		
41.87		0.032219		
41.88		0.0322111		
41.89		0.0322032		
41.9		0.0321954		
41.91		0.0321875		
41.92		0.0321796		
41.93		0.0321718		
41.94		0.0321639		
41.95		0.032156		
41.96		0.0321482		
41.97		0.0321403		
41.98		0.0321325		
41.99		0.0321246		
42		0.0321168		
42.01		0.032109		
42.02		0.0321011		
42.03		0.0320933		
42.04		0.0320855		
42.05		0.0320776		
42.06		0.0320698		
42.07		0.032062		
42.08		0.0320542		
42.09		0.0320463		
42.1		0.0320385		
42.11		0.0320307		
42.12		0.0320229		
42.13		0.0320151		
42.14		0.0320073		
42.15		0.0319995		
42.16		0.0319917		
42.17		0.0319839		
42.18		0.0319761		
42.19		0.0319683		
42.2		0.0319606		
42.21		0.0319528		
42.22		0.031945		
42.23		0.0319372		
42.24		0.0319295		
42.25		0.0319217		
42.26		0.0319139		
42.27		0.0319062		
42.28		0.0318984		
42.29		0.0318907		
42.3		0.0318829		
42.31		0.0318752		
42.32		0.0318674		
42.33		0.0318597		
42.34		0.0318519		
42.35		0.0318442		
42.36		0.0318365		
42.37		0.0318287		
42.38		0.031821		
42.39		0.0318133		
42.4		0.0318055		
42.41		0.0317978		
42.42		0.0317901		
42.43		0.0317824		
42.44		0.0317747		
42.45		0.031767		
42.46		0.0317593		
42.47		0.0317516		
42.48		0.0317439		
42.49		0.0317362		
42.5		0.0317285		
42.51		0.0317208		
42.52		0.0317131		
42.53		0.0317054		
42.54		0.0316978		
42.55		0.0316901		
42.56		0.0316824		
42.57		0.0316747		
42.58		0.0316671		
42.59		0.0316594		
42.6		0.0316517		
42.61		0.0316441		
42.62		0.0316364		
42.63		0.0316288		
42.64		0.0316211		
42.65		0.0316135		
42.66		0.0316058		
42.67		0.0315982		
42.68		0.0315906		
42.69		0.0315829		
42.7		0.0315753		
42.71		0.0315677		
42.72		0.03156		
42.73		0.0315524		
42.74		0.0315448		
42.75		0.0315372		
42.76		0.0315296		
42.77		0.031522		
42.78		0.0315143		
42.79		0.0315067		
42.8		0.0314991		
42.81		0.0314915		
42.82		0.0314839		
42.83		0.0314764		
42.84		0.0314688		
42.85		0.0314612		
42.86		0.0314536		
42.87		0.031446		
42.88		0.0314384		
42.89		0.0314309		
42.9		0.0314233		
42.91		0.0314157		
42.92		0.0314081		
42.93		0.0314006		
42.94		0.031393		
42.95		0.0313855		
42.96		0.0313779		
42.97		0.0313704		
42.98		0.0313628		
42.99		0.0313553		
43		0.0313477		
43.01		0.0313402		
43.02		0.0313327		
43.03		0.0313251		
43.04		0.0313176		
43.05		0.0313101		
43.06		0.0313025		
43.07		0.031295		
43.08		0.0312875		
43.09		0.03128		
43.1		0.0312725		
43.11		0.031265		
43.12		0.0312575		
43.13		0.0312499		
43.14		0.0312424		
43.15		0.0312349		
43.16		0.0312275		
43.17		0.03122		
43.18		0.0312125		
43.19		0.031205		
43.2		0.0311975		
43.21		0.03119		
43.22		0.0311825		
43.23		0.0311751		
43.24		0.0311676		
43.25		0.0311601		
43.26		0.0311527		
43.27		0.0311452		
43.28		0.0311377		
43.29		0.0311303		
43.3		0.0311228		
43.31		0.0311154		
43.32		0.0311079		
43.33		0.0311005		
43.34		0.031093		
43.35		0.0310856		
43.36		0.0310782		
43.37		0.0310707		
43.38		0.0310633		
43.39		0.0310559		
43.4		0.0310485		
43.41		0.031041		
43.42		0.0310336		
43.43		0.0310262		
43.44		0.0310188		
43.45		0.0310114		
43.46		0.031004		
43.47		0.0309966		
43.48		0.0309892		
43.49		0.0309818		
43.5		0.0309744		
43.51		0.030967		
43.52		0.0309596		
43.53		0.0309522		
43.54		0.0309448		
43.55		0.0309374		
43.56		0.0309301		
43.57		0.0309227		
43.58		0.0309153		
43.59		0.0309079		
43.6		0.0309006		
43.61		0.0308932		
43.62		0.0308858		
43.63		0.0308785		
43.64		0.0308711		
43.65		0.0308638		
43.66		0.0308564		
43.67		0.0308491		
43.68		0.0308417		
43.69		0.0308344		
43.7		0.0308271		
43.71		0.0308197		
43.72		0.0308124		
43.73		0.0308051		
43.74		0.0307977		
43.75		0.0307904		
43.76		0.0307831		
43.77		0.0307758		
43.78		0.0307685		
43.79		0.0307612		
43.8		0.0307539		
43.81		0.0307465		
43.82		0.0307392		
43.83		0.0307319		
43.84		0.0307246		
43.85		0.0307174		
43.86		0.0307101		
43.87		0.0307028		
43.88		0.0306955		
43.89		0.0306882		
43.9		0.0306809		
43.91		0.0306736		
43.92		0.0306664		
43.93		0.0306591		
43.94		0.0306518		
43.95		0.0306446		
43.96		0.0306373		
43.97		0.03063		
43.98		0.0306228		
43.99		0.0306155		
44		0.0306083		
44.01		0.030601		
44.02		0.0305938		
44.03		0.0305865		
44.04		0.0305793		
44.05		0.0305721		
44.06		0.0305648		
44.07		0.0305576		
44.08		0.0305504		
44.09		0.0305431		
44.1		0.0305359		
44.11		0.0305287		
44.12		0.0305215		
44.13		0.0305143		
44.14		0.0305071		
44.15		0.0304998		
44.16		0.0304926		
44.17		0.0304854		
44.18		0.0304782		
44.19		0.030471		
44.2		0.0304638		
44.21		0.0304567		
44.22		0.0304495		
44.23		0.0304423		
44.24		0.0304351		
44.25		0.0304279		
44.26		0.0304207		
44.27		0.0304136		
44.28		0.0304064		
44.29		0.0303992		
44.3		0.0303921		
44.31		0.0303849		
44.32		0.0303777		
44.33		0.0303706		
44.34		0.0303634		
44.35		0.0303563		
44.36		0.0303491		
44.37		0.030342		
44.38		0.0303348		
44.39		0.0303277		
44.4		0.0303205		
44.41		0.0303134		
44.42		0.0303063		
44.43		0.0302991		
44.44		0.030292		
44.45		0.0302849		
44.46		0.0302778		
44.47		0.0302707		
44.48		0.0302635		
44.49		0.0302564		
44.5		0.0302493		
44.51		0.0302422		
44.52		0.0302351		
44.53		0.030228		
44.54		0.0302209		
44.55		0.0302138		
44.56		0.0302067		
44.57		0.0301996		
44.58		0.0301925		
44.59		0.0301854		
44.6		0.0301784		
44.61		0.0301713		
44.62		0.0301642		
44.63		0.0301571		
44.64		0.0301501		
44.65		0.030143		
44.66		0.0301359		
44.67		0.0301289		
44.68		0.0301218		
44.69		0.0301147		
44.7		0.0301077		
44.71		0.0301006		
44.72		0.0300936		
44.73		0.0300865		
44.74		0.0300795		
44.75		0.0300725		
44.76		0.0300654		
44.77		0.0300584		
44.78		0.0300513		
44.79		0.0300443		
44.8		0.0300373		
44.81		0.0300303		
44.82		0.0300232		
44.83		0.0300162		
44.84		0.0300092		
44.85		0.0300022		
44.86		0.0299952		
44.87		0.0299882		
44.88		0.0299812		
44.89		0.0299742		
44.9		0.0299672		
44.91		0.0299602		
44.92		0.0299532		
44.93		0.0299462		
44.94		0.0299392		
44.95		0.0299322		
44.96		0.0299252		
44.97		0.0299182		
44.98		0.0299113		
44.99		0.0299043		
45		0.0298973		
45.01		0.0298904		
45.02		0.0298834		
45.03		0.0298764		
45.04		0.0298695		
45.05		0.0298625		
45.06		0.0298555		
45.07		0.0298486		
45.08		0.0298416		
45.09		0.0298347		
45.1		0.0298277		
45.11		0.0298208		
45.12		0.0298139		
45.13		0.0298069		
45.14		0.0298		
45.15		0.0297931		
45.16		0.0297861		
45.17		0.0297792		
45.18		0.0297723		
45.19		0.0297654		
45.2		0.0297584		
45.21		0.0297515		
45.22		0.0297446		
45.23		0.0297377		
45.24		0.0297308		
45.25		0.0297239		
45.26		0.029717		
45.27		0.0297101		
45.28		0.0297032		
45.29		0.0296963		
45.3		0.0296894		
45.31		0.0296825		
45.32		0.0296756		
45.33		0.0296688		
45.34		0.0296619		
45.35		0.029655		
45.36		0.0296481		
45.37		0.0296412		
45.38		0.0296344		
45.39		0.0296275		
45.4		0.0296206		
45.41		0.0296138		
45.42		0.0296069		
45.43		0.0296001		
45.44		0.0295932		
45.45		0.0295864		
45.46		0.0295795		
45.47		0.0295727		
45.48		0.0295658		
45.49		0.029559		
45.5		0.0295521		
45.51		0.0295453		
45.52		0.0295385		
45.53		0.0295317		
45.54		0.0295248		
45.55		0.029518		
45.56		0.0295112		
45.57		0.0295044		
45.58		0.0294975		
45.59		0.0294907		
45.6		0.0294839		
45.61		0.0294771		
45.62		0.0294703		
45.63		0.0294635		
45.64		0.0294567		
45.65		0.0294499		
45.66		0.0294431		
45.67		0.0294363		
45.68		0.0294295		
45.69		0.0294227		
45.7		0.029416		
45.71		0.0294092		
45.72		0.0294024		
45.73		0.0293956		
45.74		0.0293888		
45.75		0.0293821		
45.76		0.0293753		
45.77		0.0293685		
45.78		0.0293618		
45.79		0.029355		
45.8		0.0293482		
45.81		0.0293415		
45.82		0.0293347		
45.83		0.029328		
45.84		0.0293212		
45.85		0.0293145		
45.86		0.0293078		
45.87		0.029301		
45.88		0.0292943		
45.89		0.0292875		
45.9		0.0292808		
45.91		0.0292741		
45.92		0.0292674		
45.93		0.0292606		
45.94		0.0292539		
45.95		0.0292472		
45.96		0.0292405		
45.97		0.0292338		
45.98		0.029227		
45.99		0.0292203		
46		0.0292136		
46.01		0.0292069		
46.02		0.0292002		
46.03		0.0291935		
46.04		0.0291868		
46.05		0.0291801		
46.06		0.0291734		
46.07		0.0291668		
46.08		0.0291601		
46.09		0.0291534		
46.1		0.0291467		
46.11		0.02914		
46.12		0.0291334		
46.13		0.0291267		
46.14		0.02912		
46.15		0.0291134		
46.16		0.0291067		
46.17		0.0291		
46.18		0.0290934		
46.19		0.0290867		
46.2		0.0290801		
46.21		0.0290734		
46.22		0.0290668		
46.23		0.0290601		
46.24		0.0290535		
46.25		0.0290468		
46.26		0.0290402		
46.27		0.0290335		
46.28		0.0290269		
46.29		0.0290203		
46.3		0.0290137		
46.31		0.029007		
46.32		0.0290004		
46.33		0.0289938		
46.34		0.0289872		
46.35		0.0289805		
46.36		0.0289739		
46.37		0.0289673		
46.38		0.0289607		
46.39		0.0289541		
46.4		0.0289475		
46.41		0.0289409		
46.42		0.0289343		
46.43		0.0289277		
46.44		0.0289211		
46.45		0.0289145		
46.46		0.0289079		
46.47		0.0289014		
46.48		0.0288948		
46.49		0.0288882		
46.5		0.0288816		
46.51		0.028875		
46.52		0.0288685		
46.53		0.0288619		
46.54		0.0288553		
46.55		0.0288488		
46.56		0.0288422		
46.57		0.0288356		
46.58		0.0288291		
46.59		0.0288225		
46.6		0.028816		
46.61		0.0288094		
46.62		0.0288029		
46.63		0.0287963		
46.64		0.0287898		
46.65		0.0287833		
46.66		0.0287767		
46.67		0.0287702		
46.68		0.0287636		
46.69		0.0287571		
46.7		0.0287506		
46.71		0.0287441		
46.72		0.0287375		
46.73		0.028731		
46.74		0.0287245		
46.75		0.028718		
46.76		0.0287115		
46.77		0.028705		
46.78		0.0286985		
46.79		0.028692		
46.8		0.0286855		
46.81		0.028679		
46.82		0.0286725		
46.83		0.028666		
46.84		0.0286595		
46.85		0.028653		
46.86		0.0286465		
46.87		0.02864		
46.88		0.0286335		
46.89		0.0286271		
46.9		0.0286206		
46.91		0.0286141		
46.92		0.0286076		
46.93		0.0286012		
46.94		0.0285947		
46.95		0.0285882		
46.96		0.0285818		
46.97		0.0285753		
46.98		0.0285688		
46.99		0.0285624		
47		0.0285559		
47.01		0.0285495		
47.02		0.028543		
47.03		0.0285366		
47.04		0.0285302		
47.05		0.0285237		
47.06		0.0285173		
47.07		0.0285108		
47.08		0.0285044		
47.09		0.028498		
47.1		0.0284916		
47.11		0.0284851		
47.12		0.0284787		
47.13		0.0284723		
47.14		0.0284659		
47.15		0.0284595		
47.16		0.028453		
47.17		0.0284466		
47.18		0.0284402		
47.19		0.0284338		
47.2		0.0284274		
47.21		0.028421		
47.22		0.0284146		
47.23		0.0284082		
47.24		0.0284018		
47.25		0.0283954		
47.26		0.028389		
47.27		0.0283827		
47.28		0.0283763		
47.29		0.0283699		
47.3		0.0283635		
47.31		0.0283571		
47.32		0.0283508		
47.33		0.0283444		
47.34		0.028338		
47.35		0.0283317		
47.36		0.0283253		
47.37		0.0283189		
47.38		0.0283126		
47.39		0.0283062		
47.4		0.0282999		
47.41		0.0282935		
47.42		0.0282872		
47.43		0.0282808		
47.44		0.0282745		
47.45		0.0282681		
47.46		0.0282618		
47.47		0.0282555		
47.48		0.0282491		
47.49		0.0282428		
47.5		0.0282365		
47.51		0.0282301		
47.52		0.0282238		
47.53		0.0282175		
47.54		0.0282112		
47.55		0.0282048		
47.56		0.0281985		
47.57		0.0281922		
47.58		0.0281859		
47.59		0.0281796		
47.6		0.0281733		
47.61		0.028167		
47.62		0.0281607		
47.63		0.0281544		
47.64		0.0281481		
47.65		0.0281418		
47.66		0.0281355		
47.67		0.0281292		
47.68		0.0281229		
47.69		0.0281166		
47.7		0.0281104		
47.71		0.0281041		
47.72		0.0280978		
47.73		0.0280915		
47.74		0.0280853		
47.75		0.028079		
47.76		0.0280727		
47.77		0.0280664		
47.78		0.0280602		
47.79		0.0280539		
47.8		0.0280477		
47.81		0.0280414		
47.82		0.0280352		
47.83		0.0280289		
47.84		0.0280227		
47.85		0.0280164		
47.86		0.0280102		
47.87		0.0280039		
47.88		0.0279977		
47.89		0.0279914		
47.9		0.0279852		
47.91		0.027979		
47.92		0.0279728		
47.93		0.0279665		
47.94		0.0279603		
47.95		0.0279541		
47.96		0.0279479		
47.97		0.0279416		
47.98		0.0279354		
47.99		0.0279292		
48		0.027923		
48.01		0.0279168		
48.02		0.0279106		
48.03		0.0279044		
48.04		0.0278982		
48.05		0.027892		
48.06		0.0278858		
48.07		0.0278796		
48.08		0.0278734		
48.09		0.0278672		
48.1		0.027861		
48.11		0.0278548		
48.12		0.0278486		
48.13		0.0278425		
48.14		0.0278363		
48.15		0.0278301		
48.16		0.0278239		
48.17		0.0278178		
48.18		0.0278116		
48.19		0.0278054		
48.2		0.0277993		
48.21		0.0277931		
48.22		0.0277869		
48.23		0.0277808		
48.24		0.0277746		
48.25		0.0277685		
48.26		0.0277623		
48.27		0.0277562		
48.28		0.02775		
48.29		0.0277439		
48.3		0.0277378		
48.31		0.0277316		
48.32		0.0277255		
48.33		0.0277193		
48.34		0.0277132		
48.35		0.0277071		
48.36		0.027701		
48.37		0.0276948		
48.38		0.0276887		
48.39		0.0276826		
48.4		0.0276765		
48.41		0.0276704		
48.42		0.0276642		
48.43		0.0276581		
48.44		0.027652		
48.45		0.0276459		
48.46		0.0276398		
48.47		0.0276337		
48.48		0.0276276		
48.49		0.0276215		
48.5		0.0276154		
48.51		0.0276093		
48.52		0.0276032		
48.53		0.0275972		
48.54		0.0275911		
48.55		0.027585		
48.56		0.0275789		
48.57		0.0275728		
48.58		0.0275667		
48.59		0.0275607		
48.6		0.0275546		
48.61		0.0275485		
48.62		0.0275425		
48.63		0.0275364		
48.64		0.0275303		
48.65		0.0275243		
48.66		0.0275182		
48.67		0.0275122		
48.68		0.0275061		
48.69		0.0275001		
48.7		0.027494		
48.71		0.027488		
48.72		0.0274819		
48.73		0.0274759		
48.74		0.0274698		
48.75		0.0274638		
48.76		0.0274578		
48.77		0.0274517		
48.78		0.0274457		
48.79		0.0274397		
48.8		0.0274336		
48.81		0.0274276		
48.82		0.0274216		
48.83		0.0274156		
48.84		0.0274096		
48.85		0.0274035		
48.86		0.0273975		
48.87		0.0273915		
48.88		0.0273855		
48.89		0.0273795		
48.9		0.0273735		
48.91		0.0273675		
48.92		0.0273615		
48.93		0.0273555		
48.94		0.0273495		
48.95		0.0273435		
48.96		0.0273375		
48.97		0.0273315		
48.98		0.0273256		
48.99		0.0273196		
49		0.0273136		
49.01		0.0273076		
49.02		0.0273016		
49.03		0.0272957		
49.04		0.0272897		
49.05		0.0272837		
49.06		0.0272777		
49.07		0.0272718		
49.08		0.0272658		
49.09		0.0272599		
49.1		0.0272539		
49.11		0.0272479		
49.12		0.027242		
49.13		0.027236		
49.14		0.0272301		
49.15		0.0272241		
49.16		0.0272182		
49.17		0.0272122		
49.18		0.0272063		
49.19		0.0272004		
49.2		0.0271944		
49.21		0.0271885		
49.22		0.0271826		
49.23		0.0271766		
49.24		0.0271707		
49.25		0.0271648		
49.26		0.0271588		
49.27		0.0271529		
49.28		0.027147		
49.29		0.0271411		
49.3		0.0271352		
49.31		0.0271293		
49.32		0.0271234		
49.33		0.0271174		
49.34		0.0271115		
49.35		0.0271056		
49.36		0.0270997		
49.37		0.0270938		
49.38		0.0270879		
49.39		0.027082		
49.4		0.0270761		
49.41		0.0270703		
49.42		0.0270644		
49.43		0.0270585		
49.44		0.0270526		
49.45		0.0270467		
49.46		0.0270408		
49.47		0.027035		
49.48		0.0270291		
49.49		0.0270232		
49.5		0.0270173		
49.51		0.0270115		
49.52		0.0270056		
49.53		0.0269997		
49.54		0.0269939		
49.55		0.026988		
49.56		0.0269822		
49.57		0.0269763		
49.58		0.0269704		
49.59		0.0269646		
49.6		0.0269587		
49.61		0.0269529		
49.62		0.0269471		
49.63		0.0269412		
49.64		0.0269354		
49.65		0.0269295		
49.66		0.0269237		
49.67		0.0269179		
49.68		0.026912		
49.69		0.0269062		
49.7		0.0269004		
49.71		0.0268945		
49.72		0.0268887		
49.73		0.0268829		
49.74		0.0268771		
49.75		0.0268713		
49.76		0.0268655		
49.77		0.0268596		
49.78		0.0268538		
49.79		0.026848		
49.8		0.0268422		
49.81		0.0268364		
49.82		0.0268306		
49.83		0.0268248		
49.84		0.026819		
49.85		0.0268132		
49.86		0.0268074		
49.87		0.0268016		
49.88		0.0267958		
49.89		0.0267901		
49.9		0.0267843		
49.91		0.0267785		
49.92		0.0267727		
49.93		0.0267669		
49.94		0.0267612		
49.95		0.0267554		
49.96		0.0267496		
49.97		0.0267438		
49.98		0.0267381		
49.99		0.0267323		
50		0.0267265		
