tau [fm]		tau_Pi
0.25		0.20276
0.26		0.197064		
0.27		0.191749		
0.28		0.186777		
0.29		0.182114		
0.3		0.17773		
0.31		0.173598		
0.32		0.169695		
0.33		0.166001		
0.34		0.1625		
0.35		0.159174		
0.36		0.15601		
0.37		0.152996		
0.38		0.150121		
0.39		0.147374		
0.4		0.144746		
0.41		0.142229		
0.42		0.139817		
0.43		0.137501		
0.44		0.135276		
0.45		0.133137		
0.46		0.131078		
0.47		0.129094		
0.48		0.127182		
0.49		0.125337		
0.5		0.123555		
0.51		0.121834		
0.52		0.120169		
0.53		0.118559		
0.54		0.116999		
0.55		0.115489		
0.56		0.114025		
0.57		0.112605		
0.58		0.111228		
0.59		0.10989		
0.6		0.108592		
0.61		0.10733		
0.62		0.106103		
0.63		0.10491		
0.64		0.10375		
0.65		0.10262		
0.66		0.10152		
0.67		0.100449		
0.68		0.0994057		
0.69		0.0983886		
0.7		0.0973971		
0.71		0.0964302		
0.72		0.0954869		
0.73		0.0945666		
0.74		0.0936683		
0.75		0.0927913		
0.76		0.091935		
0.77		0.0910986		
0.78		0.0902814		
0.79		0.089483		
0.8		0.0887026		
0.81		0.0879398		
0.82		0.0871939		
0.83		0.0864646		
0.84		0.0857512		
0.85		0.0850534		
0.86		0.0843707		
0.87		0.0837027		
0.88		0.083049		
0.89		0.0824092		
0.9		0.0817828		
0.91		0.0811697		
0.92		0.0805694		
0.93		0.0799815		
0.94		0.0794059		
0.95		0.0788422		
0.96		0.0782901		
0.97		0.0777493		
0.98		0.0772195		
0.99		0.0767006		
1		0.0761923		
1.01		0.0756942		
1.02		0.0752063		
1.03		0.0747283		
1.04		0.0742599		
1.05		0.073801		
1.06		0.0733514		
1.07		0.0729109		
1.08		0.0724793		
1.09		0.0720565		
1.1		0.0716422		
1.11		0.0712363		
1.12		0.0708386		
1.13		0.0704491		
1.14		0.0700675		
1.15		0.0696937		
1.16		0.0693276		
1.17		0.068969		
1.18		0.0686179		
1.19		0.068274		
1.2		0.0679373		
1.21		0.0676077		
1.22		0.067285		
1.23		0.0669692		
1.24		0.0666601		
1.25		0.0663576		
1.26		0.0660616		
1.27		0.0657721		
1.28		0.0654889		
1.29		0.065212		
1.3		0.0649412		
1.31		0.0646765		
1.32		0.0644178		
1.33		0.0641651		
1.34		0.0639181		
1.35		0.063677		
1.36		0.0634415		
1.37		0.0632117		
1.38		0.0629874		
1.39		0.0627686		
1.4		0.0625552		
1.41		0.0623472		
1.42		0.0621445		
1.43		0.061947		
1.44		0.0617547		
1.45		0.0615675		
1.46		0.0613854		
1.47		0.0612083		
1.48		0.0610361		
1.49		0.0608689		
1.5		0.0607065		
1.51		0.0605489		
1.52		0.0603961		
1.53		0.060248		
1.54		0.0601046		
1.55		0.0599658		
1.56		0.0598316		
1.57		0.0597019		
1.58		0.0595767		
1.59		0.059456		
1.6		0.0593397		
1.61		0.0592278		
1.62		0.0591202		
1.63		0.059017		
1.64		0.058918		
1.65		0.0588232		
1.66		0.0587327		
1.67		0.0586463		
1.68		0.058564		
1.69		0.0584859		
1.7		0.0584118		
1.71		0.0583418		
1.72		0.0582758		
1.73		0.0582138		
1.74		0.0581557		
1.75		0.0581016		
1.76		0.0580513		
1.77		0.058005		
1.78		0.0579624		
1.79		0.0579237		
1.8		0.0578888		
1.81		0.0578577		
1.82		0.0578303		
1.83		0.0578066		
1.84		0.0577866		
1.85		0.0577703		
1.86		0.0577576		
1.87		0.0577485		
1.88		0.0577431		
1.89		0.0577412		
1.9		0.0577429		
1.91		0.0577482		
1.92		0.0577569		
1.93		0.0577692		
1.94		0.0577849		
1.95		0.0578041		
1.96		0.0578267		
1.97		0.0578528		
1.98		0.0578823		
1.99		0.0579151		
2		0.0579513		
2.01		0.0579908		
2.02		0.0580337		
2.03		0.0580799		
2.04		0.0581294		
2.05		0.0581821		
2.06		0.0582382		
2.07		0.0582974		
2.08		0.0583599		
2.09		0.0584256		
2.1		0.0584945		
2.11		0.0585666		
2.12		0.0586419		
2.13		0.0587203		
2.14		0.0588018		
2.15		0.0588864		
2.16		0.0589742		
2.17		0.0590651		
2.18		0.059159		
2.19		0.059256		
2.2		0.059356		
2.21		0.0594591		
2.22		0.0595652		
2.23		0.0596743		
2.24		0.0597864		
2.25		0.0599015		
2.26		0.0600195		
2.27		0.0601406		
2.28		0.0602645		
2.29		0.0603914		
2.3		0.0605212		
2.31		0.0606539		
2.32		0.0607895		
2.33		0.060928		
2.34		0.0610694		
2.35		0.0612136		
2.36		0.0613607		
2.37		0.0615106		
2.38		0.0616633		
2.39		0.0618188		
2.4		0.0619772		
2.41		0.0621383		
2.42		0.0623022		
2.43		0.0624689		
2.44		0.0626384		
2.45		0.0628106		
2.46		0.0629855		
2.47		0.0631631		
2.48		0.0633435		
2.49		0.0635266		
2.5		0.0637123		
2.51		0.0639008		
2.52		0.0640919		
2.53		0.0642857		
2.54		0.0644822		
2.55		0.0646813		
2.56		0.064883		
2.57		0.0650874		
2.58		0.0652943		
2.59		0.0655039		
2.6		0.0657161		
2.61		0.0659309		
2.62		0.0661482		
2.63		0.0663681		
2.64		0.0665906		
2.65		0.0668156		
2.66		0.0670432		
2.67		0.0672733		
2.68		0.0675059		
2.69		0.0677411		
2.7		0.0679787		
2.71		0.0682189		
2.72		0.0684615		
2.73		0.0687066		
2.74		0.0689542		
2.75		0.0692043		
2.76		0.0694568		
2.77		0.0697117		
2.78		0.0699691		
2.79		0.0702289		
2.8		0.0704912		
2.81		0.0707558		
2.82		0.0710229		
2.83		0.0712924		
2.84		0.0715642		
2.85		0.0718384		
2.86		0.072115		
2.87		0.072394		
2.88		0.0726753		
2.89		0.072959		
2.9		0.073245		
2.91		0.0735334		
2.92		0.0738241		
2.93		0.0741171		
2.94		0.0744124		
2.95		0.07471		
2.96		0.0750099		
2.97		0.0753121		
2.98		0.0756166		
2.99		0.0759233		
3		0.0762323		
3.01		0.0765436		
3.02		0.0768571		
3.03		0.0771729		
3.04		0.0774909		
3.05		0.0778111		
3.06		0.0781336		
3.07		0.0784583		
3.08		0.0787852		
3.09		0.0791143		
3.1		0.0794455		
3.11		0.079779		
3.12		0.0801146		
3.13		0.0804525		
3.14		0.0807924		
3.15		0.0811346		
3.16		0.0814789		
3.17		0.0818253		
3.18		0.0821739		
3.19		0.0825246		
3.2		0.0828775		
3.21		0.0832324		
3.22		0.0835895		
3.23		0.0839487		
3.24		0.0843099		
3.25		0.0846733		
3.26		0.0850388		
3.27		0.0854063		
3.28		0.0857759		
3.29		0.0861476		
3.3		0.0865213		
3.31		0.0868971		
3.32		0.0872749		
3.33		0.0876548		
3.34		0.0880367		
3.35		0.0884206		
3.36		0.0888065		
3.37		0.0891945		
3.38		0.0895845		
3.39		0.0899764		
3.4		0.0903704		
3.41		0.0907664		
3.42		0.0911643		
3.43		0.0915642		
3.44		0.0919661		
3.45		0.09237		
3.46		0.0927758		
3.47		0.0931835		
3.48		0.0935933		
3.49		0.0940049		
3.5		0.0944185		
3.51		0.094834		
3.52		0.0952514		
3.53		0.0956708		
3.54		0.0960921		
3.55		0.0965152		
3.56		0.0969403		
3.57		0.0973672		
3.58		0.0977961		
3.59		0.0982268		
3.6		0.0986594		
3.61		0.0990939		
3.62		0.0995302		
3.63		0.0999684		
3.64		0.100408		
3.65		0.10085		
3.66		0.101294		
3.67		0.10174		
3.68		0.102187		
3.69		0.102636		
3.7		0.103087		
3.71		0.10354		
3.72		0.103995		
3.73		0.104451		
3.74		0.104909		
3.75		0.105369		
3.76		0.105831		
3.77		0.106295		
3.78		0.10676		
3.79		0.107227		
3.8		0.107696		
3.81		0.108167		
3.82		0.108639		
3.83		0.109113		
3.84		0.109589		
3.85		0.110067		
3.86		0.110546		
3.87		0.111027		
3.88		0.11151		
3.89		0.111994		
3.9		0.112481		
3.91		0.112968		
3.92		0.113458		
3.93		0.113949		
3.94		0.114442		
3.95		0.114937		
3.96		0.115433		
3.97		0.115931		
3.98		0.116431		
3.99		0.116932		
4		0.117435		
4.01		0.11794		
4.02		0.118446		
4.03		0.118954		
4.04		0.119463		
4.05		0.119974		
4.06		0.120487		
4.07		0.121001		
4.08		0.121517		
4.09		0.122035		
4.1		0.122554		
4.11		0.123075		
4.12		0.123597		
4.13		0.124121		
4.14		0.124647		
4.15		0.125174		
4.16		0.125702		
4.17		0.126233		
4.18		0.126764		
4.19		0.127298		
4.2		0.127833		
4.21		0.128369		
4.22		0.128907		
4.23		0.129446		
4.24		0.129987		
4.25		0.13053		
4.26		0.131074		
4.27		0.131619		
4.28		0.132167		
4.29		0.132715		
4.3		0.133265		
4.31		0.133817		
4.32		0.13437		
4.33		0.134924		
4.34		0.13548		
4.35		0.136038		
4.36		0.136597		
4.37		0.137157		
4.38		0.137719		
4.39		0.138282		
4.4		0.138847		
4.41		0.139413		
4.42		0.139981		
4.43		0.14055		
4.44		0.14112		
4.45		0.141692		
4.46		0.142265		
4.47		0.14284		
4.48		0.143416		
4.49		0.143994		
4.5		0.144573		
4.51		0.145153		
4.52		0.145735		
4.53		0.146318		
4.54		0.146902		
4.55		0.147488		
4.56		0.148075		
4.57		0.148664		
4.58		0.149254		
4.59		0.149845		
4.6		0.150438		
4.61		0.151031		
4.62		0.151627		
4.63		0.152223		
4.64		0.152821		
4.65		0.153421		
4.66		0.154021		
4.67		0.154623		
4.68		0.155226		
4.69		0.155831		
4.7		0.156437		
4.71		0.157044		
4.72		0.157652		
4.73		0.158262		
4.74		0.158873		
4.75		0.159485		
4.76		0.160099		
4.77		0.160713		
4.78		0.161329		
4.79		0.161947		
4.8		0.162565		
4.81		0.163185		
4.82		0.163806		
4.83		0.164428		
4.84		0.165052		
4.85		0.165677		
4.86		0.166302		
4.87		0.16693		
4.88		0.167558		
4.89		0.168188		
4.9		0.168818		
4.91		0.16945		
4.92		0.170084		
4.93		0.170718		
4.94		0.171353		
4.95		0.17199		
4.96		0.172628		
4.97		0.173267		
4.98		0.173907		
4.99		0.174549		
5		0.175191		
5.01		0.175835		
5.02		0.17648		
5.03		0.177126		
5.04		0.177773		
5.05		0.178421		
5.06		0.179071		
5.07		0.179721		
5.08		0.180373		
5.09		0.181026		
5.1		0.18168		
5.11		0.182335		
5.12		0.182991		
5.13		0.183648		
5.14		0.184306		
5.15		0.184965		
5.16		0.185626		
5.17		0.186287		
5.18		0.18695		
5.19		0.187614		
5.2		0.188278		
5.21		0.188944		
5.22		0.189611		
5.23		0.190279		
5.24		0.190948		
5.25		0.191618		
5.26		0.192289		
5.27		0.192961		
5.28		0.193634		
5.29		0.194308		
5.3		0.194983		
5.31		0.195659		
5.32		0.196336		
5.33		0.197014		
5.34		0.197694		
5.35		0.198374		
5.36		0.199055		
5.37		0.199737		
5.38		0.20042		
5.39		0.201104		
5.4		0.201789		
5.41		0.202475		
5.42		0.203162		
5.43		0.20385		
5.44		0.204539		
5.45		0.205229		
5.46		0.205919		
5.47		0.206611		
5.48		0.207304		
5.49		0.207997		
5.5		0.208692		
5.51		0.209387		
5.52		0.210084		
5.53		0.210781		
5.54		0.211479		
5.55		0.212178		
5.56		0.212878		
5.57		0.213579		
5.58		0.214281		
5.59		0.214984		
5.6		0.215687		
5.61		0.216392		
5.62		0.217097		
5.63		0.217803		
5.64		0.21851		
5.65		0.219218		
5.66		0.219927		
5.67		0.220636		
5.68		0.221347		
5.69		0.222058		
5.7		0.22277		
5.71		0.223483		
5.72		0.224197		
5.73		0.224911		
5.74		0.225627		
5.75		0.226343		
5.76		0.22706		
5.77		0.227778		
5.78		0.228497		
5.79		0.229216		
5.8		0.229937		
5.81		0.230658		
5.82		0.231379		
5.83		0.232102		
5.84		0.232825		
5.85		0.23355		
5.86		0.234275		
5.87		0.235		
5.88		0.235727		
5.89		0.236454		
5.9		0.237182		
5.91		0.237911		
5.92		0.23864		
5.93		0.23937		
5.94		0.240101		
5.95		0.240833		
5.96		0.241565		
5.97		0.242298		
5.98		0.243032		
5.99		0.243767		
6		0.244502		
6.01		0.245238		
6.02		0.245975		
6.03		0.246712		
6.04		0.24745		
6.05		0.248189		
6.06		0.248928		
6.07		0.249668		
6.08		0.250409		
6.09		0.251151		
6.1		0.251893		
6.11		0.252635		
6.12		0.253379		
6.13		0.254123		
6.14		0.254868		
6.15		0.255613		
6.16		0.256359		
6.17		0.257106		
6.18		0.257853		
6.19		0.258601		
6.2		0.259349		
6.21		0.260098		
6.22		0.260848		
6.23		0.261598		
6.24		0.262349		
6.25		0.263101		
6.26		0.263853		
6.27		0.264606		
6.28		0.265359		
6.29		0.266113		
6.3		0.266868		
6.31		0.267623		
6.32		0.268378		
6.33		0.269135		
6.34		0.269891		
6.35		0.270649		
6.36		0.271407		
6.37		0.272165		
6.38		0.272924		
6.39		0.273684		
6.4		0.274444		
6.41		0.275204		
6.42		0.275966		
6.43		0.276727		
6.44		0.27749		
6.45		0.278252		
6.46		0.279016		
6.47		0.279779		
6.48		0.280544		
6.49		0.281308		
6.5		0.282074		
6.51		0.282839		
6.52		0.283606		
6.53		0.284372		
6.54		0.28514		
6.55		0.285907		
6.56		0.286676		
6.57		0.287444		
6.58		0.288213		
6.59		0.288983		
6.6		0.289753		
6.61		0.290523		
6.62		0.291294		
6.63		0.292066		
6.64		0.292838		
6.65		0.29361		
6.66		0.294383		
6.67		0.295156		
6.68		0.295929		
6.69		0.296703		
6.7		0.297478		
6.71		0.298253		
6.72		0.299028		
6.73		0.299803		
6.74		0.300579		
6.75		0.301356		
6.76		0.302133		
6.77		0.30291		
6.78		0.303688		
6.79		0.304466		
6.8		0.305244		
6.81		0.306023		
6.82		0.306802		
6.83		0.307581		
6.84		0.308361		
6.85		0.309141		
6.86		0.309922		
6.87		0.310703		
6.88		0.311484		
6.89		0.312266		
6.9		0.313048		
6.91		0.31383		
6.92		0.314613		
6.93		0.315396		
6.94		0.316179		
6.95		0.316963		
6.96		0.317747		
6.97		0.318531		
6.98		0.319316		
6.99		0.3201		
7		0.320886		
7.01		0.321671		
7.02		0.322457		
7.03		0.323243		
7.04		0.324029		
7.05		0.324816		
7.06		0.325603		
7.07		0.32639		
7.08		0.327178		
7.09		0.327965		
7.1		0.328753		
7.11		0.329542		
7.12		0.33033		
7.13		0.331119		
7.14		0.331908		
7.15		0.332697		
7.16		0.333487		
7.17		0.334277		
7.18		0.335067		
7.19		0.335857		
7.2		0.336648		
7.21		0.337438		
7.22		0.338229		
7.23		0.33902		
7.24		0.339812		
7.25		0.340603		
7.26		0.341395		
7.27		0.342187		
7.28		0.34298		
7.29		0.343772		
7.3		0.344565		
7.31		0.345357		
7.32		0.34615		
7.33		0.346944		
7.34		0.347737		
7.35		0.34853		
7.36		0.349324		
7.37		0.350118		
7.38		0.350912		
7.39		0.351706		
7.4		0.352501		
7.41		0.353295		
7.42		0.35409		
7.43		0.354885		
7.44		0.35568		
7.45		0.356475		
7.46		0.35727		
7.47		0.358066		
7.48		0.358861		
7.49		0.359657		
7.5		0.360453		
7.51		0.361249		
7.52		0.362045		
7.53		0.362841		
7.54		0.363637		
7.55		0.364433		
7.56		0.36523		
7.57		0.366026		
7.58		0.366823		
7.59		0.36762		
7.6		0.368417		
7.61		0.369214		
7.62		0.370011		
7.63		0.370808		
7.64		0.371605		
7.65		0.372403		
7.66		0.3732		
7.67		0.373998		
7.68		0.374795		
7.69		0.375593		
7.7		0.37639		
7.71		0.377188		
7.72		0.377986		
7.73		0.378784		
7.74		0.379582		
7.75		0.380379		
7.76		0.381177		
7.77		0.381975		
7.78		0.382774		
7.79		0.383572		
7.8		0.38437		
7.81		0.385168		
7.82		0.385966		
7.83		0.386764		
7.84		0.387562		
7.85		0.388361		
7.86		0.389159		
7.87		0.389957		
7.88		0.390755		
7.89		0.391554		
7.9		0.392352		
7.91		0.39315		
7.92		0.393949		
7.93		0.394747		
7.94		0.395545		
7.95		0.396343		
7.96		0.397141		
7.97		0.39794		
7.98		0.398738		
7.99		0.399536		
8		0.400334		
8.01		0.401132		
8.02		0.40193		
8.03		0.402728		
8.04		0.403526		
8.05		0.404324		
8.06		0.405122		
8.07		0.40592		
8.08		0.406718		
8.09		0.407516		
8.1		0.408313		
8.11		0.409111		
8.12		0.409909		
8.13		0.410706		
8.14		0.411504		
8.15		0.412301		
8.16		0.413098		
8.17		0.413896		
8.18		0.414693		
8.19		0.41549		
8.2		0.416287		
8.21		0.417084		
8.22		0.417881		
8.23		0.418677		
8.24		0.419474		
8.25		0.420271		
8.26		0.421067		
8.27		0.421863		
8.28		0.42266		
8.29		0.423456		
8.3		0.424252		
8.31		0.425048		
8.32		0.425844		
8.33		0.42664		
8.34		0.427435		
8.35		0.428231		
8.36		0.429026		
8.37		0.429821		
8.38		0.430616		
8.39		0.431411		
8.4		0.432206		
8.41		0.433001		
8.42		0.433796		
8.43		0.43459		
8.44		0.435384		
8.45		0.436178		
8.46		0.436973		
8.47		0.437766		
8.48		0.43856		
8.49		0.439354		
8.5		0.440147		
8.51		0.44094		
8.52		0.441734		
8.53		0.442526		
8.54		0.443319		
8.55		0.444112		
8.56		0.444904		
8.57		0.445697		
8.58		0.446489		
8.59		0.447281		
8.6		0.448072		
8.61		0.448864		
8.62		0.449655		
8.63		0.450447		
8.64		0.451238		
8.65		0.452029		
8.66		0.452819		
8.67		0.45361		
8.68		0.4544		
8.69		0.45519		
8.7		0.45598		
8.71		0.45677		
8.72		0.457559		
8.73		0.458349		
8.74		0.459138		
8.75		0.459926		
8.76		0.460715		
8.77		0.461504		
8.78		0.462292		
8.79		0.46308		
8.8		0.463868		
8.81		0.464655		
8.82		0.465443		
8.83		0.46623		
8.84		0.467017		
8.85		0.467804		
8.86		0.46859		
8.87		0.469376		
8.88		0.470163		
8.89		0.470948		
8.9		0.471734		
8.91		0.472519		
8.92		0.473304		
8.93		0.474089		
8.94		0.474874		
8.95		0.475658		
8.96		0.476442		
8.97		0.477226		
8.98		0.47801		
8.99		0.478793		
9		0.479577		
9.01		0.48036		
9.02		0.481142		
9.03		0.481925		
9.04		0.482707		
9.05		0.483489		
9.06		0.48427		
9.07		0.485052		
9.08		0.485833		
9.09		0.486614		
9.1		0.487394		
9.11		0.488175		
9.12		0.488955		
9.13		0.489735		
9.14		0.490514		
9.15		0.491293		
9.16		0.492072		
9.17		0.492851		
9.18		0.493629		
9.19		0.494408		
9.2		0.495185		
9.21		0.495963		
9.22		0.49674		
9.23		0.497517		
9.24		0.498294		
9.25		0.499071		
9.26		0.499847		
9.27		0.500623		
9.28		0.501398		
9.29		0.502174		
9.3		0.502949		
9.31		0.503724		
9.32		0.504498		
9.33		0.505272		
9.34		0.506046		
9.35		0.50682		
9.36		0.507593		
9.37		0.508366		
9.38		0.509139		
9.39		0.509911		
9.4		0.510683		
9.41		0.511455		
9.42		0.512227		
9.43		0.512998		
9.44		0.513769		
9.45		0.514539		
9.46		0.515309		
9.47		0.516079		
9.48		0.516849		
9.49		0.517619		
9.5		0.518388		
9.51		0.519156		
9.52		0.519925		
9.53		0.520693		
9.54		0.521461		
9.55		0.522228		
9.56		0.522995		
9.57		0.523762		
9.58		0.524529		
9.59		0.525295		
9.6		0.526061		
9.61		0.526827		
9.62		0.527592		
9.63		0.528357		
9.64		0.529122		
9.65		0.529886		
9.66		0.53065		
9.67		0.531414		
9.68		0.532177		
9.69		0.53294		
9.7		0.533703		
9.71		0.534465		
9.72		0.535228		
9.73		0.535989		
9.74		0.536751		
9.75		0.537512		
9.76		0.538273		
9.77		0.539033		
9.78		0.539793		
9.79		0.540553		
9.8		0.541313		
9.81		0.542072		
9.82		0.542831		
9.83		0.543589		
9.84		0.544348		
9.85		0.545106		
9.86		0.545863		
9.87		0.54662		
9.88		0.547377		
9.89		0.548134		
9.9		0.54889		
9.91		0.549646		
9.92		0.550402		
9.93		0.551157		
9.94		0.551912		
9.95		0.552667		
9.96		0.553421		
9.97		0.554175		
9.98		0.554928		
9.99		0.555682		
10		0.556435		
10.01		0.557187		
10.02		0.55794		
10.03		0.558692		
10.04		0.559443		
10.05		0.560195		
10.06		0.560946		
10.07		0.561697		
10.08		0.562447		
10.09		0.563197		
10.1		0.563947		
10.11		0.564696		
10.12		0.565445		
10.13		0.566194		
10.14		0.566942		
10.15		0.56769		
10.16		0.568438		
10.17		0.569186		
10.18		0.569933		
10.19		0.57068		
10.2		0.571426		
10.21		0.572172		
10.22		0.572918		
10.23		0.573664		
10.24		0.574409		
10.25		0.575154		
10.26		0.575898		
10.27		0.576642		
10.28		0.577386		
10.29		0.57813		
10.3		0.578873		
10.31		0.579616		
10.32		0.580359		
10.33		0.581101		
10.34		0.581843		
10.35		0.582585		
10.36		0.583326		
10.37		0.584067		
10.38		0.584808		
10.39		0.585548		
10.4		0.586288		
10.41		0.587028		
10.42		0.587768		
10.43		0.588507		
10.44		0.589246		
10.45		0.589984		
10.46		0.590722		
10.47		0.59146		
10.48		0.592198		
10.49		0.592935		
10.5		0.593672		
10.51		0.594409		
10.52		0.595146		
10.53		0.595882		
10.54		0.596618		
10.55		0.597353		
10.56		0.598088		
10.57		0.598823		
10.58		0.599558		
10.59		0.600292		
10.6		0.601026		
10.61		0.60176		
10.62		0.602493		
10.63		0.603227		
10.64		0.603959		
10.65		0.604692		
10.66		0.605424		
10.67		0.606156		
10.68		0.606888		
10.69		0.60762		
10.7		0.608351		
10.71		0.609082		
10.72		0.609812		
10.73		0.610543		
10.74		0.611273		
10.75		0.612002		
10.76		0.612732		
10.77		0.613461		
10.78		0.61419		
10.79		0.614919		
10.8		0.615647		
10.81		0.616375		
10.82		0.617103		
10.83		0.617831		
10.84		0.618558		
10.85		0.619285		
10.86		0.620012		
10.87		0.620739		
10.88		0.621465		
10.89		0.622191		
10.9		0.622917		
10.91		0.623643		
10.92		0.624368		
10.93		0.625093		
10.94		0.625818		
10.95		0.626543		
10.96		0.627267		
10.97		0.627991		
10.98		0.628715		
10.99		0.629439		
11		0.630162		
11.01		0.630885		
11.02		0.631608		
11.03		0.632331		
11.04		0.633053		
11.05		0.633775		
11.06		0.634497		
11.07		0.635219		
11.08		0.635941		
11.09		0.636662		
11.1		0.637383		
11.11		0.638104		
11.12		0.638825		
11.13		0.639546		
11.14		0.640266		
11.15		0.640986		
11.16		0.641706		
11.17		0.642426		
11.18		0.643145		
11.19		0.643865		
11.2		0.644584		
11.21		0.645303		
11.22		0.646021		
11.23		0.64674		
11.24		0.647458		
11.25		0.648176		
11.26		0.648894		
11.27		0.649612		
11.28		0.65033		
11.29		0.651047		
11.3		0.651765		
11.31		0.652482		
11.32		0.653199		
11.33		0.653916		
11.34		0.654632		
11.35		0.655349		
11.36		0.656065		
11.37		0.656781		
11.38		0.657497		
11.39		0.658213		
11.4		0.658929		
11.41		0.659645		
11.42		0.66036		
11.43		0.661076		
11.44		0.661791		
11.45		0.662506		
11.46		0.663221		
11.47		0.663936		
11.48		0.66465		
11.49		0.665365		
11.5		0.666079		
11.51		0.666794		
11.52		0.667508		
11.53		0.668222		
11.54		0.668936		
11.55		0.66965		
11.56		0.670364		
11.57		0.671077		
11.58		0.671791		
11.59		0.672504		
11.6		0.673218		
11.61		0.673931		
11.62		0.674645		
11.63		0.675358		
11.64		0.676071		
11.65		0.676784		
11.66		0.677497		
11.67		0.67821		
11.68		0.678923		
11.69		0.679635		
11.7		0.680348		
11.71		0.681061		
11.72		0.681773		
11.73		0.682486		
11.74		0.683199		
11.75		0.683911		
11.76		0.684623		
11.77		0.685336		
11.78		0.686048		
11.79		0.686761		
11.8		0.687473		
11.81		0.688185		
11.82		0.688898		
11.83		0.68961		
11.84		0.690322		
11.85		0.691035		
11.86		0.691747		
11.87		0.692459		
11.88		0.693171		
11.89		0.693884		
11.9		0.694596		
11.91		0.695308		
11.92		0.696021		
11.93		0.696733		
11.94		0.697445		
11.95		0.698158		
11.96		0.69887		
11.97		0.699583		
11.98		0.700295		
11.99		0.701008		
12		0.701721		
12.01		0.702433		
12.02		0.703146		
12.03		0.703859		
12.04		0.704572		
12.05		0.705285		
12.06		0.705998		
12.07		0.706711		
12.08		0.707424		
12.09		0.708137		
12.1		0.70885		
12.11		0.709564		
12.12		0.710277		
12.13		0.710991		
12.14		0.711705		
12.15		0.712419		
12.16		0.713133		
12.17		0.713847		
12.18		0.714561		
12.19		0.715275		
12.2		0.71599		
12.21		0.716704		
12.22		0.717419		
12.23		0.718134		
12.24		0.718849		
12.25		0.719564		
12.26		0.72028		
12.27		0.720995		
12.28		0.721711		
12.29		0.722427		
12.3		0.723143		
12.31		0.723859		
12.32		0.724575		
12.33		0.725292		
12.34		0.726009		
12.35		0.726726		
12.36		0.727443		
12.37		0.72816		
12.38		0.728878		
12.39		0.729596		
12.4		0.730314		
12.41		0.731032		
12.42		0.73175		
12.43		0.732469		
12.44		0.733188		
12.45		0.733907		
12.46		0.734627		
12.47		0.735346		
12.48		0.736066		
12.49		0.736786		
12.5		0.737507		
12.51		0.738228		
12.52		0.738949		
12.53		0.73967		
12.54		0.740392		
12.55		0.741114		
12.56		0.741836		
12.57		0.742558		
12.58		0.743281		
12.59		0.744004		
12.6		0.744728		
12.61		0.745452		
12.62		0.746176		
12.63		0.7469		
12.64		0.747625		
12.65		0.74835		
12.66		0.749076		
12.67		0.749801		
12.68		0.750528		
12.69		0.751254		
12.7		0.751981		
12.71		0.752708		
12.72		0.753436		
12.73		0.754164		
12.74		0.754893		
12.75		0.755621		
12.76		0.756351		
12.77		0.75708		
12.78		0.75781		
12.79		0.758541		
12.8		0.759272		
12.81		0.760003		
12.82		0.760735		
12.83		0.761467		
12.84		0.7622		
12.85		0.762933		
12.86		0.763667		
12.87		0.764401		
12.88		0.765135		
12.89		0.76587		
12.9		0.766606		
12.91		0.767342		
12.92		0.768078		
12.93		0.768815		
12.94		0.769553		
12.95		0.770291		
12.96		0.771029		
12.97		0.771768		
12.98		0.772508		
12.99		0.773248		
13		0.773989		
13.01		0.77473		
13.02		0.775472		
13.03		0.776214		
13.04		0.776957		
13.05		0.7777		
13.06		0.778444		
13.07		0.779189		
13.08		0.779934		
13.09		0.78068		
13.1		0.781426		
13.11		0.782173		
13.12		0.782921		
13.13		0.783669		
13.14		0.784418		
13.15		0.785167		
13.16		0.785918		
13.17		0.786668		
13.18		0.78742		
13.19		0.788172		
13.2		0.788925		
13.21		0.789678		
13.22		0.790432		
13.23		0.791187		
13.24		0.791942		
13.25		0.792699		
13.26		0.793455		
13.27		0.794213		
13.28		0.794971		
13.29		0.79573		
13.3		0.79649		
13.31		0.79725		
13.32		0.798012		
13.33		0.798774		
13.34		0.799536		
13.35		0.8003		
13.36		0.801064		
13.37		0.801829		
13.38		0.802595		
13.39		0.803362		
13.4		0.804129		
13.41		0.804897		
13.42		0.805666		
13.43		0.806436		
13.44		0.807207		
13.45		0.807978		
13.46		0.808751		
13.47		0.809524		
13.48		0.810298		
13.49		0.811073		
13.5		0.811848		
13.51		0.812625		
13.52		0.813402		
13.53		0.814181		
13.54		0.81496		
13.55		0.81574		
13.56		0.816521		
13.57		0.817303		
13.58		0.818086		
13.59		0.81887		
13.6		0.819655		
13.61		0.820441		
13.62		0.821228		
13.63		0.822015		
13.64		0.822804		
13.65		0.823593		
13.66		0.824384		
13.67		0.825176		
13.68		0.825968		
13.69		0.826762		
13.7		0.827556		
13.71		0.828352		
13.72		0.829149		
13.73		0.829946		
13.74		0.830745		
13.75		0.831545		
13.76		0.832346		
13.77		0.833147		
13.78		0.83395		
13.79		0.834754		
13.8		0.835559		
13.81		0.836366		
13.82		0.837173		
13.83		0.837981		
13.84		0.838791		
13.85		0.839602		
13.86		0.840413		
13.87		0.841226		
13.88		0.842041		
13.89		0.842856		
13.9		0.843672		
13.91		0.84449		
13.92		0.845309		
13.93		0.846129		
13.94		0.84695		
13.95		0.847772		
13.96		0.848596		
13.97		0.84942		
13.98		0.850247		
13.99		0.851074		
14		0.851902		
14.01		0.852732		
14.02		0.853563		
14.03		0.854395		
14.04		0.855229		
14.05		0.856064		
14.06		0.8569		
14.07		0.857738		
14.08		0.858576		
14.09		0.859416		
14.1		0.860258		
14.11		0.861101		
14.12		0.861945		
14.13		0.86279		
14.14		0.863637		
14.15		0.864485		
14.16		0.865335		
14.17		0.866186		
14.18		0.867038		
14.19		0.867892		
14.2		0.868747		
14.21		0.869604		
14.22		0.870462		
14.23		0.871321		
14.24		0.872182		
14.25		0.873045		
14.26		0.873908		
14.27		0.874774		
14.28		0.875641		
14.29		0.876509		
14.3		0.877379		
14.31		0.87825		
14.32		0.879123		
14.33		0.879997		
14.34		0.880873		
14.35		0.88175		
14.36		0.882629		
14.37		0.88351		
14.38		0.884392		
14.39		0.885276		
14.4		0.886161		
14.41		0.887048		
14.42		0.887936		
14.43		0.888827		
14.44		0.889718		
14.45		0.890612		
14.46		0.891507		
14.47		0.892403		
14.48		0.893302		
14.49		0.894202		
14.5		0.895103		
14.51		0.896007		
14.52		0.896912		
14.53		0.897819		
14.54		0.898727		
14.55		0.899637		
14.56		0.900549		
14.57		0.901463		
14.58		0.902379		
14.59		0.903296		
14.6		0.904215		
14.61		0.905136		
14.62		0.906058		
14.63		0.906983		
14.64		0.907909		
14.65		0.908837		
14.66		0.909767		
14.67		0.910698		
14.68		0.911632		
14.69		0.912567		
14.7		0.913505		
14.71		0.914444		
14.72		0.915385		
14.73		0.916328		
14.74		0.917273		
14.75		0.918219		
14.76		0.919168		
14.77		0.920119		
14.78		0.921071		
14.79		0.922026		
14.8		0.922982		
14.81		0.923941		
14.82		0.924901		
14.83		0.925864		
14.84		0.926828		
14.85		0.927795		
14.86		0.928763		
14.87		0.929734		
14.88		0.930707		
14.89		0.931681		
14.9		0.932658		
14.91		0.933637		
14.92		0.934618		
14.93		0.935601		
14.94		0.936586		
14.95		0.937573		
14.96		0.938563		
14.97		0.939554		
14.98		0.940548		
14.99		0.941544		
15		0.942542		
15.01		0.943542		
15.02		0.944544		
15.03		0.945549		
15.04		0.946556		
15.05		0.947565		
15.06		0.948576		
15.07		0.949589		
15.08		0.950605		
15.09		0.951623		
15.1		0.952643		
15.11		0.953666		
15.12		0.954691		
15.13		0.955718		
15.14		0.956747		
15.15		0.957779		
15.16		0.958813		
15.17		0.95985		
15.18		0.960889		
15.19		0.96193		
15.2		0.962974		
15.21		0.96402		
15.22		0.965068		
15.23		0.966119		
15.24		0.967172		
15.25		0.968228		
15.26		0.969286		
15.27		0.970347		
15.28		0.97141		
15.29		0.972475		
15.3		0.973543		
15.31		0.974614		
15.32		0.975687		
15.33		0.976762		
15.34		0.977841		
15.35		0.978921		
15.36		0.980004		
15.37		0.98109		
15.38		0.982179		
15.39		0.98327		
15.4		0.984363		
15.41		0.985459		
15.42		0.986558		
15.43		0.98766		
15.44		0.988764		
15.45		0.98987		
15.46		0.99098		
15.47		0.992092		
15.48		0.993207		
15.49		0.994324		
15.5		0.995444		
15.51		0.996567		
15.52		0.997693		
15.53		0.998821		
15.54		0.999953		
15.55		1.00109		
15.56		1.00222		
15.57		1.00336		
15.58		1.00451		
15.59		1.00565		
15.6		1.0068		
15.61		1.00795		
15.62		1.0091		
15.63		1.01026		
15.64		1.01142		
15.65		1.01258		
15.66		1.01375		
15.67		1.01491		
15.68		1.01609		
15.69		1.01726		
15.7		1.01844		
15.71		1.01962		
15.72		1.0208		
15.73		1.02199		
15.74		1.02317		
15.75		1.02437		
15.76		1.02556		
15.77		1.02676		
15.78		1.02796		
15.79		1.02916		
15.8		1.03037		
15.81		1.03158		
15.82		1.03279		
15.83		1.03401		
15.84		1.03523		
15.85		1.03645		
15.86		1.03768		
15.87		1.03891		
15.88		1.04014		
15.89		1.04138		
15.9		1.04261		
15.91		1.04386		
15.92		1.0451		
15.93		1.04635		
15.94		1.0476		
15.95		1.04885		
15.96		1.05011		
15.97		1.05137		
15.98		1.05264		
15.99		1.05391		
16		1.05518		
16.01		1.05645		
16.02		1.05773		
16.03		1.05901		
16.04		1.06029		
16.05		1.06158		
16.06		1.06287		
16.07		1.06417		
16.08		1.06547		
16.09		1.06677		
16.1		1.06807		
16.11		1.06938		
16.12		1.07069		
16.13		1.07201		
16.14		1.07333		
16.15		1.07465		
16.16		1.07597		
16.17		1.0773		
16.18		1.07864		
16.19		1.07997		
16.2		1.08131		
16.21		1.08266		
16.22		1.084		
16.23		1.08535		
16.24		1.08671		
16.25		1.08807		
16.26		1.08943		
16.27		1.09079		
16.28		1.09216		
16.29		1.09354		
16.3		1.09491		
16.31		1.09629		
16.32		1.09768		
16.33		1.09906		
16.34		1.10046		
16.35		1.10185		
16.36		1.10325		
16.37		1.10465		
16.38		1.10606		
16.39		1.10747		
16.4		1.10888		
16.41		1.1103		
16.42		1.11172		
16.43		1.11315		
16.44		1.11458		
16.45		1.11601		
16.46		1.11745		
16.47		1.11889		
16.48		1.12034		
16.49		1.12179		
16.5		1.12324		
16.51		1.1247		
16.52		1.12616		
16.53		1.12762		
16.54		1.12909		
16.55		1.13057		
16.56		1.13204		
16.57		1.13352		
16.58		1.13501		
16.59		1.1365		
16.6		1.13799		
16.61		1.13949		
16.62		1.14099		
16.63		1.1425		
16.64		1.14401		
16.65		1.14552		
16.66		1.14704		
16.67		1.14857		
16.68		1.15009		
16.69		1.15162		
16.7		1.15316		
16.71		1.1547		
16.72		1.15624		
16.73		1.15779		
16.74		1.15934		
16.75		1.1609		
16.76		1.16246		
16.77		1.16403		
16.78		1.1656		
16.79		1.16717		
16.8		1.16875		
16.81		1.17033		
16.82		1.17192		
16.83		1.17351		
16.84		1.17511		
16.85		1.17671		
16.86		1.17832		
16.87		1.17993		
16.88		1.18154		
16.89		1.18316		
16.9		1.18478		
16.91		1.18641		
16.92		1.18804		
16.93		1.18968		
16.94		1.19132		
16.95		1.19297		
16.96		1.19462		
16.97		1.19628		
16.98		1.19794		
16.99		1.1996		
17		1.20127		
17.01		1.20294		
17.02		1.20462		
17.03		1.20631		
17.04		1.208		
17.05		1.20969		
17.06		1.21139		
17.07		1.21309		
17.08		1.2148		
17.09		1.21651		
17.1		1.21823		
17.11		1.21995		
17.12		1.22167		
17.13		1.22341		
17.14		1.22514		
17.15		1.22688		
17.16		1.22863		
17.17		1.23038		
17.18		1.23214		
17.19		1.2339		
17.2		1.23567		
17.21		1.23744		
17.22		1.23921		
17.23		1.24099		
17.24		1.24278		
17.25		1.24457		
17.26		1.24637		
17.27		1.24817		
17.28		1.24998		
17.29		1.25179		
17.3		1.2536		
17.31		1.25543		
17.32		1.25725		
17.33		1.25909		
17.34		1.26092		
17.35		1.26277		
17.36		1.26461		
17.37		1.26647		
17.38		1.26832		
17.39		1.27019		
17.4		1.27206		
17.41		1.27393		
17.42		1.27581		
17.43		1.2777		
17.44		1.27959		
17.45		1.28148		
17.46		1.28338		
17.47		1.28529		
17.48		1.2872		
17.49		1.28912		
17.5		1.29104		
17.51		1.29297		
17.52		1.2949		
17.53		1.29684		
17.54		1.29878		
17.55		1.30073		
17.56		1.30269		
17.57		1.30465		
17.58		1.30662		
17.59		1.30859		
17.6		1.31057		
17.61		1.31255		
17.62		1.31454		
17.63		1.31653		
17.64		1.31853		
17.65		1.32054		
17.66		1.32255		
17.67		1.32457		
17.68		1.32659		
17.69		1.32862		
17.7		1.33065		
17.71		1.33269		
17.72		1.33474		
17.73		1.33679		
17.74		1.33885		
17.75		1.34091		
17.76		1.34298		
17.77		1.34506		
17.78		1.34714		
17.79		1.34923		
17.8		1.35132		
17.81		1.35342		
17.82		1.35552		
17.83		1.35763		
17.84		1.35975		
17.85		1.36187		
17.86		1.364		
17.87		1.36614		
17.88		1.36828		
17.89		1.37042		
17.9		1.37258		
17.91		1.37474		
17.92		1.3769		
17.93		1.37907		
17.94		1.38125		
17.95		1.38343		
17.96		1.38562		
17.97		1.38782		
17.98		1.39002		
17.99		1.39223		
18		1.39445		
18.01		1.39667		
18.02		1.39889		
18.03		1.40113		
18.04		1.40337		
18.05		1.40561		
18.06		1.40787		
18.07		1.41012		
18.08		1.41239		
18.09		1.41466		
18.1		1.41694		
18.11		1.41922		
18.12		1.42152		
18.13		1.42381		
18.14		1.42612		
18.15		1.42843		
18.16		1.43074		
18.17		1.43307		
18.18		1.4354		
18.19		1.43773		
18.2		1.44008		
18.21		1.44243		
18.22		1.44478		
18.23		1.44715		
18.24		1.44952		
18.25		1.45189		
18.26		1.45428		
18.27		1.45666		
18.28		1.45906		
18.29		1.46146		
18.3		1.46387		
18.31		1.46629		
18.32		1.46871		
18.33		1.47114		
18.34		1.47358		
18.35		1.47603		
18.36		1.47848		
18.37		1.48093		
18.38		1.4834		
18.39		1.48587		
18.4		1.48835		
18.41		1.49083		
18.42		1.49333		
18.43		1.49583		
18.44		1.49833		
18.45		1.50085		
18.46		1.50337		
18.47		1.50589		
18.48		1.50843		
18.49		1.51097		
18.5		1.51352		
18.51		1.51607		
18.52		1.51864		
18.53		1.52121		
18.54		1.52378		
18.55		1.52637		
18.56		1.52896		
18.57		1.53156		
18.58		1.53417		
18.59		1.53678		
18.6		1.5394		
18.61		1.54203		
18.62		1.54466		
18.63		1.54731		
18.64		1.54996		
18.65		1.55261		
18.66		1.55528		
18.67		1.55795		
18.68		1.56063		
18.69		1.56332		
18.7		1.56601		
18.71		1.56871		
18.72		1.57142		
18.73		1.57414		
18.74		1.57686		
18.75		1.5796		
18.76		1.58234		
18.77		1.58508		
18.78		1.58784		
18.79		1.5906		
18.8		1.59337		
18.81		1.59615		
18.82		1.59893		
18.83		1.60173		
18.84		1.60453		
18.85		1.60734		
18.86		1.61015		
18.87		1.61298		
18.88		1.61581		
18.89		1.61865		
18.9		1.6215		
18.91		1.62435		
18.92		1.62721		
18.93		1.63009		
18.94		1.63297		
18.95		1.63585		
18.96		1.63875		
18.97		1.64165		
18.98		1.64456		
18.99		1.64748		
19		1.65041		
19.01		1.65334		
19.02		1.65628		
19.03		1.65924		
19.04		1.66219		
19.05		1.66516		
19.06		1.66814		
19.07		1.67112		
19.08		1.67411		
19.09		1.67711		
19.1		1.68012		
19.11		1.68314		
19.12		1.68616		
19.13		1.68919		
19.14		1.69223		
19.15		1.69528		
19.16		1.69834		
19.17		1.70141		
19.18		1.70448		
19.19		1.70756		
19.2		1.71065		
19.21		1.73043		
19.22		1.73036		
19.23		1.73029		
19.24		1.73021		
19.25		1.73014		
19.26		1.73006		
19.27		1.72997		
19.28		1.72989		
19.29		1.7298		
19.3		1.72972		
19.31		1.72962		
19.32		1.72953		
19.33		1.72943		
19.34		1.72934		
19.35		1.72923		
19.36		1.72913		
19.37		1.72903		
19.38		1.72892		
19.39		1.72881		
19.4		1.72869		
19.41		1.72858		
19.42		1.72846		
19.43		1.72834		
19.44		1.72822		
19.45		1.7281		
19.46		1.72797		
19.47		1.72784		
19.48		1.72771		
19.49		1.72758		
19.5		1.72744		
19.51		1.7273		
19.52		1.72716		
19.53		1.72702		
19.54		1.72688		
19.55		1.72673		
19.56		1.72658		
19.57		1.72643		
19.58		1.72628		
19.59		1.72613		
19.6		1.72597		
19.61		1.72581		
19.62		1.72565		
19.63		1.72548		
19.64		1.72532		
19.65		1.72515		
19.66		1.72498		
19.67		1.72481		
19.68		1.72464		
19.69		1.72446		
19.7		1.72428		
19.71		1.7241		
19.72		1.72392		
19.73		1.72374		
19.74		1.72355		
19.75		1.72336		
19.76		1.72317		
19.77		1.72298		
19.78		1.72279		
19.79		1.72259		
19.8		1.72239		
19.81		1.72219		
19.82		1.72199		
19.83		1.72179		
19.84		1.72158		
19.85		1.72137		
19.86		1.72116		
19.87		1.72095		
19.88		1.72074		
19.89		1.72052		
19.9		1.72031		
19.91		1.72009		
19.92		1.71987		
19.93		1.71965		
19.94		1.71942		
19.95		1.7192		
19.96		1.71897		
19.97		1.71874		
19.98		1.71851		
19.99		1.71827		
20		1.71804		
20.01		1.7178		
20.02		1.71756		
20.03		1.71732		
20.04		1.71708		
20.05		1.71683		
20.06		1.71659		
20.07		1.71634		
20.08		1.71609		
20.09		1.71584		
20.1		1.71559		
20.11		1.71533		
20.12		1.71508		
20.13		1.71482		
20.14		1.71456		
20.15		1.7143		
20.16		1.71404		
20.17		1.71377		
20.18		1.71351		
20.19		1.71324		
20.2		1.71297		
20.21		1.7127		
20.22		1.71243		
20.23		1.71215		
20.24		1.71188		
20.25		1.7116		
20.26		1.71132		
20.27		1.71104		
20.28		1.71076		
20.29		1.71047		
20.3		1.71019		
20.31		1.7099		
20.32		1.70961		
20.33		1.70932		
20.34		1.70903		
20.35		1.70874		
20.36		1.70845		
20.37		1.70815		
20.38		1.70785		
20.39		1.70755		
20.4		1.70725		
20.41		1.70695		
20.42		1.70665		
20.43		1.70634		
20.44		1.70604		
20.45		1.70573		
20.46		1.70542		
20.47		1.70511		
20.48		1.7048		
20.49		1.70448		
20.5		1.70417		
20.51		1.70385		
20.52		1.70353		
20.53		1.70321		
20.54		1.70289		
20.55		1.70257		
20.56		1.70225		
20.57		1.70192		
20.58		1.7016		
20.59		1.70127		
20.6		1.70094		
20.61		1.70061		
20.62		1.70028		
20.63		1.69994		
20.64		1.69961		
20.65		1.69927		
20.66		1.69894		
20.67		1.6986		
20.68		1.69826		
20.69		1.69792		
20.7		1.69758		
20.71		1.69723		
20.72		1.69689		
20.73		1.69654		
20.74		1.69619		
20.75		1.69585		
20.76		1.6955		
20.77		1.69514		
20.78		1.69479		
20.79		1.69444		
20.8		1.69408		
20.81		1.69373		
20.82		1.69337		
20.83		1.69301		
20.84		1.69265		
20.85		1.69229		
20.86		1.69193		
20.87		1.69156		
20.88		1.6912		
20.89		1.69083		
20.9		1.69047		
20.91		1.6901		
20.92		1.68973		
20.93		1.68936		
20.94		1.68899		
20.95		1.68861		
20.96		1.68824		
20.97		1.68787		
20.98		1.68749		
20.99		1.68711		
21		1.68673		
21.01		1.68635		
21.02		1.68597		
21.03		1.68559		
21.04		1.68521		
21.05		1.68482		
21.06		1.68444		
21.07		1.68405		
21.08		1.68366		
21.09		1.68328		
21.1		1.68289		
21.11		1.6825		
21.12		1.6821		
21.13		1.68171		
21.14		1.68132		
21.15		1.68092		
21.16		1.68053		
21.17		1.68013		
21.18		1.67973		
21.19		1.67933		
21.2		1.67893		
21.21		1.67853		
21.22		1.67813		
21.23		1.67773		
21.24		1.67732		
21.25		1.67692		
21.26		1.67651		
21.27		1.6761		
21.28		1.6757		
21.29		1.67529		
21.3		1.67488		
21.31		1.67447		
21.32		1.67405		
21.33		1.67364		
21.34		1.67323		
21.35		1.67281		
21.36		1.6724		
21.37		1.67198		
21.38		1.67156		
21.39		1.67114		
21.4		1.67072		
21.41		1.6703		
21.42		1.66988		
21.43		1.66946		
21.44		1.66904		
21.45		1.66861		
21.46		1.66819		
21.47		1.66776		
21.48		1.66734		
21.49		1.66691		
21.5		1.66648		
21.51		1.66605		
21.52		1.66562		
21.53		1.66519		
21.54		1.66476		
21.55		1.66432		
21.56		1.66389		
21.57		1.66346		
21.58		1.66302		
21.59		1.66258		
21.6		1.66215		
21.61		1.66171		
21.62		1.66127		
21.63		1.66083		
21.64		1.66039		
21.65		1.65995		
21.66		1.65951		
21.67		1.65906		
21.68		1.65862		
21.69		1.65817		
21.7		1.65773		
21.71		1.65728		
21.72		1.65684		
21.73		1.65639		
21.74		1.65594		
21.75		1.65549		
21.76		1.65504		
21.77		1.65459		
21.78		1.65414		
21.79		1.65369		
21.8		1.65323		
21.81		1.65278		
21.82		1.65232		
21.83		1.65187		
21.84		1.65141		
21.85		1.65096		
21.86		1.6505		
21.87		1.65004		
21.88		1.64958		
21.89		1.64912		
21.9		1.64866		
21.91		1.6482		
21.92		1.64774		
21.93		1.64727		
21.94		1.64681		
21.95		1.64635		
21.96		1.64588		
21.97		1.64542		
21.98		1.64495		
21.99		1.64448		
22		1.64402		
22.01		1.64355		
22.02		1.64308		
22.03		1.64261		
22.04		1.64214		
22.05		1.64167		
22.06		1.6412		
22.07		1.64072		
22.08		1.64025		
22.09		1.63978		
22.1		1.6393		
22.11		1.63883		
22.12		1.63835		
22.13		1.63788		
22.14		1.6374		
22.15		1.63692		
22.16		1.63645		
22.17		1.63597		
22.18		1.63549		
22.19		1.63501		
22.2		1.63453		
22.21		1.63405		
22.22		1.63357		
22.23		1.63308		
22.24		1.6326		
22.25		1.63212		
22.26		1.63163		
22.27		1.63115		
22.28		1.63066		
22.29		1.63018		
22.3		1.62969		
22.31		1.6292		
22.32		1.62872		
22.33		1.62823		
22.34		1.62774		
22.35		1.62725		
22.36		1.62676		
22.37		1.62627		
22.38		1.62578		
22.39		1.62529		
22.4		1.6248		
22.41		1.6243		
22.42		1.62381		
22.43		1.62332		
22.44		1.62282		
22.45		1.62233		
22.46		1.62183		
22.47		1.62134		
22.48		1.62084		
22.49		1.62034		
22.5		1.61985		
22.51		1.61935		
22.52		1.61885		
22.53		1.61835		
22.54		1.61785		
22.55		1.61735		
22.56		1.61685		
22.57		1.61635		
22.58		1.61585		
22.59		1.61535		
22.6		1.61485		
22.61		1.61434		
22.62		1.61384		
22.63		1.61334		
22.64		1.61283		
22.65		1.61233		
22.66		1.61182		
22.67		1.61132		
22.68		1.61081		
22.69		1.6103		
22.7		1.6098		
22.71		1.60929		
22.72		1.60878		
22.73		1.60827		
22.74		1.60776		
22.75		1.60726		
22.76		1.60675		
22.77		1.60624		
22.78		1.60572		
22.79		1.60521		
22.8		1.6047		
22.81		1.60419		
22.82		1.60368		
22.83		1.60317		
22.84		1.60265		
22.85		1.60214		
22.86		1.60162		
22.87		1.60111		
22.88		1.6006		
22.89		1.60008		
22.9		1.59956		
22.91		1.59905		
22.92		1.59853		
22.93		1.59802		
22.94		1.5975		
22.95		1.59698		
22.96		1.59646		
22.97		1.59594		
22.98		1.59543		
22.99		1.59491		
23		1.59439		
23.01		1.59387		
23.02		1.59335		
23.03		1.59283		
23.04		1.5923		
23.05		1.59178		
23.06		1.59126		
23.07		1.59074		
23.08		1.59022		
23.09		1.58969		
23.1		1.58917		
23.11		1.58865		
23.12		1.58812		
23.13		1.5876		
23.14		1.58707		
23.15		1.58655		
23.16		1.58602		
23.17		1.5855		
23.18		1.58497		
23.19		1.58445		
23.2		1.58392		
23.21		1.58339		
23.22		1.58286		
23.23		1.58234		
23.24		1.58181		
23.25		1.58128		
23.26		1.58075		
23.27		1.58022		
23.28		1.57969		
23.29		1.57916		
23.3		1.57863		
23.31		1.5781		
23.32		1.57757		
23.33		1.57704		
23.34		1.57651		
23.35		1.57598		
23.36		1.57545		
23.37		1.57492		
23.38		1.57438		
23.39		1.57385		
23.4		1.57332		
23.41		1.57279		
23.42		1.57225		
23.43		1.57172		
23.44		1.57118		
23.45		1.57065		
23.46		1.57011		
23.47		1.56958		
23.48		1.56905		
23.49		1.56851		
23.5		1.56797		
23.51		1.56744		
23.52		1.5669		
23.53		1.56637		
23.54		1.56583		
23.55		1.56529		
23.56		1.56475		
23.57		1.56422		
23.58		1.56368		
23.59		1.56314		
23.6		1.5626		
23.61		1.56206		
23.62		1.56153		
23.63		1.56099		
23.64		1.56045		
23.65		1.55991		
23.66		1.55937		
23.67		1.55883		
23.68		1.55829		
23.69		1.55775		
23.7		1.55721		
23.71		1.55667		
23.72		1.55613		
23.73		1.55558		
23.74		1.55504		
23.75		1.5545		
23.76		1.55396		
23.77		1.55342		
23.78		1.55287		
23.79		1.55233		
23.8		1.55179		
23.81		1.55125		
23.82		1.5507		
23.83		1.55016		
23.84		1.54962		
23.85		1.54907		
23.86		1.54853		
23.87		1.54798		
23.88		1.54744		
23.89		1.54689		
23.9		1.54635		
23.91		1.5458		
23.92		1.54526		
23.93		1.54471		
23.94		1.54417		
23.95		1.54362		
23.96		1.54308		
23.97		1.54253		
23.98		1.54198		
23.99		1.54144		
24		1.54089		
24.01		1.54034		
24.02		1.5398		
24.03		1.53925		
24.04		1.5387		
24.05		1.53815		
24.06		1.53761		
24.07		1.53706		
24.08		1.53651		
24.09		1.53596		
24.1		1.53541		
24.11		1.53486		
24.12		1.53432		
24.13		1.53377		
24.14		1.53322		
24.15		1.53267		
24.16		1.53212		
24.17		1.53157		
24.18		1.53102		
24.19		1.53047		
24.2		1.52992		
24.21		1.52937		
24.22		1.52882		
24.23		1.52827		
24.24		1.52772		
24.25		1.52717		
24.26		1.52662		
24.27		1.52607		
24.28		1.52552		
24.29		1.52497		
24.3		1.52441		
24.31		1.52386		
24.32		1.52331		
24.33		1.52276		
24.34		1.52221		
24.35		1.52166		
24.36		1.5211		
24.37		1.52055		
24.38		1.52		
24.39		1.51945		
24.4		1.51889		
24.41		1.51834		
24.42		1.51779		
24.43		1.51724		
24.44		1.51668		
24.45		1.51613		
24.46		1.51558		
24.47		1.51502		
24.48		1.51447		
24.49		1.51392		
24.5		1.51336		
24.51		1.51281		
24.52		1.51226		
24.53		1.5117		
24.54		1.51115		
24.55		1.51059		
24.56		1.51004		
24.57		1.50949		
24.58		1.50893		
24.59		1.50838		
24.6		1.50782		
24.61		1.50727		
24.62		1.50671		
24.63		1.50616		
24.64		1.5056		
24.65		1.50505		
24.66		1.50449		
24.67		1.50394		
24.68		1.50338		
24.69		1.50283		
24.7		1.50227		
24.71		1.50172		
24.72		1.50116		
24.73		1.50061		
24.74		1.50005		
24.75		1.49949		
24.76		1.49894		
24.77		1.49838		
24.78		1.49783		
24.79		1.49727		
24.8		1.49671		
24.81		1.49616		
24.82		1.4956		
24.83		1.49505		
24.84		1.49449		
24.85		1.49393		
24.86		1.49338		
24.87		1.49282		
24.88		1.49226		
24.89		1.49171		
24.9		1.49115		
24.91		1.49059		
24.92		1.49004		
24.93		1.48948		
24.94		1.48892		
24.95		1.48837		
24.96		1.48781		
24.97		1.48725		
24.98		1.4867		
24.99		1.48614		
25		1.48558		
25.01		1.48503		
25.02		1.48447		
25.03		1.48391		
25.04		1.48335		
25.05		1.4828		
25.06		1.48224		
25.07		1.48168		
25.08		1.48112		
25.09		1.48057		
25.1		1.48001		
25.11		1.47945		
25.12		1.47889		
25.13		1.47834		
25.14		1.47778		
25.15		1.47722		
25.16		1.47666		
25.17		1.47611		
25.18		1.47555		
25.19		1.47499		
25.2		1.47443		
25.21		1.47388		
25.22		1.47332		
25.23		1.47276		
25.24		1.4722		
25.25		1.47164		
25.26		1.47109		
25.27		1.47053		
25.28		1.46997		
25.29		1.46941		
25.3		1.46886		
25.31		1.4683		
25.32		1.46774		
25.33		1.43936		
25.34		1.42121		
25.35		1.40353		
25.36		1.38629		
25.37		1.36948		
25.38		1.35311		
25.39		1.33714		
25.4		1.32157		
25.41		1.30638		
25.42		1.29158		
25.43		1.27714		
25.44		1.26305		
25.45		1.2493		
25.46		1.23589		
25.47		1.22281		
25.48		1.21004		
25.49		1.19757		
25.5		1.1854		
25.51		1.17352		
25.52		1.16192		
25.53		1.15059		
25.54		1.13952		
25.55		1.12871		
25.56		1.11815		
25.57		1.10783		
25.58		1.09775		
25.59		1.08789		
25.6		1.07826		
25.61		1.06884		
25.62		1.05963		
25.63		1.05063		
25.64		1.04182		
25.65		1.0332		
25.66		1.02477		
25.67		1.01653		
25.68		1.00845		
25.69		1.00055		
25.7		0.992821		
25.71		0.985249		
25.72		0.977835		
25.73		0.970573		
25.74		0.96346		
25.75		0.956492		
25.76		0.949664		
25.77		0.942973		
25.78		0.936416		
25.79		0.929987		
25.8		0.923684		
25.81		0.917503		
25.82		0.911442		
25.83		0.905496		
25.84		0.899662		
25.85		0.893938		
25.86		0.888321		
25.87		0.882807		
25.88		0.877394		
25.89		0.87208		
25.9		0.866861		
25.91		0.861734		
25.92		0.856699		
25.93		0.851751		
25.94		0.846889		
25.95		0.842111		
25.96		0.837414		
25.97		0.832796		
25.98		0.828255		
25.99		0.823789		
26		0.819397		
26.01		0.815075		
26.02		0.810823		
26.03		0.806638		
26.04		0.80252		
26.05		0.798465		
26.06		0.794473		
26.07		0.790541		
26.08		0.786669		
26.09		0.782855		
26.1		0.779097		
26.11		0.775395		
26.12		0.771745		
26.13		0.768148		
26.14		0.764602		
26.15		0.761106		
26.16		0.757658		
26.17		0.754257		
26.18		0.750903		
26.19		0.747593		
26.2		0.744327		
26.21		0.741104		
26.22		0.737923		
26.23		0.734783		
26.24		0.731682		
26.25		0.728621		
26.26		0.725597		
26.27		0.72261		
26.28		0.71966		
26.29		0.716744		
26.3		0.713864		
26.31		0.711017		
26.32		0.708203		
26.33		0.705421		
26.34		0.702671		
26.35		0.699951		
26.36		0.697261		
26.37		0.694601		
26.38		0.691969		
26.39		0.689366		
26.4		0.68679		
26.41		0.684241		
26.42		0.681718		
26.43		0.679221		
26.44		0.676749		
26.45		0.674301		
26.46		0.671878		
26.47		0.669478		
26.48		0.667102		
26.49		0.664748		
26.5		0.662416		
26.51		0.660105		
26.52		0.657816		
26.53		0.655548		
26.54		0.6533		
26.55		0.651072		
26.56		0.648864		
26.57		0.646675		
26.58		0.644504		
26.59		0.642353		
26.6		0.640219		
26.61		0.638103		
26.62		0.636004		
26.63		0.633922		
26.64		0.631857		
26.65		0.629809		
26.66		0.627777		
26.67		0.62576		
26.68		0.623759		
26.69		0.621773		
26.7		0.619803		
26.71		0.617847		
26.72		0.615905		
26.73		0.613978		
26.74		0.612065		
26.75		0.610165		
26.76		0.608279		
26.77		0.606406		
26.78		0.604546		
26.79		0.602699		
26.8		0.600865		
26.81		0.599043		
26.82		0.597233		
26.83		0.595435		
26.84		0.593649		
26.85		0.591875		
26.86		0.590112		
26.87		0.58836		
26.88		0.58662		
26.89		0.58489		
26.9		0.583172		
26.91		0.581464		
26.92		0.579766		
26.93		0.578079		
26.94		0.576401		
26.95		0.574734		
26.96		0.573077		
26.97		0.571429		
26.98		0.569791		
26.99		0.568163		
27		0.566544		
27.01		0.564934		
27.02		0.563333		
27.03		0.561741		
27.04		0.560158		
27.05		0.558583		
27.06		0.557018		
27.07		0.555461		
27.08		0.553912		
27.09		0.552371		
27.1		0.550839		
27.11		0.549315		
27.12		0.547799		
27.13		0.546291		
27.14		0.54479		
27.15		0.543298		
27.16		0.541813		
27.17		0.540335		
27.18		0.538865		
27.19		0.537403		
27.2		0.535948		
27.21		0.5345		
27.22		0.533059		
27.23		0.531625		
27.24		0.530198		
27.25		0.528778		
27.26		0.527365		
27.27		0.525959		
27.28		0.52456		
27.29		0.523167		
27.3		0.52178		
27.31		0.520401		
27.32		0.519027		
27.33		0.51766		
27.34		0.5163		
27.35		0.514946		
27.36		0.513598		
27.37		0.512256		
27.38		0.51092		
27.39		0.50959		
27.4		0.508266		
27.41		0.506948		
27.42		0.505636		
27.43		0.50433		
27.44		0.50303		
27.45		0.501735		
27.46		0.500447		
27.47		0.499163		
27.48		0.497886		
27.49		0.496614		
27.5		0.495347		
27.51		0.494086		
27.52		0.49283		
27.53		0.49158		
27.54		0.490335		
27.55		0.489095		
27.56		0.487861		
27.57		0.486631		
27.58		0.485407		
27.59		0.484188		
27.6		0.482974		
27.61		0.481766		
27.62		0.480562		
27.63		0.479363		
27.64		0.478169		
27.65		0.47698		
27.66		0.475796		
27.67		0.474617		
27.68		0.473443		
27.69		0.472273		
27.7		0.471108		
27.71		0.469948		
27.72		0.468792		
27.73		0.467642		
27.74		0.466495		
27.75		0.465354		
27.76		0.464217		
27.77		0.463084		
27.78		0.461956		
27.79		0.460833		
27.8		0.459714		
27.81		0.458599		
27.82		0.457489		
27.83		0.456383		
27.84		0.455281		
27.85		0.454184		
27.86		0.453091		
27.87		0.452002		
27.88		0.450918		
27.89		0.449838		
27.9		0.448762		
27.91		0.44769		
27.92		0.446622		
27.93		0.445558		
27.94		0.444499		
27.95		0.443443		
27.96		0.442392		
27.97		0.441344		
27.98		0.440301		
27.99		0.439261		
28		0.438226		
28.01		0.437194		
28.02		0.436167		
28.03		0.435143		
28.04		0.434123		
28.05		0.433107		
28.06		0.432095		
28.07		0.431086		
28.08		0.430082		
28.09		0.429081		
28.1		0.428084		
28.11		0.42709		
28.12		0.426101		
28.13		0.425115		
28.14		0.424132		
28.15		0.423154		
28.16		0.422179		
28.17		0.421207		
28.18		0.420239		
28.19		0.419275		
28.2		0.418314		
28.21		0.417357		
28.22		0.416404		
28.23		0.415453		
28.24		0.414507		
28.25		0.413564		
28.26		0.412624		
28.27		0.411688		
28.28		0.410755		
28.29		0.409825		
28.3		0.408899		
28.31		0.407977		
28.32		0.407057		
28.33		0.406141		
28.34		0.405229		
28.35		0.404319		
28.36		0.403413		
28.37		0.402511		
28.38		0.401611		
28.39		0.400715		
28.4		0.399822		
28.41		0.398932		
28.42		0.398045		
28.43		0.397162		
28.44		0.396282		
28.45		0.395405		
28.46		0.394531		
28.47		0.39366		
28.48		0.392792		
28.49		0.391928		
28.5		0.391066		
28.51		0.390208		
28.52		0.389352		
28.53		0.3885		
28.54		0.387651		
28.55		0.386805		
28.56		0.385961		
28.57		0.385121		
28.58		0.384284		
28.59		0.383449		
28.6		0.382618		
28.61		0.38179		
28.62		0.380964		
28.63		0.380141		
28.64		0.379322		
28.65		0.378505		
28.66		0.377691		
28.67		0.37688		
28.68		0.376072		
28.69		0.375266		
28.7		0.374464		
28.71		0.373664		
28.72		0.372867		
28.73		0.372073		
28.74		0.371281		
28.75		0.370493		
28.76		0.369707		
28.77		0.368924		
28.78		0.368143		
28.79		0.367366		
28.8		0.366591		
28.81		0.365819		
28.82		0.365049		
28.83		0.364282		
28.84		0.363518		
28.85		0.362756		
28.86		0.361997		
28.87		0.361241		
28.88		0.360487		
28.89		0.359736		
28.9		0.358988		
28.91		0.358242		
28.92		0.357498		
28.93		0.356757		
28.94		0.356019		
28.95		0.355283		
28.96		0.35455		
28.97		0.35382		
28.98		0.353091		
28.99		0.352366		
29		0.351643		
29.01		0.350922		
29.02		0.350204		
29.03		0.349488		
29.04		0.348775		
29.05		0.348064		
29.06		0.347355		
29.07		0.346649		
29.08		0.345946		
29.09		0.345245		
29.1		0.344546		
29.11		0.343849		
29.12		0.343155		
29.13		0.342463		
29.14		0.341774		
29.15		0.341087		
29.16		0.340402		
29.17		0.33972		
29.18		0.33904		
29.19		0.338362		
29.2		0.337687		
29.21		0.337013		
29.22		0.336343		
29.23		0.335674		
29.24		0.335008		
29.25		0.334343		
29.26		0.333681		
29.27		0.333022		
29.28		0.332364		
29.29		0.331709		
29.3		0.331056		
29.31		0.330405		
29.32		0.329757		
29.33		0.32911		
29.34		0.328466		
29.35		0.327824		
29.36		0.327184		
29.37		0.326546		
29.38		0.32591		
29.39		0.325276		
29.4		0.324645		
29.41		0.324015		
29.42		0.323388		
29.43		0.322763		
29.44		0.32214		
29.45		0.321519		
29.46		0.3209		
29.47		0.320283		
29.48		0.319668		
29.49		0.319055		
29.5		0.318445		
29.51		0.317836		
29.52		0.317229		
29.53		0.316624		
29.54		0.316022		
29.55		0.315421		
29.56		0.314822		
29.57		0.314225		
29.58		0.313631		
29.59		0.313038		
29.6		0.312447		
29.61		0.311858		
29.62		0.311271		
29.63		0.310686		
29.64		0.310103		
29.65		0.309521		
29.66		0.308942		
29.67		0.308365		
29.68		0.307789		
29.69		0.307216		
29.7		0.306644		
29.71		0.306074		
29.72		0.305506		
29.73		0.30494		
29.74		0.304376		
29.75		0.303813		
29.76		0.303253		
29.77		0.302694		
29.78		0.302137		
29.79		0.301582		
29.8		0.301028		
29.81		0.300477		
29.82		0.299927		
29.83		0.299379		
29.84		0.298833		
29.85		0.298289		
29.86		0.297746		
29.87		0.297205		
29.88		0.296666		
29.89		0.296129		
29.9		0.295593		
29.91		0.295059		
29.92		0.294527		
29.93		0.293997		
29.94		0.293468		
29.95		0.292941		
29.96		0.292416		
29.97		0.291892		
29.98		0.29137		
29.99		0.29085		
30		0.290332		
30.01		0.289815		
30.02		0.289299		
30.03		0.288786		
30.04		0.288274		
30.05		0.287764		
30.06		0.287255		
30.07		0.286748		
30.08		0.286243		
30.09		0.285739		
30.1		0.285237		
30.11		0.284736		
30.12		0.284237		
30.13		0.28374		
30.14		0.283244		
30.15		0.28275		
30.16		0.282257		
30.17		0.281766		
30.18		0.281277		
30.19		0.280789		
30.2		0.280303		
30.21		0.279818		
30.22		0.279335		
30.23		0.278853		
30.24		0.278373		
30.25		0.277894		
30.26		0.277417		
30.27		0.276941		
30.28		0.276467		
30.29		0.275994		
30.3		0.275523		
30.31		0.275054		
30.32		0.274586		
30.33		0.274119		
30.34		0.273654		
30.35		0.27319		
30.36		0.272728		
30.37		0.272267		
30.38		0.271807		
30.39		0.27135		
30.4		0.270893		
30.41		0.270438		
30.42		0.269984		
30.43		0.269532		
30.44		0.269081		
30.45		0.268632		
30.46		0.268184		
30.47		0.267738		
30.48		0.267292		
30.49		0.266849		
30.5		0.266406		
30.51		0.265965		
30.52		0.265526		
30.53		0.265087		
30.54		0.264651		
30.55		0.264215		
30.56		0.263781		
30.57		0.263348		
30.58		0.262917		
30.59		0.262487		
30.6		0.262058		
30.61		0.26163		
30.62		0.261204		
30.63		0.26078		
30.64		0.260356		
30.65		0.259934		
30.66		0.259513		
30.67		0.259094		
30.68		0.258675		
30.69		0.258258		
30.7		0.257843		
30.71		0.257428		
30.72		0.257015		
30.73		0.256603		
30.74		0.256193		
30.75		0.255784		
30.76		0.255376		
30.77		0.254969		
30.78		0.254563		
30.79		0.254159		
30.8		0.253756		
30.81		0.253354		
30.82		0.252954		
30.83		0.252554		
30.84		0.252156		
30.85		0.251759		
30.86		0.251364		
30.87		0.250969		
30.88		0.250576		
30.89		0.250184		
30.9		0.249793		
30.91		0.249403		
30.92		0.249015		
30.93		0.248628		
30.94		0.248242		
30.95		0.247857		
30.96		0.247473		
30.97		0.24709		
30.98		0.246709		
30.99		0.246329		
31		0.24595		
31.01		0.245572		
31.02		0.245195		
31.03		0.244819		
31.04		0.244445		
31.05		0.244071		
31.06		0.243699		
31.07		0.243328		
31.08		0.242958		
31.09		0.242589		
31.1		0.242221		
31.11		0.241855		
31.12		0.241489		
31.13		0.241125		
31.14		0.240761		
31.15		0.240399		
31.16		0.240038		
31.17		0.239678		
31.18		0.239319		
31.19		0.238961		
31.2		0.238604		
31.21		0.238248		
31.22		0.237894		
31.23		0.23754		
31.24		0.237187		
31.25		0.236836		
31.26		0.236485		
31.27		0.236136		
31.28		0.235788		
31.29		0.23544		
31.3		0.235094		
31.31		0.234749		
31.32		0.234404		
31.33		0.234061		
31.34		0.233719		
31.35		0.233378		
31.36		0.233038		
31.37		0.232699		
31.38		0.23236		
31.39		0.232023		
31.4		0.231687		
31.41		0.231352		
31.42		0.231018		
31.43		0.230685		
31.44		0.230353		
31.45		0.230021		
31.46		0.229691		
31.47		0.229362		
31.48		0.229034		
31.49		0.228707		
31.5		0.22838		
31.51		0.228055		
31.52		0.22773		
31.53		0.227407		
31.54		0.227085		
31.55		0.226763		
31.56		0.226442		
31.57		0.226123		
31.58		0.225804		
31.59		0.225486		
31.6		0.22517		
31.61		0.224854		
31.62		0.224539		
31.63		0.224225		
31.64		0.223911		
31.65		0.223599		
31.66		0.223288		
31.67		0.222978		
31.68		0.222668		
31.69		0.22236		
31.7		0.222052		
31.71		0.221745		
31.72		0.221439		
31.73		0.221134		
31.74		0.22083		
31.75		0.220527		
31.76		0.220224		
31.77		0.219923		
31.78		0.219622		
31.79		0.219323		
31.8		0.219024		
31.81		0.218726		
31.82		0.218429		
31.83		0.218133		
31.84		0.217837		
31.85		0.217543		
31.86		0.217249		
31.87		0.216956		
31.88		0.216664		
31.89		0.216373		
31.9		0.216083		
31.91		0.215793		
31.92		0.215504		
31.93		0.215217		
31.94		0.21493		
31.95		0.214644		
31.96		0.214358		
31.97		0.214074		
31.98		0.21379		
31.99		0.213507		
32		0.213225		
32.01		0.212944		
32.02		0.212663		
32.03		0.212384		
32.04		0.212105		
32.05		0.211827		
32.06		0.21155		
32.07		0.211273		
32.08		0.210997		
32.09		0.210723		
32.1		0.210448		
32.11		0.210175		
32.12		0.209903		
32.13		0.209631		
32.14		0.20936		
32.15		0.20909		
32.16		0.20882		
32.17		0.208551		
32.18		0.208283		
32.19		0.208016		
32.2		0.20775		
32.21		0.207484		
32.22		0.207219		
32.23		0.206955		
32.24		0.206692		
32.25		0.206429		
32.26		0.206167		
32.27		0.205906		
32.28		0.205646		
32.29		0.205386		
32.3		0.205127		
32.31		0.204869		
32.32		0.204611		
32.33		0.204354		
32.34		0.204098		
32.35		0.203843		
32.36		0.203588		
32.37		0.203334		
32.38		0.203081		
32.39		0.202829		
32.4		0.202577		
32.41		0.202326		
32.42		0.202075		
32.43		0.201826		
32.44		0.201577		
32.45		0.201329		
32.46		0.201081		
32.47		0.200834		
32.48		0.200588		
32.49		0.200342		
32.5		0.200097		
32.51		0.199853		
32.52		0.19961		
32.53		0.199367		
32.54		0.199125		
32.55		0.198883		
32.56		0.198643		
32.57		0.198403		
32.58		0.198163		
32.59		0.197924		
32.6		0.197686		
32.61		0.197449		
32.62		0.197212		
32.63		0.196976		
32.64		0.19674		
32.65		0.196506		
32.66		0.196271		
32.67		0.196038		
32.68		0.195805		
32.69		0.195573		
32.7		0.195341		
32.71		0.19511		
32.72		0.19488		
32.73		0.19465		
32.74		0.194421		
32.75		0.194192		
32.76		0.193965		
32.77		0.193737		
32.78		0.193511		
32.79		0.193285		
32.8		0.19306		
32.81		0.192835		
32.82		0.192611		
32.83		0.192387		
32.84		0.192164		
32.85		0.191942		
32.86		0.19172		
32.87		0.191499		
32.88		0.191279		
32.89		0.191059		
32.9		0.19084		
32.91		0.190621		
32.92		0.190403		
32.93		0.190186		
32.94		0.189969		
32.95		0.189753		
32.96		0.189537		
32.97		0.189322		
32.98		0.189107		
32.99		0.188893		
33		0.18868		
33.01		0.188467		
33.02		0.188255		
33.03		0.188043		
33.04		0.187832		
33.05		0.187622		
33.06		0.187412		
33.07		0.187202		
33.08		0.186994		
33.09		0.186785		
33.1		0.186578		
33.11		0.186371		
33.12		0.186164		
33.13		0.185958		
33.14		0.185752		
33.15		0.185548		
33.16		0.185343		
33.17		0.185139		
33.18		0.184936		
33.19		0.184733		
33.2		0.184531		
33.21		0.18433		
33.22		0.184129		
33.23		0.183928		
33.24		0.183728		
33.25		0.183529		
33.26		0.18333		
33.27		0.183131		
33.28		0.182933		
33.29		0.182736		
33.3		0.182539		
33.31		0.182343		
33.32		0.182147		
33.33		0.181952		
33.34		0.181757		
33.35		0.181563		
33.36		0.181369		
33.37		0.181176		
33.38		0.180983		
33.39		0.180791		
33.4		0.180599		
33.41		0.180408		
33.42		0.180218		
33.43		0.180027		
33.44		0.179838		
33.45		0.179649		
33.46		0.17946		
33.47		0.179272		
33.48		0.179084		
33.49		0.178897		
33.5		0.17871		
33.51		0.178524		
33.52		0.178338		
33.53		0.178153		
33.54		0.177968		
33.55		0.177784		
33.56		0.177601		
33.57		0.177417		
33.58		0.177234		
33.59		0.177052		
33.6		0.17687		
33.61		0.176689		
33.62		0.176508		
33.63		0.176328		
33.64		0.176148		
33.65		0.175968		
33.66		0.175789		
33.67		0.175611		
33.68		0.175433		
33.69		0.175255		
33.7		0.175078		
33.71		0.174901		
33.72		0.174725		
33.73		0.174549		
33.74		0.174374		
33.75		0.174199		
33.76		0.174025		
33.77		0.173851		
33.78		0.173677		
33.79		0.173504		
33.8		0.173332		
33.81		0.17316		
33.82		0.172988		
33.83		0.172817		
33.84		0.172646		
33.85		0.172475		
33.86		0.172305		
33.87		0.172136		
33.88		0.171967		
33.89		0.171798		
33.9		0.17163		
33.91		0.171462		
33.92		0.171295		
33.93		0.171128		
33.94		0.170962		
33.95		0.170796		
33.96		0.17063		
33.97		0.170465		
33.98		0.1703		
33.99		0.170136		
34		0.169972		
34.01		0.169808		
34.02		0.169645		
34.03		0.169482		
34.04		0.16932		
34.05		0.169158		
34.06		0.168997		
34.07		0.168836		
34.08		0.168675		
34.09		0.168515		
34.1		0.168355		
34.11		0.168196		
34.12		0.168037		
34.13		0.167878		
34.14		0.16772		
34.15		0.167562		
34.16		0.167405		
34.17		0.167248		
34.18		0.167092		
34.19		0.166935		
34.2		0.16678		
34.21		0.166624		
34.22		0.166469		
34.23		0.166315		
34.24		0.16616		
34.25		0.166007		
34.26		0.165853		
34.27		0.1657		
34.28		0.165547		
34.29		0.165395		
34.3		0.165243		
34.31		0.165092		
34.32		0.164941		
34.33		0.16479		
34.34		0.164639		
34.35		0.164489		
34.36		0.16434		
34.37		0.164191		
34.38		0.164042		
34.39		0.163893		
34.4		0.163745		
34.41		0.163597		
34.42		0.16345		
34.43		0.163303		
34.44		0.163156		
34.45		0.16301		
34.46		0.162864		
34.47		0.162718		
34.48		0.162573		
34.49		0.162428		
34.5		0.162284		
34.51		0.16214		
34.52		0.161996		
34.53		0.161853		
34.54		0.16171		
34.55		0.161567		
34.56		0.161424		
34.57		0.161282		
34.58		0.161141		
34.59		0.161		
34.6		0.160859		
34.61		0.160718		
34.62		0.160578		
34.63		0.160438		
34.64		0.160298		
34.65		0.160159		
34.66		0.16002		
34.67		0.159882		
34.68		0.159744		
34.69		0.159606		
34.7		0.159468		
34.71		0.159331		
34.72		0.159194		
34.73		0.159058		
34.74		0.158922		
34.75		0.158786		
34.76		0.15865		
34.77		0.158515		
34.78		0.15838		
34.79		0.158246		
34.8		0.158112		
34.81		0.157978		
34.82		0.157844		
34.83		0.157711		
34.84		0.157578		
34.85		0.157446		
34.86		0.157314		
34.87		0.157182		
34.88		0.15705		
34.89		0.156919		
34.9		0.156788		
34.91		0.156657		
34.92		0.156527		
34.93		0.156397		
34.94		0.156267		
34.95		0.156138		
34.96		0.156009		
34.97		0.15588		
34.98		0.155752		
34.99		0.155624		
35		0.155496		
35.01		0.155368		
35.02		0.155241		
35.03		0.155114		
35.04		0.154988		
35.05		0.154862		
35.06		0.154736		
35.07		0.15461		
35.08		0.154485		
35.09		0.15436		
35.1		0.154235		
35.11		0.15411		
35.12		0.153986		
35.13		0.153862		
35.14		0.153739		
35.15		0.153616		
35.16		0.153493		
35.17		0.15337		
35.18		0.153248		
35.19		0.153126		
35.2		0.153004		
35.21		0.152882		
35.22		0.152761		
35.23		0.15264		
35.24		0.15252		
35.25		0.152399		
35.26		0.152279		
35.27		0.152159		
35.28		0.15204		
35.29		0.151921		
35.3		0.151802		
35.31		0.151683		
35.32		0.151565		
35.33		0.151447		
35.34		0.151329		
35.35		0.151212		
35.36		0.151094		
35.37		0.150977		
35.38		0.150861		
35.39		0.150744		
35.4		0.150628		
35.41		0.150512		
35.42		0.150397		
35.43		0.150281		
35.44		0.150166		
35.45		0.150052		
35.46		0.149937		
35.47		0.149823		
35.48		0.149709		
35.49		0.149595		
35.5		0.149482		
35.51		0.149369		
35.52		0.149256		
35.53		0.149143		
35.54		0.149031		
35.55		0.148919		
35.56		0.148807		
35.57		0.148695		
35.58		0.148584		
35.59		0.148473		
35.6		0.148362		
35.61		0.148252		
35.62		0.148141		
35.63		0.148031		
35.64		0.147922		
35.65		0.147812		
35.66		0.147703		
35.67		0.147594		
35.68		0.147485		
35.69		0.147377		
35.7		0.147268		
35.71		0.147161		
35.72		0.147053		
35.73		0.146945		
35.74		0.146838		
35.75		0.146731		
35.76		0.146624		
35.77		0.146518		
35.78		0.146412		
35.79		0.146306		
35.8		0.1462		
35.81		0.146094		
35.82		0.145989		
35.83		0.145884		
35.84		0.145779		
35.85		0.145675		
35.86		0.145571		
35.87		0.145466		
35.88		0.145363		
35.89		0.145259		
35.9		0.145156		
35.91		0.145053		
35.92		0.14495		
35.93		0.144847		
35.94		0.144745		
35.95		0.144643		
35.96		0.144541		
35.97		0.144439		
35.98		0.144338		
35.99		0.144236		
36		0.144135		
36.01		0.144035		
36.02		0.143934		
36.03		0.143834		
36.04		0.143734		
36.05		0.143634		
36.06		0.143534		
36.07		0.143435		
36.08		0.143336		
36.09		0.143237		
36.1		0.143138		
36.11		0.14304		
36.12		0.142941		
36.13		0.142843		
36.14		0.142745		
36.15		0.142648		
36.16		0.14255		
36.17		0.142453		
36.18		0.142356		
36.19		0.14226		
36.2		0.142163		
36.21		0.142067		
36.22		0.141971		
36.23		0.141875		
36.24		0.141779		
36.25		0.141684		
36.26		0.141589		
36.27		0.141494		
36.28		0.141399		
36.29		0.141304		
36.3		0.14121		
36.31		0.141116		
36.32		0.141022		
36.33		0.140928		
36.34		0.140835		
36.35		0.140741		
36.36		0.140648		
36.37		0.140555		
36.38		0.140463		
36.39		0.14037		
36.4		0.140278		
36.41		0.140186		
36.42		0.140094		
36.43		0.140003		
36.44		0.139911		
36.45		0.13982		
36.46		0.139729		
36.47		0.139638		
36.48		0.139547		
36.49		0.139457		
36.5		0.139367		
36.51		0.139277		
36.52		0.139187		
36.53		0.139097		
36.54		0.139008		
36.55		0.138919		
36.56		0.13883		
36.57		0.138741		
36.58		0.138652		
36.59		0.138564		
36.6		0.138476		
36.61		0.138388		
36.62		0.1383		
36.63		0.138212		
36.64		0.138125		
36.65		0.138037		
36.66		0.13795		
36.67		0.137863		
36.68		0.137777		
36.69		0.13769		
36.7		0.137604		
36.71		0.137518		
36.72		0.137432		
36.73		0.137346		
36.74		0.13726		
36.75		0.137175		
36.76		0.13709		
36.77		0.137005		
36.78		0.13692		
36.79		0.136836		
36.8		0.136751		
36.81		0.136667		
36.82		0.136583		
36.83		0.136499		
36.84		0.136415		
36.85		0.136332		
36.86		0.136248		
36.87		0.136165		
36.88		0.136082		
36.89		0.135999		
36.9		0.135917		
36.91		0.135834		
36.92		0.135752		
36.93		0.13567		
36.94		0.135588		
36.95		0.135506		
36.96		0.135425		
36.97		0.135343		
36.98		0.135262		
36.99		0.135181		
37		0.1351		
37.01		0.13502		
37.02		0.134939		
37.03		0.134859		
37.04		0.134779		
37.05		0.134699		
37.06		0.134619		
37.07		0.134539		
37.08		0.13446		
37.09		0.134381		
37.1		0.134302		
37.11		0.134223		
37.12		0.134144		
37.13		0.134065		
37.14		0.133987		
37.15		0.133908		
37.16		0.13383		
37.17		0.133752		
37.18		0.133675		
37.19		0.133597		
37.2		0.13352		
37.21		0.133442		
37.22		0.133365		
37.23		0.133288		
37.24		0.133212		
37.25		0.133135		
37.26		0.133058		
37.27		0.132982		
37.28		0.132906		
37.29		0.13283		
37.3		0.132754		
37.31		0.132679		
37.32		0.132603		
37.33		0.132528		
37.34		0.132453		
37.35		0.132378		
37.36		0.132303		
37.37		0.132228		
37.38		0.132154		
37.39		0.132079		
37.4		0.132005		
37.41		0.131931		
37.42		0.131857		
37.43		0.131783		
37.44		0.13171		
37.45		0.131636		
37.46		0.131563		
37.47		0.13149		
37.48		0.131417		
37.49		0.131344		
37.5		0.131272		
37.51		0.131199		
37.52		0.131127		
37.53		0.131054		
37.54		0.130982		
37.55		0.130911		
37.56		0.130839		
37.57		0.130767		
37.58		0.130696		
37.59		0.130624		
37.6		0.130553		
37.61		0.130482		
37.62		0.130411		
37.63		0.130341		
37.64		0.13027		
37.65		0.1302		
37.66		0.130129		
37.67		0.130059		
37.68		0.129989		
37.69		0.12992		
37.7		0.12985		
37.71		0.12978		
37.72		0.129711		
37.73		0.129642		
37.74		0.129573		
37.75		0.129504		
37.76		0.129435		
37.77		0.129366		
37.78		0.129298		
37.79		0.129229		
37.8		0.129161		
37.81		0.129093		
37.82		0.129025		
37.83		0.128957		
37.84		0.128889		
37.85		0.128822		
37.86		0.128754		
37.87		0.128687		
37.88		0.12862		
37.89		0.128553		
37.9		0.128486		
37.91		0.12842		
37.92		0.128353		
37.93		0.128287		
37.94		0.12822		
37.95		0.128154		
37.96		0.128088		
37.97		0.128022		
37.98		0.127956		
37.99		0.127891		
38		0.127825		
38.01		0.12776		
38.02		0.127695		
38.03		0.12763		
38.04		0.127565		
38.05		0.1275		
38.06		0.127435		
38.07		0.127371		
38.08		0.127306		
38.09		0.127242		
38.1		0.127178		
38.11		0.127114		
38.12		0.12705		
38.13		0.126986		
38.14		0.126922		
38.15		0.126859		
38.16		0.126795		
38.17		0.126732		
38.18		0.126669		
38.19		0.126606		
38.2		0.126543		
38.21		0.12648		
38.22		0.126418		
38.23		0.126355		
38.24		0.126293		
38.25		0.126231		
38.26		0.126168		
38.27		0.126106		
38.28		0.126045		
38.29		0.125983		
38.3		0.125921		
38.31		0.12586		
38.32		0.125798		
38.33		0.125737		
38.34		0.125676		
38.35		0.125615		
38.36		0.125554		
38.37		0.125493		
38.38		0.125433		
38.39		0.125372		
38.4		0.125312		
38.41		0.125251		
38.42		0.125191		
38.43		0.125131		
38.44		0.125071		
38.45		0.125012		
38.46		0.124952		
38.47		0.124892		
38.48		0.124833		
38.49		0.124774		
38.5		0.124714		
38.51		0.124655		
38.52		0.124596		
38.53		0.124538		
38.54		0.124479		
38.55		0.12442		
38.56		0.124362		
38.57		0.124303		
38.58		0.124245		
38.59		0.124187		
38.6		0.124129		
38.61		0.124071		
38.62		0.124013		
38.63		0.123955		
38.64		0.123898		
38.65		0.12384		
38.66		0.123783		
38.67		0.123726		
38.68		0.123669		
38.69		0.123612		
38.7		0.123555		
38.71		0.123498		
38.72		0.123441		
38.73		0.123385		
38.74		0.123328		
38.75		0.123272		
38.76		0.123216		
38.77		0.12316		
38.78		0.123104		
38.79		0.123048		
38.8		0.122992		
38.81		0.122936		
38.82		0.122881		
38.83		0.122825		
38.84		0.12277		
38.85		0.122715		
38.86		0.122659		
38.87		0.122604		
38.88		0.12255		
38.89		0.122495		
38.9		0.12244		
38.91		0.122385		
38.92		0.122331		
38.93		0.122276		
38.94		0.122222		
38.95		0.122168		
38.96		0.122114		
38.97		0.12206		
38.98		0.122006		
38.99		0.121952		
39		0.121899		
39.01		0.121845		
39.02		0.121792		
39.03		0.121738		
39.04		0.121685		
39.05		0.121632		
39.06		0.121579		
39.07		0.121526		
39.08		0.121473		
39.09		0.12142		
39.1		0.121368		
39.11		0.121315		
39.12		0.121263		
39.13		0.121211		
39.14		0.121158		
39.15		0.121106		
39.16		0.121054		
39.17		0.121002		
39.18		0.12095		
39.19		0.120899		
39.2		0.120847		
39.21		0.120796		
39.22		0.120744		
39.23		0.120693		
39.24		0.120642		
39.25		0.12059		
39.26		0.120539		
39.27		0.120488		
39.28		0.120438		
39.29		0.120387		
39.3		0.120336		
39.31		0.120286		
39.32		0.120235		
39.33		0.120185		
39.34		0.120135		
39.35		0.120084		
39.36		0.120034		
39.37		0.119984		
39.38		0.119935		
39.39		0.119885		
39.4		0.119835		
39.41		0.119785		
39.42		0.119736		
39.43		0.119687		
39.44		0.119637		
39.45		0.119588		
39.46		0.119539		
39.47		0.11949		
39.48		0.119441		
39.49		0.119392		
39.5		0.119343		
39.51		0.119295		
39.52		0.119246		
39.53		0.119198		
39.54		0.119149		
39.55		0.119101		
39.56		0.119053		
39.57		0.119005		
39.58		0.118957		
39.59		0.118909		
39.6		0.118861		
39.61		0.118813		
39.62		0.118765		
39.63		0.118718		
39.64		0.11867		
39.65		0.118623		
39.66		0.118576		
39.67		0.118528		
39.68		0.118481		
39.69		0.118434		
39.7		0.118387		
39.71		0.11834		
39.72		0.118294		
39.73		0.118247		
39.74		0.1182		
39.75		0.118154		
39.76		0.118107		
39.77		0.118061		
39.78		0.118015		
39.79		0.117969		
39.8		0.117922		
39.81		0.117876		
39.82		0.117831		
39.83		0.117785		
39.84		0.117739		
39.85		0.117693		
39.86		0.117648		
39.87		0.117602		
39.88		0.117557		
39.89		0.117511		
39.9		0.117466		
39.91		0.117421		
39.92		0.117376		
39.93		0.117331		
39.94		0.117286		
39.95		0.117241		
39.96		0.117196		
39.97		0.117152		
39.98		0.117107		
39.99		0.117063		
40		0.117018		
40.01		0.116974		
40.02		0.11693		
40.03		0.116886		
40.04		0.116841		
40.05		0.116797		
40.06		0.116754		
40.07		0.11671		
40.08		0.116666		
40.09		0.116622		
40.1		0.116579		
40.11		0.116535		
40.12		0.116492		
40.13		0.116448		
40.14		0.116405		
40.15		0.116362		
40.16		0.116319		
40.17		0.116276		
40.18		0.116233		
40.19		0.11619		
40.2		0.116147		
40.21		0.116104		
40.22		0.116061		
40.23		0.116019		
40.24		0.115976		
40.25		0.115934		
40.26		0.115892		
40.27		0.115849		
40.28		0.115807		
40.29		0.115765		
40.3		0.115723		
40.31		0.115681		
40.32		0.115639		
40.33		0.115597		
40.34		0.115555		
40.35		0.115514		
40.36		0.115472		
40.37		0.115431		
40.38		0.115389		
40.39		0.115348		
40.4		0.115307		
40.41		0.115265		
40.42		0.115224		
40.43		0.115183		
40.44		0.115142		
40.45		0.115101		
40.46		0.11506		
40.47		0.11502		
40.48		0.114979		
40.49		0.114938		
40.5		0.114898		
40.51		0.114857		
40.52		0.114817		
40.53		0.114776		
40.54		0.114736		
40.55		0.114696		
40.56		0.114656		
40.57		0.114616		
40.58		0.114576		
40.59		0.114536		
40.6		0.114496		
40.61		0.114456		
40.62		0.114417		
40.63		0.114377		
40.64		0.114337		
40.65		0.114298		
40.66		0.114258		
40.67		0.114219		
40.68		0.11418		
40.69		0.114141		
40.7		0.114101		
40.71		0.114062		
40.72		0.114023		
40.73		0.113984		
40.74		0.113946		
40.75		0.113907		
40.76		0.113868		
40.77		0.113829		
40.78		0.113791		
40.79		0.113752		
40.8		0.113714		
40.81		0.113675		
40.82		0.113637		
40.83		0.113599		
40.84		0.113561		
40.85		0.113523		
40.86		0.113485		
40.87		0.113447		
40.88		0.113409		
40.89		0.113371		
40.9		0.113333		
40.91		0.113295		
40.92		0.113258		
40.93		0.11322		
40.94		0.113183		
40.95		0.113145		
40.96		0.113108		
40.97		0.11307		
40.98		0.113033		
40.99		0.112996		
41		0.112959		
41.01		0.112922		
41.02		0.112885		
41.03		0.112848		
41.04		0.112811		
41.05		0.112774		
41.06		0.112737		
41.07		0.112701		
41.08		0.112664		
41.09		0.112628		
41.1		0.112591		
41.11		0.112555		
41.12		0.112518		
41.13		0.112482		
41.14		0.112446		
41.15		0.11241		
41.16		0.112374		
41.17		0.112337		
41.18		0.112302		
41.19		0.112266		
41.2		0.11223		
41.21		0.112194		
41.22		0.112158		
41.23		0.112123		
41.24		0.112087		
41.25		0.112051		
41.26		0.112016		
41.27		0.11198		
41.28		0.111945		
41.29		0.11191		
41.3		0.111875		
41.31		0.111839		
41.32		0.111804		
41.33		0.111769		
41.34		0.111734		
41.35		0.111699		
41.36		0.111664		
41.37		0.11163		
41.38		0.111595		
41.39		0.11156		
41.4		0.111525		
41.41		0.111491		
41.42		0.111456		
41.43		0.111422		
41.44		0.111387		
41.45		0.111353		
41.46		0.111319		
41.47		0.111285		
41.48		0.11125		
41.49		0.111216		
41.5		0.111182		
41.51		0.111148		
41.52		0.111114		
41.53		0.11108		
41.54		0.111047		
41.55		0.111013		
41.56		0.110979		
41.57		0.110945		
41.58		0.110912		
41.59		0.110878		
41.6		0.110845		
41.61		0.110811		
41.62		0.110778		
41.63		0.110745		
41.64		0.110711		
41.65		0.110678		
41.66		0.110645		
41.67		0.110612		
41.68		0.110579		
41.69		0.110546		
41.7		0.110513		
41.71		0.11048		
41.72		0.110447		
41.73		0.110415		
41.74		0.110382		
41.75		0.110349		
41.76		0.110317		
41.77		0.110284		
41.78		0.110252		
41.79		0.110219		
41.8		0.110187		
41.81		0.110154		
41.82		0.110122		
41.83		0.11009		
41.84		0.110058		
41.85		0.110026		
41.86		0.109994		
41.87		0.109962		
41.88		0.10993		
41.89		0.109898		
41.9		0.109866		
41.91		0.109834		
41.92		0.109803		
41.93		0.109771		
41.94		0.109739		
41.95		0.109708		
41.96		0.109676		
41.97		0.109645		
41.98		0.109613		
41.99		0.109582		
42		0.109551		
42.01		0.109519		
42.02		0.109488		
42.03		0.109457		
42.04		0.109426		
42.05		0.109395		
42.06		0.109364		
42.07		0.109333		
42.08		0.109302		
42.09		0.109271		
42.1		0.10924		
42.11		0.10921		
42.12		0.109179		
42.13		0.109148		
42.14		0.109118		
42.15		0.109087		
42.16		0.109057		
42.17		0.109026		
42.18		0.108996		
42.19		0.108965		
42.2		0.108935		
42.21		0.108905		
42.22		0.108875		
42.23		0.108844		
42.24		0.108814		
42.25		0.108784		
42.26		0.108754		
42.27		0.108724		
42.28		0.108695		
42.29		0.108665		
42.3		0.108635		
42.31		0.108605		
42.32		0.108575		
42.33		0.108546		
42.34		0.108516		
42.35		0.108487		
42.36		0.108457		
42.37		0.108428		
42.38		0.108398		
42.39		0.108369		
42.4		0.10834		
42.41		0.10831		
42.42		0.108281		
42.43		0.108252		
42.44		0.108223		
42.45		0.108194		
42.46		0.108165		
42.47		0.108136		
42.48		0.108107		
42.49		0.108078		
42.5		0.108049		
42.51		0.10802		
42.52		0.107991		
42.53		0.107963		
42.54		0.107934		
42.55		0.107905		
42.56		0.107877		
42.57		0.107848		
42.58		0.10782		
42.59		0.107791		
42.6		0.107763		
42.61		0.107735		
42.62		0.107706		
42.63		0.107678		
42.64		0.10765		
42.65		0.107622		
42.66		0.107594		
42.67		0.107566		
42.68		0.107538		
42.69		0.10751		
42.7		0.107482		
42.71		0.107454		
42.72		0.107426		
42.73		0.107398		
42.74		0.10737		
42.75		0.107343		
42.76		0.107315		
42.77		0.107287		
42.78		0.10726		
42.79		0.107232		
42.8		0.107205		
42.81		0.107177		
42.82		0.10715		
42.83		0.107123		
42.84		0.107095		
42.85		0.107068		
42.86		0.107041		
42.87		0.107014		
42.88		0.106987		
42.89		0.106959		
42.9		0.106932		
42.91		0.106905		
42.92		0.106878		
42.93		0.106851		
42.94		0.106825		
42.95		0.106798		
42.96		0.106771		
42.97		0.106744		
42.98		0.106717		
42.99		0.106691		
43		0.106664		
43.01		0.106638		
43.02		0.106611		
43.03		0.106585		
43.04		0.106558		
43.05		0.106532		
43.06		0.106505		
43.07		0.106479		
43.08		0.106453		
43.09		0.106426		
43.1		0.1064		
43.11		0.106374		
43.12		0.106348		
43.13		0.106322		
43.14		0.106296		
43.15		0.10627		
43.16		0.106244		
43.17		0.106218		
43.18		0.106192		
43.19		0.106166		
43.2		0.10614		
43.21		0.106115		
43.22		0.106089		
43.23		0.106063		
43.24		0.106038		
43.25		0.106012		
43.26		0.105986		
43.27		0.105961		
43.28		0.105935		
43.29		0.10591		
43.3		0.105885		
43.31		0.105859		
43.32		0.105834		
43.33		0.105809		
43.34		0.105783		
43.35		0.105758		
43.36		0.105733		
43.37		0.105708		
43.38		0.105683		
43.39		0.105658		
43.4		0.105633		
43.41		0.105608		
43.42		0.105583		
43.43		0.105558		
43.44		0.105533		
43.45		0.105508		
43.46		0.105483		
43.47		0.105459		
43.48		0.105434		
43.49		0.105409		
43.5		0.105385		
43.51		0.10536		
43.52		0.105336		
43.53		0.105311		
43.54		0.105287		
43.55		0.105262		
43.56		0.105238		
43.57		0.105213		
43.58		0.105189		
43.59		0.105165		
43.6		0.105141		
43.61		0.105116		
43.62		0.105092		
43.63		0.105068		
43.64		0.105044		
43.65		0.10502		
43.66		0.104996		
43.67		0.104972		
43.68		0.104948		
43.69		0.104924		
43.7		0.1049		
43.71		0.104876		
43.72		0.104852		
43.73		0.104829		
43.74		0.104805		
43.75		0.104781		
43.76		0.104758		
43.77		0.104734		
43.78		0.10471		
43.79		0.104687		
43.8		0.104663		
43.81		0.10464		
43.82		0.104616		
43.83		0.104593		
43.84		0.10457		
43.85		0.104546		
43.86		0.104523		
43.87		0.1045		
43.88		0.104476		
43.89		0.104453		
43.9		0.10443		
43.91		0.104407		
43.92		0.104384		
43.93		0.104361		
43.94		0.104338		
43.95		0.104315		
43.96		0.104292		
43.97		0.104269		
43.98		0.104246		
43.99		0.104223		
44		0.1042		
44.01		0.104178		
44.02		0.104155		
44.03		0.104132		
44.04		0.104109		
44.05		0.104087		
44.06		0.104064		
44.07		0.104042		
44.08		0.104019		
44.09		0.103997		
44.1		0.103974		
44.11		0.103952		
44.12		0.103929		
44.13		0.103907		
44.14		0.103885		
44.15		0.103862		
44.16		0.10384		
44.17		0.103818		
44.18		0.103796		
44.19		0.103773		
44.2		0.103751		
44.21		0.103729		
44.22		0.103707		
44.23		0.103685		
44.24		0.103663		
44.25		0.103641		
44.26		0.103619		
44.27		0.103597		
44.28		0.103575		
44.29		0.103553		
44.3		0.103532		
44.31		0.10351		
44.32		0.103488		
44.33		0.103466		
44.34		0.103445		
44.35		0.103423		
44.36		0.103401		
44.37		0.10338		
44.38		0.103358		
44.39		0.103337		
44.4		0.103315		
44.41		0.103294		
44.42		0.103272		
44.43		0.103251		
44.44		0.10323		
44.45		0.103208		
44.46		0.103187		
44.47		0.103166		
44.48		0.103144		
44.49		0.103123		
44.5		0.103102		
44.51		0.103081		
44.52		0.10306		
44.53		0.103039		
44.54		0.103018		
44.55		0.102997		
44.56		0.102976		
44.57		0.102955		
44.58		0.102934		
44.59		0.102913		
44.6		0.102892		
44.61		0.102871		
44.62		0.10285		
44.63		0.10283		
44.64		0.102809		
44.65		0.102788		
44.66		0.102767		
44.67		0.102747		
44.68		0.102726		
44.69		0.102706		
44.7		0.102685		
44.71		0.102664		
44.72		0.102644		
44.73		0.102624		
44.74		0.102603		
44.75		0.102583		
44.76		0.102562		
44.77		0.102542		
44.78		0.102522		
44.79		0.102501		
44.8		0.102481		
44.81		0.102461		
44.82		0.102441		
44.83		0.10242		
44.84		0.1024		
44.85		0.10238		
44.86		0.10236		
44.87		0.10234		
44.88		0.10232		
44.89		0.1023		
44.9		0.10228		
44.91		0.10226		
44.92		0.10224		
44.93		0.10222		
44.94		0.1022		
44.95		0.102181		
44.96		0.102161		
44.97		0.102141		
44.98		0.102121		
44.99		0.102102		
45		0.102082		
45.01		0.102062		
45.02		0.102043		
45.03		0.102023		
45.04		0.102003		
45.05		0.101984		
45.06		0.101964		
45.07		0.101945		
45.08		0.101925		
45.09		0.101906		
45.1		0.101887		
45.11		0.101867		
45.12		0.101848		
45.13		0.101828		
45.14		0.101809		
45.15		0.10179		
45.16		0.101771		
45.17		0.101751		
45.18		0.101732		
45.19		0.101713		
45.2		0.101694		
45.21		0.101675		
45.22		0.101656		
45.23		0.101637		
45.24		0.101618		
45.25		0.101599		
45.26		0.10158		
45.27		0.101561		
45.28		0.101542		
45.29		0.101523		
45.3		0.101504		
45.31		0.101485		
45.32		0.101467		
45.33		0.101448		
45.34		0.101429		
45.35		0.10141		
45.36		0.101392		
45.37		0.101373		
45.38		0.101354		
45.39		0.101336		
45.4		0.101317		
45.41		0.101298		
45.42		0.10128		
45.43		0.101261		
45.44		0.101243		
45.45		0.101224		
45.46		0.101206		
45.47		0.101188		
45.48		0.101169		
45.49		0.101151		
45.5		0.101133		
45.51		0.101114		
45.52		0.101096		
45.53		0.101078		
45.54		0.101059		
45.55		0.101041		
45.56		0.101023		
45.57		0.101005		
45.58		0.100987		
45.59		0.100969		
45.6		0.100951		
45.61		0.100933		
45.62		0.100915		
45.63		0.100897		
45.64		0.100879		
45.65		0.100861		
45.66		0.100843		
45.67		0.100825		
45.68		0.100807		
45.69		0.100789		
45.7		0.100771		
45.71		0.100753		
45.72		0.100736		
45.73		0.100718		
45.74		0.1007		
45.75		0.100683		
45.76		0.100665		
45.77		0.100647		
45.78		0.10063		
45.79		0.100612		
45.8		0.100594		
45.81		0.100577		
45.82		0.100559		
45.83		0.100542		
45.84		0.100524		
45.85		0.100507		
45.86		0.100489		
45.87		0.100472		
45.88		0.100455		
45.89		0.100437		
45.9		0.10042		
45.91		0.100403		
45.92		0.100385		
45.93		0.100368		
45.94		0.100351		
45.95		0.100334		
45.96		0.100316		
45.97		0.100299		
45.98		0.100282		
45.99		0.100265		
46		0.100248		
46.01		0.100231		
46.02		0.100214		
46.03		0.100197		
46.04		0.10018		
46.05		0.100163		
46.06		0.100146		
46.07		0.100129		
46.08		0.100112		
46.09		0.100095		
46.1		0.100078		
46.11		0.100061		
46.12		0.100045		
46.13		0.100028		
46.14		0.100011		
46.15		0.0999943		
46.16		0.0999776		
46.17		0.0999609		
46.18		0.0999442		
46.19		0.0999275		
46.2		0.0999109		
46.21		0.0998943		
46.22		0.0998777		
46.23		0.0998611		
46.24		0.0998446		
46.25		0.0998281		
46.26		0.0998116		
46.27		0.0997951		
46.28		0.0997787		
46.29		0.0997622		
46.3		0.0997458		
46.31		0.0997294		
46.32		0.0997131		
46.33		0.0996967		
46.34		0.0996804		
46.35		0.0996641		
46.36		0.0996479		
46.37		0.0996316		
46.38		0.0996154		
46.39		0.0995992		
46.4		0.099583		
46.41		0.0995668		
46.42		0.0995507		
46.43		0.0995346		
46.44		0.0995185		
46.45		0.0995024		
46.46		0.0994863		
46.47		0.0994703		
46.48		0.0994543		
46.49		0.0994383		
46.5		0.0994223		
46.51		0.0994064		
46.52		0.0993905		
46.53		0.0993746		
46.54		0.0993587		
46.55		0.0993428		
46.56		0.099327		
46.57		0.0993112		
46.58		0.0992954		
46.59		0.0992796		
46.6		0.0992638		
46.61		0.0992481		
46.62		0.0992324		
46.63		0.0992167		
46.64		0.099201		
46.65		0.0991854		
46.66		0.0991698		
46.67		0.0991542		
46.68		0.0991386		
46.69		0.099123		
46.7		0.0991075		
46.71		0.0990919		
46.72		0.0990764		
46.73		0.099061		
46.74		0.0990455		
46.75		0.0990301		
46.76		0.0990147		
46.77		0.0989993		
46.78		0.0989839		
46.79		0.0989685		
46.8		0.0989532		
46.81		0.0989379		
46.82		0.0989226		
46.83		0.0989073		
46.84		0.098892		
46.85		0.0988768		
46.86		0.0988616		
46.87		0.0988464		
46.88		0.0988312		
46.89		0.0988161		
46.9		0.0988009		
46.91		0.0987858		
46.92		0.0987707		
46.93		0.0987557		
46.94		0.0987406		
46.95		0.0987256		
46.96		0.0987106		
46.97		0.0986956		
46.98		0.0986806		
46.99		0.0986657		
47		0.0986507		
47.01		0.0986358		
47.02		0.0986209		
47.03		0.098606		
47.04		0.0985912		
47.05		0.0985764		
47.06		0.0985615		
47.07		0.0985467		
47.08		0.098532		
47.09		0.0985172		
47.1		0.0985025		
47.11		0.0984878		
47.12		0.0984731		
47.13		0.0984584		
47.14		0.0984437		
47.15		0.0984291		
47.16		0.0984145		
47.17		0.0983999		
47.18		0.0983853		
47.19		0.0983707		
47.2		0.0983562		
47.21		0.0983416		
47.22		0.0983271		
47.23		0.0983126		
47.24		0.0982982		
47.25		0.0982837		
47.26		0.0982693		
47.27		0.0982549		
47.28		0.0982405		
47.29		0.0982261		
47.3		0.0982118		
47.31		0.0981974		
47.32		0.0981831		
47.33		0.0981688		
47.34		0.0981545		
47.35		0.0981403		
47.36		0.098126		
47.37		0.0981118		
47.38		0.0980976		
47.39		0.0980834		
47.4		0.0980693		
47.41		0.0980551		
47.42		0.098041		
47.43		0.0980269		
47.44		0.0980128		
47.45		0.0979987		
47.46		0.0979846		
47.47		0.0979706		
47.48		0.0979566		
47.49		0.0979426		
47.5		0.0979286		
47.51		0.0979146		
47.52		0.0979007		
47.53		0.0978867		
47.54		0.0978728		
47.55		0.0978589		
47.56		0.0978451		
47.57		0.0978312		
47.58		0.0978174		
47.59		0.0978035		
47.6		0.0977897		
47.61		0.097776		
47.62		0.0977622		
47.63		0.0977484		
47.64		0.0977347		
47.65		0.097721		
47.66		0.0977073		
47.67		0.0976936		
47.68		0.0976799		
47.69		0.0976663		
47.7		0.0976527		
47.71		0.0976391		
47.72		0.0976255		
47.73		0.0976119		
47.74		0.0975983		
47.75		0.0975848		
47.76		0.0975713		
47.77		0.0975578		
47.78		0.0975443		
47.79		0.0975308		
47.8		0.0975174		
47.81		0.0975039		
47.82		0.0974905		
47.83		0.0974771		
47.84		0.0974637		
47.85		0.0974504		
47.86		0.097437		
47.87		0.0974237		
47.88		0.0974104		
47.89		0.0973971		
47.9		0.0973838		
47.91		0.0973705		
47.92		0.0973573		
47.93		0.097344		
47.94		0.0973308		
47.95		0.0973176		
47.96		0.0973045		
47.97		0.0972913		
47.98		0.0972781		
47.99		0.097265		
48		0.0972519		
48.01		0.0972388		
48.02		0.0972257		
48.03		0.0972127		
48.04		0.0971996		
48.05		0.0971866		
48.06		0.0971736		
48.07		0.0971606		
48.08		0.0971476		
48.09		0.0971346		
48.1		0.0971217		
48.11		0.0971088		
48.12		0.0970958		
48.13		0.0970829		
48.14		0.0970701		
48.15		0.0970572		
48.16		0.0970444		
48.17		0.0970315		
48.18		0.0970187		
48.19		0.0970059		
48.2		0.0969931		
48.21		0.0969804		
48.22		0.0969676		
48.23		0.0969549		
48.24		0.0969422		
48.25		0.0969294		
48.26		0.0969168		
48.27		0.0969041		
48.28		0.0968914		
48.29		0.0968788		
48.3		0.0968662		
48.31		0.0968536		
48.32		0.096841		
48.33		0.0968284		
48.34		0.0968158		
48.35		0.0968033		
48.36		0.0967908		
48.37		0.0967783		
48.38		0.0967658		
48.39		0.0967533		
48.4		0.0967408		
48.41		0.0967284		
48.42		0.0967159		
48.43		0.0967035		
48.44		0.0966911		
48.45		0.0966787		
48.46		0.0966663		
48.47		0.096654		
48.48		0.0966417		
48.49		0.0966293		
48.5		0.096617		
48.51		0.0966047		
48.52		0.0965924		
48.53		0.0965802		
48.54		0.0965679		
48.55		0.0965557		
48.56		0.0965435		
48.57		0.0965313		
48.58		0.0965191		
48.59		0.0965069		
48.6		0.0964948		
48.61		0.0964826		
48.62		0.0964705		
48.63		0.0964584		
48.64		0.0964463		
48.65		0.0964342		
48.66		0.0964221		
48.67		0.0964101		
48.68		0.0963981		
48.69		0.096386		
48.7		0.096374		
48.71		0.096362		
48.72		0.0963501		
48.73		0.0963381		
48.74		0.0963261		
48.75		0.0963142		
48.76		0.0963023		
48.77		0.0962904		
48.78		0.0962785		
48.79		0.0962666		
48.8		0.0962548		
48.81		0.0962429		
48.82		0.0962311		
48.83		0.0962193		
48.84		0.0962075		
48.85		0.0961957		
48.86		0.0961839		
48.87		0.0961722		
48.88		0.0961604		
48.89		0.0961487		
48.9		0.096137		
48.91		0.0961253		
48.92		0.0961136		
48.93		0.0961019		
48.94		0.0960903		
48.95		0.0960786		
48.96		0.096067		
48.97		0.0960554		
48.98		0.0960438		
48.99		0.0960322		
49		0.0960207		
49.01		0.0960091		
49.02		0.0959976		
49.03		0.095986		
49.04		0.0959745		
49.05		0.095963		
49.06		0.0959515		
49.07		0.0959401		
49.08		0.0959286		
49.09		0.0959172		
49.1		0.0959057		
49.11		0.0958943		
49.12		0.0958829		
49.13		0.0958715		
49.14		0.0958602		
49.15		0.0958488		
49.16		0.0958375		
49.17		0.0958261		
49.18		0.0958148		
49.19		0.0958035		
49.2		0.0957922		
49.21		0.095781		
49.22		0.0957697		
49.23		0.0957584		
49.24		0.0957472		
49.25		0.095736		
49.26		0.0957248		
49.27		0.0957136		
49.28		0.0957024		
49.29		0.0956912		
49.3		0.0956801		
49.31		0.095669		
49.32		0.0956578		
49.33		0.0956467		
49.34		0.0956356		
49.35		0.0956245		
49.36		0.0956135		
49.37		0.0956024		
49.38		0.0955914		
49.39		0.0955803		
49.4		0.0955693		
49.41		0.0955583		
49.42		0.0955473		
49.43		0.0955363		
49.44		0.0955254		
49.45		0.0955144		
49.46		0.0955035		
49.47		0.0954926		
49.48		0.0954817		
49.49		0.0954708		
49.5		0.0954599		
49.51		0.095449		
49.52		0.0954381		
49.53		0.0954273		
49.54		0.0954165		
49.55		0.0954056		
49.56		0.0953948		
49.57		0.095384		
49.58		0.0953733		
49.59		0.0953625		
49.6		0.0953517		
49.61		0.095341		
49.62		0.0953303		
49.63		0.0953196		
49.64		0.0953089		
49.65		0.0952982		
49.66		0.0952875		
49.67		0.0952768		
49.68		0.0952662		
49.69		0.0952555		
49.7		0.0952449		
49.71		0.0952343		
49.72		0.0952237		
49.73		0.0952131		
49.74		0.0952025		
49.75		0.095192		
49.76		0.0951814		
49.77		0.0951709		
49.78		0.0951604		
49.79		0.0951499		
49.8		0.0951394		
49.81		0.0951289		
49.82		0.0951184		
49.83		0.0951079		
49.84		0.0950975		
49.85		0.095087		
49.86		0.0950766		
49.87		0.0950662		
49.88		0.0950558		
49.89		0.0950454		
49.9		0.0950351		
49.91		0.0950247		
49.92		0.0950143		
49.93		0.095004		
49.94		0.0949937		
49.95		0.0949834		
49.96		0.0949731		
49.97		0.0949628		
49.98		0.0949525		
49.99		0.0949422		
50		0.094932		
