t [fm]		T [fm^-1]
0.25		2.5339
0.3		2.3943		
0.35		2.2866		
0.4		2.1999		
0.45		2.1278		
0.5		2.0664		
0.55		2.013		
0.6		1.9661		
0.65		1.9242		
0.7		1.8865		
0.75		1.8522		
0.8		1.8209		
0.85		1.7921		
0.9		1.7654		
0.95		1.7406		
1		1.7175		
1.05		1.6958		
1.1		1.6754		
1.15		1.6562		
1.2		1.6381		
1.25		1.6209		
1.3		1.6045		
1.35		1.589		
1.4		1.5742		
1.45		1.56		
1.5		1.5465		
1.55		1.5335		
1.6		1.5211		
1.65		1.5091		
1.7		1.4976		
1.75		1.4865		
1.8		1.4759		
1.85		1.4656		
1.9		1.4556		
1.95		1.446		
2		1.4367		
2.05		1.4277		
2.1		1.419		
2.15		1.4105		
2.2		1.4023		
2.25		1.3943		
2.3		1.3866		
2.35		1.3791		
2.4		1.3717		
2.45		1.3646		
2.5		1.3577		
2.55		1.3509		
2.6		1.3443		
2.65		1.3379		
2.7		1.3316		
2.75		1.3255		
2.8		1.3195		
2.85		1.3137		
2.9		1.308		
2.95		1.3024		
3		1.2969		
3.05		1.2916		
3.1		1.2864		
3.15		1.2813		
3.2		1.2762		
3.25		1.2713		
3.3		1.2665		
3.35		1.2618		
3.4		1.2572		
3.45		1.2527		
3.5		1.2482		
3.55		1.2439		
3.6		1.2396		
3.65		1.2354		
3.7		1.2313		
3.75		1.2272		
3.8		1.2232		
3.85		1.2193		
3.9		1.2155		
3.95		1.2117		
4		1.208		
4.05		1.2043		
4.1		1.2007		
4.15		1.1972		
4.2		1.1937		
4.25		1.1903		
4.3		1.1869		
4.35		1.1836		
4.4		1.1803		
4.45		1.1771		
4.5		1.1739		
4.55		1.1708		
4.6		1.1677		
4.65		1.1647		
4.7		1.1617		
4.75		1.1588		
4.8		1.1559		
4.85		1.153		
4.9		1.1502		
4.95		1.1474		
5		1.1447		
5.05		1.142		
5.1		1.1393		
5.15		1.1367		
5.2		1.1341		
5.25		1.1315		
5.3		1.129		
5.35		1.1265		
5.4		1.124		
5.45		1.1215		
5.5		1.1191		
5.55		1.1168		
5.6		1.1144		
5.65		1.1121		
5.7		1.1098		
5.75		1.1075		
5.8		1.1053		
5.85		1.1031		
5.9		1.1009		
5.95		1.0987		
6		1.0966		
6.05		1.0945		
6.1		1.0924		
6.15		1.0903		
6.2		1.0883		
6.25		1.0863		
6.3		1.0843		
6.35		1.0823		
6.4		1.0804		
6.45		1.0784		
6.5		1.0765		
6.55		1.0746		
6.6		1.0728		
6.65		1.0709		
6.7		1.0691		
6.75		1.0673		
6.8		1.0655		
6.85		1.0637		
6.9		1.0619		
6.95		1.0602		
7		1.0585		
7.05		1.0568		
7.1		1.0551		
7.15		1.0534		
7.2		1.0518		
7.25		1.0501		
7.3		1.0485		
7.35		1.0469		
7.4		1.0453		
7.45		1.0437		
7.5		1.0422		
7.55		1.0406		
7.6		1.0391		
7.65		1.0376		
7.7		1.0361		
7.75		1.0346		
7.8		1.0331		
7.85		1.0316		
7.9		1.0302		
7.95		1.0287		
8		1.0273		
8.05		1.0259		
8.1		1.0245		
8.15		1.0231		
8.2		1.0217		
8.25		1.0204		
8.3		1.019		
8.35		1.0177		
8.4		1.0163		
8.45		1.015		
8.5		1.0137		
8.55		1.0124		
8.6		1.0111		
8.65		1.0099		
8.7		1.0086		
8.75		1.0073		
8.8		1.0061		
8.85		1.0049		
8.9		1.0036		
8.95		1.0024		
9		1.0012		
9.05		1		
9.1		0.99884		
9.15		0.99766		
9.2		0.9965		
9.25		0.99534		
9.3		0.99419		
9.35		0.99305		
9.4		0.99192		
9.45		0.9908		
9.5		0.98968		
9.55		0.98858		
9.6		0.98748		
9.65		0.98639		
9.7		0.98531		
9.75		0.98423		
9.8		0.98317		
9.85		0.98211		
9.9		0.98106		
9.95		0.98002		
10		0.97898		
10.05		0.97796		
10.1		0.97694		
10.15		0.97592		
10.2		0.97492		
10.25		0.97392		
10.3		0.97293		
10.35		0.97195		
10.4		0.97097		
10.45		0.97		
10.5		0.96903		
10.55		0.96808		
10.6		0.96713		
10.65		0.96618		
10.7		0.96524		
10.75		0.96431		
10.8		0.96339		
10.85		0.96247		
10.9		0.96156		
10.95		0.96065		
11		0.95975		
11.05		0.95885		
11.1		0.95797		
11.15		0.95708		
11.2		0.95621		
11.25		0.95533		
11.3		0.95447		
11.35		0.95361		
11.4		0.95275		
11.45		0.9519		
11.5		0.95106		
11.55		0.95022		
11.6		0.94939		
11.65		0.94856		
11.7		0.94774		
11.75		0.94692		
11.8		0.94611		
11.85		0.9453		
11.9		0.9445		
11.95		0.9437		
12		0.9429		
12.05		0.94212		
12.1		0.94133		
12.15		0.94055		
12.2		0.93978		
12.25		0.93901		
12.3		0.93825		
12.35		0.93749		
12.4		0.93673		
12.45		0.93598		
12.5		0.93523		
12.55		0.93449		
12.6		0.93375		
12.65		0.93302		
12.7		0.93229		
12.75		0.93156		
12.8		0.93084		
12.85		0.93013		
12.9		0.92941		
12.95		0.9287		
13		0.928		
13.05		0.9273		
13.1		0.9266		
13.15		0.92591		
13.2		0.92522		
13.25		0.92453		
13.3		0.92385		
13.35		0.92318		
13.4		0.9225		
13.45		0.92183		
13.5		0.92116		
13.55		0.9205		
13.6		0.91984		
13.65		0.91919		
13.7		0.91853		
13.75		0.91788		
13.8		0.91724		
13.85		0.9166		
13.9		0.91596		
13.95		0.91532		
14		0.91469		
14.05		0.91406		
14.1		0.91344		
14.15		0.91282		
14.2		0.9122		
14.25		0.91158		
14.3		0.91097		
14.35		0.91036		
14.4		0.90976		
14.45		0.90915		
14.5		0.90855		
14.55		0.90796		
14.6		0.90736		
14.65		0.90677		
14.7		0.90618		
14.75		0.9056		
14.8		0.90502		
14.85		0.90444		
14.9		0.90386		
14.95		0.90329		
15		0.90272		
15.05		0.90215		
15.1		0.90159		
15.15		0.90102		
15.2		0.90046		
15.25		0.89991		
15.3		0.89935		
15.35		0.8988		
15.4		0.89825		
15.45		0.89771		
15.5		0.89716		
15.55		0.89662		
15.6		0.89609		
15.65		0.89555		
15.7		0.89502		
15.75		0.89449		
15.8		0.89396		
15.85		0.89343		
15.9		0.89291		
15.95		0.89239		
16		0.89187		
16.05		0.89135		
16.1		0.89084		
16.15		0.89033		
16.2		0.88982		
16.25		0.88932		
16.3		0.88881		
16.35		0.88831		
16.4		0.88781		
16.45		0.88731		
16.5		0.88682		
16.55		0.88632		
16.6		0.88583		
16.65		0.88535		
16.7		0.88486		
16.75		0.88437		
16.8		0.88389		
16.85		0.88341		
16.9		0.88294		
16.95		0.88246		
17		0.88199		
17.05		0.88151		
17.1		0.88105		
17.15		0.88058		
17.2		0.88011		
17.25		0.87965		
17.3		0.87919		
17.35		0.87873		
17.4		0.87827		
17.45		0.87782		
17.5		0.87736		
17.55		0.87691		
17.6		0.87646		
17.65		0.87601		
17.7		0.87557		
17.75		0.87512		
17.8		0.87468		
17.85		0.87424		
17.9		0.8738		
17.95		0.87337		
18		0.87293		
18.05		0.8725		
18.1		0.87207		
18.15		0.87164		
18.2		0.87121		
18.25		0.87078		
18.3		0.87036		
18.35		0.86994		
18.4		0.86952		
18.45		0.8691		
18.5		0.86868		
18.55		0.86827		
18.6		0.86785		
18.65		0.86744		
18.7		0.86703		
18.75		0.86662		
18.8		0.86621		
18.85		0.86581		
18.9		0.8654		
18.95		0.865		
19		0.8646		
19.05		0.8642		
19.1		0.8638		
19.15		0.86341		
19.2		0.86301		
19.25		0.86262		
19.3		0.86223		
19.35		0.86184		
19.4		0.86145		
19.45		0.86106		
19.5		0.86068		
19.55		0.86029		
19.6		0.85991		
19.65		0.85953		
19.7		0.85915		
19.75		0.85877		
19.8		0.8584		
19.85		0.85802		
19.9		0.85765		
19.95		0.85728		
20		0.85691		
20.05		0.85654		
20.1		0.85617		
20.15		0.8558		
20.2		0.85544		
20.25		0.85507		
20.3		0.85471		
20.35		0.85435		
20.4		0.85399		
20.45		0.85363		
20.5		0.85327		
20.55		0.85292		
20.6		0.85256		
20.65		0.85221		
20.7		0.85186		
20.75		0.85151		
20.8		0.85116		
20.85		0.85081		
20.9		0.85046		
20.95		0.85012		
21		0.84977		
21.05		0.84943		
21.1		0.84909		
21.15		0.84875		
21.2		0.84841		
21.25		0.84807		
21.3		0.84773		
21.35		0.8474		
21.4		0.84706		
21.45		0.84673		
21.5		0.8464		
21.55		0.84607		
21.6		0.84574		
21.65		0.84541		
21.7		0.84508		
21.75		0.84475		
21.8		0.84443		
21.85		0.84411		
21.9		0.84378		
21.95		0.84346		
22		0.84314		
22.05		0.84282		
22.1		0.8425		
22.15		0.84219		
22.2		0.84187		
22.25		0.84155		
22.3		0.84124		
22.35		0.84093		
22.4		0.84062		
22.45		0.84031		
22.5		0.84		
22.55		0.83969		
22.6		0.83938		
22.65		0.83907		
22.7		0.83877		
22.75		0.83846		
22.8		0.83816		
22.85		0.83786		
22.9		0.83756		
22.95		0.83726		
23		0.83696		
23.05		0.83666		
23.1		0.83636		
23.15		0.83607		
23.2		0.83577		
23.25		0.83548		
23.3		0.83518		
23.35		0.83489		
23.4		0.8346		
23.45		0.83431		
23.5		0.83402		
23.55		0.83373		
23.6		0.83344		
23.65		0.83316		
23.7		0.83287		
23.75		0.83259		
23.8		0.8323		
23.85		0.83202		
23.9		0.83174		
23.95		0.83146		
24		0.83118		
24.05		0.8309		
24.1		0.83062		
24.15		0.83034		
24.2		0.83007		
24.25		0.82979		
24.3		0.82952		
24.35		0.82924		
24.4		0.82897		
24.45		0.8287		
24.5		0.82843		
24.55		0.82816		
24.6		0.82789		
24.65		0.82762		
24.7		0.82735		
24.75		0.82709		
24.8		0.82682		
24.85		0.82656		
24.9		0.82629		
24.95		0.82603		
25		0.82577		
25.05		0.8255		
25.1		0.82524		
25.15		0.82498		
25.2		0.82472		
25.25		0.82446		
25.3		0.82421		
25.35		0.82395		
25.4		0.82369		
25.45		0.82344		
25.5		0.82318		
25.55		0.82293		
25.6		0.82268		
25.65		0.82243		
25.7		0.82217		
25.75		0.82192		
25.8		0.82167		
25.85		0.82142		
25.9		0.82118		
25.95		0.82093		
26		0.82068		
26.05		0.82044		
26.1		0.82019		
26.15		0.81995		
26.2		0.8197		
26.25		0.81946		
26.3		0.81922		
26.35		0.81898		
26.4		0.81873		
26.45		0.81849		
26.5		0.81825		
26.55		0.81802		
26.6		0.81778		
26.65		0.81754		
26.7		0.8173		
26.75		0.81707		
26.8		0.81683		
26.85		0.8166		
26.9		0.81636		
26.95		0.81613		
27		0.8159		
27.05		0.81567		
27.1		0.81544		
27.15		0.81521		
27.2		0.81498		
27.25		0.81475		
27.3		0.81452		
27.35		0.81429		
27.4		0.81406		
27.45		0.81384		
27.5		0.81361		
27.55		0.81339		
27.6		0.81316		
27.65		0.81294		
27.7		0.81271		
27.75		0.81249		
27.8		0.81227		
27.85		0.81205		
27.9		0.81183		
27.95		0.81161		
28		0.81139		
28.05		0.81117		
28.1		0.81095		
28.15		0.81073		
28.2		0.81052		
28.25		0.8103		
28.3		0.81008		
28.35		0.80987		
28.4		0.80965		
28.45		0.80944		
28.5		0.80923		
28.55		0.80901		
28.6		0.8088		
28.65		0.80859		
28.7		0.80838		
28.75		0.80817		
28.8		0.80796		
28.85		0.80775		
28.9		0.80754		
28.95		0.80733		
29		0.80712		
29.05		0.80692		
29.1		0.80671		
29.15		0.8065		
29.2		0.8063		
29.25		0.80609		
29.3		0.80589		
29.35		0.80568		
29.4		0.80548		
29.45		0.80528		
29.5		0.80508		
29.55		0.80487		
29.6		0.80467		
29.65		0.80447		
29.7		0.80427		
29.75		0.80407		
29.8		0.80387		
29.85		0.80367		
29.9		0.80348		
29.95		0.80328		
30		0.80308		
30.05		0.80289		
30.1		0.80269		
30.15		0.80249		
30.2		0.8023		
30.25		0.8021		
30.3		0.80191		
30.35		0.80172		
30.4		0.80152		
30.45		0.80133		
30.5		0.80114		
30.55		0.80095		
30.6		0.80076		
30.65		0.80057		
30.7		0.80038		
30.75		0.80019		
30.8		0.8		
30.85		0.79981		
30.9		0.79962		
30.95		0.79943		
31		0.79924		
31.05		0.79906		
31.1		0.79887		
31.15		0.79868		
31.2		0.7985		
31.25		0.79831		
31.3		0.79813		
31.35		0.79795		
31.4		0.79776		
31.45		0.79758		
31.5		0.7974		
31.55		0.79721		
31.6		0.79703		
31.65		0.79685		
31.7		0.79667		
31.75		0.79649		
31.8		0.79631		
31.85		0.79613		
31.9		0.79595		
31.95		0.79577		
32		0.79559		
32.05		0.79541		
32.1		0.79524		
32.15		0.79506		
32.2		0.79488		
32.25		0.7947		
32.3		0.79453		
32.35		0.79435		
32.4		0.79418		
32.45		0.794		
32.5		0.79383		
32.55		0.79365		
32.6		0.79348		
32.65		0.79331		
32.7		0.79313		
32.75		0.79296		
32.8		0.79279		
32.85		0.79262		
32.9		0.79245		
32.95		0.79228		
33		0.79211		
33.05		0.79194		
33.1		0.79177		
33.15		0.7916		
33.2		0.79143		
33.25		0.79126		
33.3		0.79109		
33.35		0.79092		
33.4		0.79076		
33.45		0.79059		
33.5		0.79042		
33.55		0.79025		
33.6		0.79009		
33.65		0.78992		
33.7		0.78976		
33.75		0.78959		
33.8		0.78943		
33.85		0.78926		
33.9		0.7891		
33.95		0.78894		
34		0.78877		
34.05		0.78861		
34.1		0.78845		
34.15		0.78828		
34.2		0.78812		
34.25		0.78796		
34.3		0.7878		
34.35		0.78764		
34.4		0.78748		
34.45		0.78732		
34.5		0.78716		
34.55		0.787		
34.6		0.78684		
34.65		0.78668		
34.7		0.78652		
34.75		0.78636		
34.8		0.78621		
34.85		0.78605		
34.9		0.78589		
34.95		0.78573		
35		0.78558		
35.05		0.78542		
35.1		0.78527		
35.15		0.78511		
35.2		0.78495		
35.25		0.7848		
35.3		0.78464		
35.35		0.78449		
35.4		0.78434		
35.45		0.78418		
35.5		0.78403		
35.55		0.78388		
35.6		0.78372		
35.65		0.78357		
35.7		0.78342		
35.75		0.78327		
35.8		0.78311		
35.85		0.78296		
35.9		0.78281		
35.95		0.78266		
36		0.78251		
36.05		0.78236		
36.1		0.78221		
36.15		0.78206		
36.2		0.78191		
36.25		0.78176		
36.3		0.78161		
36.35		0.78146		
36.4		0.78131		
36.45		0.78117		
36.5		0.78102		
36.55		0.78087		
36.6		0.78072		
36.65		0.78058		
36.7		0.78043		
36.75		0.78028		
36.8		0.78014		
36.85		0.77999		
36.9		0.77985		
36.95		0.7797		
37		0.77956		
37.05		0.77941		
37.1		0.77927		
37.15		0.77912		
37.2		0.77898		
37.25		0.77883		
37.3		0.77869		
37.35		0.77855		
37.4		0.7784		
37.45		0.77826		
37.5		0.77812		
37.55		0.77798		
37.6		0.77783		
37.65		0.77769		
37.7		0.77755		
37.75		0.77741		
37.8		0.77727		
37.85		0.77713		
37.9		0.77699		
37.95		0.77685		
38		0.77671		
38.05		0.77657		
38.1		0.77643		
38.15		0.77629		
38.2		0.77615		
38.25		0.77601		
38.3		0.77587		
38.35		0.77573		
38.4		0.77559		
38.45		0.77546		
38.5		0.77532		
38.55		0.77518		
38.6		0.77504		
38.65		0.77491		
38.7		0.77477		
38.75		0.77463		
38.8		0.7745		
38.85		0.77436		
38.9		0.77422		
38.95		0.77409		
39		0.77395		
39.05		0.77382		
39.1		0.77368		
39.15		0.77355		
39.2		0.77341		
39.25		0.77328		
39.3		0.77315		
39.35		0.77301		
39.4		0.77288		
39.45		0.77274		
39.5		0.77261		
39.55		0.77248		
39.6		0.77234		
39.65		0.77221		
39.7		0.77208		
39.75		0.77195		
39.8		0.77181		
39.85		0.77168		
39.9		0.77155		
39.95		0.77142		
40		0.77129		
40.05		0.77116		
40.1		0.77103		
40.15		0.7709		
40.2		0.77076		
40.25		0.77063		
40.3		0.7705		
40.35		0.77037		
40.4		0.77024		
40.45		0.77011		
40.5		0.76999		
40.55		0.76986		
40.6		0.76973		
40.65		0.7696		
40.7		0.76947		
40.75		0.76934		
40.8		0.76921		
40.85		0.76909		
40.9		0.76896		
40.95		0.76883		
41		0.7687		
41.05		0.76857		
41.1		0.76845		
41.15		0.76832		
41.2		0.76819		
41.25		0.76807		
41.3		0.76794		
41.35		0.76781		
41.4		0.76769		
41.45		0.76756		
41.5		0.76744		
41.55		0.76731		
41.6		0.76719		
41.65		0.76706		
41.7		0.76694		
41.75		0.76681		
41.8		0.76669		
41.85		0.76656		
41.9		0.76644		
41.95		0.76631		
42		0.76619		
42.05		0.76607		
42.1		0.76594		
42.15		0.76582		
42.2		0.76569		
42.25		0.76557		
42.3		0.76545		
42.35		0.76533		
42.4		0.7652		
42.45		0.76508		
42.5		0.76496		
42.55		0.76484		
42.6		0.76471		
42.65		0.76459		
42.7		0.76447		
42.75		0.76435		
42.8		0.76423		
42.85		0.76411		
42.9		0.76399		
42.95		0.76386		
43		0.76374		
43.05		0.76362		
43.1		0.7635		
43.15		0.76338		
43.2		0.76326		
43.25		0.76314		
43.3		0.76302		
43.35		0.7629		
43.4		0.76278		
43.45		0.76266		
43.5		0.76254		
43.55		0.76243		
43.6		0.76231		
43.65		0.76219		
43.7		0.76207		
43.75		0.76195		
43.8		0.76183		
43.85		0.76171		
43.9		0.7616		
43.95		0.76148		
44		0.76136		
44.05		0.76124		
44.1		0.76113		
44.15		0.76101		
44.2		0.76089		
44.25		0.76077		
44.3		0.76066		
44.35		0.76054		
44.4		0.76042		
44.45		0.76031		
44.5		0.76019		
44.55		0.76008		
44.6		0.75996		
44.65		0.75984		
44.7		0.75973		
44.75		0.75961		
44.8		0.7595		
44.85		0.75938		
44.9		0.75927		
44.95		0.75915		
45		0.75904		
45.05		0.75892		
45.1		0.75881		
45.15		0.75869		
45.2		0.75858		
45.25		0.75846		
45.3		0.75835		
45.35		0.75824		
45.4		0.75812		
45.45		0.75801		
45.5		0.75789		
45.55		0.75778		
45.6		0.75767		
45.65		0.75755		
45.7		0.75744		
45.75		0.75733		
45.8		0.75722		
45.85		0.7571		
45.9		0.75699		
45.95		0.75688		
46		0.75677		
46.05		0.75665		
46.1		0.75654		
46.15		0.75643		
46.2		0.75632		
46.25		0.75621		
46.3		0.75609		
46.35		0.75598		
46.4		0.75587		
46.45		0.75576		
46.5		0.75565		
46.55		0.75554		
46.6		0.75543		
46.65		0.75532		
46.7		0.75521		
46.75		0.7551		
46.8		0.75499		
46.85		0.75488		
46.9		0.75477		
46.95		0.75466		
47		0.75455		
47.05		0.75444		
47.1		0.75433		
47.15		0.75422		
47.2		0.75411		
47.25		0.754		
47.3		0.75389		
47.35		0.75378		
47.4		0.75367		
47.45		0.75356		
47.5		0.75345		
47.55		0.75334		
47.6		0.75324		
47.65		0.75313		
47.7		0.75302		
47.75		0.75291		
47.8		0.7528		
47.85		0.7527		
47.9		0.75259		
47.95		0.75248		
48		0.75237		
48.05		0.75227		
48.1		0.75216		
48.15		0.75205		
48.2		0.75194		
48.25		0.75184		
48.3		0.75173		
48.35		0.75162		
48.4		0.75152		
48.45		0.75141		
48.5		0.7513		
48.55		0.7512		
48.6		0.75109		
48.65		0.75099		
48.7		0.75088		
48.75		0.75077		
48.8		0.75067		
48.85		0.75056		
48.9		0.75046		
48.95		0.75035		
49		0.75025		
49.05		0.75014		
49.1		0.75004		
49.15		0.74993		
49.2		0.74983		
49.25		0.74972		
49.3		0.74962		
49.35		0.74951		
49.4		0.74941		
49.45		0.7493		
49.5		0.7492		
49.55		0.74909		
49.6		0.74899		
49.65		0.74889		
49.7		0.74878		
49.75		0.74868		
49.8		0.74858		
49.85		0.74847		
49.9		0.74837		
49.95		0.74827		
50		0.74816		
