T [fm^-1]		beta_pi
0.1		2.57472126931657e-07
0.1008		2.79900427394303e-07
0.1016		3.03844743060115e-07
0.1024		3.29376686670861e-07
0.1032		3.56569672387031e-07
0.104		3.85498912767619e-07
0.1048		4.1624141548242e-07
0.1056		4.48875979805162e-07
0.1064		4.83483192920068e-07
0.1072		5.201454260969e-07
0.108		5.58946830772694e-07
0.1088		5.99973334553628e-07
0.1096		6.43312637212633e-07
0.1104		6.89054206668017e-07
0.1112		7.37289274999499e-07
0.112		7.88110834517637e-07
0.1128		8.41613633915964e-07
0.1136		8.97894174506911e-07
0.1144		9.57050706592929e-07
0.1152		1.01918322595814e-06
0.116		1.0843934705129e-06
0.1168		1.15278491710119e-06
0.1176		1.22446277848103e-06
0.1184		1.29953400047786e-06
0.1192		1.37810725934851e-06
0.12		1.46029295932567e-06
0.1208		1.54620323037393e-06
0.1216		1.63595192614953e-06
0.1224		1.72965462218582e-06
0.1232		1.82742861427169e-06
0.124		1.92939291706645e-06
0.1248		2.03566826292116e-06
0.1256		2.14637710091932e-06
0.1264		2.26164359613661e-06
0.1272		2.38159362911439e-06
0.128		2.50635479554647e-06
0.1288		2.63605640618166e-06
0.1296		2.77082948693105e-06
0.1304		2.91080677918094e-06
0.1312		3.0561227403124e-06
0.132		3.20691354441937e-06
0.1328		3.3633170832157e-06
0.1336		3.52547296714177e-06
0.1344		3.6935225266525e-06
0.1352		3.86760881368317e-06
0.136		4.04787660330882e-06
0.1368		4.23447239555502e-06
0.1376		4.42754441739192e-06
0.1384		4.62724262488855e-06
0.1392		4.83371870552085e-06
0.14		5.04712608063841e-06
0.1408		5.26761990807473e-06
0.1416		5.4953570849153e-06
0.1424		5.73049625038079e-06
0.1432		5.97319778887204e-06
0.144		6.22362383312531e-06
0.1448		6.48193826750287e-06
0.1456		6.74830673140071e-06
0.1464		7.0228966227833e-06
0.1472		7.30587710181274e-06
0.148		7.5974190946082e-06
0.1488		7.89769529709112e-06
0.1496		8.20688017894344e-06
0.1504		8.52514998766453e-06
0.1512		8.85268275271075e-06
0.152		9.18965828973652e-06
0.1528		9.53625820491839e-06
0.1536		9.89266589935845e-06
0.1544		1.02590665735809e-05
0.1552		1.06356472320937e-05
0.156		1.10225966880292e-05
0.1568		1.1420105567871e-05
0.1576		1.1828366316218e-05
0.1584		1.2247573200661e-05
0.1592		1.2677922316683e-05
0.16		1.31196115926498e-05
0.1608		1.35728407948477e-05
0.1616		1.40378115325954e-05
0.1624		1.4514727263394e-05
0.1632		1.50037932981485e-05
0.164		1.55052168064396e-05
0.1648		1.6019206821844e-05
0.1656		1.65459742473242e-05
0.1664		1.70857318606324e-05
0.1672		1.76386943198049e-05
0.168		1.82050781686914e-05
0.1688		1.87851018425122e-05
0.1696		1.93789856734865e-05
0.1704		1.99869518965036e-05
0.1712		2.06092246548352e-05
0.172		2.1246030005884e-05
0.1728		2.18975959270021e-05
0.1736		2.25641523213183e-05
0.1744		2.32459310236615e-05
0.1752		2.39431658064607e-05
0.176		2.46560923857554e-05
0.1768		2.53849484272047e-05
0.1776		2.61299735521665e-05
0.1784		2.68914093437873e-05
0.1792		2.76694993531999e-05
0.18		2.84644891057063e-05
0.1808		2.9276626107007e-05
0.1816		3.01061598495289e-05
0.1824		3.09533418187466e-05
0.1832		3.18184254995704e-05
0.184		3.27016663827887e-05
0.1848		3.36033219715419e-05
0.1856		3.45236517878551e-05
0.1864		3.54629173792239e-05
0.1872		3.64213823252289e-05
0.188		3.73993122442419e-05
0.1888		3.83969748001342e-05
0.1896		3.94146397090705e-05
0.1904		4.04525787463534e-05
0.1912		4.15110657533078e-05
0.192		4.25903766442454e-05
0.1928		4.36907894134493e-05
0.1936		4.48125841422664e-05
0.1944		4.59560430061903e-05
0.1952		4.7121450282095e-05
0.196		4.83090923554396e-05
0.1968		4.95192577275883e-05
0.1976		5.07522370232036e-05
0.1984		5.20083229976501e-05
0.1992		5.32878105445188e-05
0.2		5.45909967031932e-05
0.2008		5.59181806664957e-05
0.2016		5.72696637884084e-05
0.2024		5.86457495918377e-05
0.2032		6.00467437764861e-05
0.204		6.14729542267873e-05
0.2048		6.29246910199298e-05
0.2056		6.4402266433926e-05
0.2064		6.59059949558049e-05
0.2072		6.74361932898337e-05
0.208		6.89931803658967e-05
0.2088		7.05772773478837e-05
0.2096		7.21888076422317e-05
0.2104		7.38280969064753e-05
0.2112		7.54954730579816e-05
0.212		7.71912662826995e-05
0.2128		7.89158090440655e-05
0.2136		8.06694360919297e-05
0.2144		8.24524844716677e-05
0.2152		8.42652935333171e-05
0.216		8.61082049408525e-05
0.2168		8.79815626815695e-05
0.2176		8.98857130755719e-05
0.2184		9.18210047852964e-05
0.2192		9.37877888252807e-05
0.22		9.57864185719464e-05
0.2208		9.78172497734327e-05
0.2216		9.98806405597759e-05
0.2224		0.000101976951452965
0.2232		0.000104106545377211
0.224		0.000106269787669361
0.2248		0.000108467046089414
0.2256		0.000110698690831136
0.2264		0.000112965094532858
0.2272		0.000115266632288354
0.228		0.000117603681657866
0.2288		0.000119976622679274
0.2296		0.0001223858378794
0.2304		0.000124831712285456
0.2312		0.000127314633436572
0.232		0.00012983499139563
0.2328		0.00013239317876096
0.2336		0.000134989590678547
0.2344		0.000137624624854084
0.2352		0.000140298681565304
0.236		0.0001430121636745
0.2368		0.000145765476641111
0.2376		0.000148559028534566
0.2384		0.000151393230047191
0.2392		0.000154268494507385
0.24		0.000157185237892865
0.2408		0.000160143878844192
0.2416		0.000163144838678301
0.2424		0.000166188541402459
0.2432		0.000169275413728113
0.244		0.000172405885085191
0.2448		0.000175580387636354
0.2456		0.000178799356291607
0.2464		0.00018206322872301
0.2472		0.000185372445379626
0.248		0.000188727449502629
0.2488		0.000192128687140612
0.2496		0.000195576607165147
0.2504		0.000199071661286533
0.2512		0.000202614304069656
0.252		0.00020620499295018
0.2528		0.000209844188250956
0.2536		0.000213532353198544
0.2544		0.000217269953940057
0.2552		0.000221057459560111
0.256		0.000224895342098154
0.2568		0.000228784076565997
0.2576		0.000232724140965316
0.2584		0.000236716016305879
0.2592		0.000240760186623585
0.26		0.000244857138998901
0.2608		0.0002490073635756
0.2616		0.000253211353579661
0.2624		0.00025746960533853
0.2632		0.000261782618300486
0.264		0.000266150895054435
0.2648		0.000270574941349853
0.2656		0.000275055266117003
0.2664		0.00027959238148753
0.2672		0.000284186802815252
0.268		0.000288839048697223
0.2688		0.000293549640995142
0.2696		0.000298319104856952
0.2704		0.000303147968738907
0.2712		0.000308036764427674
0.272		0.000312986027063106
0.2728		0.00031799629516093
0.2736		0.000323068110635991
0.2744		0.000328202018825767
0.2752		0.000333398568514207
0.276		0.000338658311955785
0.2768		0.000343981804900114
0.2776		0.000349369606616663
0.2784		0.000354822279919874
0.2792		0.000360340391194806
0.28		0.000365924510422818
0.2808		0.000371575211207887
0.2816		0.000377293070803183
0.2824		0.000383078670137833
0.2832		0.000388932593844424
0.284		0.000394855430286579
0.2848		0.000400847771587016
0.2856		0.000406910213656029
0.2864		0.00041304335622029
0.2872		0.000419247802852048
0.288		0.000425524160998945
0.2888		0.000431873042013884
0.2896		0.000438295061185513
0.2904		0.000444790837769143
0.2912		0.000451360995018266
0.292		0.000458006160215876
0.2928		0.00046472696470712
0.2936		0.000471524043931607
0.2944		0.000478398037456661
0.2952		0.000485349589010793
0.296		0.000492379346517896
0.2968		0.00049948796213147
0.2976		0.000506676092269771
0.2984		0.000513944397651391
0.2992		0.000521293543330821
0.3		0.000528724198735377
0.3008		0.000536237037701763
0.3016		0.000543832738514005
0.3024		0.000551511983940904
0.3032		0.000559275461275075
0.304		0.000567123862371801
0.3048		0.000575057883688649
0.3056		0.000583078226325663
0.3064		0.000591185596066373
0.3072		0.000599380703418549
0.308		0.000607664263656736
0.3088		0.000616036996864328
0.3096		0.000624499627976723
0.3104		0.000633052886825245
0.3112		0.000641697508181081
0.312		0.000650434231800589
0.3128		0.000659263802470616
0.3136		0.000668186970054607
0.3144		0.000677204489539939
0.3152		0.000686317121084976
0.316		0.000695525630067328
0.3168		0.000704830787132906
0.3176		0.000714233368245427
0.3184		0.000723734154736531
0.3192		0.000733333933357042
0.32		0.000743033496328261
0.3208		0.000752833641394698
0.3216		0.000762735171877125
0.3224		0.000772738896726773
0.3232		0.000782845630579363
0.324		0.000793056193811384
0.3248		0.000803371412595742
0.3256		0.000813792118958918
0.3264		0.000824319150839103
0.3272		0.000834953352144692
0.328		0.000845695572813751
0.3288		0.0008565466688744
0.3296		0.000867507502506101
0.3304		0.000878578942101855
0.3312		0.000889761862330759
0.332		0.000901057144202457
0.3328		0.000912465675131429
0.3336		0.000923988349002957
0.3344		0.000935626066239776
0.3352		0.000947379733869689
0.336		0.000959250265593695
0.3368		0.000971238581856107
0.3376		0.00098334560991495
0.3384		0.000995572283913095
0.3392		0.0010079195449514
0.34		0.00102038834116197
0.3408		0.00103297962778273
0.3416		0.00104569436723328
0.3424		0.00105853352919173
0.3432		0.00107149809067251
0.344		0.00108458903610557
0.3448		0.00109780735741594
0.3456		0.00111115405410597
0.3464		0.00112463013333676
0.3472		0.00113823661001261
0.348		0.00115197450686517
0.3488		0.00116584485454012
0.3496		0.00117984869168411
0.3504		0.00119398706503288
0.3512		0.0012082610295023
0.352		0.00122267164827757
0.3528		0.00123721999290747
0.3536		0.00125190714339687
0.3544		0.00126673418830237
0.3552		0.00128170222482816
0.356		0.00129681235892448
0.3568		0.00131206570538624
0.3576		0.00132746338795374
0.3584		0.00134300653941526
0.3592		0.00135869630170978
0.36		0.00137453382603236
0.3608		0.00139052027294061
0.3616		0.00140665681246305
0.3624		0.00142294462420807
0.3632		0.00143938489747524
0.364		0.00145597883136848
0.3648		0.00147272763490998
0.3656		0.0014896325271561
0.3664		0.00150669473731525
0.3672		0.00152391550486794
0.368		0.00154129607968585
0.3688		0.00155883772215642
0.3696		0.00157654170330678
0.3704		0.00159440930493009
0.3712		0.00161244181971318
0.372		0.00163064055136755
0.3728		0.00164900681475983
0.3736		0.00166754193604651
0.3744		0.00168624725280942
0.3752		0.00170512411419244
0.376		0.00172417388104213
0.3768		0.0017433979260483
0.3776		0.00176279763388782
0.3784		0.00178237440137068
0.3792		0.00180212963758639
0.38		0.00182206476405518
0.3808		0.00184218121487869
0.3816		0.00186248043689481
0.3824		0.00188296388983303
0.3832		0.00190363304647335
0.384		0.00192448939280801
0.3848		0.00194553442820236
0.3856		0.00196676966556136
0.3864		0.00198819663149772
0.3872		0.00200981686650051
0.388		0.00203163192510919
0.3888		0.00205364337608731
0.3896		0.00207585280259977
0.3904		0.00209826180239412
0.3912		0.00212087198798155
0.392		0.00214368498682177
0.3928		0.0021667024415124
0.3936		0.00218992600997768
0.3944		0.00221335736566079
0.3952		0.00223699819772216
0.396		0.0022608502112351
0.3968		0.00228491512738904
0.3976		0.00230919468369268
0.3984		0.00233369063418074
0.3992		0.00235840474962471
0.4		0.00238333881774467
0.4008		0.00240849464342633
0.4016		0.00243387404893831
0.4024		0.00245947887415584
0.4032		0.00248531097678417
0.404		0.00251137223258756
0.4048		0.00253766453562109
0.4056		0.00256418979846441
0.4064		0.00259094995246011
0.4072		0.00261794694795482
0.408		0.00264518275454415
0.4088		0.00267265936131986
0.4096		0.00270037877712291
0.4104		0.00272834303079677
0.4112		0.00275655417144655
0.412		0.00278501426870174
0.4128		0.00281372541298141
0.4136		0.00284268971576373
0.4144		0.00287190930985874
0.4152		0.00290138634968697
0.416		0.00293112301155803
0.4168		0.00296112149395716
0.4176		0.00299138401783301
0.4184		0.00302191282688999
0.4192		0.00305271018788659
0.42		0.00308377839093388
0.4208		0.00311511974980241
0.4216		0.00314673660223036
0.4224		0.00317863131023644
0.4232		0.003210806260439
0.424		0.00324326386437692
0.4248		0.0032760065588368
0.4256		0.00330903680618262
0.4264		0.00334235709469326
0.4272		0.00337596993890096
0.428		0.00340987787993638
0.4288		0.00344408348587767
0.4296		0.00347858935210537
0.4304		0.00351339810166235
0.4312		0.00354851238561358
0.432		0.0035839348834204
0.4328		0.0036196683033096
0.4336		0.00365571538265553
0.4344		0.00369207888836269
0.4352		0.00372876161725505
0.436		0.00376576639647052
0.4368		0.00380309608386083
0.4376		0.00384075356839681
0.4384		0.00387874177057814
0.4392		0.00391706364285084
0.44		0.00395572217002805
0.4408		0.00399472036971744
0.4416		0.00403406129275641
0.4424		0.00407374802364621
0.4432		0.00411378368100107
0.444		0.00415417141799766
0.4448		0.00419491442283115
0.4456		0.00423601591917895
0.4464		0.00427747916666908
0.4472		0.00431930746135386
0.448		0.00436150413619562
0.4488		0.00440407256154917
0.4496		0.00444701614566005
0.4504		0.00449033833516398
0.4512		0.00453404261559353
0.452		0.00457813251189512
0.4528		0.00462261158894468
0.4536		0.00466748345208074
0.4544		0.0047127517476363
0.4552		0.00475842016348085
0.456		0.00480449242956794
0.4568		0.00485097231849488
0.4576		0.00489786364605917
0.4584		0.0049451702718382
0.4592		0.00499289609975883
0.46		0.00504104507868491
0.4608		0.00508962120301259
0.4616		0.00513862851327142
0.4624		0.00518807109672829
0.4632		0.00523795308800644
0.464		0.00528827866970902
0.4648		0.00533905207305458
0.4656		0.00539027757850938
0.4664		0.00544195951644653
0.4672		0.00549410226779358
0.468		0.00554671026470248
0.4688		0.00559978799122148
0.4696		0.00565333998397872
0.4704		0.00570737083287223
0.4712		0.00576188518176868
0.472		0.00581688772921673
0.4728		0.00587238322915491
0.4736		0.00592837649164968
0.4744		0.00598487238362151
0.4752		0.00604187582959419
0.476		0.00609939181245191
0.4768		0.00615742537419646
0.4776		0.00621598161672366
0.4784		0.00627506570260824
0.4792		0.0063346828558938
0.48		0.00639483836289432
0.4808		0.00645553757301093
0.4816		0.00651678589955
0.4824		0.00657858882055923
0.4832		0.00664095187966552
0.484		0.00670388068693325
0.4848		0.00676738091972926
0.4856		0.00683145832358748
0.4864		0.00689611871310701
0.4872		0.00696136797283711
0.488		0.00702721205819024
0.4888		0.00709365699635532
0.4896		0.00716070888723141
0.4904		0.00722837390436275
0.4912		0.00729665829589362
0.492		0.00736556838552208
0.4928		0.00743511057349705
0.4936		0.00750529133757532
0.4944		0.00757611723403247
0.4952		0.00764759489868479
0.496		0.00771973104788475
0.4968		0.00779253247957391
0.4976		0.007866006074322
0.4984		0.00794015879639011
0.4992		0.00801499769478897
0.5		0.00809052990437424
0.5008		0.00816676264693873
0.5016		0.00824370323231767
0.5024		0.00832135905951029
0.5032		0.00839973761782059
0.504		0.00847884648799511
0.5048		0.00855869334338995
0.5056		0.00863928595114531
0.5064		0.00872063217336142
0.5072		0.00880273996831853
0.508		0.00888561739167143
0.5088		0.00896927259769211
0.5096		0.00905371384050143
0.5104		0.00913894947533422
0.5112		0.0092249879598015
0.512		0.00931183785517919
0.5128		0.00939950782770299
0.5136		0.00948800664988886
0.5144		0.00957734320184286
0.5152		0.00966752647262757
0.516		0.0097585655615965
0.5168		0.00985046967977735
0.5176		0.00994324815125732
0.5184		0.0100369104145819
0.5192		0.0101314660241688
0.52		0.0102269246517476
0.5208		0.0103232960877964
0.5216		0.0104205902430123
0.5224		0.0105188171497818
0.5232		0.010617986963689
0.524		0.0107181099650004
0.5248		0.0108191965602136
0.5256		0.0109212572835813
0.5264		0.0110243027986757
0.5272		0.0111283438999644
0.528		0.0112333915143888
0.5288		0.0113394567029697
0.5296		0.0114465506624496
0.5304		0.0115546847268999
0.5312		0.0116638703693922
0.532		0.0117741192036663
0.5328		0.011885442985819
0.5336		0.0119978536160028
0.5344		0.0121113631401481
0.5352		0.0122259837516973
0.536		0.0123417277933743
0.5368		0.0124586077589327
0.5376		0.0125766362949635
0.5384		0.0126958262026747
0.5392		0.0128161904397447
0.54		0.0129377421221444
0.5408		0.0130604945259883
0.5416		0.0131844610894142
0.5424		0.0133096554144774
0.5432		0.0134360912690473
0.544		0.0135637825887415
0.5448		0.0136927434788752
0.5456		0.0138229882163927
0.5464		0.0139545312518649
0.5472		0.0140873872114987
0.548		0.0142215708990928
0.5488		0.0143570972981413
0.5496		0.014493981573805
0.5504		0.0146322390750382
0.5512		0.0147718853366216
0.552		0.0149129360812742
0.5528		0.0150554072217902
0.5536		0.0151993148631269
0.5544		0.0153446753045984
0.5552		0.015491505042006
0.556		0.0156398207698368
0.5568		0.0157896393834736
0.5576		0.0159409779813752
0.5584		0.0160938538673541
0.5592		0.0162482845527944
0.56		0.0164042877589283
0.5608		0.0165618814191212
0.5616		0.0167210836811675
0.5624		0.0168819129095946
0.5632		0.0170443876880347
0.564		0.0172085268215122
0.5648		0.0173743493388424
0.5656		0.0175418744950282
0.5664		0.0177111217736024
0.5672		0.0178821108890894
0.568		0.0180548617893968
0.5688		0.0182293946582472
0.5696		0.0184057299176787
0.5704		0.0185838882304757
0.5712		0.0187638905026584
0.572		0.0189457578859742
0.5728		0.0191295117804295
0.5736		0.019315173836804
0.5744		0.0195027659591721
0.5752		0.0196923103074853
0.576		0.0198838293001057
0.5768		0.0200773456163978
0.5776		0.0202728821993289
0.5784		0.0204704622580304
0.5792		0.0206701092704426
0.58		0.0208718469859326
0.5808		0.0210756994279074
0.5816		0.0212816908964941
0.5824		0.0214898459711379
0.5832		0.0217001895133338
0.584		0.0219127466692306
0.5848		0.0221275428723594
0.5856		0.0223446038462816
0.5864		0.0225639556073545
0.5872		0.0227856244673375
0.588		0.0230096370361758
0.5888		0.0232360202246746
0.5896		0.0234648012472827
0.5904		0.023696007624731
0.5912		0.0239296671867929
0.592		0.0241658080751074
0.5928		0.024404458745789
0.5936		0.0246456479722054
0.5944		0.0248894048477926
0.5952		0.0251357587887034
0.596		0.0253847395365969
0.5968		0.025636377161405
0.5976		0.0258907020640226
0.5984		0.0261477449790969
0.5992		0.0264075369777067
0.6		0.0266701094702076
0.6008		0.0269354942088361
0.6016		0.027203723290521
0.6024		0.0274748291595962
0.6032		0.0277488446104915
0.604		0.0280258027904422
0.6048		0.0283057372022202
0.6056		0.0285886817068135
0.6064		0.0288746705260714
0.6072		0.0291637382454205
0.608		0.0294559198165274
0.6088		0.0297512505598986
0.6096		0.0300497661675294
0.6104		0.0303515027055409
0.6112		0.0306564966167668
0.612		0.0309647847233405
0.6128		0.0312764042292218
0.6136		0.0315913927228107
0.6144		0.0319097881794203
0.6152		0.0322316289637402
0.616		0.0325569538324444
0.6168		0.0328858019365443
0.6176		0.0332182128237559
0.6184		0.033554226441108
0.6192		0.0338938831371001
0.62		0.034237223664147
0.6208		0.0345842891809019
0.6216		0.0349351212544961
0.6224		0.0352897618628292
0.6232		0.0356482533966832
0.624		0.0360106386620342
0.6248		0.0363769608820763
0.6256		0.0367472636993811
0.6264		0.0371215911779091
0.6272		0.0374999878050547
0.628		0.0378824984936096
0.6288		0.0382691685836736
0.6296		0.0386600438445232
0.6304		0.0390551704764635
0.6312		0.0394545951125841
0.632		0.0398583648204589
0.6328		0.0402665271038658
0.6336		0.0406791299044099
0.6344		0.0410962216029873
0.6352		0.0415178510213372
0.636		0.0419440674235416
0.6368		0.0423749205172538
0.6376		0.042810460455144
0.6384		0.0432507378360731
0.6392		0.0436958037062554
0.64		0.0441457095604189
0.6408		0.044600507342754
0.6416		0.0450602494479797
0.6424		0.045524988722122
0.6432		0.0459947784633992
0.644		0.0464696724228435
0.6448		0.0469497248050998
0.6456		0.0474349902688342
0.6464		0.0479255239273185
0.6472		0.0484213813487575
0.648		0.0489226185566011
0.6488		0.0494292920297703
0.6496		0.049941458702744
0.6504		0.0504591759656127
0.6512		0.0509825016639859
0.652		0.0515114940988266
0.6528		0.0520462120261402
0.6536		0.0525867146565898
0.6544		0.0531330616551633
0.6552		0.053685313140318
0.656		0.0542435296835442
0.6568		0.0548077723083301
0.6576		0.0553781024894367
0.6584		0.0559545821516951
0.6592		0.0565372736689935
0.66		0.0571262398628576
0.6608		0.0577215440012746
0.6616		0.0583232497968512
0.6624		0.0589314214055024
0.6632		0.059546123424507
0.664		0.0601674208906389
0.6648		0.06079537927818
0.6656		0.061430064496721
0.6664		0.0620715428889382
0.6672		0.0627198812281556
0.668		0.0633751467155981
0.6688		0.0640374069780967
0.6696		0.064706730064792
0.6704		0.0653831844445258
0.6712		0.0660668390024928
0.672		0.0667577630371392
0.6728		0.0674560262564227
0.6736		0.0681616987747971
0.6744		0.0688748511090037
0.6752		0.0695955541744432
0.676		0.0703238792811232
0.6768		0.0710598981294326
0.6776		0.071803682805994
0.6784		0.0725553057789872
0.6792		0.0733148398936214
0.68		0.07408235836731
0.6808		0.0748579347847681
0.6816		0.0756416430928822
0.6824		0.0764335575953975
0.6832		0.0772337529475805
0.684		0.0780423041505256
0.6848		0.0788592865454719
0.6856		0.079684775807956
0.6864		0.0805188479414324
0.6872		0.0813615792714935
0.688		0.082213046439013
0.6888		0.0830733263939037
0.6896		0.0839424963881756
0.6904		0.0848206339691289
0.6912		0.0857078169722531
0.692		0.0866041235141441
0.6928		0.0875096319846957
0.6936		0.0884244210401109
0.6944		0.0893485695946253
0.6952		0.0902821568132291
0.696		0.0912252621028868
0.6968		0.0921779651049792
0.6976		0.0931403456865004
0.6984		0.0941124839318064
0.6992		0.0950944601337717
0.7		0.0960863547850602
0.7008		0.0970882485687869
0.7016		0.0981002223498926
0.7024		0.0991223571654405
0.7032		0.100154734215075
0.704		0.101197434851833
0.7048		0.10225054057202
0.7056		0.103314133005481
0.7064		0.104388293905182
0.7072		0.105473105137544
0.708		0.106568648671813
0.7088		0.107675006569542
0.7096		0.108792260973925
0.7104		0.109920494099415
0.7112		0.111059788220401
0.712		0.112210225660395
0.7128		0.113371888781019
0.7136		0.114544859970373
0.7144		0.115729221632223
0.7152		0.11692505617403
0.716		0.118132445995557
0.7168		0.11935147347717
0.7176		0.12058222096796
0.7184		0.121824770773919
0.7192		0.123079205145897
0.72		0.124345606267408
0.7208		0.125624056242753
0.7216		0.126914637084426
0.7224		0.128217430700845
0.7232		0.129532518884098
0.724		0.130859983297118
0.7248		0.132199905461812
0.7256		0.133552366745519
0.7264		0.13491744834896
0.7272		0.136295231293638
0.728		0.137685796408384
0.7288		0.139089224317331
0.7296		0.14050559542659
0.7304		0.141934989911704
0.7312		0.143377487704249
0.732		0.144833168479752
0.7328		0.14630211164399
0.7336		0.147784396320402
0.7344		0.149280101337281
0.7352		0.150789305214726
0.736		0.152312086151861
0.7368		0.153848522013428
0.7376		0.155398690317886
0.7384		0.15696266822385
0.7392		0.158540532517369
0.74		0.160132359599497
0.7408		0.161738225473354
0.7416		0.163358205731588
0.7424		0.164992375543705
0.7432		0.166640809643819
0.744		0.168303582317758
0.7448		0.169980767391201
0.7456		0.171672438217026
0.7464		0.173378667663377
0.7472		0.175099528101725
0.748		0.176835091394456
0.7488		0.178585428883529
0.7496		0.180350611378362
0.7504		0.182130709144609
0.7512		0.183925791892251
0.752		0.185735928764661
0.7528		0.187561188327459
0.7536		0.189401638556926
0.7544		0.191257346830226
0.7552		0.193128379913424
0.756		0.195014803951925
0.7568		0.196916684459637
0.7576		0.198834086309195
0.7584		0.200767073721651
0.7592		0.202715710256914
0.76		0.204680058803952
0.7608		0.20666018157174
0.7616		0.20865614007993
0.7624		0.210667995150163
0.7632		0.212695806896714
0.764		0.21473963471886
0.7648		0.216799537292165
0.7656		0.218875572560638
0.7664		0.22096779772867
0.7672		0.223076269254164
0.768		0.225201042840546
0.7688		0.22734217343037
0.7696		0.229499715198335
0.7704		0.231673721544987
0.7712		0.23386424509009
0.772		0.236071337667316
0.7728		0.238295050318245
0.7736		0.240535433287279
0.7744		0.242792536016251
0.7752		0.245066407139824
0.776		0.247357094481137
0.7768		0.249664645047567
0.7776		0.251989105026657
0.7784		0.254330519782653
0.7792		0.256688933853616
0.78		0.259064390947733
0.7808		0.261456933940943
0.7816		0.263866604875186
0.7824		0.266293444955249
0.7832		0.268737494548011
0.784		0.271198793180552
0.7848		0.273677379539002
0.7856		0.276173291468139
0.7864		0.278686565970658
0.7872		0.281217239206469
0.788		0.283765346494447
0.7888		0.286330922311008
0.7896		0.288914000292207
0.7904		0.291514613234182
0.7912		0.294132793095193
0.792		0.296768570996278
0.7928		0.299421977225098
0.7936		0.302093041236062
0.7944		0.30478179165461
0.7952		0.30748825627983
0.796		0.310212462087482
0.7968		0.312954435233756
0.7976		0.315714201058914
0.7984		0.318491784091993
0.7992		0.321287208054655
0.8		0.324100495866427
0.8008		0.326931669649854
0.8016		0.329780750734783
0.8024		0.332647759665672
0.8032		0.335532716206254
0.804		0.338435639346271
0.8048		0.341356547307272
0.8056		0.344295457550596
0.8064		0.347252386783054
0.8072		0.350227350964761
0.808		0.353220365316562
0.8088		0.356231444328186
0.8096		0.359260601765346
0.8104		0.362307850678817
0.8112		0.365373203412522
0.812		0.368456671612009
0.8128		0.3715582662339
0.8136		0.374677997554916
0.8144		0.377815875180605
0.8152		0.380971908055619
0.816		0.384146104473464
0.8168		0.387338472085538
0.8176		0.390549017912766
0.8184		0.393777748354206
0.8192		0.397024669199211
0.82		0.400289785636793
0.8208		0.403573102267164
0.8216		0.406874623112348
0.8224		0.410194351627897
0.8232		0.413532290713209
0.824		0.41688844272417
0.8248		0.420262809483146
0.8256		0.423655392292323
0.8264		0.427066191944848
0.8272		0.430495208735609
0.828		0.433942442475099
0.8288		0.437407892500607
0.8296		0.440891557688001
0.8304		0.444393436465032
0.8312		0.447913526822357
0.832		0.451451826327693
0.8328		0.455008332136714
0.8336		0.458583041006299
0.8344		0.462175949307276
0.8352		0.465787053036652
0.836		0.46941634783029
0.8368		0.473063828976686
0.8376		0.476729491427873
0.8384		0.480413329813314
0.8392		0.484115338452911
0.84		0.487835511369391
0.8408		0.491573842300277
0.8416		0.495330324712215
0.8424		0.499104951812512
0.8432		0.502897716562392
0.844		0.506708611689629
0.8448		0.510537629701034
0.8456		0.514384762895494
0.8464		0.518250003375957
0.8472		0.522133343062509
0.848		0.526034773704951
0.8488		0.529954286894742
0.8496		0.53389187407732
0.8504		0.537847526565324
0.8512		0.541821235549748
0.852		0.545812992112659
0.8528		0.549822787239645
0.8536		0.553850611830051
0.8544		0.557896456711524
0.8552		0.56196031264971
0.856		0.56604217036062
0.8568		0.570142020522358
0.8576		0.574259853786452
0.8584		0.578395660789136
0.8592		0.582549432163181
0.86		0.586721158547518
0.8608		0.590910830600016
0.8616		0.595118439007419
0.8624		0.599343974496535
0.8632		0.6035874278436
0.864		0.607848789886724
0.8648		0.612128051534318
0.8656		0.61642520377693
0.8664		0.620740237695513
0.8672		0.625073144473196
0.868		0.629423915403351
0.8688		0.633792541900385
0.8696		0.63817901550892
0.8704		0.64258332791161
0.8712		0.647005470940867
0.872		0.651445436585877
0.8728		0.655903217001494
0.8736		0.660378804517948
0.8744		0.664872191647813
0.8752		0.669383371096329
0.876		0.673912335767259
0.8768		0.67845907877216
0.8776		0.683023593438012
0.8784		0.6876058733144
0.8792		0.692205912181812
0.88		0.696823704057848
0.8808		0.701459243204864
0.8816		0.706112524137199
0.8824		0.710783541626763
0.8832		0.715472290711733
0.884		0.720178766700046
0.8848		0.724902965178525
0.8856		0.729644882016705
0.8864		0.734404513374372
0.8872		0.739181855706036
0.888		0.743976905767345
0.8888		0.748789660619202
0.8896		0.753620117635218
0.8904		0.758468274504145
0.8912		0.76333412923656
0.892		0.768217680168821
0.8928		0.773118925967713
0.8936		0.778037865634427
0.8944		0.782974498509666
0.8952		0.787928824276533
0.896		0.792900842966151
0.8968		0.797890554958699
0.8976		0.802897960989231
0.8984		0.807923062150233
0.8992		0.812965859894707
0.9		0.818026356039715
0.9008		0.823104552768853
0.9016		0.828200452635063
0.9024		0.833314058563211
0.9032		0.838445373853066
0.904		0.843594402181189
0.9048		0.848761147602785
0.9056		0.853945614554604
0.9064		0.85914780785579
0.9072		0.86436773271054
0.908		0.8696053947092
0.9088		0.874860799829487
0.9096		0.880133954439062
0.9104		0.885424865294855
0.9112		0.890733539545965
0.912		0.896059984733188
0.9128		0.901404208791031
0.9136		0.906766220047773
0.9144		0.912146027225075
0.9152		0.917543639440716
0.916		0.922959066207294
0.9168		0.928392317432743
0.9176		0.933843403420529
0.9184		0.939312334869894
0.9192		0.944799122874972
0.92		0.95030377892604
0.9208		0.955826314907359
0.9216		0.961366743098627
0.9224		0.966925076173153
0.9232		0.972501327197151
0.924		0.978095509630532
0.9248		0.983707637324097
0.9256		0.989337724520878
0.9264		0.994985785852663
0.9272		1.00065183634111
0.928		1.00633589139564
0.9288		1.01203796681193
0.9296		1.01775807877112
0.9304		1.02349624383857
0.9312		1.02925247896225
0.932		1.03502680147002
0.9328		1.04081922907105
0.9336		1.04662977985024
0.9344		1.05245847226937
0.9352		1.05830532516485
0.936		1.06417035774498
0.9368		1.07005358958788
0.9376		1.07595504064113
0.9384		1.08187473121835
0.9392		1.08781268199698
0.94		1.09376891401767
0.9408		1.09974344868034
0.9416		1.10573630774257
0.9424		1.11174751331786
0.9432		1.11777708787266
0.944		1.12382505422456
0.9448		1.12989143553878
0.9456		1.1359762553272
0.9464		1.1420795374446
0.9472		1.14820130608721
0.948		1.15434158578928
0.9488		1.16050040142053
0.9496		1.16667777818468
0.9504		1.17287374161537
0.9512		1.17908831757379
0.952		1.18532153224727
0.9528		1.19157341214444
0.9536		1.19784398409393
0.9544		1.20413327524206
0.9552		1.21044131304761
0.956		1.21676812528239
0.9568		1.22311374002529
0.9576		1.22947818566168
0.9584		1.23586149087932
0.9592		1.24226368466588
0.96		1.24868479630579
0.9608		1.25512485537809
0.9616		1.26158389175302
0.9624		1.26806193558864
0.9632		1.27455901732863
0.964		1.28107516769939
0.9648		1.28761041770647
0.9656		1.29416479863229
0.9664		1.30073834203246
0.9672		1.3073310797342
0.968		1.31394304383209
0.9688		1.32057426668514
0.9696		1.32722478091503
0.9704		1.33389461940198
0.9712		1.34058381528239
0.972		1.34729240194612
0.9728		1.35402041303283
0.9736		1.36076788242978
0.9744		1.36753484426871
0.9752		1.37432133292276
0.976		1.38112738300336
0.9768		1.38795302935869
0.9776		1.39479830706887
0.9784		1.40166325144434
0.9792		1.4085478980229
0.98		1.41545228256683
0.9808		1.42237644105961
0.9816		1.4293204097031
0.9824		1.43628422491595
0.9832		1.44326792332958
0.984		1.4502715417852
0.9848		1.45729511733277
0.9856		1.46433868722622
0.9864		1.4714022889218
0.9872		1.47848596007547
0.988		1.48558973853996
0.9888		1.49271366236166
0.9896		1.49985776977871
0.9904		1.50702209921821
0.9912		1.51420668929309
0.992		1.52141157880016
0.9928		1.5286368067173
0.9936		1.53588241220032
0.9944		1.54314843458173
0.9952		1.55043491336682
0.996		1.55774188823196
0.9968		1.56506939902221
0.9976		1.57241748574836
0.9984		1.57978618858464
0.9992		1.58717554786673
1		1.5945856040889
1.0008		1.60201639790174
1.0016		1.60946797010993
1.0024		1.61694036166985
1.0032		1.62443361368735
1.004		1.63194776741542
1.0048		1.6394828642516
1.0056		1.6470389457364
1.0064		1.65461605355064
1.0072		1.66221422951357
1.008		1.66983351558009
1.0088		1.67747395383944
1.0096		1.68513558651284
1.0104		1.69281845595033
1.0112		1.70052260463027
1.012		1.70824807515637
1.0128		1.71599491025668
1.0136		1.7237631527795
1.0144		1.73155284569348
1.0152		1.73936403208518
1.016		1.74719675515593
1.0168		1.75505105822165
1.0176		1.76292698470987
1.0184		1.77082457815796
1.0192		1.77874388221179
1.02		1.78668494062366
1.0208		1.7946477972501
1.0216		1.80263249605028
1.0224		1.81063908108549
1.0232		1.81866759651497
1.024		1.82671808659643
1.0248		1.83479059568337
1.0256		1.84288516822336
1.0264		1.85100184875695
1.0272		1.8591406819156
1.028		1.86730171242007
1.0288		1.87548498507858
1.0296		1.88369054478686
1.0304		1.89191843652458
1.0312		1.90016870535463
1.032		1.90844139642207
1.0328		1.91673655495203
1.0336		1.92505422624869
1.0344		1.93339445569394
1.0352		1.94175728874511
1.036		1.9501427709349
1.0368		1.95855094786931
1.0376		1.96698186522575
1.0384		1.97543556875272
1.0392		1.98391210426833
1.04		1.99241151765836
1.0408		2.00093385487602
1.0416		2.00947916193954
1.0424		2.01804748493194
1.0432		2.02663886999918
1.044		2.03525336334974
1.0448		2.04389101125269
1.0456		2.05255186003662
1.0464		2.06123595608909
1.0472		2.069943345855
1.048		2.0786740758355
1.0488		2.08742819258762
1.0496		2.09620574272227
1.0504		2.10500677290345
1.0512		2.1138313298484
1.052		2.12267946032464
1.0528		2.13155121115008
1.0536		2.14044662919273
1.0544		2.14936576136809
1.0552		2.15830865463936
1.056		2.16727535601701
1.0568		2.17626591255613
1.0576		2.18528037135695
1.0584		2.19431877956404
1.0592		2.20338118436457
1.06		2.2124676329878
1.0608		2.22157817270496
1.0616		2.23071285082772
1.0624		2.23987171470724
1.0632		2.24905481173397
1.064		2.25826218933694
1.0648		2.26749389498204
1.0656		2.27674997617284
1.0664		2.28603048044867
1.0672		2.29533545538391
1.068		2.30466494858799
1.0688		2.31401900770464
1.0696		2.32339768041121
1.0704		2.33280101441653
1.0712		2.34222905746305
1.072		2.35168185732394
1.0728		2.36115946180367
1.0736		2.37066191873655
1.0744		2.38018927598715
1.0752		2.38974158144861
1.076		2.39931888304365
1.0768		2.40892122872197
1.0776		2.41854866646141
1.0784		2.42820124426704
1.0792		2.43787901016938
1.08		2.44758201222639
1.0808		2.45731029852068
1.0816		2.46706391716012
1.0824		2.47684291627675
1.0832		2.48664734402751
1.084		2.49647724859252
1.0848		2.50633267817552
1.0856		2.51621368100212
1.0864		2.52612030532198
1.0872		2.53605259940502
1.088		2.54601061154412
1.0888		2.55599439005234
1.0896		2.56600398326473
1.0904		2.57603943953596
1.0912		2.58610080724097
1.092		2.59618813477485
1.0928		2.60630147055199
1.0936		2.61644086300531
1.0944		2.62660636058782
1.0952		2.6367980117698
1.096		2.64701586503971
1.0968		2.65725996890542
1.0976		2.66753037189059
1.0984		2.67782712253699
1.0992		2.68815026940366
1.1		2.69849986106605
1.1008		2.70887594611639
1.1016		2.71927857316265
1.1024		2.72970779082978
1.1032		2.7401636477576
1.104		2.75064619260221
1.1048		2.76115547403462
1.1056		2.77169154074085
1.1064		2.78225444142244
1.1072		2.79284422479532
1.108		2.80346093958972
1.1088		2.81410463455077
1.1096		2.82477535843739
1.1104		2.83547316002258
1.1112		2.84619808809296
1.112		2.85695019144914
1.1128		2.86772951890542
1.1136		2.87853611928856
1.1144		2.88937004143933
1.1152		2.90023133421161
1.116		2.91112004647143
1.1168		2.92203622709856
1.1176		2.93297992498447
1.1184		2.94395118903417
1.1192		2.95495006816436
1.12		2.96597661130466
1.1208		2.97703086739602
1.1216		2.9881128853929
1.1224		2.99922271426027
1.1232		3.01036040297603
1.124		3.02152600052961
1.1248		3.03271955592218
1.1256		3.04394111816657
1.1264		3.05519073628763
1.1272		3.06646845932123
1.128		3.07777433631473
1.1288		3.08910841632748
1.1296		3.10047074842953
1.1304		3.11186138170254
1.1312		3.12328036523945
1.132		3.13472774814449
1.1328		3.14620357953278
1.1336		3.15770790853084
1.1344		3.16924078427614
1.1352		3.18080225591695
1.136		3.19239237261333
1.1368		3.20401118353562
1.1376		3.21565873786531
1.1384		3.22733508479516
1.1392		3.23904027352846
1.14		3.25077435327971
1.1408		3.26253737327418
1.1416		3.27432938274832
1.1424		3.28615043094907
1.1432		3.29800056713467
1.144		3.30987984057405
1.1448		3.32178830054709
1.1456		3.33372599634458
1.1464		3.34569297726821
1.1472		3.35768929263094
1.148		3.36971499175604
1.1488		3.38177012397813
1.1496		3.39385473864302
1.1504		3.40596888510686
1.1512		3.41811261273781
1.152		3.43028597091392
1.1528		3.44248900902518
1.1536		3.45472177647245
1.1544		3.46698432266742
1.1552		3.47927669703332
1.156		3.49159894900451
1.1568		3.50395112802631
1.1576		3.51633328355571
1.1584		3.52874546506062
1.1592		3.54118772202075
1.16		3.55366010392649
1.1608		3.5661626602805
1.1616		3.57869544059619
1.1624		3.59125849439902
1.1632		3.60385187122585
1.164		3.61647562062508
1.1648		3.62912979215691
1.1656		3.64181443539297
1.1664		3.65452959991723
1.1672		3.66727533532495
1.168		3.68005169122391
1.1688		3.69285871723297
1.1696		3.70569646298343
1.1704		3.71856497811914
1.1712		3.73146431229547
1.172		3.74439451518011
1.1728		3.75735563645301
1.1736		3.7703477258067
1.1744		3.78337083294563
1.1752		3.79642500758733
1.176		3.80951029946119
1.1768		3.82262675830951
1.1776		3.83577443388751
1.1784		3.84895337596246
1.1792		3.86216363431522
1.18		3.87540525873875
1.1808		3.88867829903971
1.1816		3.90198280503707
1.1824		3.91531882656363
1.1832		3.92868641346457
1.184		3.94208561559877
1.1848		3.95551648283842
1.1856		3.96897906506897
1.1864		3.98247341218954
1.1872		3.99599957411242
1.188		4.00955760076373
1.1888		4.02314754208357
1.1896		4.03676944802527
1.1904		4.0504233685566
1.1912		4.06410935365878
1.192		4.0778274533271
1.1928		4.09157771757151
1.1936		4.10536019641544
1.1944		4.11917493989694
1.1952		4.1330219980684
1.196		4.14690142099657
1.1968		4.16081325876255
1.1976		4.17475756146237
1.1984		4.18873437920644
1.1992		4.20274376212023
1.2		4.21678576034368
1.2008		4.23086042403193
1.2016		4.24496780335484
1.2024		4.25910794849807
1.2032		4.2732809096615
1.204		4.28748673706104
1.2048		4.30172548092731
1.2056		4.31599719150708
1.2064		4.33030191906194
1.2072		4.3446397138695
1.208		4.35901062622305
1.2088		4.37341470643142
1.2096		4.38785200481948
1.2104		4.40232257172798
1.2112		4.41682645751375
1.212		4.4313637125497
1.2128		4.44593438722489
1.2136		4.46053853194494
1.2144		4.47517619713121
1.2152		4.48984743322212
1.216		4.50455229067264
1.2168		4.51929081995395
1.2176		4.53406307155425
1.2184		4.54886909597847
1.2192		4.56370894374834
1.22		4.57858266540262
1.2208		4.59349031149735
1.2216		4.60843193260517
1.2224		4.62340757931636
1.2232		4.63841730223855
1.224		4.65346115199671
1.2248		4.66853917923298
1.2256		4.68365143460742
1.2264		4.69879796879772
1.2272		4.71397883249917
1.228		4.72919407642469
1.2288		4.7444437513056
1.2296		4.75972790789067
1.2304		4.77504659694746
1.2312		4.79039986926109
1.232		4.80578777563467
1.2328		4.82121036689042
1.2336		4.83666769386841
1.2344		4.85215980742754
1.2352		4.86768675844488
1.236		4.88324859781661
1.2368		4.89884537645703
1.2376		4.91447714529999
1.2384		4.93014395529772
1.2392		4.94584585742162
1.24		4.96158290266223
1.2408		4.97735514202892
1.2416		4.99316262655065
1.2424		5.00900540727545
1.2432		5.02488353527095
1.244		5.04079706162405
1.2448		5.05674603744103
1.2456		5.07273051384838
1.2464		5.08875054199152
1.2472		5.10480617303646
1.248		5.12089745816848
1.2488		5.13702444859309
1.2496		5.15318719553575
1.2504		5.16938575024169
1.2512		5.18562016397692
1.252		5.2018904880274
1.2528		5.21819677369956
1.2536		5.23453907231968
1.2544		5.25091743523523
1.2552		5.26733191381391
1.256		5.28378255944412
1.2568		5.30026942353482
1.2576		5.31679255751607
1.2584		5.33335201283865
1.2592		5.34994784097403
1.26		5.36658009341493
1.2608		5.38324882167523
1.2616		5.39995407728982
1.2624		5.41669591181499
1.2632		5.43347437682794
1.264		5.45028952392776
1.2648		5.46714140473466
1.2656		5.48403007089053
1.2664		5.50095557405876
1.2672		5.51791796592432
1.268		5.53491729819428
1.2688		5.55195362259707
1.2696		5.5690269908833
1.2704		5.58613745482543
1.2712		5.60328506621818
1.272		5.62046987687775
1.2728		5.63769193864295
1.2736		5.654951303375
1.2744		5.67224802295708
1.2752		5.68958214929473
1.276		5.70695373431611
1.2768		5.72436282997178
1.2776		5.74180948823471
1.2784		5.75929376110101
1.2792		5.776815700589
1.28		5.79437535873984
1.2808		5.81197278761775
1.2816		5.82960803930961
1.2824		5.84728116592565
1.2832		5.86499221959841
1.284		5.88274125248443
1.2848		5.90052831676261
1.2856		5.91835346463569
1.2864		5.9362167483294
1.2872		5.95411822009252
1.288		5.97205793219783
1.2888		5.99003593694154
1.2896		6.00805228664309
1.2904		6.02610703364524
1.2912		6.04420023031509
1.292		6.06233192904336
1.2928		6.08050218224417
1.2936		6.09871104235591
1.2944		6.11695856184019
1.2952		6.13524479318356
1.296		6.15356978889583
1.2968		6.17193360151126
1.2976		6.19033628358824
1.2984		6.20877788770918
1.2992		6.22725846648083
1.3		6.24577807253438
1.3008		6.26433675852522
1.3016		6.28293457713346
1.3024		6.30157158106336
1.3032		6.32024782304391
1.304		6.33896335582864
1.3048		6.35771823219597
1.3056		6.37651250494868
1.3064		6.39534622691471
1.3072		6.41421945094621
1.308		6.43313222992119
1.3088		6.45208461674169
1.3096		6.47107666433522
1.3104		6.49010842565411
1.3112		6.50917995367604
1.312		6.52829130140358
1.3128		6.5474425218648
1.3136		6.56663366811282
1.3144		6.58586479322574
1.3152		6.60513595030792
1.316		6.6244471924886
1.3168		6.64379857292204
1.3176		6.66319014478919
1.3184		6.68262196129524
1.3192		6.70209407567193
1.32		6.72160654117643
1.3208		6.74115941109144
1.3216		6.76075273872577
1.3224		6.78038657741363
1.3232		6.80006098051555
1.324		6.81977600141764
1.3248		6.83953169353205
1.3256		6.85932811029707
1.3264		6.87916530517712
1.3272		6.8990433316624
1.328		6.91896224326951
1.3288		6.93892209354122
1.3296		6.95892293604656
1.3304		6.97896482438085
1.3312		6.99904781216569
1.332		7.01917195304941
1.3328		7.03933730070601
1.3336		7.05954390883692
1.3344		7.07979183116936
1.3352		7.10008112145771
1.336		7.12041183348222
1.3368		7.14078402105064
1.3376		7.16119773799692
1.3384		7.18165303818184
1.3392		7.20214997549289
1.34		7.22268860384484
1.3408		7.24326897717881
1.3416		7.26389114946297
1.3424		7.28455517469269
1.3432		7.30526110689012
1.344		7.3260090001045
1.3448		7.34679890841234
1.3456		7.36763088591698
1.3464		7.38850498674916
1.3472		7.40942126506659
1.348		7.43037977505468
1.3488		7.4513805709257
1.3496		7.4724237069193
1.3504		7.49350923730299
1.3512		7.51463721637072
1.352		7.53580769844507
1.3528		7.55702073787545
1.3536		7.57827638903853
1.3544		7.59957470633913
1.3552		7.62091574420953
1.356		7.64229955710949
1.3568		7.6637261995266
1.3576		7.68519572597591
1.3584		7.70670819100074
1.3592		7.72826364917176
1.36		7.74986215508753
1.3608		7.7715037633747
1.3616		7.79318852868768
1.3624		7.81491650570876
1.3632		7.83668774914842
1.364		7.85850231374471
1.3648		7.88036025426442
1.3656		7.90226162550182
1.3664		7.92420648227952
1.3672		7.94619487944828
1.368		7.96822687188716
1.3688		7.99030251450339
1.3696		8.01242186223218
1.3704		8.03458497003734
1.3712		8.05679189291087
1.372		8.07904268587352
1.3728		8.10133740397354
1.3736		8.1236761022886
1.3744		8.14605883592422
1.3752		8.1684856600146
1.376		8.19095662972241
1.3768		8.21347180023892
1.3776		8.23603122678401
1.3784		8.25863496460618
1.3792		8.28128306898242
1.38		8.30397559521847
1.3808		8.32671259864908
1.3816		8.34949413463737
1.3824		8.37232025857534
1.3832		8.39519102588377
1.384		8.41810649201241
1.3848		8.44106671243977
1.3856		8.46407174267353
1.3864		8.48712163824959
1.3872		8.51021645473359
1.388		8.53335624771961
1.3888		8.55654107283118
1.3896		8.57977098572061
1.3904		8.60304604206921
1.3912		8.62636629758758
1.392		8.64973180801528
1.3928		8.67314262912123
1.3936		8.69659881670352
1.3944		8.72010042658913
1.3952		8.74364751463476
1.396		8.76724013672584
1.3968		8.79087834877767
1.3976		8.81456220673449
1.3984		8.83829176656993
1.3992		8.86206708428717
1.4		8.88588821591856
1.4008		8.90975521752614
1.4016		8.93366814520123
1.4024		8.95762705506446
1.4032		8.98163200326646
1.404		9.00568304598708
1.4048		9.02978023943564
1.4056		9.05392363985115
1.4064		9.07811330350241
1.4072		9.10234928668762
1.408		9.12663164573472
1.4088		9.15096043700128
1.4096		9.17533571687482
1.4104		9.19975754177208
1.4112		9.22422596814008
1.412		9.24874105245558
1.4128		9.27330285122484
1.4136		9.29791142098405
1.4144		9.32256681829952
1.4152		9.34726909976686
1.416		9.37201832201242
1.4168		9.39681454169158
1.4176		9.42165781549046
1.4184		9.44654820012447
1.4192		9.47148575233949
1.42		9.49647052891134
1.4208		9.5215025866456
1.4216		9.54658198237833
1.4224		9.57170877297511
1.4232		9.59688301533234
1.424		9.62210476637601
1.4248		9.64737408306241
1.4256		9.67269102237793
1.4264		9.69805564133951
1.4272		9.7234679969937
1.428		9.74892814641771
1.4288		9.77443614671891
1.4296		9.799992055035
1.4304		9.82559592853391
1.4312		9.85124782441397
1.432		9.87694779990356
1.4328		9.9026959122617
1.4336		9.92849221877784
1.4344		9.95433677677164
1.4352		9.9802296435932
1.436		10.0061708766231
1.4368		10.0321605332725
1.4376		10.0581986709827
1.4384		10.084285347226
1.4392		10.1104206195046
1.44		10.1366045453521
1.4408		10.1628371823314
1.4416		10.1891185880374
1.4424		10.2154488200943
1.4432		10.241827936158
1.444		10.2682559939143
1.4448		10.2947330510798
1.4456		10.3212591654018
1.4464		10.3478343946587
1.4472		10.3744587966588
1.448		10.4011324292418
1.4488		10.4278553502779
1.4496		10.4546276176679
1.4504		10.4814492893437
1.4512		10.5083204232675
1.452		10.5352410774329
1.4528		10.5622113098642
1.4536		10.589231178616
1.4544		10.6163007417741
1.4552		10.6434200574557
1.456		10.6705891838081
1.4568		10.6978081790098
1.4576		10.7250771012705
1.4584		10.7523960088304
1.4592		10.7797649599608
1.46		10.8071840129641
1.4608		10.8346532261737
1.4616		10.862172657954
1.4624		10.8897423667001
1.4632		10.9173624108388
1.464		10.9450328488271
1.4648		10.9727537391538
1.4656		11.0005251403385
1.4664		11.0283471109319
1.4672		11.0562197095158
1.468		11.0841429947032
1.4688		11.1121170251381
1.4696		11.140141859496
1.4704		11.1682175564833
1.4712		11.1963441748374
1.472		11.2245217733274
1.4728		11.2527504107534
1.4736		11.2810301459467
1.4744		11.3093610377697
1.4752		11.3377431451164
1.476		11.3661765269119
1.4768		11.3946612421126
1.4776		11.4231973497061
1.4784		11.4517849087116
1.4792		11.4804239781795
1.48		11.5091146171914
1.4808		11.5378568848604
1.4816		11.5666508403311
1.4824		11.5954965427792
1.4832		11.624394051412
1.484		11.6533434254682
1.4848		11.682344724218
1.4856		11.7113980069628
1.4864		11.7405033330358
1.4872		11.7696607618014
1.488		11.7988703526556
1.4888		11.8281321650255
1.4896		11.8574462583708
1.4904		11.8868126921813
1.4912		11.9162315259794
1.492		11.9457028193186
1.4928		11.9752266317841
1.4936		12.0048030229923
1.4944		12.0344320525919
1.4952		12.0641137802626
1.496		12.0938482657159
1.4968		12.1236355686948
1.4976		12.1534757489743
1.4984		12.1833688663607
1.4992		12.213314980692
1.5		12.2433141518378
1.5008		12.2733664396997
1.5016		12.3034719042107
1.5024		12.3336306053355
1.5032		12.3638426030708
1.504		12.3941079574448
1.5048		12.4244267285172
1.5056		12.45479897638
1.5064		12.4852247611566
1.5072		12.5157041430022
1.508		12.5462371821038
1.5088		12.5768239386802
1.5096		12.6074644729821
1.5104		12.6381588452919
1.5112		12.6689071159239
1.512		12.699709345224
1.5128		12.7305655935704
1.5136		12.7614759213726
1.5144		12.7924403890726
1.5152		12.8234590571437
1.516		12.8545319860915
1.5168		12.885659236453
1.5176		12.9168408687976
1.5184		12.9480769437267
1.5192		12.9793675218729
1.52		13.0107126639017
1.5208		13.0421124305095
1.5216		13.0735668824257
1.5224		13.105076080411
1.5232		13.1366400852584
1.524		13.1682589577924
1.5248		13.1999327588701
1.5256		13.2316615493803
1.5264		13.263445390244
1.5272		13.2952843424139
1.528		13.327178466875
1.5288		13.3591278246442
1.5296		13.3911324767706
1.5304		13.4231924843353
1.5312		13.4553079084514
1.532		13.4874788102641
1.5328		13.5197052509507
1.5336		13.5519872917207
1.5344		13.5843249938158
1.5352		13.6167184185093
1.536		13.6491676271072
1.5368		13.6816726809474
1.5376		13.7142336413998
1.5384		13.7468505698667
1.5392		13.7795235277824
1.54		13.8122525766135
1.5408		13.8450377778585
1.5416		13.8778791930485
1.5424		13.9107768837466
1.5432		13.943730911548
1.544		13.9767413380801
1.5448		14.0098082250026
1.5456		14.0429316340078
1.5464		14.0761116268193
1.5472		14.109348265194
1.548		14.14264161092
1.5488		14.1759917258188
1.5496		14.2093986717433
1.5504		14.242862510579
1.5512		14.2763833042436
1.552		14.3099611146873
1.5528		14.343596003892
1.5536		14.3772880338728
1.5544		14.4110372666764
1.5552		14.4448437643821
1.556		14.4787075891014
1.5568		14.5126288029783
1.5576		14.5466074681891
1.5584		14.5806436469425
1.5592		14.6147374014791
1.56		14.6488887940726
1.5608		14.6830978870287
1.5616		14.7173647426851
1.5624		14.7516894234126
1.5632		14.7860719916141
1.564		14.8205125097247
1.5648		14.8550110402121
1.5656		14.8895676455763
1.5664		14.92418238835
1.5672		14.9588553310979
1.568		14.9935865364175
1.5688		15.0283760669386
1.5696		15.0632239853234
1.5704		15.0981303542666
1.5712		15.1330952364954
1.572		15.1681186947694
1.5728		15.2032007918806
1.5736		15.238341590654
1.5744		15.2735411539461
1.5752		15.3087995446468
1.576		15.3441168256782
1.5768		15.3794930599947
1.5776		15.4149283105834
1.5784		15.4504226404641
1.5792		15.4859761126887
1.58		15.521588790342
1.5808		15.5572607365412
1.5816		15.5929920144359
1.5824		15.6287826872085
1.5832		15.6646328180738
1.584		15.7005424702793
1.5848		15.7365117071048
1.5856		15.772540591863
1.5864		15.808629187899
1.5872		15.8447775585905
1.588		15.8809857673478
1.5888		15.9172538776138
1.5896		15.953581952864
1.5904		15.9899700566065
1.5912		16.026418252382
1.592		16.062926603764
1.5928		16.0994951743583
1.5936		16.1361240278036
1.5944		16.1728132277711
1.5952		16.2095628379646
1.596		16.2463729221209
1.5968		16.2832435440087
1.5976		16.3201747674304
1.5984		16.3571666562203
1.5992		16.3942192742452
1.6		16.4313326854055
1.6008		16.4685069536333
1.6016		16.5057421428941
1.6024		16.5430383171858
1.6032		16.5803955405389
1.604		16.6178138770164
1.6048		16.6552933907148
1.6056		16.6928341457627
1.6064		16.7304362063212
1.6072		16.7680996365849
1.608		16.8058245007803
1.6088		16.8436108631672
1.6096		16.8814587880379
1.6104		16.9193683397175
1.6112		16.9573395825638
1.612		16.9953725809673
1.6128		17.0334673993515
1.6136		17.0716241021725
1.6144		17.1098427539188
1.6152		17.1481234191125
1.616		17.1864661623078
1.6168		17.2248710480916
1.6176		17.2633381410842
1.6184		17.3018675059383
1.6192		17.3404592073394
1.62		17.3791133100057
1.6208		17.4178298786886
1.6216		17.456608978172
1.6224		17.4954506732723
1.6232		17.5343550288395
1.624		17.5733221097557
1.6248		17.6123519809362
1.6256		17.6514447073291
1.6264		17.6906003539152
1.6272		17.7298189857081
1.628		17.7691006677547
1.6288		17.808445465134
1.6296		17.8478534429585
1.6304		17.8873246663731
1.6312		17.9268592005556
1.632		17.9664571107174
1.6328		18.0061184621016
1.6336		18.045843319985
1.6344		18.085631749677
1.6352		18.1254838165199
1.636		18.1653995858888
1.6368		18.2053791231918
1.6376		18.2454224938699
1.6384		18.285529763397
1.6392		18.3257009972798
1.64		18.3659362610578
1.6408		18.4062356203035
1.6416		18.4465991406227
1.6424		18.4870268876537
1.6432		18.5275189270675
1.644		18.5680753245687
1.6448		18.6086961458941
1.6456		18.6493814568139
1.6464		18.6901313231311
1.6472		18.7309458106817
1.648		18.7718249853344
1.6488		18.8127689129911
1.6496		18.8537776595866
1.6504		18.8948512910886
1.6512		18.9359898734978
1.652		18.9771934728477
1.6528		19.0184621552049
1.6536		19.059795986669
1.6544		19.1011950333725
1.6552		19.1426593614809
1.656		19.1841890371926
1.6568		19.225784126739
1.6576		19.2674446963848
1.6584		19.3091708124269
1.6592		19.3509625411963
1.66		19.3928199490557
1.6608		19.4347431024021
1.6616		19.4767320676645
1.6624		19.5187869113053
1.6632		19.56090769982
1.664		19.6030944997369
1.6648		19.6453473776174
1.6656		19.6876664000561
1.6664		19.7300516336801
1.6672		19.77250314515
1.668		19.8150210011594
1.6688		19.8576052684346
1.6696		19.9002560137353
1.6704		19.9429733038539
1.6712		19.985757205616
1.672		20.0286077858804
1.6728		20.0715251115387
1.6736		20.1145092495155
1.6744		20.1575602667686
1.6752		20.2006782302891
1.676		20.2438632071005
1.6768		20.2871152642599
1.6776		20.3304344688573
1.6784		20.3738208880158
1.6792		20.4172745888914
1.68		20.4607956386733
1.6808		20.5043841045839
1.6816		20.5480400538783
1.6824		20.5917635538452
1.6832		20.6355546718058
1.684		20.6794134751148
1.6848		20.7233400311599
1.6856		20.7673344073618
1.6864		20.8113966711742
1.6872		20.8555268900843
1.688		20.899725131612
1.6888		20.9439914633104
1.6896		20.9883259527656
1.6904		21.0327286675972
1.6912		21.0771996754573
1.692		21.1217390440318
1.6928		21.1663468410391
1.6936		21.2110231342311
1.6944		21.2557679913927
1.6952		21.3005814803417
1.696		21.3454636689295
1.6968		21.3904146250401
1.6976		21.4354344165909
1.6984		21.4805231115327
1.6992		21.5256807778489
1.7		21.5709074835563
1.7008		21.6162032967048
1.7016		21.6615682853775
1.7024		21.7070025176906
1.7032		21.7525060617934
1.704		21.7980789858683
1.7048		21.8437213581311
1.7056		21.8894332468306
1.7064		21.9352147202485
1.7072		21.9810658467
1.708		22.0269866945335
1.7088		22.0729773321301
1.7096		22.1190378279047
1.7104		22.1651682503049
1.7112		22.2113686678115
1.712		22.2576391489388
1.7128		22.3039797622338
1.7136		22.3503905762771
1.7144		22.3968716596822
1.7152		22.4434230810958
1.716		22.4900449091981
1.7168		22.5367372127021
1.7176		22.5835000603541
1.7184		22.6303335209336
1.7192		22.6772376632533
1.72		22.7242125561591
1.7208		22.77125826853
1.7216		22.8183748692786
1.7224		22.8655624273499
1.7232		22.912821011723
1.724		22.9601506914094
1.7248		23.0075515354545
1.7256		23.0550236129363
1.7264		23.1025669929665
1.7272		23.1501817446898
1.728		23.197867937284
1.7288		23.2456256399602
1.7296		23.2934549219629
1.7304		23.3413558525695
1.7312		23.3893285010907
1.732		23.4373729368709
1.7328		23.4854892292869
1.7336		23.5336774477493
1.7344		23.5819376617018
1.7352		23.6302699406213
1.736		23.6786743540179
1.7368		23.727150971435
1.7376		23.7756998624491
1.7384		23.82432109667
1.7392		23.8730147437411
1.74		23.9217808733383
1.7408		23.9706195551714
1.7416		24.019530858983
1.7424		24.0685148545494
1.7432		24.1175716116798
1.744		24.1667012002166
1.7448		24.2159036900356
1.7456		24.2651791510461
1.7464		24.3145276531901
1.7472		24.3639492664432
1.748		24.4134440608144
1.7488		24.4630121063456
1.7496		24.512653473112
1.7504		24.5623682312224
1.7512		24.6121564508186
1.752		24.6620182020757
1.7528		24.7119535552019
1.7536		24.7619625804393
1.7544		24.8120453480624
1.7552		24.8622019283796
1.756		24.9124323917323
1.7568		24.9627368084952
1.7576		25.0131152490764
1.7584		25.0635677839172
1.7592		25.114094483492
1.76		25.1646954183089
1.7608		25.215370658909
1.7616		25.2661202758666
1.7624		25.3169443397894
1.7632		25.3678429213186
1.764		25.4188160911282
1.7648		25.4698639199261
1.7656		25.5209864784529
1.7664		25.572183837483
1.7672		25.6234560678235
1.768		25.6748032403156
1.7688		25.726225425833
1.7696		25.7777226952832
1.7704		25.8292951196068
1.7712		25.8809427697779
1.772		25.9326657168036
1.7728		25.9844640317244
1.7736		26.0363377856145
1.7744		26.0882870495805
1.7752		26.1403118947635
1.776		26.1924123923369
1.7768		26.2445886135081
1.7776		26.2968406295171
1.7784		26.3491685116382
1.7792		26.4015723311778
1.78		26.4540521594769
1.7808		26.5066080679087
1.7816		26.5592401278805
1.7824		26.6119484108325
1.7832		26.6647329882383
1.784		26.717593931605
1.7848		26.7705313124728
1.7856		26.8235452024153
1.7864		26.8766356730397
1.7872		26.9298027959859
1.788		26.9830466429278
1.7888		27.036367285572
1.7896		27.0897647956592
1.7904		27.1432392449629
1.7912		27.1967907052897
1.792		27.2504192484804
1.7928		27.3041249464082
1.7936		27.3579078709801
1.7944		27.4117680941366
1.7952		27.4657056878512
1.796		27.5197207241308
1.7968		27.5738132750158
1.7976		27.6279834125801
1.7984		27.6822312089302
1.7992		27.7365567362069
1.8		27.7909600665837
1.8008		27.8454412722676
1.8016		27.900000425499
1.8024		27.9546375985518
1.8032		28.0093528637331
1.804		28.0641462933832
1.8048		28.1190179598758
1.8056		28.1739679356184
1.8064		28.2289962930515
1.8072		28.2841031046486
1.808		28.3392884429174
1.8088		28.3945523803982
1.8096		28.449894989665
1.8104		28.5053163433252
1.8112		28.5608165140193
1.812		28.6163955744216
1.8128		28.6720535972393
1.8136		28.7277906552134
1.8144		28.7836068211177
1.8152		28.8395021677602
1.816		28.8954767679814
1.8168		28.9515306946555
1.8176		29.0076640206905
1.8184		29.063876819027
1.8192		29.1201691626395
1.82		29.1765411245358
1.8208		29.232992777757
1.8216		29.2895241953775
1.8224		29.3461354505053
1.8232		29.4028266162814
1.824		29.4595977658809
1.8248		29.5164489725112
1.8256		29.5733803094141
1.8264		29.6303918498642
1.8272		29.6874836671697
1.828		29.744655834672
1.8288		29.8019084257463
1.8296		29.8592415138006
1.8304		29.9166551722766
1.8312		29.9741494746496
1.832		30.0317244944278
1.8328		30.0893803051532
1.8336		30.147116980401
1.8344		30.2049345937798
1.8352		30.2628332189316
1.836		30.3208129295318
1.8368		30.3788737992893
1.8376		30.4370159019462
1.8384		30.495239311278
1.8392		30.5535441010939
1.84		30.6119303452361
1.8408		30.6703981175805
1.8416		30.7289474920361
1.8424		30.7875785425457
1.8432		30.8462913430851
1.844		30.9050859676638
1.8448		30.9639624903243
1.8456		31.0229209851431
1.8464		31.0819615262295
1.8472		31.1410841877267
1.848		31.200289043811
1.8488		31.2595761686921
1.8496		31.3189456366134
1.8504		31.3783975218512
1.8512		31.4379318987158
1.852		31.4975488415502
1.8528		31.5572484247318
1.8536		31.6170307226704
1.8544		31.6768958098097
1.8552		31.7368437606269
1.856		31.7968746496323
1.8568		31.8569885513699
1.8576		31.9171855404169
1.8584		31.977465691384
1.8592		32.0378290789154
1.86		32.0982757776885
1.8608		32.1588058624144
1.8616		32.2194194078373
1.8624		32.280116488735
1.8632		32.3408971799188
1.864		32.4017615562333
1.8648		32.4627096925564
1.8656		32.5237416637997
1.8664		32.5848575449078
1.8672		32.6460574108595
1.868		32.7073413366662
1.8688		32.7687093973728
1.8696		32.8301616680584
1.8704		32.8916982238344
1.8712		32.9533191398466
1.872		33.0150244912739
1.8728		33.0768143533282
1.8736		33.1386888012554
1.8744		33.2006479103346
1.8752		33.2626917558782
1.876		33.3248204132324
1.8768		33.3870339577765
1.8776		33.4493324649232
1.8784		33.511716010119
1.8792		33.5741846688432
1.88		33.6367385166093
1.8808		33.6993776289637
1.8816		33.7621020814862
1.8824		33.8249119497905
1.8832		33.8878073095232
1.884		33.9507882363648
1.8848		34.0138548060289
1.8856		34.0770070942626
1.8864		34.1402451768465
1.8872		34.2035691295948
1.888		34.2669790283546
1.8888		34.330474949007
1.8896		34.3940569674664
1.8904		34.4577251596805
1.8912		34.5214796016304
1.892		34.5853203693309
1.8928		34.64924753883
1.8936		34.7132611862093
1.8944		34.7773613875835
1.8952		34.8415482191014
1.896		34.9058217569446
1.8968		34.9701820773284
1.8976		35.0346292565016
1.8984		35.0991633707464
1.8992		35.1637844963783
1.9		35.2284927097466
1.9008		35.2932880872335
1.9016		35.3581707052552
1.9024		35.423140640261
1.9032		35.4881979687338
1.904		35.5533427671898
1.9048		35.6185751121788
1.9056		35.683895080284
1.9064		35.749302748122
1.9072		35.8147981923429
1.908		35.8803814896303
1.9088		35.9460527167011
1.9096		36.0118119503057
1.9104		36.0776592672282
1.9112		36.1435947442856
1.912		36.2096184583291
1.9128		36.2757304862427
1.9136		36.3419309049441
1.9144		36.4082197913843
1.9152		36.4745972225482
1.916		36.5410632754536
1.9168		36.6076180271522
1.9176		36.6742615547289
1.9184		36.7409939353021
1.9192		36.8078152460235
1.92		36.8747255640788
1.9208		36.9417249666864
1.9216		37.0088135310987
1.9224		37.0759913346016
1.9232		37.143258454514
1.924		37.2106149681885
1.9248		37.2780609530112
1.9256		37.3455964864017
1.9264		37.4132216458131
1.9272		37.4809365087315
1.928		37.5487411526772
1.9288		37.6166356552033
1.9296		37.6846200938965
1.9304		37.7526945463777
1.9312		37.8208590903
1.932		37.8891138033509
1.9328		37.9574587632509
1.9336		38.0258940477543
1.9344		38.0944197346488
1.9352		38.1630359017552
1.936		38.2317426269282
1.9368		38.3005399880557
1.9376		38.3694280630591
1.9384		38.4384069298934
1.9392		38.5074766665471
1.94		38.5766373510418
1.9408		38.6458890614331
1.9416		38.7152318758094
1.9424		38.7846658722932
1.9432		38.8541911290403
1.944		38.9238077242396
1.9448		38.993515736114
1.9456		39.0633152429195
1.9464		39.1332063229457
1.9472		39.2031890545155
1.948		39.2732635159856
1.9488		39.3434297857459
1.9496		39.4136879422199
1.9504		39.4840380638646
1.9512		39.5544802291702
1.952		39.6250145166607
1.9528		39.6956410048934
1.9536		39.7663597724591
1.9544		39.8371708979821
1.9552		39.9080744601201
1.956		39.9790705375643
1.9568		40.0501592090396
1.9576		40.1213405533039
1.9584		40.1926146491489
1.9592		40.2639815753997
1.96		40.335441410915
1.9608		40.4069942345867
1.9616		40.4786401253405
1.9624		40.5503791621353
1.9632		40.6222114239635
1.964		40.6941369898512
1.9648		40.7661559388577
1.9656		40.838268350076
1.9664		40.9104743026324
1.9672		40.9827738756868
1.968		41.0551671484325
1.9688		41.1276542000962
1.9696		41.2002351099384
1.9704		41.2729099572527
1.9712		41.3456788213664
1.972		41.4185417816402
1.9728		41.4914989174682
1.9736		41.5645503082781
1.9744		41.6376960335312
1.9752		41.7109361727219
1.976		41.7842708053783
1.9768		41.8577000110622
1.9776		41.9312238693683
1.9784		42.0048424599255
1.9792		42.0785558623957
1.98		42.1523641564743
1.9808		42.2262674218903
1.9816		42.3002657384061
1.9824		42.3743591858178
1.9832		42.4485478439546
1.984		42.5228317926797
1.9848		42.5972111118891
1.9856		42.6716858815128
1.9864		42.7462561815143
1.9872		42.8209220918902
1.988		42.8956836926709
1.9888		42.9705410639201
1.9896		43.0454942857352
1.9904		43.1205434382469
1.9912		43.1956886016192
1.992		43.2709298560501
1.9928		43.3462672817708
1.9936		43.4217009590457
1.9944		43.4972309681731
1.9952		43.5728573894847
1.996		43.6485803033456
1.9968		43.7243997901545
1.9976		43.8003159303433
1.9984		43.8763288043776
1.9992		43.9524384927567
2		44.0286450760128
2.0008		44.1049486347121
2.0016		44.1813492494543
2.0024		44.2578470008721
2.0032		44.3344419696321
2.004		44.4111342364342
2.0048		44.4879238820121
2.0056		44.5648109871324
2.0064		44.6417956325958
2.0072		44.7188778992361
2.008		44.7960578679206
2.0088		44.8733356195504
2.0096		44.9507112350599
2.0104		45.0281847954166
2.0112		45.1057563816222
2.012		45.1834260747116
2.0128		45.2611939557527
2.0136		45.3390601058477
2.0144		45.4170246061317
2.0152		45.4950875377735
2.016		45.5732489819755
2.0168		45.6515090199734
2.0176		45.7298677330363
2.0184		45.8083252024671
2.0192		45.886881509602
2.02		45.9655367358107
2.0208		46.0442909624965
2.0216		46.1231442710958
2.0224		46.2020967430791
2.0232		46.28114845995
2.024		46.3602995032455
2.0248		46.4395499545365
2.0256		46.5188998954269
2.0264		46.5983494075544
2.0272		46.6778985725903
2.028		46.757547472239
2.0288		46.8372961882386
2.0296		46.9171448023608
2.0304		46.9970933964106
2.0312		47.0771420522265
2.032		47.1572908516809
2.0328		47.2375398766789
2.0336		47.3178892091598
2.0344		47.3983389310963
2.0352		47.478889124494
2.036		47.5595398713926
2.0368		47.6402912538653
2.0376		47.7211433540184
2.0384		47.8020962539918
2.0392		47.8831500359593
2.04		47.9643047821275
2.0408		48.0455605747373
2.0416		48.1269174960621
2.0424		48.2083756284099
2.0432		48.2899350541213
2.044		48.3715958555709
2.0448		48.4533581151665
2.0456		48.5352219153497
2.0464		48.6171873385952
2.0472		48.6992544674116
2.048		48.7814233843406
2.0488		48.8636941719578
2.0496		48.9460669128719
2.0504		49.0285416897253
2.0512		49.111118585194
2.052		49.1937976819874
2.0528		49.2765790628483
2.0536		49.3594628105528
2.0544		49.442449007911
2.0552		49.5255377377662
2.056		49.6087290829953
2.0568		49.6920231265085
2.0576		49.7754199512496
2.0584		49.8589196401961
2.0592		49.9425222763587
2.06		50.0262279427815
2.0608		50.1100367225427
2.0616		50.1939486987533
2.0624		50.2779639545582
2.0632		50.3620825731356
2.064		50.4463046376973
2.0648		50.5306302314886
2.0656		50.6150594377883
2.0664		50.6995923399086
2.0672		50.7842290211953
2.068		50.8689695650275
2.0688		50.9538140548182
2.0696		51.0387625740135
2.0704		51.1238152060931
2.0712		51.2089720345703
2.072		51.2942331429917
2.0728		51.3795986149376
2.0736		51.4650685340218
2.0744		51.5506429838915
2.0752		51.6363220482272
2.076		51.7221058107433
2.0768		51.8079943551875
2.0776		51.8939877653408
2.0784		51.9800861250181
2.0792		52.0662895180676
2.08		52.1525980283707
2.0808		52.239011739843
2.0816		52.3255307364327
2.0824		52.4121551021224
2.0832		52.4988849209274
2.084		52.5857202768971
2.0848		52.6726612541143
2.0856		52.7597079366947
2.0864		52.8468604087883
2.0872		52.9341187545781
2.088		53.0214830582808
2.0888		53.1089534041466
2.0896		53.196529876459
2.0904		53.2842125595352
2.0912		53.3720015377257
2.092		53.4598968954149
2.0928		53.5478987170203
2.0936		53.6360070869928
2.0944		53.7242220898174
2.0952		53.8125438100118
2.096		53.9009723321281
2.0968		53.989507740751
2.0976		54.0781501204991
2.0984		54.1668995560248
2.0992		54.2557561320135
2.1		54.3447199331842
2.1008		54.4337910442897
2.1016		54.5229695501161
2.1024		54.6122555354828
2.1032		54.701649085243
2.104		54.7911502842832
2.1048		54.8807592175235
2.1056		54.9704759699175
2.1064		55.0603006264524
2.1072		55.1502332721484
2.108		55.2402739920599
2.1088		55.3304228712745
2.1096		55.420679994913
2.1104		55.51104544813
2.1112		55.6015193161137
2.112		55.6921016840855
2.1128		55.7827926373007
2.1136		55.8735922610475
2.1144		55.9645006406482
2.1152		56.0555178614583
2.116		56.1466440088667
2.1168		56.2378791682961
2.1176		56.3292234252025
2.1184		56.4206768650754
2.1192		56.5122395734378
2.12		56.6039116358462
2.1208		56.6956931378907
2.1216		56.7875841651948
2.1224		56.8795848034157
2.1232		56.9716951382435
2.124		57.0639152554026
2.1248		57.1562452406503
2.1256		57.2486851797777
2.1264		57.3412351586093
2.1272		57.433895263003
2.128		57.5266655788504
2.1288		57.6195461920765
2.1296		57.7125371886399
2.1304		57.8056386545323
2.1312		57.8988506757794
2.132		57.9921733384403
2.1328		58.0856067286073
2.1336		58.1791509324064
2.1344		58.2728060359971
2.1352		58.3665721255724
2.136		58.4604492873589
2.1368		58.5544376076164
2.1376		58.6485371726383
2.1384		58.7427480687519
2.1392		58.8370703823174
2.14		58.9315041997288
2.1408		59.0260496074136
2.1416		59.120706691833
2.1424		59.215475539481
2.1432		59.3103562368859
2.144		59.405348870609
2.1448		59.5004535272453
2.1456		59.5956702934233
2.1464		59.6909992558049
2.1472		59.7864405010855
2.148		59.8819941159941
2.1488		59.9776601872931
2.1496		60.0734388017786
2.1504		60.1693300462798
2.1512		60.2653340076598
2.152		60.361450772815
2.1528		60.4576804286753
2.1536		60.5540230622041
2.1544		60.6504787603983
2.1552		60.7470476102885
2.156		60.8437296989385
2.1568		60.9405251134458
2.1576		61.037433940941
2.1584		61.1344562685891
2.1592		61.2315921835873
2.16		61.3288417731675
2.1608		61.4262051245945
2.1616		61.5236823251667
2.1624		61.6212734622159
2.1632		61.7189786231077
2.164		61.8167978952407
2.1648		61.9147313660475
2.1656		62.0127791229941
2.1664		62.1109412535796
2.1672		62.2092178453371
2.168		62.3076089858329
2.1688		62.4061147626668
2.1696		62.5047352634722
2.1704		62.6034705759161
2.1712		62.7023207876987
2.172		62.8012859865542
2.1728		62.9003662602495
2.1736		62.9995616965858
2.1744		63.0988723833973
2.1752		63.1982984085519
2.176		63.2978398599511
2.1768		63.3974968255294
2.1776		63.4972693932554
2.1784		63.597157651131
2.1792		63.6971616871913
2.18		63.7972815895053
2.1808		63.8975174461754
2.1816		63.9978693453372
2.1824		64.0983373751603
2.1832		64.1989216238473
2.184		64.2996221796347
2.1848		64.4004391307921
2.1856		64.501372565623
2.1864		64.6024225724641
2.1872		64.7035892396858
2.188		64.8048726556919
2.1888		64.9062729089196
2.1896		65.0077900878399
2.1904		65.1094242809567
2.1912		65.2111755768082
2.192		65.3130440639655
2.1928		65.4150298310334
2.1936		65.5171329666503
2.1944		65.6193535594877
2.1952		65.7216916982512
2.196		65.8241474716794
2.1968		65.9267209685445
2.1976		66.0294122776523
2.1984		66.1322214878423
2.1992		66.2351486879869
2.2		66.3381939669925
2.2008		66.4413574137989
2.2016		66.5446391173791
2.2024		66.6480391667402
2.2032		66.7515576509221
2.204		66.8551946589989
2.2048		66.9589502800774
2.2056		67.0628246032986
2.2064		67.1668177178367
2.2072		67.2709297128992
2.208		67.3751606777276
2.2088		67.4795107015965
2.2096		67.5839798738138
2.2104		67.6885682837218
2.2112		67.7932760206951
2.212		67.8981031741427
2.2128		68.0030498335067
2.2136		68.1081160882628
2.2144		68.2133020279201
2.2152		68.3186077420214
2.216		68.4240333201428
2.2168		68.529578851894
2.2176		68.6352444269179
2.2184		68.7410301348914
2.2192		68.8469360655247
2.22		68.9529623085613
2.2208		69.0591089537781
2.2216		69.1653760909863
2.2224		69.2717638100295
2.2232		69.3782722007856
2.224		69.4849013531657
2.2248		69.5916513571143
2.2256		69.6985223026094
2.2264		69.8055142796628
2.2272		69.9126273783196
2.228		70.0198616886581
2.2288		70.1272173007909
2.2296		70.2346943048631
2.2304		70.3422927910538
2.2312		70.4500128495758
2.232		70.557854570675
2.2328		70.6658180446311
2.2336		70.7739033617569
2.2344		70.8821106123991
2.2352		70.9904398869379
2.236		71.0988912757864
2.2368		71.2074648693919
2.2376		71.3161607582349
2.2384		71.4249790328295
2.2392		71.5339197837229
2.24		71.6429831014964
2.2408		71.7521690767643
2.2416		71.8614778001748
2.2424		71.9709093624089
2.2432		72.0804638541822
2.244		72.1901413662427
2.2448		72.2999419893726
2.2456		72.4098658143873
2.2464		72.5199129321356
2.2472		72.6300834335002
2.248		72.7403774093967
2.2488		72.8507949507749
2.2496		72.9613361486173
2.2504		73.0720010939407
2.2512		73.1827898777948
2.252		73.293702591263
2.2528		73.4047393254623
2.2536		73.515900171543
2.2544		73.6271852206889
2.2552		73.7385945641174
2.256		73.8501282930795
2.2568		73.9617864988594
2.2576		74.073569272775
2.2584		74.1854767061775
2.2592		74.2975088904521
2.26		74.4096659170169
2.2608		74.5219478773236
2.2616		74.6343548628575
2.2624		74.7468869651376
2.2632		74.8595442757161
2.264		74.9723268861788
2.2648		75.085234888145
2.2656		75.1982683732672
2.2664		75.3114274332319
2.2672		75.424712159759
2.268		75.5381226446015
2.2688		75.6516589795461
2.2696		75.7653212564134
2.2704		75.8791095670565
2.2712		75.9930240033631
2.272		76.1070646572538
2.2728		76.2212316206827
2.2736		76.3355249856375
2.2744		76.4499448441393
2.2752		76.564491288243
2.276		76.6791644100365
2.2768		76.7939643016416
2.2776		76.9088910552134
2.2784		77.0239447629407
2.2792		77.1391255170452
2.28		77.2544334097829
2.2808		77.3698685334426
2.2816		77.4854309803473
2.2824		77.6011208428526
2.2832		77.7169382133485
2.284		77.8328831842577
2.2848		77.9489558480369
2.2856		78.0651562971762
2.2864		78.1814846241992
2.2872		78.2979409216626
2.288		78.4145252821573
2.2888		78.5312377983072
2.2896		78.6480785627696
2.2904		78.7650476682356
2.2912		78.8821452074298
2.292		78.9993712731101
2.2928		79.1167259580677
2.2936		79.234209355128
2.2944		79.3518215571491
2.2952		79.4695626570229
2.296		79.587432747675
2.2968		79.7054319220643
2.2976		79.8235602731831
2.2984		79.9418178940572
2.2992		80.060204877746
2.3		80.1787213173426
2.3008		80.297367305973
2.3016		80.4161429367974
2.3024		80.5350483030088
2.3032		80.6540834978342
2.304		80.7732486145338
2.3048		80.8925437464016
2.3056		81.0119689867644
2.3064		81.1315244289836
2.3072		81.251210166453
2.308		81.3710262926006
2.3088		81.4909729008875
2.3096		81.6110500848083
2.3104		81.7312579378916
2.3112		81.8515965536987
2.312		81.9720660258249
2.3128		82.0926664478991
2.3136		82.2133979135832
2.3144		82.3342605165731
2.3152		82.4552543505977
2.316		82.5763795094195
2.3168		82.6976360868352
2.3176		82.8190241766738
2.3184		82.9405438727986
2.3192		83.0621952691062
2.32		83.1839784595267
2.3208		83.3058935380236
2.3216		83.4279405985939
2.3224		83.5501197352683
2.3232		83.6724310421105
2.324		83.7948746132184
2.3248		83.9174505427227
2.3256		84.0401589247879
2.3264		84.162999853612
2.3272		84.2859734234265
2.328		84.4090797284963
2.3288		84.53231886312
2.3296		84.655690921629
2.3304		84.7791959983892
2.3312		84.9028341877993
2.332		85.0266055842917
2.3328		85.1505102823322
2.3336		85.2745483764202
2.3344		85.3987199610884
2.3352		85.5230251309032
2.336		85.6474639804644
2.3368		85.7720366044054
2.3376		85.8967430973927
2.3384		86.0215835541269
2.3392		86.1465580693414
2.34		86.2716667378035
2.3408		86.3969096543141
2.3416		86.5222869137074
2.3424		86.6477986108509
2.3432		86.7734448406457
2.344		86.8992256980268
2.3448		87.025141277962
2.3456		87.1511916754531
2.3464		87.277376985535
2.3472		87.4036973032768
2.348		87.5301527237798
2.3488		87.6567433421802
2.3496		87.783469253647
2.3504		87.9103305533825
2.3512		88.0373273366227
2.352		88.1644596986373
2.3528		88.2917277347291
2.3536		88.4191315402349
2.3544		88.5466712105242
2.3552		88.6743468410005
2.356		88.8021585271011
2.3568		88.9301063642962
2.3576		89.0581904480896
2.3584		89.1864108740188
2.3592		89.3147677376545
2.36		89.4432611346013
2.3608		89.5718911604968
2.3616		89.7006579110123
2.3624		89.8295614818529
2.3632		89.9586019687565
2.364		90.0877794674951
2.3648		90.2170940738739
2.3656		90.3465458837315
2.3664		90.4761349929402
2.3672		90.6058614974057
2.368		90.7357254930673
2.3688		90.8657270758974
2.3696		90.9958663419023
2.3704		91.1261433871216
2.3712		91.2565583076284
2.372		91.3871111995293
2.3728		91.5178021589644
2.3736		91.6486312821073
2.3744		91.7795986651649
2.3752		91.9107044043778
2.376		92.04194859602
2.3768		92.1733313363989
2.3776		92.3048527218556
2.3784		92.4365128487644
2.3792		92.5683118135335
2.38		92.700249712604
2.3808		92.8323266424509
2.3816		92.9645426995827
2.3824		93.0968979805411
2.3832		93.2293925819015
2.384		93.3620266002728
2.3848		93.4948001322971
2.3856		93.6277132746505
2.3864		93.7607661240418
2.3872		93.8939587772142
2.388		94.0272913309438
2.3888		94.1607638820401
2.3896		94.2943765273466
2.3904		94.4281293637397
2.3912		94.5620224881296
2.392		94.6960559974601
2.3928		94.8302299887082
2.3936		94.9645445588847
2.3944		95.0989998050332
2.3952		95.2335958242315
2.396		95.3683327135909
2.3968		95.5032105702555
2.3976		95.6382294914035
2.3984		95.7733895742465
2.3992		95.9086909160291
2.4		96.0441336140301
2.4008		96.1797177655611
2.4016		96.3154434679678
2.4024		96.4513108186288
2.4032		96.5873199149566
2.404		96.7234708543971
2.4048		96.8597637344294
2.4056		96.9961986525666
2.4064		97.1327757063546
2.4072		97.2694949933735
2.408		97.4063566112362
2.4088		97.5433606575896
2.4096		97.6805072301141
2.4104		97.8177964265229
2.4112		97.9552283445634
2.412		98.0928030820162
2.4128		98.2305207366954
2.4136		98.3683814064488
2.4144		98.5063851891571
2.4152		98.6445321827351
2.416		98.7828224851306
2.4168		98.9212561943253
2.4176		99.0598334083338
2.4184		99.1985542252053
2.4192		99.3374187430208
2.42		99.4764270598967
2.4208		99.615579273981
2.4216		99.7548754834566
2.4224		99.8943157865391
2.4232		100.033900281478
2.424		100.173629066556
2.4248		100.313502240089
2.4256		100.453519900427
2.4264		100.593682145954
2.4272		100.733989075086
2.428		100.874440786273
2.4288		101.015037377999
2.4296		101.155778948781
2.4304		101.29666559717
2.4312		101.437697421749
2.432		101.578874521137
2.4328		101.720196993984
2.4336		101.861664938975
2.4344		102.003278454828
2.4352		102.145037640295
2.436		102.28694259416
2.4368		102.428993415241
2.4376		102.571190202391
2.4384		102.713533054496
2.4392		102.856022070473
2.44		102.998657349275
2.4408		103.141438989889
2.4416		103.284367091333
2.4424		103.42744175266
2.4432		103.570663072956
2.444		103.714031151342
2.4448		103.857546086969
2.4456		104.001207979026
2.4464		104.145016926732
2.4472		104.28897302934
2.448		104.433076386138
2.4488		104.577327096447
2.4496		104.72172525962
2.4504		104.866270975045
2.4512		105.010964342143
2.452		105.155805460368
2.4528		105.300794429208
2.4536		105.445931348186
2.4544		105.591216316855
2.4552		105.736649434804
2.456		105.882230801654
2.4568		106.027960517062
2.4576		106.173838680716
2.4584		106.319865392338
2.4592		106.466040751684
2.46		106.612364858544
2.4608		106.758837812739
2.4616		106.905459714126
2.4624		107.052230662595
2.4632		107.199150758068
2.464		107.346220100503
2.4648		107.49343878989
2.4656		107.640806926251
2.4664		107.788324609644
2.4672		107.93599194016
2.468		108.083809017922
2.4688		108.231775943088
2.4696		108.379892815848
2.4704		108.528159736428
2.4712		108.676576805085
2.472		108.82514412211
2.4728		108.973861787828
2.4736		109.122729902597
2.4744		109.271748566809
2.4752		109.42091788089
2.476		109.570237945297
2.4768		109.719708860523
2.4776		109.869330727095
2.4784		110.01910364557
2.4792		110.169027716541
2.48		110.319103040635
2.4808		110.469329718511
2.4816		110.619707850862
2.4824		110.770237538414
2.4832		110.920918881927
2.484		111.071751982196
2.4848		111.222736940046
2.4856		111.373873856337
2.4864		111.525162831965
2.4872		111.676603967856
2.488		111.82819736497
2.4888		111.979943124303
2.4896		112.131841346881
2.4904		112.283892133767
2.4912		112.436095586054
2.492		112.588451804871
2.4928		112.740960891379
2.4936		112.893622946773
2.4944		113.046438072282
2.4952		113.199406369169
2.496		113.352527938728
2.4968		113.505802882288
2.4976		113.659231301211
2.4984		113.812813296895
2.4992		113.966548970768
2.5		114.120438424292
2.5008		114.274481758964
2.5016		114.428679076315
2.5024		114.583030477906
2.5032		114.737536065336
2.504		114.892195940233
2.5048		115.047010204263
2.5056		115.201978959121
2.5064		115.357102306538
2.5072		115.512380348279
2.508		115.667813186141
2.5088		115.823400921954
2.5096		115.979143657585
2.5104		116.135041494929
2.5112		116.29109453592
2.512		116.447302882521
2.5128		116.603666636731
2.5136		116.760185900582
2.5144		116.916860776139
2.5152		117.073691365501
2.516		117.2306777708
2.5168		117.387820094202
2.5176		117.545118437906
2.5184		117.702572904144
2.5192		117.860183595183
2.52		118.017950613322
2.5208		118.175874060895
2.5216		118.333954040267
2.5224		118.492190653839
2.5232		118.650584004044
2.524		118.809134193349
2.5248		118.967841324255
2.5256		119.126705499295
2.5264		119.285726821036
2.5272		119.44490539208
2.528		119.604241315061
2.5288		119.763734692646
2.5296		119.923385627536
2.5304		120.083194222467
2.5312		120.243160580205
2.532		120.403284803554
2.5328		120.563566995348
2.5336		120.724007258455
