t [fm]		ax
0.25		1
0.3		1.0375		
0.35		1.0659		
0.4		1.0852		
0.45		1.0966		
0.5		1.1017		
0.55		1.1021		
0.6		1.0995		
0.65		1.0953		
0.7		1.0905		
0.75		1.0858		
0.8		1.0815		
0.85		1.078		
0.9		1.0753		
0.95		1.0734		
1		1.0722		
1.05		1.0715		
1.1		1.0713		
1.15		1.0715		
1.2		1.0719		
1.25		1.0725		
1.3		1.0732		
1.35		1.0739		
1.4		1.0747		
1.45		1.0754		
1.5		1.0761		
1.55		1.0767		
1.6		1.0772		
1.65		1.0777		
1.7		1.078		
1.75		1.0783		
1.8		1.0784		
1.85		1.0785		
1.9		1.0785		
1.95		1.0784		
2		1.0783		
2.05		1.078		
2.1		1.0777		
2.15		1.0774		
2.2		1.0769		
2.25		1.0764		
2.3		1.0759		
2.35		1.0753		
2.4		1.0747		
2.45		1.074		
2.5		1.0733		
2.55		1.0726		
2.6		1.0719		
2.65		1.0711		
2.7		1.0703		
2.75		1.0695		
2.8		1.0686		
2.85		1.0677		
2.9		1.0669		
2.95		1.066		
3		1.0651		
3.05		1.0642		
3.1		1.0633		
3.15		1.0624		
3.2		1.0614		
3.25		1.0605		
3.3		1.0596		
3.35		1.0586		
3.4		1.0577		
3.45		1.0568		
3.5		1.0559		
3.55		1.0549		
3.6		1.054		
3.65		1.0531		
3.7		1.0521		
3.75		1.0512		
3.8		1.0503		
3.85		1.0494		
3.9		1.0485		
3.95		1.0476		
4		1.0467		
4.05		1.0458		
4.1		1.0449		
4.15		1.044		
4.2		1.0431		
4.25		1.0422		
4.3		1.0414		
4.35		1.0405		
4.4		1.0397		
4.45		1.0388		
4.5		1.038		
4.55		1.0371		
4.6		1.0363		
4.65		1.0355		
4.7		1.0347		
4.75		1.0338		
4.8		1.033		
4.85		1.0322		
4.9		1.0314		
4.95		1.0307		
5		1.0299		
5.05		1.0291		
5.1		1.0283		
5.15		1.0276		
5.2		1.0268		
5.25		1.026		
5.3		1.0253		
5.35		1.0246		
5.4		1.0238		
5.45		1.0231		
5.5		1.0224		
5.55		1.0217		
5.6		1.0209		
5.65		1.0202		
5.7		1.0195		
5.75		1.0188		
5.8		1.0182		
5.85		1.0175		
5.9		1.0168		
5.95		1.0161		
6		1.0154		
6.05		1.0148		
6.1		1.0141		
6.15		1.0135		
6.2		1.0128		
6.25		1.0122		
6.3		1.0115		
6.35		1.0109		
6.4		1.0103		
6.45		1.0097		
6.5		1.009		
6.55		1.0084		
6.6		1.0078		
6.65		1.0072		
6.7		1.0066		
6.75		1.006		
6.8		1.0054		
6.85		1.0048		
6.9		1.0042		
6.95		1.0037		
7		1.0031		
7.05		1.0025		
7.1		1.0019		
7.15		1.0014		
7.2		1.0008		
7.25		1.0003		
7.3		0.99971		
7.35		0.99916		
7.4		0.99862		
7.45		0.99808		
7.5		0.99754		
7.55		0.99701		
7.6		0.99648		
7.65		0.99595		
7.7		0.99543		
7.75		0.99491		
7.8		0.9944		
7.85		0.99388		
7.9		0.99338		
7.95		0.99287		
8		0.99237		
8.05		0.99187		
8.1		0.99138		
8.15		0.99089		
8.2		0.9904		
8.25		0.98991		
8.3		0.98943		
8.35		0.98895		
8.4		0.98848		
8.45		0.988		
8.5		0.98753		
8.55		0.98707		
8.6		0.9866		
8.65		0.98614		
8.7		0.98568		
8.75		0.98523		
8.8		0.98478		
8.85		0.98433		
8.9		0.98388		
8.95		0.98344		
9		0.983		
9.05		0.98256		
9.1		0.98212		
9.15		0.98169		
9.2		0.98126		
9.25		0.98083		
9.3		0.98041		
9.35		0.97999		
9.4		0.97957		
9.45		0.97915		
9.5		0.97873		
9.55		0.97832		
9.6		0.97791		
9.65		0.97751		
9.7		0.9771		
9.75		0.9767		
9.8		0.9763		
9.85		0.9759		
9.9		0.9755		
9.95		0.97511		
10		0.97472		
10.05		0.97433		
10.1		0.97395		
10.15		0.97356		
10.2		0.97318		
10.25		0.9728		
10.3		0.97242		
10.35		0.97205		
10.4		0.97167		
10.45		0.9713		
10.5		0.97093		
10.55		0.97057		
10.6		0.9702		
10.65		0.96984		
10.7		0.96948		
10.75		0.96912		
10.8		0.96876		
10.85		0.96841		
10.9		0.96806		
10.95		0.9677		
11		0.96736		
11.05		0.96701		
11.1		0.96666		
11.15		0.96632		
11.2		0.96598		
11.25		0.96564		
11.3		0.9653		
11.35		0.96496		
11.4		0.96463		
11.45		0.9643		
11.5		0.96397		
11.55		0.96364		
11.6		0.96331		
11.65		0.96298		
11.7		0.96266		
11.75		0.96234		
11.8		0.96202		
11.85		0.9617		
11.9		0.96138		
11.95		0.96106		
12		0.96075		
12.05		0.96044		
12.1		0.96012		
12.15		0.95982		
12.2		0.95951		
12.25		0.9592		
12.3		0.9589		
12.35		0.95859		
12.4		0.95829		
12.45		0.95799		
12.5		0.95769		
12.55		0.95739		
12.6		0.95709		
12.65		0.9568		
12.7		0.95651		
12.75		0.95621		
12.8		0.95592		
12.85		0.95563		
12.9		0.95534		
12.95		0.95506		
13		0.95477		
13.05		0.95449		
13.1		0.9542		
13.15		0.95392		
13.2		0.95364		
13.25		0.95336		
13.3		0.95308		
13.35		0.9528		
13.4		0.95253		
13.45		0.95225		
13.5		0.95198		
13.55		0.95171		
13.6		0.95144		
13.65		0.95117		
13.7		0.9509		
13.75		0.95063		
13.8		0.95036		
13.85		0.95009		
13.9		0.94983		
13.95		0.94957		
14		0.9493		
14.05		0.94904		
14.1		0.94878		
14.15		0.94852		
14.2		0.94826		
14.25		0.948		
14.3		0.94774		
14.35		0.94749		
14.4		0.94723		
14.45		0.94698		
14.5		0.94673		
14.55		0.94647		
14.6		0.94622		
14.65		0.94597		
14.7		0.94572		
14.75		0.94547		
14.8		0.94522		
14.85		0.94497		
14.9		0.94473		
14.95		0.94448		
15		0.94424		
15.05		0.94399		
15.1		0.94375		
15.15		0.9435		
15.2		0.94326		
15.25		0.94302		
15.3		0.94278		
15.35		0.94254		
15.4		0.9423		
15.45		0.94206		
15.5		0.94182		
15.55		0.94158		
15.6		0.94135		
15.65		0.94111		
15.7		0.94087		
15.75		0.94064		
15.8		0.9404		
15.85		0.94017		
15.9		0.93994		
15.95		0.9397		
16		0.93947		
16.05		0.93924		
16.1		0.93901		
16.15		0.93877		
16.2		0.93854		
16.25		0.93831		
16.3		0.93808		
16.35		0.93785		
16.4		0.93763		
16.45		0.9374		
16.5		0.93717		
16.55		0.93694		
16.6		0.93671		
16.65		0.93649		
16.7		0.93626		
16.75		0.93603		
16.8		0.93581		
16.85		0.93558		
16.9		0.93536		
16.95		0.93513		
17		0.93491		
17.05		0.93468		
17.1		0.93446		
17.15		0.93424		
17.2		0.93401		
17.25		0.93379		
17.3		0.93357		
17.35		0.93334		
17.4		0.93312		
17.45		0.9329		
17.5		0.93268		
17.55		0.93245		
17.6		0.93223		
17.65		0.93201		
17.7		0.93179		
17.75		0.93157		
17.8		0.93135		
17.85		0.93112		
17.9		0.9309		
17.95		0.93068		
18		0.93046		
18.05		0.93024		
18.1		0.93002		
18.15		0.9298		
18.2		0.92958		
18.25		0.92936		
18.3		0.92914		
18.35		0.92892		
18.4		0.9287		
18.45		0.92847		
18.5		0.92825		
18.55		0.92803		
18.6		0.92781		
18.65		0.92759		
18.7		0.92737		
18.75		0.92715		
18.8		0.92693		
18.85		0.92671		
18.9		0.92649		
18.95		0.92626		
19		0.92604		
19.05		0.92582		
19.1		0.9256		
19.15		0.92538		
19.2		0.92516		
19.25		0.92493		
19.3		0.92471		
19.35		0.92449		
19.4		0.92427		
19.45		0.92404		
19.5		0.92382		
19.55		0.9236		
19.6		0.92337		
19.65		0.92315		
19.7		0.92293		
19.75		0.9227		
19.8		0.92248		
19.85		0.92225		
19.9		0.92203		
19.95		0.9218		
20		0.92158		
20.05		0.92135		
20.1		0.92113		
20.15		0.9209		
20.2		0.92067		
20.25		0.92045		
20.3		0.92022		
20.35		0.91999		
20.4		0.91976		
20.45		0.91953		
20.5		0.9193		
20.55		0.91908		
20.6		0.91885		
20.65		0.91862		
20.7		0.91839		
20.75		0.91815		
20.8		0.91792		
20.85		0.91769		
20.9		0.91746		
20.95		0.91723		
21		0.917		
21.05		0.91676		
21.1		0.91653		
21.15		0.91629		
21.2		0.91606		
21.25		0.91582		
21.3		0.91559		
21.35		0.91535		
21.4		0.91512		
21.45		0.91488		
21.5		0.91464		
21.55		0.91441		
21.6		0.91417		
21.65		0.91393		
21.7		0.91369		
21.75		0.91345		
21.8		0.91321		
21.85		0.91297		
21.9		0.91273		
21.95		0.91248		
22		0.91224		
22.05		0.912		
22.1		0.91176		
22.15		0.91151		
22.2		0.91127		
22.25		0.91102		
22.3		0.91078		
22.35		0.91053		
22.4		0.91028		
22.45		0.91004		
22.5		0.90979		
22.55		0.90954		
22.6		0.90929		
22.65		0.90904		
22.7		0.90879		
22.75		0.90854		
22.8		0.90829		
22.85		0.90804		
22.9		0.90778		
22.95		0.90753		
23		0.90728		
23.05		0.90702		
23.1		0.90677		
23.15		0.90651		
23.2		0.90626		
23.25		0.906		
23.3		0.90574		
23.35		0.90548		
23.4		0.90522		
23.45		0.90497		
23.5		0.90471		
23.55		0.90445		
23.6		0.90418		
23.65		0.90392		
23.7		0.90366		
23.75		0.9034		
23.8		0.90313		
23.85		0.90287		
23.9		0.90261		
23.95		0.90234		
24		0.90207		
24.05		0.90181		
24.1		0.90154		
24.15		0.90127		
24.2		0.901		
24.25		0.90073		
24.3		0.90046		
24.35		0.90019		
24.4		0.89992		
24.45		0.89965		
24.5		0.89938		
24.55		0.89911		
24.6		0.89883		
24.65		0.89856		
24.7		0.89828		
24.75		0.89801		
24.8		0.89773		
24.85		0.89746		
24.9		0.89718		
24.95		0.8969		
25		0.89662		
25.05		0.89634		
25.1		0.89607		
25.15		0.89579		
25.2		0.8955		
25.25		0.89522		
25.3		0.89494		
25.35		0.89466		
25.4		0.89438		
25.45		0.8941		
25.5		0.89383		
25.55		0.89356		
25.6		0.89329		
25.65		0.89302		
25.7		0.89275		
25.75		0.89249		
25.8		0.89222		
25.85		0.89196		
25.9		0.89171		
25.95		0.89145		
26		0.89119		
26.05		0.89094		
26.1		0.89069		
26.15		0.89044		
26.2		0.89019		
26.25		0.88995		
26.3		0.8897		
26.35		0.88946		
26.4		0.88922		
26.45		0.88898		
26.5		0.88875		
26.55		0.88851		
26.6		0.88828		
26.65		0.88805		
26.7		0.88782		
26.75		0.88759		
26.8		0.88737		
26.85		0.88714		
26.9		0.88692		
26.95		0.8867		
27		0.88648		
27.05		0.88626		
27.1		0.88605		
27.15		0.88584		
27.2		0.88562		
27.25		0.88541		
27.3		0.88521		
27.35		0.885		
27.4		0.88479		
27.45		0.88459		
27.5		0.88439		
27.55		0.88419		
27.6		0.88399		
27.65		0.88379		
27.7		0.8836		
27.75		0.8834		
27.8		0.88321		
27.85		0.88302		
27.9		0.88283		
27.95		0.88265		
28		0.88246		
28.05		0.88228		
28.1		0.88209		
28.15		0.88191		
28.2		0.88173		
28.25		0.88156		
28.3		0.88138		
28.35		0.88121		
28.4		0.88103		
28.45		0.88086		
28.5		0.88069		
28.55		0.88052		
28.6		0.88036		
28.65		0.88019		
28.7		0.88003		
28.75		0.87986		
28.8		0.8797		
28.85		0.87954		
28.9		0.87939		
28.95		0.87923		
29		0.87907		
29.05		0.87892		
29.1		0.87877		
29.15		0.87862		
29.2		0.87847		
29.25		0.87832		
29.3		0.87817		
29.35		0.87803		
29.4		0.87789		
29.45		0.87774		
29.5		0.8776		
29.55		0.87746		
29.6		0.87733		
29.65		0.87719		
29.7		0.87705		
29.75		0.87692		
29.8		0.87679		
29.85		0.87666		
29.9		0.87653		
29.95		0.8764		
30		0.87627		
30.05		0.87615		
30.1		0.87602		
30.15		0.8759		
30.2		0.87578		
30.25		0.87566		
30.3		0.87554		
30.35		0.87542		
30.4		0.8753		
30.45		0.87519		
30.5		0.87507		
30.55		0.87496		
30.6		0.87485		
30.65		0.87474		
30.7		0.87463		
30.75		0.87452		
30.8		0.87442		
30.85		0.87431		
30.9		0.87421		
30.95		0.87411		
31		0.87401		
31.05		0.87391		
31.1		0.87381		
31.15		0.87371		
31.2		0.87361		
31.25		0.87352		
31.3		0.87342		
31.35		0.87333		
31.4		0.87324		
31.45		0.87315		
31.5		0.87306		
31.55		0.87297		
31.6		0.87289		
31.65		0.8728		
31.7		0.87272		
31.75		0.87263		
31.8		0.87255		
31.85		0.87247		
31.9		0.87239		
31.95		0.87231		
32		0.87223		
32.05		0.87216		
32.1		0.87208		
32.15		0.87201		
32.2		0.87193		
32.25		0.87186		
32.3		0.87179		
32.35		0.87172		
32.4		0.87165		
32.45		0.87158		
32.5		0.87152		
32.55		0.87145		
32.6		0.87139		
32.65		0.87132		
32.7		0.87126		
32.75		0.8712		
32.8		0.87114		
32.85		0.87108		
32.9		0.87102		
32.95		0.87097		
33		0.87091		
33.05		0.87086		
33.1		0.8708		
33.15		0.87075		
33.2		0.8707		
33.25		0.87065		
33.3		0.8706		
33.35		0.87055		
33.4		0.8705		
33.45		0.87045		
33.5		0.87041		
33.55		0.87036		
33.6		0.87032		
33.65		0.87027		
33.7		0.87023		
33.75		0.87019		
33.8		0.87015		
33.85		0.87011		
33.9		0.87007		
33.95		0.87004		
34		0.87		
34.05		0.86997		
34.1		0.86993		
34.15		0.8699		
34.2		0.86987		
34.25		0.86983		
34.3		0.8698		
34.35		0.86977		
34.4		0.86974		
34.45		0.86972		
34.5		0.86969		
34.55		0.86966		
34.6		0.86964		
34.65		0.86961		
34.7		0.86959		
34.75		0.86957		
34.8		0.86955		
34.85		0.86953		
34.9		0.86951		
34.95		0.86949		
35		0.86947		
35.05		0.86945		
35.1		0.86943		
35.15		0.86942		
35.2		0.8694		
35.25		0.86939		
35.3		0.86938		
35.35		0.86936		
35.4		0.86935		
35.45		0.86934		
35.5		0.86933		
35.55		0.86932		
35.6		0.86932		
35.65		0.86931		
35.7		0.8693		
35.75		0.8693		
35.8		0.86929		
35.85		0.86929		
35.9		0.86928		
35.95		0.86928		
36		0.86928		
36.05		0.86928		
36.1		0.86928		
36.15		0.86928		
36.2		0.86928		
36.25		0.86928		
36.3		0.86929		
36.35		0.86931		
36.4		0.86935		
36.45		0.8694		
36.5		0.86948		
36.55		0.86957		
36.6		0.86968		
36.65		0.86981		
36.7		0.86995		
36.75		0.87011		
36.8		0.87029		
36.85		0.87048		
36.9		0.87069		
36.95		0.87091		
37		0.87115		
37.05		0.8714		
37.1		0.87166		
37.15		0.87194		
37.2		0.87223		
37.25		0.87253		
37.3		0.87285		
37.35		0.87317		
37.4		0.87351		
37.45		0.87386		
37.5		0.87422		
37.55		0.87459		
37.6		0.87497		
37.65		0.87536		
37.7		0.87575		
37.75		0.87616		
37.8		0.87658		
37.85		0.877		
37.9		0.87743		
37.95		0.87787		
38		0.87832		
38.05		0.87877		
38.1		0.87923		
38.15		0.8797		
38.2		0.88017		
38.25		0.88065		
38.3		0.88114		
38.35		0.88163		
38.4		0.88212		
38.45		0.88262		
38.5		0.88313		
38.55		0.88364		
38.6		0.88416		
38.65		0.88468		
38.7		0.8852		
38.75		0.88573		
38.8		0.88626		
38.85		0.8868		
38.9		0.88734		
38.95		0.88788		
39		0.88843		
39.05		0.88898		
39.1		0.88953		
39.15		0.89009		
39.2		0.89065		
39.25		0.89121		
39.3		0.89177		
39.35		0.89234		
39.4		0.89291		
39.45		0.89348		
39.5		0.89405		
39.55		0.89463		
39.6		0.8952		
39.65		0.89578		
39.7		0.89636		
39.75		0.89695		
39.8		0.89753		
39.85		0.89812		
39.9		0.8987		
39.95		0.89929		
40		0.89988		
40.05		0.90047		
40.1		0.90106		
40.15		0.90165		
40.2		0.90224		
40.25		0.90284		
40.3		0.90343		
40.35		0.90402		
40.4		0.90462		
40.45		0.90522		
40.5		0.90581		
40.55		0.90641		
40.6		0.907		
40.65		0.9076		
40.7		0.9082		
40.75		0.90879		
40.8		0.90939		
40.85		0.90998		
40.9		0.91058		
40.95		0.91117		
41		0.91177		
41.05		0.91236		
41.1		0.91296		
41.15		0.91355		
41.2		0.91414		
41.25		0.91474		
41.3		0.91533		
41.35		0.91592		
41.4		0.91651		
41.45		0.9171		
41.5		0.91769		
41.55		0.91827		
41.6		0.91886		
41.65		0.91944		
41.7		0.92003		
41.75		0.92061		
41.8		0.92119		
41.85		0.92177		
41.9		0.92235		
41.95		0.92292		
42		0.9235		
42.05		0.92407		
42.1		0.92464		
42.15		0.92521		
42.2		0.92578		
42.25		0.92635		
42.3		0.92691		
42.35		0.92747		
42.4		0.92803		
42.45		0.92859		
42.5		0.92915		
42.55		0.92971		
42.6		0.93026		
42.65		0.93081		
42.7		0.93136		
42.75		0.9319		
42.8		0.93245		
42.85		0.93299		
42.9		0.93353		
42.95		0.93407		
43		0.9346		
43.05		0.93514		
43.1		0.93567		
43.15		0.93619		
43.2		0.93672		
43.25		0.93724		
43.3		0.93776		
43.35		0.93828		
43.4		0.93879		
43.45		0.9393		
43.5		0.93981		
43.55		0.94032		
43.6		0.94082		
43.65		0.94133		
43.7		0.94182		
43.75		0.94232		
43.8		0.94281		
43.85		0.9433		
43.9		0.94379		
43.95		0.94427		
44		0.94476		
44.05		0.94523		
44.1		0.94571		
44.15		0.94618		
44.2		0.94665		
44.25		0.94712		
44.3		0.94758		
44.35		0.94804		
44.4		0.9485		
44.45		0.94895		
44.5		0.9494		
44.55		0.94985		
44.6		0.9503		
44.65		0.95074		
44.7		0.95118		
44.75		0.95162		
44.8		0.95205		
44.85		0.95248		
44.9		0.9529		
44.95		0.95333		
45		0.95375		
45.05		0.95416		
45.1		0.95458		
45.15		0.95499		
45.2		0.9554		
45.25		0.9558		
45.3		0.9562		
45.35		0.9566		
45.4		0.957		
45.45		0.95739		
45.5		0.95778		
45.55		0.95816		
45.6		0.95854		
45.65		0.95892		
45.7		0.9593		
45.75		0.95967		
45.8		0.96004		
45.85		0.96041		
45.9		0.96077		
45.95		0.96113		
46		0.96149		
46.05		0.96184		
46.1		0.96219		
46.15		0.96254		
46.2		0.96289		
46.25		0.96323		
46.3		0.96357		
46.35		0.9639		
46.4		0.96423		
46.45		0.96456		
46.5		0.96489		
46.55		0.96521		
46.6		0.96553		
46.65		0.96585		
46.7		0.96617		
46.75		0.96648		
46.8		0.96678		
46.85		0.96709		
46.9		0.96739		
46.95		0.96769		
47		0.96799		
47.05		0.96828		
47.1		0.96857		
47.15		0.96886		
47.2		0.96915		
47.25		0.96943		
47.3		0.96971		
47.35		0.96999		
47.4		0.97026		
47.45		0.97053		
47.5		0.9708		
47.55		0.97106		
47.6		0.97133		
47.65		0.97159		
47.7		0.97185		
47.75		0.9721		
47.8		0.97235		
47.85		0.9726		
47.9		0.97285		
47.95		0.97309		
48		0.97334		
48.05		0.97358		
48.1		0.97381		
48.15		0.97405		
48.2		0.97428		
48.25		0.97451		
48.3		0.97473		
48.35		0.97496		
48.4		0.97518		
48.45		0.9754		
48.5		0.97562		
48.55		0.97583		
48.6		0.97604		
48.65		0.97625		
48.7		0.97646		
48.75		0.97667		
48.8		0.97687		
48.85		0.97707		
48.9		0.97727		
48.95		0.97747		
49		0.97766		
49.05		0.97786		
49.1		0.97805		
49.15		0.97823		
49.2		0.97842		
49.25		0.9786		
49.3		0.97878		
49.35		0.97896		
49.4		0.97914		
49.45		0.97932		
49.5		0.97949		
49.55		0.97966		
49.6		0.97983		
49.65		0.98		
49.7		0.98017		
49.75		0.98033		
49.8		0.98049		
49.85		0.98065		
49.9		0.98081		
49.95		0.98097		
50		0.98112		
50.05		0.98128		
50.1		0.98143		
50.15		0.98158		
50.2		0.98173		
50.25		0.98187		
50.3		0.98202		
50.35		0.98216		
50.4		0.9823		
50.45		0.98244		
50.5		0.98258		
50.55		0.98272		
50.6		0.98285		
50.65		0.98299		
50.7		0.98312		
50.75		0.98325		
50.8		0.98338		
50.85		0.9835		
50.9		0.98363		
50.95		0.98375		
51		0.98388		
51.05		0.984		
51.1		0.98412		
51.15		0.98424		
51.2		0.98436		
51.25		0.98447		
51.3		0.98459		
51.35		0.9847		
51.4		0.98481		
51.45		0.98492		
51.5		0.98503		
51.55		0.98514		
51.6		0.98525		
51.65		0.98536		
51.7		0.98546		
51.75		0.98556		
51.8		0.98567		
51.85		0.98577		
51.9		0.98587		
51.95		0.98597		
52		0.98606		
52.05		0.98616		
52.1		0.98626		
52.15		0.98635		
52.2		0.98645		
52.25		0.98654		
52.3		0.98663		
52.35		0.98672		
52.4		0.98681		
52.45		0.9869		
52.5		0.98699		
52.55		0.98707		
52.6		0.98716		
52.65		0.98724		
52.7		0.98733		
52.75		0.98741		
52.8		0.98749		
52.85		0.98757		
52.9		0.98765		
52.95		0.98773		
53		0.98781		
53.05		0.98789		
53.1		0.98796		
53.15		0.98804		
53.2		0.98811		
53.25		0.98819		
53.3		0.98826		
53.35		0.98833		
53.4		0.98841		
53.45		0.98848		
53.5		0.98855		
53.55		0.98862		
53.6		0.98868		
53.65		0.98875		
53.7		0.98882		
53.75		0.98889		
53.8		0.98895		
53.85		0.98902		
53.9		0.98908		
53.95		0.98915		
54		0.98921		
54.05		0.98927		
54.1		0.98933		
54.15		0.9894		
54.2		0.98946		
54.25		0.98952		
54.3		0.98958		
54.35		0.98963		
54.4		0.98969		
54.45		0.98975		
54.5		0.98981		
54.55		0.98986		
54.6		0.98992		
54.65		0.98997		
54.7		0.99003		
54.75		0.99008		
54.8		0.99014		
54.85		0.99019		
54.9		0.99024		
54.95		0.9903		
55		0.99035		
55.05		0.9904		
55.1		0.99045		
55.15		0.9905		
55.2		0.99055		
55.25		0.9906		
55.3		0.99065		
55.35		0.99069		
55.4		0.99074		
55.45		0.99079		
55.5		0.99084		
55.55		0.99088		
55.6		0.99093		
55.65		0.99097		
55.7		0.99102		
55.75		0.99106		
55.8		0.99111		
55.85		0.99115		
55.9		0.9912		
55.95		0.99124		
56		0.99128		
56.05		0.99132		
56.1		0.99137		
56.15		0.99141		
56.2		0.99145		
56.25		0.99149		
56.3		0.99153		
56.35		0.99157		
56.4		0.99161		
56.45		0.99165		
56.5		0.99169		
56.55		0.99173		
56.6		0.99177		
56.65		0.9918		
56.7		0.99184		
56.75		0.99188		
56.8		0.99192		
56.85		0.99195		
56.9		0.99199		
56.95		0.99202		
57		0.99206		
57.05		0.9921		
57.1		0.99213		
57.15		0.99217		
57.2		0.9922		
57.25		0.99224		
57.3		0.99227		
57.35		0.9923		
57.4		0.99234		
57.45		0.99237		
57.5		0.9924		
57.55		0.99243		
57.6		0.99247		
57.65		0.9925		
57.7		0.99253		
57.75		0.99256		
57.8		0.99259		
57.85		0.99263		
57.9		0.99266		
57.95		0.99269		
58		0.99272		
58.05		0.99275		
58.1		0.99278		
58.15		0.99281		
58.2		0.99284		
58.25		0.99286		
58.3		0.99289		
58.35		0.99292		
58.4		0.99295		
58.45		0.99298		
58.5		0.99301		
58.55		0.99304		
58.6		0.99306		
58.65		0.99309		
58.7		0.99312		
58.75		0.99314		
58.8		0.99317		
58.85		0.9932		
58.9		0.99322		
58.95		0.99325		
59		0.99328		
59.05		0.9933		
59.1		0.99333		
59.15		0.99335		
59.2		0.99338		
59.25		0.9934		
59.3		0.99343		
59.35		0.99345		
59.4		0.99348		
59.45		0.9935		
59.5		0.99353		
59.55		0.99355		
59.6		0.99357		
59.65		0.9936		
59.7		0.99362		
59.75		0.99364		
59.8		0.99367		
59.85		0.99369		
59.9		0.99371		
59.95		0.99374		
60		0.99376		
60.05		0.99378		
60.1		0.9938		
60.15		0.99382		
60.2		0.99385		
60.25		0.99387		
60.3		0.99389		
60.35		0.99391		
60.4		0.99393		
60.45		0.99395		
60.5		0.99397		
60.55		0.994		
60.6		0.99402		
60.65		0.99404		
60.7		0.99406		
60.75		0.99408		
60.8		0.9941		
60.85		0.99412		
60.9		0.99414		
60.95		0.99416		
61		0.99418		
61.05		0.9942		
61.1		0.99422		
61.15		0.99423		
61.2		0.99425		
61.25		0.99427		
61.3		0.99429		
61.35		0.99431		
61.4		0.99433		
61.45		0.99435		
61.5		0.99437		
61.55		0.99438		
61.6		0.9944		
61.65		0.99442		
61.7		0.99444		
61.75		0.99446		
61.8		0.99447		
61.85		0.99449		
61.9		0.99451		
61.95		0.99453		
62		0.99454		
62.05		0.99456		
62.1		0.99458		
62.15		0.99459		
62.2		0.99461		
62.25		0.99463		
62.3		0.99464		
62.35		0.99466		
62.4		0.99468		
62.45		0.99469		
62.5		0.99471		
62.55		0.99473		
62.6		0.99474		
62.65		0.99476		
62.7		0.99477		
62.75		0.99479		
62.8		0.99481		
62.85		0.99482		
62.9		0.99484		
62.95		0.99485		
63		0.99487		
63.05		0.99488		
63.1		0.9949		
63.15		0.99491		
63.2		0.99493		
63.25		0.99494		
63.3		0.99496		
63.35		0.99497		
63.4		0.99499		
63.45		0.995		
63.5		0.99501		
63.55		0.99503		
63.6		0.99504		
63.65		0.99506		
63.7		0.99507		
63.75		0.99509		
63.8		0.9951		
63.85		0.99511		
63.9		0.99513		
63.95		0.99514		
64		0.99515		
64.05		0.99517		
64.1		0.99518		
64.15		0.99519		
64.2		0.99521		
64.25		0.99522		
64.3		0.99523		
64.35		0.99525		
64.4		0.99526		
64.45		0.99527		
64.5		0.99529		
64.55		0.9953		
64.6		0.99531		
64.65		0.99532		
64.7		0.99534		
64.75		0.99535		
64.8		0.99536		
64.85		0.99537		
64.9		0.99539		
64.95		0.9954		
65		0.99541		
65.05		0.99542		
65.1		0.99543		
65.15		0.99545		
65.2		0.99546		
65.25		0.99547		
65.3		0.99548		
65.35		0.99549		
65.4		0.9955		
65.45		0.99552		
65.5		0.99553		
65.55		0.99554		
65.6		0.99555		
65.65		0.99556		
65.7		0.99557		
65.75		0.99558		
65.8		0.9956		
65.85		0.99561		
65.9		0.99562		
65.95		0.99563		
66		0.99564		
66.05		0.99565		
66.1		0.99566		
66.15		0.99567		
66.2		0.99568		
66.25		0.99569		
66.3		0.9957		
66.35		0.99571		
66.4		0.99572		
66.45		0.99573		
66.5		0.99574		
66.55		0.99576		
66.6		0.99577		
66.65		0.99578		
66.7		0.99579		
66.75		0.9958		
66.8		0.99581		
66.85		0.99582		
66.9		0.99583		
66.95		0.99584		
67		0.99585		
67.05		0.99586		
67.1		0.99586		
67.15		0.99587		
67.2		0.99588		
67.25		0.99589		
67.3		0.9959		
67.35		0.99591		
67.4		0.99592		
67.45		0.99593		
67.5		0.99594		
67.55		0.99595		
67.6		0.99596		
67.65		0.99597		
67.7		0.99598		
67.75		0.99599		
67.8		0.996		
67.85		0.99601		
67.9		0.99601		
67.95		0.99602		
68		0.99603		
68.05		0.99604		
68.1		0.99605		
68.15		0.99606		
68.2		0.99607		
68.25		0.99608		
68.3		0.99608		
68.35		0.99609		
68.4		0.9961		
68.45		0.99611		
68.5		0.99612		
68.55		0.99613		
68.6		0.99614		
68.65		0.99614		
68.7		0.99615		
68.75		0.99616		
68.8		0.99617		
68.85		0.99618		
68.9		0.99618		
68.95		0.99619		
69		0.9962		
69.05		0.99621		
69.1		0.99622		
69.15		0.99622		
69.2		0.99623		
69.25		0.99624		
69.3		0.99625		
69.35		0.99626		
69.4		0.99626		
69.45		0.99627		
69.5		0.99628		
69.55		0.99629		
69.6		0.9963		
69.65		0.9963		
69.7		0.99631		
69.75		0.99632		
69.8		0.99633		
69.85		0.99633		
69.9		0.99634		
69.95		0.99635		
70		0.99635		
70.05		0.99636		
70.1		0.99637		
70.15		0.99638		
70.2		0.99638		
70.25		0.99639		
70.3		0.9964		
70.35		0.99641		
70.4		0.99641		
70.45		0.99642		
70.5		0.99643		
70.55		0.99643		
70.6		0.99644		
70.65		0.99645		
70.7		0.99645		
70.75		0.99646		
70.8		0.99647		
70.85		0.99648		
70.9		0.99648		
70.95		0.99649		
71		0.9965		
71.05		0.9965		
71.1		0.99651		
71.15		0.99652		
71.2		0.99652		
71.25		0.99653		
71.3		0.99654		
71.35		0.99654		
71.4		0.99655		
71.45		0.99655		
71.5		0.99656		
71.55		0.99657		
71.6		0.99657		
71.65		0.99658		
71.7		0.99659		
71.75		0.99659		
71.8		0.9966		
71.85		0.99661		
71.9		0.99661		
71.95		0.99662		
72		0.99662		
72.05		0.99663		
72.1		0.99664		
72.15		0.99664		
72.2		0.99665		
72.25		0.99665		
72.3		0.99666		
72.35		0.99667		
72.4		0.99667		
72.45		0.99668		
72.5		0.99668		
72.55		0.99669		
72.6		0.9967		
72.65		0.9967		
72.7		0.99671		
72.75		0.99671		
72.8		0.99672		
72.85		0.99673		
72.9		0.99673		
72.95		0.99674		
73		0.99674		
73.05		0.99675		
73.1		0.99675		
73.15		0.99676		
73.2		0.99677		
73.25		0.99677		
73.3		0.99678		
73.35		0.99678		
73.4		0.99679		
73.45		0.99679		
73.5		0.9968		
73.55		0.9968		
73.6		0.99681		
73.65		0.99681		
73.7		0.99682		
73.75		0.99683		
73.8		0.99683		
73.85		0.99684		
73.9		0.99684		
73.95		0.99685		
74		0.99685		
74.05		0.99686		
74.1		0.99686		
74.15		0.99687		
74.2		0.99687		
74.25		0.99688		
74.3		0.99688		
74.35		0.99689		
74.4		0.99689		
74.45		0.9969		
74.5		0.9969		
74.55		0.99691		
74.6		0.99691		
74.65		0.99692		
74.7		0.99692		
74.75		0.99693		
74.8		0.99693		
74.85		0.99694		
74.9		0.99694		
74.95		0.99695		
75		0.99695		
75.05		0.99696		
75.1		0.99696		
75.15		0.99697		
75.2		0.99697		
75.25		0.99698		
75.3		0.99698		
75.35		0.99699		
75.4		0.99699		
75.45		0.997		
75.5		0.997		
75.55		0.99701		
75.6		0.99701		
75.65		0.99701		
75.7		0.99702		
75.75		0.99702		
75.8		0.99703		
75.85		0.99703		
75.9		0.99704		
75.95		0.99704		
76		0.99705		
76.05		0.99705		
76.1		0.99706		
76.15		0.99706		
76.2		0.99706		
76.25		0.99707		
76.3		0.99707		
76.35		0.99708		
76.4		0.99708		
76.45		0.99709		
76.5		0.99709		
76.55		0.9971		
76.6		0.9971		
76.65		0.9971		
76.7		0.99711		
76.75		0.99711		
76.8		0.99712		
76.85		0.99712		
76.9		0.99713		
76.95		0.99713		
77		0.99713		
77.05		0.99714		
77.1		0.99714		
77.15		0.99715		
77.2		0.99715		
77.25		0.99715		
77.3		0.99716		
77.35		0.99716		
77.4		0.99717		
77.45		0.99717		
77.5		0.99717		
77.55		0.99718		
77.6		0.99718		
77.65		0.99719		
77.7		0.99719		
77.75		0.99719		
77.8		0.9972		
77.85		0.9972		
77.9		0.99721		
77.95		0.99721		
78		0.99721		
78.05		0.99722		
78.1		0.99722		
78.15		0.99723		
78.2		0.99723		
78.25		0.99723		
78.3		0.99724		
78.35		0.99724		
78.4		0.99725		
78.45		0.99725		
78.5		0.99725		
78.55		0.99726		
78.6		0.99726		
78.65		0.99726		
78.7		0.99727		
78.75		0.99727		
78.8		0.99728		
78.85		0.99728		
78.9		0.99728		
78.95		0.99729		
79		0.99729		
79.05		0.99729		
79.1		0.9973		
79.15		0.9973		
79.2		0.9973		
79.25		0.99731		
79.3		0.99731		
79.35		0.99732		
79.4		0.99732		
79.45		0.99732		
79.5		0.99733		
79.55		0.99733		
79.6		0.99733		
79.65		0.99734		
79.7		0.99734		
79.75		0.99734		
79.8		0.99735		
79.85		0.99735		
79.9		0.99735		
79.95		0.99736		
80		0.99736		
80.05		0.99736		
80.1		0.99737		
80.15		0.99737		
80.2		0.99737		
80.25		0.99738		
80.3		0.99738		
80.35		0.99738		
80.4		0.99739		
80.45		0.99739		
80.5		0.99739		
80.55		0.9974		
80.6		0.9974		
80.65		0.9974		
80.7		0.99741		
80.75		0.99741		
80.8		0.99741		
80.85		0.99742		
80.9		0.99742		
80.95		0.99742		
81		0.99743		
81.05		0.99743		
81.1		0.99743		
81.15		0.99744		
81.2		0.99744		
81.25		0.99744		
81.3		0.99745		
81.35		0.99745		
81.4		0.99745		
81.45		0.99746		
81.5		0.99746		
81.55		0.99746		
81.6		0.99747		
81.65		0.99747		
81.7		0.99747		
81.75		0.99747		
81.8		0.99748		
81.85		0.99748		
81.9		0.99748		
81.95		0.99749		
82		0.99749		
82.05		0.99749		
82.1		0.9975		
82.15		0.9975		
82.2		0.9975		
82.25		0.99751		
82.3		0.99751		
82.35		0.99751		
82.4		0.99751		
82.45		0.99752		
82.5		0.99752		
82.55		0.99752		
82.6		0.99753		
82.65		0.99753		
82.7		0.99753		
82.75		0.99753		
82.8		0.99754		
82.85		0.99754		
82.9		0.99754		
82.95		0.99755		
83		0.99755		
83.05		0.99755		
83.1		0.99755		
83.15		0.99756		
83.2		0.99756		
83.25		0.99756		
83.3		0.99757		
83.35		0.99757		
83.4		0.99757		
83.45		0.99757		
83.5		0.99758		
83.55		0.99758		
83.6		0.99758		
83.65		0.99759		
83.7		0.99759		
83.75		0.99759		
83.8		0.99759		
83.85		0.9976		
83.9		0.9976		
83.95		0.9976		
84		0.9976		
84.05		0.99761		
84.1		0.99761		
84.15		0.99761		
84.2		0.99762		
84.25		0.99762		
84.3		0.99762		
84.35		0.99762		
84.4		0.99763		
84.45		0.99763		
84.5		0.99763		
84.55		0.99763		
84.6		0.99764		
84.65		0.99764		
84.7		0.99764		
84.75		0.99764		
84.8		0.99765		
84.85		0.99765		
84.9		0.99765		
84.95		0.99765		
85		0.99766		
85.05		0.99766		
85.1		0.99766		
85.15		0.99767		
85.2		0.99767		
85.25		0.99767		
85.3		0.99767		
85.35		0.99768		
85.4		0.99768		
85.45		0.99768		
85.5		0.99768		
85.55		0.99769		
85.6		0.99769		
85.65		0.99769		
85.7		0.99769		
85.75		0.99769		
85.8		0.9977		
85.85		0.9977		
85.9		0.9977		
85.95		0.99771		
86		0.99771		
86.05		0.99771		
86.1		0.99771		
86.15		0.99771		
86.2		0.99772		
86.25		0.99772		
86.3		0.99772		
86.35		0.99772		
86.4		0.99773		
86.45		0.99773		
86.5		0.99773		
86.55		0.99773		
86.6		0.99774		
86.65		0.99774		
86.7		0.99774		
86.75		0.99774		
86.8		0.99775		
86.85		0.99775		
86.9		0.99775		
86.95		0.99775		
87		0.99775		
87.05		0.99776		
87.1		0.99776		
87.15		0.99776		
87.2		0.99776		
87.25		0.99777		
87.3		0.99777		
87.35		0.99777		
87.4		0.99777		
87.45		0.99777		
87.5		0.99778		
87.55		0.99778		
87.6		0.99778		
87.65		0.99778		
87.7		0.99779		
87.75		0.99779		
87.8		0.99779		
87.85		0.99779		
87.9		0.9978		
87.95		0.9978		
88		0.9978		
88.05		0.9978		
88.1		0.9978		
88.15		0.99781		
88.2		0.99781		
88.25		0.99781		
88.3		0.99781		
88.35		0.99781		
88.4		0.99782		
88.45		0.99782		
88.5		0.99782		
88.55		0.99782		
88.6		0.99783		
88.65		0.99783		
88.7		0.99783		
88.75		0.99783		
88.8		0.99783		
88.85		0.99784		
88.9		0.99784		
88.95		0.99784		
89		0.99784		
89.05		0.99784		
89.1		0.99785		
89.15		0.99785		
89.2		0.99785		
89.25		0.99785		
89.3		0.99785		
89.35		0.99786		
89.4		0.99786		
89.45		0.99786		
89.5		0.99786		
89.55		0.99787		
89.6		0.99787		
89.65		0.99787		
89.7		0.99787		
89.75		0.99787		
89.8		0.99788		
89.85		0.99788		
89.9		0.99788		
89.95		0.99788		
90		0.99788		
90.05		0.99789		
90.1		0.99789		
90.15		0.99789		
90.2		0.99789		
90.25		0.99789		
90.3		0.9979		
90.35		0.9979		
90.4		0.9979		
90.45		0.9979		
90.5		0.9979		
90.55		0.9979		
90.6		0.99791		
90.65		0.99791		
90.7		0.99791		
90.75		0.99791		
90.8		0.99791		
90.85		0.99792		
90.9		0.99792		
90.95		0.99792		
91		0.99792		
91.05		0.99792		
91.1		0.99793		
91.15		0.99793		
91.2		0.99793		
91.25		0.99793		
91.3		0.99793		
91.35		0.99794		
91.4		0.99794		
91.45		0.99794		
91.5		0.99794		
91.55		0.99794		
91.6		0.99794		
91.65		0.99795		
91.7		0.99795		
91.75		0.99795		
91.8		0.99795		
91.85		0.99795		
91.9		0.99796		
91.95		0.99796		
92		0.99796		
92.05		0.99796		
92.1		0.99796		
92.15		0.99796		
92.2		0.99797		
92.25		0.99797		
92.3		0.99797		
92.35		0.99797		
92.4		0.99797		
92.45		0.99798		
92.5		0.99798		
92.55		0.99798		
92.6		0.99798		
92.65		0.99798		
92.7		0.99798		
92.75		0.99799		
92.8		0.99799		
92.85		0.99799		
92.9		0.99799		
92.95		0.99799		
93		0.998		
93.05		0.998		
93.1		0.998		
93.15		0.998		
93.2		0.998		
93.25		0.998		
93.3		0.99801		
93.35		0.99801		
93.4		0.99801		
93.45		0.99801		
93.5		0.99801		
93.55		0.99801		
93.6		0.99802		
93.65		0.99802		
93.7		0.99802		
93.75		0.99802		
93.8		0.99802		
93.85		0.99802		
93.9		0.99803		
93.95		0.99803		
94		0.99803		
94.05		0.99803		
94.1		0.99803		
94.15		0.99803		
94.2		0.99804		
94.25		0.99804		
94.3		0.99804		
94.35		0.99804		
94.4		0.99804		
94.45		0.99804		
94.5		0.99805		
94.55		0.99805		
94.6		0.99805		
94.65		0.99805		
94.7		0.99805		
94.75		0.99805		
94.8		0.99806		
94.85		0.99806		
94.9		0.99806		
94.95		0.99806		
95		0.99806		
95.05		0.99806		
95.1		0.99807		
95.15		0.99807		
95.2		0.99807		
95.25		0.99807		
95.3		0.99807		
95.35		0.99807		
95.4		0.99808		
95.45		0.99808		
95.5		0.99808		
95.55		0.99808		
95.6		0.99808		
95.65		0.99808		
95.7		0.99808		
95.75		0.99809		
95.8		0.99809		
95.85		0.99809		
95.9		0.99809		
95.95		0.99809		
96		0.99809		
96.05		0.9981		
96.1		0.9981		
96.15		0.9981		
96.2		0.9981		
96.25		0.9981		
96.3		0.9981		
96.35		0.9981		
96.4		0.99811		
96.45		0.99811		
96.5		0.99811		
96.55		0.99811		
96.6		0.99811		
96.65		0.99811		
96.7		0.99812		
96.75		0.99812		
96.8		0.99812		
96.85		0.99812		
96.9		0.99812		
96.95		0.99812		
97		0.99812		
97.05		0.99813		
97.1		0.99813		
97.15		0.99813		
97.2		0.99813		
97.25		0.99813		
97.3		0.99813		
97.35		0.99813		
97.4		0.99814		
97.45		0.99814		
97.5		0.99814		
97.55		0.99814		
97.6		0.99814		
97.65		0.99814		
97.7		0.99814		
97.75		0.99815		
97.8		0.99815		
97.85		0.99815		
97.9		0.99815		
97.95		0.99815		
98		0.99815		
98.05		0.99816		
98.1		0.99816		
98.15		0.99816		
98.2		0.99816		
98.25		0.99816		
98.3		0.99816		
98.35		0.99816		
98.4		0.99816		
98.45		0.99817		
98.5		0.99817		
98.55		0.99817		
98.6		0.99817		
98.65		0.99817		
98.7		0.99817		
98.75		0.99817		
98.8		0.99818		
98.85		0.99818		
98.9		0.99818		
98.95		0.99818		
99		0.99818		
99.05		0.99818		
99.1		0.99818		
99.15		0.99819		
99.2		0.99819		
99.25		0.99819		
99.3		0.99819		
99.35		0.99819		
99.4		0.99819		
99.45		0.99819		
99.5		0.9982		
99.55		0.9982		
99.6		0.9982		
99.65		0.9982		
99.7		0.9982		
99.75		0.9982		
99.8		0.9982		
99.85		0.9982		
99.9		0.99821		
99.95		0.99821		
100		0.99821		
