t [fm]		B
0.25		-11.7
0.3		-8.6117		
0.35		-6.6345		
0.4		-5.2802		
0.45		-4.3024		
0.5		-3.5666		
0.55		-2.9945		
0.6		-2.5383		
0.65		-2.1672		
0.7		-1.8606		
0.75		-1.6041		
0.8		-1.3874		
0.85		-1.2027		
0.9		-1.0442		
0.95		-0.90718		
1		-0.78811		
1.05		-0.68405		
1.1		-0.59268		
1.15		-0.51207		
1.2		-0.44066		
1.25		-0.37714		
1.3		-0.32044		
1.35		-0.26966		
1.4		-0.22405		
1.45		-0.18295		
1.5		-0.14582		
1.55		-0.1122		
1.6		-0.081699		
1.65		-0.05396		
1.7		-0.028689		
1.75		-0.0056256		
1.8		0.015456		
1.85		0.034756		
1.9		0.052447		
1.95		0.068685		
2		0.083607		
2.05		0.097333		
2.1		0.10997		
2.15		0.12162		
2.2		0.13236		
2.25		0.14228		
2.3		0.15144		
2.35		0.15991		
2.4		0.16773		
2.45		0.17497		
2.5		0.18167		
2.55		0.18788		
2.6		0.19362		
2.65		0.19893		
2.7		0.20386		
2.75		0.20842		
2.8		0.21264		
2.85		0.21654		
2.9		0.22016		
2.95		0.2235		
3		0.2266		
3.05		0.22946		
3.1		0.2321		
3.15		0.23453		
3.2		0.23678		
3.25		0.23884		
3.3		0.24074		
3.35		0.24249		
3.4		0.24409		
3.45		0.24555		
3.5		0.24688		
3.55		0.2481		
3.6		0.2492		
3.65		0.25019		
3.7		0.25109		
3.75		0.25189		
3.8		0.25261		
3.85		0.25324		
3.9		0.25379		
3.95		0.25428		
4		0.25469		
4.05		0.25504		
4.1		0.25532		
4.15		0.25555		
4.2		0.25573		
4.25		0.25585		
4.3		0.25592		
4.35		0.25595		
4.4		0.25594		
4.45		0.25588		
4.5		0.25579		
4.55		0.25565		
4.6		0.25549		
4.65		0.25529		
4.7		0.25506		
4.75		0.2548		
4.8		0.25452		
4.85		0.25421		
4.9		0.25387		
4.95		0.25351		
5		0.25313		
5.05		0.25272		
5.1		0.2523		
5.15		0.25186		
5.2		0.2514		
5.25		0.25092		
5.3		0.25043		
5.35		0.24992		
5.4		0.2494		
5.45		0.24886		
5.5		0.24832		
5.55		0.24776		
5.6		0.24718		
5.65		0.2466		
5.7		0.24601		
5.75		0.24541		
5.8		0.2448		
5.85		0.24418		
5.9		0.24355		
5.95		0.24291		
6		0.24227		
6.05		0.24162		
6.1		0.24096		
6.15		0.2403		
6.2		0.23963		
6.25		0.23896		
6.3		0.23828		
6.35		0.2376		
6.4		0.23691		
6.45		0.23622		
6.5		0.23553		
6.55		0.23483		
6.6		0.23413		
6.65		0.23342		
6.7		0.23272		
6.75		0.23201		
6.8		0.23129		
6.85		0.23058		
6.9		0.22986		
6.95		0.22914		
7		0.22842		
7.05		0.2277		
7.1		0.22698		
7.15		0.22626		
7.2		0.22553		
7.25		0.2248		
7.3		0.22408		
7.35		0.22335		
7.4		0.22262		
7.45		0.22189		
7.5		0.22117		
7.55		0.22044		
7.6		0.21971		
7.65		0.21898		
7.7		0.21825		
7.75		0.21752		
7.8		0.21679		
7.85		0.21607		
7.9		0.21534		
7.95		0.21461		
8		0.21389		
8.05		0.21316		
8.1		0.21244		
8.15		0.21171		
8.2		0.21099		
8.25		0.21027		
8.3		0.20955		
8.35		0.20883		
8.4		0.20811		
8.45		0.20739		
8.5		0.20668		
8.55		0.20596		
8.6		0.20525		
8.65		0.20454		
8.7		0.20383		
8.75		0.20312		
8.8		0.20241		
8.85		0.2017		
8.9		0.201		
8.95		0.20029		
9		0.19959		
9.05		0.19889		
9.1		0.19819		
9.15		0.1975		
9.2		0.1968		
9.25		0.19611		
9.3		0.19542		
9.35		0.19473		
9.4		0.19404		
9.45		0.19335		
9.5		0.19267		
9.55		0.19199		
9.6		0.19131		
9.65		0.19063		
9.7		0.18995		
9.75		0.18928		
9.8		0.18861		
9.85		0.18794		
9.9		0.18727		
9.95		0.1866		
10		0.18594		
10.05		0.18527		
10.1		0.18461		
10.15		0.18395		
10.2		0.1833		
10.25		0.18264		
10.3		0.18199		
10.35		0.18134		
10.4		0.18069		
10.45		0.18005		
10.5		0.17941		
10.55		0.17876		
10.6		0.17812		
10.65		0.17749		
10.7		0.17685		
10.75		0.17622		
10.8		0.17559		
10.85		0.17496		
10.9		0.17433		
10.95		0.17371		
11		0.17309		
11.05		0.17247		
11.1		0.17185		
11.15		0.17123		
11.2		0.17062		
11.25		0.17001		
11.3		0.1694		
11.35		0.16879		
11.4		0.16819		
11.45		0.16759		
11.5		0.16699		
11.55		0.16639		
11.6		0.16579		
11.65		0.1652		
11.7		0.16461		
11.75		0.16402		
11.8		0.16343		
11.85		0.16285		
11.9		0.16226		
11.95		0.16168		
12		0.1611		
12.05		0.16053		
12.1		0.15995		
12.15		0.15938		
12.2		0.15881		
12.25		0.15824		
12.3		0.15768		
12.35		0.15711		
12.4		0.15655		
12.45		0.15599		
12.5		0.15544		
12.55		0.15488		
12.6		0.15433		
12.65		0.15378		
12.7		0.15323		
12.75		0.15268		
12.8		0.15214		
12.85		0.1516		
12.9		0.15106		
12.95		0.15052		
13		0.14998		
13.05		0.14945		
13.1		0.14892		
13.15		0.14839		
13.2		0.14786		
13.25		0.14733		
13.3		0.14681		
13.35		0.14629		
13.4		0.14577		
13.45		0.14525		
13.5		0.14473		
13.55		0.14422		
13.6		0.14371		
13.65		0.1432		
13.7		0.14269		
13.75		0.14219		
13.8		0.14168		
13.85		0.14118		
13.9		0.14068		
13.95		0.14018		
14		0.13969		
14.05		0.13919		
14.1		0.1387		
14.15		0.13821		
14.2		0.13772		
14.25		0.13724		
14.3		0.13675		
14.35		0.13627		
14.4		0.13579		
14.45		0.13531		
14.5		0.13483		
14.55		0.13436		
14.6		0.13388		
14.65		0.13341		
14.7		0.13294		
14.75		0.13248		
14.8		0.13201		
14.85		0.13155		
14.9		0.13108		
14.95		0.13062		
15		0.13017		
15.05		0.12971		
15.1		0.12925		
15.15		0.1288		
15.2		0.12835		
15.25		0.1279		
15.3		0.12745		
15.35		0.127		
15.4		0.12656		
15.45		0.12612		
15.5		0.12568		
15.55		0.12524		
15.6		0.1248		
15.65		0.12436		
15.7		0.12393		
15.75		0.1235		
15.8		0.12307		
15.85		0.12264		
15.9		0.12221		
15.95		0.12178		
16		0.12136		
16.05		0.12093		
16.1		0.12051		
16.15		0.12009		
16.2		0.11968		
16.25		0.11926		
16.3		0.11884		
16.35		0.11843		
16.4		0.11802		
16.45		0.11761		
16.5		0.1172		
16.55		0.11679		
16.6		0.11639		
16.65		0.11598		
16.7		0.11558		
16.75		0.11518		
16.8		0.11478		
16.85		0.11438		
16.9		0.11399		
16.95		0.11359		
17		0.1132		
17.05		0.11281		
17.1		0.11241		
17.15		0.11203		
17.2		0.11164		
17.25		0.11125		
17.3		0.11087		
17.35		0.11048		
17.4		0.1101		
17.45		0.10972		
17.5		0.10934		
17.55		0.10896		
17.6		0.10859		
17.65		0.10821		
17.7		0.10784		
17.75		0.10746		
17.8		0.10709		
17.85		0.10672		
17.9		0.10635		
17.95		0.10599		
18		0.10562		
18.05		0.10526		
18.1		0.10489		
18.15		0.10453		
18.2		0.10417		
18.25		0.10381		
18.3		0.10345		
18.35		0.10309		
18.4		0.10274		
18.45		0.10238		
18.5		0.10203		
18.55		0.10168		
18.6		0.10133		
18.65		0.10098		
18.7		0.10063		
18.75		0.10028		
18.8		0.099936		
18.85		0.099591		
18.9		0.099248		
18.95		0.098905		
19		0.098563		
19.05		0.098223		
19.1		0.097884		
19.15		0.097546		
19.2		0.097209		
19.25		0.096873		
19.3		0.096539		
19.35		0.096205		
19.4		0.095873		
19.45		0.095542		
19.5		0.095211		
19.55		0.094882		
19.6		0.094554		
19.65		0.094227		
19.7		0.093901		
19.75		0.093576		
19.8		0.093253		
19.85		0.09293		
19.9		0.092608		
19.95		0.092287		
20		0.091968		
20.05		0.091649		
20.1		0.091332		
20.15		0.091015		
20.2		0.090699		
20.25		0.090385		
20.3		0.090071		
20.35		0.089758		
20.4		0.089447		
20.45		0.089136		
20.5		0.088826		
20.55		0.088517		
20.6		0.08821		
20.65		0.087903		
20.7		0.087597		
20.75		0.087292		
20.8		0.086988		
20.85		0.086685		
20.9		0.086382		
20.95		0.086081		
21		0.085781		
21.05		0.085481		
21.1		0.085182		
21.15		0.084885		
21.2		0.084588		
21.25		0.084292		
21.3		0.083997		
21.35		0.083703		
21.4		0.083409		
21.45		0.083117		
21.5		0.082825		
21.55		0.082535		
21.6		0.082245		
21.65		0.081956		
21.7		0.081667		
21.75		0.08138		
21.8		0.081093		
21.85		0.080807		
21.9		0.080523		
21.95		0.080238		
22		0.079955		
22.05		0.079672		
22.1		0.079391		
22.15		0.07911		
22.2		0.07883		
22.25		0.07855		
22.3		0.078272		
22.35		0.077994		
22.4		0.077717		
22.45		0.077441		
22.5		0.077165		
22.55		0.07689		
22.6		0.076616		
22.65		0.076343		
22.7		0.07607		
22.75		0.075799		
22.8		0.075528		
22.85		0.075257		
22.9		0.074988		
22.95		0.074719		
23		0.074451		
23.05		0.074183		
23.1		0.073917		
23.15		0.073651		
23.2		0.073385		
23.25		0.073121		
23.3		0.072857		
23.35		0.072594		
23.4		0.072331		
23.45		0.072069		
23.5		0.071808		
23.55		0.071548		
23.6		0.071288		
23.65		0.071029		
23.7		0.070771		
23.75		0.070513		
23.8		0.070256		
23.85		0.069999		
23.9		0.069743		
23.95		0.069488		
24		0.069234		
24.05		0.06898		
24.1		0.068727		
24.15		0.068474		
24.2		0.068222		
24.25		0.067971		
24.3		0.067721		
24.35		0.067471		
24.4		0.067221		
24.45		0.066972		
24.5		0.066724		
24.55		0.066477		
24.6		0.06623		
24.65		0.065984		
24.7		0.065738		
24.75		0.065493		
24.8		0.065248		
24.85		0.065005		
24.9		0.064761		
24.95		0.064519		
25		0.064277		
25.05		0.064035		
25.1		0.063794		
25.15		0.063554		
25.2		0.063314		
25.25		0.063075		
25.3		0.062837		
25.35		0.062599		
25.4		0.062361		
25.45		0.062125		
25.5		0.061889		
25.55		0.061653		
25.6		0.061419		
25.65		0.061184		
25.7		0.060951		
25.75		0.060718		
25.8		0.060485		
25.85		0.060254		
25.9		0.060023		
25.95		0.059792		
26		0.059562		
26.05		0.059333		
26.1		0.059104		
26.15		0.058876		
26.2		0.058648		
26.25		0.058421		
26.3		0.058195		
26.35		0.057969		
26.4		0.057744		
26.45		0.05752		
26.5		0.057296		
26.55		0.057072		
26.6		0.056849		
26.65		0.056627		
26.7		0.056405		
26.75		0.056184		
26.8		0.055964		
26.85		0.055744		
26.9		0.055525		
26.95		0.055306		
27		0.055088		
27.05		0.05487		
27.1		0.054653		
27.15		0.054436		
27.2		0.05422		
27.25		0.054005		
27.3		0.05379		
27.35		0.053576		
27.4		0.053362		
27.45		0.053149		
27.5		0.052937		
27.55		0.052725		
27.6		0.052513		
27.65		0.052302		
27.7		0.052092		
27.75		0.051882		
27.8		0.051673		
27.85		0.051464		
27.9		0.051256		
27.95		0.051048		
28		0.050841		
28.05		0.050635		
28.1		0.050429		
28.15		0.050223		
28.2		0.050019		
28.25		0.049814		
28.3		0.04961		
28.35		0.049407		
28.4		0.049205		
28.45		0.049002		
28.5		0.048801		
28.55		0.0486		
28.6		0.048399		
28.65		0.048199		
28.7		0.048		
28.75		0.047801		
28.8		0.047602		
28.85		0.047404		
28.9		0.047207		
28.95		0.04701		
29		0.046814		
29.05		0.046618		
29.1		0.046423		
29.15		0.046228		
29.2		0.046034		
29.25		0.04584		
29.3		0.045647		
29.35		0.045454		
29.4		0.045262		
29.45		0.04507		
29.5		0.044879		
29.55		0.044689		
29.6		0.044499		
29.65		0.044309		
29.7		0.04412		
29.75		0.043931		
29.8		0.043743		
29.85		0.043556		
29.9		0.043369		
29.95		0.043182		
30		0.042996		
30.05		0.042811		
30.1		0.042626		
30.15		0.042441		
30.2		0.042258		
30.25		0.042074		
30.3		0.041891		
30.35		0.041709		
30.4		0.041527		
30.45		0.041345		
30.5		0.041164		
30.55		0.040984		
30.6		0.040804		
30.65		0.040625		
30.7		0.040446		
30.75		0.040267		
30.8		0.040089		
30.85		0.039912		
30.9		0.039735		
30.95		0.039558		
31		0.039382		
31.05		0.039207		
31.1		0.039032		
31.15		0.038857		
31.2		0.038683		
31.25		0.03851		
31.3		0.038337		
31.35		0.038164		
31.4		0.037992		
31.45		0.037821		
31.5		0.03765		
31.55		0.037479		
31.6		0.037309		
31.65		0.037139		
31.7		0.03697		
31.75		0.036801		
31.8		0.036633		
31.85		0.036466		
31.9		0.036298		
31.95		0.036132		
32		0.035965		
32.05		0.0358		
32.1		0.035634		
32.15		0.035469		
32.2		0.035305		
32.25		0.035141		
32.3		0.034978		
32.35		0.034815		
32.4		0.034652		
32.45		0.03449		
32.5		0.034329		
32.55		0.034168		
32.6		0.034007		
32.65		0.033847		
32.7		0.033687		
32.75		0.033528		
32.8		0.033369		
32.85		0.033211		
32.9		0.033053		
32.95		0.032896		
33		0.032739		
33.05		0.032582		
33.1		0.032426		
33.15		0.032271		
33.2		0.032116		
33.25		0.031961		
33.3		0.031807		
33.35		0.031653		
33.4		0.0315		
33.45		0.031347		
33.5		0.031195		
33.55		0.031043		
33.6		0.030892		
33.65		0.030741		
33.7		0.03059		
33.75		0.03044		
33.8		0.030291		
33.85		0.030141		
33.9		0.029993		
33.95		0.029844		
34		0.029697		
34.05		0.029549		
34.1		0.029402		
34.15		0.029256		
34.2		0.02911		
34.25		0.028964		
34.3		0.028819		
34.35		0.028674		
34.4		0.02853		
34.45		0.028386		
34.5		0.028242		
34.55		0.028099		
34.6		0.027957		
34.65		0.027815		
34.7		0.027673		
34.75		0.027532		
34.8		0.027391		
34.85		0.027251		
34.9		0.027111		
34.95		0.026971		
35		0.026832		
35.05		0.026693		
35.1		0.026555		
35.15		0.026417		
35.2		0.02628		
35.25		0.026143		
35.3		0.026006		
35.35		0.02587		
35.4		0.025735		
35.45		0.025599		
35.5		0.025464		
35.55		0.02533		
35.6		0.025196		
35.65		0.025062		
35.7		0.024929		
35.75		0.024796		
35.8		0.024664		
35.85		0.024532		
35.9		0.0244		
35.95		0.024269		
36		0.024139		
36.05		0.024008		
36.1		0.023878		
36.15		0.023749		
36.2		0.02362		
36.25		0.023491		
36.3		0.023363		
36.35		0.023235		
36.4		0.023109		
36.45		0.022983		
36.5		0.022858		
36.55		0.022733		
36.6		0.02261		
36.65		0.022487		
36.7		0.022364		
36.75		0.022243		
36.8		0.022122		
36.85		0.022002		
36.9		0.021883		
36.95		0.021764		
37		0.021646		
37.05		0.021529		
37.1		0.021413		
37.15		0.021297		
37.2		0.021182		
37.25		0.021067		
37.3		0.020953		
37.35		0.02084		
37.4		0.020727		
37.45		0.020615		
37.5		0.020503		
37.55		0.020393		
37.6		0.020282		
37.65		0.020173		
37.7		0.020063		
37.75		0.019955		
37.8		0.019847		
37.85		0.019739		
37.9		0.019632		
37.95		0.019526		
38		0.01942		
38.05		0.019315		
38.1		0.01921		
38.15		0.019106		
38.2		0.019002		
38.25		0.018899		
38.3		0.018796		
38.35		0.018694		
38.4		0.018592		
38.45		0.01849		
38.5		0.018389		
38.55		0.018289		
38.6		0.018189		
38.65		0.018089		
38.7		0.01799		
38.75		0.017892		
38.8		0.017793		
38.85		0.017696		
38.9		0.017598		
38.95		0.017501		
39		0.017405		
39.05		0.017309		
39.1		0.017213		
39.15		0.017118		
39.2		0.017023		
39.25		0.016928		
39.3		0.016834		
39.35		0.016741		
39.4		0.016647		
39.45		0.016555		
39.5		0.016462		
39.55		0.01637		
39.6		0.016278		
39.65		0.016187		
39.7		0.016096		
39.75		0.016005		
39.8		0.015915		
39.85		0.015825		
39.9		0.015735		
39.95		0.015646		
40		0.015557		
40.05		0.015468		
40.1		0.01538		
40.15		0.015292		
40.2		0.015205		
40.25		0.015118		
40.3		0.015031		
40.35		0.014944		
40.4		0.014858		
40.45		0.014772		
40.5		0.014686		
40.55		0.014601		
40.6		0.014516		
40.65		0.014431		
40.7		0.014347		
40.75		0.014263		
40.8		0.014179		
40.85		0.014096		
40.9		0.014012		
40.95		0.013929		
41		0.013847		
41.05		0.013764		
41.1		0.013682		
41.15		0.013601		
41.2		0.013519		
41.25		0.013438		
41.3		0.013357		
41.35		0.013276		
41.4		0.013196		
41.45		0.013116		
41.5		0.013036		
41.55		0.012956		
41.6		0.012877		
41.65		0.012798		
41.7		0.012719		
41.75		0.01264		
41.8		0.012562		
41.85		0.012484		
41.9		0.012406		
41.95		0.012328		
42		0.012251		
42.05		0.012174		
42.1		0.012097		
42.15		0.01202		
42.2		0.011943		
42.25		0.011867		
42.3		0.011791		
42.35		0.011715		
42.4		0.01164		
42.45		0.011564		
42.5		0.011489		
42.55		0.011414		
42.6		0.011339		
42.65		0.011265		
42.7		0.011191		
42.75		0.011117		
42.8		0.011043		
42.85		0.010969		
42.9		0.010895		
42.95		0.010822		
43		0.010749		
43.05		0.010676		
43.1		0.010604		
43.15		0.010531		
43.2		0.010459		
43.25		0.010387		
43.3		0.010315		
43.35		0.010243		
43.4		0.010171		
43.45		0.0101		
43.5		0.010029		
43.55		0.0099577		
43.6		0.0098869		
43.65		0.0098162		
43.7		0.0097457		
43.75		0.0096754		
43.8		0.0096053		
43.85		0.0095353		
43.9		0.0094655		
43.95		0.0093959		
44		0.0093265		
44.05		0.0092572		
44.1		0.0091881		
44.15		0.0091191		
44.2		0.0090504		
44.25		0.0089817		
44.3		0.0089133		
44.35		0.008845		
44.4		0.0087769		
44.45		0.0087089		
44.5		0.0086411		
44.55		0.0085734		
44.6		0.0085059		
44.65		0.0084386		
44.7		0.0083714		
44.75		0.0083044		
44.8		0.0082375		
44.85		0.0081708		
44.9		0.0081042		
44.95		0.0080378		
45		0.0079715		
45.05		0.0079054		
45.1		0.0078394		
45.15		0.0077736		
45.2		0.0077079		
45.25		0.0076423		
45.3		0.007577		
45.35		0.0075117		
45.4		0.0074466		
45.45		0.0073817		
45.5		0.0073169		
45.55		0.0072522		
45.6		0.0071877		
45.65		0.0071233		
45.7		0.0070591		
45.75		0.006995		
45.8		0.006931		
45.85		0.0068672		
45.9		0.0068036		
45.95		0.00674		
46		0.0066767		
46.05		0.0066134		
46.1		0.0065503		
46.15		0.0064873		
46.2		0.0064245		
46.25		0.0063618		
46.3		0.0062992		
46.35		0.0062368		
46.4		0.0061745		
46.45		0.0061124		
46.5		0.0060504		
46.55		0.0059885		
46.6		0.0059268		
46.65		0.0058652		
46.7		0.0058037		
46.75		0.0057424		
46.8		0.0056812		
46.85		0.0056202		
46.9		0.0055592		
46.95		0.0054985		
47		0.0054378		
47.05		0.0053773		
47.1		0.0053169		
47.15		0.0052567		
47.2		0.0051966		
47.25		0.0051366		
47.3		0.0050768		
47.35		0.005017		
47.4		0.0049575		
47.45		0.004898		
47.5		0.0048387		
47.55		0.0047796		
47.6		0.0047205		
47.65		0.0046616		
47.7		0.0046029		
47.75		0.0045443		
47.8		0.0044858		
47.85		0.0044274		
47.9		0.0043692		
47.95		0.0043111		
48		0.0042531		
48.05		0.0041953		
48.1		0.0041376		
48.15		0.0040801		
48.2		0.0040226		
48.25		0.0039654		
48.3		0.0039082		
48.35		0.0038512		
48.4		0.0037943		
48.45		0.0037376		
48.5		0.0036809		
48.55		0.0036245		
48.6		0.0035681		
48.65		0.0035119		
48.7		0.0034558		
48.75		0.0033999		
48.8		0.0033441		
48.85		0.0032884		
48.9		0.0032329		
48.95		0.0031775		
49		0.0031222		
49.05		0.0030671		
49.1		0.0030121		
49.15		0.0029572		
49.2		0.0029025		
49.25		0.0028479		
49.3		0.0027935		
49.35		0.0027391		
49.4		0.002685		
49.45		0.0026309		
49.5		0.002577		
49.55		0.0025232		
49.6		0.0024696		
49.65		0.0024161		
49.7		0.0023627		
49.75		0.0023095		
49.8		0.0022564		
49.85		0.0022034		
49.9		0.0021506		
49.95		0.0020979		
50		0.0020453		
50.05		0.0019929		
50.1		0.0019406		
50.15		0.0018885		
50.2		0.0018364		
50.25		0.0017846		
50.3		0.0017328		
50.35		0.0016812		
50.4		0.0016297		
50.45		0.0015784		
50.5		0.0015272		
50.55		0.0014761		
50.6		0.0014252		
50.65		0.0013744		
50.7		0.0013237		
50.75		0.0012732		
50.8		0.0012228		
50.85		0.0011726		
50.9		0.0011225		
50.95		0.0010725		
51		0.0010226		
51.05		0.00097292		
51.1		0.00092334		
51.15		0.0008739		
51.2		0.00082459		
51.25		0.00077542		
51.3		0.00072639		
51.35		0.00067748		
51.4		0.00062872		
51.45		0.00058009		
51.5		0.00053159		
51.55		0.00048323		
51.6		0.000435		
51.65		0.0003869		
51.7		0.00033894		
51.75		0.00029112		
51.8		0.00024343		
51.85		0.00019587		
51.9		0.00014845		
51.95		0.00010116		
52		5.4003e-05		
52.05		6.9805e-06		
52.1		-3.9908e-05		
52.15		-8.6664e-05		
52.2		-0.00013329		
52.25		-0.00017978		
52.3		-0.00022613		
52.35		-0.00027236		
52.4		-0.00031845		
52.45		-0.00036441		
52.5		-0.00041023		
52.55		-0.00045593		
52.6		-0.00050149		
52.65		-0.00054692		
52.7		-0.00059222		
52.75		-0.00063739		
52.8		-0.00068242		
52.85		-0.00072733		
52.9		-0.0007721		
52.95		-0.00081675		
53		-0.00086126		
53.05		-0.00090564		
53.1		-0.00094989		
53.15		-0.00099402		
53.2		-0.001038		
53.25		-0.0010819		
53.3		-0.0011256		
53.35		-0.0011692		
53.4		-0.0012127		
53.45		-0.001256		
53.5		-0.0012993		
53.55		-0.0013423		
53.6		-0.0013853		
53.65		-0.0014281		
53.7		-0.0014708		
53.75		-0.0015134		
53.8		-0.0015559		
53.85		-0.0015982		
53.9		-0.0016404		
53.95		-0.0016825		
54		-0.0017244		
54.05		-0.0017662		
54.1		-0.0018079		
54.15		-0.0018495		
54.2		-0.0018909		
54.25		-0.0019322		
54.3		-0.0019734		
54.35		-0.0020145		
54.4		-0.0020554		
54.45		-0.0020963		
54.5		-0.002137		
54.55		-0.0021775		
54.6		-0.002218		
54.65		-0.0022583		
54.7		-0.0022985		
54.75		-0.0023386		
54.8		-0.0023785		
54.85		-0.0024184		
54.9		-0.0024581		
54.95		-0.0024977		
55		-0.0025372		
55.05		-0.0025765		
55.1		-0.0026157		
55.15		-0.0026549		
55.2		-0.0026938		
55.25		-0.0027327		
55.3		-0.0027715		
55.35		-0.0028101		
55.4		-0.0028486		
55.45		-0.002887		
55.5		-0.0029253		
55.55		-0.0029634		
55.6		-0.0030015		
55.65		-0.0030394		
55.7		-0.0030772		
55.75		-0.0031149		
55.8		-0.0031525		
55.85		-0.0031899		
55.9		-0.0032273		
55.95		-0.0032645		
56		-0.0033016		
56.05		-0.0033386		
56.1		-0.0033755		
56.15		-0.0034122		
56.2		-0.0034489		
56.25		-0.0034854		
56.3		-0.0035219		
56.35		-0.0035582		
56.4		-0.0035944		
56.45		-0.0036304		
56.5		-0.0036664		
56.55		-0.0037023		
56.6		-0.003738		
56.65		-0.0037737		
56.7		-0.0038092		
56.75		-0.0038446		
56.8		-0.0038799		
56.85		-0.0039151		
56.9		-0.0039502		
56.95		-0.0039852		
57		-0.00402		
57.05		-0.0040548		
57.1		-0.0040894		
57.15		-0.004124		
57.2		-0.0041584		
57.25		-0.0041927		
57.3		-0.0042269		
57.35		-0.004261		
57.4		-0.004295		
57.45		-0.0043289		
57.5		-0.0043627		
57.55		-0.0043964		
57.6		-0.00443		
57.65		-0.0044635		
57.7		-0.0044968		
57.75		-0.0045301		
57.8		-0.0045633		
57.85		-0.0045963		
57.9		-0.0046293		
57.95		-0.0046621		
58		-0.0046948		
58.05		-0.0047275		
58.1		-0.00476		
58.15		-0.0047925		
58.2		-0.0048248		
58.25		-0.004857		
58.3		-0.0048892		
58.35		-0.0049212		
58.4		-0.0049531		
58.45		-0.0049849		
58.5		-0.0050167		
58.55		-0.0050483		
58.6		-0.0050798		
58.65		-0.0051113		
58.7		-0.0051426		
58.75		-0.0051738		
58.8		-0.005205		
58.85		-0.005236		
58.9		-0.0052669		
58.95		-0.0052978		
59		-0.0053285		
59.05		-0.0053592		
59.1		-0.0053897		
59.15		-0.0054202		
59.2		-0.0054505		
59.25		-0.0054808		
59.3		-0.005511		
59.35		-0.005541		
59.4		-0.005571		
59.45		-0.0056009		
59.5		-0.0056307		
59.55		-0.0056604		
59.6		-0.00569		
59.65		-0.0057195		
59.7		-0.0057489		
59.75		-0.0057782		
59.8		-0.0058075		
59.85		-0.0058366		
59.9		-0.0058656		
59.95		-0.0058946		
60		-0.0059235		
60.05		-0.0059522		
60.1		-0.0059809		
60.15		-0.0060095		
60.2		-0.006038		
60.25		-0.0060664		
60.3		-0.0060947		
60.35		-0.006123		
60.4		-0.0061511		
60.45		-0.0061792		
60.5		-0.0062071		
60.55		-0.006235		
60.6		-0.0062628		
60.65		-0.0062905		
60.7		-0.0063181		
60.75		-0.0063457		
60.8		-0.0063731		
60.85		-0.0064005		
60.9		-0.0064277		
60.95		-0.0064549		
61		-0.006482		
61.05		-0.006509		
61.1		-0.0065359		
61.15		-0.0065628		
61.2		-0.0065895		
61.25		-0.0066162		
61.3		-0.0066428		
61.35		-0.0066693		
61.4		-0.0066957		
61.45		-0.0067221		
61.5		-0.0067483		
61.55		-0.0067745		
61.6		-0.0068006		
61.65		-0.0068266		
61.7		-0.0068525		
61.75		-0.0068784		
61.8		-0.0069041		
61.85		-0.0069298		
61.9		-0.0069554		
61.95		-0.0069809		
62		-0.0070064		
62.05		-0.0070318		
62.1		-0.007057		
62.15		-0.0070822		
62.2		-0.0071074		
62.25		-0.0071324		
62.3		-0.0071574		
62.35		-0.0071822		
62.4		-0.0072071		
62.45		-0.0072318		
62.5		-0.0072564		
62.55		-0.007281		
62.6		-0.0073055		
62.65		-0.0073299		
62.7		-0.0073543		
62.75		-0.0073785		
62.8		-0.0074027		
62.85		-0.0074268		
62.9		-0.0074509		
62.95		-0.0074748		
63		-0.0074987		
63.05		-0.0075225		
63.1		-0.0075463		
63.15		-0.0075699		
63.2		-0.0075935		
63.25		-0.0076171		
63.3		-0.0076405		
63.35		-0.0076639		
63.4		-0.0076872		
63.45		-0.0077104		
63.5		-0.0077335		
63.55		-0.0077566		
63.6		-0.0077796		
63.65		-0.0078025		
63.7		-0.0078254		
63.75		-0.0078482		
63.8		-0.0078709		
63.85		-0.0078935		
63.9		-0.0079161		
63.95		-0.0079386		
64		-0.007961		
64.05		-0.0079834		
64.1		-0.0080057		
64.15		-0.0080279		
64.2		-0.0080501		
64.25		-0.0080722		
64.3		-0.0080942		
64.35		-0.0081161		
64.4		-0.008138		
64.45		-0.0081598		
64.5		-0.0081815		
64.55		-0.0082032		
64.6		-0.0082248		
64.65		-0.0082463		
64.7		-0.0082678		
64.75		-0.0082892		
64.8		-0.0083105		
64.85		-0.0083318		
64.9		-0.008353		
64.95		-0.0083741		
65		-0.0083952		
65.05		-0.0084162		
65.1		-0.0084371		
65.15		-0.008458		
65.2		-0.0084788		
65.25		-0.0084995		
65.3		-0.0085202		
65.35		-0.0085408		
65.4		-0.0085614		
65.45		-0.0085818		
65.5		-0.0086023		
65.55		-0.0086226		
65.6		-0.0086429		
65.65		-0.0086631		
65.7		-0.0086833		
65.75		-0.0087034		
65.8		-0.0087234		
65.85		-0.0087434		
65.9		-0.0087633		
65.95		-0.0087832		
66		-0.0088029		
66.05		-0.0088227		
66.1		-0.0088423		
66.15		-0.0088619		
66.2		-0.0088815		
66.25		-0.008901		
66.3		-0.0089204		
66.35		-0.0089397		
66.4		-0.008959		
66.45		-0.0089783		
66.5		-0.0089974		
66.55		-0.0090166		
66.6		-0.0090356		
66.65		-0.0090546		
66.7		-0.0090736		
66.75		-0.0090924		
66.8		-0.0091113		
66.85		-0.00913		
66.9		-0.0091487		
66.95		-0.0091674		
67		-0.0091859		
67.05		-0.0092045		
67.1		-0.0092229		
67.15		-0.0092414		
67.2		-0.0092597		
67.25		-0.009278		
67.3		-0.0092963		
67.35		-0.0093144		
67.4		-0.0093326		
67.45		-0.0093506		
67.5		-0.0093687		
67.55		-0.0093866		
67.6		-0.0094045		
67.65		-0.0094224		
67.7		-0.0094401		
67.75		-0.0094579		
67.8		-0.0094756		
67.85		-0.0094932		
67.9		-0.0095108		
67.95		-0.0095283		
68		-0.0095457		
68.05		-0.0095631		
68.1		-0.0095805		
68.15		-0.0095978		
68.2		-0.009615		
68.25		-0.0096322		
68.3		-0.0096494		
68.35		-0.0096664		
68.4		-0.0096835		
68.45		-0.0097005		
68.5		-0.0097174		
68.55		-0.0097342		
68.6		-0.0097511		
68.65		-0.0097678		
68.7		-0.0097845		
68.75		-0.0098012		
68.8		-0.0098178		
68.85		-0.0098344		
68.9		-0.0098509		
68.95		-0.0098673		
69		-0.0098837		
69.05		-0.0099001		
69.1		-0.0099164		
69.15		-0.0099327		
69.2		-0.0099489		
69.25		-0.009965		
69.3		-0.0099811		
69.35		-0.0099972		
69.4		-0.010013		
69.45		-0.010029		
69.5		-0.010045		
69.55		-0.010061		
69.6		-0.010077		
69.65		-0.010092		
69.7		-0.010108		
69.75		-0.010124		
69.8		-0.010139		
69.85		-0.010155		
69.9		-0.01017		
69.95		-0.010186		
70		-0.010201		
70.05		-0.010217		
70.1		-0.010232		
70.15		-0.010247		
70.2		-0.010262		
70.25		-0.010278		
70.3		-0.010293		
70.35		-0.010308		
70.4		-0.010323		
70.45		-0.010338		
70.5		-0.010353		
70.55		-0.010368		
70.6		-0.010383		
70.65		-0.010397		
70.7		-0.010412		
70.75		-0.010427		
70.8		-0.010441		
70.85		-0.010456		
70.9		-0.010471		
70.95		-0.010485		
71		-0.0105		
71.05		-0.010514		
71.1		-0.010529		
71.15		-0.010543		
71.2		-0.010557		
71.25		-0.010571		
71.3		-0.010586		
71.35		-0.0106		
71.4		-0.010614		
71.45		-0.010628		
71.5		-0.010642		
71.55		-0.010656		
71.6		-0.01067		
71.65		-0.010684		
71.7		-0.010698		
71.75		-0.010712		
71.8		-0.010725		
71.85		-0.010739		
71.9		-0.010753		
71.95		-0.010766		
72		-0.01078		
72.05		-0.010794		
72.1		-0.010807		
72.15		-0.010821		
72.2		-0.010834		
72.25		-0.010847		
72.3		-0.010861		
72.35		-0.010874		
72.4		-0.010887		
72.45		-0.010901		
72.5		-0.010914		
72.55		-0.010927		
72.6		-0.01094		
72.65		-0.010953		
72.7		-0.010966		
72.75		-0.010979		
72.8		-0.010992		
72.85		-0.011005		
72.9		-0.011018		
72.95		-0.011031		
73		-0.011043		
73.05		-0.011056		
73.1		-0.011069		
73.15		-0.011082		
73.2		-0.011094		
73.25		-0.011107		
73.3		-0.011119		
73.35		-0.011132		
73.4		-0.011144		
73.45		-0.011157		
73.5		-0.011169		
73.55		-0.011181		
73.6		-0.011194		
73.65		-0.011206		
73.7		-0.011218		
73.75		-0.011231		
73.8		-0.011243		
73.85		-0.011255		
73.9		-0.011267		
73.95		-0.011279		
74		-0.011291		
74.05		-0.011303		
74.1		-0.011315		
74.15		-0.011327		
74.2		-0.011339		
74.25		-0.01135		
74.3		-0.011362		
74.35		-0.011374		
74.4		-0.011386		
74.45		-0.011397		
74.5		-0.011409		
74.55		-0.011421		
74.6		-0.011432		
74.65		-0.011444		
74.7		-0.011455		
74.75		-0.011467		
74.8		-0.011478		
74.85		-0.01149		
74.9		-0.011501		
74.95		-0.011512		
75		-0.011523		
75.05		-0.011535		
75.1		-0.011546		
75.15		-0.011557		
75.2		-0.011568		
75.25		-0.011579		
75.3		-0.01159		
75.35		-0.011601		
75.4		-0.011612		
75.45		-0.011623		
75.5		-0.011634		
75.55		-0.011645		
75.6		-0.011656		
75.65		-0.011667		
75.7		-0.011678		
75.75		-0.011689		
75.8		-0.011699		
75.85		-0.01171		
75.9		-0.011721		
75.95		-0.011731		
76		-0.011742		
76.05		-0.011752		
76.1		-0.011763		
76.15		-0.011774		
76.2		-0.011784		
76.25		-0.011794		
76.3		-0.011805		
76.35		-0.011815		
76.4		-0.011826		
76.45		-0.011836		
76.5		-0.011846		
76.55		-0.011856		
76.6		-0.011867		
76.65		-0.011877		
76.7		-0.011887		
76.75		-0.011897		
76.8		-0.011907		
76.85		-0.011917		
76.9		-0.011927		
76.95		-0.011937		
77		-0.011947		
77.05		-0.011957		
77.1		-0.011967		
77.15		-0.011977		
77.2		-0.011987		
77.25		-0.011996		
77.3		-0.012006		
77.35		-0.012016		
77.4		-0.012026		
77.45		-0.012035		
77.5		-0.012045		
77.55		-0.012055		
77.6		-0.012064		
77.65		-0.012074		
77.7		-0.012083		
77.75		-0.012093		
77.8		-0.012102		
77.85		-0.012112		
77.9		-0.012121		
77.95		-0.01213		
78		-0.01214		
78.05		-0.012149		
78.1		-0.012158		
78.15		-0.012168		
78.2		-0.012177		
78.25		-0.012186		
78.3		-0.012195		
78.35		-0.012204		
78.4		-0.012213		
78.45		-0.012223		
78.5		-0.012232		
78.55		-0.012241		
78.6		-0.01225		
78.65		-0.012259		
78.7		-0.012268		
78.75		-0.012276		
78.8		-0.012285		
78.85		-0.012294		
78.9		-0.012303		
78.95		-0.012312		
79		-0.012321		
79.05		-0.012329		
79.1		-0.012338		
79.15		-0.012347		
79.2		-0.012355		
79.25		-0.012364		
79.3		-0.012373		
79.35		-0.012381		
79.4		-0.01239		
79.45		-0.012398		
79.5		-0.012407		
79.55		-0.012415		
79.6		-0.012424		
79.65		-0.012432		
79.7		-0.012441		
79.75		-0.012449		
79.8		-0.012457		
79.85		-0.012466		
79.9		-0.012474		
79.95		-0.012482		
80		-0.01249		
80.05		-0.012499		
80.1		-0.012507		
80.15		-0.012515		
80.2		-0.012523		
80.25		-0.012531		
80.3		-0.012539		
80.35		-0.012547		
80.4		-0.012555		
80.45		-0.012563		
80.5		-0.012571		
80.55		-0.012579		
80.6		-0.012587		
80.65		-0.012595		
80.7		-0.012603		
80.75		-0.012611		
80.8		-0.012619		
80.85		-0.012627		
80.9		-0.012634		
80.95		-0.012642		
81		-0.01265		
81.05		-0.012657		
81.1		-0.012665		
81.15		-0.012673		
81.2		-0.01268		
81.25		-0.012688		
81.3		-0.012696		
81.35		-0.012703		
81.4		-0.012711		
81.45		-0.012718		
81.5		-0.012726		
81.55		-0.012733		
81.6		-0.012741		
81.65		-0.012748		
81.7		-0.012755		
81.75		-0.012763		
81.8		-0.01277		
81.85		-0.012777		
81.9		-0.012785		
81.95		-0.012792		
82		-0.012799		
82.05		-0.012806		
82.1		-0.012814		
82.15		-0.012821		
82.2		-0.012828		
82.25		-0.012835		
82.3		-0.012842		
82.35		-0.012849		
82.4		-0.012856		
82.45		-0.012863		
82.5		-0.01287		
82.55		-0.012877		
82.6		-0.012884		
82.65		-0.012891		
82.7		-0.012898		
82.75		-0.012905		
82.8		-0.012912		
82.85		-0.012919		
82.9		-0.012926		
82.95		-0.012933		
83		-0.012939		
83.05		-0.012946		
83.1		-0.012953		
83.15		-0.01296		
83.2		-0.012966		
83.25		-0.012973		
83.3		-0.01298		
83.35		-0.012986		
83.4		-0.012993		
83.45		-0.012999		
83.5		-0.013006		
83.55		-0.013013		
83.6		-0.013019		
83.65		-0.013026		
83.7		-0.013032		
83.75		-0.013039		
83.8		-0.013045		
83.85		-0.013051		
83.9		-0.013058		
83.95		-0.013064		
84		-0.013071		
84.05		-0.013077		
84.1		-0.013083		
84.15		-0.01309		
84.2		-0.013096		
84.25		-0.013102		
84.3		-0.013108		
84.35		-0.013115		
84.4		-0.013121		
84.45		-0.013127		
84.5		-0.013133		
84.55		-0.013139		
84.6		-0.013145		
84.65		-0.013151		
84.7		-0.013158		
84.75		-0.013164		
84.8		-0.01317		
84.85		-0.013176		
84.9		-0.013182		
84.95		-0.013188		
85		-0.013194		
85.05		-0.0132		
85.1		-0.013205		
85.15		-0.013211		
85.2		-0.013217		
85.25		-0.013223		
85.3		-0.013229		
85.35		-0.013235		
85.4		-0.013241		
85.45		-0.013246		
85.5		-0.013252		
85.55		-0.013258		
85.6		-0.013264		
85.65		-0.013269		
85.7		-0.013275		
85.75		-0.013281		
85.8		-0.013286		
85.85		-0.013292		
85.9		-0.013298		
85.95		-0.013303		
86		-0.013309		
86.05		-0.013314		
86.1		-0.01332		
86.15		-0.013325		
86.2		-0.013331		
86.25		-0.013336		
86.3		-0.013342		
86.35		-0.013347		
86.4		-0.013353		
86.45		-0.013358		
86.5		-0.013363		
86.55		-0.013369		
86.6		-0.013374		
86.65		-0.01338		
86.7		-0.013385		
86.75		-0.01339		
86.8		-0.013395		
86.85		-0.013401		
86.9		-0.013406		
86.95		-0.013411		
87		-0.013416		
87.05		-0.013422		
87.1		-0.013427		
87.15		-0.013432		
87.2		-0.013437		
87.25		-0.013442		
87.3		-0.013447		
87.35		-0.013452		
87.4		-0.013457		
87.45		-0.013463		
87.5		-0.013468		
87.55		-0.013473		
87.6		-0.013478		
87.65		-0.013483		
87.7		-0.013488		
87.75		-0.013493		
87.8		-0.013497		
87.85		-0.013502		
87.9		-0.013507		
87.95		-0.013512		
88		-0.013517		
88.05		-0.013522		
88.1		-0.013527		
88.15		-0.013532		
88.2		-0.013536		
88.25		-0.013541		
88.3		-0.013546		
88.35		-0.013551		
88.4		-0.013555		
88.45		-0.01356		
88.5		-0.013565		
88.55		-0.01357		
88.6		-0.013574		
88.65		-0.013579		
88.7		-0.013583		
88.75		-0.013588		
88.8		-0.013593		
88.85		-0.013597		
88.9		-0.013602		
88.95		-0.013606		
89		-0.013611		
89.05		-0.013616		
89.1		-0.01362		
89.15		-0.013625		
89.2		-0.013629		
89.25		-0.013633		
89.3		-0.013638		
89.35		-0.013642		
89.4		-0.013647		
89.45		-0.013651		
89.5		-0.013656		
89.55		-0.01366		
89.6		-0.013664		
89.65		-0.013669		
89.7		-0.013673		
89.75		-0.013677		
89.8		-0.013682		
89.85		-0.013686		
89.9		-0.01369		
89.95		-0.013694		
90		-0.013699		
90.05		-0.013703		
90.1		-0.013707		
90.15		-0.013711		
90.2		-0.013715		
90.25		-0.01372		
90.3		-0.013724		
90.35		-0.013728		
90.4		-0.013732		
90.45		-0.013736		
90.5		-0.01374		
90.55		-0.013744		
90.6		-0.013748		
90.65		-0.013752		
90.7		-0.013756		
90.75		-0.01376		
90.8		-0.013764		
90.85		-0.013768		
90.9		-0.013772		
90.95		-0.013776		
91		-0.01378		
91.05		-0.013784		
91.1		-0.013788		
91.15		-0.013792		
91.2		-0.013796		
91.25		-0.0138		
91.3		-0.013804		
91.35		-0.013807		
91.4		-0.013811		
91.45		-0.013815		
91.5		-0.013819		
91.55		-0.013823		
91.6		-0.013827		
91.65		-0.01383		
91.7		-0.013834		
91.75		-0.013838		
91.8		-0.013841		
91.85		-0.013845		
91.9		-0.013849		
91.95		-0.013853		
92		-0.013856		
92.05		-0.01386		
92.1		-0.013864		
92.15		-0.013867		
92.2		-0.013871		
92.25		-0.013874		
92.3		-0.013878		
92.35		-0.013882		
92.4		-0.013885		
92.45		-0.013889		
92.5		-0.013892		
92.55		-0.013896		
92.6		-0.013899		
92.65		-0.013903		
92.7		-0.013906		
92.75		-0.01391		
92.8		-0.013913		
92.85		-0.013917		
92.9		-0.01392		
92.95		-0.013923		
93		-0.013927		
93.05		-0.01393		
93.1		-0.013934		
93.15		-0.013937		
93.2		-0.01394		
93.25		-0.013944		
93.3		-0.013947		
93.35		-0.01395		
93.4		-0.013954		
93.45		-0.013957		
93.5		-0.01396		
93.55		-0.013963		
93.6		-0.013967		
93.65		-0.01397		
93.7		-0.013973		
93.75		-0.013976		
93.8		-0.01398		
93.85		-0.013983		
93.9		-0.013986		
93.95		-0.013989		
94		-0.013992		
94.05		-0.013996		
94.1		-0.013999		
94.15		-0.014002		
94.2		-0.014005		
94.25		-0.014008		
94.3		-0.014011		
94.35		-0.014014		
94.4		-0.014017		
94.45		-0.01402		
94.5		-0.014023		
94.55		-0.014026		
94.6		-0.014029		
94.65		-0.014032		
94.7		-0.014035		
94.75		-0.014038		
94.8		-0.014041		
94.85		-0.014044		
94.9		-0.014047		
94.95		-0.01405		
95		-0.014053		
95.05		-0.014056		
95.1		-0.014059		
95.15		-0.014062		
95.2		-0.014065		
95.25		-0.014067		
95.3		-0.01407		
95.35		-0.014073		
95.4		-0.014076		
95.45		-0.014079		
95.5		-0.014082		
95.55		-0.014084		
95.6		-0.014087		
95.65		-0.01409		
95.7		-0.014093		
95.75		-0.014095		
95.8		-0.014098		
95.85		-0.014101		
95.9		-0.014104		
95.95		-0.014106		
96		-0.014109		
96.05		-0.014112		
96.1		-0.014114		
96.15		-0.014117		
96.2		-0.01412		
96.25		-0.014122		
96.3		-0.014125		
96.35		-0.014128		
96.4		-0.01413		
96.45		-0.014133		
96.5		-0.014135		
96.55		-0.014138		
96.6		-0.014141		
96.65		-0.014143		
96.7		-0.014146		
96.75		-0.014148		
96.8		-0.014151		
96.85		-0.014153		
96.9		-0.014156		
96.95		-0.014158		
97		-0.014161		
97.05		-0.014163		
97.1		-0.014166		
97.15		-0.014168		
97.2		-0.014171		
97.25		-0.014173		
97.3		-0.014176		
97.35		-0.014178		
97.4		-0.01418		
97.45		-0.014183		
97.5		-0.014185		
97.55		-0.014187		
97.6		-0.01419		
97.65		-0.014192		
97.7		-0.014195		
97.75		-0.014197		
97.8		-0.014199		
97.85		-0.014201		
97.9		-0.014204		
97.95		-0.014206		
98		-0.014208		
98.05		-0.014211		
98.1		-0.014213		
98.15		-0.014215		
98.2		-0.014217		
98.25		-0.01422		
98.3		-0.014222		
98.35		-0.014224		
98.4		-0.014226		
98.45		-0.014228		
98.5		-0.014231		
98.55		-0.014233		
98.6		-0.014235		
98.65		-0.014237		
98.7		-0.014239		
98.75		-0.014241		
98.8		-0.014244		
98.85		-0.014246		
98.9		-0.014248		
98.95		-0.01425		
99		-0.014252		
99.05		-0.014254		
99.1		-0.014256		
99.15		-0.014258		
99.2		-0.01426		
99.25		-0.014262		
99.3		-0.014264		
99.35		-0.014266		
99.4		-0.014268		
99.45		-0.01427		
99.5		-0.014272		
99.55		-0.014274		
99.6		-0.014276		
99.65		-0.014278		
99.7		-0.01428		
99.75		-0.014282		
99.8		-0.014284		
99.85		-0.014286		
99.9		-0.014288		
99.95		-0.01429		
100		-0.014292		
