t [fm]		Pi [fm^-4]
0.25		0
0.3		-0.064464		
0.35		0.055084		
0.4		0.18793		
0.45		0.28494		
0.5		0.33961		
0.55		0.35921		
0.6		0.35398		
0.65		0.33318		
0.7		0.30395		
0.75		0.27132		
0.8		0.23855		
0.85		0.20757		
0.9		0.17939		
0.95		0.15441		
1		0.13263		
1.05		0.11386		
1.1		0.0978		
1.15		0.08412		
1.2		0.072486		
1.25		0.062592		
1.3		0.054166		
1.35		0.046973		
1.4		0.040815		
1.45		0.035523		
1.5		0.030958		
1.55		0.027003		
1.6		0.023561		
1.65		0.020554		
1.7		0.017914		
1.75		0.015586		
1.8		0.013524		
1.85		0.011689		
1.9		0.010049		
1.95		0.0085762		
2		0.0072477		
2.05		0.0060439		
2.1		0.0049484		
2.15		0.003947		
2.2		0.0030275		
2.25		0.0021798		
2.3		0.0013949		
2.35		0.00066512		
2.4		-1.6005e-05		
2.45		-0.00065418		
2.5		-0.0012543		
2.55		-0.0018207		
2.6		-0.0023569		
2.65		-0.0028663		
2.7		-0.0033516		
2.75		-0.0038153		
2.8		-0.0042595		
2.85		-0.0046861		
2.9		-0.0050966		
2.95		-0.0054926		
3		-0.0058754		
3.05		-0.0062459		
3.1		-0.0066053		
3.15		-0.0069543		
3.2		-0.0072938		
3.25		-0.0076243		
3.3		-0.0079466		
3.35		-0.0082611		
3.4		-0.0085684		
3.45		-0.0088688		
3.5		-0.0091627		
3.55		-0.0094505		
3.6		-0.0097324		
3.65		-0.010009		
3.7		-0.01028		
3.75		-0.010546		
3.8		-0.010807		
3.85		-0.011064		
3.9		-0.011316		
3.95		-0.011563		
4		-0.011807		
4.05		-0.012047		
4.1		-0.012284		
4.15		-0.012517		
4.2		-0.012744		
4.25		-0.012962		
4.3		-0.013175		
4.35		-0.013386		
4.4		-0.013595		
4.45		-0.013801		
4.5		-0.014004		
4.55		-0.014205		
4.6		-0.014402		
4.65		-0.014597		
4.7		-0.014789		
4.75		-0.014977		
4.8		-0.015163		
4.85		-0.015345		
4.9		-0.015525		
4.95		-0.015702		
5		-0.015876		
5.05		-0.016047		
5.1		-0.016215		
5.15		-0.016381		
5.2		-0.016544		
5.25		-0.016704		
5.3		-0.016862		
5.35		-0.017017		
5.4		-0.017169		
5.45		-0.017319		
5.5		-0.017466		
5.55		-0.017611		
5.6		-0.017753		
5.65		-0.017893		
5.7		-0.018031		
5.75		-0.018166		
5.8		-0.018299		
5.85		-0.018429		
5.9		-0.018558		
5.95		-0.018684		
6		-0.018808		
6.05		-0.01893		
6.1		-0.019049		
6.15		-0.019167		
6.2		-0.019283		
6.25		-0.019396		
6.3		-0.019508		
6.35		-0.019617		
6.4		-0.019725		
6.45		-0.01983		
6.5		-0.019934		
6.55		-0.020036		
6.6		-0.020136		
6.65		-0.020234		
6.7		-0.02033		
6.75		-0.020425		
6.8		-0.020518		
6.85		-0.020609		
6.9		-0.020698		
6.95		-0.020786		
7		-0.020872		
7.05		-0.020956		
7.1		-0.021039		
7.15		-0.02112		
7.2		-0.0212		
7.25		-0.021278		
7.3		-0.021355		
7.35		-0.02143		
7.4		-0.021503		
7.45		-0.021576		
7.5		-0.021646		
7.55		-0.021716		
7.6		-0.021783		
7.65		-0.02185		
7.7		-0.021915		
7.75		-0.021979		
7.8		-0.022042		
7.85		-0.022103		
7.9		-0.022163		
7.95		-0.022221		
8		-0.022279		
8.05		-0.022335		
8.1		-0.02239		
8.15		-0.022444		
8.2		-0.022496		
8.25		-0.022548		
8.3		-0.022598		
8.35		-0.022647		
8.4		-0.022696		
8.45		-0.022743		
8.5		-0.022788		
8.55		-0.022833		
8.6		-0.022877		
8.65		-0.02292		
8.7		-0.022962		
8.75		-0.023002		
8.8		-0.023042		
8.85		-0.023081		
8.9		-0.023119		
8.95		-0.023155		
9		-0.023191		
9.05		-0.023226		
9.1		-0.02326		
9.15		-0.023294		
9.2		-0.023326		
9.25		-0.023357		
9.3		-0.023388		
9.35		-0.023418		
9.4		-0.023447		
9.45		-0.023475		
9.5		-0.023502		
9.55		-0.023529		
9.6		-0.023554		
9.65		-0.023579		
9.7		-0.023603		
9.75		-0.023627		
9.8		-0.023649		
9.85		-0.023671		
9.9		-0.023693		
9.95		-0.023713		
10		-0.023733		
10.05		-0.023752		
10.1		-0.023771		
10.15		-0.023789		
10.2		-0.023806		
10.25		-0.023822		
10.3		-0.023838		
10.35		-0.023853		
10.4		-0.023868		
10.45		-0.023882		
10.5		-0.023896		
10.55		-0.023908		
10.6		-0.023921		
10.65		-0.023932		
10.7		-0.023944		
10.75		-0.023954		
10.8		-0.023964		
10.85		-0.023974		
10.9		-0.023983		
10.95		-0.023991		
11		-0.023999		
11.05		-0.024007		
11.1		-0.024014		
11.15		-0.02402		
11.2		-0.024026		
11.25		-0.024032		
11.3		-0.024037		
11.35		-0.024041		
11.4		-0.024045		
11.45		-0.024049		
11.5		-0.024053		
11.55		-0.024056		
11.6		-0.024058		
11.65		-0.02406		
11.7		-0.024062		
11.75		-0.024063		
11.8		-0.024064		
11.85		-0.024065		
11.9		-0.024065		
11.95		-0.024065		
12		-0.024064		
12.05		-0.024063		
12.1		-0.024062		
12.15		-0.024061		
12.2		-0.024059		
12.25		-0.024057		
12.3		-0.024054		
12.35		-0.024051		
12.4		-0.024048		
12.45		-0.024045		
12.5		-0.024041		
12.55		-0.024037		
12.6		-0.024033		
12.65		-0.024028		
12.7		-0.024023		
12.75		-0.024018		
12.8		-0.024013		
12.85		-0.024007		
12.9		-0.024001		
12.95		-0.023995		
13		-0.023989		
13.05		-0.023982		
13.1		-0.023975		
13.15		-0.023968		
13.2		-0.023961		
13.25		-0.023953		
13.3		-0.023946		
13.35		-0.023938		
13.4		-0.02393		
13.45		-0.023922		
13.5		-0.023913		
13.55		-0.023904		
13.6		-0.023896		
13.65		-0.023887		
13.7		-0.023877		
13.75		-0.023868		
13.8		-0.023859		
13.85		-0.023849		
13.9		-0.023839		
13.95		-0.023829		
14		-0.023819		
14.05		-0.023809		
14.1		-0.023799		
14.15		-0.023788		
14.2		-0.023778		
14.25		-0.023767		
14.3		-0.023756		
14.35		-0.023745		
14.4		-0.023734		
14.45		-0.023723		
14.5		-0.023712		
14.55		-0.0237		
14.6		-0.023689		
14.65		-0.023677		
14.7		-0.023666		
14.75		-0.023654		
14.8		-0.023642		
14.85		-0.02363		
14.9		-0.023619		
14.95		-0.023607		
15		-0.023595		
15.05		-0.023582		
15.1		-0.02357		
15.15		-0.023558		
15.2		-0.023546		
15.25		-0.023533		
15.3		-0.023521		
15.35		-0.023509		
15.4		-0.023496		
15.45		-0.023484		
15.5		-0.023471		
15.55		-0.023459		
15.6		-0.023446		
15.65		-0.023433		
15.7		-0.023421		
15.75		-0.023408		
15.8		-0.023395		
15.85		-0.023383		
15.9		-0.02337		
15.95		-0.023357		
16		-0.023345		
16.05		-0.023332		
16.1		-0.023319		
16.15		-0.023307		
16.2		-0.023294		
16.25		-0.023281		
16.3		-0.023269		
16.35		-0.023256		
16.4		-0.023243		
16.45		-0.023231		
16.5		-0.023218		
16.55		-0.023206		
16.6		-0.023193		
16.65		-0.023181		
16.7		-0.023168		
16.75		-0.023156		
16.8		-0.023143		
16.85		-0.023131		
16.9		-0.023119		
16.95		-0.023106		
17		-0.023094		
17.05		-0.023082		
17.1		-0.02307		
17.15		-0.023058		
17.2		-0.023046		
17.25		-0.023034		
17.3		-0.023022		
17.35		-0.02301		
17.4		-0.022998		
17.45		-0.022986		
17.5		-0.022975		
17.55		-0.022963		
17.6		-0.022952		
17.65		-0.02294		
17.7		-0.022929		
17.75		-0.022917		
17.8		-0.022906		
17.85		-0.022895		
17.9		-0.022884		
17.95		-0.022873		
18		-0.022862		
18.05		-0.022851		
18.1		-0.02284		
18.15		-0.02283		
18.2		-0.022819		
18.25		-0.022809		
18.3		-0.022798		
18.35		-0.022788		
18.4		-0.022778		
18.45		-0.022768		
18.5		-0.022758		
18.55		-0.022748		
18.6		-0.022738		
18.65		-0.022728		
18.7		-0.022719		
18.75		-0.022709		
18.8		-0.0227		
18.85		-0.022691		
18.9		-0.022681		
18.95		-0.022672		
19		-0.022663		
19.05		-0.022655		
19.1		-0.022646		
19.15		-0.022637		
19.2		-0.022629		
19.25		-0.02262		
19.3		-0.022612		
19.35		-0.022604		
19.4		-0.022596		
19.45		-0.022588		
19.5		-0.02258		
19.55		-0.022572		
19.6		-0.022565		
19.65		-0.022557		
19.7		-0.02255		
19.75		-0.022543		
19.8		-0.022536		
19.85		-0.022529		
19.9		-0.022522		
19.95		-0.022515		
20		-0.022509		
20.05		-0.022502		
20.1		-0.022496		
20.15		-0.02249		
20.2		-0.022484		
20.25		-0.022478		
20.3		-0.022472		
20.35		-0.022467		
20.4		-0.022461		
20.45		-0.022456		
20.5		-0.02245		
20.55		-0.022445		
20.6		-0.02244		
20.65		-0.022436		
20.7		-0.022431		
20.75		-0.022426		
20.8		-0.022422		
20.85		-0.022418		
20.9		-0.022413		
20.95		-0.022409		
21		-0.022405		
21.05		-0.022402		
21.1		-0.022398		
21.15		-0.022395		
21.2		-0.022391		
21.25		-0.022388		
21.3		-0.022385		
21.35		-0.022382		
21.4		-0.022379		
21.45		-0.022376		
21.5		-0.022374		
21.55		-0.022372		
21.6		-0.022369		
21.65		-0.022367		
21.7		-0.022365		
21.75		-0.022363		
21.8		-0.022362		
21.85		-0.02236		
21.9		-0.022359		
21.95		-0.022357		
22		-0.022356		
22.05		-0.022355		
22.1		-0.022354		
22.15		-0.022353		
22.2		-0.022353		
22.25		-0.022352		
22.3		-0.022352		
22.35		-0.022352		
22.4		-0.022352		
22.45		-0.022352		
22.5		-0.022352		
22.55		-0.022352		
22.6		-0.022352		
22.65		-0.022353		
22.7		-0.022354		
22.75		-0.022355		
22.8		-0.022356		
22.85		-0.022357		
22.9		-0.022358		
22.95		-0.022359		
23		-0.022361		
23.05		-0.022362		
23.1		-0.022364		
23.15		-0.022366		
23.2		-0.022368		
23.25		-0.02237		
23.3		-0.022372		
23.35		-0.022374		
23.4		-0.022377		
23.45		-0.022379		
23.5		-0.022382		
23.55		-0.022385		
23.6		-0.022388		
23.65		-0.022391		
23.7		-0.022394		
23.75		-0.022397		
23.8		-0.022401		
23.85		-0.022404		
23.9		-0.022408		
23.95		-0.022412		
24		-0.022416		
24.05		-0.02242		
24.1		-0.022424		
24.15		-0.022428		
24.2		-0.022432		
24.25		-0.022437		
24.3		-0.022441		
24.35		-0.022446		
24.4		-0.022451		
24.45		-0.022455		
24.5		-0.02246		
24.55		-0.022465		
24.6		-0.022471		
24.65		-0.022476		
24.7		-0.022481		
24.75		-0.022487		
24.8		-0.022492		
24.85		-0.022498		
24.9		-0.022504		
24.95		-0.022509		
25		-0.022515		
25.05		-0.022521		
25.1		-0.022528		
25.15		-0.022534		
25.2		-0.022541		
25.25		-0.022547		
25.3		-0.022554		
25.35		-0.02256		
25.4		-0.022566		
25.45		-0.022571		
25.5		-0.022575		
25.55		-0.02258		
25.6		-0.022584		
25.65		-0.022587		
25.7		-0.02259		
25.75		-0.022593		
25.8		-0.022595		
25.85		-0.022597		
25.9		-0.022598		
25.95		-0.022599		
26		-0.0226		
26.05		-0.0226		
26.1		-0.0226		
26.15		-0.0226		
26.2		-0.022599		
26.25		-0.022598		
26.3		-0.022596		
26.35		-0.022594		
26.4		-0.022592		
26.45		-0.022589		
26.5		-0.022586		
26.55		-0.022583		
26.6		-0.022579		
26.65		-0.022575		
26.7		-0.022571		
26.75		-0.022566		
26.8		-0.022561		
26.85		-0.022556		
26.9		-0.02255		
26.95		-0.022544		
27		-0.022538		
27.05		-0.022531		
27.1		-0.022524		
27.15		-0.022517		
27.2		-0.022509		
27.25		-0.022502		
27.3		-0.022493		
27.35		-0.022485		
27.4		-0.022476		
27.45		-0.022467		
27.5		-0.022458		
27.55		-0.022448		
27.6		-0.022439		
27.65		-0.022428		
27.7		-0.022418		
27.75		-0.022407		
27.8		-0.022396		
27.85		-0.022385		
27.9		-0.022374		
27.95		-0.022362		
28		-0.02235		
28.05		-0.022338		
28.1		-0.022325		
28.15		-0.022313		
28.2		-0.0223		
28.25		-0.022287		
28.3		-0.022273		
28.35		-0.02226		
28.4		-0.022246		
28.45		-0.022231		
28.5		-0.022217		
28.55		-0.022203		
28.6		-0.022188		
28.65		-0.022173		
28.7		-0.022157		
28.75		-0.022142		
28.8		-0.022126		
28.85		-0.02211		
28.9		-0.022094		
28.95		-0.022078		
29		-0.022062		
29.05		-0.022045		
29.1		-0.022028		
29.15		-0.022011		
29.2		-0.021994		
29.25		-0.021976		
29.3		-0.021958		
29.35		-0.021941		
29.4		-0.021922		
29.45		-0.021904		
29.5		-0.021886		
29.55		-0.021867		
29.6		-0.021848		
29.65		-0.021829		
29.7		-0.02181		
29.75		-0.021791		
29.8		-0.021772		
29.85		-0.021752		
29.9		-0.021732		
29.95		-0.021712		
30		-0.021692		
30.05		-0.021672		
30.1		-0.021651		
30.15		-0.021631		
30.2		-0.02161		
30.25		-0.021589		
30.3		-0.021568		
30.35		-0.021547		
30.4		-0.021526		
30.45		-0.021504		
30.5		-0.021483		
30.55		-0.021461		
30.6		-0.021439		
30.65		-0.021417		
30.7		-0.021395		
30.75		-0.021372		
30.8		-0.02135		
30.85		-0.021327		
30.9		-0.021305		
30.95		-0.021282		
31		-0.021259		
31.05		-0.021236		
31.1		-0.021213		
31.15		-0.021189		
31.2		-0.021166		
31.25		-0.021142		
31.3		-0.021119		
31.35		-0.021095		
31.4		-0.021071		
31.45		-0.021047		
31.5		-0.021023		
31.55		-0.020999		
31.6		-0.020974		
31.65		-0.02095		
31.7		-0.020926		
31.75		-0.020901		
31.8		-0.020876		
31.85		-0.020851		
31.9		-0.020826		
31.95		-0.020801		
32		-0.020776		
32.05		-0.020751		
32.1		-0.020726		
32.15		-0.0207		
32.2		-0.020675		
32.25		-0.020649		
32.3		-0.020624		
32.35		-0.020598		
32.4		-0.020572		
32.45		-0.020546		
32.5		-0.02052		
32.55		-0.020494		
32.6		-0.020468		
32.65		-0.020442		
32.7		-0.020416		
32.75		-0.020389		
32.8		-0.020363		
32.85		-0.020336		
32.9		-0.02031		
32.95		-0.020283		
33		-0.020256		
33.05		-0.02023		
33.1		-0.020203		
33.15		-0.020176		
33.2		-0.020149		
33.25		-0.020122		
33.3		-0.020095		
33.35		-0.020068		
33.4		-0.02004		
33.45		-0.020013		
33.5		-0.019986		
33.55		-0.019958		
33.6		-0.019931		
33.65		-0.019903		
33.7		-0.019876		
33.75		-0.019848		
33.8		-0.019821		
33.85		-0.019793		
33.9		-0.019765		
33.95		-0.019737		
34		-0.019709		
34.05		-0.019681		
34.1		-0.019653		
34.15		-0.019626		
34.2		-0.019597		
34.25		-0.019569		
34.3		-0.019541		
34.35		-0.019513		
34.4		-0.019485		
34.45		-0.019457		
34.5		-0.019428		
34.55		-0.0194		
34.6		-0.019372		
34.65		-0.019343		
34.7		-0.019315		
34.75		-0.019286		
34.8		-0.019258		
34.85		-0.019229		
34.9		-0.019201		
34.95		-0.019172		
35		-0.019144		
35.05		-0.019115		
35.1		-0.019086		
35.15		-0.019058		
35.2		-0.019029		
35.25		-0.019		
35.3		-0.018971		
35.35		-0.018943		
35.4		-0.018914		
35.45		-0.018885		
35.5		-0.018856		
35.55		-0.018827		
35.6		-0.018798		
35.65		-0.018769		
35.7		-0.018741		
35.75		-0.018712		
35.8		-0.018683		
35.85		-0.018654		
35.9		-0.018625		
35.95		-0.018596		
36		-0.018567		
36.05		-0.018538		
36.1		-0.018508		
36.15		-0.018479		
36.2		-0.01845		
36.25		-0.018421		
36.3		-0.018392		
36.35		-0.01836		
36.4		-0.018326		
36.45		-0.01829		
36.5		-0.018251		
36.55		-0.018209		
36.6		-0.018166		
36.65		-0.01812		
36.7		-0.018073		
36.75		-0.018023		
36.8		-0.017971		
36.85		-0.017917		
36.9		-0.017861		
36.95		-0.017804		
37		-0.017744		
37.05		-0.017683		
37.1		-0.01762		
37.15		-0.017556		
37.2		-0.01749		
37.25		-0.017423		
37.3		-0.017354		
37.35		-0.017284		
37.4		-0.017213		
37.45		-0.01714		
37.5		-0.017066		
37.55		-0.016992		
37.6		-0.016916		
37.65		-0.016839		
37.7		-0.016761		
37.75		-0.016682		
37.8		-0.016603		
37.85		-0.016522		
37.9		-0.016441		
37.95		-0.01636		
38		-0.016277		
38.05		-0.016194		
38.1		-0.01611		
38.15		-0.016026		
38.2		-0.015941		
38.25		-0.015856		
38.3		-0.01577		
38.35		-0.015684		
38.4		-0.015597		
38.45		-0.01551		
38.5		-0.015423		
38.55		-0.015335		
38.6		-0.015247		
38.65		-0.015159		
38.7		-0.015071		
38.75		-0.014982		
38.8		-0.014893		
38.85		-0.014804		
38.9		-0.014715		
38.95		-0.014626		
39		-0.014536		
39.05		-0.014447		
39.1		-0.014357		
39.15		-0.014268		
39.2		-0.014178		
39.25		-0.014088		
39.3		-0.013999		
39.35		-0.013909		
39.4		-0.013819		
39.45		-0.01373		
39.5		-0.01364		
39.55		-0.013551		
39.6		-0.013461		
39.65		-0.013372		
39.7		-0.013283		
39.75		-0.013193		
39.8		-0.013104		
39.85		-0.013015		
39.9		-0.012927		
39.95		-0.012838		
40		-0.012749		
40.05		-0.012661		
40.1		-0.012573		
40.15		-0.012485		
40.2		-0.012397		
40.25		-0.01231		
40.3		-0.012223		
40.35		-0.012135		
40.4		-0.012049		
40.45		-0.011962		
40.5		-0.011876		
40.55		-0.011789		
40.6		-0.011704		
40.65		-0.011618		
40.7		-0.011533		
40.75		-0.011448		
40.8		-0.011363		
40.85		-0.011279		
40.9		-0.011194		
40.95		-0.011111		
41		-0.011027		
41.05		-0.010944		
41.1		-0.010861		
41.15		-0.010778		
41.2		-0.010696		
41.25		-0.010614		
41.3		-0.010533		
41.35		-0.010452		
41.4		-0.010371		
41.45		-0.01029		
41.5		-0.01021		
41.55		-0.01013		
41.6		-0.010051		
41.65		-0.0099722		
41.7		-0.0098936		
41.75		-0.0098154		
41.8		-0.0097375		
41.85		-0.0096601		
41.9		-0.0095831		
41.95		-0.0095065		
42		-0.0094303		
42.05		-0.0093545		
42.1		-0.0092791		
42.15		-0.0092041		
42.2		-0.0091295		
42.25		-0.0090554		
42.3		-0.0089816		
42.35		-0.0089083		
42.4		-0.0088354		
42.45		-0.008763		
42.5		-0.008691		
42.55		-0.0086194		
42.6		-0.0085483		
42.65		-0.0084776		
42.7		-0.0084073		
42.75		-0.0083375		
42.8		-0.0082681		
42.85		-0.0081992		
42.9		-0.0081307		
42.95		-0.0080626		
43		-0.0079951		
43.05		-0.0079279		
43.1		-0.0078612		
43.15		-0.007795		
43.2		-0.0077292		
43.25		-0.0076639		
43.3		-0.0075991		
43.35		-0.0075347		
43.4		-0.0074707		
43.45		-0.0074072		
43.5		-0.0073442		
43.55		-0.0072816		
43.6		-0.0072195		
43.65		-0.0071578		
43.7		-0.0070966		
43.75		-0.0070359		
43.8		-0.0069756		
43.85		-0.0069158		
43.9		-0.0068565		
43.95		-0.0067976		
44		-0.0067391		
44.05		-0.0066812		
44.1		-0.0066236		
44.15		-0.0065666		
44.2		-0.00651		
44.25		-0.0064538		
44.3		-0.0063981		
44.35		-0.0063429		
44.4		-0.0062881		
44.45		-0.0062338		
44.5		-0.0061799		
44.55		-0.0061265		
44.6		-0.0060735		
44.65		-0.006021		
44.7		-0.0059689		
44.75		-0.0059173		
44.8		-0.0058661		
44.85		-0.0058153		
44.9		-0.005765		
44.95		-0.0057152		
45		-0.0056658		
45.05		-0.0056168		
45.1		-0.0055682		
45.15		-0.0055201		
45.2		-0.0054724		
45.25		-0.0054252		
45.3		-0.0053784		
45.35		-0.005332		
45.4		-0.005286		
45.45		-0.0052405		
45.5		-0.0051954		
45.55		-0.0051507		
45.6		-0.0051064		
45.65		-0.0050625		
45.7		-0.0050191		
45.75		-0.004976		
45.8		-0.0049334		
45.85		-0.0048912		
45.9		-0.0048493		
45.95		-0.0048079		
46		-0.0047669		
46.05		-0.0047263		
46.1		-0.0046861		
46.15		-0.0046462		
46.2		-0.0046068		
46.25		-0.0045677		
46.3		-0.0045291		
46.35		-0.0044908		
46.4		-0.0044529		
46.45		-0.0044153		
46.5		-0.0043782		
46.55		-0.0043414		
46.6		-0.004305		
46.65		-0.0042689		
46.7		-0.0042333		
46.75		-0.004198		
46.8		-0.004163		
46.85		-0.0041284		
46.9		-0.0040942		
46.95		-0.0040603		
47		-0.0040267		
47.05		-0.0039935		
47.1		-0.0039607		
47.15		-0.0039282		
47.2		-0.003896		
47.25		-0.0038641		
47.3		-0.0038326		
47.35		-0.0038015		
47.4		-0.0037706		
47.45		-0.0037401		
47.5		-0.0037099		
47.55		-0.00368		
47.6		-0.0036504		
47.65		-0.0036212		
47.7		-0.0035922		
47.75		-0.0035636		
47.8		-0.0035353		
47.85		-0.0035072		
47.9		-0.0034795		
47.95		-0.0034521		
48		-0.0034249		
48.05		-0.0033981		
48.1		-0.0033715		
48.15		-0.0033452		
48.2		-0.0033192		
48.25		-0.0032935		
48.3		-0.0032681		
48.35		-0.0032429		
48.4		-0.0032181		
48.45		-0.0031934		
48.5		-0.0031691		
48.55		-0.003145		
48.6		-0.0031212		
48.65		-0.0030976		
48.7		-0.0030743		
48.75		-0.0030513		
48.8		-0.0030285		
48.85		-0.0030059		
48.9		-0.0029836		
48.95		-0.0029615		
49		-0.0029397		
49.05		-0.0029181		
49.1		-0.0028968		
49.15		-0.0028756		
49.2		-0.0028548		
49.25		-0.0028341		
49.3		-0.0028137		
49.35		-0.0027934		
49.4		-0.0027735		
49.45		-0.0027537		
49.5		-0.0027341		
49.55		-0.0027148		
49.6		-0.0026957		
49.65		-0.0026767		
49.7		-0.002658		
49.75		-0.0026395		
49.8		-0.0026212		
49.85		-0.0026031		
49.9		-0.0025852		
49.95		-0.0025675		
50		-0.0025499		
50.05		-0.0025326		
50.1		-0.0025155		
50.15		-0.0024985		
50.2		-0.0024817		
50.25		-0.0024651		
50.3		-0.0024487		
50.35		-0.0024325		
50.4		-0.0024164		
50.45		-0.0024005		
50.5		-0.0023848		
50.55		-0.0023693		
50.6		-0.0023539		
50.65		-0.0023387		
50.7		-0.0023236		
50.75		-0.0023087		
50.8		-0.002294		
50.85		-0.0022794		
50.9		-0.002265		
50.95		-0.0022508		
51		-0.0022366		
51.05		-0.0022227		
51.1		-0.0022089		
51.15		-0.0021952		
51.2		-0.0021817		
51.25		-0.0021683		
51.3		-0.0021551		
51.35		-0.002142		
51.4		-0.002129		
51.45		-0.0021162		
51.5		-0.0021035		
51.55		-0.0020909		
51.6		-0.0020785		
51.65		-0.0020662		
51.7		-0.002054		
51.75		-0.002042		
51.8		-0.0020301		
51.85		-0.0020183		
51.9		-0.0020066		
51.95		-0.001995		
52		-0.0019836		
52.05		-0.0019723		
52.1		-0.0019611		
52.15		-0.00195		
52.2		-0.001939		
52.25		-0.0019282		
52.3		-0.0019174		
52.35		-0.0019068		
52.4		-0.0018962		
52.45		-0.0018858		
52.5		-0.0018754		
52.55		-0.0018652		
52.6		-0.0018551		
52.65		-0.0018451		
52.7		-0.0018351		
52.75		-0.0018253		
52.8		-0.0018156		
52.85		-0.001806		
52.9		-0.0017964		
52.95		-0.001787		
53		-0.0017776		
53.05		-0.0017683		
53.1		-0.0017592		
53.15		-0.0017501		
53.2		-0.0017411		
53.25		-0.0017322		
53.3		-0.0017233		
53.35		-0.0017146		
53.4		-0.0017059		
53.45		-0.0016974		
53.5		-0.0016889		
53.55		-0.0016805		
53.6		-0.0016721		
53.65		-0.0016639		
53.7		-0.0016557		
53.75		-0.0016476		
53.8		-0.0016395		
53.85		-0.0016316		
53.9		-0.0016237		
53.95		-0.0016159		
54		-0.0016081		
54.05		-0.0016005		
54.1		-0.0015929		
54.15		-0.0015854		
54.2		-0.0015779		
54.25		-0.0015705		
54.3		-0.0015632		
54.35		-0.0015559		
54.4		-0.0015487		
54.45		-0.0015416		
54.5		-0.0015345		
54.55		-0.0015275		
54.6		-0.0015205		
54.65		-0.0015137		
54.7		-0.0015068		
54.75		-0.0015001		
54.8		-0.0014934		
54.85		-0.0014867		
54.9		-0.0014801		
54.95		-0.0014736		
55		-0.0014671		
55.05		-0.0014607		
55.1		-0.0014543		
55.15		-0.001448		
55.2		-0.0014417		
55.25		-0.0014355		
55.3		-0.0014294		
55.35		-0.0014233		
55.4		-0.0014172		
55.45		-0.0014112		
55.5		-0.0014052		
55.55		-0.0013993		
55.6		-0.0013935		
55.65		-0.0013877		
55.7		-0.0013819		
55.75		-0.0013762		
55.8		-0.0013705		
55.85		-0.0013649		
55.9		-0.0013593		
55.95		-0.0013538		
56		-0.0013483		
56.05		-0.0013428		
56.1		-0.0013374		
56.15		-0.0013321		
56.2		-0.0013268		
56.25		-0.0013215		
56.3		-0.0013162		
56.35		-0.001311		
56.4		-0.0013059		
56.45		-0.0013008		
56.5		-0.0012957		
56.55		-0.0012907		
56.6		-0.0012857		
56.65		-0.0012807		
56.7		-0.0012758		
56.75		-0.0012709		
56.8		-0.001266		
56.85		-0.0012612		
56.9		-0.0012565		
56.95		-0.0012517		
57		-0.001247		
57.05		-0.0012423		
57.1		-0.0012377		
57.15		-0.0012331		
57.2		-0.0012285		
57.25		-0.001224		
57.3		-0.0012195		
57.35		-0.001215		
57.4		-0.0012106		
57.45		-0.0012062		
57.5		-0.0012018		
57.55		-0.0011975		
57.6		-0.0011931		
57.65		-0.0011889		
57.7		-0.0011846		
57.75		-0.0011804		
57.8		-0.0011762		
57.85		-0.001172		
57.9		-0.0011679		
57.95		-0.0011638		
58		-0.0011597		
58.05		-0.0011557		
58.1		-0.0011517		
58.15		-0.0011477		
58.2		-0.0011437		
58.25		-0.0011398		
58.3		-0.0011359		
58.35		-0.001132		
58.4		-0.0011281		
58.45		-0.0011243		
58.5		-0.0011205		
58.55		-0.0011167		
58.6		-0.0011129		
58.65		-0.0011092		
58.7		-0.0011055		
58.75		-0.0011018		
58.8		-0.0010982		
58.85		-0.0010945		
58.9		-0.0010909		
58.95		-0.0010873		
59		-0.0010838		
59.05		-0.0010802		
59.1		-0.0010767		
59.15		-0.0010732		
59.2		-0.0010697		
59.25		-0.0010663		
59.3		-0.0010629		
59.35		-0.0010594		
59.4		-0.0010561		
59.45		-0.0010527		
59.5		-0.0010494		
59.55		-0.001046		
59.6		-0.0010427		
59.65		-0.0010394		
59.7		-0.0010362		
59.75		-0.0010329		
59.8		-0.0010297		
59.85		-0.0010265		
59.9		-0.0010233		
59.95		-0.0010202		
60		-0.001017		
60.05		-0.0010139		
60.1		-0.0010108		
60.15		-0.0010077		
60.2		-0.0010047		
60.25		-0.0010016		
60.3		-0.00099858		
60.35		-0.00099557		
60.4		-0.00099257		
60.45		-0.0009896		
60.5		-0.00098664		
60.55		-0.0009837		
60.6		-0.00098077		
60.65		-0.00097787		
60.7		-0.00097497		
60.75		-0.0009721		
60.8		-0.00096924		
60.85		-0.0009664		
60.9		-0.00096358		
60.95		-0.00096077		
61		-0.00095798		
61.05		-0.00095521		
61.1		-0.00095245		
61.15		-0.0009497		
61.2		-0.00094698		
61.25		-0.00094426		
61.3		-0.00094156		
61.35		-0.00093888		
61.4		-0.00093622		
61.45		-0.00093356		
61.5		-0.00093093		
61.55		-0.0009283		
61.6		-0.00092569		
61.65		-0.0009231		
61.7		-0.00092052		
61.75		-0.00091796		
61.8		-0.0009154		
61.85		-0.00091287		
61.9		-0.00091034		
61.95		-0.00090783		
62		-0.00090534		
62.05		-0.00090285		
62.1		-0.00090039		
62.15		-0.00089793		
62.2		-0.00089549		
62.25		-0.00089306		
62.3		-0.00089064		
62.35		-0.00088824		
62.4		-0.00088585		
62.45		-0.00088347		
62.5		-0.0008811		
62.55		-0.00087875		
62.6		-0.00087641		
62.65		-0.00087408		
62.7		-0.00087176		
62.75		-0.00086946		
62.8		-0.00086717		
62.85		-0.00086489		
62.9		-0.00086262		
62.95		-0.00086036		
63		-0.00085811		
63.05		-0.00085588		
63.1		-0.00085366		
63.15		-0.00085145		
63.2		-0.00084925		
63.25		-0.00084706		
63.3		-0.00084488		
63.35		-0.00084271		
63.4		-0.00084056		
63.45		-0.00083841		
63.5		-0.00083628		
63.55		-0.00083416		
63.6		-0.00083204		
63.65		-0.00082994		
63.7		-0.00082785		
63.75		-0.00082577		
63.8		-0.0008237		
63.85		-0.00082164		
63.9		-0.00081958		
63.95		-0.00081754		
64		-0.00081551		
64.05		-0.00081349		
64.1		-0.00081148		
64.15		-0.00080948		
64.2		-0.00080749		
64.25		-0.00080551		
64.3		-0.00080353		
64.35		-0.00080157		
64.4		-0.00079962		
64.45		-0.00079767		
64.5		-0.00079574		
64.55		-0.00079381		
64.6		-0.0007919		
64.65		-0.00078999		
64.7		-0.00078809		
64.75		-0.0007862		
64.8		-0.00078432		
64.85		-0.00078245		
64.9		-0.00078059		
64.95		-0.00077873		
65		-0.00077689		
65.05		-0.00077505		
65.1		-0.00077322		
65.15		-0.0007714		
65.2		-0.00076959		
65.25		-0.00076778		
65.3		-0.00076599		
65.35		-0.0007642		
65.4		-0.00076242		
65.45		-0.00076065		
65.5		-0.00075889		
65.55		-0.00075714		
65.6		-0.00075539		
65.65		-0.00075365		
65.7		-0.00075192		
65.75		-0.0007502		
65.8		-0.00074848		
65.85		-0.00074677		
65.9		-0.00074507		
65.95		-0.00074338		
66		-0.0007417		
66.05		-0.00074002		
66.1		-0.00073835		
66.15		-0.00073669		
66.2		-0.00073503		
66.25		-0.00073338		
66.3		-0.00073174		
66.35		-0.00073011		
66.4		-0.00072848		
66.45		-0.00072686		
66.5		-0.00072525		
66.55		-0.00072364		
66.6		-0.00072205		
66.65		-0.00072045		
66.7		-0.00071887		
66.75		-0.00071729		
66.8		-0.00071572		
66.85		-0.00071416		
66.9		-0.0007126		
66.95		-0.00071105		
67		-0.0007095		
67.05		-0.00070796		
67.1		-0.00070643		
67.15		-0.00070491		
67.2		-0.00070339		
67.25		-0.00070188		
67.3		-0.00070037		
67.35		-0.00069887		
67.4		-0.00069738		
67.45		-0.00069589		
67.5		-0.00069441		
67.55		-0.00069293		
67.6		-0.00069146		
67.65		-0.00069		
67.7		-0.00068855		
67.75		-0.00068709		
67.8		-0.00068565		
67.85		-0.00068421		
67.9		-0.00068278		
67.95		-0.00068135		
68		-0.00067993		
68.05		-0.00067851		
68.1		-0.0006771		
68.15		-0.0006757		
68.2		-0.0006743		
68.25		-0.00067291		
68.3		-0.00067152		
68.35		-0.00067014		
68.4		-0.00066876		
68.45		-0.00066739		
68.5		-0.00066603		
68.55		-0.00066467		
68.6		-0.00066331		
68.65		-0.00066196		
68.7		-0.00066062		
68.75		-0.00065928		
68.8		-0.00065795		
68.85		-0.00065662		
68.9		-0.0006553		
68.95		-0.00065398		
69		-0.00065267		
69.05		-0.00065136		
69.1		-0.00065006		
69.15		-0.00064876		
69.2		-0.00064747		
69.25		-0.00064618		
69.3		-0.0006449		
69.35		-0.00064362		
69.4		-0.00064234		
69.45		-0.00064108		
69.5		-0.00063981		
69.55		-0.00063856		
69.6		-0.0006373		
69.65		-0.00063605		
69.7		-0.00063481		
69.75		-0.00063357		
69.8		-0.00063234		
69.85		-0.00063111		
69.9		-0.00062988		
69.95		-0.00062866		
70		-0.00062744		
70.05		-0.00062623		
70.1		-0.00062502		
70.15		-0.00062382		
70.2		-0.00062262		
70.25		-0.00062143		
70.3		-0.00062024		
70.35		-0.00061905		
70.4		-0.00061787		
70.45		-0.0006167		
70.5		-0.00061553		
70.55		-0.00061436		
70.6		-0.00061319		
70.65		-0.00061203		
70.7		-0.00061088		
70.75		-0.00060973		
70.8		-0.00060858		
70.85		-0.00060744		
70.9		-0.0006063		
70.95		-0.00060517		
71		-0.00060404		
71.05		-0.00060291		
71.1		-0.00060179		
71.15		-0.00060067		
71.2		-0.00059955		
71.25		-0.00059844		
71.3		-0.00059734		
71.35		-0.00059623		
71.4		-0.00059514		
71.45		-0.00059404		
71.5		-0.00059295		
71.55		-0.00059186		
71.6		-0.00059078		
71.65		-0.0005897		
71.7		-0.00058862		
71.75		-0.00058755		
71.8		-0.00058648		
71.85		-0.00058542		
71.9		-0.00058436		
71.95		-0.0005833		
72		-0.00058225		
72.05		-0.0005812		
72.1		-0.00058015		
72.15		-0.00057911		
72.2		-0.00057807		
72.25		-0.00057703		
72.3		-0.000576		
72.35		-0.00057497		
72.4		-0.00057395		
72.45		-0.00057292		
72.5		-0.00057191		
72.55		-0.00057089		
72.6		-0.00056988		
72.65		-0.00056887		
72.7		-0.00056787		
72.75		-0.00056686		
72.8		-0.00056587		
72.85		-0.00056487		
72.9		-0.00056388		
72.95		-0.00056289		
73		-0.00056191		
73.05		-0.00056093		
73.1		-0.00055995		
73.15		-0.00055897		
73.2		-0.000558		
73.25		-0.00055703		
73.3		-0.00055607		
73.35		-0.0005551		
73.4		-0.00055414		
73.45		-0.00055319		
73.5		-0.00055224		
73.55		-0.00055129		
73.6		-0.00055034		
73.65		-0.00054939		
73.7		-0.00054845		
73.75		-0.00054752		
73.8		-0.00054658		
73.85		-0.00054565		
73.9		-0.00054472		
73.95		-0.0005438		
74		-0.00054287		
74.05		-0.00054195		
74.1		-0.00054104		
74.15		-0.00054012		
74.2		-0.00053921		
74.25		-0.0005383		
74.3		-0.0005374		
74.35		-0.00053649		
74.4		-0.00053559		
74.45		-0.0005347		
74.5		-0.0005338		
74.55		-0.00053291		
74.6		-0.00053202		
74.65		-0.00053114		
74.7		-0.00053025		
74.75		-0.00052937		
74.8		-0.0005285		
74.85		-0.00052762		
74.9		-0.00052675		
74.95		-0.00052588		
75		-0.00052501		
75.05		-0.00052415		
75.1		-0.00052329		
75.15		-0.00052243		
75.2		-0.00052157		
75.25		-0.00052072		
75.3		-0.00051987		
75.35		-0.00051902		
75.4		-0.00051817		
75.45		-0.00051733		
75.5		-0.00051649		
75.55		-0.00051565		
75.6		-0.00051482		
75.65		-0.00051398		
75.7		-0.00051315		
75.75		-0.00051233		
75.8		-0.0005115		
75.85		-0.00051068		
75.9		-0.00050986		
75.95		-0.00050904		
76		-0.00050822		
76.05		-0.00050741		
76.1		-0.0005066		
76.15		-0.00050579		
76.2		-0.00050498		
76.25		-0.00050418		
76.3		-0.00050338		
76.35		-0.00050258		
76.4		-0.00050178		
76.45		-0.00050099		
76.5		-0.00050019		
76.55		-0.0004994		
76.6		-0.00049862		
76.65		-0.00049783		
76.7		-0.00049705		
76.75		-0.00049627		
76.8		-0.00049549		
76.85		-0.00049471		
76.9		-0.00049394		
76.95		-0.00049317		
77		-0.0004924		
77.05		-0.00049163		
77.1		-0.00049086		
77.15		-0.0004901		
77.2		-0.00048934		
77.25		-0.00048858		
77.3		-0.00048783		
77.35		-0.00048707		
77.4		-0.00048632		
77.45		-0.00048557		
77.5		-0.00048482		
77.55		-0.00048407		
77.6		-0.00048333		
77.65		-0.00048259		
77.7		-0.00048185		
77.75		-0.00048111		
77.8		-0.00048038		
77.85		-0.00047964		
77.9		-0.00047891		
77.95		-0.00047818		
78		-0.00047745		
78.05		-0.00047673		
78.1		-0.00047601		
78.15		-0.00047528		
78.2		-0.00047457		
78.25		-0.00047385		
78.3		-0.00047313		
78.35		-0.00047242		
78.4		-0.00047171		
78.45		-0.000471		
78.5		-0.00047029		
78.55		-0.00046958		
78.6		-0.00046888		
78.65		-0.00046818		
78.7		-0.00046748		
78.75		-0.00046678		
78.8		-0.00046609		
78.85		-0.00046539		
78.9		-0.0004647		
78.95		-0.00046401		
79		-0.00046332		
79.05		-0.00046263		
79.1		-0.00046195		
79.15		-0.00046126		
79.2		-0.00046058		
79.25		-0.0004599		
79.3		-0.00045923		
79.35		-0.00045855		
79.4		-0.00045788		
79.45		-0.0004572		
79.5		-0.00045653		
79.55		-0.00045586		
79.6		-0.0004552		
79.65		-0.00045453		
79.7		-0.00045387		
79.75		-0.00045321		
79.8		-0.00045255		
79.85		-0.00045189		
79.9		-0.00045123		
79.95		-0.00045058		
80		-0.00044992		
80.05		-0.00044927		
80.1		-0.00044862		
80.15		-0.00044797		
80.2		-0.00044733		
80.25		-0.00044668		
80.3		-0.00044604		
80.35		-0.0004454		
80.4		-0.00044476		
80.45		-0.00044412		
80.5		-0.00044348		
80.55		-0.00044285		
80.6		-0.00044221		
80.65		-0.00044158		
80.7		-0.00044095		
80.75		-0.00044032		
80.8		-0.0004397		
80.85		-0.00043907		
80.9		-0.00043845		
80.95		-0.00043783		
81		-0.00043721		
81.05		-0.00043659		
81.1		-0.00043597		
81.15		-0.00043535		
81.2		-0.00043474		
81.25		-0.00043413		
81.3		-0.00043352		
81.35		-0.00043291		
81.4		-0.0004323		
81.45		-0.00043169		
81.5		-0.00043109		
81.55		-0.00043048		
81.6		-0.00042988		
81.65		-0.00042928		
81.7		-0.00042868		
81.75		-0.00042808		
81.8		-0.00042749		
81.85		-0.00042689		
81.9		-0.0004263		
81.95		-0.00042571		
82		-0.00042512		
82.05		-0.00042453		
82.1		-0.00042394		
82.15		-0.00042335		
82.2		-0.00042277		
82.25		-0.00042219		
82.3		-0.0004216		
82.35		-0.00042102		
82.4		-0.00042044		
82.45		-0.00041987		
82.5		-0.00041929		
82.55		-0.00041872		
82.6		-0.00041814		
82.65		-0.00041757		
82.7		-0.000417		
82.75		-0.00041643		
82.8		-0.00041586		
82.85		-0.0004153		
82.9		-0.00041473		
82.95		-0.00041417		
83		-0.0004136		
83.05		-0.00041304		
83.1		-0.00041248		
83.15		-0.00041192		
83.2		-0.00041137		
83.25		-0.00041081		
83.3		-0.00041026		
83.35		-0.0004097		
83.4		-0.00040915		
83.45		-0.0004086		
83.5		-0.00040805		
83.55		-0.0004075		
83.6		-0.00040696		
83.65		-0.00040641		
83.7		-0.00040587		
83.75		-0.00040532		
83.8		-0.00040478		
83.85		-0.00040424		
83.9		-0.0004037		
83.95		-0.00040317		
84		-0.00040263		
84.05		-0.00040209		
84.1		-0.00040156		
84.15		-0.00040103		
84.2		-0.00040049		
84.25		-0.00039996		
84.3		-0.00039943		
84.35		-0.00039891		
84.4		-0.00039838		
84.45		-0.00039785		
84.5		-0.00039733		
84.55		-0.00039681		
84.6		-0.00039628		
84.65		-0.00039576		
84.7		-0.00039524		
84.75		-0.00039473		
84.8		-0.00039421		
84.85		-0.00039369		
84.9		-0.00039318		
84.95		-0.00039266		
85		-0.00039215		
85.05		-0.00039164		
85.1		-0.00039113		
85.15		-0.00039062		
85.2		-0.00039011		
85.25		-0.0003896		
85.3		-0.0003891		
85.35		-0.00038859		
85.4		-0.00038809		
85.45		-0.00038759		
85.5		-0.00038709		
85.55		-0.00038659		
85.6		-0.00038609		
85.65		-0.00038559		
85.7		-0.00038509		
85.75		-0.0003846		
85.8		-0.0003841		
85.85		-0.00038361		
85.9		-0.00038312		
85.95		-0.00038263		
86		-0.00038214		
86.05		-0.00038165		
86.1		-0.00038116		
86.15		-0.00038067		
86.2		-0.00038018		
86.25		-0.0003797		
86.3		-0.00037922		
86.35		-0.00037873		
86.4		-0.00037825		
86.45		-0.00037777		
86.5		-0.00037729		
86.55		-0.00037681		
86.6		-0.00037634		
86.65		-0.00037586		
86.7		-0.00037538		
86.75		-0.00037491		
86.8		-0.00037444		
86.85		-0.00037396		
86.9		-0.00037349		
86.95		-0.00037302		
87		-0.00037255		
87.05		-0.00037208		
87.1		-0.00037162		
87.15		-0.00037115		
87.2		-0.00037068		
87.25		-0.00037022		
87.3		-0.00036976		
87.35		-0.00036929		
87.4		-0.00036883		
87.45		-0.00036837		
87.5		-0.00036791		
87.55		-0.00036745		
87.6		-0.000367		
87.65		-0.00036654		
87.7		-0.00036608		
87.75		-0.00036563		
87.8		-0.00036518		
87.85		-0.00036472		
87.9		-0.00036427		
87.95		-0.00036382		
88		-0.00036337		
88.05		-0.00036292		
88.1		-0.00036247		
88.15		-0.00036203		
88.2		-0.00036158		
88.25		-0.00036113		
88.3		-0.00036069		
88.35		-0.00036025		
88.4		-0.0003598		
88.45		-0.00035936		
88.5		-0.00035892		
88.55		-0.00035848		
88.6		-0.00035804		
88.65		-0.00035761		
88.7		-0.00035717		
88.75		-0.00035673		
88.8		-0.0003563		
88.85		-0.00035586		
88.9		-0.00035543		
88.95		-0.000355		
89		-0.00035457		
89.05		-0.00035413		
89.1		-0.00035371		
89.15		-0.00035328		
89.2		-0.00035285		
89.25		-0.00035242		
89.3		-0.00035199		
89.35		-0.00035157		
89.4		-0.00035114		
89.45		-0.00035072		
89.5		-0.0003503		
89.55		-0.00034988		
89.6		-0.00034945		
89.65		-0.00034903		
89.7		-0.00034861		
89.75		-0.0003482		
89.8		-0.00034778		
89.85		-0.00034736		
89.9		-0.00034694		
89.95		-0.00034653		
90		-0.00034611		
90.05		-0.0003457		
90.1		-0.00034529		
90.15		-0.00034488		
90.2		-0.00034447		
90.25		-0.00034405		
90.3		-0.00034365		
90.35		-0.00034324		
90.4		-0.00034283		
90.45		-0.00034242		
90.5		-0.00034202		
90.55		-0.00034161		
90.6		-0.0003412		
90.65		-0.0003408		
90.7		-0.0003404		
90.75		-0.00034		
90.8		-0.00033959		
90.85		-0.00033919		
90.9		-0.00033879		
90.95		-0.00033839		
91		-0.000338		
91.05		-0.0003376		
91.1		-0.0003372		
91.15		-0.00033681		
91.2		-0.00033641		
91.25		-0.00033602		
91.3		-0.00033562		
91.35		-0.00033523		
91.4		-0.00033484		
91.45		-0.00033445		
91.5		-0.00033405		
91.55		-0.00033366		
91.6		-0.00033328		
91.65		-0.00033289		
91.7		-0.0003325		
91.75		-0.00033211		
91.8		-0.00033173		
91.85		-0.00033134		
91.9		-0.00033096		
91.95		-0.00033057		
92		-0.00033019		
92.05		-0.00032981		
92.1		-0.00032942		
92.15		-0.00032904		
92.2		-0.00032866		
92.25		-0.00032828		
92.3		-0.00032791		
92.35		-0.00032753		
92.4		-0.00032715		
92.45		-0.00032677		
92.5		-0.0003264		
92.55		-0.00032602		
92.6		-0.00032565		
92.65		-0.00032527		
92.7		-0.0003249		
92.75		-0.00032453		
92.8		-0.00032416		
92.85		-0.00032379		
92.9		-0.00032341		
92.95		-0.00032305		
93		-0.00032268		
93.05		-0.00032231		
93.1		-0.00032194		
93.15		-0.00032157		
93.2		-0.00032121		
93.25		-0.00032084		
93.3		-0.00032048		
93.35		-0.00032011		
93.4		-0.00031975		
93.45		-0.00031939		
93.5		-0.00031903		
93.55		-0.00031866		
93.6		-0.0003183		
93.65		-0.00031794		
93.7		-0.00031758		
93.75		-0.00031722		
93.8		-0.00031687		
93.85		-0.00031651		
93.9		-0.00031615		
93.95		-0.0003158		
94		-0.00031544		
94.05		-0.00031509		
94.1		-0.00031473		
94.15		-0.00031438		
94.2		-0.00031403		
94.25		-0.00031367		
94.3		-0.00031332		
94.35		-0.00031297		
94.4		-0.00031262		
94.45		-0.00031227		
94.5		-0.00031192		
94.55		-0.00031157		
94.6		-0.00031123		
94.65		-0.00031088		
94.7		-0.00031053		
94.75		-0.00031019		
94.8		-0.00030984		
94.85		-0.0003095		
94.9		-0.00030915		
94.95		-0.00030881		
95		-0.00030847		
95.05		-0.00030813		
95.1		-0.00030778		
95.15		-0.00030744		
95.2		-0.0003071		
95.25		-0.00030676		
95.3		-0.00030642		
95.35		-0.00030609		
95.4		-0.00030575		
95.45		-0.00030541		
95.5		-0.00030508		
95.55		-0.00030474		
95.6		-0.0003044		
95.65		-0.00030407		
95.7		-0.00030374		
95.75		-0.0003034		
95.8		-0.00030307		
95.85		-0.00030274		
95.9		-0.0003024		
95.95		-0.00030207		
96		-0.00030174		
96.05		-0.00030141		
96.1		-0.00030108		
96.15		-0.00030075		
96.2		-0.00030043		
96.25		-0.0003001		
96.3		-0.00029977		
96.35		-0.00029945		
96.4		-0.00029912		
96.45		-0.00029879		
96.5		-0.00029847		
96.55		-0.00029814		
96.6		-0.00029782		
96.65		-0.0002975		
96.7		-0.00029718		
96.75		-0.00029685		
96.8		-0.00029653		
96.85		-0.00029621		
96.9		-0.00029589		
96.95		-0.00029557		
97		-0.00029525		
97.05		-0.00029493		
97.1		-0.00029462		
97.15		-0.0002943		
97.2		-0.00029398		
97.25		-0.00029367		
97.3		-0.00029335		
97.35		-0.00029303		
97.4		-0.00029272		
97.45		-0.00029241		
97.5		-0.00029209		
97.55		-0.00029178		
97.6		-0.00029147		
97.65		-0.00029115		
97.7		-0.00029084		
97.75		-0.00029053		
97.8		-0.00029022		
97.85		-0.00028991		
97.9		-0.0002896		
97.95		-0.00028929		
98		-0.00028898		
98.05		-0.00028868		
98.1		-0.00028837		
98.15		-0.00028806		
98.2		-0.00028776		
98.25		-0.00028745		
98.3		-0.00028715		
98.35		-0.00028684		
98.4		-0.00028654		
98.45		-0.00028623		
98.5		-0.00028593		
98.55		-0.00028563		
98.6		-0.00028533		
98.65		-0.00028502		
98.7		-0.00028472		
98.75		-0.00028442		
98.8		-0.00028412		
98.85		-0.00028382		
98.9		-0.00028353		
98.95		-0.00028323		
99		-0.00028293		
99.05		-0.00028263		
99.1		-0.00028233		
99.15		-0.00028204		
99.2		-0.00028174		
99.25		-0.00028145		
99.3		-0.00028115		
99.35		-0.00028086		
99.4		-0.00028056		
99.45		-0.00028027		
99.5		-0.00027998		
99.55		-0.00027968		
99.6		-0.00027939		
99.65		-0.0002791		
99.7		-0.00027881		
99.75		-0.00027852		
99.8		-0.00027823		
99.85		-0.00027794		
99.9		-0.00027765		
99.95		-0.00027736		
100		-0.00027707		
