t [fm]		dB2nd
0.25		-0
0.3		0.015176		
0.35		-0.010479		
0.4		-0.029297		
0.45		-0.036886		
0.5		-0.036949		
0.55		-0.033207		
0.6		-0.028076		
0.65		-0.022872		
0.7		-0.018202		
0.75		-0.014275		
0.8		-0.011099		
0.85		-0.0085916		
0.9		-0.006642		
0.95		-0.00514		
1		-0.0039885		
1.05		-0.0031071		
1.1		-0.0024322		
1.15		-0.0019141		
1.2		-0.0015148		
1.25		-0.0012057		
1.3		-0.00096509		
1.35		-0.00077668		
1.4		-0.00062824		
1.45		-0.00051056		
1.5		-0.00041667		
1.55		-0.00034128		
1.6		-0.00028037		
1.65		-0.00023086		
1.7		-0.00019037		
1.75		-0.00015706		
1.8		-0.00012951		
1.85		-0.00010659		
1.9		-8.742e-05		
1.95		-7.1303e-05		
2		-5.7685e-05		
2.05		-4.6121e-05		
2.1		-3.6255e-05		
2.15		-2.78e-05		
2.2		-2.0524e-05		
2.25		-1.4237e-05		
2.3		-8.7858e-06		
2.35		-4.0434e-06		
2.4		9.3969e-08		
2.45		3.7118e-06		
2.5		6.8809e-06		
2.55		9.6599e-06		
2.6		1.2097e-05		
2.65		1.4234e-05		
2.7		1.6104e-05		
2.75		1.7735e-05		
2.8		1.9151e-05		
2.85		2.0371e-05		
2.9		2.1413e-05		
2.95		2.229e-05		
3		2.3014e-05		
3.05		2.3595e-05		
3.1		2.404e-05		
3.15		2.4357e-05		
3.2		2.4551e-05		
3.25		2.4627e-05		
3.3		2.459e-05		
3.35		2.4442e-05		
3.4		2.4187e-05		
3.45		2.3826e-05		
3.5		2.3361e-05		
3.55		2.2795e-05		
3.6		2.2128e-05		
3.65		2.1361e-05		
3.7		2.0495e-05		
3.75		1.9531e-05		
3.8		1.8469e-05		
3.85		1.7311e-05		
3.9		1.6055e-05		
3.95		1.4703e-05		
4		1.3255e-05		
4.05		1.1711e-05		
4.1		1.0071e-05		
4.15		8.33e-06		
4.2		6.4739e-06		
4.25		4.5274e-06		
4.3		2.5037e-06		
4.35		3.8717e-07		
4.4		-1.8249e-06		
4.45		-4.1323e-06		
4.5		-6.5347e-06		
4.55		-9.032e-06		
4.6		-1.1624e-05		
4.65		-1.431e-05		
4.7		-1.709e-05		
4.75		-1.9964e-05		
4.8		-2.2931e-05		
4.85		-2.5992e-05		
4.9		-2.9144e-05		
4.95		-3.2389e-05		
5		-3.5726e-05		
5.05		-3.9153e-05		
5.1		-4.2672e-05		
5.15		-4.628e-05		
5.2		-4.9978e-05		
5.25		-5.3765e-05		
5.3		-5.764e-05		
5.35		-6.1603e-05		
5.4		-6.5653e-05		
5.45		-6.9789e-05		
5.5		-7.401e-05		
5.55		-7.8317e-05		
5.6		-8.2707e-05		
5.65		-8.7181e-05		
5.7		-9.1737e-05		
5.75		-9.6374e-05		
5.8		-0.00010109		
5.85		-0.00010589		
5.9		-0.00011077		
5.95		-0.00011572		
6		-0.00012076		
6.05		-0.00012586		
6.1		-0.00013105		
6.15		-0.00013631		
6.2		-0.00014164		
6.25		-0.00014704		
6.3		-0.00015251		
6.35		-0.00015806		
6.4		-0.00016367		
6.45		-0.00016936		
6.5		-0.0001751		
6.55		-0.00018092		
6.6		-0.0001868		
6.65		-0.00019274		
6.7		-0.00019875		
6.75		-0.00020482		
6.8		-0.00021094		
6.85		-0.00021713		
6.9		-0.00022338		
6.95		-0.00022968		
7		-0.00023604		
7.05		-0.00024245		
7.1		-0.00024891		
7.15		-0.00025543		
7.2		-0.000262		
7.25		-0.00026862		
7.3		-0.00027529		
7.35		-0.00028201		
7.4		-0.00028877		
7.45		-0.00029557		
7.5		-0.00030243		
7.55		-0.00030932		
7.6		-0.00031626		
7.65		-0.00032323		
7.7		-0.00033025		
7.75		-0.0003373		
7.8		-0.00034439		
7.85		-0.00035152		
7.9		-0.00035868		
7.95		-0.00036588		
8		-0.0003731		
8.05		-0.00038036		
8.1		-0.00038765		
8.15		-0.00039497		
8.2		-0.00040231		
8.25		-0.00040968		
8.3		-0.00041708		
8.35		-0.0004245		
8.4		-0.00043194		
8.45		-0.00043941		
8.5		-0.0004469		
8.55		-0.0004544		
8.6		-0.00046193		
8.65		-0.00046947		
8.7		-0.00047703		
8.75		-0.00048461		
8.8		-0.0004922		
8.85		-0.0004998		
8.9		-0.00050742		
8.95		-0.00051504		
9		-0.00052268		
9.05		-0.00053033		
9.1		-0.00053799		
9.15		-0.00054565		
9.2		-0.00055332		
9.25		-0.000561		
9.3		-0.00056868		
9.35		-0.00057636		
9.4		-0.00058405		
9.45		-0.00059174		
9.5		-0.00059943		
9.55		-0.00060712		
9.6		-0.00061482		
9.65		-0.00062251		
9.7		-0.00063019		
9.75		-0.00063788		
9.8		-0.00064556		
9.85		-0.00065324		
9.9		-0.00066091		
9.95		-0.00066857		
10		-0.00067623		
10.05		-0.00068388		
10.1		-0.00069153		
10.15		-0.00069916		
10.2		-0.00070679		
10.25		-0.0007144		
10.3		-0.00072201		
10.35		-0.0007296		
10.4		-0.00073718		
10.45		-0.00074475		
10.5		-0.00075231		
10.55		-0.00075985		
10.6		-0.00076738		
10.65		-0.0007749		
10.7		-0.0007824		
10.75		-0.00078988		
10.8		-0.00079735		
10.85		-0.0008048		
10.9		-0.00081224		
10.95		-0.00081965		
11		-0.00082705		
11.05		-0.00083443		
11.1		-0.00084179		
11.15		-0.00084914		
11.2		-0.00085645		
11.25		-0.00086373		
11.3		-0.00087082		
11.35		-0.00087852		
11.4		-0.00088566		
11.45		-0.00089286		
11.5		-0.00090006		
11.55		-0.00090724		
11.6		-0.0009144		
11.65		-0.00092155		
11.7		-0.00092867		
11.75		-0.00093578		
11.8		-0.00094286		
11.85		-0.00094992		
11.9		-0.00095696		
11.95		-0.00096397		
12		-0.00097097		
12.05		-0.00097795		
12.1		-0.0009849		
12.15		-0.00099183		
12.2		-0.00099874		
12.25		-0.0010056		
12.3		-0.0010125		
12.35		-0.0010193		
12.4		-0.0010262		
12.45		-0.001033		
12.5		-0.0010397		
12.55		-0.0010465		
12.6		-0.0010532		
12.65		-0.0010599		
12.7		-0.0010666		
12.75		-0.0010733		
12.8		-0.00108		
12.85		-0.0010866		
12.9		-0.0010932		
12.95		-0.0010998		
13		-0.0011064		
13.05		-0.0011129		
13.1		-0.0011195		
13.15		-0.001126		
13.2		-0.0011325		
13.25		-0.0011389		
13.3		-0.0011454		
13.35		-0.0011518		
13.4		-0.0011582		
13.45		-0.0011646		
13.5		-0.001171		
13.55		-0.0011774		
13.6		-0.0011837		
13.65		-0.0011901		
13.7		-0.0011964		
13.75		-0.0012027		
13.8		-0.001209		
13.85		-0.0012153		
13.9		-0.0012215		
13.95		-0.0012278		
14		-0.001234		
14.05		-0.0012402		
14.1		-0.0012464		
14.15		-0.0012526		
14.2		-0.0012588		
14.25		-0.001265		
14.3		-0.0012711		
14.35		-0.0012773		
14.4		-0.0012834		
14.45		-0.0012895		
14.5		-0.0012957		
14.55		-0.0013018		
14.6		-0.0013079		
14.65		-0.001314		
14.7		-0.0013201		
14.75		-0.0013261		
14.8		-0.0013322		
14.85		-0.0013383		
14.9		-0.0013444		
14.95		-0.0013504		
15		-0.0013565		
15.05		-0.0013626		
15.1		-0.0013686		
15.15		-0.0013747		
15.2		-0.0013807		
15.25		-0.0013868		
15.3		-0.0013928		
15.35		-0.0013989		
15.4		-0.001405		
15.45		-0.001411		
15.5		-0.0014171		
15.55		-0.0014232		
15.6		-0.0014292		
15.65		-0.0014353		
15.7		-0.0014414		
15.75		-0.0014475		
15.8		-0.0014536		
15.85		-0.0014597		
15.9		-0.0014658		
15.95		-0.0014719		
16		-0.0014781		
16.05		-0.0014842		
16.1		-0.0014904		
16.15		-0.0014966		
16.2		-0.0015027		
16.25		-0.0015089		
16.3		-0.0015152		
16.35		-0.0015214		
16.4		-0.0015276		
16.45		-0.0015339		
16.5		-0.0015402		
16.55		-0.0015465		
16.6		-0.0015528		
16.65		-0.0015592		
16.7		-0.0015655		
16.75		-0.0015719		
16.8		-0.0015783		
16.85		-0.0015848		
16.9		-0.0015912		
16.95		-0.0015977		
17		-0.0016042		
17.05		-0.0016108		
17.1		-0.0016174		
17.15		-0.001624		
17.2		-0.0016306		
17.25		-0.0016373		
17.3		-0.0016439		
17.35		-0.0016507		
17.4		-0.0016574		
17.45		-0.0016642		
17.5		-0.0016711		
17.55		-0.0016779		
17.6		-0.0016849		
17.65		-0.0016918		
17.7		-0.0016988		
17.75		-0.0017058		
17.8		-0.0017129		
17.85		-0.00172		
17.9		-0.0017272		
17.95		-0.0017344		
18		-0.0017416		
18.05		-0.0017489		
18.1		-0.0017563		
18.15		-0.0017637		
18.2		-0.0017711		
18.25		-0.0017786		
18.3		-0.0017862		
18.35		-0.0017938		
18.4		-0.0018014		
18.45		-0.0018091		
18.5		-0.0018169		
18.55		-0.0018247		
18.6		-0.0018326		
18.65		-0.0018406		
18.7		-0.0018486		
18.75		-0.0018567		
18.8		-0.0018648		
18.85		-0.001873		
18.9		-0.0018812		
18.95		-0.0018896		
19		-0.001898		
19.05		-0.0019064		
19.1		-0.001915		
19.15		-0.0019236		
19.2		-0.0019323		
19.25		-0.001941		
19.3		-0.0019499		
19.35		-0.0019588		
19.4		-0.0019678		
19.45		-0.0019768		
19.5		-0.001986		
19.55		-0.0019952		
19.6		-0.0020045		
19.65		-0.0020139		
19.7		-0.0020234		
19.75		-0.002033		
19.8		-0.0020426		
19.85		-0.0020524		
19.9		-0.0020622		
19.95		-0.0020721		
20		-0.0020821		
20.05		-0.0020922		
20.1		-0.0021024		
20.15		-0.0021127		
20.2		-0.0021231		
20.25		-0.0021337		
20.3		-0.0021443		
20.35		-0.002155		
20.4		-0.0021658		
20.45		-0.0021767		
20.5		-0.0021877		
20.55		-0.0021988		
20.6		-0.0022101		
20.65		-0.0022214		
20.7		-0.0022329		
20.75		-0.0022445		
20.8		-0.0022561		
20.85		-0.0022679		
20.9		-0.0022799		
20.95		-0.0022919		
21		-0.0023041		
21.05		-0.0023164		
21.1		-0.0023288		
21.15		-0.0023413		
21.2		-0.002354		
21.25		-0.0023668		
21.3		-0.0023797		
21.35		-0.0023928		
21.4		-0.0024059		
21.45		-0.0024193		
21.5		-0.0024327		
21.55		-0.0024463		
21.6		-0.0024601		
21.65		-0.0024739		
21.7		-0.002488		
21.75		-0.0025021		
21.8		-0.0025165		
21.85		-0.0025309		
21.9		-0.0025455		
21.95		-0.0025603		
22		-0.0025752		
22.05		-0.0025903		
22.1		-0.0026055		
22.15		-0.0026209		
22.2		-0.0026365		
22.25		-0.0026522		
22.3		-0.0026681		
22.35		-0.0026841		
22.4		-0.0027003		
22.45		-0.0027167		
22.5		-0.0027332		
22.55		-0.00275		
22.6		-0.0027669		
22.65		-0.0027839		
22.7		-0.0028012		
22.75		-0.0028186		
22.8		-0.0028362		
22.85		-0.002854		
22.9		-0.002872		
22.95		-0.0028902		
23		-0.0029086		
23.05		-0.0029271		
23.1		-0.0029459		
23.15		-0.0029648		
23.2		-0.002984		
23.25		-0.0030034		
23.3		-0.0030229		
23.35		-0.0030427		
23.4		-0.0030626		
23.45		-0.0030828		
23.5		-0.0031032		
23.55		-0.0031238		
23.6		-0.0031446		
23.65		-0.0031657		
23.7		-0.0031869		
23.75		-0.0032084		
23.8		-0.0032301		
23.85		-0.003252		
23.9		-0.0032742		
23.95		-0.0032966		
24		-0.0033192		
24.05		-0.0033421		
24.1		-0.0033652		
24.15		-0.0033886		
24.2		-0.0034121		
24.25		-0.003436		
24.3		-0.0034601		
24.35		-0.0034844		
24.4		-0.003509		
24.45		-0.0035339		
24.5		-0.003559		
24.55		-0.0035843		
24.6		-0.00361		
24.65		-0.0036359		
24.7		-0.0036621		
24.75		-0.0036885		
24.8		-0.0037152		
24.85		-0.0037422		
24.9		-0.0037695		
24.95		-0.0037971		
25		-0.0038249		
25.05		-0.0038531		
25.1		-0.0038815		
25.15		-0.0039102		
25.2		-0.0039791		
25.25		-0.0039819		
25.3		-0.0039845		
25.35		-0.003987		
25.4		-0.0039893		
25.45		-0.0039915		
25.5		-0.0039935		
25.55		-0.0039954		
25.6		-0.0039971		
25.65		-0.0039987		
25.7		-0.0040001		
25.75		-0.0040014		
25.8		-0.0040025		
25.85		-0.0040035		
25.9		-0.0040044		
25.95		-0.0040051		
26		-0.0040056		
26.05		-0.0040061		
26.1		-0.0040063		
26.15		-0.0040065		
26.2		-0.0040065		
26.25		-0.0040064		
26.3		-0.0040062		
26.35		-0.0040058		
26.4		-0.0040053		
26.45		-0.0040046		
26.5		-0.0040038		
26.55		-0.004003		
26.6		-0.0040019		
26.65		-0.0040008		
26.7		-0.0039995		
26.75		-0.0039981		
26.8		-0.0039966		
26.85		-0.003995		
26.9		-0.0039932		
26.95		-0.0039913		
27		-0.0039893		
27.05		-0.0039872		
27.1		-0.003985		
27.15		-0.0039827		
27.2		-0.0039802		
27.25		-0.0039776		
27.3		-0.003975		
27.35		-0.0039722		
27.4		-0.0039693		
27.45		-0.0039663		
27.5		-0.0039632		
27.55		-0.00396		
27.6		-0.0039567		
27.65		-0.0039532		
27.7		-0.0039497		
27.75		-0.0039461		
27.8		-0.0039424		
27.85		-0.0039386		
27.9		-0.0039346		
27.95		-0.0039306		
28		-0.0039265		
28.05		-0.0039223		
28.1		-0.003918		
28.15		-0.0039136		
28.2		-0.0039091		
28.25		-0.0039045		
28.3		-0.0038999		
28.35		-0.0038951		
28.4		-0.0038903		
28.45		-0.0038853		
28.5		-0.0038803		
28.55		-0.0038752		
28.6		-0.00387		
28.65		-0.0038647		
28.7		-0.0038594		
28.75		-0.003854		
28.8		-0.0038484		
28.85		-0.0038428		
28.9		-0.0038372		
28.95		-0.0038314		
29		-0.0038256		
29.05		-0.0038197		
29.1		-0.0038137		
29.15		-0.0038077		
29.2		-0.0038015		
29.25		-0.0037953		
29.3		-0.0037891		
29.35		-0.0037827		
29.4		-0.0037763		
29.45		-0.0037699		
29.5		-0.0037633		
29.55		-0.0037567		
29.6		-0.00375		
29.65		-0.0037433		
29.7		-0.0037365		
29.75		-0.0037296		
29.8		-0.0037227		
29.85		-0.0037157		
29.9		-0.0037087		
29.95		-0.0037016		
30		-0.0036944		
30.05		-0.0036872		
30.1		-0.0036799		
30.15		-0.0036726		
30.2		-0.0036652		
30.25		-0.0036577		
30.3		-0.0036502		
30.35		-0.0036427		
30.4		-0.0036351		
30.45		-0.0036274		
30.5		-0.0036197		
30.55		-0.003612		
30.6		-0.0036042		
30.65		-0.0035963		
30.7		-0.0035884		
30.75		-0.0035805		
30.8		-0.0035725		
30.85		-0.0035645		
30.9		-0.0035564		
30.95		-0.0035483		
31		-0.0035401		
31.05		-0.0035319		
31.1		-0.0035236		
31.15		-0.0035154		
31.2		-0.003507		
31.25		-0.0034987		
31.3		-0.0034903		
31.35		-0.0034818		
31.4		-0.0034734		
31.45		-0.0034649		
31.5		-0.0034563		
31.55		-0.0034477		
31.6		-0.0034391		
31.65		-0.0034305		
31.7		-0.0034218		
31.75		-0.0034131		
31.8		-0.0034044		
31.85		-0.0033956		
31.9		-0.0033868		
31.95		-0.003378		
32		-0.0033691		
32.05		-0.0033602		
32.1		-0.0033513		
32.15		-0.0033424		
32.2		-0.0033334		
32.25		-0.0033244		
32.3		-0.0033154		
32.35		-0.0033064		
32.4		-0.0032974		
32.45		-0.0032883		
32.5		-0.0032792		
32.55		-0.0032701		
32.6		-0.0032609		
32.65		-0.0032518		
32.7		-0.0032426		
32.75		-0.0032334		
32.8		-0.0032242		
32.85		-0.0032149		
32.9		-0.0032057		
32.95		-0.0031964		
33		-0.0031871		
33.05		-0.0031779		
33.1		-0.0031685		
33.15		-0.0031592		
33.2		-0.0031499		
33.25		-0.0031405		
33.3		-0.0031312		
33.35		-0.0031218		
33.4		-0.0031124		
33.45		-0.003103		
33.5		-0.0030936		
33.55		-0.0030842		
33.6		-0.0030748		
33.65		-0.0030653		
33.7		-0.0030559		
33.75		-0.0030464		
33.8		-0.003037		
33.85		-0.0030275		
33.9		-0.003018		
33.95		-0.0030086		
34		-0.0029991		
34.05		-0.0029896		
34.1		-0.0029801		
34.15		-0.0029706		
34.2		-0.0029611		
34.25		-0.0029516		
34.3		-0.0029421		
34.35		-0.0029326		
34.4		-0.0029231		
34.45		-0.0029136		
34.5		-0.0029041		
34.55		-0.0028946		
34.6		-0.0028851		
34.65		-0.0028755		
34.7		-0.002866		
34.75		-0.0028565		
34.8		-0.002847		
34.85		-0.0028375		
34.9		-0.002828		
34.95		-0.0028185		
35		-0.002809		
35.05		-0.0027995		
35.1		-0.00279		
35.15		-0.0027806		
35.2		-0.0027711		
35.25		-0.0027616		
35.3		-0.0027521		
35.35		-0.0027427		
35.4		-0.0027332		
35.45		-0.0027238		
35.5		-0.0027143		
35.55		-0.0027049		
35.6		-0.0026954		
35.65		-0.002686		
35.7		-0.0026766		
35.75		-0.0026672		
35.8		-0.0026578		
35.85		-0.0026484		
35.9		-0.002639		
35.95		-0.0026297		
36		-0.0026203		
36.05		-0.002611		
36.1		-0.0026016		
36.15		-0.0025923		
36.2		-0.002583		
36.25		-0.0025737		
36.3		-0.0025114		
36.35		-0.0024098		
36.4		-0.0023156		
36.45		-0.002228		
36.5		-0.0021466		
36.55		-0.0020707		
36.6		-0.0019998		
36.65		-0.0019335		
36.7		-0.0018714		
36.75		-0.0018132		
36.8		-0.0017584		
36.85		-0.0017069		
36.9		-0.0016584		
36.95		-0.0016125		
37		-0.0015692		
37.05		-0.0015282		
37.1		-0.0014893		
37.15		-0.0014523		
37.2		-0.0014172		
37.25		-0.0013838		
37.3		-0.0013519		
37.35		-0.0013214		
37.4		-0.0012923		
37.45		-0.0012644		
37.5		-0.0012376		
37.55		-0.001212		
37.6		-0.0011873		
37.65		-0.0011636		
37.7		-0.0011407		
37.75		-0.0011186		
37.8		-0.0010973		
37.85		-0.0010768		
37.9		-0.0010568		
37.95		-0.0010376		
38		-0.0010189		
38.05		-0.0010007		
38.1		-0.00098312		
38.15		-0.00096601		
38.2		-0.00094936		
38.25		-0.00093316		
38.3		-0.00091737		
38.35		-0.00090198		
38.4		-0.00088698		
38.45		-0.00087233		
38.5		-0.00085802		
38.55		-0.00084405		
38.6		-0.00083038		
38.65		-0.00081701		
38.7		-0.00080393		
38.75		-0.00079113		
38.8		-0.00077858		
38.85		-0.00076629		
38.9		-0.00075424		
38.95		-0.00074243		
39		-0.00073084		
39.05		-0.00071947		
39.1		-0.00070831		
39.15		-0.00069736		
39.2		-0.0006866		
39.25		-0.00067603		
39.3		-0.00066565		
39.35		-0.00065545		
39.4		-0.00064542		
39.45		-0.00063556		
39.5		-0.00062587		
39.55		-0.00061634		
39.6		-0.00060697		
39.65		-0.00059775		
39.7		-0.00058868		
39.75		-0.00057975		
39.8		-0.00057097		
39.85		-0.00056233		
39.9		-0.00055382		
39.95		-0.00054545		
40		-0.00053721		
40.05		-0.0005291		
40.1		-0.00052111		
40.15		-0.00051324		
40.2		-0.0005055		
40.25		-0.00049788		
40.3		-0.00049037		
40.35		-0.00048297		
40.4		-0.00047569		
40.45		-0.00046852		
40.5		-0.00046146		
40.55		-0.0004545		
40.6		-0.00044765		
40.65		-0.0004409		
40.7		-0.00043425		
40.75		-0.00042771		
40.8		-0.00042126		
40.85		-0.0004149		
40.9		-0.00040865		
40.95		-0.00040248		
41		-0.00039641		
41.05		-0.00039043		
41.1		-0.00038454		
41.15		-0.00037873		
41.2		-0.00037301		
41.25		-0.00036738		
41.3		-0.00036183		
41.35		-0.00035637		
41.4		-0.00035098		
41.45		-0.00034568		
41.5		-0.00034045		
41.55		-0.00033531		
41.6		-0.00033024		
41.65		-0.00032525		
41.7		-0.00032033		
41.75		-0.00031548		
41.8		-0.00031071		
41.85		-0.00030601		
41.9		-0.00030138		
41.95		-0.00029682		
42		-0.00029233		
42.05		-0.0002879		
42.1		-0.00028354		
42.15		-0.00027925		
42.2		-0.00027502		
42.25		-0.00027086		
42.3		-0.00026676		
42.35		-0.00026272		
42.4		-0.00025874		
42.45		-0.00025483		
42.5		-0.00025097		
42.55		-0.00024717		
42.6		-0.00024343		
42.65		-0.00023975		
42.7		-0.00023612		
42.75		-0.00023254		
42.8		-0.00022903		
42.85		-0.00022556		
42.9		-0.00022215		
42.95		-0.00021879		
43		-0.00021548		
43.05		-0.00021223		
43.1		-0.00020902		
43.15		-0.00020586		
43.2		-0.00020275		
43.25		-0.00019969		
43.3		-0.00019668		
43.35		-0.00019371		
43.4		-0.00019079		
43.45		-0.00018791		
43.5		-0.00018508		
43.55		-0.00018229		
43.6		-0.00017955		
43.65		-0.00017684		
43.7		-0.00017418		
43.75		-0.00017157		
43.8		-0.00016899		
43.85		-0.00016645		
43.9		-0.00016395		
43.95		-0.00016149		
44		-0.00015907		
44.05		-0.00015669		
44.1		-0.00015434		
44.15		-0.00015204		
44.2		-0.00014976		
44.25		-0.00014753		
44.3		-0.00014532		
44.35		-0.00014316		
44.4		-0.00014102		
44.45		-0.00013893		
44.5		-0.00013686		
44.55		-0.00013483		
44.6		-0.00013282		
44.65		-0.00013085		
44.7		-0.00012892		
44.75		-0.00012701		
44.8		-0.00012513		
44.85		-0.00012328		
44.9		-0.00012146		
44.95		-0.00011967		
45		-0.00011791		
45.05		-0.00011618		
45.1		-0.00011447		
45.15		-0.00011279		
45.2		-0.00011114		
45.25		-0.00010951		
45.3		-0.00010791		
45.35		-0.00010634		
45.4		-0.00010479		
45.45		-0.00010326		
45.5		-0.00010176		
45.55		-0.00010029		
45.6		-9.8832e-05		
45.65		-9.7402e-05		
45.7		-9.5995e-05		
45.75		-9.461e-05		
45.8		-9.3248e-05		
45.85		-9.1907e-05		
45.9		-9.0588e-05		
45.95		-8.9289e-05		
46		-8.8012e-05		
46.05		-8.6755e-05		
46.1		-8.5518e-05		
46.15		-8.4301e-05		
46.2		-8.3103e-05		
46.25		-8.1924e-05		
46.3		-8.0764e-05		
46.35		-7.9623e-05		
46.4		-7.85e-05		
46.45		-7.7395e-05		
46.5		-7.6308e-05		
46.55		-7.5238e-05		
46.6		-7.4185e-05		
46.65		-7.3149e-05		
46.7		-7.213e-05		
46.75		-7.1127e-05		
46.8		-7.014e-05		
46.85		-6.9168e-05		
46.9		-6.8213e-05		
46.95		-6.7272e-05		
47		-6.6346e-05		
47.05		-6.5436e-05		
47.1		-6.4539e-05		
47.15		-6.3657e-05		
47.2		-6.279e-05		
47.25		-6.1936e-05		
47.3		-6.1095e-05		
47.35		-6.0268e-05		
47.4		-5.9454e-05		
47.45		-5.8653e-05		
47.5		-5.7865e-05		
47.55		-5.7089e-05		
47.6		-5.6326e-05		
47.65		-5.5574e-05		
47.7		-5.4835e-05		
47.75		-5.4107e-05		
47.8		-5.3391e-05		
47.85		-5.2686e-05		
47.9		-5.1993e-05		
47.95		-5.131e-05		
48		-5.0638e-05		
48.05		-4.9976e-05		
48.1		-4.9326e-05		
48.15		-4.8685e-05		
48.2		-4.8054e-05		
48.25		-4.7433e-05		
48.3		-4.6822e-05		
48.35		-4.6221e-05		
48.4		-4.5629e-05		
48.45		-4.5046e-05		
48.5		-4.4473e-05		
48.55		-4.3908e-05		
48.6		-4.3352e-05		
48.65		-4.2805e-05		
48.7		-4.2266e-05		
48.75		-4.1736e-05		
48.8		-4.1214e-05		
48.85		-4.07e-05		
48.9		-4.0194e-05		
48.95		-3.9695e-05		
49		-3.9205e-05		
49.05		-3.8722e-05		
49.1		-3.8246e-05		
49.15		-3.7778e-05		
49.2		-3.7317e-05		
49.25		-3.6863e-05		
49.3		-3.6416e-05		
49.35		-3.5976e-05		
49.4		-3.5542e-05		
49.45		-3.5115e-05		
49.5		-3.4695e-05		
49.55		-3.4281e-05		
49.6		-3.3873e-05		
49.65		-3.3471e-05		
49.7		-3.3076e-05		
49.75		-3.2686e-05		
49.8		-3.2303e-05		
49.85		-3.1925e-05		
49.9		-3.1552e-05		
49.95		-3.1186e-05		
50		-3.0824e-05		
50.05		-3.0469e-05		
50.1		-3.0118e-05		
50.15		-2.9773e-05		
50.2		-2.9432e-05		
50.25		-2.9097e-05		
50.3		-2.8767e-05		
50.35		-2.8442e-05		
50.4		-2.8121e-05		
50.45		-2.7805e-05		
50.5		-2.7494e-05		
50.55		-2.7187e-05		
50.6		-2.6885e-05		
50.65		-2.6587e-05		
50.7		-2.6293e-05		
50.75		-2.6004e-05		
50.8		-2.5719e-05		
50.85		-2.5438e-05		
50.9		-2.5161e-05		
50.95		-2.4888e-05		
51		-2.4619e-05		
51.05		-2.4354e-05		
51.1		-2.4092e-05		
51.15		-2.3835e-05		
51.2		-2.3581e-05		
51.25		-2.333e-05		
51.3		-2.3083e-05		
51.35		-2.284e-05		
51.4		-2.26e-05		
51.45		-2.2363e-05		
51.5		-2.213e-05		
51.55		-2.1899e-05		
51.6		-2.1672e-05		
51.65		-2.1449e-05		
51.7		-2.1228e-05		
51.75		-2.101e-05		
51.8		-2.0796e-05		
51.85		-2.0584e-05		
51.9		-2.0375e-05		
51.95		-2.0169e-05		
52		-1.9966e-05		
52.05		-1.9766e-05		
52.1		-1.9568e-05		
52.15		-1.9373e-05		
52.2		-1.9181e-05		
52.25		-1.8991e-05		
52.3		-1.8803e-05		
52.35		-1.8619e-05		
52.4		-1.8436e-05		
52.45		-1.8257e-05		
52.5		-1.8079e-05		
52.55		-1.7904e-05		
52.6		-1.7731e-05		
52.65		-1.756e-05		
52.7		-1.7392e-05		
52.75		-1.7226e-05		
52.8		-1.7062e-05		
52.85		-1.69e-05		
52.9		-1.674e-05		
52.95		-1.6583e-05		
53		-1.6427e-05		
53.05		-1.6273e-05		
53.1		-1.6121e-05		
53.15		-1.5972e-05		
53.2		-1.5824e-05		
53.25		-1.5678e-05		
53.3		-1.5534e-05		
53.35		-1.5391e-05		
53.4		-1.5251e-05		
53.45		-1.5112e-05		
53.5		-1.4975e-05		
53.55		-1.4839e-05		
53.6		-1.4706e-05		
53.65		-1.4574e-05		
53.7		-1.4443e-05		
53.75		-1.4315e-05		
53.8		-1.4187e-05		
53.85		-1.4062e-05		
53.9		-1.3938e-05		
53.95		-1.3815e-05		
54		-1.3694e-05		
54.05		-1.3574e-05		
54.1		-1.3456e-05		
54.15		-1.3339e-05		
54.2		-1.3224e-05		
54.25		-1.311e-05		
54.3		-1.2997e-05		
54.35		-1.2886e-05		
54.4		-1.2776e-05		
54.45		-1.2667e-05		
54.5		-1.2559e-05		
54.55		-1.2453e-05		
54.6		-1.2348e-05		
54.65		-1.2244e-05		
54.7		-1.2142e-05		
54.75		-1.2041e-05		
54.8		-1.194e-05		
54.85		-1.1841e-05		
54.9		-1.1743e-05		
54.95		-1.1647e-05		
55		-1.1551e-05		
55.05		-1.1456e-05		
55.1		-1.1363e-05		
55.15		-1.127e-05		
55.2		-1.1179e-05		
55.25		-1.1089e-05		
55.3		-1.0999e-05		
55.35		-1.0911e-05		
55.4		-1.0823e-05		
55.45		-1.0737e-05		
55.5		-1.0651e-05		
55.55		-1.0567e-05		
55.6		-1.0483e-05		
55.65		-1.04e-05		
55.7		-1.0319e-05		
55.75		-1.0238e-05		
55.8		-1.0158e-05		
55.85		-1.0078e-05		
55.9		-1e-05		
55.95		-9.9227e-06		
56		-9.846e-06		
56.05		-9.7702e-06		
56.1		-9.6952e-06		
56.15		-9.6209e-06		
56.2		-9.5475e-06		
56.25		-9.4748e-06		
56.3		-9.4029e-06		
56.35		-9.3317e-06		
56.4		-9.2613e-06		
56.45		-9.1916e-06		
56.5		-9.1227e-06		
56.55		-9.0544e-06		
56.6		-8.9869e-06		
56.65		-8.92e-06		
56.7		-8.8539e-06		
56.75		-8.7884e-06		
56.8		-8.7236e-06		
56.85		-8.6594e-06		
56.9		-8.5959e-06		
56.95		-8.533e-06		
57		-8.4708e-06		
57.05		-8.4092e-06		
57.1		-8.3482e-06		
57.15		-8.2878e-06		
57.2		-8.2281e-06		
57.25		-8.1689e-06		
57.3		-8.1103e-06		
57.35		-8.0523e-06		
57.4		-7.9948e-06		
57.45		-7.9379e-06		
57.5		-7.8816e-06		
57.55		-7.8258e-06		
57.6		-7.7706e-06		
57.65		-7.7159e-06		
57.7		-7.6618e-06		
57.75		-7.6081e-06		
57.8		-7.555e-06		
57.85		-7.5024e-06		
57.9		-7.4502e-06		
57.95		-7.3986e-06		
58		-7.3475e-06		
58.05		-7.2969e-06		
58.1		-7.2467e-06		
58.15		-7.197e-06		
58.2		-7.1478e-06		
58.25		-7.099e-06		
58.3		-7.0507e-06		
58.35		-7.0029e-06		
58.4		-6.9555e-06		
58.45		-6.9085e-06		
58.5		-6.862e-06		
58.55		-6.8159e-06		
58.6		-6.7702e-06		
58.65		-6.7249e-06		
58.7		-6.6801e-06		
58.75		-6.6356e-06		
58.8		-6.5916e-06		
58.85		-6.548e-06		
58.9		-6.5047e-06		
58.95		-6.4619e-06		
59		-6.4194e-06		
59.05		-6.3773e-06		
59.1		-6.3356e-06		
59.15		-6.2943e-06		
59.2		-6.2533e-06		
59.25		-6.2127e-06		
59.3		-6.1725e-06		
59.35		-6.1326e-06		
59.4		-6.0931e-06		
59.45		-6.0539e-06		
59.5		-6.0151e-06		
59.55		-5.9766e-06		
59.6		-5.9384e-06		
59.65		-5.9006e-06		
59.7		-5.8631e-06		
59.75		-5.8259e-06		
59.8		-5.789e-06		
59.85		-5.7525e-06		
59.9		-5.7162e-06		
59.95		-5.6803e-06		
60		-5.6447e-06		
60.05		-5.6094e-06		
60.1		-5.5744e-06		
60.15		-5.5397e-06		
60.2		-5.5053e-06		
60.25		-5.4711e-06		
60.3		-5.4373e-06		
60.35		-5.4037e-06		
60.4		-5.3705e-06		
60.45		-5.3375e-06		
60.5		-5.3047e-06		
60.55		-5.2723e-06		
60.6		-5.2401e-06		
60.65		-5.2082e-06		
60.7		-5.1765e-06		
60.75		-5.1452e-06		
60.8		-5.114e-06		
60.85		-5.0831e-06		
60.9		-5.0525e-06		
60.95		-5.0221e-06		
61		-4.992e-06		
61.05		-4.9621e-06		
61.1		-4.9325e-06		
61.15		-4.9031e-06		
61.2		-4.8739e-06		
61.25		-4.845e-06		
61.3		-4.8162e-06		
61.35		-4.7878e-06		
61.4		-4.7595e-06		
61.45		-4.7315e-06		
61.5		-4.7037e-06		
61.55		-4.6761e-06		
61.6		-4.6488e-06		
61.65		-4.6216e-06		
61.7		-4.5947e-06		
61.75		-4.568e-06		
61.8		-4.5414e-06		
61.85		-4.5151e-06		
61.9		-4.489e-06		
61.95		-4.4631e-06		
62		-4.4374e-06		
62.05		-4.4119e-06		
62.1		-4.3866e-06		
62.15		-4.3615e-06		
62.2		-4.3366e-06		
62.25		-4.3119e-06		
62.3		-4.2873e-06		
62.35		-4.263e-06		
62.4		-4.2388e-06		
62.45		-4.2148e-06		
62.5		-4.191e-06		
62.55		-4.1674e-06		
62.6		-4.144e-06		
62.65		-4.1207e-06		
62.7		-4.0976e-06		
62.75		-4.0747e-06		
62.8		-4.052e-06		
62.85		-4.0294e-06		
62.9		-4.007e-06		
62.95		-3.9847e-06		
63		-3.9626e-06		
63.05		-3.9407e-06		
63.1		-3.919e-06		
63.15		-3.8974e-06		
63.2		-3.8759e-06		
63.25		-3.8547e-06		
63.3		-3.8335e-06		
63.35		-3.8126e-06		
63.4		-3.7918e-06		
63.45		-3.7711e-06		
63.5		-3.7506e-06		
63.55		-3.7302e-06		
63.6		-3.71e-06		
63.65		-3.6899e-06		
63.7		-3.67e-06		
63.75		-3.6502e-06		
63.8		-3.6305e-06		
63.85		-3.611e-06		
63.9		-3.5917e-06		
63.95		-3.5724e-06		
64		-3.5533e-06		
64.05		-3.5344e-06		
64.1		-3.5155e-06		
64.15		-3.4968e-06		
64.2		-3.4783e-06		
64.25		-3.4598e-06		
64.3		-3.4415e-06		
64.35		-3.4234e-06		
64.4		-3.4053e-06		
64.45		-3.3874e-06		
64.5		-3.3696e-06		
64.55		-3.3519e-06		
64.6		-3.3344e-06		
64.65		-3.3169e-06		
64.7		-3.2996e-06		
64.75		-3.2824e-06		
64.8		-3.2653e-06		
64.85		-3.2484e-06		
64.9		-3.2315e-06		
64.95		-3.2148e-06		
65		-3.1982e-06		
65.05		-3.1817e-06		
65.1		-3.1653e-06		
65.15		-3.149e-06		
65.2		-3.1328e-06		
65.25		-3.1168e-06		
65.3		-3.1008e-06		
65.35		-3.085e-06		
65.4		-3.0692e-06		
65.45		-3.0536e-06		
65.5		-3.038e-06		
65.55		-3.0226e-06		
65.6		-3.0073e-06		
65.65		-2.992e-06		
65.7		-2.9769e-06		
65.75		-2.9619e-06		
65.8		-2.947e-06		
65.85		-2.9321e-06		
65.9		-2.9174e-06		
65.95		-2.9028e-06		
66		-2.8882e-06		
66.05		-2.8738e-06		
66.1		-2.8594e-06		
66.15		-2.8451e-06		
66.2		-2.831e-06		
66.25		-2.8169e-06		
66.3		-2.8029e-06		
66.35		-2.789e-06		
66.4		-2.7752e-06		
66.45		-2.7615e-06		
66.5		-2.7479e-06		
66.55		-2.7343e-06		
66.6		-2.7209e-06		
66.65		-2.7075e-06		
66.7		-2.6942e-06		
66.75		-2.681e-06		
66.8		-2.6679e-06		
66.85		-2.6548e-06		
66.9		-2.6419e-06		
66.95		-2.629e-06		
67		-2.6162e-06		
67.05		-2.6035e-06		
67.1		-2.5909e-06		
67.15		-2.5783e-06		
67.2		-2.5658e-06		
67.25		-2.5534e-06		
67.3		-2.5411e-06		
67.35		-2.5289e-06		
67.4		-2.5167e-06		
67.45		-2.5046e-06		
67.5		-2.4926e-06		
67.55		-2.4806e-06		
67.6		-2.4687e-06		
67.65		-2.4569e-06		
67.7		-2.4452e-06		
67.75		-2.4335e-06		
67.8		-2.422e-06		
67.85		-2.4104e-06		
67.9		-2.399e-06		
67.95		-2.3876e-06		
68		-2.3763e-06		
68.05		-2.3651e-06		
68.1		-2.3539e-06		
68.15		-2.3428e-06		
68.2		-2.3317e-06		
68.25		-2.3208e-06		
68.3		-2.3099e-06		
68.35		-2.299e-06		
68.4		-2.2882e-06		
68.45		-2.2775e-06		
68.5		-2.2669e-06		
68.55		-2.2563e-06		
68.6		-2.2457e-06		
68.65		-2.2353e-06		
68.7		-2.2249e-06		
68.75		-2.2145e-06		
68.8		-2.2043e-06		
68.85		-2.194e-06		
68.9		-2.1839e-06		
68.95		-2.1738e-06		
69		-2.1637e-06		
69.05		-2.1537e-06		
69.1		-2.1438e-06		
69.15		-2.1339e-06		
69.2		-2.1241e-06		
69.25		-2.1144e-06		
69.3		-2.1047e-06		
69.35		-2.095e-06		
69.4		-2.0854e-06		
69.45		-2.0759e-06		
69.5		-2.0664e-06		
69.55		-2.057e-06		
69.6		-2.0476e-06		
69.65		-2.0383e-06		
69.7		-2.029e-06		
69.75		-2.0198e-06		
69.8		-2.0107e-06		
69.85		-2.0016e-06		
69.9		-1.9925e-06		
69.95		-1.9835e-06		
70		-1.9745e-06		
70.05		-1.9656e-06		
70.1		-1.9568e-06		
70.15		-1.948e-06		
70.2		-1.9392e-06		
70.25		-1.9305e-06		
70.3		-1.9218e-06		
70.35		-1.9132e-06		
70.4		-1.9047e-06		
70.45		-1.8961e-06		
70.5		-1.8877e-06		
70.55		-1.8793e-06		
70.6		-1.8709e-06		
70.65		-1.8625e-06		
70.7		-1.8543e-06		
70.75		-1.846e-06		
70.8		-1.8378e-06		
70.85		-1.8297e-06		
70.9		-1.8216e-06		
70.95		-1.8135e-06		
71		-1.8055e-06		
71.05		-1.7975e-06		
71.1		-1.7896e-06		
71.15		-1.7817e-06		
71.2		-1.7738e-06		
71.25		-1.766e-06		
71.3		-1.7583e-06		
71.35		-1.7506e-06		
71.4		-1.7429e-06		
71.45		-1.7352e-06		
71.5		-1.7276e-06		
71.55		-1.7201e-06		
71.6		-1.7126e-06		
71.65		-1.7051e-06		
71.7		-1.6977e-06		
71.75		-1.6903e-06		
71.8		-1.6829e-06		
71.85		-1.6756e-06		
71.9		-1.6683e-06		
71.95		-1.6611e-06		
72		-1.6539e-06		
72.05		-1.6467e-06		
72.1		-1.6396e-06		
72.15		-1.6325e-06		
72.2		-1.6254e-06		
72.25		-1.6184e-06		
72.3		-1.6114e-06		
72.35		-1.6045e-06		
72.4		-1.5976e-06		
72.45		-1.5907e-06		
72.5		-1.5839e-06		
72.55		-1.5771e-06		
72.6		-1.5703e-06		
72.65		-1.5636e-06		
72.7		-1.5569e-06		
72.75		-1.5502e-06		
72.8		-1.5436e-06		
72.85		-1.537e-06		
72.9		-1.5304e-06		
72.95		-1.5239e-06		
73		-1.5174e-06		
73.05		-1.5109e-06		
73.1		-1.5045e-06		
73.15		-1.4981e-06		
73.2		-1.4917e-06		
73.25		-1.4854e-06		
73.3		-1.4791e-06		
73.35		-1.4728e-06		
73.4		-1.4666e-06		
73.45		-1.4604e-06		
73.5		-1.4542e-06		
73.55		-1.4481e-06		
73.6		-1.442e-06		
73.65		-1.4359e-06		
73.7		-1.4298e-06		
73.75		-1.4238e-06		
73.8		-1.4178e-06		
73.85		-1.4119e-06		
73.9		-1.4059e-06		
73.95		-1.4e-06		
74		-1.3941e-06		
74.05		-1.3883e-06		
74.1		-1.3825e-06		
74.15		-1.3767e-06		
74.2		-1.3709e-06		
74.25		-1.3652e-06		
74.3		-1.3595e-06		
74.35		-1.3538e-06		
74.4		-1.3482e-06		
74.45		-1.3426e-06		
74.5		-1.337e-06		
74.55		-1.3314e-06		
74.6		-1.3259e-06		
74.65		-1.3204e-06		
74.7		-1.3149e-06		
74.75		-1.3094e-06		
74.8		-1.304e-06		
74.85		-1.2986e-06		
74.9		-1.2932e-06		
74.95		-1.2878e-06		
75		-1.2825e-06		
75.05		-1.2772e-06		
75.1		-1.2719e-06		
75.15		-1.2667e-06		
75.2		-1.2615e-06		
75.25		-1.2563e-06		
75.3		-1.2511e-06		
75.35		-1.2459e-06		
75.4		-1.2408e-06		
75.45		-1.2357e-06		
75.5		-1.2306e-06		
75.55		-1.2256e-06		
75.6		-1.2205e-06		
75.65		-1.2155e-06		
75.7		-1.2105e-06		
75.75		-1.2056e-06		
75.8		-1.2006e-06		
75.85		-1.1957e-06		
75.9		-1.1908e-06		
75.95		-1.186e-06		
76		-1.1811e-06		
76.05		-1.1763e-06		
76.1		-1.1715e-06		
76.15		-1.1667e-06		
76.2		-1.162e-06		
76.25		-1.1572e-06		
76.3		-1.1525e-06		
76.35		-1.1478e-06		
76.4		-1.1432e-06		
76.45		-1.1385e-06		
76.5		-1.1339e-06		
76.55		-1.1293e-06		
76.6		-1.1247e-06		
76.65		-1.1201e-06		
76.7		-1.1156e-06		
76.75		-1.1111e-06		
76.8		-1.1066e-06		
76.85		-1.1021e-06		
76.9		-1.0976e-06		
76.95		-1.0932e-06		
77		-1.0888e-06		
77.05		-1.0844e-06		
77.1		-1.08e-06		
77.15		-1.0757e-06		
77.2		-1.0713e-06		
77.25		-1.067e-06		
77.3		-1.0627e-06		
77.35		-1.0584e-06		
77.4		-1.0542e-06		
77.45		-1.0499e-06		
77.5		-1.0457e-06		
77.55		-1.0415e-06		
77.6		-1.0373e-06		
77.65		-1.0331e-06		
77.7		-1.029e-06		
77.75		-1.0249e-06		
77.8		-1.0207e-06		
77.85		-1.0167e-06		
77.9		-1.0126e-06		
77.95		-1.0085e-06		
78		-1.0045e-06		
78.05		-1.0005e-06		
78.1		-9.9646e-07		
78.15		-9.9247e-07		
78.2		-9.8851e-07		
78.25		-9.8456e-07		
78.3		-9.8062e-07		
78.35		-9.7671e-07		
78.4		-9.7281e-07		
78.45		-9.6893e-07		
78.5		-9.6507e-07		
78.55		-9.6122e-07		
78.6		-9.5739e-07		
78.65		-9.5357e-07		
78.7		-9.4978e-07		
78.75		-9.46e-07		
78.8		-9.4223e-07		
78.85		-9.3848e-07		
78.9		-9.3475e-07		
78.95		-9.3104e-07		
79		-9.2734e-07		
79.05		-9.2365e-07		
79.1		-9.1999e-07		
79.15		-9.1634e-07		
79.2		-9.127e-07		
79.25		-9.0908e-07		
79.3		-9.0547e-07		
79.35		-9.0188e-07		
79.4		-8.9831e-07		
79.45		-8.9475e-07		
79.5		-8.9121e-07		
79.55		-8.8768e-07		
79.6		-8.8417e-07		
79.65		-8.8067e-07		
79.7		-8.7719e-07		
79.75		-8.7372e-07		
79.8		-8.7026e-07		
79.85		-8.6682e-07		
79.9		-8.634e-07		
79.95		-8.5999e-07		
80		-8.5659e-07		
80.05		-8.5321e-07		
80.1		-8.4984e-07		
80.15		-8.4649e-07		
80.2		-8.4315e-07		
80.25		-8.3983e-07		
80.3		-8.3652e-07		
80.35		-8.3322e-07		
80.4		-8.2994e-07		
80.45		-8.2667e-07		
80.5		-8.2341e-07		
80.55		-8.2017e-07		
80.6		-8.1694e-07		
80.65		-8.1372e-07		
80.7		-8.1052e-07		
80.75		-8.0733e-07		
80.8		-8.0416e-07		
80.85		-8.0099e-07		
80.9		-7.9785e-07		
80.95		-7.9471e-07		
81		-7.9159e-07		
81.05		-7.8848e-07		
81.1		-7.8538e-07		
81.15		-7.8229e-07		
81.2		-7.7922e-07		
81.25		-7.7616e-07		
81.3		-7.7311e-07		
81.35		-7.7008e-07		
81.4		-7.6706e-07		
81.45		-7.6405e-07		
81.5		-7.6105e-07		
81.55		-7.5807e-07		
81.6		-7.5509e-07		
81.65		-7.5213e-07		
81.7		-7.4918e-07		
81.75		-7.4625e-07		
81.8		-7.4332e-07		
81.85		-7.4041e-07		
81.9		-7.3751e-07		
81.95		-7.3462e-07		
82		-7.3174e-07		
82.05		-7.2887e-07		
82.1		-7.2602e-07		
82.15		-7.2318e-07		
82.2		-7.2035e-07		
82.25		-7.1753e-07		
82.3		-7.1472e-07		
82.35		-7.1192e-07		
82.4		-7.0913e-07		
82.45		-7.0636e-07		
82.5		-7.0359e-07		
82.55		-7.0084e-07		
82.6		-6.981e-07		
82.65		-6.9537e-07		
82.7		-6.9265e-07		
82.75		-6.8994e-07		
82.8		-6.8724e-07		
82.85		-6.8455e-07		
82.9		-6.8187e-07		
82.95		-6.7921e-07		
83		-6.7655e-07		
83.05		-6.7391e-07		
83.1		-6.7127e-07		
83.15		-6.6865e-07		
83.2		-6.6603e-07		
83.25		-6.6343e-07		
83.3		-6.6083e-07		
83.35		-6.5825e-07		
83.4		-6.5568e-07		
83.45		-6.5311e-07		
83.5		-6.5056e-07		
83.55		-6.4802e-07		
83.6		-6.4548e-07		
83.65		-6.4296e-07		
83.7		-6.4045e-07		
83.75		-6.3794e-07		
83.8		-6.3545e-07		
83.85		-6.3297e-07		
83.9		-6.3049e-07		
83.95		-6.2803e-07		
84		-6.2557e-07		
84.05		-6.2312e-07		
84.1		-6.2069e-07		
84.15		-6.1826e-07		
84.2		-6.1584e-07		
84.25		-6.1344e-07		
84.3		-6.1104e-07		
84.35		-6.0865e-07		
84.4		-6.0627e-07		
84.45		-6.039e-07		
84.5		-6.0153e-07		
84.55		-5.9918e-07		
84.6		-5.9684e-07		
84.65		-5.945e-07		
84.7		-5.9218e-07		
84.75		-5.8986e-07		
84.8		-5.8755e-07		
84.85		-5.8525e-07		
84.9		-5.8296e-07		
84.95		-5.8068e-07		
85		-5.7841e-07		
85.05		-5.7614e-07		
85.1		-5.7389e-07		
85.15		-5.7164e-07		
85.2		-5.694e-07		
85.25		-5.6717e-07		
85.3		-5.6495e-07		
85.35		-5.6273e-07		
85.4		-5.6053e-07		
85.45		-5.5833e-07		
85.5		-5.5614e-07		
85.55		-5.5396e-07		
85.6		-5.5179e-07		
85.65		-5.4962e-07		
85.7		-5.4746e-07		
85.75		-5.4528e-07		
85.8		-5.4321e-07		
85.85		-5.4107e-07		
85.9		-5.3894e-07		
85.95		-5.3682e-07		
86		-5.3472e-07		
86.05		-5.3262e-07		
86.1		-5.3052e-07		
86.15		-5.2844e-07		
86.2		-5.2636e-07		
86.25		-5.243e-07		
86.3		-5.2223e-07		
86.35		-5.2018e-07		
86.4		-5.1814e-07		
86.45		-5.161e-07		
86.5		-5.1407e-07		
86.55		-5.1205e-07		
86.6		-5.1003e-07		
86.65		-5.0802e-07		
86.7		-5.0602e-07		
86.75		-5.0403e-07		
86.8		-5.0204e-07		
86.85		-5.0007e-07		
86.9		-4.981e-07		
86.95		-4.9613e-07		
87		-4.9418e-07		
87.05		-4.9223e-07		
87.1		-4.9029e-07		
87.15		-4.8835e-07		
87.2		-4.8642e-07		
87.25		-4.845e-07		
87.3		-4.8259e-07		
87.35		-4.8068e-07		
87.4		-4.7878e-07		
87.45		-4.7689e-07		
87.5		-4.7501e-07		
87.55		-4.7313e-07		
87.6		-4.7125e-07		
87.65		-4.6939e-07		
87.7		-4.6753e-07		
87.75		-4.6568e-07		
87.8		-4.6383e-07		
87.85		-4.62e-07		
87.9		-4.6017e-07		
87.95		-4.5834e-07		
88		-4.5652e-07		
88.05		-4.5471e-07		
88.1		-4.5291e-07		
88.15		-4.5111e-07		
88.2		-4.4932e-07		
88.25		-4.4753e-07		
88.3		-4.4575e-07		
88.35		-4.4398e-07		
88.4		-4.4221e-07		
88.45		-4.4045e-07		
88.5		-4.387e-07		
88.55		-4.3695e-07		
88.6		-4.3521e-07		
88.65		-4.3348e-07		
88.7		-4.3175e-07		
88.75		-4.3003e-07		
88.8		-4.2831e-07		
88.85		-4.266e-07		
88.9		-4.249e-07		
88.95		-4.232e-07		
89		-4.2151e-07		
89.05		-4.1982e-07		
89.1		-4.1814e-07		
89.15		-4.1647e-07		
89.2		-4.148e-07		
89.25		-4.1314e-07		
89.3		-4.1148e-07		
89.35		-4.0983e-07		
89.4		-4.0819e-07		
89.45		-4.0655e-07		
89.5		-4.0492e-07		
89.55		-4.0329e-07		
89.6		-4.0167e-07		
89.65		-4.0005e-07		
89.7		-3.9844e-07		
89.75		-3.9684e-07		
89.8		-3.9524e-07		
89.85		-3.9365e-07		
89.9		-3.9206e-07		
89.95		-3.9048e-07		
90		-3.8891e-07		
90.05		-3.8734e-07		
90.1		-3.8577e-07		
90.15		-3.8421e-07		
90.2		-3.8266e-07		
90.25		-3.8111e-07		
90.3		-3.7957e-07		
90.35		-3.7803e-07		
90.4		-3.765e-07		
90.45		-3.7497e-07		
90.5		-3.7345e-07		
90.55		-3.7193e-07		
90.6		-3.7042e-07		
90.65		-3.6892e-07		
90.7		-3.6742e-07		
90.75		-3.6592e-07		
90.8		-3.6443e-07		
90.85		-3.6295e-07		
90.9		-3.6147e-07		
90.95		-3.5999e-07		
91		-3.5852e-07		
91.05		-3.5706e-07		
91.1		-3.556e-07		
91.15		-3.5415e-07		
91.2		-3.527e-07		
91.25		-3.5125e-07		
91.3		-3.4982e-07		
91.35		-3.4838e-07		
91.4		-3.4695e-07		
91.45		-3.4553e-07		
91.5		-3.4411e-07		
91.55		-3.4269e-07		
91.6		-3.4128e-07		
91.65		-3.3988e-07		
91.7		-3.3848e-07		
91.75		-3.3709e-07		
91.8		-3.357e-07		
91.85		-3.3431e-07		
91.9		-3.3293e-07		
91.95		-3.3155e-07		
92		-3.3018e-07		
92.05		-3.2882e-07		
92.1		-3.2745e-07		
92.15		-3.261e-07		
92.2		-3.2474e-07		
92.25		-3.234e-07		
92.3		-3.2205e-07		
92.35		-3.2071e-07		
92.4		-3.1938e-07		
92.45		-3.1805e-07		
92.5		-3.1673e-07		
92.55		-3.1541e-07		
92.6		-3.1409e-07		
92.65		-3.1278e-07		
92.7		-3.1147e-07		
92.75		-3.1017e-07		
92.8		-3.0887e-07		
92.85		-3.0758e-07		
92.9		-3.0629e-07		
92.95		-3.05e-07		
93		-3.0372e-07		
93.05		-3.0244e-07		
93.1		-3.0117e-07		
93.15		-2.999e-07		
93.2		-2.9864e-07		
93.25		-2.9738e-07		
93.3		-2.9613e-07		
93.35		-2.9487e-07		
93.4		-2.9363e-07		
93.45		-2.9239e-07		
93.5		-2.9115e-07		
93.55		-2.8991e-07		
93.6		-2.8868e-07		
93.65		-2.8746e-07		
93.7		-2.8624e-07		
93.75		-2.8502e-07		
93.8		-2.838e-07		
93.85		-2.8259e-07		
93.9		-2.8139e-07		
93.95		-2.8019e-07		
94		-2.7899e-07		
94.05		-2.778e-07		
94.1		-2.7661e-07		
94.15		-2.7542e-07		
94.2		-2.7424e-07		
94.25		-2.7306e-07		
94.3		-2.7189e-07		
94.35		-2.7072e-07		
94.4		-2.6955e-07		
94.45		-2.6839e-07		
94.5		-2.6723e-07		
94.55		-2.6608e-07		
94.6		-2.6493e-07		
94.65		-2.6378e-07		
94.7		-2.6264e-07		
94.75		-2.615e-07		
94.8		-2.6037e-07		
94.85		-2.5923e-07		
94.9		-2.5811e-07		
94.95		-2.5698e-07		
95		-2.5586e-07		
95.05		-2.5475e-07		
95.1		-2.5363e-07		
95.15		-2.5252e-07		
95.2		-2.5142e-07		
95.25		-2.5032e-07		
95.3		-2.4922e-07		
95.35		-2.4812e-07		
95.4		-2.4703e-07		
95.45		-2.4595e-07		
95.5		-2.4486e-07		
95.55		-2.4378e-07		
95.6		-2.427e-07		
95.65		-2.4163e-07		
95.7		-2.4056e-07		
95.75		-2.395e-07		
95.8		-2.3843e-07		
95.85		-2.3737e-07		
95.9		-2.3632e-07		
95.95		-2.3527e-07		
96		-2.3422e-07		
96.05		-2.3317e-07		
96.1		-2.3213e-07		
96.15		-2.3109e-07		
96.2		-2.3006e-07		
96.25		-2.2902e-07		
96.3		-2.28e-07		
96.35		-2.2697e-07		
96.4		-2.2595e-07		
96.45		-2.2493e-07		
96.5		-2.2392e-07		
96.55		-2.229e-07		
96.6		-2.2189e-07		
96.65		-2.2089e-07		
96.7		-2.1989e-07		
96.75		-2.1889e-07		
96.8		-2.1789e-07		
96.85		-2.169e-07		
96.9		-2.1591e-07		
96.95		-2.1493e-07		
97		-2.1394e-07		
97.05		-2.1296e-07		
97.1		-2.1199e-07		
97.15		-2.1101e-07		
97.2		-2.1004e-07		
97.25		-2.0908e-07		
97.3		-2.0811e-07		
97.35		-2.0715e-07		
97.4		-2.062e-07		
97.45		-2.0524e-07		
97.5		-2.0429e-07		
97.55		-2.0334e-07		
97.6		-2.024e-07		
97.65		-2.0145e-07		
97.7		-2.0052e-07		
97.75		-1.9958e-07		
97.8		-1.9865e-07		
97.85		-1.9772e-07		
97.9		-1.9679e-07		
97.95		-1.9586e-07		
98		-1.9494e-07		
98.05		-1.9403e-07		
98.1		-1.9311e-07		
98.15		-1.922e-07		
98.2		-1.9129e-07		
98.25		-1.9038e-07		
98.3		-1.8948e-07		
98.35		-1.8858e-07		
98.4		-1.8768e-07		
98.45		-1.8678e-07		
98.5		-1.8589e-07		
98.55		-1.85e-07		
98.6		-1.8412e-07		
98.65		-1.8323e-07		
98.7		-1.8235e-07		
98.75		-1.8147e-07		
98.8		-1.806e-07		
98.85		-1.7973e-07		
98.9		-1.7886e-07		
98.95		-1.7799e-07		
99		-1.7713e-07		
99.05		-1.7626e-07		
99.1		-1.7541e-07		
99.15		-1.7455e-07		
99.2		-1.737e-07		
99.25		-1.7285e-07		
99.3		-1.72e-07		
99.35		-1.7115e-07		
99.4		-1.7031e-07		
99.45		-1.6947e-07		
99.5		-1.6863e-07		
99.55		-1.678e-07		
99.6		-1.6697e-07		
99.65		-1.6614e-07		
99.7		-1.6531e-07		
99.75		-1.6449e-07		
99.8		-1.6367e-07		
99.85		-1.6285e-07		
99.9		-1.6203e-07		
99.95		-1.6122e-07		
100		-1.6041e-07		
