t [fm]		R_piNS^-1
0.25		4.1392
0.3		3.4532		
0.35		2.9641		
0.4		2.5978		
0.45		2.313		
0.5		2.0853		
0.55		1.8991		
0.6		1.744		
0.65		1.6127		
0.7		1.5001		
0.75		1.4025		
0.8		1.3171		
0.85		1.2418		
0.9		1.1748		
0.95		1.1148		
1		1.0608		
1.05		1.0119		
1.1		0.96747		
1.15		0.92687		
1.2		0.88964		
1.25		0.85536		
1.3		0.82371		
1.35		0.79439		
1.4		0.76716		
1.45		0.74179		
1.5		0.7181		
1.55		0.69592		
1.6		0.67513		
1.65		0.65558		
1.7		0.63718		
1.75		0.61982		
1.8		0.60341		
1.85		0.58789		
1.9		0.57317		
1.95		0.55921		
2		0.54593		
2.05		0.5333		
2.1		0.52126		
2.15		0.50978		
2.2		0.49882		
2.25		0.48833		
2.3		0.4783		
2.35		0.46869		
2.4		0.45948		
2.45		0.45064		
2.5		0.44215		
2.55		0.43399		
2.6		0.42614		
2.65		0.41858		
2.7		0.4113		
2.75		0.40428		
2.8		0.39751		
2.85		0.39098		
2.9		0.38466		
2.95		0.37856		
3		0.37266		
3.05		0.36695		
3.1		0.36143		
3.15		0.35607		
3.2		0.35088		
3.25		0.34585		
3.3		0.34097		
3.35		0.33623		
3.4		0.33163		
3.45		0.32717		
3.5		0.32282		
3.55		0.3186		
3.6		0.3145		
3.65		0.3105		
3.7		0.30661		
3.75		0.30283		
3.8		0.29914		
3.85		0.29555		
3.9		0.29204		
3.95		0.28863		
4		0.2853		
4.05		0.28205		
4.1		0.27888		
4.15		0.27578		
4.2		0.27276		
4.25		0.2698		
4.3		0.26691		
4.35		0.26409		
4.4		0.26133		
4.45		0.25864		
4.5		0.256		
4.55		0.25342		
4.6		0.25089		
4.65		0.24842		
4.7		0.246		
4.75		0.24362		
4.8		0.2413		
4.85		0.23903		
4.9		0.2368		
4.95		0.23461		
5		0.23247		
5.05		0.23036		
5.1		0.2283		
5.15		0.22628		
5.2		0.2243		
5.25		0.22235		
5.3		0.22044		
5.35		0.21856		
5.4		0.21672		
5.45		0.21491		
5.5		0.21313		
5.55		0.21139		
5.6		0.20967		
5.65		0.20799		
5.7		0.20633		
5.75		0.2047		
5.8		0.2031		
5.85		0.20152		
5.9		0.19997		
5.95		0.19845		
6		0.19695		
6.05		0.19548		
6.1		0.19403		
6.15		0.1926		
6.2		0.19119		
6.25		0.18981		
6.3		0.18845		
6.35		0.1871		
6.4		0.18578		
6.45		0.18448		
6.5		0.1832		
6.55		0.18194		
6.6		0.18069		
6.65		0.17946		
6.7		0.17826		
6.75		0.17706		
6.8		0.17589		
6.85		0.17473		
6.9		0.17359		
6.95		0.17246		
7		0.17135		
7.05		0.17026		
7.1		0.16918		
7.15		0.16811		
7.2		0.16706		
7.25		0.16602		
7.3		0.165		
7.35		0.16399		
7.4		0.16299		
7.45		0.162		
7.5		0.16103		
7.55		0.16007		
7.6		0.15912		
7.65		0.15819		
7.7		0.15726		
7.75		0.15635		
7.8		0.15545		
7.85		0.15456		
7.9		0.15368		
7.95		0.15281		
8		0.15195		
8.05		0.1511		
8.1		0.15027		
8.15		0.14944		
8.2		0.14862		
8.25		0.14781		
8.3		0.14701		
8.35		0.14622		
8.4		0.14543		
8.45		0.14466		
8.5		0.14389		
8.55		0.14314		
8.6		0.14239		
8.65		0.14165		
8.7		0.14092		
8.75		0.14019		
8.8		0.13948		
8.85		0.13877		
8.9		0.13807		
8.95		0.13738		
9		0.13669		
9.05		0.13601		
9.1		0.13534		
9.15		0.13467		
9.2		0.13401		
9.25		0.13336		
9.3		0.13272		
9.35		0.13208		
9.4		0.13145		
9.45		0.13082		
9.5		0.1302		
9.55		0.12959		
9.6		0.12898		
9.65		0.12838		
9.7		0.12778		
9.75		0.12719		
9.8		0.12661		
9.85		0.12603		
9.9		0.12546		
9.95		0.12489		
10		0.12432		
10.05		0.12377		
10.1		0.12322		
10.15		0.12267		
10.2		0.12213		
10.25		0.12159		
10.3		0.12106		
10.35		0.12053		
10.4		0.12001		
10.45		0.11949		
10.5		0.11897		
10.55		0.11846		
10.6		0.11796		
10.65		0.11746		
10.7		0.11696		
10.75		0.11647		
10.8		0.11598		
10.85		0.1155		
10.9		0.11502		
10.95		0.11455		
11		0.11407		
11.05		0.11361		
11.1		0.11314		
11.15		0.11268		
11.2		0.11223		
11.25		0.11178		
11.3		0.11133		
11.35		0.11088		
11.4		0.11044		
11.45		0.11001		
11.5		0.10957		
11.55		0.10914		
11.6		0.10871		
11.65		0.10829		
11.7		0.10787		
11.75		0.10745		
11.8		0.10704		
11.85		0.10663		
11.9		0.10622		
11.95		0.10582		
12		0.10542		
12.05		0.10502		
12.1		0.10462		
12.15		0.10423		
12.2		0.10384		
12.25		0.10346		
12.3		0.10307		
12.35		0.10269		
12.4		0.10231		
12.45		0.10194		
12.5		0.10157		
12.55		0.1012		
12.6		0.10083		
12.65		0.10047		
12.7		0.10011		
12.75		0.099746		
12.8		0.09939		
12.85		0.099036		
12.9		0.098685		
12.95		0.098336		
13		0.097989		
13.05		0.097645		
13.1		0.097304		
13.15		0.096965		
13.2		0.096628		
13.25		0.096293		
13.3		0.095961		
13.35		0.095631		
13.4		0.095303		
13.45		0.094977		
13.5		0.094654		
13.55		0.094333		
13.6		0.094014		
13.65		0.093697		
13.7		0.093382		
13.75		0.093069		
13.8		0.092759		
13.85		0.09245		
13.9		0.092143		
13.95		0.091839		
14		0.091536		
14.05		0.091235		
14.1		0.090936		
14.15		0.090639		
14.2		0.090344		
14.25		0.090051		
14.3		0.08976		
14.35		0.089471		
14.4		0.089183		
14.45		0.088897		
14.5		0.088613		
14.55		0.088331		
14.6		0.08805		
14.65		0.087772		
14.7		0.087495		
14.75		0.087219		
14.8		0.086945		
14.85		0.086673		
14.9		0.086403		
14.95		0.086134		
15		0.085867		
15.05		0.085602		
15.1		0.085338		
15.15		0.085075		
15.2		0.084814		
15.25		0.084555		
15.3		0.084297		
15.35		0.084041		
15.4		0.083786		
15.45		0.083533		
15.5		0.083281		
15.55		0.083031		
15.6		0.082782		
15.65		0.082534		
15.7		0.082288		
15.75		0.082044		
15.8		0.0818		
15.85		0.081558		
15.9		0.081318		
15.95		0.081079		
16		0.080841		
16.05		0.080604		
16.1		0.080369		
16.15		0.080135		
16.2		0.079903		
16.25		0.079671		
16.3		0.079441		
16.35		0.079212		
16.4		0.078985		
16.45		0.078758		
16.5		0.078533		
16.55		0.07831		
16.6		0.078087		
16.65		0.077865		
16.7		0.077645		
16.75		0.077426		
16.8		0.077208		
16.85		0.076991		
16.9		0.076776		
16.95		0.076561		
17		0.076348		
17.05		0.076135		
17.1		0.075924		
17.15		0.075714		
17.2		0.075505		
17.25		0.075297		
17.3		0.07509		
17.35		0.074885		
17.4		0.07468		
17.45		0.074476		
17.5		0.074274		
17.55		0.074072		
17.6		0.073871		
17.65		0.073672		
17.7		0.073473		
17.75		0.073276		
17.8		0.073079		
17.85		0.072883		
17.9		0.072689		
17.95		0.072495		
18		0.072302		
18.05		0.07211		
18.1		0.07192		
18.15		0.07173		
18.2		0.071541		
18.25		0.071353		
18.3		0.071165		
18.35		0.070979		
18.4		0.070794		
18.45		0.070609		
18.5		0.070426		
18.55		0.070243		
18.6		0.070061		
18.65		0.06988		
18.7		0.0697		
18.75		0.06952		
18.8		0.069342		
18.85		0.069164		
18.9		0.068988		
18.95		0.068812		
19		0.068636		
19.05		0.068462		
19.1		0.068288		
19.15		0.068116		
19.2		0.067944		
19.25		0.067773		
19.3		0.067602		
19.35		0.067432		
19.4		0.067264		
19.45		0.067095		
19.5		0.066928		
19.55		0.066762		
19.6		0.066596		
19.65		0.066431		
19.7		0.066266		
19.75		0.066103		
19.8		0.06594		
19.85		0.065777		
19.9		0.065616		
19.95		0.065455		
20		0.065295		
20.05		0.065136		
20.1		0.064977		
20.15		0.064819		
20.2		0.064662		
20.25		0.064505		
20.3		0.064349		
20.35		0.064194		
20.4		0.064039		
20.45		0.063885		
20.5		0.063732		
20.55		0.063579		
20.6		0.063427		
20.65		0.063276		
20.7		0.063125		
20.75		0.062975		
20.8		0.062825		
20.85		0.062676		
20.9		0.062528		
20.95		0.062381		
21		0.062234		
21.05		0.062087		
21.1		0.061941		
21.15		0.061796		
21.2		0.061651		
21.25		0.061507		
21.3		0.061364		
21.35		0.061221		
21.4		0.061079		
21.45		0.060937		
21.5		0.060796		
21.55		0.060655		
21.6		0.060515		
21.65		0.060376		
21.7		0.060237		
21.75		0.060099		
21.8		0.059961		
21.85		0.059824		
21.9		0.059687		
21.95		0.059551		
22		0.059415		
22.05		0.05928		
22.1		0.059145		
22.15		0.059011		
22.2		0.058878		
22.25		0.058745		
22.3		0.058612		
22.35		0.05848		
22.4		0.058349		
22.45		0.058218		
22.5		0.058087		
22.55		0.057957		
22.6		0.057828		
22.65		0.057699		
22.7		0.05757		
22.75		0.057442		
22.8		0.057314		
22.85		0.057187		
22.9		0.057061		
22.95		0.056935		
23		0.056809		
23.05		0.056684		
23.1		0.056559		
23.15		0.056435		
23.2		0.056311		
23.25		0.056188		
23.3		0.056065		
23.35		0.055942		
23.4		0.05582		
23.45		0.055699		
23.5		0.055578		
23.55		0.055457		
23.6		0.055337		
23.65		0.055217		
23.7		0.055097		
23.75		0.054979		
23.8		0.05486		
23.85		0.054742		
23.9		0.054624		
23.95		0.054507		
24		0.05439		
24.05		0.054274		
24.1		0.054158		
24.15		0.054042		
24.2		0.053927		
24.25		0.053812		
24.3		0.053698		
24.35		0.053584		
24.4		0.05347		
24.45		0.053357		
24.5		0.053244		
24.55		0.053132		
24.6		0.05302		
24.65		0.052908		
24.7		0.052797		
24.75		0.052686		
24.8		0.052576		
24.85		0.052466		
24.9		0.052356		
24.95		0.052246		
25		0.052138		
25.05		0.052029		
25.1		0.051921		
25.15		0.051813		
25.2		0.051705		
25.25		0.051598		
25.3		0.051491		
25.35		0.051385		
25.4		0.051279		
25.45		0.051173		
25.5		0.051068		
25.55		0.050963		
25.6		0.050858		
25.65		0.050754		
25.7		0.05065		
25.75		0.050546		
25.8		0.050443		
25.85		0.05034		
25.9		0.050237		
25.95		0.050135		
26		0.050033		
26.05		0.049932		
26.1		0.04983		
26.15		0.04973		
26.2		0.049629		
26.25		0.049529		
26.3		0.049429		
26.35		0.049329		
26.4		0.04923		
26.45		0.049131		
26.5		0.049032		
26.55		0.048934		
26.6		0.048836		
26.65		0.048738		
26.7		0.048641		
26.75		0.048544		
26.8		0.048447		
26.85		0.04835		
26.9		0.048254		
26.95		0.048158		
27		0.048063		
27.05		0.047967		
27.1		0.047873		
27.15		0.047778		
27.2		0.047683		
27.25		0.047589		
27.3		0.047496		
27.35		0.047402		
27.4		0.047309		
27.45		0.047216		
27.5		0.047124		
27.55		0.047031		
27.6		0.046939		
27.65		0.046847		
27.7		0.046756		
27.75		0.046665		
27.8		0.046574		
27.85		0.046483		
27.9		0.046393		
27.95		0.046303		
28		0.046213		
28.05		0.046124		
28.1		0.046034		
28.15		0.045946		
28.2		0.045857		
28.25		0.045768		
28.3		0.04568		
28.35		0.045592		
28.4		0.045505		
28.45		0.045418		
28.5		0.04533		
28.55		0.045244		
28.6		0.045157		
28.65		0.045071		
28.7		0.044985		
28.75		0.044899		
28.8		0.044814		
28.85		0.044728		
28.9		0.044643		
28.95		0.044559		
29		0.044474		
29.05		0.04439		
29.1		0.044306		
29.15		0.044222		
29.2		0.044139		
29.25		0.044055		
29.3		0.043972		
29.35		0.04389		
29.4		0.043807		
29.45		0.043725		
29.5		0.043643		
29.55		0.043561		
29.6		0.04348		
29.65		0.043398		
29.7		0.043317		
29.75		0.043237		
29.8		0.043156		
29.85		0.043076		
29.9		0.042996		
29.95		0.042916		
30		0.042836		
30.05		0.042757		
30.1		0.042678		
30.15		0.042599		
30.2		0.04252		
30.25		0.042441		
30.3		0.042363		
30.35		0.042285		
30.4		0.042207		
30.45		0.04213		
30.5		0.042053		
30.55		0.041975		
30.6		0.041899		
30.65		0.041822		
30.7		0.041745		
30.75		0.041669		
30.8		0.041593		
30.85		0.041517		
30.9		0.041442		
30.95		0.041366		
31		0.041291		
31.05		0.041216		
31.1		0.041142		
31.15		0.041067		
31.2		0.040993		
31.25		0.040919		
31.3		0.040845		
31.35		0.040771		
31.4		0.040698		
31.45		0.040625		
31.5		0.040552		
31.55		0.040479		
31.6		0.040406		
31.65		0.040334		
31.7		0.040262		
31.75		0.04019		
31.8		0.040118		
31.85		0.040046		
31.9		0.039975		
31.95		0.039904		
32		0.039833		
32.05		0.039762		
32.1		0.039692		
32.15		0.039621		
32.2		0.039551		
32.25		0.039481		
32.3		0.039411		
32.35		0.039342		
32.4		0.039272		
32.45		0.039203		
32.5		0.039134		
32.55		0.039065		
32.6		0.038997		
32.65		0.038928		
32.7		0.03886		
32.75		0.038792		
32.8		0.038724		
32.85		0.038656		
32.9		0.038589		
32.95		0.038522		
33		0.038454		
33.05		0.038388		
33.1		0.038321		
33.15		0.038254		
33.2		0.038188		
33.25		0.038122		
33.3		0.038056		
33.35		0.03799		
33.4		0.037924		
33.45		0.037859		
33.5		0.037794		
33.55		0.037728		
33.6		0.037664		
33.65		0.037599		
33.7		0.037534		
33.75		0.03747		
33.8		0.037406		
33.85		0.037342		
33.9		0.037278		
33.95		0.037214		
34		0.037151		
34.05		0.037087		
34.1		0.037024		
34.15		0.036961		
34.2		0.036898		
34.25		0.036836		
34.3		0.036773		
34.35		0.036711		
34.4		0.036649		
34.45		0.036587		
34.5		0.036525		
34.55		0.036463		
34.6		0.036402		
34.65		0.036341		
34.7		0.036279		
34.75		0.036219		
34.8		0.036158		
34.85		0.036097		
34.9		0.036037		
34.95		0.035976		
35		0.035916		
35.05		0.035856		
35.1		0.035796		
35.15		0.035737		
35.2		0.035677		
35.25		0.035618		
35.3		0.035559		
35.35		0.0355		
35.4		0.035441		
35.45		0.035382		
35.5		0.035324		
35.55		0.035265		
35.6		0.035207		
35.65		0.035149		
35.7		0.035091		
35.75		0.035033		
35.8		0.034976		
35.85		0.034918		
35.9		0.034861		
35.95		0.034804		
36		0.034747		
36.05		0.03469		
36.1		0.034633		
36.15		0.034577		
36.2		0.03452		
36.25		0.034464		
36.3		0.034408		
36.35		0.034352		
36.4		0.034296		
36.45		0.034241		
36.5		0.034185		
36.55		0.03413		
36.6		0.034074		
36.65		0.034019		
36.7		0.033971		
36.75		0.033926		
36.8		0.033882		
36.85		0.033838		
36.9		0.033794		
36.95		0.03375		
37		0.033706		
37.05		0.033662		
37.1		0.033619		
37.15		0.033575		
37.2		0.033532		
37.25		0.033488		
37.3		0.033445		
37.35		0.033402		
37.4		0.033359		
37.45		0.033316		
37.5		0.033273		
37.55		0.03323		
37.6		0.033187		
37.65		0.033145		
37.7		0.033102		
37.75		0.03306		
37.8		0.033017		
37.85		0.032975		
37.9		0.032933		
37.95		0.032891		
38		0.032849		
38.05		0.032807		
38.1		0.032765		
38.15		0.032723		
38.2		0.032682		
38.25		0.03264		
38.3		0.032599		
38.35		0.032558		
38.4		0.032516		
38.45		0.032475		
38.5		0.032434		
38.55		0.032393		
38.6		0.032352		
38.65		0.032312		
38.7		0.032271		
38.75		0.03223		
38.8		0.03219		
38.85		0.032149		
38.9		0.032109		
38.95		0.032069		
39		0.032029		
39.05		0.031989		
39.1		0.031949		
39.15		0.031909		
39.2		0.031869		
39.25		0.031829		
39.3		0.03179		
39.35		0.03175		
39.4		0.031711		
39.45		0.031671		
39.5		0.031632		
39.55		0.031593		
39.6		0.031554		
39.65		0.031515		
39.7		0.031476		
39.75		0.031437		
39.8		0.031398		
39.85		0.031359		
39.9		0.031321		
39.95		0.031282		
40		0.031244		
40.05		0.031206		
40.1		0.031167		
40.15		0.031129		
40.2		0.031091		
40.25		0.031053		
40.3		0.031015		
40.35		0.030977		
40.4		0.03094		
40.45		0.030902		
40.5		0.030864		
40.55		0.030827		
40.6		0.030789		
40.65		0.030752		
40.7		0.030715		
40.75		0.030678		
40.8		0.030641		
40.85		0.030604		
40.9		0.030567		
40.95		0.03053		
41		0.030493		
41.05		0.030456		
41.1		0.03042		
41.15		0.030383		
41.2		0.030347		
41.25		0.03031		
41.3		0.030274		
41.35		0.030238		
41.4		0.030202		
41.45		0.030166		
41.5		0.03013		
41.55		0.030094		
41.6		0.030058		
41.65		0.030022		
41.7		0.029986		
41.75		0.029951		
41.8		0.029915		
41.85		0.02988		
41.9		0.029845		
41.95		0.029809		
42		0.029774		
42.05		0.029739		
42.1		0.029704		
42.15		0.029669		
42.2		0.029634		
42.25		0.029599		
42.3		0.029564		
42.35		0.02953		
42.4		0.029495		
42.45		0.029461		
42.5		0.029426		
42.55		0.029392		
42.6		0.029357		
42.65		0.029323		
42.7		0.029289		
42.75		0.029255		
42.8		0.029221		
42.85		0.029187		
42.9		0.029153		
42.95		0.029119		
43		0.029086		
43.05		0.029052		
43.1		0.029018		
43.15		0.028985		
43.2		0.028952		
43.25		0.028918		
43.3		0.028885		
43.35		0.028852		
43.4		0.028819		
43.45		0.028785		
43.5		0.028752		
43.55		0.02872		
43.6		0.028687		
43.65		0.028654		
43.7		0.028621		
43.75		0.028589		
43.8		0.028556		
43.85		0.028523		
43.9		0.028491		
43.95		0.028459		
44		0.028426		
44.05		0.028394		
44.1		0.028362		
44.15		0.02833		
44.2		0.028298		
44.25		0.028266		
44.3		0.028234		
44.35		0.028202		
44.4		0.02817		
44.45		0.028139		
44.5		0.028107		
44.55		0.028076		
44.6		0.028044		
44.65		0.028013		
44.7		0.027981		
44.75		0.02795		
44.8		0.027919		
44.85		0.027888		
44.9		0.027857		
44.95		0.027826		
45		0.027795		
45.05		0.027764		
45.1		0.027733		
45.15		0.027702		
45.2		0.027671		
45.25		0.027641		
45.3		0.02761		
45.35		0.02758		
45.4		0.027549		
45.45		0.027519		
45.5		0.027489		
45.55		0.027458		
45.6		0.027428		
45.65		0.027398		
45.7		0.027368		
45.75		0.027338		
45.8		0.027308		
45.85		0.027278		
45.9		0.027248		
45.95		0.027219		
46		0.027189		
46.05		0.027159		
46.1		0.02713		
46.15		0.0271		
46.2		0.027071		
46.25		0.027042		
46.3		0.027012		
46.35		0.026983		
46.4		0.026954		
46.45		0.026925		
46.5		0.026896		
46.55		0.026867		
46.6		0.026838		
46.65		0.026809		
46.7		0.02678		
46.75		0.026751		
46.8		0.026722		
46.85		0.026694		
46.9		0.026665		
46.95		0.026637		
47		0.026608		
47.05		0.02658		
47.1		0.026552		
47.15		0.026523		
47.2		0.026495		
47.25		0.026467		
47.3		0.026439		
47.35		0.026411		
47.4		0.026383		
47.45		0.026355		
47.5		0.026327		
47.55		0.026299		
47.6		0.026271		
47.65		0.026244		
47.7		0.026216		
47.75		0.026188		
47.8		0.026161		
47.85		0.026133		
47.9		0.026106		
47.95		0.026078		
48		0.026051		
48.05		0.026024		
48.1		0.025997		
48.15		0.02597		
48.2		0.025942		
48.25		0.025915		
48.3		0.025888		
48.35		0.025861		
48.4		0.025835		
48.45		0.025808		
48.5		0.025781		
48.55		0.025754		
48.6		0.025728		
48.65		0.025701		
48.7		0.025675		
48.75		0.025648		
48.8		0.025622		
48.85		0.025595		
48.9		0.025569		
48.95		0.025543		
49		0.025516		
49.05		0.02549		
49.1		0.025464		
49.15		0.025438		
49.2		0.025412		
49.25		0.025386		
49.3		0.02536		
49.35		0.025334		
49.4		0.025308		
49.45		0.025283		
49.5		0.025257		
49.55		0.025231		
49.6		0.025206		
49.65		0.02518		
49.7		0.025155		
49.75		0.025129		
49.8		0.025104		
49.85		0.025079		
49.9		0.025053		
49.95		0.025028		
50		0.025003		
50.05		0.024978		
50.1		0.024953		
50.15		0.024928		
50.2		0.024903		
50.25		0.024878		
50.3		0.024853		
50.35		0.024828		
50.4		0.024803		
50.45		0.024778		
50.5		0.024754		
50.55		0.024729		
50.6		0.024704		
50.65		0.02468		
50.7		0.024655		
50.75		0.024631		
50.8		0.024606		
50.85		0.024582		
50.9		0.024558		
50.95		0.024534		
51		0.024509		
51.05		0.024485		
51.1		0.024461		
51.15		0.024437		
51.2		0.024413		
51.25		0.024389		
51.3		0.024365		
51.35		0.024341		
51.4		0.024317		
51.45		0.024294		
51.5		0.02427		
51.55		0.024246		
51.6		0.024222		
51.65		0.024199		
51.7		0.024175		
51.75		0.024152		
51.8		0.024128		
51.85		0.024105		
51.9		0.024082		
51.95		0.024058		
52		0.024035		
52.05		0.024012		
52.1		0.023989		
52.15		0.023965		
52.2		0.023942		
52.25		0.023919		
52.3		0.023896		
52.35		0.023873		
52.4		0.02385		
52.45		0.023827		
52.5		0.023805		
52.55		0.023782		
52.6		0.023759		
52.65		0.023736		
52.7		0.023714		
52.75		0.023691		
52.8		0.023668		
52.85		0.023646		
52.9		0.023623		
52.95		0.023601		
53		0.023579		
53.05		0.023556		
53.1		0.023534		
53.15		0.023512		
53.2		0.023489		
53.25		0.023467		
53.3		0.023445		
53.35		0.023423		
53.4		0.023401		
53.45		0.023379		
53.5		0.023357		
53.55		0.023335		
53.6		0.023313		
53.65		0.023291		
53.7		0.023269		
53.75		0.023248		
53.8		0.023226		
53.85		0.023204		
53.9		0.023183		
53.95		0.023161		
54		0.023139		
54.05		0.023118		
54.1		0.023096		
54.15		0.023075		
54.2		0.023054		
54.25		0.023032		
54.3		0.023011		
54.35		0.02299		
54.4		0.022968		
54.45		0.022947		
54.5		0.022926		
54.55		0.022905		
54.6		0.022884		
54.65		0.022863		
54.7		0.022842		
54.75		0.022821		
54.8		0.0228		
54.85		0.022779		
54.9		0.022758		
54.95		0.022737		
55		0.022717		
55.05		0.022696		
55.1		0.022675		
55.15		0.022655		
55.2		0.022634		
55.25		0.022613		
55.3		0.022593		
55.35		0.022572		
55.4		0.022552		
55.45		0.022531		
55.5		0.022511		
55.55		0.022491		
55.6		0.02247		
55.65		0.02245		
55.7		0.02243		
55.75		0.02241		
55.8		0.022389		
55.85		0.022369		
55.9		0.022349		
55.95		0.022329		
56		0.022309		
56.05		0.022289		
56.1		0.022269		
56.15		0.022249		
56.2		0.022229		
56.25		0.02221		
56.3		0.02219		
56.35		0.02217		
56.4		0.02215		
56.45		0.022131		
56.5		0.022111		
56.55		0.022091		
56.6		0.022072		
56.65		0.022052		
56.7		0.022033		
56.75		0.022013		
56.8		0.021994		
56.85		0.021974		
56.9		0.021955		
56.95		0.021936		
57		0.021916		
57.05		0.021897		
57.1		0.021878		
57.15		0.021859		
57.2		0.02184		
57.25		0.02182		
57.3		0.021801		
57.35		0.021782		
57.4		0.021763		
57.45		0.021744		
57.5		0.021725		
57.55		0.021706		
57.6		0.021687		
57.65		0.021669		
57.7		0.02165		
57.75		0.021631		
57.8		0.021612		
57.85		0.021593		
57.9		0.021575		
57.95		0.021556		
58		0.021537		
58.05		0.021519		
58.1		0.0215		
58.15		0.021482		
58.2		0.021463		
58.25		0.021445		
58.3		0.021426		
58.35		0.021408		
58.4		0.02139		
58.45		0.021371		
58.5		0.021353		
58.55		0.021335		
58.6		0.021317		
58.65		0.021298		
58.7		0.02128		
58.75		0.021262		
58.8		0.021244		
58.85		0.021226		
58.9		0.021208		
58.95		0.02119		
59		0.021172		
59.05		0.021154		
59.1		0.021136		
59.15		0.021118		
59.2		0.0211		
59.25		0.021082		
59.3		0.021065		
59.35		0.021047		
59.4		0.021029		
59.45		0.021011		
59.5		0.020994		
59.55		0.020976		
59.6		0.020959		
59.65		0.020941		
59.7		0.020923		
59.75		0.020906		
59.8		0.020888		
59.85		0.020871		
59.9		0.020854		
59.95		0.020836		
60		0.020819		
60.05		0.020801		
60.1		0.020784		
60.15		0.020767		
60.2		0.02075		
60.25		0.020732		
60.3		0.020715		
60.35		0.020698		
60.4		0.020681		
60.45		0.020664		
60.5		0.020647		
60.55		0.02063		
60.6		0.020613		
60.65		0.020596		
60.7		0.020579		
60.75		0.020562		
60.8		0.020545		
60.85		0.020528		
60.9		0.020511		
60.95		0.020494		
61		0.020478		
61.05		0.020461		
61.1		0.020444		
61.15		0.020427		
61.2		0.020411		
61.25		0.020394		
61.3		0.020378		
61.35		0.020361		
61.4		0.020344		
61.45		0.020328		
61.5		0.020311		
61.55		0.020295		
61.6		0.020278		
61.65		0.020262		
61.7		0.020246		
61.75		0.020229		
61.8		0.020213		
61.85		0.020197		
61.9		0.02018		
61.95		0.020164		
62		0.020148		
62.05		0.020132		
62.1		0.020115		
62.15		0.020099		
62.2		0.020083		
62.25		0.020067		
62.3		0.020051		
62.35		0.020035		
62.4		0.020019		
62.45		0.020003		
62.5		0.019987		
62.55		0.019971		
62.6		0.019955		
62.65		0.019939		
62.7		0.019923		
62.75		0.019908		
62.8		0.019892		
62.85		0.019876		
62.9		0.01986		
62.95		0.019845		
63		0.019829		
63.05		0.019813		
63.1		0.019798		
63.15		0.019782		
63.2		0.019766		
63.25		0.019751		
63.3		0.019735		
63.35		0.01972		
63.4		0.019704		
63.45		0.019689		
63.5		0.019673		
63.55		0.019658		
63.6		0.019642		
63.65		0.019627		
63.7		0.019612		
63.75		0.019596		
63.8		0.019581		
63.85		0.019566		
63.9		0.019551		
63.95		0.019535		
64		0.01952		
64.05		0.019505		
64.1		0.01949		
64.15		0.019475		
64.2		0.01946		
64.25		0.019445		
64.3		0.01943		
64.35		0.019414		
64.4		0.019399		
64.45		0.019385		
64.5		0.01937		
64.55		0.019355		
64.6		0.01934		
64.65		0.019325		
64.7		0.01931		
64.75		0.019295		
64.8		0.01928		
64.85		0.019266		
64.9		0.019251		
64.95		0.019236		
65		0.019221		
65.05		0.019207		
65.1		0.019192		
65.15		0.019177		
65.2		0.019163		
65.25		0.019148		
65.3		0.019134		
65.35		0.019119		
65.4		0.019104		
65.45		0.01909		
65.5		0.019075		
65.55		0.019061		
65.6		0.019047		
65.65		0.019032		
65.7		0.019018		
65.75		0.019003		
65.8		0.018989		
65.85		0.018975		
65.9		0.01896		
65.95		0.018946		
66		0.018932		
66.05		0.018918		
66.1		0.018903		
66.15		0.018889		
66.2		0.018875		
66.25		0.018861		
66.3		0.018847		
66.35		0.018833		
66.4		0.018819		
66.45		0.018804		
66.5		0.01879		
66.55		0.018776		
66.6		0.018762		
66.65		0.018748		
66.7		0.018734		
66.75		0.018721		
66.8		0.018707		
66.85		0.018693		
66.9		0.018679		
66.95		0.018665		
67		0.018651		
67.05		0.018637		
67.1		0.018624		
67.15		0.01861		
67.2		0.018596		
67.25		0.018582		
67.3		0.018569		
67.35		0.018555		
67.4		0.018541		
67.45		0.018528		
67.5		0.018514		
67.55		0.018501		
67.6		0.018487		
67.65		0.018473		
67.7		0.01846		
67.75		0.018446		
67.8		0.018433		
67.85		0.018419		
67.9		0.018406		
67.95		0.018393		
68		0.018379		
68.05		0.018366		
68.1		0.018352		
68.15		0.018339		
68.2		0.018326		
68.25		0.018312		
68.3		0.018299		
68.35		0.018286		
68.4		0.018273		
68.45		0.018259		
68.5		0.018246		
68.55		0.018233		
68.6		0.01822		
68.65		0.018207		
68.7		0.018194		
68.75		0.01818		
68.8		0.018167		
68.85		0.018154		
68.9		0.018141		
68.95		0.018128		
69		0.018115		
69.05		0.018102		
69.1		0.018089		
69.15		0.018076		
69.2		0.018063		
69.25		0.01805		
69.3		0.018038		
69.35		0.018025		
69.4		0.018012		
69.45		0.017999		
69.5		0.017986		
69.55		0.017973		
69.6		0.017961		
69.65		0.017948		
69.7		0.017935		
69.75		0.017922		
69.8		0.01791		
69.85		0.017897		
69.9		0.017884		
69.95		0.017872		
70		0.017859		
70.05		0.017846		
70.1		0.017834		
70.15		0.017821		
70.2		0.017809		
70.25		0.017796		
70.3		0.017784		
70.35		0.017771		
70.4		0.017759		
70.45		0.017746		
70.5		0.017734		
70.55		0.017721		
70.6		0.017709		
70.65		0.017697		
70.7		0.017684		
70.75		0.017672		
70.8		0.01766		
70.85		0.017647		
70.9		0.017635		
70.95		0.017623		
71		0.01761		
71.05		0.017598		
71.1		0.017586		
71.15		0.017574		
71.2		0.017561		
71.25		0.017549		
71.3		0.017537		
71.35		0.017525		
71.4		0.017513		
71.45		0.017501		
71.5		0.017489		
71.55		0.017477		
71.6		0.017465		
71.65		0.017452		
71.7		0.01744		
71.75		0.017428		
71.8		0.017416		
71.85		0.017405		
71.9		0.017393		
71.95		0.017381		
72		0.017369		
72.05		0.017357		
72.1		0.017345		
72.15		0.017333		
72.2		0.017321		
72.25		0.017309		
72.3		0.017298		
72.35		0.017286		
72.4		0.017274		
72.45		0.017262		
72.5		0.01725		
72.55		0.017239		
72.6		0.017227		
72.65		0.017215		
72.7		0.017204		
72.75		0.017192		
72.8		0.01718		
72.85		0.017169		
72.9		0.017157		
72.95		0.017145		
73		0.017134		
73.05		0.017122		
73.1		0.017111		
73.15		0.017099		
73.2		0.017088		
73.25		0.017076		
73.3		0.017065		
73.35		0.017053		
73.4		0.017042		
73.45		0.01703		
73.5		0.017019		
73.55		0.017008		
73.6		0.016996		
73.65		0.016985		
73.7		0.016973		
73.75		0.016962		
73.8		0.016951		
73.85		0.016939		
73.9		0.016928		
73.95		0.016917		
74		0.016906		
74.05		0.016894		
74.1		0.016883		
74.15		0.016872		
74.2		0.016861		
74.25		0.01685		
74.3		0.016838		
74.35		0.016827		
74.4		0.016816		
74.45		0.016805		
74.5		0.016794		
74.55		0.016783		
74.6		0.016772		
74.65		0.016761		
74.7		0.01675		
74.75		0.016738		
74.8		0.016727		
74.85		0.016716		
74.9		0.016705		
74.95		0.016695		
75		0.016684		
75.05		0.016673		
75.1		0.016662		
75.15		0.016651		
75.2		0.01664		
75.25		0.016629		
75.3		0.016618		
75.35		0.016607		
75.4		0.016596		
75.45		0.016586		
75.5		0.016575		
75.55		0.016564		
75.6		0.016553		
75.65		0.016542		
75.7		0.016532		
75.75		0.016521		
75.8		0.01651		
75.85		0.0165		
75.9		0.016489		
75.95		0.016478		
76		0.016468		
76.05		0.016457		
76.1		0.016446		
76.15		0.016436		
76.2		0.016425		
76.25		0.016414		
76.3		0.016404		
76.35		0.016393		
76.4		0.016383		
76.45		0.016372		
76.5		0.016362		
76.55		0.016351		
76.6		0.016341		
76.65		0.01633		
76.7		0.01632		
76.75		0.016309		
76.8		0.016299		
76.85		0.016288		
76.9		0.016278		
76.95		0.016268		
77		0.016257		
77.05		0.016247		
77.1		0.016236		
77.15		0.016226		
77.2		0.016216		
77.25		0.016205		
77.3		0.016195		
77.35		0.016185		
77.4		0.016175		
77.45		0.016164		
77.5		0.016154		
77.55		0.016144		
77.6		0.016134		
77.65		0.016123		
77.7		0.016113		
77.75		0.016103		
77.8		0.016093		
77.85		0.016083		
77.9		0.016073		
77.95		0.016063		
78		0.016052		
78.05		0.016042		
78.1		0.016032		
78.15		0.016022		
78.2		0.016012		
78.25		0.016002		
78.3		0.015992		
78.35		0.015982		
78.4		0.015972		
78.45		0.015962		
78.5		0.015952		
78.55		0.015942		
78.6		0.015932		
78.65		0.015922		
78.7		0.015912		
78.75		0.015902		
78.8		0.015892		
78.85		0.015883		
78.9		0.015873		
78.95		0.015863		
79		0.015853		
79.05		0.015843		
79.1		0.015833		
79.15		0.015823		
79.2		0.015814		
79.25		0.015804		
79.3		0.015794		
79.35		0.015784		
79.4		0.015775		
79.45		0.015765		
79.5		0.015755		
79.55		0.015745		
79.6		0.015736		
79.65		0.015726		
79.7		0.015716		
79.75		0.015707		
79.8		0.015697		
79.85		0.015687		
79.9		0.015678		
79.95		0.015668		
80		0.015659		
80.05		0.015649		
80.1		0.015639		
80.15		0.01563		
80.2		0.01562		
80.25		0.015611		
80.3		0.015601		
80.35		0.015592		
80.4		0.015582		
80.45		0.015573		
80.5		0.015563		
80.55		0.015554		
80.6		0.015544		
80.65		0.015535		
80.7		0.015525		
80.75		0.015516		
80.8		0.015507		
80.85		0.015497		
80.9		0.015488		
80.95		0.015478		
81		0.015469		
81.05		0.01546		
81.1		0.01545		
81.15		0.015441		
81.2		0.015432		
81.25		0.015422		
81.3		0.015413		
81.35		0.015404		
81.4		0.015395		
81.45		0.015385		
81.5		0.015376		
81.55		0.015367		
81.6		0.015358		
81.65		0.015348		
81.7		0.015339		
81.75		0.01533		
81.8		0.015321		
81.85		0.015312		
81.9		0.015303		
81.95		0.015293		
82		0.015284		
82.05		0.015275		
82.1		0.015266		
82.15		0.015257		
82.2		0.015248		
82.25		0.015239		
82.3		0.01523		
82.35		0.015221		
82.4		0.015212		
82.45		0.015203		
82.5		0.015194		
82.55		0.015185		
82.6		0.015176		
82.65		0.015167		
82.7		0.015158		
82.75		0.015149		
82.8		0.01514		
82.85		0.015131		
82.9		0.015122		
82.95		0.015113		
83		0.015104		
83.05		0.015095		
83.1		0.015086		
83.15		0.015077		
83.2		0.015068		
83.25		0.01506		
83.3		0.015051		
83.35		0.015042		
83.4		0.015033		
83.45		0.015024		
83.5		0.015016		
83.55		0.015007		
83.6		0.014998		
83.65		0.014989		
83.7		0.01498		
83.75		0.014972		
83.8		0.014963		
83.85		0.014954		
83.9		0.014946		
83.95		0.014937		
84		0.014928		
84.05		0.014919		
84.1		0.014911		
84.15		0.014902		
84.2		0.014893		
84.25		0.014885		
84.3		0.014876		
84.35		0.014868		
84.4		0.014859		
84.45		0.01485		
84.5		0.014842		
84.55		0.014833		
84.6		0.014825		
84.65		0.014816		
84.7		0.014808		
84.75		0.014799		
84.8		0.01479		
84.85		0.014782		
84.9		0.014773		
84.95		0.014765		
85		0.014756		
85.05		0.014748		
85.1		0.01474		
85.15		0.014731		
85.2		0.014723		
85.25		0.014714		
85.3		0.014706		
85.35		0.014697		
85.4		0.014689		
85.45		0.014681		
85.5		0.014672		
85.55		0.014664		
85.6		0.014655		
85.65		0.014647		
85.7		0.014639		
85.75		0.01463		
85.8		0.014622		
85.85		0.014614		
85.9		0.014605		
85.95		0.014597		
86		0.014589		
86.05		0.014581		
86.1		0.014572		
86.15		0.014564		
86.2		0.014556		
86.25		0.014548		
86.3		0.014539		
86.35		0.014531		
86.4		0.014523		
86.45		0.014515		
86.5		0.014507		
86.55		0.014498		
86.6		0.01449		
86.65		0.014482		
86.7		0.014474		
86.75		0.014466		
86.8		0.014458		
86.85		0.014449		
86.9		0.014441		
86.95		0.014433		
87		0.014425		
87.05		0.014417		
87.1		0.014409		
87.15		0.014401		
87.2		0.014393		
87.25		0.014385		
87.3		0.014377		
87.35		0.014369		
87.4		0.014361		
87.45		0.014353		
87.5		0.014345		
87.55		0.014337		
87.6		0.014329		
87.65		0.014321		
87.7		0.014313		
87.75		0.014305		
87.8		0.014297		
87.85		0.014289		
87.9		0.014281		
87.95		0.014273		
88		0.014265		
88.05		0.014257		
88.1		0.014249		
88.15		0.014242		
88.2		0.014234		
88.25		0.014226		
88.3		0.014218		
88.35		0.01421		
88.4		0.014202		
88.45		0.014194		
88.5		0.014187		
88.55		0.014179		
88.6		0.014171		
88.65		0.014163		
88.7		0.014155		
88.75		0.014148		
88.8		0.01414		
88.85		0.014132		
88.9		0.014124		
88.95		0.014117		
89		0.014109		
89.05		0.014101		
89.1		0.014094		
89.15		0.014086		
89.2		0.014078		
89.25		0.01407		
89.3		0.014063		
89.35		0.014055		
89.4		0.014047		
89.45		0.01404		
89.5		0.014032		
89.55		0.014025		
89.6		0.014017		
89.65		0.014009		
89.7		0.014002		
89.75		0.013994		
89.8		0.013986		
89.85		0.013979		
89.9		0.013971		
89.95		0.013964		
90		0.013956		
90.05		0.013949		
90.1		0.013941		
90.15		0.013934		
90.2		0.013926		
90.25		0.013919		
90.3		0.013911		
90.35		0.013904		
90.4		0.013896		
90.45		0.013889		
90.5		0.013881		
90.55		0.013874		
90.6		0.013866		
90.65		0.013859		
90.7		0.013851		
90.75		0.013844		
90.8		0.013836		
90.85		0.013829		
90.9		0.013822		
90.95		0.013814		
91		0.013807		
91.05		0.013799		
91.1		0.013792		
91.15		0.013785		
91.2		0.013777		
91.25		0.01377		
91.3		0.013763		
91.35		0.013755		
91.4		0.013748		
91.45		0.013741		
91.5		0.013733		
91.55		0.013726		
91.6		0.013719		
91.65		0.013712		
91.7		0.013704		
91.75		0.013697		
91.8		0.01369		
91.85		0.013682		
91.9		0.013675		
91.95		0.013668		
92		0.013661		
92.05		0.013654		
92.1		0.013646		
92.15		0.013639		
92.2		0.013632		
92.25		0.013625		
92.3		0.013618		
92.35		0.01361		
92.4		0.013603		
92.45		0.013596		
92.5		0.013589		
92.55		0.013582		
92.6		0.013575		
92.65		0.013568		
92.7		0.01356		
92.75		0.013553		
92.8		0.013546		
92.85		0.013539		
92.9		0.013532		
92.95		0.013525		
93		0.013518		
93.05		0.013511		
93.1		0.013504		
93.15		0.013497		
93.2		0.01349		
93.25		0.013483		
93.3		0.013476		
93.35		0.013469		
93.4		0.013462		
93.45		0.013455		
93.5		0.013448		
93.55		0.013441		
93.6		0.013434		
93.65		0.013427		
93.7		0.01342		
93.75		0.013413		
93.8		0.013406		
93.85		0.013399		
93.9		0.013392		
93.95		0.013385		
94		0.013378		
94.05		0.013371		
94.1		0.013364		
94.15		0.013357		
94.2		0.01335		
94.25		0.013344		
94.3		0.013337		
94.35		0.01333		
94.4		0.013323		
94.45		0.013316		
94.5		0.013309		
94.55		0.013302		
94.6		0.013296		
94.65		0.013289		
94.7		0.013282		
94.75		0.013275		
94.8		0.013268		
94.85		0.013262		
94.9		0.013255		
94.95		0.013248		
95		0.013241		
95.05		0.013234		
95.1		0.013228		
95.15		0.013221		
95.2		0.013214		
95.25		0.013207		
95.3		0.013201		
95.35		0.013194		
95.4		0.013187		
95.45		0.013181		
95.5		0.013174		
95.55		0.013167		
95.6		0.01316		
95.65		0.013154		
95.7		0.013147		
95.75		0.01314		
95.8		0.013134		
95.85		0.013127		
95.9		0.013121		
95.95		0.013114		
96		0.013107		
96.05		0.013101		
96.1		0.013094		
96.15		0.013087		
96.2		0.013081		
96.25		0.013074		
96.3		0.013068		
96.35		0.013061		
96.4		0.013054		
96.45		0.013048		
96.5		0.013041		
96.55		0.013035		
96.6		0.013028		
96.65		0.013022		
96.7		0.013015		
96.75		0.013009		
96.8		0.013002		
96.85		0.012996		
96.9		0.012989		
96.95		0.012983		
97		0.012976		
97.05		0.01297		
97.1		0.012963		
97.15		0.012957		
97.2		0.01295		
97.25		0.012944		
97.3		0.012937		
97.35		0.012931		
97.4		0.012924		
97.45		0.012918		
97.5		0.012911		
97.55		0.012905		
97.6		0.012899		
97.65		0.012892		
97.7		0.012886		
97.75		0.012879		
97.8		0.012873		
97.85		0.012867		
97.9		0.01286		
97.95		0.012854		
98		0.012848		
98.05		0.012841		
98.1		0.012835		
98.15		0.012829		
98.2		0.012822		
98.25		0.012816		
98.3		0.01281		
98.35		0.012803		
98.4		0.012797		
98.45		0.012791		
98.5		0.012784		
98.55		0.012778		
98.6		0.012772		
98.65		0.012765		
98.7		0.012759		
98.75		0.012753		
98.8		0.012747		
98.85		0.01274		
98.9		0.012734		
98.95		0.012728		
99		0.012722		
99.05		0.012715		
99.1		0.012709		
99.15		0.012703		
99.2		0.012697		
99.25		0.012691		
99.3		0.012684		
99.35		0.012678		
99.4		0.012672		
99.45		0.012666		
99.5		0.01266		
99.55		0.012654		
99.6		0.012647		
99.65		0.012641		
99.7		0.012635		
99.75		0.012629		
99.8		0.012623		
99.85		0.012617		
99.9		0.012611		
99.95		0.012604		
100		0.012598		
