t [fm]		pi [fm^-4]
0.25		0
0.3		21.72		
0.35		30.427		
0.4		33.353		
0.45		33.578		
0.5		32.53		
0.55		30.904		
0.6		29.052		
0.65		27.157		
0.7		25.31		
0.75		23.558		
0.8		21.919		
0.85		20.4		
0.9		18.999		
0.95		17.71		
1		16.527		
1.05		15.44		
1.1		14.441		
1.15		13.524		
1.2		12.68		
1.25		11.903		
1.3		11.187		
1.35		10.526		
1.4		9.9153		
1.45		9.3502		
1.5		8.8265		
1.55		8.3408		
1.6		7.8896		
1.65		7.4701		
1.7		7.0794		
1.75		6.7152		
1.8		6.3754		
1.85		6.0579		
1.9		5.761		
1.95		5.483		
2		5.2225		
2.05		4.9782		
2.1		4.7488		
2.15		4.5332		
2.2		4.3303		
2.25		4.1394		
2.3		3.9595		
2.35		3.7899		
2.4		3.6298		
2.45		3.4786		
2.5		3.3357		
2.55		3.2005		
2.6		3.0725		
2.65		2.9513		
2.7		2.8365		
2.75		2.7275		
2.8		2.6241		
2.85		2.5259		
2.9		2.4325		
2.95		2.3438		
3		2.2594		
3.05		2.179		
3.1		2.1025		
3.15		2.0295		
3.2		1.9599		
3.25		1.8935		
3.3		1.8302		
3.35		1.7697		
3.4		1.7119		
3.45		1.6566		
3.5		1.6037		
3.55		1.5531		
3.6		1.5047		
3.65		1.4583		
3.7		1.4139		
3.75		1.3713		
3.8		1.3304		
3.85		1.2912		
3.9		1.2536		
3.95		1.2174		
4		1.1827		
4.05		1.1493		
4.1		1.1173		
4.15		1.0864		
4.2		1.0567		
4.25		1.0282		
4.3		1.0006		
4.35		0.97415		
4.4		0.94861		
4.45		0.924		
4.5		0.90027		
4.55		0.87738		
4.6		0.8553		
4.65		0.83398		
4.7		0.8134		
4.75		0.79352		
4.8		0.77432		
4.85		0.75575		
4.9		0.73781		
4.95		0.72046		
5		0.70368		
5.05		0.68744		
5.1		0.67172		
5.15		0.6565		
5.2		0.64177		
5.25		0.62749		
5.3		0.61366		
5.35		0.60025		
5.4		0.58726		
5.45		0.57465		
5.5		0.56243		
5.55		0.55057		
5.6		0.53906		
5.65		0.52788		
5.7		0.51704		
5.75		0.5065		
5.8		0.49627		
5.85		0.48632		
5.9		0.47666		
5.95		0.46727		
6		0.45813		
6.05		0.44925		
6.1		0.44061		
6.15		0.4322		
6.2		0.42402		
6.25		0.41606		
6.3		0.40831		
6.35		0.40076		
6.4		0.39341		
6.45		0.38625		
6.5		0.37928		
6.55		0.37248		
6.6		0.36585		
6.65		0.35939		
6.7		0.35309		
6.75		0.34695		
6.8		0.34096		
6.85		0.33511		
6.9		0.32941		
6.95		0.32384		
7		0.31841		
7.05		0.31311		
7.1		0.30793		
7.15		0.30287		
7.2		0.29793		
7.25		0.29311		
7.3		0.28839		
7.35		0.28378		
7.4		0.27928		
7.45		0.27488		
7.5		0.27058		
7.55		0.26637		
7.6		0.26226		
7.65		0.25823		
7.7		0.25429		
7.75		0.25044		
7.8		0.24667		
7.85		0.24299		
7.9		0.23938		
7.95		0.23584		
8		0.23238		
8.05		0.229		
8.1		0.22568		
8.15		0.22243		
8.2		0.21925		
8.25		0.21613		
8.3		0.21308		
8.35		0.21008		
8.4		0.20715		
8.45		0.20427		
8.5		0.20146		
8.55		0.19869		
8.6		0.19598		
8.65		0.19333		
8.7		0.19072		
8.75		0.18817		
8.8		0.18566		
8.85		0.1832		
8.9		0.18079		
8.95		0.17842		
9		0.1761		
9.05		0.17382		
9.1		0.17158		
9.15		0.16939		
9.2		0.16723		
9.25		0.16511		
9.3		0.16303		
9.35		0.16099		
9.4		0.15899		
9.45		0.15702		
9.5		0.15508		
9.55		0.15318		
9.6		0.15131		
9.65		0.14948		
9.7		0.14767		
9.75		0.1459		
9.8		0.14416		
9.85		0.14245		
9.9		0.14076		
9.95		0.13911		
10		0.13748		
10.05		0.13588		
10.1		0.13431		
10.15		0.13276		
10.2		0.13124		
10.25		0.12974		
10.3		0.12827		
10.35		0.12682		
10.4		0.12539		
10.45		0.12399		
10.5		0.12261		
10.55		0.12125		
10.6		0.11992		
10.65		0.1186		
10.7		0.11731		
10.75		0.11603		
10.8		0.11478		
10.85		0.11354		
10.9		0.11232		
10.95		0.11113		
11		0.10995		
11.05		0.10878		
11.1		0.10764		
11.15		0.10651		
11.2		0.1054		
11.25		0.10431		
11.3		0.10323		
11.35		0.10217		
11.4		0.10113		
11.45		0.1001		
11.5		0.09908		
11.55		0.098079		
11.6		0.097093		
11.65		0.096121		
11.7		0.095163		
11.75		0.094219		
11.8		0.093288		
11.85		0.09237		
11.9		0.091465		
11.95		0.090573		
12		0.089693		
12.05		0.088825		
12.1		0.08797		
12.15		0.087126		
12.2		0.086294		
12.25		0.085473		
12.3		0.084664		
12.35		0.083865		
12.4		0.083077		
12.45		0.0823		
12.5		0.081533		
12.55		0.080777		
12.6		0.08003		
12.65		0.079294		
12.7		0.078567		
12.75		0.07785		
12.8		0.077142		
12.85		0.076443		
12.9		0.075753		
12.95		0.075073		
13		0.074401		
13.05		0.073737		
13.1		0.073083		
13.15		0.072436		
13.2		0.071798		
13.25		0.071167		
13.3		0.070545		
13.35		0.069931		
13.4		0.069324		
13.45		0.068724		
13.5		0.068133		
13.55		0.067548		
13.6		0.066971		
13.65		0.0664		
13.7		0.065837		
13.75		0.065281		
13.8		0.064731		
13.85		0.064188		
13.9		0.063651		
13.95		0.063121		
14		0.062597		
14.05		0.06208		
14.1		0.061568		
14.15		0.061063		
14.2		0.060563		
14.25		0.06007		
14.3		0.059582		
14.35		0.0591		
14.4		0.058623		
14.45		0.058152		
14.5		0.057687		
14.55		0.057227		
14.6		0.056772		
14.65		0.056322		
14.7		0.055877		
14.75		0.055438		
14.8		0.055003		
14.85		0.054573		
14.9		0.054148		
14.95		0.053728		
15		0.053313		
15.05		0.052902		
15.1		0.052495		
15.15		0.052093		
15.2		0.051696		
15.25		0.051303		
15.3		0.050914		
15.35		0.050529		
15.4		0.050149		
15.45		0.049773		
15.5		0.0494		
15.55		0.049032		
15.6		0.048668		
15.65		0.048307		
15.7		0.047951		
15.75		0.047598		
15.8		0.047249		
15.85		0.046903		
15.9		0.046561		
15.95		0.046223		
16		0.045888		
16.05		0.045557		
16.1		0.045229		
16.15		0.044905		
16.2		0.044584		
16.25		0.044266		
16.3		0.043951		
16.35		0.04364		
16.4		0.043332		
16.45		0.043027		
16.5		0.042725		
16.55		0.042426		
16.6		0.04213		
16.65		0.041837		
16.7		0.041547		
16.75		0.04126		
16.8		0.040976		
16.85		0.040694		
16.9		0.040415		
16.95		0.040139		
17		0.039866		
17.05		0.039595		
17.1		0.039327		
17.15		0.039062		
17.2		0.038799		
17.25		0.038539		
17.3		0.038281		
17.35		0.038026		
17.4		0.037773		
17.45		0.037523		
17.5		0.037274		
17.55		0.037029		
17.6		0.036785		
17.65		0.036544		
17.7		0.036305		
17.75		0.036069		
17.8		0.035834		
17.85		0.035602		
17.9		0.035372		
17.95		0.035144		
18		0.034918		
18.05		0.034695		
18.1		0.034473		
18.15		0.034253		
18.2		0.034036		
18.25		0.03382		
18.3		0.033606		
18.35		0.033395		
18.4		0.033185		
18.45		0.032977		
18.5		0.032771		
18.55		0.032566		
18.6		0.032364		
18.65		0.032163		
18.7		0.031964		
18.75		0.031767		
18.8		0.031572		
18.85		0.031378		
18.9		0.031186		
18.95		0.030996		
19		0.030807		
19.05		0.03062		
19.1		0.030435		
19.15		0.030251		
19.2		0.030069		
19.25		0.029889		
19.3		0.02971		
19.35		0.029532		
19.4		0.029356		
19.45		0.029182		
19.5		0.029009		
19.55		0.028837		
19.6		0.028667		
19.65		0.028499		
19.7		0.028331		
19.75		0.028165		
19.8		0.028001		
19.85		0.027838		
19.9		0.027676		
19.95		0.027516		
20		0.027357		
20.05		0.027199		
20.1		0.027043		
20.15		0.026888		
20.2		0.026734		
20.25		0.026581		
20.3		0.02643		
20.35		0.02628		
20.4		0.026131		
20.45		0.025983		
20.5		0.025836		
20.55		0.025691		
20.6		0.025547		
20.65		0.025404		
20.7		0.025262		
20.75		0.025121		
20.8		0.024982		
20.85		0.024843		
20.9		0.024706		
20.95		0.024569		
21		0.024434		
21.05		0.0243		
21.1		0.024167		
21.15		0.024035		
21.2		0.023904		
21.25		0.023773		
21.3		0.023644		
21.35		0.023516		
21.4		0.023389		
21.45		0.023263		
21.5		0.023138		
21.55		0.023014		
21.6		0.022891		
21.65		0.022768		
21.7		0.022647		
21.75		0.022526		
21.8		0.022407		
21.85		0.022288		
21.9		0.022171		
21.95		0.022054		
22		0.021938		
22.05		0.021823		
22.1		0.021708		
22.15		0.021595		
22.2		0.021482		
22.25		0.021371		
22.3		0.02126		
22.35		0.02115		
22.4		0.021041		
22.45		0.020932		
22.5		0.020824		
22.55		0.020717		
22.6		0.020611		
22.65		0.020506		
22.7		0.020401		
22.75		0.020298		
22.8		0.020195		
22.85		0.020092		
22.9		0.019991		
22.95		0.01989		
23		0.01979		
23.05		0.01969		
23.1		0.019592		
23.15		0.019494		
23.2		0.019396		
23.25		0.0193		
23.3		0.019204		
23.35		0.019108		
23.4		0.019014		
23.45		0.01892		
23.5		0.018827		
23.55		0.018734		
23.6		0.018642		
23.65		0.018551		
23.7		0.01846		
23.75		0.01837		
23.8		0.01828		
23.85		0.018191		
23.9		0.018103		
23.95		0.018016		
24		0.017929		
24.05		0.017842		
24.1		0.017756		
24.15		0.017671		
24.2		0.017586		
24.25		0.017502		
24.3		0.017419		
24.35		0.017336		
24.4		0.017253		
24.45		0.017171		
24.5		0.01709		
24.55		0.017009		
24.6		0.016929		
24.65		0.016849		
24.7		0.01677		
24.75		0.016692		
24.8		0.016613		
24.85		0.016536		
24.9		0.016459		
24.95		0.016382		
25		0.016306		
25.05		0.01623		
25.1		0.016155		
25.15		0.016081		
25.2		0.016007		
25.25		0.015933		
25.3		0.01586		
25.35		0.015787		
25.4		0.015715		
25.45		0.015643		
25.5		0.015572		
25.55		0.015501		
25.6		0.015431		
25.65		0.015361		
25.7		0.015291		
25.75		0.015222		
25.8		0.015154		
25.85		0.015086		
25.9		0.015018		
25.95		0.014951		
26		0.014884		
26.05		0.014818		
26.1		0.014752		
26.15		0.014686		
26.2		0.014621		
26.25		0.014556		
26.3		0.014492		
26.35		0.014428		
26.4		0.014365		
26.45		0.014302		
26.5		0.014239		
26.55		0.014177		
26.6		0.014115		
26.65		0.014054		
26.7		0.013993		
26.75		0.013932		
26.8		0.013872		
26.85		0.013812		
26.9		0.013752		
26.95		0.013693		
27		0.013634		
27.05		0.013576		
27.1		0.013518		
27.15		0.01346		
27.2		0.013403		
27.25		0.013346		
27.3		0.013289		
27.35		0.013233		
27.4		0.013177		
27.45		0.013122		
27.5		0.013066		
27.55		0.013012		
27.6		0.012957		
27.65		0.012903		
27.7		0.012849		
27.75		0.012795		
27.8		0.012742		
27.85		0.012689		
27.9		0.012637		
27.95		0.012585		
28		0.012533		
28.05		0.012481		
28.1		0.01243		
28.15		0.012379		
28.2		0.012328		
28.25		0.012278		
28.3		0.012228		
28.35		0.012178		
28.4		0.012129		
28.45		0.012079		
28.5		0.012031		
28.55		0.011982		
28.6		0.011934		
28.65		0.011886		
28.7		0.011838		
28.75		0.011791		
28.8		0.011743		
28.85		0.011697		
28.9		0.01165		
28.95		0.011604		
29		0.011558		
29.05		0.011512		
29.1		0.011466		
29.15		0.011421		
29.2		0.011376		
29.25		0.011331		
29.3		0.011287		
29.35		0.011243		
29.4		0.011199		
29.45		0.011155		
29.5		0.011112		
29.55		0.011068		
29.6		0.011026		
29.65		0.010983		
29.7		0.01094		
29.75		0.010898		
29.8		0.010856		
29.85		0.010815		
29.9		0.010773		
29.95		0.010732		
30		0.010691		
30.05		0.01065		
30.1		0.010609		
30.15		0.010569		
30.2		0.010529		
30.25		0.010489		
30.3		0.01045		
30.35		0.01041		
30.4		0.010371		
30.45		0.010332		
30.5		0.010293		
30.55		0.010255		
30.6		0.010216		
30.65		0.010178		
30.7		0.01014		
30.75		0.010103		
30.8		0.010065		
30.85		0.010028		
30.9		0.0099908		
30.95		0.0099539		
31		0.0099173		
31.05		0.0098808		
31.1		0.0098445		
31.15		0.0098085		
31.2		0.0097726		
31.25		0.0097369		
31.3		0.0097014		
31.35		0.0096661		
31.4		0.009631		
31.45		0.0095961		
31.5		0.0095614		
31.55		0.0095269		
31.6		0.0094925		
31.65		0.0094584		
31.7		0.0094244		
31.75		0.0093906		
31.8		0.009357		
31.85		0.0093235		
31.9		0.0092902		
31.95		0.0092572		
32		0.0092243		
32.05		0.0091915		
32.1		0.009159		
32.15		0.0091266		
32.2		0.0090943		
32.25		0.0090623		
32.3		0.0090304		
32.35		0.0089987		
32.4		0.0089672		
32.45		0.0089358		
32.5		0.0089045		
32.55		0.0088735		
32.6		0.0088426		
32.65		0.0088119		
32.7		0.0087813		
32.75		0.0087509		
32.8		0.0087206		
32.85		0.0086905		
32.9		0.0086606		
32.95		0.0086308		
33		0.0086011		
33.05		0.0085716		
33.1		0.0085423		
33.15		0.0085131		
33.2		0.0084841		
33.25		0.0084552		
33.3		0.0084264		
33.35		0.0083978		
33.4		0.0083694		
33.45		0.0083411		
33.5		0.0083129		
33.55		0.0082849		
33.6		0.008257		
33.65		0.0082292		
33.7		0.0082016		
33.75		0.0081742		
33.8		0.0081468		
33.85		0.0081196		
33.9		0.0080926		
33.95		0.0080657		
34		0.0080389		
34.05		0.0080122		
34.1		0.0079857		
34.15		0.0079593		
34.2		0.0079331		
34.25		0.0079069		
34.3		0.0078809		
34.35		0.007855		
34.4		0.0078293		
34.45		0.0078037		
34.5		0.0077782		
34.55		0.0077528		
34.6		0.0077276		
34.65		0.0077024		
34.7		0.0076774		
34.75		0.0076526		
34.8		0.0076278		
34.85		0.0076032		
34.9		0.0075786		
34.95		0.0075542		
35		0.0075299		
35.05		0.0075058		
35.1		0.0074817		
35.15		0.0074578		
35.2		0.007434		
35.25		0.0074103		
35.3		0.0073867		
35.35		0.0073632		
35.4		0.0073398		
35.45		0.0073165		
35.5		0.0072934		
35.55		0.0072703		
35.6		0.0072474		
35.65		0.0072246		
35.7		0.0072019		
35.75		0.0071793		
35.8		0.0071568		
35.85		0.0071344		
35.9		0.0071121		
35.95		0.0070899		
36		0.0070678		
36.05		0.0070458		
36.1		0.0070239		
36.15		0.0070022		
36.2		0.0069805		
36.25		0.0069589		
36.3		0.0069374		
36.35		0.0069161		
36.4		0.0068948		
36.45		0.0068736		
36.5		0.0068526		
36.55		0.0068317		
36.6		0.0068108		
36.65		0.0067901		
36.7		0.0067696		
36.75		0.0067492		
36.8		0.0067291		
36.85		0.0067093		
36.9		0.0066896		
36.95		0.0066702		
37		0.006651		
37.05		0.006632		
37.1		0.0066132		
37.15		0.0065946		
37.2		0.0065761		
37.25		0.0065579		
37.3		0.0065398		
37.35		0.0065219		
37.4		0.0065041		
37.45		0.0064866		
37.5		0.0064692		
37.55		0.0064519		
37.6		0.0064348		
37.65		0.0064178		
37.7		0.006401		
37.75		0.0063843		
37.8		0.0063677		
37.85		0.0063513		
37.9		0.006335		
37.95		0.0063188		
38		0.0063028		
38.05		0.0062869		
38.1		0.006271		
38.15		0.0062553		
38.2		0.0062398		
38.25		0.0062243		
38.3		0.0062089		
38.35		0.0061936		
38.4		0.0061785		
38.45		0.0061634		
38.5		0.0061484		
38.55		0.0061336		
38.6		0.0061188		
38.65		0.0061041		
38.7		0.0060895		
38.75		0.006075		
38.8		0.0060606		
38.85		0.0060462		
38.9		0.006032		
38.95		0.0060178		
39		0.0060037		
39.05		0.0059897		
39.1		0.0059757		
39.15		0.0059619		
39.2		0.0059481		
39.25		0.0059344		
39.3		0.0059207		
39.35		0.0059072		
39.4		0.0058937		
39.45		0.0058802		
39.5		0.0058669		
39.55		0.0058536		
39.6		0.0058403		
39.65		0.0058271		
39.7		0.005814		
39.75		0.005801		
39.8		0.005788		
39.85		0.0057751		
39.9		0.0057622		
39.95		0.0057494		
40		0.0057366		
40.05		0.005724		
40.1		0.0057113		
40.15		0.0056987		
40.2		0.0056862		
40.25		0.0056737		
40.3		0.0056613		
40.35		0.0056489		
40.4		0.0056366		
40.45		0.0056244		
40.5		0.0056122		
40.55		0.0056		
40.6		0.0055879		
40.65		0.0055758		
40.7		0.0055638		
40.75		0.0055518		
40.8		0.0055399		
40.85		0.005528		
40.9		0.0055162		
40.95		0.0055044		
41		0.0054927		
41.05		0.005481		
41.1		0.0054693		
41.15		0.0054577		
41.2		0.0054461		
41.25		0.0054346		
41.3		0.0054231		
41.35		0.0054117		
41.4		0.0054003		
41.45		0.0053889		
41.5		0.0053776		
41.55		0.0053663		
41.6		0.0053551		
41.65		0.0053439		
41.7		0.0053327		
41.75		0.0053216		
41.8		0.0053105		
41.85		0.0052994		
41.9		0.0052884		
41.95		0.0052774		
42		0.0052665		
42.05		0.0052556		
42.1		0.0052447		
42.15		0.0052339		
42.2		0.0052231		
42.25		0.0052123		
42.3		0.0052016		
42.35		0.0051909		
42.4		0.0051802		
42.45		0.0051696		
42.5		0.005159		
42.55		0.0051484		
42.6		0.0051379		
42.65		0.0051274		
42.7		0.0051169		
42.75		0.0051065		
42.8		0.0050961		
42.85		0.0050857		
42.9		0.0050754		
42.95		0.0050651		
43		0.0050548		
43.05		0.0050445		
43.1		0.0050343		
43.15		0.0050241		
43.2		0.0050139		
43.25		0.0050038		
43.3		0.0049937		
43.35		0.0049836		
43.4		0.0049736		
43.45		0.0049635		
43.5		0.0049535		
43.55		0.0049436		
43.6		0.0049336		
43.65		0.0049237		
43.7		0.0049138		
43.75		0.004904		
43.8		0.0048941		
43.85		0.0048843		
43.9		0.0048745		
43.95		0.0048648		
44		0.0048551		
44.05		0.0048454		
44.1		0.0048357		
44.15		0.004826		
44.2		0.0048164		
44.25		0.0048068		
44.3		0.0047972		
44.35		0.0047877		
44.4		0.0047781		
44.45		0.0047686		
44.5		0.0047592		
44.55		0.0047497		
44.6		0.0047403		
44.65		0.0047309		
44.7		0.0047215		
44.75		0.0047121		
44.8		0.0047028		
44.85		0.0046935		
44.9		0.0046842		
44.95		0.0046749		
45		0.0046657		
45.05		0.0046564		
45.1		0.0046472		
45.15		0.0046381		
45.2		0.0046289		
45.25		0.0046198		
45.3		0.0046107		
45.35		0.0046016		
45.4		0.0045925		
45.45		0.0045835		
45.5		0.0045744		
45.55		0.0045654		
45.6		0.0045564		
45.65		0.0045475		
45.7		0.0045385		
45.75		0.0045296		
45.8		0.0045207		
45.85		0.0045119		
45.9		0.004503		
45.95		0.0044942		
46		0.0044854		
46.05		0.0044766		
46.1		0.0044678		
46.15		0.0044591		
46.2		0.0044503		
46.25		0.0044416		
46.3		0.0044329		
46.35		0.0044243		
46.4		0.0044156		
46.45		0.004407		
46.5		0.0043984		
46.55		0.0043898		
46.6		0.0043812		
46.65		0.0043727		
46.7		0.0043641		
46.75		0.0043556		
46.8		0.0043472		
46.85		0.0043387		
46.9		0.0043302		
46.95		0.0043218		
47		0.0043134		
47.05		0.004305		
47.1		0.0042966		
47.15		0.0042883		
47.2		0.00428		
47.25		0.0042716		
47.3		0.0042633		
47.35		0.0042551		
47.4		0.0042468		
47.45		0.0042386		
47.5		0.0042304		
47.55		0.0042222		
47.6		0.004214		
47.65		0.0042058		
47.7		0.0041977		
47.75		0.0041896		
47.8		0.0041815		
47.85		0.0041734		
47.9		0.0041653		
47.95		0.0041573		
48		0.0041492		
48.05		0.0041412		
48.1		0.0041332		
48.15		0.0041253		
48.2		0.0041173		
48.25		0.0041094		
48.3		0.0041014		
48.35		0.0040935		
48.4		0.0040857		
48.45		0.0040778		
48.5		0.00407		
48.55		0.0040621		
48.6		0.0040543		
48.65		0.0040465		
48.7		0.0040388		
48.75		0.004031		
48.8		0.0040233		
48.85		0.0040156		
48.9		0.0040079		
48.95		0.0040002		
49		0.0039925		
49.05		0.0039849		
49.1		0.0039772		
49.15		0.0039696		
49.2		0.003962		
49.25		0.0039545		
49.3		0.0039469		
49.35		0.0039394		
49.4		0.0039319		
49.45		0.0039244		
49.5		0.0039169		
49.55		0.0039094		
49.6		0.003902		
49.65		0.0038945		
49.7		0.0038871		
49.75		0.0038797		
49.8		0.0038723		
49.85		0.003865		
49.9		0.0038576		
49.95		0.0038503		
50		0.003843		
50.05		0.0038357		
50.1		0.0038285		
50.15		0.0038212		
50.2		0.003814		
50.25		0.0038067		
50.3		0.0037995		
50.35		0.0037923		
50.4		0.0037852		
50.45		0.003778		
50.5		0.0037709		
50.55		0.0037638		
50.6		0.0037567		
50.65		0.0037496		
50.7		0.0037425		
50.75		0.0037355		
50.8		0.0037285		
50.85		0.0037214		
50.9		0.0037144		
50.95		0.0037075		
51		0.0037005		
51.05		0.0036936		
51.1		0.0036866		
51.15		0.0036797		
51.2		0.0036728		
51.25		0.0036659		
51.3		0.0036591		
51.35		0.0036522		
51.4		0.0036454		
51.45		0.0036386		
51.5		0.0036318		
51.55		0.003625		
51.6		0.0036183		
51.65		0.0036115		
51.7		0.0036048		
51.75		0.0035981		
51.8		0.0035914		
51.85		0.0035847		
51.9		0.0035781		
51.95		0.0035714		
52		0.0035648		
52.05		0.0035582		
52.1		0.0035516		
52.15		0.003545		
52.2		0.0035384		
52.25		0.0035319		
52.3		0.0035254		
52.35		0.0035188		
52.4		0.0035124		
52.45		0.0035059		
52.5		0.0034994		
52.55		0.003493		
52.6		0.0034865		
52.65		0.0034801		
52.7		0.0034737		
52.75		0.0034673		
52.8		0.0034609		
52.85		0.0034546		
52.9		0.0034483		
52.95		0.0034419		
53		0.0034356		
53.05		0.0034293		
53.1		0.0034231		
53.15		0.0034168		
53.2		0.0034106		
53.25		0.0034043		
53.3		0.0033981		
53.35		0.0033919		
53.4		0.0033857		
53.45		0.0033796		
53.5		0.0033734		
53.55		0.0033673		
53.6		0.0033612		
53.65		0.0033551		
53.7		0.003349		
53.75		0.0033429		
53.8		0.0033369		
53.85		0.0033308		
53.9		0.0033248		
53.95		0.0033188		
54		0.0033128		
54.05		0.0033068		
54.1		0.0033008		
54.15		0.0032949		
54.2		0.0032889		
54.25		0.003283		
54.3		0.0032771		
54.35		0.0032712		
54.4		0.0032653		
54.45		0.0032595		
54.5		0.0032536		
54.55		0.0032478		
54.6		0.003242		
54.65		0.0032362		
54.7		0.0032304		
54.75		0.0032246		
54.8		0.0032188		
54.85		0.0032131		
54.9		0.0032074		
54.95		0.0032017		
55		0.003196		
55.05		0.0031903		
55.1		0.0031846		
55.15		0.0031789		
55.2		0.0031733		
55.25		0.0031677		
55.3		0.003162		
55.35		0.0031564		
55.4		0.0031508		
55.45		0.0031453		
55.5		0.0031397		
55.55		0.0031342		
55.6		0.0031286		
55.65		0.0031231		
55.7		0.0031176		
55.75		0.0031121		
55.8		0.0031066		
55.85		0.0031012		
55.9		0.0030957		
55.95		0.0030903		
56		0.0030849		
56.05		0.0030795		
56.1		0.0030741		
56.15		0.0030687		
56.2		0.0030633		
56.25		0.003058		
56.3		0.0030526		
56.35		0.0030473		
56.4		0.003042		
56.45		0.0030367		
56.5		0.0030314		
56.55		0.0030261		
56.6		0.0030209		
56.65		0.0030156		
56.7		0.0030104		
56.75		0.0030052		
56.8		0.0029999		
56.85		0.0029947		
56.9		0.0029896		
56.95		0.0029844		
57		0.0029792		
57.05		0.0029741		
57.1		0.002969		
57.15		0.0029638		
57.2		0.0029587		
57.25		0.0029536		
57.3		0.0029486		
57.35		0.0029435		
57.4		0.0029384		
57.45		0.0029334		
57.5		0.0029284		
57.55		0.0029234		
57.6		0.0029184		
57.65		0.0029134		
57.7		0.0029084		
57.75		0.0029034		
57.8		0.0028985		
57.85		0.0028935		
57.9		0.0028886		
57.95		0.0028837		
58		0.0028788		
58.05		0.0028739		
58.1		0.002869		
58.15		0.0028641		
58.2		0.0028593		
58.25		0.0028544		
58.3		0.0028496		
58.35		0.0028448		
58.4		0.0028399		
58.45		0.0028351		
58.5		0.0028304		
58.55		0.0028256		
58.6		0.0028208		
58.65		0.0028161		
58.7		0.0028113		
58.75		0.0028066		
58.8		0.0028019		
58.85		0.0027972		
58.9		0.0027925		
58.95		0.0027878		
59		0.0027831		
59.05		0.0027785		
59.1		0.0027738		
59.15		0.0027692		
59.2		0.0027646		
59.25		0.00276		
59.3		0.0027554		
59.35		0.0027508		
59.4		0.0027462		
59.45		0.0027416		
59.5		0.0027371		
59.55		0.0027325		
59.6		0.002728		
59.65		0.0027235		
59.7		0.002719		
59.75		0.0027145		
59.8		0.00271		
59.85		0.0027055		
59.9		0.002701		
59.95		0.0026966		
60		0.0026921		
60.05		0.0026877		
60.1		0.0026832		
60.15		0.0026788		
60.2		0.0026744		
60.25		0.00267		
60.3		0.0026657		
60.35		0.0026613		
60.4		0.0026569		
60.45		0.0026526		
60.5		0.0026482		
60.55		0.0026439		
60.6		0.0026396		
60.65		0.0026353		
60.7		0.002631		
60.75		0.0026267		
60.8		0.0026224		
60.85		0.0026181		
60.9		0.0026139		
60.95		0.0026096		
61		0.0026054		
61.05		0.0026012		
61.1		0.0025969		
61.15		0.0025927		
61.2		0.0025885		
61.25		0.0025844		
61.3		0.0025802		
61.35		0.002576		
61.4		0.0025719		
61.45		0.0025677		
61.5		0.0025636		
61.55		0.0025594		
61.6		0.0025553		
61.65		0.0025512		
61.7		0.0025471		
61.75		0.002543		
61.8		0.0025389		
61.85		0.0025349		
61.9		0.0025308		
61.95		0.0025268		
62		0.0025227		
62.05		0.0025187		
62.1		0.0025147		
62.15		0.0025107		
62.2		0.0025067		
62.25		0.0025027		
62.3		0.0024987		
62.35		0.0024947		
62.4		0.0024908		
62.45		0.0024868		
62.5		0.0024829		
62.55		0.0024789		
62.6		0.002475		
62.65		0.0024711		
62.7		0.0024672		
62.75		0.0024633		
62.8		0.0024594		
62.85		0.0024555		
62.9		0.0024516		
62.95		0.0024478		
63		0.0024439		
63.05		0.0024401		
63.1		0.0024362		
63.15		0.0024324		
63.2		0.0024286		
63.25		0.0024248		
63.3		0.002421		
63.35		0.0024172		
63.4		0.0024134		
63.45		0.0024096		
63.5		0.0024058		
63.55		0.0024021		
63.6		0.0023983		
63.65		0.0023946		
63.7		0.0023909		
63.75		0.0023871		
63.8		0.0023834		
63.85		0.0023797		
63.9		0.002376		
63.95		0.0023723		
64		0.0023687		
64.05		0.002365		
64.1		0.0023613		
64.15		0.0023577		
64.2		0.002354		
64.25		0.0023504		
64.3		0.0023468		
64.35		0.0023431		
64.4		0.0023395		
64.45		0.0023359		
64.5		0.0023323		
64.55		0.0023287		
64.6		0.0023252		
64.65		0.0023216		
64.7		0.002318		
64.75		0.0023145		
64.8		0.0023109		
64.85		0.0023074		
64.9		0.0023039		
64.95		0.0023003		
65		0.0022968		
65.05		0.0022933		
65.1		0.0022898		
65.15		0.0022863		
65.2		0.0022828		
65.25		0.0022794		
65.3		0.0022759		
65.35		0.0022724		
65.4		0.002269		
65.45		0.0022655		
65.5		0.0022621		
65.55		0.0022587		
65.6		0.0022553		
65.65		0.0022518		
65.7		0.0022484		
65.75		0.002245		
65.8		0.0022417		
65.85		0.0022383		
65.9		0.0022349		
65.95		0.0022315		
66		0.0022282		
66.05		0.0022248		
66.1		0.0022215		
66.15		0.0022181		
66.2		0.0022148		
66.25		0.0022115		
66.3		0.0022082		
66.35		0.0022049		
66.4		0.0022016		
66.45		0.0021983		
66.5		0.002195		
66.55		0.0021917		
66.6		0.0021884		
66.65		0.0021852		
66.7		0.0021819		
66.75		0.0021787		
66.8		0.0021754		
66.85		0.0021722		
66.9		0.002169		
66.95		0.0021657		
67		0.0021625		
67.05		0.0021593		
67.1		0.0021561		
67.15		0.0021529		
67.2		0.0021498		
67.25		0.0021466		
67.3		0.0021434		
67.35		0.0021402		
67.4		0.0021371		
67.45		0.0021339		
67.5		0.0021308		
67.55		0.0021277		
67.6		0.0021245		
67.65		0.0021214		
67.7		0.0021183		
67.75		0.0021152		
67.8		0.0021121		
67.85		0.002109		
67.9		0.0021059		
67.95		0.0021028		
68		0.0020997		
68.05		0.0020967		
68.1		0.0020936		
68.15		0.0020906		
68.2		0.0020875		
68.25		0.0020845		
68.3		0.0020814		
68.35		0.0020784		
68.4		0.0020754		
68.45		0.0020724		
68.5		0.0020694		
68.55		0.0020664		
68.6		0.0020634		
68.65		0.0020604		
68.7		0.0020574		
68.75		0.0020544		
68.8		0.0020514		
68.85		0.0020485		
68.9		0.0020455		
68.95		0.0020426		
69		0.0020396		
69.05		0.0020367		
69.1		0.0020338		
69.15		0.0020308		
69.2		0.0020279		
69.25		0.002025		
69.3		0.0020221		
69.35		0.0020192		
69.4		0.0020163		
69.45		0.0020134		
69.5		0.0020105		
69.55		0.0020077		
69.6		0.0020048		
69.65		0.0020019		
69.7		0.0019991		
69.75		0.0019962		
69.8		0.0019934		
69.85		0.0019905		
69.9		0.0019877		
69.95		0.0019849		
70		0.001982		
70.05		0.0019792		
70.1		0.0019764		
70.15		0.0019736		
70.2		0.0019708		
70.25		0.001968		
70.3		0.0019652		
70.35		0.0019625		
70.4		0.0019597		
70.45		0.0019569		
70.5		0.0019542		
70.55		0.0019514		
70.6		0.0019487		
70.65		0.0019459		
70.7		0.0019432		
70.75		0.0019404		
70.8		0.0019377		
70.85		0.001935		
70.9		0.0019323		
70.95		0.0019296		
71		0.0019269		
71.05		0.0019242		
71.1		0.0019215		
71.15		0.0019188		
71.2		0.0019161		
71.25		0.0019134		
71.3		0.0019108		
71.35		0.0019081		
71.4		0.0019054		
71.45		0.0019028		
71.5		0.0019001		
71.55		0.0018975		
71.6		0.0018948		
71.65		0.0018922		
71.7		0.0018896		
71.75		0.001887		
71.8		0.0018843		
71.85		0.0018817		
71.9		0.0018791		
71.95		0.0018765		
72		0.0018739		
72.05		0.0018714		
72.1		0.0018688		
72.15		0.0018662		
72.2		0.0018636		
72.25		0.001861		
72.3		0.0018585		
72.35		0.0018559		
72.4		0.0018534		
72.45		0.0018508		
72.5		0.0018483		
72.55		0.0018458		
72.6		0.0018432		
72.65		0.0018407		
72.7		0.0018382		
72.75		0.0018357		
72.8		0.0018332		
72.85		0.0018306		
72.9		0.0018281		
72.95		0.0018257		
73		0.0018232		
73.05		0.0018207		
73.1		0.0018182		
73.15		0.0018157		
73.2		0.0018133		
73.25		0.0018108		
73.3		0.0018083		
73.35		0.0018059		
73.4		0.0018034		
73.45		0.001801		
73.5		0.0017985		
73.55		0.0017961		
73.6		0.0017937		
73.65		0.0017913		
73.7		0.0017888		
73.75		0.0017864		
73.8		0.001784		
73.85		0.0017816		
73.9		0.0017792		
73.95		0.0017768		
74		0.0017744		
74.05		0.001772		
74.1		0.0017697		
74.15		0.0017673		
74.2		0.0017649		
74.25		0.0017625		
74.3		0.0017602		
74.35		0.0017578		
74.4		0.0017555		
74.45		0.0017531		
74.5		0.0017508		
74.55		0.0017484		
74.6		0.0017461		
74.65		0.0017438		
74.7		0.0017414		
74.75		0.0017391		
74.8		0.0017368		
74.85		0.0017345		
74.9		0.0017322		
74.95		0.0017299		
75		0.0017276		
75.05		0.0017253		
75.1		0.001723		
75.15		0.0017207		
75.2		0.0017185		
75.25		0.0017162		
75.3		0.0017139		
75.35		0.0017116		
75.4		0.0017094		
75.45		0.0017071		
75.5		0.0017049		
75.55		0.0017026		
75.6		0.0017004		
75.65		0.0016981		
75.7		0.0016959		
75.75		0.0016937		
75.8		0.0016915		
75.85		0.0016892		
75.9		0.001687		
75.95		0.0016848		
76		0.0016826		
76.05		0.0016804		
76.1		0.0016782		
76.15		0.001676		
76.2		0.0016738		
76.25		0.0016716		
76.3		0.0016694		
76.35		0.0016673		
76.4		0.0016651		
76.45		0.0016629		
76.5		0.0016608		
76.55		0.0016586		
76.6		0.0016564		
76.65		0.0016543		
76.7		0.0016521		
76.75		0.00165		
76.8		0.0016479		
76.85		0.0016457		
76.9		0.0016436		
76.95		0.0016415		
77		0.0016393		
77.05		0.0016372		
77.1		0.0016351		
77.15		0.001633		
77.2		0.0016309		
77.25		0.0016288		
77.3		0.0016267		
77.35		0.0016246		
77.4		0.0016225		
77.45		0.0016204		
77.5		0.0016183		
77.55		0.0016162		
77.6		0.0016142		
77.65		0.0016121		
77.7		0.00161		
77.75		0.001608		
77.8		0.0016059		
77.85		0.0016039		
77.9		0.0016018		
77.95		0.0015998		
78		0.0015977		
78.05		0.0015957		
78.1		0.0015936		
78.15		0.0015916		
78.2		0.0015896		
78.25		0.0015876		
78.3		0.0015855		
78.35		0.0015835		
78.4		0.0015815		
78.45		0.0015795		
78.5		0.0015775		
78.55		0.0015755		
78.6		0.0015735		
78.65		0.0015715		
78.7		0.0015695		
78.75		0.0015675		
78.8		0.0015656		
78.85		0.0015636		
78.9		0.0015616		
78.95		0.0015596		
79		0.0015577		
79.05		0.0015557		
79.1		0.0015537		
79.15		0.0015518		
79.2		0.0015498		
79.25		0.0015479		
79.3		0.0015459		
79.35		0.001544		
79.4		0.0015421		
79.45		0.0015401		
79.5		0.0015382		
79.55		0.0015363		
79.6		0.0015343		
79.65		0.0015324		
79.7		0.0015305		
79.75		0.0015286		
79.8		0.0015267		
79.85		0.0015248		
79.9		0.0015229		
79.95		0.001521		
80		0.0015191		
80.05		0.0015172		
80.1		0.0015153		
80.15		0.0015134		
80.2		0.0015116		
80.25		0.0015097		
80.3		0.0015078		
80.35		0.0015059		
80.4		0.0015041		
80.45		0.0015022		
80.5		0.0015003		
80.55		0.0014985		
80.6		0.0014966		
80.65		0.0014948		
80.7		0.0014929		
80.75		0.0014911		
80.8		0.0014893		
80.85		0.0014874		
80.9		0.0014856		
80.95		0.0014838		
81		0.0014819		
81.05		0.0014801		
81.1		0.0014783		
81.15		0.0014765		
81.2		0.0014747		
81.25		0.0014729		
81.3		0.0014711		
81.35		0.0014693		
81.4		0.0014675		
81.45		0.0014657		
81.5		0.0014639		
81.55		0.0014621		
81.6		0.0014603		
81.65		0.0014585		
81.7		0.0014567		
81.75		0.001455		
81.8		0.0014532		
81.85		0.0014514		
81.9		0.0014497		
81.95		0.0014479		
82		0.0014461		
82.05		0.0014444		
82.1		0.0014426		
82.15		0.0014409		
82.2		0.0014391		
82.25		0.0014374		
82.3		0.0014356		
82.35		0.0014339		
82.4		0.0014322		
82.45		0.0014304		
82.5		0.0014287		
82.55		0.001427		
82.6		0.0014253		
82.65		0.0014235		
82.7		0.0014218		
82.75		0.0014201		
82.8		0.0014184		
82.85		0.0014167		
82.9		0.001415		
82.95		0.0014133		
83		0.0014116		
83.05		0.0014099		
83.1		0.0014082		
83.15		0.0014065		
83.2		0.0014048		
83.25		0.0014032		
83.3		0.0014015		
83.35		0.0013998		
83.4		0.0013981		
83.45		0.0013965		
83.5		0.0013948		
83.55		0.0013931		
83.6		0.0013915		
83.65		0.0013898		
83.7		0.0013882		
83.75		0.0013865		
83.8		0.0013849		
83.85		0.0013832		
83.9		0.0013816		
83.95		0.0013799		
84		0.0013783		
84.05		0.0013767		
84.1		0.001375		
84.15		0.0013734		
84.2		0.0013718		
84.25		0.0013701		
84.3		0.0013685		
84.35		0.0013669		
84.4		0.0013653		
84.45		0.0013637		
84.5		0.0013621		
84.55		0.0013605		
84.6		0.0013589		
84.65		0.0013573		
84.7		0.0013557		
84.75		0.0013541		
84.8		0.0013525		
84.85		0.0013509		
84.9		0.0013493		
84.95		0.0013477		
85		0.0013461		
85.05		0.0013446		
85.1		0.001343		
85.15		0.0013414		
85.2		0.0013399		
85.25		0.0013383		
85.3		0.0013367		
85.35		0.0013352		
85.4		0.0013336		
85.45		0.001332		
85.5		0.0013305		
85.55		0.0013289		
85.6		0.0013274		
85.65		0.0013259		
85.7		0.0013243		
85.75		0.0013228		
85.8		0.0013212		
85.85		0.0013197		
85.9		0.0013182		
85.95		0.0013166		
86		0.0013151		
86.05		0.0013136		
86.1		0.0013121		
86.15		0.0013106		
86.2		0.001309		
86.25		0.0013075		
86.3		0.001306		
86.35		0.0013045		
86.4		0.001303		
86.45		0.0013015		
86.5		0.0013		
86.55		0.0012985		
86.6		0.001297		
86.65		0.0012955		
86.7		0.001294		
86.75		0.0012925		
86.8		0.0012911		
86.85		0.0012896		
86.9		0.0012881		
86.95		0.0012866		
87		0.0012851		
87.05		0.0012837		
87.1		0.0012822		
87.15		0.0012807		
87.2		0.0012793		
87.25		0.0012778		
87.3		0.0012764		
87.35		0.0012749		
87.4		0.0012734		
87.45		0.001272		
87.5		0.0012705		
87.55		0.0012691		
87.6		0.0012677		
87.65		0.0012662		
87.7		0.0012648		
87.75		0.0012633		
87.8		0.0012619		
87.85		0.0012605		
87.9		0.001259		
87.95		0.0012576		
88		0.0012562		
88.05		0.0012548		
88.1		0.0012533		
88.15		0.0012519		
88.2		0.0012505		
88.25		0.0012491		
88.3		0.0012477		
88.35		0.0012463		
88.4		0.0012449		
88.45		0.0012435		
88.5		0.0012421		
88.55		0.0012407		
88.6		0.0012393		
88.65		0.0012379		
88.7		0.0012365		
88.75		0.0012351		
88.8		0.0012337		
88.85		0.0012323		
88.9		0.001231		
88.95		0.0012296		
89		0.0012282		
89.05		0.0012268		
89.1		0.0012255		
89.15		0.0012241		
89.2		0.0012227		
89.25		0.0012213		
89.3		0.00122		
89.35		0.0012186		
89.4		0.0012173		
89.45		0.0012159		
89.5		0.0012146		
89.55		0.0012132		
89.6		0.0012119		
89.65		0.0012105		
89.7		0.0012092		
89.75		0.0012078		
89.8		0.0012065		
89.85		0.0012051		
89.9		0.0012038		
89.95		0.0012025		
90		0.0012011		
90.05		0.0011998		
90.1		0.0011985		
90.15		0.0011971		
90.2		0.0011958		
90.25		0.0011945		
90.3		0.0011932		
90.35		0.0011919		
90.4		0.0011906		
90.45		0.0011892		
90.5		0.0011879		
90.55		0.0011866		
90.6		0.0011853		
90.65		0.001184		
90.7		0.0011827		
90.75		0.0011814		
90.8		0.0011801		
90.85		0.0011788		
90.9		0.0011775		
90.95		0.0011762		
91		0.001175		
91.05		0.0011737		
91.1		0.0011724		
91.15		0.0011711		
91.2		0.0011698		
91.25		0.0011685		
91.3		0.0011673		
91.35		0.001166		
91.4		0.0011647		
91.45		0.0011634		
91.5		0.0011622		
91.55		0.0011609		
91.6		0.0011597		
91.65		0.0011584		
91.7		0.0011571		
91.75		0.0011559		
91.8		0.0011546		
91.85		0.0011534		
91.9		0.0011521		
91.95		0.0011509		
92		0.0011496		
92.05		0.0011484		
92.1		0.0011471		
92.15		0.0011459		
92.2		0.0011446		
92.25		0.0011434		
92.3		0.0011422		
92.35		0.0011409		
92.4		0.0011397		
92.45		0.0011385		
92.5		0.0011373		
92.55		0.001136		
92.6		0.0011348		
92.65		0.0011336		
92.7		0.0011324		
92.75		0.0011312		
92.8		0.0011299		
92.85		0.0011287		
92.9		0.0011275		
92.95		0.0011263		
93		0.0011251		
93.05		0.0011239		
93.1		0.0011227		
93.15		0.0011215		
93.2		0.0011203		
93.25		0.0011191		
93.3		0.0011179		
93.35		0.0011167		
93.4		0.0011155		
93.45		0.0011143		
93.5		0.0011131		
93.55		0.0011119		
93.6		0.0011108		
93.65		0.0011096		
93.7		0.0011084		
93.75		0.0011072		
93.8		0.001106		
93.85		0.0011049		
93.9		0.0011037		
93.95		0.0011025		
94		0.0011013		
94.05		0.0011002		
94.1		0.001099		
94.15		0.0010979		
94.2		0.0010967		
94.25		0.0010955		
94.3		0.0010944		
94.35		0.0010932		
94.4		0.0010921		
94.45		0.0010909		
94.5		0.0010898		
94.55		0.0010886		
94.6		0.0010875		
94.65		0.0010863		
94.7		0.0010852		
94.75		0.001084		
94.8		0.0010829		
94.85		0.0010818		
94.9		0.0010806		
94.95		0.0010795		
95		0.0010783		
95.05		0.0010772		
95.1		0.0010761		
95.15		0.001075		
95.2		0.0010738		
95.25		0.0010727		
95.3		0.0010716		
95.35		0.0010705		
95.4		0.0010693		
95.45		0.0010682		
95.5		0.0010671		
95.55		0.001066		
95.6		0.0010649		
95.65		0.0010638		
95.7		0.0010627		
95.75		0.0010616		
95.8		0.0010605		
95.85		0.0010594		
95.9		0.0010583		
95.95		0.0010572		
96		0.0010561		
96.05		0.001055		
96.1		0.0010539		
96.15		0.0010528		
96.2		0.0010517		
96.25		0.0010506		
96.3		0.0010495		
96.35		0.0010484		
96.4		0.0010473		
96.45		0.0010463		
96.5		0.0010452		
96.55		0.0010441		
96.6		0.001043		
96.65		0.0010419		
96.7		0.0010409		
96.75		0.0010398		
96.8		0.0010387		
96.85		0.0010377		
96.9		0.0010366		
96.95		0.0010355		
97		0.0010345		
97.05		0.0010334		
97.1		0.0010323		
97.15		0.0010313		
97.2		0.0010302		
97.25		0.0010292		
97.3		0.0010281		
97.35		0.001027		
97.4		0.001026		
97.45		0.0010249		
97.5		0.0010239		
97.55		0.0010229		
97.6		0.0010218		
97.65		0.0010208		
97.7		0.0010197		
97.75		0.0010187		
97.8		0.0010176		
97.85		0.0010166		
97.9		0.0010156		
97.95		0.0010145		
98		0.0010135		
98.05		0.0010125		
98.1		0.0010114		
98.15		0.0010104		
98.2		0.0010094		
98.25		0.0010084		
98.3		0.0010073		
98.35		0.0010063		
98.4		0.0010053		
98.45		0.0010043		
98.5		0.0010033		
98.55		0.0010023		
98.6		0.0010012		
98.65		0.0010002		
98.7		0.00099922		
98.75		0.00099821		
98.8		0.0009972		
98.85		0.0009962		
98.9		0.00099519		
98.95		0.00099419		
99		0.00099319		
99.05		0.00099219		
99.1		0.00099119		
99.15		0.00099019		
99.2		0.0009892		
99.25		0.0009882		
99.3		0.00098721		
99.35		0.00098622		
99.4		0.00098523		
99.45		0.00098424		
99.5		0.00098326		
99.55		0.00098227		
99.6		0.00098129		
99.65		0.00098031		
99.7		0.00097933		
99.75		0.00097835		
99.8		0.00097737		
99.85		0.00097639		
99.9		0.00097542		
99.95		0.00097445		
100		0.00097347		
