t [fm]		PL/PT
0.25		1
0.3		0.76114		
0.35		0.61353		
0.4		0.51739		
0.45		0.45249		
0.5		0.40764		
0.55		0.37625		
0.6		0.35426		
0.65		0.33902		
0.7		0.32878		
0.75		0.32232		
0.8		0.31877		
0.85		0.3175		
0.9		0.31803		
0.95		0.32		
1		0.32312		
1.05		0.32718		
1.1		0.33199		
1.15		0.33741		
1.2		0.34332		
1.25		0.34962		
1.3		0.35624		
1.35		0.36311		
1.4		0.37017		
1.45		0.37737		
1.5		0.38468		
1.55		0.39205		
1.6		0.39948		
1.65		0.40692		
1.7		0.41436		
1.75		0.42179		
1.8		0.42918		
1.85		0.43653		
1.9		0.44382		
1.95		0.45105		
2		0.4582		
2.05		0.46527		
2.1		0.47226		
2.15		0.47916		
2.2		0.48596		
2.25		0.49267		
2.3		0.49928		
2.35		0.50578		
2.4		0.51219		
2.45		0.51849		
2.5		0.52469		
2.55		0.53078		
2.6		0.53677		
2.65		0.54265		
2.7		0.54843		
2.75		0.5541		
2.8		0.55968		
2.85		0.56515		
2.9		0.57051		
2.95		0.57578		
3		0.58095		
3.05		0.58602		
3.1		0.591		
3.15		0.59588		
3.2		0.60067		
3.25		0.60536		
3.3		0.60997		
3.35		0.61449		
3.4		0.61892		
3.45		0.62326		
3.5		0.62752		
3.55		0.6317		
3.6		0.6358		
3.65		0.63982		
3.7		0.64376		
3.75		0.64762		
3.8		0.65141		
3.85		0.65513		
3.9		0.65878		
3.95		0.66236		
4		0.66586		
4.05		0.66931		
4.1		0.67268		
4.15		0.676		
4.2		0.67925		
4.25		0.68244		
4.3		0.68557		
4.35		0.68864		
4.4		0.69166		
4.45		0.69462		
4.5		0.69752		
4.55		0.70038		
4.6		0.70318		
4.65		0.70593		
4.7		0.70863		
4.75		0.71128		
4.8		0.71388		
4.85		0.71644		
4.9		0.71896		
4.95		0.72143		
5		0.72385		
5.05		0.72624		
5.1		0.72858		
5.15		0.73088		
5.2		0.73315		
5.25		0.73537		
5.3		0.73756		
5.35		0.73971		
5.4		0.74183		
5.45		0.74391		
5.5		0.74596		
5.55		0.74797		
5.6		0.74995		
5.65		0.7519		
5.7		0.75382		
5.75		0.7557		
5.8		0.75756		
5.85		0.75939		
5.9		0.76119		
5.95		0.76296		
6		0.7647		
6.05		0.76642		
6.1		0.76811		
6.15		0.76978		
6.2		0.77142		
6.25		0.77304		
6.3		0.77463		
6.35		0.7762		
6.4		0.77775		
6.45		0.77927		
6.5		0.78077		
6.55		0.78225		
6.6		0.78371		
6.65		0.78515		
6.7		0.78657		
6.75		0.78797		
6.8		0.78935		
6.85		0.79071		
6.9		0.79205		
6.95		0.79338		
7		0.79468		
7.05		0.79597		
7.1		0.79724		
7.15		0.7985		
7.2		0.79974		
7.25		0.80096		
7.3		0.80217		
7.35		0.80336		
7.4		0.80453		
7.45		0.8057		
7.5		0.80684		
7.55		0.80797		
7.6		0.80909		
7.65		0.8102		
7.7		0.81129		
7.75		0.81236		
7.8		0.81343		
7.85		0.81448		
7.9		0.81552		
7.95		0.81655		
8		0.81756		
8.05		0.81856		
8.1		0.81955		
8.15		0.82053		
8.2		0.8215		
8.25		0.82246		
8.3		0.82341		
8.35		0.82434		
8.4		0.82527		
8.45		0.82618		
8.5		0.82709		
8.55		0.82798		
8.6		0.82887		
8.65		0.82974		
8.7		0.83061		
8.75		0.83146		
8.8		0.83231		
8.85		0.83315		
8.9		0.83398		
8.95		0.8348		
9		0.83561		
9.05		0.83642		
9.1		0.83721		
9.15		0.838		
9.2		0.83878		
9.25		0.83955		
9.3		0.84032		
9.35		0.84107		
9.4		0.84182		
9.45		0.84256		
9.5		0.8433		
9.55		0.84402		
9.6		0.84474		
9.65		0.84545		
9.7		0.84616		
9.75		0.84686		
9.8		0.84755		
9.85		0.84824		
9.9		0.84892		
9.95		0.84959		
10		0.85026		
10.05		0.85092		
10.1		0.85157		
10.15		0.85222		
10.2		0.85287		
10.25		0.8535		
10.3		0.85413		
10.35		0.85476		
10.4		0.85538		
10.45		0.85599		
10.5		0.8566		
10.55		0.85721		
10.6		0.85781		
10.65		0.8584		
10.7		0.85899		
10.75		0.85957		
10.8		0.86015		
10.85		0.86072		
10.9		0.86129		
10.95		0.86185		
11		0.86241		
11.05		0.86297		
11.1		0.86352		
11.15		0.86406		
11.2		0.8646		
11.25		0.86514		
11.3		0.86567		
11.35		0.8662		
11.4		0.86672		
11.45		0.86724		
11.5		0.86776		
11.55		0.86827		
11.6		0.86877		
11.65		0.86928		
11.7		0.86978		
11.75		0.87027		
11.8		0.87076		
11.85		0.87125		
11.9		0.87173		
11.95		0.87221		
12		0.87269		
12.05		0.87316		
12.1		0.87363		
12.15		0.8741		
12.2		0.87456		
12.25		0.87502		
12.3		0.87547		
12.35		0.87593		
12.4		0.87637		
12.45		0.87682		
12.5		0.87726		
12.55		0.8777		
12.6		0.87814		
12.65		0.87857		
12.7		0.879		
12.75		0.87943		
12.8		0.87985		
12.85		0.88027		
12.9		0.88069		
12.95		0.8811		
13		0.88151		
13.05		0.88192		
13.1		0.88233		
13.15		0.88273		
13.2		0.88313		
13.25		0.88353		
13.3		0.88393		
13.35		0.88432		
13.4		0.88471		
13.45		0.88509		
13.5		0.88548		
13.55		0.88586		
13.6		0.88624		
13.65		0.88662		
13.7		0.88699		
13.75		0.88736		
13.8		0.88773		
13.85		0.8881		
13.9		0.88847		
13.95		0.88883		
14		0.88919		
14.05		0.88955		
14.1		0.8899		
14.15		0.89025		
14.2		0.89061		
14.25		0.89095		
14.3		0.8913		
14.35		0.89165		
14.4		0.89199		
14.45		0.89233		
14.5		0.89267		
14.55		0.893		
14.6		0.89334		
14.65		0.89367		
14.7		0.894		
14.75		0.89433		
14.8		0.89465		
14.85		0.89498		
14.9		0.8953		
14.95		0.89562		
15		0.89594		
15.05		0.89625		
15.1		0.89657		
15.15		0.89688		
15.2		0.89719		
15.25		0.8975		
15.3		0.8978		
15.35		0.89811		
15.4		0.89841		
15.45		0.89872		
15.5		0.89902		
15.55		0.89931		
15.6		0.89961		
15.65		0.89991		
15.7		0.9002		
15.75		0.90049		
15.8		0.90078		
15.85		0.90107		
15.9		0.90135		
15.95		0.90164		
16		0.90192		
16.05		0.90221		
16.1		0.90249		
16.15		0.90276		
16.2		0.90304		
16.25		0.90332		
16.3		0.90359		
16.35		0.90386		
16.4		0.90414		
16.45		0.90441		
16.5		0.90467		
16.55		0.90494		
16.6		0.90521		
16.65		0.90547		
16.7		0.90573		
16.75		0.90599		
16.8		0.90625		
16.85		0.90651		
16.9		0.90677		
16.95		0.90703		
17		0.90728		
17.05		0.90753		
17.1		0.90779		
17.15		0.90804		
17.2		0.90829		
17.25		0.90853		
17.3		0.90878		
17.35		0.90903		
17.4		0.90927		
17.45		0.90951		
17.5		0.90976		
17.55		0.91		
17.6		0.91024		
17.65		0.91047		
17.7		0.91071		
17.75		0.91095		
17.8		0.91118		
17.85		0.91142		
17.9		0.91165		
17.95		0.91188		
18		0.91211		
18.05		0.91234		
18.1		0.91257		
18.15		0.91279		
18.2		0.91302		
18.25		0.91324		
18.3		0.91347		
18.35		0.91369		
18.4		0.91391		
18.45		0.91413		
18.5		0.91435		
18.55		0.91457		
18.6		0.91479		
18.65		0.915		
18.7		0.91522		
18.75		0.91543		
18.8		0.91565		
18.85		0.91586		
18.9		0.91607		
18.95		0.91628		
19		0.91649		
19.05		0.9167		
19.1		0.9169		
19.15		0.91711		
19.2		0.91732		
19.25		0.91752		
19.3		0.91772		
19.35		0.91793		
19.4		0.91813		
19.45		0.91833		
19.5		0.91853		
19.55		0.91873		
19.6		0.91893		
19.65		0.91913		
19.7		0.91932		
19.75		0.91952		
19.8		0.91971		
19.85		0.91991		
19.9		0.9201		
19.95		0.92029		
20		0.92048		
20.05		0.92067		
20.1		0.92086		
20.15		0.92105		
20.2		0.92124		
20.25		0.92143		
20.3		0.92162		
20.35		0.9218		
20.4		0.92199		
20.45		0.92217		
20.5		0.92235		
20.55		0.92254		
20.6		0.92272		
20.65		0.9229		
20.7		0.92308		
20.75		0.92326		
20.8		0.92344		
20.85		0.92362		
20.9		0.92379		
20.95		0.92397		
21		0.92415		
21.05		0.92432		
21.1		0.9245		
21.15		0.92467		
21.2		0.92484		
21.25		0.92502		
21.3		0.92519		
21.35		0.92536		
21.4		0.92553		
21.45		0.9257		
21.5		0.92587		
21.55		0.92604		
21.6		0.92621		
21.65		0.92637		
21.7		0.92654		
21.75		0.92671		
21.8		0.92687		
21.85		0.92704		
21.9		0.9272		
21.95		0.92736		
22		0.92752		
22.05		0.92769		
22.1		0.92785		
22.15		0.92801		
22.2		0.92817		
22.25		0.92833		
22.3		0.92849		
22.35		0.92865		
22.4		0.9288		
22.45		0.92896		
22.5		0.92912		
22.55		0.92927		
22.6		0.92943		
22.65		0.92958		
22.7		0.92974		
22.75		0.92989		
22.8		0.93004		
22.85		0.9302		
22.9		0.93035		
22.95		0.9305		
23		0.93065		
23.05		0.9308		
23.1		0.93095		
23.15		0.9311		
23.2		0.93125		
23.25		0.9314		
23.3		0.93155		
23.35		0.93169		
23.4		0.93184		
23.45		0.93199		
23.5		0.93213		
23.55		0.93228		
23.6		0.93242		
23.65		0.93256		
23.7		0.93271		
23.75		0.93285		
23.8		0.93299		
23.85		0.93314		
23.9		0.93328		
23.95		0.93342		
24		0.93356		
24.05		0.9337		
24.1		0.93384		
24.15		0.93398		
24.2		0.93412		
24.25		0.93425		
24.3		0.93439		
24.35		0.93453		
24.4		0.93467		
24.45		0.9348		
24.5		0.93494		
24.55		0.93507		
24.6		0.93521		
24.65		0.93534		
24.7		0.93548		
24.75		0.93561		
24.8		0.93574		
24.85		0.93588		
24.9		0.93601		
24.95		0.93614		
25		0.93627		
25.05		0.9364		
25.1		0.93653		
25.15		0.93666		
25.2		0.93679		
25.25		0.93692		
25.3		0.93705		
25.35		0.93718		
25.4		0.93731		
25.45		0.93743		
25.5		0.93756		
25.55		0.93769		
25.6		0.93782		
25.65		0.93794		
25.7		0.93807		
25.75		0.93819		
25.8		0.93832		
25.85		0.93844		
25.9		0.93857		
25.95		0.93869		
26		0.93882		
26.05		0.93894		
26.1		0.93906		
26.15		0.93919		
26.2		0.93931		
26.25		0.93943		
26.3		0.93955		
26.35		0.93967		
26.4		0.9398		
26.45		0.93992		
26.5		0.94004		
26.55		0.94016		
26.6		0.94028		
26.65		0.9404		
26.7		0.94051		
26.75		0.94063		
26.8		0.94075		
26.85		0.94087		
26.9		0.94099		
26.95		0.9411		
27		0.94122		
27.05		0.94134		
27.1		0.94145		
27.15		0.94157		
27.2		0.94169		
27.25		0.9418		
27.3		0.94192		
27.35		0.94203		
27.4		0.94215		
27.45		0.94226		
27.5		0.94237		
27.55		0.94249		
27.6		0.9426		
27.65		0.94271		
27.7		0.94282		
27.75		0.94294		
27.8		0.94305		
27.85		0.94316		
27.9		0.94327		
27.95		0.94338		
28		0.94349		
28.05		0.9436		
28.1		0.94371		
28.15		0.94382		
28.2		0.94393		
28.25		0.94404		
28.3		0.94415		
28.35		0.94425		
28.4		0.94436		
28.45		0.94447		
28.5		0.94458		
28.55		0.94468		
28.6		0.94479		
28.65		0.9449		
28.7		0.945		
28.75		0.94511		
28.8		0.94521		
28.85		0.94532		
28.9		0.94542		
28.95		0.94553		
29		0.94563		
29.05		0.94574		
29.1		0.94584		
29.15		0.94594		
29.2		0.94604		
29.25		0.94615		
29.3		0.94625		
29.35		0.94635		
29.4		0.94645		
29.45		0.94656		
29.5		0.94666		
29.55		0.94676		
29.6		0.94686		
29.65		0.94696		
29.7		0.94706		
29.75		0.94716		
29.8		0.94726		
29.85		0.94736		
29.9		0.94746		
29.95		0.94755		
30		0.94765		
30.05		0.94775		
30.1		0.94785		
30.15		0.94795		
30.2		0.94804		
30.25		0.94814		
30.3		0.94824		
30.35		0.94833		
30.4		0.94843		
30.45		0.94853		
30.5		0.94862		
30.55		0.94872		
30.6		0.94881		
30.65		0.94891		
30.7		0.949		
30.75		0.9491		
30.8		0.94919		
30.85		0.94928		
30.9		0.94938		
30.95		0.94947		
31		0.94956		
31.05		0.94966		
31.1		0.94975		
31.15		0.94984		
31.2		0.94993		
31.25		0.95002		
31.3		0.95011		
31.35		0.95021		
31.4		0.9503		
31.45		0.95039		
31.5		0.95048		
31.55		0.95057		
31.6		0.95066		
31.65		0.95075		
31.7		0.95084		
31.75		0.95093		
31.8		0.95102		
31.85		0.9511		
31.9		0.95119		
31.95		0.95128		
32		0.95137		
32.05		0.95146		
32.1		0.95154		
32.15		0.95163		
32.2		0.95172		
32.25		0.9518		
32.3		0.95189		
32.35		0.95198		
32.4		0.95206		
32.45		0.95215		
32.5		0.95223		
32.55		0.95232		
32.6		0.9524		
32.65		0.95249		
32.7		0.95257		
32.75		0.95266		
32.8		0.95274		
32.85		0.95283		
32.9		0.95291		
32.95		0.95299		
33		0.95308		
33.05		0.95316		
33.1		0.95324		
33.15		0.95333		
33.2		0.95341		
33.25		0.95349		
33.3		0.95357		
33.35		0.95365		
33.4		0.95373		
33.45		0.95382		
33.5		0.9539		
33.55		0.95398		
33.6		0.95406		
33.65		0.95414		
33.7		0.95422		
33.75		0.9543		
33.8		0.95438		
33.85		0.95446		
33.9		0.95454		
33.95		0.95461		
34		0.95469		
34.05		0.95477		
34.1		0.95485		
34.15		0.95493		
34.2		0.95501		
34.25		0.95508		
34.3		0.95516		
34.35		0.95524		
34.4		0.95532		
34.45		0.95539		
34.5		0.95547		
34.55		0.95555		
34.6		0.95562		
34.65		0.9557		
34.7		0.95577		
34.75		0.95585		
34.8		0.95592		
34.85		0.956		
34.9		0.95608		
34.95		0.95615		
35		0.95622		
35.05		0.9563		
35.1		0.95637		
35.15		0.95645		
35.2		0.95652		
35.25		0.95659		
35.3		0.95667		
35.35		0.95674		
35.4		0.95681		
35.45		0.95689		
35.5		0.95696		
35.55		0.95703		
35.6		0.9571		
35.65		0.95718		
35.7		0.95725		
35.75		0.95732		
35.8		0.95739		
35.85		0.95746		
35.9		0.95753		
35.95		0.9576		
36		0.95767		
36.05		0.95774		
36.1		0.95782		
36.15		0.95789		
36.2		0.95796		
36.25		0.95802		
36.3		0.95809		
36.35		0.95816		
36.4		0.95823		
36.45		0.9583		
36.5		0.95837		
36.55		0.95844		
36.6		0.95852		
36.65		0.95859		
36.7		0.95866		
36.75		0.95873		
36.8		0.95879		
36.85		0.95886		
36.9		0.95893		
36.95		0.959		
37		0.95906		
37.05		0.95913		
37.1		0.95919		
37.15		0.95926		
37.2		0.95932		
37.25		0.95939		
37.3		0.95945		
37.35		0.95951		
37.4		0.95957		
37.45		0.95964		
37.5		0.9597		
37.55		0.95976		
37.6		0.95982		
37.65		0.95988		
37.7		0.95994		
37.75		0.96		
37.8		0.96006		
37.85		0.96011		
37.9		0.96017		
37.95		0.96023		
38		0.96029		
38.05		0.96034		
38.1		0.9604		
38.15		0.96046		
38.2		0.96051		
38.25		0.96057		
38.3		0.96062		
38.35		0.96068		
38.4		0.96073		
38.45		0.96079		
38.5		0.96084		
38.55		0.9609		
38.6		0.96095		
38.65		0.961		
38.7		0.96106		
38.75		0.96111		
38.8		0.96116		
38.85		0.96121		
38.9		0.96127		
38.95		0.96132		
39		0.96137		
39.05		0.96142		
39.1		0.96147		
39.15		0.96152		
39.2		0.96157		
39.25		0.96162		
39.3		0.96167		
39.35		0.96172		
39.4		0.96177		
39.45		0.96182		
39.5		0.96187		
39.55		0.96192		
39.6		0.96197		
39.65		0.96202		
39.7		0.96207		
39.75		0.96212		
39.8		0.96217		
39.85		0.96221		
39.9		0.96226		
39.95		0.96231		
40		0.96236		
40.05		0.96241		
40.1		0.96245		
40.15		0.9625		
40.2		0.96255		
40.25		0.96259		
40.3		0.96264		
40.35		0.96269		
40.4		0.96273		
40.45		0.96278		
40.5		0.96283		
40.55		0.96287		
40.6		0.96292		
40.65		0.96296		
40.7		0.96301		
40.75		0.96305		
40.8		0.9631		
40.85		0.96314		
40.9		0.96319		
40.95		0.96323		
41		0.96328		
41.05		0.96332		
41.1		0.96337		
41.15		0.96341		
41.2		0.96345		
41.25		0.9635		
41.3		0.96354		
41.35		0.96359		
41.4		0.96363		
41.45		0.96367		
41.5		0.96372		
41.55		0.96376		
41.6		0.9638		
41.65		0.96384		
41.7		0.96389		
41.75		0.96393		
41.8		0.96397		
41.85		0.96401		
41.9		0.96406		
41.95		0.9641		
42		0.96414		
42.05		0.96418		
42.1		0.96422		
42.15		0.96427		
42.2		0.96431		
42.25		0.96435		
42.3		0.96439		
42.35		0.96443		
42.4		0.96447		
42.45		0.96451		
42.5		0.96455		
42.55		0.96459		
42.6		0.96464		
42.65		0.96468		
42.7		0.96472		
42.75		0.96476		
42.8		0.9648		
42.85		0.96484		
42.9		0.96488		
42.95		0.96492		
43		0.96496		
43.05		0.965		
43.1		0.96503		
43.15		0.96507		
43.2		0.96511		
43.25		0.96515		
43.3		0.96519		
43.35		0.96523		
43.4		0.96527		
43.45		0.96531		
43.5		0.96535		
43.55		0.96539		
43.6		0.96542		
43.65		0.96546		
43.7		0.9655		
43.75		0.96554		
43.8		0.96558		
43.85		0.96562		
43.9		0.96565		
43.95		0.96569		
44		0.96573		
44.05		0.96577		
44.1		0.9658		
44.15		0.96584		
44.2		0.96588		
44.25		0.96592		
44.3		0.96595		
44.35		0.96599		
44.4		0.96603		
44.45		0.96606		
44.5		0.9661		
44.55		0.96614		
44.6		0.96618		
44.65		0.96621		
44.7		0.96625		
44.75		0.96628		
44.8		0.96632		
44.85		0.96636		
44.9		0.96639		
44.95		0.96643		
45		0.96647		
45.05		0.9665		
45.1		0.96654		
45.15		0.96657		
45.2		0.96661		
45.25		0.96664		
45.3		0.96668		
45.35		0.96672		
45.4		0.96675		
45.45		0.96679		
45.5		0.96682		
45.55		0.96686		
45.6		0.96689		
45.65		0.96693		
45.7		0.96696		
45.75		0.967		
45.8		0.96703		
45.85		0.96707		
45.9		0.9671		
45.95		0.96714		
46		0.96717		
46.05		0.9672		
46.1		0.96724		
46.15		0.96727		
46.2		0.96731		
46.25		0.96734		
46.3		0.96738		
46.35		0.96741		
46.4		0.96744		
46.45		0.96748		
46.5		0.96751		
46.55		0.96754		
46.6		0.96758		
46.65		0.96761		
46.7		0.96765		
46.75		0.96768		
46.8		0.96771		
46.85		0.96775		
46.9		0.96778		
46.95		0.96781		
47		0.96785		
47.05		0.96788		
47.1		0.96791		
47.15		0.96794		
47.2		0.96798		
47.25		0.96801		
47.3		0.96804		
47.35		0.96808		
47.4		0.96811		
47.45		0.96814		
47.5		0.96817		
47.55		0.96821		
47.6		0.96824		
47.65		0.96827		
47.7		0.9683		
47.75		0.96833		
47.8		0.96837		
47.85		0.9684		
47.9		0.96843		
47.95		0.96846		
48		0.96849		
48.05		0.96853		
48.1		0.96856		
48.15		0.96859		
48.2		0.96862		
48.25		0.96865		
48.3		0.96869		
48.35		0.96872		
48.4		0.96875		
48.45		0.96878		
48.5		0.96881		
48.55		0.96884		
48.6		0.96887		
48.65		0.9689		
48.7		0.96894		
48.75		0.96897		
48.8		0.969		
48.85		0.96903		
48.9		0.96906		
48.95		0.96909		
49		0.96912		
49.05		0.96915		
49.1		0.96918		
49.15		0.96921		
49.2		0.96924		
49.25		0.96927		
49.3		0.9693		
49.35		0.96933		
49.4		0.96936		
49.45		0.9694		
49.5		0.96943		
49.55		0.96946		
49.6		0.96949		
49.65		0.96952		
49.7		0.96955		
49.75		0.96958		
49.8		0.96961		
49.85		0.96964		
49.9		0.96967		
49.95		0.96969		
50		0.96972		
50.05		0.96975		
50.1		0.96978		
50.15		0.96981		
50.2		0.96984		
50.25		0.96987		
50.3		0.9699		
50.35		0.96993		
50.4		0.96996		
50.45		0.96999		
50.5		0.97002		
50.55		0.97005		
50.6		0.97008		
50.65		0.97011		
50.7		0.97013		
50.75		0.97016		
50.8		0.97019		
50.85		0.97022		
50.9		0.97025		
50.95		0.97028		
51		0.97031		
51.05		0.97034		
51.1		0.97036		
51.15		0.97039		
51.2		0.97042		
51.25		0.97045		
51.3		0.97048		
51.35		0.97051		
51.4		0.97053		
51.45		0.97056		
51.5		0.97059		
51.55		0.97062		
51.6		0.97065		
51.65		0.97068		
51.7		0.9707		
51.75		0.97073		
51.8		0.97076		
51.85		0.97079		
51.9		0.97081		
51.95		0.97084		
52		0.97087		
52.05		0.9709		
52.1		0.97093		
52.15		0.97095		
52.2		0.97098		
52.25		0.97101		
52.3		0.97103		
52.35		0.97106		
52.4		0.97109		
52.45		0.97112		
52.5		0.97114		
52.55		0.97117		
52.6		0.9712		
52.65		0.97123		
52.7		0.97125		
52.75		0.97128		
52.8		0.97131		
52.85		0.97133		
52.9		0.97136		
52.95		0.97139		
53		0.97141		
53.05		0.97144		
53.1		0.97147		
53.15		0.97149		
53.2		0.97152		
53.25		0.97155		
53.3		0.97157		
53.35		0.9716		
53.4		0.97162		
53.45		0.97165		
53.5		0.97168		
53.55		0.9717		
53.6		0.97173		
53.65		0.97176		
53.7		0.97178		
53.75		0.97181		
53.8		0.97183		
53.85		0.97186		
53.9		0.97189		
53.95		0.97191		
54		0.97194		
54.05		0.97196		
54.1		0.97199		
54.15		0.97201		
54.2		0.97204		
54.25		0.97207		
54.3		0.97209		
54.35		0.97212		
54.4		0.97214		
54.45		0.97217		
54.5		0.97219		
54.55		0.97222		
54.6		0.97224		
54.65		0.97227		
54.7		0.97229		
54.75		0.97232		
54.8		0.97234		
54.85		0.97237		
54.9		0.97239		
54.95		0.97242		
55		0.97244		
55.05		0.97247		
55.1		0.97249		
55.15		0.97252		
55.2		0.97254		
55.25		0.97257		
55.3		0.97259		
55.35		0.97262		
55.4		0.97264		
55.45		0.97267		
55.5		0.97269		
55.55		0.97271		
55.6		0.97274		
55.65		0.97276		
55.7		0.97279		
55.75		0.97281		
55.8		0.97284		
55.85		0.97286		
55.9		0.97288		
55.95		0.97291		
56		0.97293		
56.05		0.97296		
56.1		0.97298		
56.15		0.973		
56.2		0.97303		
56.25		0.97305		
56.3		0.97308		
56.35		0.9731		
56.4		0.97312		
56.45		0.97315		
56.5		0.97317		
56.55		0.97319		
56.6		0.97322		
56.65		0.97324		
56.7		0.97326		
56.75		0.97329		
56.8		0.97331		
56.85		0.97333		
56.9		0.97336		
56.95		0.97338		
57		0.9734		
57.05		0.97343		
57.1		0.97345		
57.15		0.97347		
57.2		0.9735		
57.25		0.97352		
57.3		0.97354		
57.35		0.97356		
57.4		0.97359		
57.45		0.97361		
57.5		0.97363		
57.55		0.97366		
57.6		0.97368		
57.65		0.9737		
57.7		0.97372		
57.75		0.97375		
57.8		0.97377		
57.85		0.97379		
57.9		0.97381		
57.95		0.97384		
58		0.97386		
58.05		0.97388		
58.1		0.9739		
58.15		0.97393		
58.2		0.97395		
58.25		0.97397		
58.3		0.97399		
58.35		0.97401		
58.4		0.97404		
58.45		0.97406		
58.5		0.97408		
58.55		0.9741		
58.6		0.97412		
58.65		0.97415		
58.7		0.97417		
58.75		0.97419		
58.8		0.97421		
58.85		0.97423		
58.9		0.97426		
58.95		0.97428		
59		0.9743		
59.05		0.97432		
59.1		0.97434		
59.15		0.97436		
59.2		0.97439		
59.25		0.97441		
59.3		0.97443		
59.35		0.97445		
59.4		0.97447		
59.45		0.97449		
59.5		0.97451		
59.55		0.97453		
59.6		0.97456		
59.65		0.97458		
59.7		0.9746		
59.75		0.97462		
59.8		0.97464		
59.85		0.97466		
59.9		0.97468		
59.95		0.9747		
60		0.97472		
60.05		0.97475		
60.1		0.97477		
60.15		0.97479		
60.2		0.97481		
60.25		0.97483		
60.3		0.97485		
60.35		0.97487		
60.4		0.97489		
60.45		0.97491		
60.5		0.97493		
60.55		0.97495		
60.6		0.97497		
60.65		0.97499		
60.7		0.97501		
60.75		0.97503		
60.8		0.97505		
60.85		0.97507		
60.9		0.97509		
60.95		0.97511		
61		0.97514		
61.05		0.97516		
61.1		0.97518		
61.15		0.9752		
61.2		0.97522		
61.25		0.97524		
61.3		0.97526		
61.35		0.97528		
61.4		0.9753		
61.45		0.97532		
61.5		0.97534		
61.55		0.97536		
61.6		0.97538		
61.65		0.9754		
61.7		0.97541		
61.75		0.97543		
61.8		0.97545		
61.85		0.97547		
61.9		0.97549		
61.95		0.97551		
62		0.97553		
62.05		0.97555		
62.1		0.97557		
62.15		0.97559		
62.2		0.97561		
62.25		0.97563		
62.3		0.97565		
62.35		0.97567		
62.4		0.97569		
62.45		0.97571		
62.5		0.97573		
62.55		0.97575		
62.6		0.97577		
62.65		0.97578		
62.7		0.9758		
62.75		0.97582		
62.8		0.97584		
62.85		0.97586		
62.9		0.97588		
62.95		0.9759		
63		0.97592		
63.05		0.97594		
63.1		0.97596		
63.15		0.97597		
63.2		0.97599		
63.25		0.97601		
63.3		0.97603		
63.35		0.97605		
63.4		0.97607		
63.45		0.97609		
63.5		0.97611		
63.55		0.97612		
63.6		0.97614		
63.65		0.97616		
63.7		0.97618		
63.75		0.9762		
63.8		0.97622		
63.85		0.97623		
63.9		0.97625		
63.95		0.97627		
64		0.97629		
64.05		0.97631		
64.1		0.97633		
64.15		0.97634		
64.2		0.97636		
64.25		0.97638		
64.3		0.9764		
64.35		0.97642		
64.4		0.97644		
64.45		0.97645		
64.5		0.97647		
64.55		0.97649		
64.6		0.97651		
64.65		0.97653		
64.7		0.97654		
64.75		0.97656		
64.8		0.97658		
64.85		0.9766		
64.9		0.97661		
64.95		0.97663		
65		0.97665		
65.05		0.97667		
65.1		0.97669		
65.15		0.9767		
65.2		0.97672		
65.25		0.97674		
65.3		0.97676		
65.35		0.97677		
65.4		0.97679		
65.45		0.97681		
65.5		0.97683		
65.55		0.97684		
65.6		0.97686		
65.65		0.97688		
65.7		0.9769		
65.75		0.97691		
65.8		0.97693		
65.85		0.97695		
65.9		0.97697		
65.95		0.97698		
66		0.977		
66.05		0.97702		
66.1		0.97703		
66.15		0.97705		
66.2		0.97707		
66.25		0.97709		
66.3		0.9771		
66.35		0.97712		
66.4		0.97714		
66.45		0.97715		
66.5		0.97717		
66.55		0.97719		
66.6		0.9772		
66.65		0.97722		
66.7		0.97724		
66.75		0.97725		
66.8		0.97727		
66.85		0.97729		
66.9		0.9773		
66.95		0.97732		
67		0.97734		
67.05		0.97736		
67.1		0.97737		
67.15		0.97739		
67.2		0.9774		
67.25		0.97742		
67.3		0.97744		
67.35		0.97745		
67.4		0.97747		
67.45		0.97749		
67.5		0.9775		
67.55		0.97752		
67.6		0.97754		
67.65		0.97755		
67.7		0.97757		
67.75		0.97759		
67.8		0.9776		
67.85		0.97762		
67.9		0.97763		
67.95		0.97765		
68		0.97767		
68.05		0.97768		
68.1		0.9777		
68.15		0.97772		
68.2		0.97773		
68.25		0.97775		
68.3		0.97776		
68.35		0.97778		
68.4		0.9778		
68.45		0.97781		
68.5		0.97783		
68.55		0.97784		
68.6		0.97786		
68.65		0.97788		
68.7		0.97789		
68.75		0.97791		
68.8		0.97792		
68.85		0.97794		
68.9		0.97795		
68.95		0.97797		
69		0.97799		
69.05		0.978		
69.1		0.97802		
69.15		0.97803		
69.2		0.97805		
69.25		0.97806		
69.3		0.97808		
69.35		0.97809		
69.4		0.97811		
69.45		0.97813		
69.5		0.97814		
69.55		0.97816		
69.6		0.97817		
69.65		0.97819		
69.7		0.9782		
69.75		0.97822		
69.8		0.97823		
69.85		0.97825		
69.9		0.97826		
69.95		0.97828		
70		0.97829		
70.05		0.97831		
70.1		0.97833		
70.15		0.97834		
70.2		0.97836		
70.25		0.97837		
70.3		0.97839		
70.35		0.9784		
70.4		0.97842		
70.45		0.97843		
70.5		0.97845		
70.55		0.97846		
70.6		0.97848		
70.65		0.97849		
70.7		0.97851		
70.75		0.97852		
70.8		0.97854		
70.85		0.97855		
70.9		0.97857		
70.95		0.97858		
71		0.9786		
71.05		0.97861		
71.1		0.97863		
71.15		0.97864		
71.2		0.97865		
71.25		0.97867		
71.3		0.97868		
71.35		0.9787		
71.4		0.97871		
71.45		0.97873		
71.5		0.97874		
71.55		0.97876		
71.6		0.97877		
71.65		0.97879		
71.7		0.9788		
71.75		0.97882		
71.8		0.97883		
71.85		0.97884		
71.9		0.97886		
71.95		0.97887		
72		0.97889		
72.05		0.9789		
72.1		0.97892		
72.15		0.97893		
72.2		0.97894		
72.25		0.97896		
72.3		0.97897		
72.35		0.97899		
72.4		0.979		
72.45		0.97902		
72.5		0.97903		
72.55		0.97904		
72.6		0.97906		
72.65		0.97907		
72.7		0.97909		
72.75		0.9791		
72.8		0.97912		
72.85		0.97913		
72.9		0.97914		
72.95		0.97916		
73		0.97917		
73.05		0.97919		
73.1		0.9792		
73.15		0.97921		
73.2		0.97923		
73.25		0.97924		
73.3		0.97925		
73.35		0.97927		
73.4		0.97928		
73.45		0.9793		
73.5		0.97931		
73.55		0.97932		
73.6		0.97934		
73.65		0.97935		
73.7		0.97937		
73.75		0.97938		
73.8		0.97939		
73.85		0.97941		
73.9		0.97942		
73.95		0.97943		
74		0.97945		
74.05		0.97946		
74.1		0.97947		
74.15		0.97949		
74.2		0.9795		
74.25		0.97951		
74.3		0.97953		
74.35		0.97954		
74.4		0.97956		
74.45		0.97957		
74.5		0.97958		
74.55		0.9796		
74.6		0.97961		
74.65		0.97962		
74.7		0.97964		
74.75		0.97965		
74.8		0.97966		
74.85		0.97968		
74.9		0.97969		
74.95		0.9797		
75		0.97972		
75.05		0.97973		
75.1		0.97974		
75.15		0.97976		
75.2		0.97977		
75.25		0.97978		
75.3		0.97979		
75.35		0.97981		
75.4		0.97982		
75.45		0.97983		
75.5		0.97985		
75.55		0.97986		
75.6		0.97987		
75.65		0.97989		
75.7		0.9799		
75.75		0.97991		
75.8		0.97992		
75.85		0.97994		
75.9		0.97995		
75.95		0.97996		
76		0.97998		
76.05		0.97999		
76.1		0.98		
76.15		0.98002		
76.2		0.98003		
76.25		0.98004		
76.3		0.98005		
76.35		0.98007		
76.4		0.98008		
76.45		0.98009		
76.5		0.9801		
76.55		0.98012		
76.6		0.98013		
76.65		0.98014		
76.7		0.98016		
76.75		0.98017		
76.8		0.98018		
76.85		0.98019		
76.9		0.98021		
76.95		0.98022		
77		0.98023		
77.05		0.98024		
77.1		0.98026		
77.15		0.98027		
77.2		0.98028		
77.25		0.98029		
77.3		0.98031		
77.35		0.98032		
77.4		0.98033		
77.45		0.98034		
77.5		0.98036		
77.55		0.98037		
77.6		0.98038		
77.65		0.98039		
77.7		0.9804		
77.75		0.98042		
77.8		0.98043		
77.85		0.98044		
77.9		0.98045		
77.95		0.98047		
78		0.98048		
78.05		0.98049		
78.1		0.9805		
78.15		0.98052		
78.2		0.98053		
78.25		0.98054		
78.3		0.98055		
78.35		0.98056		
78.4		0.98058		
78.45		0.98059		
78.5		0.9806		
78.55		0.98061		
78.6		0.98062		
78.65		0.98064		
78.7		0.98065		
78.75		0.98066		
78.8		0.98067		
78.85		0.98068		
78.9		0.9807		
78.95		0.98071		
79		0.98072		
79.05		0.98073		
79.1		0.98074		
79.15		0.98076		
79.2		0.98077		
79.25		0.98078		
79.3		0.98079		
79.35		0.9808		
79.4		0.98081		
79.45		0.98083		
79.5		0.98084		
79.55		0.98085		
79.6		0.98086		
79.65		0.98087		
79.7		0.98088		
79.75		0.9809		
79.8		0.98091		
79.85		0.98092		
79.9		0.98093		
79.95		0.98094		
80		0.98095		
80.05		0.98097		
80.1		0.98098		
80.15		0.98099		
80.2		0.981		
80.25		0.98101		
80.3		0.98102		
80.35		0.98104		
80.4		0.98105		
80.45		0.98106		
80.5		0.98107		
80.55		0.98108		
80.6		0.98109		
80.65		0.9811		
80.7		0.98112		
80.75		0.98113		
80.8		0.98114		
80.85		0.98115		
80.9		0.98116		
80.95		0.98117		
81		0.98118		
81.05		0.9812		
81.1		0.98121		
81.15		0.98122		
81.2		0.98123		
81.25		0.98124		
81.3		0.98125		
81.35		0.98126		
81.4		0.98127		
81.45		0.98129		
81.5		0.9813		
81.55		0.98131		
81.6		0.98132		
81.65		0.98133		
81.7		0.98134		
81.75		0.98135		
81.8		0.98136		
81.85		0.98137		
81.9		0.98139		
81.95		0.9814		
82		0.98141		
82.05		0.98142		
82.1		0.98143		
82.15		0.98144		
82.2		0.98145		
82.25		0.98146		
82.3		0.98147		
82.35		0.98148		
82.4		0.9815		
82.45		0.98151		
82.5		0.98152		
82.55		0.98153		
82.6		0.98154		
82.65		0.98155		
82.7		0.98156		
82.75		0.98157		
82.8		0.98158		
82.85		0.98159		
82.9		0.9816		
82.95		0.98161		
83		0.98163		
83.05		0.98164		
83.1		0.98165		
83.15		0.98166		
83.2		0.98167		
83.25		0.98168		
83.3		0.98169		
83.35		0.9817		
83.4		0.98171		
83.45		0.98172		
83.5		0.98173		
83.55		0.98174		
83.6		0.98175		
83.65		0.98176		
83.7		0.98178		
83.75		0.98179		
83.8		0.9818		
83.85		0.98181		
83.9		0.98182		
83.95		0.98183		
84		0.98184		
84.05		0.98185		
84.1		0.98186		
84.15		0.98187		
84.2		0.98188		
84.25		0.98189		
84.3		0.9819		
84.35		0.98191		
84.4		0.98192		
84.45		0.98193		
84.5		0.98194		
84.55		0.98195		
84.6		0.98196		
84.65		0.98197		
84.7		0.98198		
84.75		0.98199		
84.8		0.982		
84.85		0.98202		
84.9		0.98203		
84.95		0.98204		
85		0.98205		
85.05		0.98206		
85.1		0.98207		
85.15		0.98208		
85.2		0.98209		
85.25		0.9821		
85.3		0.98211		
85.35		0.98212		
85.4		0.98213		
85.45		0.98214		
85.5		0.98215		
85.55		0.98216		
85.6		0.98217		
85.65		0.98218		
85.7		0.98219		
85.75		0.9822		
85.8		0.98221		
85.85		0.98222		
85.9		0.98223		
85.95		0.98224		
86		0.98225		
86.05		0.98226		
86.1		0.98227		
86.15		0.98228		
86.2		0.98229		
86.25		0.9823		
86.3		0.98231		
86.35		0.98232		
86.4		0.98233		
86.45		0.98234		
86.5		0.98235		
86.55		0.98236		
86.6		0.98237		
86.65		0.98238		
86.7		0.98239		
86.75		0.9824		
86.8		0.98241		
86.85		0.98242		
86.9		0.98243		
86.95		0.98244		
87		0.98245		
87.05		0.98246		
87.1		0.98247		
87.15		0.98248		
87.2		0.98249		
87.25		0.9825		
87.3		0.98251		
87.35		0.98252		
87.4		0.98252		
87.45		0.98253		
87.5		0.98254		
87.55		0.98255		
87.6		0.98256		
87.65		0.98257		
87.7		0.98258		
87.75		0.98259		
87.8		0.9826		
87.85		0.98261		
87.9		0.98262		
87.95		0.98263		
88		0.98264		
88.05		0.98265		
88.1		0.98266		
88.15		0.98267		
88.2		0.98268		
88.25		0.98269		
88.3		0.9827		
88.35		0.98271		
88.4		0.98272		
88.45		0.98273		
88.5		0.98274		
88.55		0.98275		
88.6		0.98275		
88.65		0.98276		
88.7		0.98277		
88.75		0.98278		
88.8		0.98279		
88.85		0.9828		
88.9		0.98281		
88.95		0.98282		
89		0.98283		
89.05		0.98284		
89.1		0.98285		
89.15		0.98286		
89.2		0.98287		
89.25		0.98288		
89.3		0.98289		
89.35		0.98289		
89.4		0.9829		
89.45		0.98291		
89.5		0.98292		
89.55		0.98293		
89.6		0.98294		
89.65		0.98295		
89.7		0.98296		
89.75		0.98297		
89.8		0.98298		
89.85		0.98299		
89.9		0.983		
89.95		0.98301		
90		0.98301		
90.05		0.98302		
90.1		0.98303		
90.15		0.98304		
90.2		0.98305		
90.25		0.98306		
90.3		0.98307		
90.35		0.98308		
90.4		0.98309		
90.45		0.9831		
90.5		0.98311		
90.55		0.98311		
90.6		0.98312		
90.65		0.98313		
90.7		0.98314		
90.75		0.98315		
90.8		0.98316		
90.85		0.98317		
90.9		0.98318		
90.95		0.98319		
91		0.9832		
91.05		0.9832		
91.1		0.98321		
91.15		0.98322		
91.2		0.98323		
91.25		0.98324		
91.3		0.98325		
91.35		0.98326		
91.4		0.98327		
91.45		0.98328		
91.5		0.98328		
91.55		0.98329		
91.6		0.9833		
91.65		0.98331		
91.7		0.98332		
91.75		0.98333		
91.8		0.98334		
91.85		0.98335		
91.9		0.98335		
91.95		0.98336		
92		0.98337		
92.05		0.98338		
92.1		0.98339		
92.15		0.9834		
92.2		0.98341		
92.25		0.98342		
92.3		0.98342		
92.35		0.98343		
92.4		0.98344		
92.45		0.98345		
92.5		0.98346		
92.55		0.98347		
92.6		0.98348		
92.65		0.98349		
92.7		0.98349		
92.75		0.9835		
92.8		0.98351		
92.85		0.98352		
92.9		0.98353		
92.95		0.98354		
93		0.98355		
93.05		0.98355		
93.1		0.98356		
93.15		0.98357		
93.2		0.98358		
93.25		0.98359		
93.3		0.9836		
93.35		0.9836		
93.4		0.98361		
93.45		0.98362		
93.5		0.98363		
93.55		0.98364		
93.6		0.98365		
93.65		0.98366		
93.7		0.98366		
93.75		0.98367		
93.8		0.98368		
93.85		0.98369		
93.9		0.9837		
93.95		0.98371		
94		0.98371		
94.05		0.98372		
94.1		0.98373		
94.15		0.98374		
94.2		0.98375		
94.25		0.98376		
94.3		0.98376		
94.35		0.98377		
94.4		0.98378		
94.45		0.98379		
94.5		0.9838		
94.55		0.98381		
94.6		0.98381		
94.65		0.98382		
94.7		0.98383		
94.75		0.98384		
94.8		0.98385		
94.85		0.98386		
94.9		0.98386		
94.95		0.98387		
95		0.98388		
95.05		0.98389		
95.1		0.9839		
95.15		0.9839		
95.2		0.98391		
95.25		0.98392		
95.3		0.98393		
95.35		0.98394		
95.4		0.98395		
95.45		0.98395		
95.5		0.98396		
95.55		0.98397		
95.6		0.98398		
95.65		0.98399		
95.7		0.98399		
95.75		0.984		
95.8		0.98401		
95.85		0.98402		
95.9		0.98403		
95.95		0.98403		
96		0.98404		
96.05		0.98405		
96.1		0.98406		
96.15		0.98407		
96.2		0.98407		
96.25		0.98408		
96.3		0.98409		
96.35		0.9841		
96.4		0.98411		
96.45		0.98411		
96.5		0.98412		
96.55		0.98413		
96.6		0.98414		
96.65		0.98415		
96.7		0.98415		
96.75		0.98416		
96.8		0.98417		
96.85		0.98418		
96.9		0.98419		
96.95		0.98419		
97		0.9842		
97.05		0.98421		
97.1		0.98422		
97.15		0.98422		
97.2		0.98423		
97.25		0.98424		
97.3		0.98425		
97.35		0.98426		
97.4		0.98426		
97.45		0.98427		
97.5		0.98428		
97.55		0.98429		
97.6		0.9843		
97.65		0.9843		
97.7		0.98431		
97.75		0.98432		
97.8		0.98433		
97.85		0.98433		
97.9		0.98434		
97.95		0.98435		
98		0.98436		
98.05		0.98436		
98.1		0.98437		
98.15		0.98438		
98.2		0.98439		
98.25		0.9844		
98.3		0.9844		
98.35		0.98441		
98.4		0.98442		
98.45		0.98443		
98.5		0.98443		
98.55		0.98444		
98.6		0.98445		
98.65		0.98446		
98.7		0.98446		
98.75		0.98447		
98.8		0.98448		
98.85		0.98449		
98.9		0.98449		
98.95		0.9845		
99		0.98451		
99.05		0.98452		
99.1		0.98452		
99.15		0.98453		
99.2		0.98454		
99.25		0.98455		
99.3		0.98455		
99.35		0.98456		
99.4		0.98457		
99.45		0.98458		
99.5		0.98458		
99.55		0.98459		
99.6		0.9846		
99.65		0.98461		
99.7		0.98461		
99.75		0.98462		
99.8		0.98463		
99.85		0.98464		
99.9		0.98464		
99.95		0.98465		
100		0.98466		
