t [fm]		R_pi^-1
0.25		0
0.3		0.21179		
0.35		0.3624		
0.4		0.47061		
0.45		0.54892		
0.5		0.60577		
0.55		0.64692		
0.6		0.67639		
0.65		0.69703		
0.7		0.71093		
0.75		0.71962		
0.8		0.72426		
0.85		0.72572		
0.9		0.72467		
0.95		0.72165		
1		0.71705		
1.05		0.71122		
1.1		0.7044		
1.15		0.69682		
1.2		0.68864		
1.25		0.68		
1.3		0.67101		
1.35		0.66176		
1.4		0.65234		
1.45		0.6428		
1.5		0.63319		
1.55		0.62357		
1.6		0.61396		
1.65		0.60439		
1.7		0.59489		
1.75		0.58547		
1.8		0.57616		
1.85		0.56697		
1.9		0.55791		
1.95		0.54899		
2		0.54021		
2.05		0.53159		
2.1		0.52311		
2.15		0.5148		
2.2		0.50664		
2.25		0.49865		
2.3		0.49082		
2.35		0.48315		
2.4		0.47563		
2.45		0.46828		
2.5		0.46109		
2.55		0.45405		
2.6		0.44717		
2.65		0.44044		
2.7		0.43386		
2.75		0.42742		
2.8		0.42113		
2.85		0.41499		
2.9		0.40898		
2.95		0.40311		
3		0.39737		
3.05		0.39176		
3.1		0.38628		
3.15		0.38092		
3.2		0.37569		
3.25		0.37057		
3.3		0.36557		
3.35		0.36069		
3.4		0.35591		
3.45		0.35124		
3.5		0.34668		
3.55		0.34222		
3.6		0.33786		
3.65		0.33359		
3.7		0.32942		
3.75		0.32534		
3.8		0.32135		
3.85		0.31745		
3.9		0.31364		
3.95		0.3099		
4		0.30625		
4.05		0.30267		
4.1		0.29918		
4.15		0.29575		
4.2		0.2924		
4.25		0.28912		
4.3		0.28591		
4.35		0.28276		
4.4		0.27968		
4.45		0.27666		
4.5		0.27371		
4.55		0.27081		
4.6		0.26798		
4.65		0.2652		
4.7		0.26247		
4.75		0.2598		
4.8		0.25718		
4.85		0.25461		
4.9		0.25209		
4.95		0.24962		
5		0.2472		
5.05		0.24482		
5.1		0.24249		
5.15		0.2402		
5.2		0.23796		
5.25		0.23576		
5.3		0.23359		
5.35		0.23147		
5.4		0.22938		
5.45		0.22733		
5.5		0.22532		
5.55		0.22335		
5.6		0.2214		
5.65		0.2195		
5.7		0.21762		
5.75		0.21578		
5.8		0.21397		
5.85		0.21219		
5.9		0.21044		
5.95		0.20872		
6		0.20702		
6.05		0.20536		
6.1		0.20372		
6.15		0.20211		
6.2		0.20052		
6.25		0.19896		
6.3		0.19743		
6.35		0.19592		
6.4		0.19443		
6.45		0.19296		
6.5		0.19152		
6.55		0.1901		
6.6		0.1887		
6.65		0.18733		
6.7		0.18597		
6.75		0.18463		
6.8		0.18332		
6.85		0.18202		
6.9		0.18074		
6.95		0.17948		
7		0.17824		
7.05		0.17701		
7.1		0.17581		
7.15		0.17462		
7.2		0.17344		
7.25		0.17229		
7.3		0.17114		
7.35		0.17002		
7.4		0.16891		
7.45		0.16781		
7.5		0.16673		
7.55		0.16566		
7.6		0.16461		
7.65		0.16357		
7.7		0.16255		
7.75		0.16153		
7.8		0.16053		
7.85		0.15955		
7.9		0.15857		
7.95		0.15761		
8		0.15666		
8.05		0.15572		
8.1		0.1548		
8.15		0.15388		
8.2		0.15298		
8.25		0.15208		
8.3		0.1512		
8.35		0.15033		
8.4		0.14947		
8.45		0.14862		
8.5		0.14777		
8.55		0.14694		
8.6		0.14612		
8.65		0.14531		
8.7		0.1445		
8.75		0.14371		
8.8		0.14292		
8.85		0.14215		
8.9		0.14138		
8.95		0.14062		
9		0.13987		
9.05		0.13912		
9.1		0.13839		
9.15		0.13766		
9.2		0.13694		
9.25		0.13623		
9.3		0.13553		
9.35		0.13483		
9.4		0.13414		
9.45		0.13346		
9.5		0.13278		
9.55		0.13211		
9.6		0.13145		
9.65		0.1308		
9.7		0.13015		
9.75		0.12951		
9.8		0.12887		
9.85		0.12824		
9.9		0.12762		
9.95		0.127		
10		0.12639		
10.05		0.12579		
10.1		0.12519		
10.15		0.1246		
10.2		0.12401		
10.25		0.12343		
10.3		0.12285		
10.35		0.12228		
10.4		0.12172		
10.45		0.12116		
10.5		0.1206		
10.55		0.12005		
10.6		0.11951		
10.65		0.11897		
10.7		0.11843		
10.75		0.1179		
10.8		0.11737		
10.85		0.11685		
10.9		0.11634		
10.95		0.11583		
11		0.11532		
11.05		0.11482		
11.1		0.11432		
11.15		0.11382		
11.2		0.11333		
11.25		0.11285		
11.3		0.11237		
11.35		0.11189		
11.4		0.11142		
11.45		0.11095		
11.5		0.11048		
11.55		0.11002		
11.6		0.10956		
11.65		0.10911		
11.7		0.10866		
11.75		0.10821		
11.8		0.10777		
11.85		0.10733		
11.9		0.10689		
11.95		0.10646		
12		0.10603		
12.05		0.10561		
12.1		0.10519		
12.15		0.10477		
12.2		0.10435		
12.25		0.10394		
12.3		0.10353		
12.35		0.10312		
12.4		0.10272		
12.45		0.10232		
12.5		0.10193		
12.55		0.10153		
12.6		0.10114		
12.65		0.10075		
12.7		0.10037		
12.75		0.099987		
12.8		0.099608		
12.85		0.099232		
12.9		0.098859		
12.95		0.098488		
13		0.09812		
13.05		0.097754		
13.1		0.097392		
13.15		0.097032		
13.2		0.096674		
13.25		0.096319		
13.3		0.095967		
13.35		0.095617		
13.4		0.09527		
13.45		0.094925		
13.5		0.094582		
13.55		0.094242		
13.6		0.093904		
13.65		0.093568		
13.7		0.093235		
13.75		0.092904		
13.8		0.092576		
13.85		0.092249		
13.9		0.091925		
13.95		0.091603		
14		0.091283		
14.05		0.090966		
14.1		0.09065		
14.15		0.090337		
14.2		0.090025		
14.25		0.089716		
14.3		0.089409		
14.35		0.089103		
14.4		0.0888		
14.45		0.088499		
14.5		0.088199		
14.55		0.087902		
14.6		0.087606		
14.65		0.087313		
14.7		0.087021		
14.75		0.086731		
14.8		0.086443		
14.85		0.086157		
14.9		0.085872		
14.95		0.085589		
15		0.085308		
15.05		0.085029		
15.1		0.084752		
15.15		0.084476		
15.2		0.084202		
15.25		0.08393		
15.3		0.083659		
15.35		0.08339		
15.4		0.083122		
15.45		0.082856		
15.5		0.082592		
15.55		0.082329		
15.6		0.082068		
15.65		0.081809		
15.7		0.081551		
15.75		0.081294		
15.8		0.081039		
15.85		0.080785		
15.9		0.080533		
15.95		0.080283		
16		0.080034		
16.05		0.079786		
16.1		0.07954		
16.15		0.079295		
16.2		0.079051		
16.25		0.078809		
16.3		0.078569		
16.35		0.078329		
16.4		0.078091		
16.45		0.077854		
16.5		0.077619		
16.55		0.077385		
16.6		0.077152		
16.65		0.076921		
16.7		0.076691		
16.75		0.076462		
16.8		0.076234		
16.85		0.076008		
16.9		0.075782		
16.95		0.075558		
17		0.075336		
17.05		0.075114		
17.1		0.074894		
17.15		0.074674		
17.2		0.074456		
17.25		0.074239		
17.3		0.074024		
17.35		0.073809		
17.4		0.073596		
17.45		0.073383		
17.5		0.073172		
17.55		0.072962		
17.6		0.072753		
17.65		0.072545		
17.7		0.072338		
17.75		0.072132		
17.8		0.071927		
17.85		0.071723		
17.9		0.07152		
17.95		0.071319		
18		0.071118		
18.05		0.070918		
18.1		0.070719		
18.15		0.070522		
18.2		0.070325		
18.25		0.070129		
18.3		0.069934		
18.35		0.069741		
18.4		0.069548		
18.45		0.069356		
18.5		0.069165		
18.55		0.068975		
18.6		0.068785		
18.65		0.068597		
18.7		0.06841		
18.75		0.068223		
18.8		0.068038		
18.85		0.067853		
18.9		0.067669		
18.95		0.067486		
19		0.067304		
19.05		0.067123		
19.1		0.066942		
19.15		0.066763		
19.2		0.066584		
19.25		0.066406		
19.3		0.066229		
19.35		0.066053		
19.4		0.065877		
19.45		0.065703		
19.5		0.065529		
19.55		0.065356		
19.6		0.065184		
19.65		0.065012		
19.7		0.064841		
19.75		0.064671		
19.8		0.064502		
19.85		0.064334		
19.9		0.064166		
19.95		0.063999		
20		0.063833		
20.05		0.063667		
20.1		0.063502		
20.15		0.063338		
20.2		0.063175		
20.25		0.063012		
20.3		0.06285		
20.35		0.062689		
20.4		0.062529		
20.45		0.062369		
20.5		0.06221		
20.55		0.062051		
20.6		0.061893		
20.65		0.061736		
20.7		0.06158		
20.75		0.061424		
20.8		0.061269		
20.85		0.061114		
20.9		0.06096		
20.95		0.060807		
21		0.060654		
21.05		0.060502		
21.1		0.060351		
21.15		0.0602		
21.2		0.06005		
21.25		0.0599		
21.3		0.059751		
21.35		0.059603		
21.4		0.059455		
21.45		0.059308		
21.5		0.059162		
21.55		0.059016		
21.6		0.05887		
21.65		0.058726		
21.7		0.058581		
21.75		0.058438		
21.8		0.058295		
21.85		0.058152		
21.9		0.05801		
21.95		0.057869		
22		0.057728		
22.05		0.057588		
22.1		0.057448		
22.15		0.057308		
22.2		0.05717		
22.25		0.057032		
22.3		0.056894		
22.35		0.056757		
22.4		0.05662		
22.45		0.056484		
22.5		0.056349		
22.55		0.056213		
22.6		0.056079		
22.65		0.055945		
22.7		0.055811		
22.75		0.055678		
22.8		0.055546		
22.85		0.055414		
22.9		0.055282		
22.95		0.055151		
23		0.05502		
23.05		0.05489		
23.1		0.054761		
23.15		0.054631		
23.2		0.054503		
23.25		0.054374		
23.3		0.054247		
23.35		0.054119		
23.4		0.053992		
23.45		0.053866		
23.5		0.05374		
23.55		0.053614		
23.6		0.053489		
23.65		0.053365		
23.7		0.05324		
23.75		0.053117		
23.8		0.052993		
23.85		0.052871		
23.9		0.052748		
23.95		0.052626		
24		0.052504		
24.05		0.052383		
24.1		0.052262		
24.15		0.052142		
24.2		0.052022		
24.25		0.051903		
24.3		0.051784		
24.35		0.051665		
24.4		0.051547		
24.45		0.051429		
24.5		0.051311		
24.55		0.051194		
24.6		0.051077		
24.65		0.050961		
24.7		0.050845		
24.75		0.05073		
24.8		0.050615		
24.85		0.0505		
24.9		0.050385		
24.95		0.050271		
25		0.050158		
25.05		0.050045		
25.1		0.049932		
25.15		0.049819		
25.2		0.049707		
25.25		0.049595		
25.3		0.049484		
25.35		0.049373		
25.4		0.049262		
25.45		0.049152		
25.5		0.049042		
25.55		0.048933		
25.6		0.048823		
25.65		0.048715		
25.7		0.048606		
25.75		0.048498		
25.8		0.048391		
25.85		0.048283		
25.9		0.048176		
25.95		0.04807		
26		0.047964		
26.05		0.047858		
26.1		0.047752		
26.15		0.047647		
26.2		0.047543		
26.25		0.047438		
26.3		0.047334		
26.35		0.047231		
26.4		0.047128		
26.45		0.047025		
26.5		0.046922		
26.55		0.04682		
26.6		0.046719		
26.65		0.046617		
26.7		0.046516		
26.75		0.046415		
26.8		0.046315		
26.85		0.046215		
26.9		0.046116		
26.95		0.046016		
27		0.045917		
27.05		0.045819		
27.1		0.045721		
27.15		0.045623		
27.2		0.045525		
27.25		0.045428		
27.3		0.045332		
27.35		0.045235		
27.4		0.045139		
27.45		0.045043		
27.5		0.044948		
27.55		0.044853		
27.6		0.044758		
27.65		0.044663		
27.7		0.044569		
27.75		0.044476		
27.8		0.044382		
27.85		0.044289		
27.9		0.044196		
27.95		0.044104		
28		0.044012		
28.05		0.04392		
28.1		0.043828		
28.15		0.043737		
28.2		0.043646		
28.25		0.043556		
28.3		0.043466		
28.35		0.043376		
28.4		0.043286		
28.45		0.043197		
28.5		0.043108		
28.55		0.043019		
28.6		0.042931		
28.65		0.042843		
28.7		0.042755		
28.75		0.042668		
28.8		0.042581		
28.85		0.042494		
28.9		0.042407		
28.95		0.042321		
29		0.042235		
29.05		0.042149		
29.1		0.042064		
29.15		0.041979		
29.2		0.041894		
29.25		0.04181		
29.3		0.041726		
29.35		0.041642		
29.4		0.041558		
29.45		0.041475		
29.5		0.041392		
29.55		0.041309		
29.6		0.041226		
29.65		0.041144		
29.7		0.041062		
29.75		0.04098		
29.8		0.040899		
29.85		0.040818		
29.9		0.040737		
29.95		0.040657		
30		0.040576		
30.05		0.040496		
30.1		0.040416		
30.15		0.040337		
30.2		0.040258		
30.25		0.040179		
30.3		0.0401		
30.35		0.040022		
30.4		0.039943		
30.45		0.039866		
30.5		0.039788		
30.55		0.03971		
30.6		0.039633		
30.65		0.039556		
30.7		0.03948		
30.75		0.039403		
30.8		0.039327		
30.85		0.039251		
30.9		0.039176		
30.95		0.0391		
31		0.039025		
31.05		0.03895		
31.1		0.038876		
31.15		0.038801		
31.2		0.038727		
31.25		0.038653		
31.3		0.03858		
31.35		0.038506		
31.4		0.038433		
31.45		0.03836		
31.5		0.038287		
31.55		0.038215		
31.6		0.038142		
31.65		0.03807		
31.7		0.037999		
31.75		0.037927		
31.8		0.037856		
31.85		0.037785		
31.9		0.037714		
31.95		0.037643		
32		0.037573		
32.05		0.037503		
32.1		0.037433		
32.15		0.037363		
32.2		0.037294		
32.25		0.037224		
32.3		0.037155		
32.35		0.037086		
32.4		0.037018		
32.45		0.036949		
32.5		0.036881		
32.55		0.036813		
32.6		0.036745		
32.65		0.036678		
32.7		0.036611		
32.75		0.036544		
32.8		0.036477		
32.85		0.03641		
32.9		0.036344		
32.95		0.036277		
33		0.036211		
33.05		0.036145		
33.1		0.03608		
33.15		0.036014		
33.2		0.035949		
33.25		0.035884		
33.3		0.035819		
33.35		0.035755		
33.4		0.03569		
33.45		0.035626		
33.5		0.035562		
33.55		0.035498		
33.6		0.035435		
33.65		0.035371		
33.7		0.035308		
33.75		0.035245		
33.8		0.035182		
33.85		0.03512		
33.9		0.035057		
33.95		0.034995		
34		0.034933		
34.05		0.034871		
34.1		0.03481		
34.15		0.034748		
34.2		0.034687		
34.25		0.034626		
34.3		0.034565		
34.35		0.034504		
34.4		0.034444		
34.45		0.034383		
34.5		0.034323		
34.55		0.034263		
34.6		0.034204		
34.65		0.034144		
34.7		0.034085		
34.75		0.034025		
34.8		0.033966		
34.85		0.033908		
34.9		0.033849		
34.95		0.03379		
35		0.033732		
35.05		0.033674		
35.1		0.033616		
35.15		0.033558		
35.2		0.033501		
35.25		0.033443		
35.3		0.033386		
35.35		0.033329		
35.4		0.033272		
35.45		0.033215		
35.5		0.033159		
35.55		0.033102		
35.6		0.033046		
35.65		0.03299		
35.7		0.032934		
35.75		0.032878		
35.8		0.032823		
35.85		0.032767		
35.9		0.032712		
35.95		0.032657		
36		0.032602		
36.05		0.032547		
36.1		0.032493		
36.15		0.032438		
36.2		0.032384		
36.25		0.03233		
36.3		0.032276		
36.35		0.032222		
36.4		0.032169		
36.45		0.032115		
36.5		0.032062		
36.55		0.032009		
36.6		0.031957		
36.65		0.031904		
36.7		0.031852		
36.75		0.031801		
36.8		0.031751		
36.85		0.031701		
36.9		0.031652		
36.95		0.031604		
37		0.031557		
37.05		0.031511		
37.1		0.031465		
37.15		0.031419		
37.2		0.031375		
37.25		0.031331		
37.3		0.031287		
37.35		0.031244		
37.4		0.031202		
37.45		0.03116		
37.5		0.031119		
37.55		0.031078		
37.6		0.031038		
37.65		0.030998		
37.7		0.030959		
37.75		0.03092		
37.8		0.030881		
37.85		0.030843		
37.9		0.030805		
37.95		0.030768		
38		0.030731		
38.05		0.030694		
38.1		0.030658		
38.15		0.030622		
38.2		0.030587		
38.25		0.030551		
38.3		0.030516		
38.35		0.030482		
38.4		0.030447		
38.45		0.030413		
38.5		0.030379		
38.55		0.030346		
38.6		0.030312		
38.65		0.030279		
38.7		0.030247		
38.75		0.030214		
38.8		0.030182		
38.85		0.03015		
38.9		0.030118		
38.95		0.030086		
39		0.030055		
39.05		0.030023		
39.1		0.029992		
39.15		0.029961		
39.2		0.029931		
39.25		0.0299		
39.3		0.02987		
39.35		0.02984		
39.4		0.02981		
39.45		0.02978		
39.5		0.02975		
39.55		0.029721		
39.6		0.029691		
39.65		0.029662		
39.7		0.029633		
39.75		0.029604		
39.8		0.029575		
39.85		0.029546		
39.9		0.029518		
39.95		0.029489		
40		0.029461		
40.05		0.029433		
40.1		0.029405		
40.15		0.029377		
40.2		0.029349		
40.25		0.029321		
40.3		0.029294		
40.35		0.029266		
40.4		0.029239		
40.45		0.029211		
40.5		0.029184		
40.55		0.029157		
40.6		0.02913		
40.65		0.029103		
40.7		0.029076		
40.75		0.029049		
40.8		0.029022		
40.85		0.028996		
40.9		0.028969		
40.95		0.028943		
41		0.028916		
41.05		0.02889		
41.1		0.028864		
41.15		0.028838		
41.2		0.028812		
41.25		0.028786		
41.3		0.02876		
41.35		0.028734		
41.4		0.028708		
41.45		0.028682		
41.5		0.028656		
41.55		0.028631		
41.6		0.028605		
41.65		0.02858		
41.7		0.028554		
41.75		0.028529		
41.8		0.028504		
41.85		0.028478		
41.9		0.028453		
41.95		0.028428		
42		0.028403		
42.05		0.028377		
42.1		0.028352		
42.15		0.028327		
42.2		0.028302		
42.25		0.028277		
42.3		0.028253		
42.35		0.028228		
42.4		0.028203		
42.45		0.028178		
42.5		0.028153		
42.55		0.028129		
42.6		0.028104		
42.65		0.02808		
42.7		0.028055		
42.75		0.02803		
42.8		0.028006		
42.85		0.027981		
42.9		0.027957		
42.95		0.027933		
43		0.027908		
43.05		0.027884		
43.1		0.027859		
43.15		0.027835		
43.2		0.027811		
43.25		0.027787		
43.3		0.027762		
43.35		0.027738		
43.4		0.027714		
43.45		0.02769		
43.5		0.027666		
43.55		0.027642		
43.6		0.027618		
43.65		0.027594		
43.7		0.027569		
43.75		0.027545		
43.8		0.027521		
43.85		0.027497		
43.9		0.027474		
43.95		0.02745		
44		0.027426		
44.05		0.027402		
44.1		0.027378		
44.15		0.027354		
44.2		0.02733		
44.25		0.027306		
44.3		0.027282		
44.35		0.027259		
44.4		0.027235		
44.45		0.027211		
44.5		0.027187		
44.55		0.027164		
44.6		0.02714		
44.65		0.027116		
44.7		0.027092		
44.75		0.027069		
44.8		0.027045		
44.85		0.027021		
44.9		0.026998		
44.95		0.026974		
45		0.02695		
45.05		0.026927		
45.1		0.026903		
45.15		0.02688		
45.2		0.026856		
45.25		0.026832		
45.3		0.026809		
45.35		0.026785		
45.4		0.026762		
45.45		0.026738		
45.5		0.026715		
45.55		0.026691		
45.6		0.026668		
45.65		0.026644		
45.7		0.02662		
45.75		0.026597		
45.8		0.026574		
45.85		0.02655		
45.9		0.026527		
45.95		0.026503		
46		0.02648		
46.05		0.026456		
46.1		0.026433		
46.15		0.026409		
46.2		0.026386		
46.25		0.026363		
46.3		0.026339		
46.35		0.026316		
46.4		0.026292		
46.45		0.026269		
46.5		0.026246		
46.55		0.026222		
46.6		0.026199		
46.65		0.026176		
46.7		0.026152		
46.75		0.026129		
46.8		0.026106		
46.85		0.026082		
46.9		0.026059		
46.95		0.026036		
47		0.026013		
47.05		0.025989		
47.1		0.025966		
47.15		0.025943		
47.2		0.02592		
47.25		0.025896		
47.3		0.025873		
47.35		0.02585		
47.4		0.025827		
47.45		0.025803		
47.5		0.02578		
47.55		0.025757		
47.6		0.025734		
47.65		0.025711		
47.7		0.025688		
47.75		0.025665		
47.8		0.025641		
47.85		0.025618		
47.9		0.025595		
47.95		0.025572		
48		0.025549		
48.05		0.025526		
48.1		0.025503		
48.15		0.02548		
48.2		0.025457		
48.25		0.025434		
48.3		0.025411		
48.35		0.025388		
48.4		0.025365		
48.45		0.025342		
48.5		0.025319		
48.55		0.025296		
48.6		0.025273		
48.65		0.025251		
48.7		0.025228		
48.75		0.025205		
48.8		0.025182		
48.85		0.025159		
48.9		0.025136		
48.95		0.025113		
49		0.025091		
49.05		0.025068		
49.1		0.025045		
49.15		0.025022		
49.2		0.025		
49.25		0.024977		
49.3		0.024954		
49.35		0.024932		
49.4		0.024909		
49.45		0.024886		
49.5		0.024864		
49.55		0.024841		
49.6		0.024818		
49.65		0.024796		
49.7		0.024773		
49.75		0.024751		
49.8		0.024728		
49.85		0.024706		
49.9		0.024683		
49.95		0.024661		
50		0.024638		
50.05		0.024616		
50.1		0.024594		
50.15		0.024571		
50.2		0.024549		
50.25		0.024526		
50.3		0.024504		
50.35		0.024482		
50.4		0.02446		
50.45		0.024437		
50.5		0.024415		
50.55		0.024393		
50.6		0.024371		
50.65		0.024349		
50.7		0.024326		
50.75		0.024304		
50.8		0.024282		
50.85		0.02426		
50.9		0.024238		
50.95		0.024216		
51		0.024194		
51.05		0.024172		
51.1		0.02415		
51.15		0.024128		
51.2		0.024106		
51.25		0.024084		
51.3		0.024062		
51.35		0.02404		
51.4		0.024019		
51.45		0.023997		
51.5		0.023975		
51.55		0.023953		
51.6		0.023932		
51.65		0.02391		
51.7		0.023888		
51.75		0.023866		
51.8		0.023845		
51.85		0.023823		
51.9		0.023802		
51.95		0.02378		
52		0.023759		
52.05		0.023737		
52.1		0.023716		
52.15		0.023694		
52.2		0.023673		
52.25		0.023651		
52.3		0.02363		
52.35		0.023609		
52.4		0.023587		
52.45		0.023566		
52.5		0.023545		
52.55		0.023523		
52.6		0.023502		
52.65		0.023481		
52.7		0.02346		
52.75		0.023439		
52.8		0.023418		
52.85		0.023397		
52.9		0.023375		
52.95		0.023354		
53		0.023333		
53.05		0.023312		
53.1		0.023292		
53.15		0.023271		
53.2		0.02325		
53.25		0.023229		
53.3		0.023208		
53.35		0.023187		
53.4		0.023166		
53.45		0.023146		
53.5		0.023125		
53.55		0.023104		
53.6		0.023084		
53.65		0.023063		
53.7		0.023042		
53.75		0.023022		
53.8		0.023001		
53.85		0.022981		
53.9		0.02296		
53.95		0.02294		
54		0.022919		
54.05		0.022899		
54.1		0.022879		
54.15		0.022858		
54.2		0.022838		
54.25		0.022818		
54.3		0.022797		
54.35		0.022777		
54.4		0.022757		
54.45		0.022737		
54.5		0.022717		
54.55		0.022697		
54.6		0.022676		
54.65		0.022656		
54.7		0.022636		
54.75		0.022616		
54.8		0.022596		
54.85		0.022576		
54.9		0.022557		
54.95		0.022537		
55		0.022517		
55.05		0.022497		
55.1		0.022477		
55.15		0.022458		
55.2		0.022438		
55.25		0.022418		
55.3		0.022398		
55.35		0.022379		
55.4		0.022359		
55.45		0.02234		
55.5		0.02232		
55.55		0.022301		
55.6		0.022281		
55.65		0.022262		
55.7		0.022242		
55.75		0.022223		
55.8		0.022203		
55.85		0.022184		
55.9		0.022165		
55.95		0.022145		
56		0.022126		
56.05		0.022107		
56.1		0.022088		
56.15		0.022069		
56.2		0.022049		
56.25		0.02203		
56.3		0.022011		
56.35		0.021992		
56.4		0.021973		
56.45		0.021954		
56.5		0.021935		
56.55		0.021916		
56.6		0.021897		
56.65		0.021879		
56.7		0.02186		
56.75		0.021841		
56.8		0.021822		
56.85		0.021803		
56.9		0.021785		
56.95		0.021766		
57		0.021747		
57.05		0.021729		
57.1		0.02171		
57.15		0.021692		
57.2		0.021673		
57.25		0.021654		
57.3		0.021636		
57.35		0.021618		
57.4		0.021599		
57.45		0.021581		
57.5		0.021562		
57.55		0.021544		
57.6		0.021526		
57.65		0.021507		
57.7		0.021489		
57.75		0.021471		
57.8		0.021453		
57.85		0.021435		
57.9		0.021416		
57.95		0.021398		
58		0.02138		
58.05		0.021362		
58.1		0.021344		
58.15		0.021326		
58.2		0.021308		
58.25		0.02129		
58.3		0.021272		
58.35		0.021254		
58.4		0.021237		
58.45		0.021219		
58.5		0.021201		
58.55		0.021183		
58.6		0.021165		
58.65		0.021148		
58.7		0.02113		
58.75		0.021112		
58.8		0.021095		
58.85		0.021077		
58.9		0.02106		
58.95		0.021042		
59		0.021025		
59.05		0.021007		
59.1		0.02099		
59.15		0.020972		
59.2		0.020955		
59.25		0.020937		
59.3		0.02092		
59.35		0.020903		
59.4		0.020886		
59.45		0.020868		
59.5		0.020851		
59.55		0.020834		
59.6		0.020817		
59.65		0.020799		
59.7		0.020782		
59.75		0.020765		
59.8		0.020748		
59.85		0.020731		
59.9		0.020714		
59.95		0.020697		
60		0.02068		
60.05		0.020663		
60.1		0.020646		
60.15		0.020629		
60.2		0.020613		
60.25		0.020596		
60.3		0.020579		
60.35		0.020562		
60.4		0.020545		
60.45		0.020529		
60.5		0.020512		
60.55		0.020495		
60.6		0.020479		
60.65		0.020462		
60.7		0.020446		
60.75		0.020429		
60.8		0.020413		
60.85		0.020396		
60.9		0.02038		
60.95		0.020363		
61		0.020347		
61.05		0.02033		
61.1		0.020314		
61.15		0.020298		
61.2		0.020281		
61.25		0.020265		
61.3		0.020249		
61.35		0.020232		
61.4		0.020216		
61.45		0.0202		
61.5		0.020184		
61.55		0.020168		
61.6		0.020152		
61.65		0.020135		
61.7		0.020119		
61.75		0.020103		
61.8		0.020087		
61.85		0.020071		
61.9		0.020055		
61.95		0.020039		
62		0.020024		
62.05		0.020008		
62.1		0.019992		
62.15		0.019976		
62.2		0.01996		
62.25		0.019944		
62.3		0.019929		
62.35		0.019913		
62.4		0.019897		
62.45		0.019881		
62.5		0.019866		
62.55		0.01985		
62.6		0.019835		
62.65		0.019819		
62.7		0.019803		
62.75		0.019788		
62.8		0.019772		
62.85		0.019757		
62.9		0.019741		
62.95		0.019726		
63		0.019711		
63.05		0.019695		
63.1		0.01968		
63.15		0.019664		
63.2		0.019649		
63.25		0.019634		
63.3		0.019619		
63.35		0.019603		
63.4		0.019588		
63.45		0.019573		
63.5		0.019558		
63.55		0.019543		
63.6		0.019527		
63.65		0.019512		
63.7		0.019497		
63.75		0.019482		
63.8		0.019467		
63.85		0.019452		
63.9		0.019437		
63.95		0.019422		
64		0.019407		
64.05		0.019392		
64.1		0.019377		
64.15		0.019362		
64.2		0.019348		
64.25		0.019333		
64.3		0.019318		
64.35		0.019303		
64.4		0.019288		
64.45		0.019274		
64.5		0.019259		
64.55		0.019244		
64.6		0.01923		
64.65		0.019215		
64.7		0.0192		
64.75		0.019186		
64.8		0.019171		
64.85		0.019157		
64.9		0.019142		
64.95		0.019128		
65		0.019113		
65.05		0.019099		
65.1		0.019084		
65.15		0.01907		
65.2		0.019055		
65.25		0.019041		
65.3		0.019027		
65.35		0.019012		
65.4		0.018998		
65.45		0.018984		
65.5		0.018969		
65.55		0.018955		
65.6		0.018941		
65.65		0.018927		
65.7		0.018913		
65.75		0.018898		
65.8		0.018884		
65.85		0.01887		
65.9		0.018856		
65.95		0.018842		
66		0.018828		
66.05		0.018814		
66.1		0.0188		
66.15		0.018786		
66.2		0.018772		
66.25		0.018758		
66.3		0.018744		
66.35		0.01873		
66.4		0.018716		
66.45		0.018702		
66.5		0.018689		
66.55		0.018675		
66.6		0.018661		
66.65		0.018647		
66.7		0.018633		
66.75		0.01862		
66.8		0.018606		
66.85		0.018592		
66.9		0.018579		
66.95		0.018565		
67		0.018551		
67.05		0.018538		
67.1		0.018524		
67.15		0.018511		
67.2		0.018497		
67.25		0.018483		
67.3		0.01847		
67.35		0.018456		
67.4		0.018443		
67.45		0.01843		
67.5		0.018416		
67.55		0.018403		
67.6		0.018389		
67.65		0.018376		
67.7		0.018363		
67.75		0.018349		
67.8		0.018336		
67.85		0.018323		
67.9		0.018309		
67.95		0.018296		
68		0.018283		
68.05		0.01827		
68.1		0.018256		
68.15		0.018243		
68.2		0.01823		
68.25		0.018217		
68.3		0.018204		
68.35		0.018191		
68.4		0.018178		
68.45		0.018165		
68.5		0.018152		
68.55		0.018139		
68.6		0.018126		
68.65		0.018113		
68.7		0.0181		
68.75		0.018087		
68.8		0.018074		
68.85		0.018061		
68.9		0.018048		
68.95		0.018035		
69		0.018022		
69.05		0.018009		
69.1		0.017997		
69.15		0.017984		
69.2		0.017971		
69.25		0.017958		
69.3		0.017946		
69.35		0.017933		
69.4		0.01792		
69.45		0.017908		
69.5		0.017895		
69.55		0.017882		
69.6		0.01787		
69.65		0.017857		
69.7		0.017844		
69.75		0.017832		
69.8		0.017819		
69.85		0.017807		
69.9		0.017794		
69.95		0.017782		
70		0.017769		
70.05		0.017757		
70.1		0.017744		
70.15		0.017732		
70.2		0.017719		
70.25		0.017707		
70.3		0.017695		
70.35		0.017682		
70.4		0.01767		
70.45		0.017658		
70.5		0.017645		
70.55		0.017633		
70.6		0.017621		
70.65		0.017609		
70.7		0.017596		
70.75		0.017584		
70.8		0.017572		
70.85		0.01756		
70.9		0.017548		
70.95		0.017535		
71		0.017523		
71.05		0.017511		
71.1		0.017499		
71.15		0.017487		
71.2		0.017475		
71.25		0.017463		
71.3		0.017451		
71.35		0.017439		
71.4		0.017427		
71.45		0.017415		
71.5		0.017403		
71.55		0.017391		
71.6		0.017379		
71.65		0.017367		
71.7		0.017355		
71.75		0.017344		
71.8		0.017332		
71.85		0.01732		
71.9		0.017308		
71.95		0.017296		
72		0.017284		
72.05		0.017273		
72.1		0.017261		
72.15		0.017249		
72.2		0.017237		
72.25		0.017226		
72.3		0.017214		
72.35		0.017202		
72.4		0.017191		
72.45		0.017179		
72.5		0.017167		
72.55		0.017156		
72.6		0.017144		
72.65		0.017133		
72.7		0.017121		
72.75		0.01711		
72.8		0.017098		
72.85		0.017087		
72.9		0.017075		
72.95		0.017064		
73		0.017052		
73.05		0.017041		
73.1		0.017029		
73.15		0.017018		
73.2		0.017006		
73.25		0.016995		
73.3		0.016984		
73.35		0.016972		
73.4		0.016961		
73.45		0.01695		
73.5		0.016938		
73.55		0.016927		
73.6		0.016916		
73.65		0.016905		
73.7		0.016893		
73.75		0.016882		
73.8		0.016871		
73.85		0.01686		
73.9		0.016848		
73.95		0.016837		
74		0.016826		
74.05		0.016815		
74.1		0.016804		
74.15		0.016793		
74.2		0.016782		
74.25		0.016771		
74.3		0.01676		
74.35		0.016749		
74.4		0.016737		
74.45		0.016726		
74.5		0.016715		
74.55		0.016704		
74.6		0.016694		
74.65		0.016683		
74.7		0.016672		
74.75		0.016661		
74.8		0.01665		
74.85		0.016639		
74.9		0.016628		
74.95		0.016617		
75		0.016606		
75.05		0.016595		
75.1		0.016585		
75.15		0.016574		
75.2		0.016563		
75.25		0.016552		
75.3		0.016542		
75.35		0.016531		
75.4		0.01652		
75.45		0.016509		
75.5		0.016499		
75.55		0.016488		
75.6		0.016477		
75.65		0.016467		
75.7		0.016456		
75.75		0.016445		
75.8		0.016435		
75.85		0.016424		
75.9		0.016413		
75.95		0.016403		
76		0.016392		
76.05		0.016382		
76.1		0.016371		
76.15		0.016361		
76.2		0.01635		
76.25		0.01634		
76.3		0.016329		
76.35		0.016319		
76.4		0.016308		
76.45		0.016298		
76.5		0.016287		
76.55		0.016277		
76.6		0.016267		
76.65		0.016256		
76.7		0.016246		
76.75		0.016236		
76.8		0.016225		
76.85		0.016215		
76.9		0.016205		
76.95		0.016194		
77		0.016184		
77.05		0.016174		
77.1		0.016163		
77.15		0.016153		
77.2		0.016143		
77.25		0.016133		
77.3		0.016123		
77.35		0.016112		
77.4		0.016102		
77.45		0.016092		
77.5		0.016082		
77.55		0.016072		
77.6		0.016062		
77.65		0.016051		
77.7		0.016041		
77.75		0.016031		
77.8		0.016021		
77.85		0.016011		
77.9		0.016001		
77.95		0.015991		
78		0.015981		
78.05		0.015971		
78.1		0.015961		
78.15		0.015951		
78.2		0.015941		
78.25		0.015931		
78.3		0.015921		
78.35		0.015911		
78.4		0.015901		
78.45		0.015891		
78.5		0.015882		
78.55		0.015872		
78.6		0.015862		
78.65		0.015852		
78.7		0.015842		
78.75		0.015832		
78.8		0.015822		
78.85		0.015813		
78.9		0.015803		
78.95		0.015793		
79		0.015783		
79.05		0.015774		
79.1		0.015764		
79.15		0.015754		
79.2		0.015744		
79.25		0.015735		
79.3		0.015725		
79.35		0.015715		
79.4		0.015706		
79.45		0.015696		
79.5		0.015686		
79.55		0.015677		
79.6		0.015667		
79.65		0.015658		
79.7		0.015648		
79.75		0.015638		
79.8		0.015629		
79.85		0.015619		
79.9		0.01561		
79.95		0.0156		
80		0.015591		
80.05		0.015581		
80.1		0.015572		
80.15		0.015562		
80.2		0.015553		
80.25		0.015543		
80.3		0.015534		
80.35		0.015524		
80.4		0.015515		
80.45		0.015506		
80.5		0.015496		
80.55		0.015487		
80.6		0.015477		
80.65		0.015468		
80.7		0.015459		
80.75		0.015449		
80.8		0.01544		
80.85		0.015431		
80.9		0.015421		
80.95		0.015412		
81		0.015403		
81.05		0.015393		
81.1		0.015384		
81.15		0.015375		
81.2		0.015366		
81.25		0.015357		
81.3		0.015347		
81.35		0.015338		
81.4		0.015329		
81.45		0.01532		
81.5		0.015311		
81.55		0.015301		
81.6		0.015292		
81.65		0.015283		
81.7		0.015274		
81.75		0.015265		
81.8		0.015256		
81.85		0.015247		
81.9		0.015238		
81.95		0.015229		
82		0.01522		
82.05		0.01521		
82.1		0.015201		
82.15		0.015192		
82.2		0.015183		
82.25		0.015174		
82.3		0.015165		
82.35		0.015156		
82.4		0.015147		
82.45		0.015139		
82.5		0.01513		
82.55		0.015121		
82.6		0.015112		
82.65		0.015103		
82.7		0.015094		
82.75		0.015085		
82.8		0.015076		
82.85		0.015067		
82.9		0.015058		
82.95		0.01505		
83		0.015041		
83.05		0.015032		
83.1		0.015023		
83.15		0.015014		
83.2		0.015006		
83.25		0.014997		
83.3		0.014988		
83.35		0.014979		
83.4		0.01497		
83.45		0.014962		
83.5		0.014953		
83.55		0.014944		
83.6		0.014936		
83.65		0.014927		
83.7		0.014918		
83.75		0.01491		
83.8		0.014901		
83.85		0.014892		
83.9		0.014884		
83.95		0.014875		
84		0.014866		
84.05		0.014858		
84.1		0.014849		
84.15		0.01484		
84.2		0.014832		
84.25		0.014823		
84.3		0.014815		
84.35		0.014806		
84.4		0.014798		
84.45		0.014789		
84.5		0.014781		
84.55		0.014772		
84.6		0.014764		
84.65		0.014755		
84.7		0.014747		
84.75		0.014738		
84.8		0.01473		
84.85		0.014721		
84.9		0.014713		
84.95		0.014704		
85		0.014696		
85.05		0.014688		
85.1		0.014679		
85.15		0.014671		
85.2		0.014662		
85.25		0.014654		
85.3		0.014646		
85.35		0.014637		
85.4		0.014629		
85.45		0.014621		
85.5		0.014612		
85.55		0.014604		
85.6		0.014596		
85.65		0.014587		
85.7		0.014579		
85.75		0.014571		
85.8		0.014563		
85.85		0.014554		
85.9		0.014546		
85.95		0.014538		
86		0.01453		
86.05		0.014521		
86.1		0.014513		
86.15		0.014505		
86.2		0.014497		
86.25		0.014489		
86.3		0.014481		
86.35		0.014472		
86.4		0.014464		
86.45		0.014456		
86.5		0.014448		
86.55		0.01444		
86.6		0.014432		
86.65		0.014424		
86.7		0.014416		
86.75		0.014408		
86.8		0.014399		
86.85		0.014391		
86.9		0.014383		
86.95		0.014375		
87		0.014367		
87.05		0.014359		
87.1		0.014351		
87.15		0.014343		
87.2		0.014335		
87.25		0.014327		
87.3		0.014319		
87.35		0.014311		
87.4		0.014303		
87.45		0.014295		
87.5		0.014287		
87.55		0.01428		
87.6		0.014272		
87.65		0.014264		
87.7		0.014256		
87.75		0.014248		
87.8		0.01424		
87.85		0.014232		
87.9		0.014224		
87.95		0.014216		
88		0.014209		
88.05		0.014201		
88.1		0.014193		
88.15		0.014185		
88.2		0.014177		
88.25		0.014169		
88.3		0.014162		
88.35		0.014154		
88.4		0.014146		
88.45		0.014138		
88.5		0.014131		
88.55		0.014123		
88.6		0.014115		
88.65		0.014107		
88.7		0.0141		
88.75		0.014092		
88.8		0.014084		
88.85		0.014077		
88.9		0.014069		
88.95		0.014061		
89		0.014053		
89.05		0.014046		
89.1		0.014038		
89.15		0.01403		
89.2		0.014023		
89.25		0.014015		
89.3		0.014008		
89.35		0.014		
89.4		0.013992		
89.45		0.013985		
89.5		0.013977		
89.55		0.01397		
89.6		0.013962		
89.65		0.013955		
89.7		0.013947		
89.75		0.013939		
89.8		0.013932		
89.85		0.013924		
89.9		0.013917		
89.95		0.013909		
90		0.013902		
90.05		0.013894		
90.1		0.013887		
90.15		0.013879		
90.2		0.013872		
90.25		0.013864		
90.3		0.013857		
90.35		0.01385		
90.4		0.013842		
90.45		0.013835		
90.5		0.013827		
90.55		0.01382		
90.6		0.013812		
90.65		0.013805		
90.7		0.013798		
90.75		0.01379		
90.8		0.013783		
90.85		0.013776		
90.9		0.013768		
90.95		0.013761		
91		0.013754		
91.05		0.013746		
91.1		0.013739		
91.15		0.013732		
91.2		0.013724		
91.25		0.013717		
91.3		0.01371		
91.35		0.013702		
91.4		0.013695		
91.45		0.013688		
91.5		0.013681		
91.55		0.013673		
91.6		0.013666		
91.65		0.013659		
91.7		0.013652		
91.75		0.013645		
91.8		0.013637		
91.85		0.01363		
91.9		0.013623		
91.95		0.013616		
92		0.013609		
92.05		0.013601		
92.1		0.013594		
92.15		0.013587		
92.2		0.01358		
92.25		0.013573		
92.3		0.013566		
92.35		0.013559		
92.4		0.013551		
92.45		0.013544		
92.5		0.013537		
92.55		0.01353		
92.6		0.013523		
92.65		0.013516		
92.7		0.013509		
92.75		0.013502		
92.8		0.013495		
92.85		0.013488		
92.9		0.013481		
92.95		0.013474		
93		0.013467		
93.05		0.01346		
93.1		0.013453		
93.15		0.013446		
93.2		0.013439		
93.25		0.013432		
93.3		0.013425		
93.35		0.013418		
93.4		0.013411		
93.45		0.013404		
93.5		0.013397		
93.55		0.01339		
93.6		0.013383		
93.65		0.013376		
93.7		0.013369		
93.75		0.013362		
93.8		0.013355		
93.85		0.013349		
93.9		0.013342		
93.95		0.013335		
94		0.013328		
94.05		0.013321		
94.1		0.013314		
94.15		0.013307		
94.2		0.0133		
94.25		0.013294		
94.3		0.013287		
94.35		0.01328		
94.4		0.013273		
94.45		0.013266		
94.5		0.01326		
94.55		0.013253		
94.6		0.013246		
94.65		0.013239		
94.7		0.013232		
94.75		0.013226		
94.8		0.013219		
94.85		0.013212		
94.9		0.013205		
94.95		0.013199		
95		0.013192		
95.05		0.013185		
95.1		0.013179		
95.15		0.013172		
95.2		0.013165		
95.25		0.013158		
95.3		0.013152		
95.35		0.013145		
95.4		0.013138		
95.45		0.013132		
95.5		0.013125		
95.55		0.013119		
95.6		0.013112		
95.65		0.013105		
95.7		0.013099		
95.75		0.013092		
95.8		0.013085		
95.85		0.013079		
95.9		0.013072		
95.95		0.013066		
96		0.013059		
96.05		0.013052		
96.1		0.013046		
96.15		0.013039		
96.2		0.013033		
96.25		0.013026		
96.3		0.01302		
96.35		0.013013		
96.4		0.013007		
96.45		0.013		
96.5		0.012994		
96.55		0.012987		
96.6		0.012981		
96.65		0.012974		
96.7		0.012968		
96.75		0.012961		
96.8		0.012955		
96.85		0.012948		
96.9		0.012942		
96.95		0.012935		
97		0.012929		
97.05		0.012922		
97.1		0.012916		
97.15		0.012909		
97.2		0.012903		
97.25		0.012897		
97.3		0.01289		
97.35		0.012884		
97.4		0.012877		
97.45		0.012871		
97.5		0.012865		
97.55		0.012858		
97.6		0.012852		
97.65		0.012846		
97.7		0.012839		
97.75		0.012833		
97.8		0.012826		
97.85		0.01282		
97.9		0.012814		
97.95		0.012807		
98		0.012801		
98.05		0.012795		
98.1		0.012789		
98.15		0.012782		
98.2		0.012776		
98.25		0.01277		
98.3		0.012763		
98.35		0.012757		
98.4		0.012751		
98.45		0.012745		
98.5		0.012738		
98.55		0.012732		
98.6		0.012726		
98.65		0.01272		
98.7		0.012713		
98.75		0.012707		
98.8		0.012701		
98.85		0.012695		
98.9		0.012689		
98.95		0.012682		
99		0.012676		
99.05		0.01267		
99.1		0.012664		
99.15		0.012658		
99.2		0.012651		
99.25		0.012645		
99.3		0.012639		
99.35		0.012633		
99.4		0.012627		
99.45		0.012621		
99.5		0.012615		
99.55		0.012608		
99.6		0.012602		
99.65		0.012596		
99.7		0.01259		
99.75		0.012584		
99.8		0.012578		
99.85		0.012572		
99.9		0.012566		
99.95		0.01256		
100		0.012554		
