t [fm]		tau_pi
0.25		0.82488
0.3		0.82121		
0.35		0.81819		
0.4		0.81563		
0.45		0.81341		
0.5		0.81145		
0.55		0.80971		
0.6		0.80814		
0.65		0.80672		
0.7		0.80542		
0.75		0.80422		
0.8		0.80312		
0.85		0.80209		
0.9		0.80114		
0.95		0.80025		
1		0.79941		
1.05		0.79862		
1.1		0.79788		
1.15		0.79719		
1.2		0.79652		
1.25		0.79589		
1.3		0.79533		
1.35		0.79475		
1.4		0.79421		
1.45		0.79369		
1.5		0.7932		
1.55		0.79274		
1.6		0.79231		
1.65		0.79173		
1.7		0.79139		
1.75		0.79101		
1.8		0.79063		
1.85		0.79027		
1.9		0.78991		
1.95		0.78957		
2		0.78924		
2.05		0.78892		
2.1		0.78862		
2.15		0.78832		
2.2		0.78803		
2.25		0.78775		
2.3		0.78748		
2.35		0.78722		
2.4		0.78697		
2.45		0.78672		
2.5		0.78648		
2.55		0.78625		
2.6		0.78603		
2.65		0.78581		
2.7		0.7856		
2.75		0.78539		
2.8		0.78519		
2.85		0.78499		
2.9		0.7848		
2.95		0.78461		
3		0.78443		
3.05		0.78425		
3.1		0.78408		
3.15		0.78391		
3.2		0.78375		
3.25		0.78359		
3.3		0.78343		
3.35		0.78328		
3.4		0.78313		
3.45		0.78298		
3.5		0.78284		
3.55		0.7827		
3.6		0.78256		
3.65		0.78243		
3.7		0.7823		
3.75		0.78217		
3.8		0.78204		
3.85		0.78192		
3.9		0.7818		
3.95		0.78168		
4		0.78157		
4.05		0.78145		
4.1		0.78134		
4.15		0.78123		
4.2		0.78113		
4.25		0.78102		
4.3		0.78092		
4.35		0.78082		
4.4		0.78072		
4.45		0.78063		
4.5		0.78053		
4.55		0.78044		
4.6		0.78035		
4.65		0.78026		
4.7		0.78017		
4.75		0.78008		
4.8		0.78		
4.85		0.77992		
4.9		0.77983		
4.95		0.77976		
5		0.77968		
5.05		0.7796		
5.1		0.77952		
5.15		0.77945		
5.2		0.77938		
5.25		0.77931		
5.3		0.77924		
5.35		0.77917		
5.4		0.7791		
5.45		0.77903		
5.5		0.77897		
5.55		0.7789		
5.6		0.77884		
5.65		0.77878		
5.7		0.77872		
5.75		0.77866		
5.8		0.7786		
5.85		0.77854		
5.9		0.77849		
5.95		0.77843		
6		0.77838		
6.05		0.77832		
6.1		0.77827		
6.15		0.77822		
6.2		0.77817		
6.25		0.77812		
6.3		0.77807		
6.35		0.77803		
6.4		0.77798		
6.45		0.77793		
6.5		0.77789		
6.55		0.77785		
6.6		0.7778		
6.65		0.77776		
6.7		0.77772		
6.75		0.77768		
6.8		0.77764		
6.85		0.7776		
6.9		0.77756		
6.95		0.77752		
7		0.77749		
7.05		0.77745		
7.1		0.77742		
7.15		0.77738		
7.2		0.77735		
7.25		0.77732		
7.3		0.77729		
7.35		0.77725		
7.4		0.77722		
7.45		0.77719		
7.5		0.77716		
7.55		0.77714		
7.6		0.77711		
7.65		0.77708		
7.7		0.77705		
7.75		0.77703		
7.8		0.777		
7.85		0.77698		
7.9		0.77696		
7.95		0.77693		
8		0.77691		
8.05		0.77689		
8.1		0.77687		
8.15		0.77684		
8.2		0.77682		
8.25		0.77681		
8.3		0.77679		
8.35		0.77677		
8.4		0.77675		
8.45		0.77673		
8.5		0.77672		
8.55		0.7767		
8.6		0.77668		
8.65		0.77667		
8.7		0.77665		
8.75		0.77664		
8.8		0.77663		
8.85		0.77661		
8.9		0.7766		
8.95		0.77659		
9		0.77658		
9.05		0.77657		
9.1		0.77656		
9.15		0.77655		
9.2		0.77654		
9.25		0.77653		
9.3		0.77652		
9.35		0.77651		
9.4		0.7765		
9.45		0.77649		
9.5		0.77649		
9.55		0.77648		
9.6		0.77648		
9.65		0.77647		
9.7		0.77647		
9.75		0.77646		
9.8		0.77646		
9.85		0.77645		
9.9		0.77645		
9.95		0.77645		
10		0.77644		
10.05		0.77644		
10.1		0.77644		
10.15		0.77644		
10.2		0.77644		
10.25		0.77644		
10.3		0.77644		
10.35		0.77644		
10.4		0.77644		
10.45		0.77644		
10.5		0.77644		
10.55		0.77644		
10.6		0.77644		
10.65		0.77645		
10.7		0.77645		
10.75		0.77645		
10.8		0.77646		
10.85		0.77646		
10.9		0.77646		
10.95		0.77647		
11		0.77647		
11.05		0.77648		
11.1		0.77648		
11.15		0.77649		
11.2		0.7765		
11.25		0.7765		
11.3		0.77651		
11.35		0.77652		
11.4		0.77652		
11.45		0.77653		
11.5		0.77654		
11.55		0.77655		
11.6		0.77656		
11.65		0.77656		
11.7		0.77657		
11.75		0.77658		
11.8		0.77659		
11.85		0.7766		
11.9		0.77661		
11.95		0.77662		
12		0.77663		
12.05		0.77664		
12.1		0.77666		
12.15		0.77667		
12.2		0.77668		
12.25		0.77669		
12.3		0.7767		
12.35		0.77671		
12.4		0.77673		
12.45		0.77674		
12.5		0.77675		
12.55		0.77677		
12.6		0.77678		
12.65		0.77679		
12.7		0.77681		
12.75		0.77682		
12.8		0.77684		
12.85		0.77685		
12.9		0.77687		
12.95		0.77688		
13		0.7769		
13.05		0.77691		
13.1		0.77693		
13.15		0.77694		
13.2		0.77696		
13.25		0.77698		
13.3		0.77699		
13.35		0.77701		
13.4		0.77703		
13.45		0.77704		
13.5		0.77706		
13.55		0.77708		
13.6		0.7771		
13.65		0.77711		
13.7		0.77713		
13.75		0.77715		
13.8		0.77717		
13.85		0.77719		
13.9		0.7772		
13.95		0.77722		
14		0.77724		
14.05		0.77726		
14.1		0.77728		
14.15		0.7773		
14.2		0.77732		
14.25		0.77734		
14.3		0.77736		
14.35		0.77738		
14.4		0.7774		
14.45		0.77742		
14.5		0.77744		
14.55		0.77746		
14.6		0.77748		
14.65		0.7775		
14.7		0.77752		
14.75		0.77754		
14.8		0.77757		
14.85		0.77759		
14.9		0.77761		
14.95		0.77763		
15		0.77765		
15.05		0.77767		
15.1		0.7777		
15.15		0.77772		
15.2		0.77774		
15.25		0.77776		
15.3		0.77779		
15.35		0.77781		
15.4		0.77783		
15.45		0.77785		
15.5		0.77788		
15.55		0.7779		
15.6		0.77792		
15.65		0.77795		
15.7		0.77797		
15.75		0.77799		
15.8		0.77802		
15.85		0.77804		
15.9		0.77807		
15.95		0.77809		
16		0.77811		
16.05		0.77814		
16.1		0.77816		
16.15		0.77819		
16.2		0.77821		
16.25		0.77824		
16.3		0.77826		
16.35		0.77828		
16.4		0.77831		
16.45		0.77833		
16.5		0.77836		
16.55		0.77839		
16.6		0.77841		
16.65		0.77844		
16.7		0.77846		
16.75		0.77849		
16.8		0.77851		
16.85		0.77854		
16.9		0.77856		
16.95		0.77859		
17		0.77862		
17.05		0.77864		
17.1		0.77867		
17.15		0.77869		
17.2		0.77872		
17.25		0.77875		
17.3		0.77877		
17.35		0.7788		
17.4		0.77883		
17.45		0.77885		
17.5		0.77888		
17.55		0.77891		
17.6		0.77893		
17.65		0.77896		
17.7		0.77899		
17.75		0.77902		
17.8		0.77904		
17.85		0.77907		
17.9		0.7791		
17.95		0.77913		
18		0.77915		
18.05		0.77918		
18.1		0.77921		
18.15		0.77924		
18.2		0.77926		
18.25		0.77929		
18.3		0.77932		
18.35		0.77935		
18.4		0.77938		
18.45		0.7794		
18.5		0.77943		
18.55		0.77946		
18.6		0.77949		
18.65		0.77952		
18.7		0.77955		
18.75		0.77957		
18.8		0.7796		
18.85		0.77963		
18.9		0.77966		
18.95		0.77969		
19		0.77972		
19.05		0.77975		
19.1		0.77978		
19.15		0.77981		
19.2		0.77983		
19.25		0.77986		
19.3		0.77989		
19.35		0.77992		
19.4		0.77995		
19.45		0.77998		
19.5		0.78001		
19.55		0.78004		
19.6		0.78007		
19.65		0.7801		
19.7		0.78013		
19.75		0.78016		
19.8		0.78019		
19.85		0.78022		
19.9		0.78025		
19.95		0.78028		
20		0.78031		
20.05		0.78034		
20.1		0.78037		
20.15		0.7804		
20.2		0.78043		
20.25		0.78046		
20.3		0.78049		
20.35		0.78052		
20.4		0.78055		
20.45		0.78058		
20.5		0.78061		
20.55		0.78064		
20.6		0.78067		
20.65		0.7807		
20.7		0.78074		
20.75		0.78077		
20.8		0.7808		
20.85		0.78083		
20.9		0.78086		
20.95		0.78089		
21		0.78092		
21.05		0.78095		
21.1		0.78098		
21.15		0.78102		
21.2		0.78105		
21.25		0.78108		
21.3		0.78111		
21.35		0.78114		
21.4		0.78117		
21.45		0.7812		
21.5		0.78124		
21.55		0.78127		
21.6		0.7813		
21.65		0.78133		
21.7		0.78136		
21.75		0.7814		
21.8		0.78143		
21.85		0.78146		
21.9		0.78149		
21.95		0.78152		
22		0.78156		
22.05		0.78159		
22.1		0.78162		
22.15		0.78165		
22.2		0.78168		
22.25		0.78172		
22.3		0.78175		
22.35		0.78178		
22.4		0.78181		
22.45		0.78185		
22.5		0.78188		
22.55		0.78191		
22.6		0.78195		
22.65		0.78198		
22.7		0.78201		
22.75		0.78204		
22.8		0.78208		
22.85		0.78211		
22.9		0.78214		
22.95		0.78218		
23		0.78221		
23.05		0.78224		
23.1		0.78228		
23.15		0.78231		
23.2		0.78234		
23.25		0.78238		
23.3		0.78241		
23.35		0.78244		
23.4		0.78248		
23.45		0.78251		
23.5		0.78254		
23.55		0.78258		
23.6		0.78261		
23.65		0.78264		
23.7		0.78268		
23.75		0.78271		
23.8		0.78275		
23.85		0.78278		
23.9		0.78281		
23.95		0.78285		
24		0.78288		
24.05		0.78292		
24.1		0.78295		
24.15		0.78298		
24.2		0.78302		
24.25		0.78305		
24.3		0.78309		
24.35		0.78312		
24.4		0.78315		
24.45		0.78319		
24.5		0.78322		
24.55		0.78326		
24.6		0.78329		
24.65		0.78333		
24.7		0.78336		
24.75		0.7834		
24.8		0.78343		
24.85		0.78347		
24.9		0.7835		
24.95		0.78354		
25		0.78357		
25.05		0.78361		
25.1		0.78364		
25.15		0.78368		
25.2		0.78371		
25.25		0.78375		
25.3		0.78378		
25.35		0.78382		
25.4		0.78385		
25.45		0.78389		
25.5		0.78392		
25.55		0.78396		
25.6		0.78399		
25.65		0.78403		
25.7		0.78406		
25.75		0.7841		
25.8		0.78413		
25.85		0.78417		
25.9		0.78421		
25.95		0.78424		
26		0.78428		
26.05		0.78431		
26.1		0.78435		
26.15		0.78438		
26.2		0.78442		
26.25		0.78446		
26.3		0.78449		
26.35		0.78453		
26.4		0.78456		
26.45		0.7846		
26.5		0.78463		
26.55		0.78467		
26.6		0.78471		
26.65		0.78474		
26.7		0.78478		
26.75		0.78482		
26.8		0.78485		
26.85		0.78489		
26.9		0.78492		
26.95		0.78496		
27		0.785		
27.05		0.78503		
27.1		0.78507		
27.15		0.78511		
27.2		0.78514		
27.25		0.78518		
27.3		0.78521		
27.35		0.78525		
27.4		0.78529		
27.45		0.78532		
27.5		0.78536		
27.55		0.7854		
27.6		0.78543		
27.65		0.78547		
27.7		0.78551		
27.75		0.78554		
27.8		0.78558		
27.85		0.78562		
27.9		0.78565		
27.95		0.78569		
28		0.78573		
28.05		0.78576		
28.1		0.7858		
28.15		0.78584		
28.2		0.78588		
28.25		0.78591		
28.3		0.78595		
28.35		0.78599		
28.4		0.78602		
28.45		0.78606		
28.5		0.7861		
28.55		0.78613		
28.6		0.78617		
28.65		0.78621		
28.7		0.78624		
28.75		0.78628		
28.8		0.78632		
28.85		0.78636		
28.9		0.78639		
28.95		0.78643		
29		0.78647		
29.05		0.7865		
29.1		0.78654		
29.15		0.78658		
29.2		0.78662		
29.25		0.78665		
29.3		0.78669		
29.35		0.78673		
29.4		0.78677		
29.45		0.7868		
29.5		0.78684		
29.55		0.78688		
29.6		0.78691		
29.65		0.78695		
29.7		0.78699		
29.75		0.78703		
29.8		0.78706		
29.85		0.7871		
29.9		0.78714		
29.95		0.78718		
30		0.78721		
30.05		0.78725		
30.1		0.78729		
30.15		0.78733		
30.2		0.78736		
30.25		0.7874		
30.3		0.78744		
30.35		0.78747		
30.4		0.78751		
30.45		0.78755		
30.5		0.78759		
30.55		0.78762		
30.6		0.78766		
30.65		0.7877		
30.7		0.78774		
30.75		0.78777		
30.8		0.78781		
30.85		0.78785		
30.9		0.78789		
30.95		0.78792		
31		0.78796		
31.05		0.788		
31.1		0.78803		
31.15		0.78807		
31.2		0.78811		
31.25		0.78815		
31.3		0.78818		
31.35		0.78822		
31.4		0.78826		
31.45		0.7883		
31.5		0.78833		
31.55		0.78837		
31.6		0.78841		
31.65		0.78844		
31.7		0.78848		
31.75		0.78852		
31.8		0.78856		
31.85		0.78859		
31.9		0.78863		
31.95		0.78867		
32		0.78871		
32.05		0.78874		
32.1		0.78878		
32.15		0.78882		
32.2		0.78885		
32.25		0.78889		
32.3		0.78893		
32.35		0.78896		
32.4		0.789		
32.45		0.78904		
32.5		0.78908		
32.55		0.78911		
32.6		0.78915		
32.65		0.78919		
32.7		0.78922		
32.75		0.78926		
32.8		0.7893		
32.85		0.78933		
32.9		0.78937		
32.95		0.78941		
33		0.78944		
33.05		0.78948		
33.1		0.78952		
33.15		0.78955		
33.2		0.78959		
33.25		0.78963		
33.3		0.78966		
33.35		0.7897		
33.4		0.78974		
33.45		0.78977		
33.5		0.78981		
33.55		0.78985		
33.6		0.78988		
33.65		0.78992		
33.7		0.78996		
33.75		0.78999		
33.8		0.79003		
33.85		0.79007		
33.9		0.7901		
33.95		0.79014		
34		0.79017		
34.05		0.79021		
34.1		0.79025		
34.15		0.79028		
34.2		0.79032		
34.25		0.79035		
34.3		0.79039		
34.35		0.79043		
34.4		0.79046		
34.45		0.7905		
34.5		0.79053		
34.55		0.79057		
34.6		0.79061		
34.65		0.79064		
34.7		0.79068		
34.75		0.79071		
34.8		0.79075		
34.85		0.79078		
34.9		0.79082		
34.95		0.79086		
35		0.79089		
35.05		0.79093		
35.1		0.79096		
35.15		0.791		
35.2		0.79103		
35.25		0.79107		
35.3		0.7911		
35.35		0.79114		
35.4		0.79117		
35.45		0.79121		
35.5		0.79124		
35.55		0.79128		
35.6		0.79131		
35.65		0.79135		
35.7		0.79138		
35.75		0.79142		
35.8		0.79145		
35.85		0.79149		
35.9		0.79152		
35.95		0.79156		
36		0.79159		
36.05		0.79163		
36.1		0.79166		
36.15		0.7917		
36.2		0.79173		
36.25		0.79176		
36.3		0.7918		
36.35		0.79183		
36.4		0.79187		
36.45		0.7919		
36.5		0.79194		
36.55		0.79197		
36.6		0.792		
36.65		0.79204		
36.7		0.79222		
36.75		0.79249		
36.8		0.79277		
36.85		0.79305		
36.9		0.79333		
36.95		0.7936		
37		0.79388		
37.05		0.79415		
37.1		0.79443		
37.15		0.7947		
37.2		0.79498		
37.25		0.79525		
37.3		0.79553		
37.35		0.7958		
37.4		0.79607		
37.45		0.79635		
37.5		0.79662		
37.55		0.79689		
37.6		0.79716		
37.65		0.79744		
37.7		0.79771		
37.75		0.79798		
37.8		0.79825		
37.85		0.79852		
37.9		0.79879		
37.95		0.79906		
38		0.79933		
38.05		0.7996		
38.1		0.79987		
38.15		0.80014		
38.2		0.80041		
38.25		0.80067		
38.3		0.80094		
38.35		0.80121		
38.4		0.80148		
38.45		0.80174		
38.5		0.80201		
38.55		0.80228		
38.6		0.80254		
38.65		0.80281		
38.7		0.80307		
38.75		0.80334		
38.8		0.80361		
38.85		0.80387		
38.9		0.80413		
38.95		0.8044		
39		0.80466		
39.05		0.80493		
39.1		0.80519		
39.15		0.80545		
39.2		0.80572		
39.25		0.80598		
39.3		0.80624		
39.35		0.8065		
39.4		0.80676		
39.45		0.80703		
39.5		0.80729		
39.55		0.80755		
39.6		0.80781		
39.65		0.80807		
39.7		0.80833		
39.75		0.80859		
39.8		0.80885		
39.85		0.80911		
39.9		0.80937		
39.95		0.80962		
40		0.80988		
40.05		0.81014		
40.1		0.8104		
40.15		0.81066		
40.2		0.81091		
40.25		0.81117		
40.3		0.81143		
40.35		0.81169		
40.4		0.81194		
40.45		0.8122		
40.5		0.81245		
40.55		0.81271		
40.6		0.81296		
40.65		0.81322		
40.7		0.81347		
40.75		0.81373		
40.8		0.81398		
40.85		0.81424		
40.9		0.81449		
40.95		0.81474		
41		0.815		
41.05		0.81525		
41.1		0.8155		
41.15		0.81576		
41.2		0.81601		
41.25		0.81626		
41.3		0.81651		
41.35		0.81676		
41.4		0.81701		
41.45		0.81727		
41.5		0.81752		
41.55		0.81777		
41.6		0.81802		
41.65		0.81827		
41.7		0.81852		
41.75		0.81877		
41.8		0.81902		
41.85		0.81927		
41.9		0.81951		
41.95		0.81976		
42		0.82001		
42.05		0.82026		
42.1		0.82051		
42.15		0.82075		
42.2		0.821		
42.25		0.82125		
42.3		0.8215		
42.35		0.82174		
42.4		0.82199		
42.45		0.82223		
42.5		0.82248		
42.55		0.82273		
42.6		0.82297		
42.65		0.82322		
42.7		0.82346		
42.75		0.82371		
42.8		0.82395		
42.85		0.8242		
42.9		0.82444		
42.95		0.82468		
43		0.82493		
43.05		0.82517		
43.1		0.82541		
43.15		0.82566		
43.2		0.8259		
43.25		0.82614		
43.3		0.82638		
43.35		0.82663		
43.4		0.82687		
43.45		0.82711		
43.5		0.82735		
43.55		0.82759		
43.6		0.82783		
43.65		0.82807		
43.7		0.82831		
43.75		0.82855		
43.8		0.82879		
43.85		0.82903		
43.9		0.82927		
43.95		0.82951		
44		0.82975		
44.05		0.82999		
44.1		0.83023		
44.15		0.83047		
44.2		0.83071		
44.25		0.83094		
44.3		0.83118		
44.35		0.83142		
44.4		0.83166		
44.45		0.83189		
44.5		0.83213		
44.55		0.83237		
44.6		0.8326		
44.65		0.83284		
44.7		0.83308		
44.75		0.83331		
44.8		0.83355		
44.85		0.83378		
44.9		0.83402		
44.95		0.83425		
45		0.83449		
45.05		0.83472		
45.1		0.83496		
45.15		0.83519		
45.2		0.83542		
45.25		0.83566		
45.3		0.83589		
45.35		0.83612		
45.4		0.83636		
45.45		0.83659		
45.5		0.83682		
45.55		0.83706		
45.6		0.83729		
45.65		0.83752		
45.7		0.83775		
45.75		0.83798		
45.8		0.83821		
45.85		0.83845		
45.9		0.83868		
45.95		0.83891		
46		0.83914		
46.05		0.83937		
46.1		0.8396		
46.15		0.83983		
46.2		0.84006		
46.25		0.84029		
46.3		0.84052		
46.35		0.84075		
46.4		0.84097		
46.45		0.8412		
46.5		0.84143		
46.55		0.84166		
46.6		0.84189		
46.65		0.84212		
46.7		0.84234		
46.75		0.84257		
46.8		0.8428		
46.85		0.84303		
46.9		0.84325		
46.95		0.84348		
47		0.84371		
47.05		0.84393		
47.1		0.84416		
47.15		0.84438		
47.2		0.84461		
47.25		0.84484		
47.3		0.84506		
47.35		0.84529		
47.4		0.84551		
47.45		0.84574		
47.5		0.84596		
47.55		0.84619		
47.6		0.84641		
47.65		0.84663		
47.7		0.84686		
47.75		0.84708		
47.8		0.84731		
47.85		0.84753		
47.9		0.84775		
47.95		0.84797		
48		0.8482		
48.05		0.84842		
48.1		0.84864		
48.15		0.84886		
48.2		0.84909		
48.25		0.84931		
48.3		0.84953		
48.35		0.84975		
48.4		0.84997		
48.45		0.85019		
48.5		0.85041		
48.55		0.85063		
48.6		0.85086		
48.65		0.85108		
48.7		0.8513		
48.75		0.85152		
48.8		0.85174		
48.85		0.85195		
48.9		0.85217		
48.95		0.85239		
49		0.85261		
49.05		0.85283		
49.1		0.85305		
49.15		0.85327		
49.2		0.85349		
49.25		0.8537		
49.3		0.85392		
49.35		0.85414		
49.4		0.85436		
49.45		0.85458		
49.5		0.85479		
49.55		0.85501		
49.6		0.85523		
49.65		0.85544		
49.7		0.85566		
49.75		0.85588		
49.8		0.85609		
49.85		0.85631		
49.9		0.85652		
49.95		0.85674		
50		0.85695		
50.05		0.85717		
50.1		0.85739		
50.15		0.8576		
50.2		0.85781		
50.25		0.85803		
50.3		0.85824		
50.35		0.85846		
50.4		0.85867		
50.45		0.85889		
50.5		0.8591		
50.55		0.85931		
50.6		0.85953		
50.65		0.85974		
50.7		0.85995		
50.75		0.86017		
50.8		0.86038		
50.85		0.86059		
50.9		0.8608		
50.95		0.86102		
51		0.86123		
51.05		0.86144		
51.1		0.86165		
51.15		0.86186		
51.2		0.86207		
51.25		0.86229		
51.3		0.8625		
51.35		0.86271		
51.4		0.86292		
51.45		0.86313		
51.5		0.86334		
51.55		0.86355		
51.6		0.86376		
51.65		0.86397		
51.7		0.86418		
51.75		0.86439		
51.8		0.8646		
51.85		0.86481		
51.9		0.86502		
51.95		0.86523		
52		0.86543		
52.05		0.86564		
52.1		0.86585		
52.15		0.86606		
52.2		0.86627		
52.25		0.86648		
52.3		0.86668		
52.35		0.86689		
52.4		0.8671		
52.45		0.86731		
52.5		0.86751		
52.55		0.86772		
52.6		0.86793		
52.65		0.86813		
52.7		0.86834		
52.75		0.86855		
52.8		0.86875		
52.85		0.86896		
52.9		0.86916		
52.95		0.86937		
53		0.86958		
53.05		0.86978		
53.1		0.86999		
53.15		0.87019		
53.2		0.8704		
53.25		0.8706		
53.3		0.87081		
53.35		0.87101		
53.4		0.87121		
53.45		0.87142		
53.5		0.87162		
53.55		0.87183		
53.6		0.87203		
53.65		0.87223		
53.7		0.87244		
53.75		0.87264		
53.8		0.87284		
53.85		0.87305		
53.9		0.87325		
53.95		0.87345		
54		0.87365		
54.05		0.87386		
54.1		0.87406		
54.15		0.87426		
54.2		0.87446		
54.25		0.87467		
54.3		0.87487		
54.35		0.87507		
54.4		0.87527		
54.45		0.87547		
54.5		0.87567		
54.55		0.87587		
54.6		0.87607		
54.65		0.87627		
54.7		0.87647		
54.75		0.87668		
54.8		0.87688		
54.85		0.87708		
54.9		0.87728		
54.95		0.87748		
55		0.87767		
55.05		0.87787		
55.1		0.87807		
55.15		0.87827		
55.2		0.87847		
55.25		0.87867		
55.3		0.87887		
55.35		0.87907		
55.4		0.87927		
55.45		0.87946		
55.5		0.87966		
55.55		0.87986		
55.6		0.88006		
55.65		0.88026		
55.7		0.88045		
55.75		0.88065		
55.8		0.88085		
55.85		0.88105		
55.9		0.88124		
55.95		0.88144		
56		0.88164		
56.05		0.88183		
56.1		0.88203		
56.15		0.88223		
56.2		0.88242		
56.25		0.88262		
56.3		0.88282		
56.35		0.88301		
56.4		0.88321		
56.45		0.8834		
56.5		0.8836		
56.55		0.88379		
56.6		0.88399		
56.65		0.88418		
56.7		0.88438		
56.75		0.88457		
56.8		0.88477		
56.85		0.88496		
56.9		0.88516		
56.95		0.88535		
57		0.88554		
57.05		0.88574		
57.1		0.88593		
57.15		0.88613		
57.2		0.88632		
57.25		0.88651		
57.3		0.88671		
57.35		0.8869		
57.4		0.88709		
57.45		0.88728		
57.5		0.88748		
57.55		0.88767		
57.6		0.88786		
57.65		0.88806		
57.7		0.88825		
57.75		0.88844		
57.8		0.88863		
57.85		0.88882		
57.9		0.88901		
57.95		0.88921		
58		0.8894		
58.05		0.88959		
58.1		0.88978		
58.15		0.88997		
58.2		0.89016		
58.25		0.89035		
58.3		0.89054		
58.35		0.89073		
58.4		0.89092		
58.45		0.89112		
58.5		0.89131		
58.55		0.8915		
58.6		0.89169		
58.65		0.89187		
58.7		0.89206		
58.75		0.89225		
58.8		0.89244		
58.85		0.89263		
58.9		0.89282		
58.95		0.89301		
59		0.8932		
59.05		0.89339		
59.1		0.89358		
59.15		0.89377		
59.2		0.89395		
59.25		0.89414		
59.3		0.89433		
59.35		0.89452		
59.4		0.89471		
59.45		0.89489		
59.5		0.89508		
59.55		0.89527		
59.6		0.89546		
59.65		0.89564		
59.7		0.89583		
59.75		0.89602		
59.8		0.89621		
59.85		0.89639		
59.9		0.89658		
59.95		0.89677		
60		0.89695		
60.05		0.89714		
60.1		0.89732		
60.15		0.89751		
60.2		0.8977		
60.25		0.89788		
60.3		0.89807		
60.35		0.89825		
60.4		0.89844		
60.45		0.89863		
60.5		0.89881		
60.55		0.899		
60.6		0.89918		
60.65		0.89937		
60.7		0.89955		
60.75		0.89974		
60.8		0.89992		
60.85		0.9001		
60.9		0.90029		
60.95		0.90047		
61		0.90066		
61.05		0.90084		
61.1		0.90102		
61.15		0.90121		
61.2		0.90139		
61.25		0.90158		
61.3		0.90176		
61.35		0.90194		
61.4		0.90213		
61.45		0.90231		
61.5		0.90249		
61.55		0.90267		
61.6		0.90286		
61.65		0.90304		
61.7		0.90322		
61.75		0.9034		
61.8		0.90359		
61.85		0.90377		
61.9		0.90395		
61.95		0.90413		
62		0.90431		
62.05		0.9045		
62.1		0.90468		
62.15		0.90486		
62.2		0.90504		
62.25		0.90522		
62.3		0.9054		
62.35		0.90558		
62.4		0.90577		
62.45		0.90595		
62.5		0.90613		
62.55		0.90631		
62.6		0.90649		
62.65		0.90667		
62.7		0.90685		
62.75		0.90703		
62.8		0.90721		
62.85		0.90739		
62.9		0.90757		
62.95		0.90775		
63		0.90793		
63.05		0.90811		
63.1		0.90829		
63.15		0.90847		
63.2		0.90864		
63.25		0.90882		
63.3		0.909		
63.35		0.90918		
63.4		0.90936		
63.45		0.90954		
63.5		0.90972		
63.55		0.9099		
63.6		0.91007		
63.65		0.91025		
63.7		0.91043		
63.75		0.91061		
63.8		0.91079		
63.85		0.91096		
63.9		0.91114		
63.95		0.91132		
64		0.9115		
64.05		0.91167		
64.1		0.91185		
64.15		0.91203		
64.2		0.91221		
64.25		0.91238		
64.3		0.91256		
64.35		0.91274		
64.4		0.91291		
64.45		0.91309		
64.5		0.91327		
64.55		0.91344		
64.6		0.91362		
64.65		0.91379		
64.7		0.91397		
64.75		0.91415		
64.8		0.91432		
64.85		0.9145		
64.9		0.91467		
64.95		0.91485		
65		0.91502		
65.05		0.9152		
65.1		0.91537		
65.15		0.91555		
65.2		0.91572		
65.25		0.9159		
65.3		0.91607		
65.35		0.91625		
65.4		0.91642		
65.45		0.9166		
65.5		0.91677		
65.55		0.91695		
65.6		0.91712		
65.65		0.91729		
65.7		0.91747		
65.75		0.91764		
65.8		0.91782		
65.85		0.91799		
65.9		0.91816		
65.95		0.91834		
66		0.91851		
66.05		0.91868		
66.1		0.91886		
66.15		0.91903		
66.2		0.9192		
66.25		0.91938		
66.3		0.91955		
66.35		0.91972		
66.4		0.91989		
66.45		0.92007		
66.5		0.92024		
66.55		0.92041		
66.6		0.92058		
66.65		0.92075		
66.7		0.92093		
66.75		0.9211		
66.8		0.92127		
66.85		0.92144		
66.9		0.92161		
66.95		0.92178		
67		0.92196		
67.05		0.92213		
67.1		0.9223		
67.15		0.92247		
67.2		0.92264		
67.25		0.92281		
67.3		0.92298		
67.35		0.92315		
67.4		0.92332		
67.45		0.92349		
67.5		0.92366		
67.55		0.92383		
67.6		0.92401		
67.65		0.92418		
67.7		0.92435		
67.75		0.92452		
67.8		0.92469		
67.85		0.92485		
67.9		0.92502		
67.95		0.92519		
68		0.92536		
68.05		0.92553		
68.1		0.9257		
68.15		0.92587		
68.2		0.92604		
68.25		0.92621		
68.3		0.92638		
68.35		0.92655		
68.4		0.92672		
68.45		0.92688		
68.5		0.92705		
68.55		0.92722		
68.6		0.92739		
68.65		0.92756		
68.7		0.92773		
68.75		0.92789		
68.8		0.92806		
68.85		0.92823		
68.9		0.9284		
68.95		0.92857		
69		0.92873		
69.05		0.9289		
69.1		0.92907		
69.15		0.92924		
69.2		0.9294		
69.25		0.92957		
69.3		0.92974		
69.35		0.9299		
69.4		0.93007		
69.45		0.93024		
69.5		0.9304		
69.55		0.93057		
69.6		0.93074		
69.65		0.9309		
69.7		0.93107		
69.75		0.93124		
69.8		0.9314		
69.85		0.93157		
69.9		0.93174		
69.95		0.9319		
70		0.93207		
70.05		0.93223		
70.1		0.9324		
70.15		0.93256		
70.2		0.93273		
70.25		0.93289		
70.3		0.93306		
70.35		0.93323		
70.4		0.93339		
70.45		0.93356		
70.5		0.93372		
70.55		0.93389		
70.6		0.93405		
70.65		0.93421		
70.7		0.93438		
70.75		0.93454		
70.8		0.93471		
70.85		0.93487		
70.9		0.93504		
70.95		0.9352		
71		0.93536		
71.05		0.93553		
71.1		0.93569		
71.15		0.93586		
71.2		0.93602		
71.25		0.93618		
71.3		0.93635		
71.35		0.93651		
71.4		0.93667		
71.45		0.93684		
71.5		0.937		
71.55		0.93716		
71.6		0.93733		
71.65		0.93749		
71.7		0.93765		
71.75		0.93782		
71.8		0.93798		
71.85		0.93814		
71.9		0.9383		
71.95		0.93847		
72		0.93863		
72.05		0.93879		
72.1		0.93895		
72.15		0.93911		
72.2		0.93928		
72.25		0.93944		
72.3		0.9396		
72.35		0.93976		
72.4		0.93992		
72.45		0.94009		
72.5		0.94025		
72.55		0.94041		
72.6		0.94057		
72.65		0.94073		
72.7		0.94089		
72.75		0.94105		
72.8		0.94121		
72.85		0.94137		
72.9		0.94154		
72.95		0.9417		
73		0.94186		
73.05		0.94202		
73.1		0.94218		
73.15		0.94234		
73.2		0.9425		
73.25		0.94266		
73.3		0.94282		
73.35		0.94298		
73.4		0.94314		
73.45		0.9433		
73.5		0.94346		
73.55		0.94362		
73.6		0.94378		
73.65		0.94394		
73.7		0.9441		
73.75		0.94426		
73.8		0.94442		
73.85		0.94458		
73.9		0.94474		
73.95		0.94489		
74		0.94505		
74.05		0.94521		
74.1		0.94537		
74.15		0.94553		
74.2		0.94569		
74.25		0.94585		
74.3		0.94601		
74.35		0.94616		
74.4		0.94632		
74.45		0.94648		
74.5		0.94664		
74.55		0.9468		
74.6		0.94696		
74.65		0.94711		
74.7		0.94727		
74.75		0.94743		
74.8		0.94759		
74.85		0.94775		
74.9		0.9479		
74.95		0.94806		
75		0.94822		
75.05		0.94838		
75.1		0.94853		
75.15		0.94869		
75.2		0.94885		
75.25		0.949		
75.3		0.94916		
75.35		0.94932		
75.4		0.94947		
75.45		0.94963		
75.5		0.94979		
75.55		0.94994		
75.6		0.9501		
75.65		0.95026		
75.7		0.95041		
75.75		0.95057		
75.8		0.95073		
75.85		0.95088		
75.9		0.95104		
75.95		0.95119		
76		0.95135		
76.05		0.95151		
76.1		0.95166		
76.15		0.95182		
76.2		0.95197		
76.25		0.95213		
76.3		0.95228		
76.35		0.95244		
76.4		0.9526		
76.45		0.95275		
76.5		0.95291		
76.55		0.95306		
76.6		0.95322		
76.65		0.95337		
76.7		0.95353		
76.75		0.95368		
76.8		0.95384		
76.85		0.95399		
76.9		0.95414		
76.95		0.9543		
77		0.95445		
77.05		0.95461		
77.1		0.95476		
77.15		0.95492		
77.2		0.95507		
77.25		0.95522		
77.3		0.95538		
77.35		0.95553		
77.4		0.95569		
77.45		0.95584		
77.5		0.95599		
77.55		0.95615		
77.6		0.9563		
77.65		0.95645		
77.7		0.95661		
77.75		0.95676		
77.8		0.95691		
77.85		0.95707		
77.9		0.95722		
77.95		0.95737		
78		0.95753		
78.05		0.95768		
78.1		0.95783		
78.15		0.95798		
78.2		0.95814		
78.25		0.95829		
78.3		0.95844		
78.35		0.95859		
78.4		0.95875		
78.45		0.9589		
78.5		0.95905		
78.55		0.9592		
78.6		0.95936		
78.65		0.95951		
78.7		0.95966		
78.75		0.95981		
78.8		0.95996		
78.85		0.96011		
78.9		0.96027		
78.95		0.96042		
79		0.96057		
79.05		0.96072		
79.1		0.96087		
79.15		0.96102		
79.2		0.96117		
79.25		0.96133		
79.3		0.96148		
79.35		0.96163		
79.4		0.96178		
79.45		0.96193		
79.5		0.96208		
79.55		0.96223		
79.6		0.96238		
79.65		0.96253		
79.7		0.96268		
79.75		0.96283		
79.8		0.96298		
79.85		0.96313		
79.9		0.96328		
79.95		0.96343		
80		0.96358		
80.05		0.96373		
80.1		0.96388		
80.15		0.96403		
80.2		0.96418		
80.25		0.96433		
80.3		0.96448		
80.35		0.96463		
80.4		0.96478		
80.45		0.96493		
80.5		0.96508		
80.55		0.96523		
80.6		0.96538		
80.65		0.96553		
80.7		0.96568		
80.75		0.96583		
80.8		0.96598		
80.85		0.96612		
80.9		0.96627		
80.95		0.96642		
81		0.96657		
81.05		0.96672		
81.1		0.96687		
81.15		0.96702		
81.2		0.96716		
81.25		0.96731		
81.3		0.96746		
81.35		0.96761		
81.4		0.96776		
81.45		0.96791		
81.5		0.96805		
81.55		0.9682		
81.6		0.96835		
81.65		0.9685		
81.7		0.96865		
81.75		0.96879		
81.8		0.96894		
81.85		0.96909		
81.9		0.96924		
81.95		0.96938		
82		0.96953		
82.05		0.96968		
82.1		0.96982		
82.15		0.96997		
82.2		0.97012		
82.25		0.97027		
82.3		0.97041		
82.35		0.97056		
82.4		0.97071		
82.45		0.97085		
82.5		0.971		
82.55		0.97115		
82.6		0.97129		
82.65		0.97144		
82.7		0.97159		
82.75		0.97173		
82.8		0.97188		
82.85		0.97203		
82.9		0.97217		
82.95		0.97232		
83		0.97246		
83.05		0.97261		
83.1		0.97276		
83.15		0.9729		
83.2		0.97305		
83.25		0.97319		
83.3		0.97334		
83.35		0.97348		
83.4		0.97363		
83.45		0.97377		
83.5		0.97392		
83.55		0.97407		
83.6		0.97421		
83.65		0.97436		
83.7		0.9745		
83.75		0.97465		
83.8		0.97479		
83.85		0.97494		
83.9		0.97508		
83.95		0.97523		
84		0.97537		
84.05		0.97551		
84.1		0.97566		
84.15		0.9758		
84.2		0.97595		
84.25		0.97609		
84.3		0.97624		
84.35		0.97638		
84.4		0.97653		
84.45		0.97667		
84.5		0.97681		
84.55		0.97696		
84.6		0.9771		
84.65		0.97725		
84.7		0.97739		
84.75		0.97753		
84.8		0.97768		
84.85		0.97782		
84.9		0.97796		
84.95		0.97811		
85		0.97825		
85.05		0.97839		
85.1		0.97854		
85.15		0.97868		
85.2		0.97882		
85.25		0.97897		
85.3		0.97911		
85.35		0.97925		
85.4		0.97939		
85.45		0.97954		
85.5		0.97968		
85.55		0.97982		
85.6		0.97996		
85.65		0.9801		
85.7		0.98023		
85.75		0.9803		
85.8		0.98059		
85.85		0.9807		
85.9		0.98084		
85.95		0.98098		
86		0.98112		
86.05		0.98126		
86.1		0.9814		
86.15		0.98154		
86.2		0.98168		
86.25		0.98182		
86.3		0.98196		
86.35		0.98211		
86.4		0.98225		
86.45		0.98239		
86.5		0.98253		
86.55		0.98267		
86.6		0.98281		
86.65		0.98295		
86.7		0.9831		
86.75		0.98324		
86.8		0.98338		
86.85		0.98352		
86.9		0.98366		
86.95		0.9838		
87		0.98394		
87.05		0.98408		
87.1		0.98422		
87.15		0.98437		
87.2		0.98451		
87.25		0.98465		
87.3		0.98479		
87.35		0.98493		
87.4		0.98507		
87.45		0.98521		
87.5		0.98535		
87.55		0.98549		
87.6		0.98563		
87.65		0.98577		
87.7		0.98591		
87.75		0.98605		
87.8		0.98619		
87.85		0.98633		
87.9		0.98647		
87.95		0.98661		
88		0.98675		
88.05		0.98689		
88.1		0.98703		
88.15		0.98717		
88.2		0.98731		
88.25		0.98745		
88.3		0.98759		
88.35		0.98773		
88.4		0.98787		
88.45		0.98801		
88.5		0.98815		
88.55		0.98828		
88.6		0.98842		
88.65		0.98856		
88.7		0.9887		
88.75		0.98884		
88.8		0.98898		
88.85		0.98912		
88.9		0.98926		
88.95		0.9894		
89		0.98953		
89.05		0.98967		
89.1		0.98981		
89.15		0.98995		
89.2		0.99009		
89.25		0.99023		
89.3		0.99037		
89.35		0.9905		
89.4		0.99064		
89.45		0.99078		
89.5		0.99092		
89.55		0.99106		
89.6		0.99119		
89.65		0.99133		
89.7		0.99147		
89.75		0.99161		
89.8		0.99175		
89.85		0.99188		
89.9		0.99202		
89.95		0.99216		
90		0.9923		
90.05		0.99243		
90.1		0.99257		
90.15		0.99271		
90.2		0.99285		
90.25		0.99298		
90.3		0.99312		
90.35		0.99326		
90.4		0.99339		
90.45		0.99353		
90.5		0.99367		
90.55		0.99381		
90.6		0.99394		
90.65		0.99408		
90.7		0.99422		
90.75		0.99435		
90.8		0.99449		
90.85		0.99463		
90.9		0.99476		
90.95		0.9949		
91		0.99504		
91.05		0.99517		
91.1		0.99531		
91.15		0.99544		
91.2		0.99558		
91.25		0.99572		
91.3		0.99585		
91.35		0.99599		
91.4		0.99612		
91.45		0.99626		
91.5		0.9964		
91.55		0.99653		
91.6		0.99667		
91.65		0.9968		
91.7		0.99694		
91.75		0.99707		
91.8		0.99721		
91.85		0.99735		
91.9		0.99748		
91.95		0.99762		
92		0.99775		
92.05		0.99789		
92.1		0.99802		
92.15		0.99816		
92.2		0.99829		
92.25		0.99843		
92.3		0.99856		
92.35		0.9987		
92.4		0.99883		
92.45		0.99897		
92.5		0.9991		
92.55		0.99924		
92.6		0.99937		
92.65		0.99951		
92.7		0.99964		
92.75		0.99978		
92.8		0.99991		
92.85		1		
92.9		1.0002		
92.95		1.0003		
93		1.0004		
93.05		1.0006		
93.1		1.0007		
93.15		1.0008		
93.2		1.001		
93.25		1.0011		
93.3		1.0013		
93.35		1.0014		
93.4		1.0015		
93.45		1.0017		
93.5		1.0018		
93.55		1.0019		
93.6		1.0021		
93.65		1.0022		
93.7		1.0023		
93.75		1.0025		
93.8		1.0026		
93.85		1.0027		
93.9		1.0029		
93.95		1.003		
94		1.0031		
94.05		1.0033		
94.1		1.0034		
94.15		1.0035		
94.2		1.0037		
94.25		1.0038		
94.3		1.0039		
94.35		1.0041		
94.4		1.0042		
94.45		1.0043		
94.5		1.0045		
94.55		1.0046		
94.6		1.0047		
94.65		1.0048		
94.7		1.005		
94.75		1.0051		
94.8		1.0052		
94.85		1.0054		
94.9		1.0055		
94.95		1.0056		
95		1.0058		
95.05		1.0059		
95.1		1.006		
95.15		1.0062		
95.2		1.0063		
95.25		1.0064		
95.3		1.0066		
95.35		1.0067		
95.4		1.0068		
95.45		1.007		
95.5		1.0071		
95.55		1.0072		
95.6		1.0074		
95.65		1.0075		
95.7		1.0076		
95.75		1.0078		
95.8		1.0079		
95.85		1.008		
95.9		1.0081		
95.95		1.0083		
96		1.0084		
96.05		1.0085		
96.1		1.0087		
96.15		1.0088		
96.2		1.0089		
96.25		1.0091		
96.3		1.0092		
96.35		1.0093		
96.4		1.0095		
96.45		1.0096		
96.5		1.0097		
96.55		1.0098		
96.6		1.01		
96.65		1.0101		
96.7		1.0102		
96.75		1.0104		
96.8		1.0105		
96.85		1.0106		
96.9		1.0108		
96.95		1.0109		
97		1.011		
97.05		1.0111		
97.1		1.0113		
97.15		1.0114		
97.2		1.0115		
97.25		1.0117		
97.3		1.0118		
97.35		1.0119		
97.4		1.0121		
97.45		1.0122		
97.5		1.0123		
97.55		1.0124		
97.6		1.0126		
97.65		1.0127		
97.7		1.0128		
97.75		1.013		
97.8		1.0131		
97.85		1.0132		
97.9		1.0134		
97.95		1.0135		
98		1.0136		
98.05		1.0137		
98.1		1.0139		
98.15		1.014		
98.2		1.0141		
98.25		1.0143		
98.3		1.0144		
98.35		1.0145		
98.4		1.0146		
98.45		1.0148		
98.5		1.0149		
98.55		1.015		
98.6		1.0152		
98.65		1.0153		
98.7		1.0154		
98.75		1.0155		
98.8		1.0157		
98.85		1.0158		
98.9		1.0159		
98.95		1.0161		
99		1.0162		
99.05		1.0163		
99.1		1.0164		
99.15		1.0166		
99.2		1.0167		
99.25		1.0168		
99.3		1.017		
99.35		1.0171		
99.4		1.0172		
99.45		1.0173		
99.5		1.0175		
99.55		1.0176		
99.6		1.0177		
99.65		1.0178		
99.7		1.018		
99.75		1.0181		
99.8		1.0182		
99.85		1.0184		
99.9		1.0185		
99.95		1.0186		
100		1.0187		
