t [fm]		T [fm^-1]
0.25		2.5339
0.3		2.3943		
0.35		2.2866		
0.4		2.1999		
0.45		2.1278		
0.5		2.0664		
0.55		2.0131		
0.6		1.9661		
0.65		1.9242		
0.7		1.8865		
0.75		1.8523		
0.8		1.821		
0.85		1.7922		
0.9		1.7655		
0.95		1.7407		
1		1.7176		
1.05		1.6959		
1.1		1.6755		
1.15		1.6563		
1.2		1.6382		
1.25		1.621		
1.3		1.6046		
1.35		1.5891		
1.4		1.5743		
1.45		1.5601		
1.5		1.5466		
1.55		1.5336		
1.6		1.5211		
1.65		1.5092		
1.7		1.4977		
1.75		1.4866		
1.8		1.4759		
1.85		1.4657		
1.9		1.4557		
1.95		1.4461		
2		1.4368		
2.05		1.4278		
2.1		1.4191		
2.15		1.4106		
2.2		1.4024		
2.25		1.3944		
2.3		1.3867		
2.35		1.3791		
2.4		1.3718		
2.45		1.3647		
2.5		1.3578		
2.55		1.351		
2.6		1.3444		
2.65		1.338		
2.7		1.3317		
2.75		1.3256		
2.8		1.3196		
2.85		1.3138		
2.9		1.308		
2.95		1.3025		
3		1.297		
3.05		1.2917		
3.1		1.2864		
3.15		1.2813		
3.2		1.2763		
3.25		1.2714		
3.3		1.2666		
3.35		1.2619		
3.4		1.2573		
3.45		1.2527		
3.5		1.2483		
3.55		1.2439		
3.6		1.2396		
3.65		1.2354		
3.7		1.2313		
3.75		1.2273		
3.8		1.2233		
3.85		1.2194		
3.9		1.2155		
3.95		1.2117		
4		1.208		
4.05		1.2044		
4.1		1.2008		
4.15		1.1972		
4.2		1.1938		
4.25		1.1903		
4.3		1.187		
4.35		1.1836		
4.4		1.1804		
4.45		1.1772		
4.5		1.174		
4.55		1.1709		
4.6		1.1678		
4.65		1.1648		
4.7		1.1618		
4.75		1.1588		
4.8		1.1559		
4.85		1.1531		
4.9		1.1502		
4.95		1.1475		
5		1.1447		
5.05		1.142		
5.1		1.1393		
5.15		1.1367		
5.2		1.1341		
5.25		1.1315		
5.3		1.129		
5.35		1.1265		
5.4		1.124		
5.45		1.1216		
5.5		1.1192		
5.55		1.1168		
5.6		1.1144		
5.65		1.1121		
5.7		1.1098		
5.75		1.1076		
5.8		1.1053		
5.85		1.1031		
5.9		1.1009		
5.95		1.0988		
6		1.0966		
6.05		1.0945		
6.1		1.0924		
6.15		1.0904		
6.2		1.0883		
6.25		1.0863		
6.3		1.0843		
6.35		1.0823		
6.4		1.0804		
6.45		1.0785		
6.5		1.0766		
6.55		1.0747		
6.6		1.0728		
6.65		1.0709		
6.7		1.0691		
6.75		1.0673		
6.8		1.0655		
6.85		1.0637		
6.9		1.062		
6.95		1.0602		
7		1.0585		
7.05		1.0568		
7.1		1.0551		
7.15		1.0534		
7.2		1.0518		
7.25		1.0502		
7.3		1.0485		
7.35		1.0469		
7.4		1.0453		
7.45		1.0438		
7.5		1.0422		
7.55		1.0406		
7.6		1.0391		
7.65		1.0376		
7.7		1.0361		
7.75		1.0346		
7.8		1.0331		
7.85		1.0316		
7.9		1.0302		
7.95		1.0288		
8		1.0273		
8.05		1.0259		
8.1		1.0245		
8.15		1.0231		
8.2		1.0218		
8.25		1.0204		
8.3		1.019		
8.35		1.0177		
8.4		1.0164		
8.45		1.015		
8.5		1.0137		
8.55		1.0124		
8.6		1.0112		
8.65		1.0099		
8.7		1.0086		
8.75		1.0074		
8.8		1.0061		
8.85		1.0049		
8.9		1.0037		
8.95		1.0024		
9		1.0012		
9.05		1		
9.1		0.99885		
9.15		0.99768		
9.2		0.99651		
9.25		0.99535		
9.3		0.9942		
9.35		0.99306		
9.4		0.99193		
9.45		0.99081		
9.5		0.98969		
9.55		0.98858		
9.6		0.98749		
9.65		0.9864		
9.7		0.98532		
9.75		0.98424		
9.8		0.98318		
9.85		0.98212		
9.9		0.98107		
9.95		0.98003		
10		0.97899		
10.05		0.97796		
10.1		0.97694		
10.15		0.97593		
10.2		0.97492		
10.25		0.97393		
10.3		0.97293		
10.35		0.97195		
10.4		0.97097		
10.45		0.97		
10.5		0.96904		
10.55		0.96808		
10.6		0.96713		
10.65		0.96618		
10.7		0.96525		
10.75		0.96431		
10.8		0.96339		
10.85		0.96247		
10.9		0.96156		
10.95		0.96065		
11		0.95975		
11.05		0.95885		
11.1		0.95796		
11.15		0.95708		
11.2		0.9562		
11.25		0.95533		
11.3		0.95446		
11.35		0.9536		
11.4		0.95275		
11.45		0.9519		
11.5		0.95106		
11.55		0.95022		
11.6		0.94938		
11.65		0.94855		
11.7		0.94773		
11.75		0.94691		
11.8		0.9461		
11.85		0.94529		
11.9		0.94449		
11.95		0.94369		
12		0.9429		
12.05		0.94211		
12.1		0.94133		
12.15		0.94055		
12.2		0.93977		
12.25		0.939		
12.3		0.93824		
12.35		0.93748		
12.4		0.93672		
12.45		0.93597		
12.5		0.93522		
12.55		0.93448		
12.6		0.93374		
12.65		0.93301		
12.7		0.93228		
12.75		0.93155		
12.8		0.93083		
12.85		0.93011		
12.9		0.9294		
12.95		0.92869		
13		0.92799		
13.05		0.92728		
13.1		0.92659		
13.15		0.92589		
13.2		0.9252		
13.25		0.92452		
13.3		0.92384		
13.35		0.92316		
13.4		0.92248		
13.45		0.92181		
13.5		0.92115		
13.55		0.92048		
13.6		0.91982		
13.65		0.91917		
13.7		0.91852		
13.75		0.91787		
13.8		0.91722		
13.85		0.91658		
13.9		0.91594		
13.95		0.9153		
14		0.91467		
14.05		0.91404		
14.1		0.91342		
14.15		0.9128		
14.2		0.91218		
14.25		0.91156		
14.3		0.91095		
14.35		0.91034		
14.4		0.90973		
14.45		0.90913		
14.5		0.90853		
14.55		0.90793		
14.6		0.90734		
14.65		0.90675		
14.7		0.90616		
14.75		0.90557		
14.8		0.90499		
14.85		0.90441		
14.9		0.90384		
14.95		0.90326		
15		0.90269		
15.05		0.90212		
15.1		0.90156		
15.15		0.901		
15.2		0.90044		
15.25		0.89988		
15.3		0.89933		
15.35		0.89878		
15.4		0.89823		
15.45		0.89768		
15.5		0.89714		
15.55		0.8966		
15.6		0.89606		
15.65		0.89552		
15.7		0.89499		
15.75		0.89446		
15.8		0.89393		
15.85		0.8934		
15.9		0.89288		
15.95		0.89236		
16		0.89184		
16.05		0.89132		
16.1		0.89081		
16.15		0.8903		
16.2		0.88979		
16.25		0.88928		
16.3		0.88878		
16.35		0.88828		
16.4		0.88778		
16.45		0.88728		
16.5		0.88678		
16.55		0.88629		
16.6		0.8858		
16.65		0.88531		
16.7		0.88482		
16.75		0.88434		
16.8		0.88386		
16.85		0.88338		
16.9		0.8829		
16.95		0.88242		
17		0.88195		
17.05		0.88148		
17.1		0.88101		
17.15		0.88054		
17.2		0.88008		
17.25		0.87961		
17.3		0.87915		
17.35		0.87869		
17.4		0.87823		
17.45		0.87778		
17.5		0.87732		
17.55		0.87687		
17.6		0.87642		
17.65		0.87597		
17.7		0.87553		
17.75		0.87508		
17.8		0.87464		
17.85		0.8742		
17.9		0.87376		
17.95		0.87333		
18		0.87289		
18.05		0.87246		
18.1		0.87203		
18.15		0.8716		
18.2		0.87117		
18.25		0.87074		
18.3		0.87032		
18.35		0.8699		
18.4		0.86948		
18.45		0.86906		
18.5		0.86864		
18.55		0.86822		
18.6		0.86781		
18.65		0.8674		
18.7		0.86699		
18.75		0.86658		
18.8		0.86617		
18.85		0.86576		
18.9		0.86536		
18.95		0.86496		
19		0.86456		
19.05		0.86416		
19.1		0.86376		
19.15		0.86336		
19.2		0.86297		
19.25		0.86258		
19.3		0.86218		
19.35		0.86179		
19.4		0.8614		
19.45		0.86102		
19.5		0.86063		
19.55		0.86025		
19.6		0.85987		
19.65		0.85948		
19.7		0.8591		
19.75		0.85873		
19.8		0.85835		
19.85		0.85797		
19.9		0.8576		
19.95		0.85723		
20		0.85686		
20.05		0.85649		
20.1		0.85612		
20.15		0.85575		
20.2		0.85539		
20.25		0.85502		
20.3		0.85466		
20.35		0.8543		
20.4		0.85394		
20.45		0.85358		
20.5		0.85322		
20.55		0.85287		
20.6		0.85251		
20.65		0.85216		
20.7		0.85181		
20.75		0.85146		
20.8		0.85111		
20.85		0.85076		
20.9		0.85041		
20.95		0.85007		
21		0.84972		
21.05		0.84938		
21.1		0.84904		
21.15		0.84869		
21.2		0.84836		
21.25		0.84802		
21.3		0.84768		
21.35		0.84734		
21.4		0.84701		
21.45		0.84668		
21.5		0.84634		
21.55		0.84601		
21.6		0.84568		
21.65		0.84535		
21.7		0.84503		
21.75		0.8447		
21.8		0.84438		
21.85		0.84405		
21.9		0.84373		
21.95		0.84341		
22		0.84309		
22.05		0.84277		
22.1		0.84245		
22.15		0.84213		
22.2		0.84181		
22.25		0.8415		
22.3		0.84118		
22.35		0.84087		
22.4		0.84056		
22.45		0.84025		
22.5		0.83994		
22.55		0.83963		
22.6		0.83932		
22.65		0.83902		
22.7		0.83871		
22.75		0.83841		
22.8		0.8381		
22.85		0.8378		
22.9		0.8375		
22.95		0.8372		
23		0.8369		
23.05		0.8366		
23.1		0.8363		
23.15		0.83601		
23.2		0.83571		
23.25		0.83542		
23.3		0.83513		
23.35		0.83483		
23.4		0.83454		
23.45		0.83425		
23.5		0.83396		
23.55		0.83367		
23.6		0.83339		
23.65		0.8331		
23.7		0.83281		
23.75		0.83253		
23.8		0.83224		
23.85		0.83196		
23.9		0.83168		
23.95		0.8314		
24		0.83112		
24.05		0.83084		
24.1		0.83056		
24.15		0.83028		
24.2		0.83001		
24.25		0.82973		
24.3		0.82946		
24.35		0.82918		
24.4		0.82891		
24.45		0.82864		
24.5		0.82837		
24.55		0.8281		
24.6		0.82783		
24.65		0.82756		
24.7		0.82729		
24.75		0.82702		
24.8		0.82676		
24.85		0.82649		
24.9		0.82623		
24.95		0.82597		
25		0.8257		
25.05		0.82544		
25.1		0.82518		
25.15		0.82492		
25.2		0.82466		
25.25		0.8244		
25.3		0.82414		
25.35		0.82389		
25.4		0.82363		
25.45		0.82338		
25.5		0.82312		
25.55		0.82287		
25.6		0.82261		
25.65		0.82236		
25.7		0.82211		
25.75		0.82186		
25.8		0.82161		
25.85		0.82136		
25.9		0.82111		
25.95		0.82087		
26		0.82062		
26.05		0.82037		
26.1		0.82013		
26.15		0.81988		
26.2		0.81964		
26.25		0.8194		
26.3		0.81915		
26.35		0.81891		
26.4		0.81867		
26.45		0.81843		
26.5		0.81819		
26.55		0.81795		
26.6		0.81771		
26.65		0.81748		
26.7		0.81724		
26.75		0.817		
26.8		0.81677		
26.85		0.81653		
26.9		0.8163		
26.95		0.81607		
27		0.81583		
27.05		0.8156		
27.1		0.81537		
27.15		0.81514		
27.2		0.81491		
27.25		0.81468		
27.3		0.81445		
27.35		0.81422		
27.4		0.814		
27.45		0.81377		
27.5		0.81354		
27.55		0.81332		
27.6		0.81309		
27.65		0.81287		
27.7		0.81265		
27.75		0.81242		
27.8		0.8122		
27.85		0.81198		
27.9		0.81176		
27.95		0.81154		
28		0.81132		
28.05		0.8111		
28.1		0.81088		
28.15		0.81066		
28.2		0.81045		
28.25		0.81023		
28.3		0.81002		
28.35		0.8098		
28.4		0.80959		
28.45		0.80937		
28.5		0.80916		
28.55		0.80894		
28.6		0.80873		
28.65		0.80852		
28.7		0.80831		
28.75		0.8081		
28.8		0.80789		
28.85		0.80768		
28.9		0.80747		
28.95		0.80726		
29		0.80705		
29.05		0.80685		
29.1		0.80664		
29.15		0.80643		
29.2		0.80623		
29.25		0.80602		
29.3		0.80582		
29.35		0.80561		
29.4		0.80541		
29.45		0.80521		
29.5		0.80501		
29.55		0.8048		
29.6		0.8046		
29.65		0.8044		
29.7		0.8042		
29.75		0.804		
29.8		0.8038		
29.85		0.8036		
29.9		0.80341		
29.95		0.80321		
30		0.80301		
30.05		0.80281		
30.1		0.80262		
30.15		0.80242		
30.2		0.80223		
30.25		0.80203		
30.3		0.80184		
30.35		0.80164		
30.4		0.80145		
30.45		0.80126		
30.5		0.80107		
30.55		0.80087		
30.6		0.80068		
30.65		0.80049		
30.7		0.8003		
30.75		0.80011		
30.8		0.79992		
30.85		0.79973		
30.9		0.79955		
30.95		0.79936		
31		0.79917		
31.05		0.79898		
31.1		0.7988		
31.15		0.79861		
31.2		0.79843		
31.25		0.79824		
31.3		0.79806		
31.35		0.79787		
31.4		0.79769		
31.45		0.7975		
31.5		0.79732		
31.55		0.79714		
31.6		0.79696		
31.65		0.79678		
31.7		0.79659		
31.75		0.79641		
31.8		0.79623		
31.85		0.79605		
31.9		0.79587		
31.95		0.79569		
32		0.79552		
32.05		0.79534		
32.1		0.79516		
32.15		0.79498		
32.2		0.79481		
32.25		0.79463		
32.3		0.79445		
32.35		0.79428		
32.4		0.7941		
32.45		0.79393		
32.5		0.79375		
32.55		0.79358		
32.6		0.7934		
32.65		0.79323		
32.7		0.79306		
32.75		0.79289		
32.8		0.79271		
32.85		0.79254		
32.9		0.79237		
32.95		0.7922		
33		0.79203		
33.05		0.79186		
33.1		0.79169		
33.15		0.79152		
33.2		0.79135		
33.25		0.79118		
33.3		0.79101		
33.35		0.79084		
33.4		0.79068		
33.45		0.79051		
33.5		0.79034		
33.55		0.79018		
33.6		0.79001		
33.65		0.78984		
33.7		0.78968		
33.75		0.78951		
33.8		0.78935		
33.85		0.78918		
33.9		0.78902		
33.95		0.78886		
34		0.78869		
34.05		0.78853		
34.1		0.78837		
34.15		0.7882		
34.2		0.78804		
34.25		0.78788		
34.3		0.78772		
34.35		0.78756		
34.4		0.7874		
34.45		0.78724		
34.5		0.78708		
34.55		0.78692		
34.6		0.78676		
34.65		0.7866		
34.7		0.78644		
34.75		0.78628		
34.8		0.78612		
34.85		0.78597		
34.9		0.78581		
34.95		0.78565		
35		0.7855		
35.05		0.78534		
35.1		0.78518		
35.15		0.78503		
35.2		0.78487		
35.25		0.78472		
35.3		0.78456		
35.35		0.78441		
35.4		0.78425		
35.45		0.7841		
35.5		0.78394		
35.55		0.78379		
35.6		0.78364		
35.65		0.78349		
35.7		0.78333		
35.75		0.78318		
35.8		0.78303		
35.85		0.78288		
35.9		0.78273		
35.95		0.78257		
36		0.78242		
36.05		0.78227		
36.1		0.78212		
36.15		0.78197		
36.2		0.78182		
36.25		0.78167		
36.3		0.78153		
36.35		0.78138		
36.4		0.78123		
36.45		0.78108		
36.5		0.78093		
36.55		0.78078		
36.6		0.78064		
36.65		0.78049		
36.7		0.78034		
36.75		0.7802		
36.8		0.78005		
36.85		0.7799		
36.9		0.77976		
36.95		0.77961		
37		0.77947		
37.05		0.77932		
37.1		0.77918		
37.15		0.77903		
37.2		0.77889		
37.25		0.77875		
37.3		0.7786		
37.35		0.77846		
37.4		0.77831		
37.45		0.77817		
37.5		0.77803		
37.55		0.77789		
37.6		0.77774		
37.65		0.7776		
37.7		0.77746		
37.75		0.77732		
37.8		0.77718		
37.85		0.77704		
37.9		0.7769		
37.95		0.77676		
38		0.77662		
38.05		0.77648		
38.1		0.77634		
38.15		0.7762		
38.2		0.77606		
38.25		0.77592		
38.3		0.77578		
38.35		0.77564		
38.4		0.7755		
38.45		0.77536		
38.5		0.77522		
38.55		0.77509		
38.6		0.77495		
38.65		0.77481		
38.7		0.77468		
38.75		0.77454		
38.8		0.7744		
38.85		0.77427		
38.9		0.77413		
38.95		0.77399		
39		0.77386		
39.05		0.77372		
39.1		0.77359		
39.15		0.77345		
39.2		0.77332		
39.25		0.77318		
39.3		0.77305		
39.35		0.77291		
39.4		0.77278		
39.45		0.77264		
39.5		0.77251		
39.55		0.77238		
39.6		0.77224		
39.65		0.77211		
39.7		0.77198		
39.75		0.77185		
39.8		0.77171		
39.85		0.77158		
39.9		0.77145		
39.95		0.77132		
40		0.77119		
40.05		0.77105		
40.1		0.77092		
40.15		0.77079		
40.2		0.77066		
40.25		0.77053		
40.3		0.7704		
40.35		0.77027		
40.4		0.77014		
40.45		0.77001		
40.5		0.76988		
40.55		0.76975		
40.6		0.76962		
40.65		0.76949		
40.7		0.76936		
40.75		0.76923		
40.8		0.76911		
40.85		0.76898		
40.9		0.76885		
40.95		0.76872		
41		0.76859		
41.05		0.76847		
41.1		0.76834		
41.15		0.76821		
41.2		0.76808		
41.25		0.76796		
41.3		0.76783		
41.35		0.7677		
41.4		0.76758		
41.45		0.76745		
41.5		0.76732		
41.55		0.7672		
41.6		0.76707		
41.65		0.76695		
41.7		0.76682		
41.75		0.7667		
41.8		0.76657		
41.85		0.76645		
41.9		0.76632		
41.95		0.7662		
42		0.76607		
42.05		0.76595		
42.1		0.76583		
42.15		0.7657		
42.2		0.76558		
42.25		0.76545		
42.3		0.76533		
42.35		0.76521		
42.4		0.76508		
42.45		0.76496		
42.5		0.76484		
42.55		0.76472		
42.6		0.76459		
42.65		0.76447		
42.7		0.76435		
42.75		0.76423		
42.8		0.76411		
42.85		0.76399		
42.9		0.76386		
42.95		0.76374		
43		0.76362		
43.05		0.7635		
43.1		0.76338		
43.15		0.76326		
43.2		0.76314		
43.25		0.76302		
43.3		0.7629		
43.35		0.76278		
43.4		0.76266		
43.45		0.76254		
43.5		0.76242		
43.55		0.7623		
43.6		0.76218		
43.65		0.76206		
43.7		0.76194		
43.75		0.76182		
43.8		0.76171		
43.85		0.76159		
43.9		0.76147		
43.95		0.76135		
44		0.76123		
44.05		0.76111		
44.1		0.761		
44.15		0.76088		
44.2		0.76076		
44.25		0.76064		
44.3		0.76053		
44.35		0.76041		
44.4		0.76029		
44.45		0.76018		
44.5		0.76006		
44.55		0.75994		
44.6		0.75983		
44.65		0.75971		
44.7		0.7596		
44.75		0.75948		
44.8		0.75936		
44.85		0.75925		
44.9		0.75913		
44.95		0.75902		
45		0.7589		
45.05		0.75879		
45.1		0.75867		
45.15		0.75856		
45.2		0.75844		
45.25		0.75833		
45.3		0.75821		
45.35		0.7581		
45.4		0.75799		
45.45		0.75787		
45.5		0.75776		
45.55		0.75764		
45.6		0.75753		
45.65		0.75742		
45.7		0.7573		
45.75		0.75719		
45.8		0.75708		
45.85		0.75696		
45.9		0.75685		
45.95		0.75674		
46		0.75663		
46.05		0.75651		
46.1		0.7564		
46.15		0.75629		
46.2		0.75618		
46.25		0.75607		
46.3		0.75595		
46.35		0.75584		
46.4		0.75573		
46.45		0.75562		
46.5		0.75551		
46.55		0.7554		
46.6		0.75529		
46.65		0.75517		
46.7		0.75506		
46.75		0.75495		
46.8		0.75484		
46.85		0.75473		
46.9		0.75462		
46.95		0.75451		
47		0.7544		
47.05		0.75429		
47.1		0.75418		
47.15		0.75407		
47.2		0.75396		
47.25		0.75385		
47.3		0.75374		
47.35		0.75363		
47.4		0.75353		
47.45		0.75342		
47.5		0.75331		
47.55		0.7532		
47.6		0.75309		
47.65		0.75298		
47.7		0.75287		
47.75		0.75277		
47.8		0.75266		
47.85		0.75255		
47.9		0.75244		
47.95		0.75233		
48		0.75223		
48.05		0.75212		
48.1		0.75201		
48.15		0.7519		
48.2		0.7518		
48.25		0.75169		
48.3		0.75158		
48.35		0.75147		
48.4		0.75137		
48.45		0.75126		
48.5		0.75115		
48.55		0.75105		
48.6		0.75094		
48.65		0.75084		
48.7		0.75073		
48.75		0.75062		
48.8		0.75052		
48.85		0.75041		
48.9		0.75031		
48.95		0.7502		
49		0.7501		
49.05		0.74999		
49.1		0.74988		
49.15		0.74978		
49.2		0.74967		
49.25		0.74957		
49.3		0.74946		
49.35		0.74936		
49.4		0.74926		
49.45		0.74915		
49.5		0.74905		
49.55		0.74894		
49.6		0.74884		
49.65		0.74873		
49.7		0.74863		
49.75		0.74853		
49.8		0.74842		
49.85		0.74832		
49.9		0.74821		
49.95		0.74811		
50		0.74801		
50.05		0.7479		
50.1		0.7478		
50.15		0.7477		
50.2		0.7476		
50.25		0.74749		
50.3		0.74739		
50.35		0.74729		
50.4		0.74718		
50.45		0.74708		
50.5		0.74698		
50.55		0.74688		
50.6		0.74678		
50.65		0.74667		
50.7		0.74657		
50.75		0.74647		
50.8		0.74637		
50.85		0.74627		
50.9		0.74616		
50.95		0.74606		
51		0.74596		
51.05		0.74586		
51.1		0.74576		
51.15		0.74566		
51.2		0.74556		
51.25		0.74546		
51.3		0.74536		
51.35		0.74525		
51.4		0.74515		
51.45		0.74505		
51.5		0.74495		
51.55		0.74485		
51.6		0.74475		
51.65		0.74465		
51.7		0.74455		
51.75		0.74445		
51.8		0.74435		
51.85		0.74425		
51.9		0.74415		
51.95		0.74405		
52		0.74395		
52.05		0.74385		
52.1		0.74376		
52.15		0.74366		
52.2		0.74356		
52.25		0.74346		
52.3		0.74336		
52.35		0.74326		
52.4		0.74316		
52.45		0.74306		
52.5		0.74296		
52.55		0.74287		
52.6		0.74277		
52.65		0.74267		
52.7		0.74257		
52.75		0.74247		
52.8		0.74237		
52.85		0.74228		
52.9		0.74218		
52.95		0.74208		
53		0.74198		
53.05		0.74189		
53.1		0.74179		
53.15		0.74169		
53.2		0.74159		
53.25		0.7415		
53.3		0.7414		
53.35		0.7413		
53.4		0.74121		
53.45		0.74111		
53.5		0.74101		
53.55		0.74091		
53.6		0.74082		
53.65		0.74072		
53.7		0.74063		
53.75		0.74053		
53.8		0.74043		
53.85		0.74034		
53.9		0.74024		
53.95		0.74014		
54		0.74005		
54.05		0.73995		
54.1		0.73986		
54.15		0.73976		
54.2		0.73967		
54.25		0.73957		
54.3		0.73947		
54.35		0.73938		
54.4		0.73928		
54.45		0.73919		
54.5		0.73909		
54.55		0.739		
54.6		0.7389		
54.65		0.73881		
54.7		0.73871		
54.75		0.73862		
54.8		0.73852		
54.85		0.73843		
54.9		0.73834		
54.95		0.73824		
55		0.73815		
55.05		0.73805		
55.1		0.73796		
55.15		0.73787		
55.2		0.73777		
55.25		0.73768		
55.3		0.73758		
55.35		0.73749		
55.4		0.7374		
55.45		0.7373		
55.5		0.73721		
55.55		0.73712		
55.6		0.73702		
55.65		0.73693		
55.7		0.73684		
55.75		0.73674		
55.8		0.73665		
55.85		0.73656		
55.9		0.73646		
55.95		0.73637		
56		0.73628		
56.05		0.73619		
56.1		0.73609		
56.15		0.736		
56.2		0.73591		
56.25		0.73582		
56.3		0.73572		
56.35		0.73563		
56.4		0.73554		
56.45		0.73545		
56.5		0.73536		
56.55		0.73526		
56.6		0.73517		
56.65		0.73508		
56.7		0.73499		
56.75		0.7349		
56.8		0.73481		
56.85		0.73471		
56.9		0.73462		
56.95		0.73453		
57		0.73444		
57.05		0.73435		
57.1		0.73426		
57.15		0.73417		
57.2		0.73408		
57.25		0.73399		
57.3		0.7339		
57.35		0.73381		
57.4		0.73371		
57.45		0.73362		
57.5		0.73353		
57.55		0.73344		
57.6		0.73335		
57.65		0.73326		
57.7		0.73317		
57.75		0.73308		
57.8		0.73299		
57.85		0.7329		
57.9		0.73281		
57.95		0.73272		
58		0.73263		
58.05		0.73254		
58.1		0.73245		
58.15		0.73237		
58.2		0.73228		
58.25		0.73219		
58.3		0.7321		
58.35		0.73201		
58.4		0.73192		
58.45		0.73183		
58.5		0.73174		
58.55		0.73165		
58.6		0.73156		
58.65		0.73147		
58.7		0.73139		
58.75		0.7313		
58.8		0.73121		
58.85		0.73112		
58.9		0.73103		
58.95		0.73094		
59		0.73086		
59.05		0.73077		
59.1		0.73068		
59.15		0.73059		
59.2		0.7305		
59.25		0.73041		
59.3		0.73033		
59.35		0.73024		
59.4		0.73015		
59.45		0.73006		
59.5		0.72998		
59.55		0.72989		
59.6		0.7298		
59.65		0.72971		
59.7		0.72963		
59.75		0.72954		
59.8		0.72945		
59.85		0.72937		
59.9		0.72928		
59.95		0.72919		
60		0.7291		
60.05		0.72902		
60.1		0.72893		
60.15		0.72884		
60.2		0.72876		
60.25		0.72867		
60.3		0.72858		
60.35		0.7285		
60.4		0.72841		
60.45		0.72833		
60.5		0.72824		
60.55		0.72815		
60.6		0.72807		
60.65		0.72798		
60.7		0.72789		
60.75		0.72781		
60.8		0.72772		
60.85		0.72764		
60.9		0.72755		
60.95		0.72747		
61		0.72738		
61.05		0.7273		
61.1		0.72721		
61.15		0.72712		
61.2		0.72704		
61.25		0.72695		
61.3		0.72687		
61.35		0.72678		
61.4		0.7267		
61.45		0.72661		
61.5		0.72653		
61.55		0.72644		
61.6		0.72636		
61.65		0.72627		
61.7		0.72619		
61.75		0.7261		
61.8		0.72602		
61.85		0.72594		
61.9		0.72585		
61.95		0.72577		
62		0.72568		
62.05		0.7256		
62.1		0.72551		
62.15		0.72543		
62.2		0.72535		
62.25		0.72526		
62.3		0.72518		
62.35		0.72509		
62.4		0.72501		
62.45		0.72493		
62.5		0.72484		
62.55		0.72476		
62.6		0.72468		
62.65		0.72459		
62.7		0.72451		
62.75		0.72443		
62.8		0.72434		
62.85		0.72426		
62.9		0.72418		
62.95		0.72409		
63		0.72401		
63.05		0.72393		
63.1		0.72384		
63.15		0.72376		
63.2		0.72368		
63.25		0.7236		
63.3		0.72351		
63.35		0.72343		
63.4		0.72335		
63.45		0.72327		
63.5		0.72318		
63.55		0.7231		
63.6		0.72302		
63.65		0.72294		
63.7		0.72285		
63.75		0.72277		
63.8		0.72269		
63.85		0.72261		
63.9		0.72253		
63.95		0.72244		
64		0.72236		
64.05		0.72228		
64.1		0.7222		
64.15		0.72212		
64.2		0.72204		
64.25		0.72195		
64.3		0.72187		
64.35		0.72179		
64.4		0.72171		
64.45		0.72163		
64.5		0.72155		
64.55		0.72147		
64.6		0.72139		
64.65		0.7213		
64.7		0.72122		
64.75		0.72114		
64.8		0.72106		
64.85		0.72098		
64.9		0.7209		
64.95		0.72082		
65		0.72074		
65.05		0.72066		
65.1		0.72058		
65.15		0.7205		
65.2		0.72042		
65.25		0.72034		
65.3		0.72026		
65.35		0.72018		
65.4		0.7201		
65.45		0.72002		
65.5		0.71993		
65.55		0.71985		
65.6		0.71977		
65.65		0.7197		
65.7		0.71962		
65.75		0.71954		
65.8		0.71946		
65.85		0.71938		
65.9		0.7193		
65.95		0.71922		
66		0.71914		
66.05		0.71906		
66.1		0.71898		
66.15		0.7189		
66.2		0.71882		
66.25		0.71874		
66.3		0.71866		
66.35		0.71858		
66.4		0.7185		
66.45		0.71842		
66.5		0.71835		
66.55		0.71827		
66.6		0.71819		
66.65		0.71811		
66.7		0.71803		
66.75		0.71795		
66.8		0.71787		
66.85		0.71779		
66.9		0.71772		
66.95		0.71764		
67		0.71756		
67.05		0.71748		
67.1		0.7174		
67.15		0.71732		
67.2		0.71725		
67.25		0.71717		
67.3		0.71709		
67.35		0.71701		
67.4		0.71693		
67.45		0.71686		
67.5		0.71678		
67.55		0.7167		
67.6		0.71662		
67.65		0.71654		
67.7		0.71647		
67.75		0.71639		
67.8		0.71631		
67.85		0.71623		
67.9		0.71616		
67.95		0.71608		
68		0.716		
68.05		0.71592		
68.1		0.71585		
68.15		0.71577		
68.2		0.71569		
68.25		0.71562		
68.3		0.71554		
68.35		0.71546		
68.4		0.71539		
68.45		0.71531		
68.5		0.71523		
68.55		0.71515		
68.6		0.71508		
68.65		0.715		
68.7		0.71492		
68.75		0.71485		
68.8		0.71477		
68.85		0.7147		
68.9		0.71462		
68.95		0.71454		
69		0.71447		
69.05		0.71439		
69.1		0.71431		
69.15		0.71424		
69.2		0.71416		
69.25		0.71409		
69.3		0.71401		
69.35		0.71393		
69.4		0.71386		
69.45		0.71378		
69.5		0.71371		
69.55		0.71363		
69.6		0.71355		
69.65		0.71348		
69.7		0.7134		
69.75		0.71333		
69.8		0.71325		
69.85		0.71318		
69.9		0.7131		
69.95		0.71303		
70		0.71295		
70.05		0.71288		
70.1		0.7128		
70.15		0.71273		
70.2		0.71265		
70.25		0.71258		
70.3		0.7125		
70.35		0.71243		
70.4		0.71235		
70.45		0.71228		
70.5		0.7122		
70.55		0.71213		
70.6		0.71205		
70.65		0.71198		
70.7		0.7119		
70.75		0.71183		
70.8		0.71175		
70.85		0.71168		
70.9		0.71161		
70.95		0.71153		
71		0.71146		
71.05		0.71138		
71.1		0.71131		
71.15		0.71123		
71.2		0.71116		
71.25		0.71109		
71.3		0.71101		
71.35		0.71094		
71.4		0.71086		
71.45		0.71079		
71.5		0.71072		
71.55		0.71064		
71.6		0.71057		
71.65		0.7105		
71.7		0.71042		
71.75		0.71035		
71.8		0.71027		
71.85		0.7102		
71.9		0.71013		
71.95		0.71005		
72		0.70998		
72.05		0.70991		
72.1		0.70984		
72.15		0.70976		
72.2		0.70969		
72.25		0.70962		
72.3		0.70954		
72.35		0.70947		
72.4		0.7094		
72.45		0.70932		
72.5		0.70925		
72.55		0.70918		
72.6		0.70911		
72.65		0.70903		
72.7		0.70896		
72.75		0.70889		
72.8		0.70882		
72.85		0.70874		
72.9		0.70867		
72.95		0.7086		
73		0.70853		
73.05		0.70845		
73.1		0.70838		
73.15		0.70831		
73.2		0.70824		
73.25		0.70816		
73.3		0.70809		
73.35		0.70802		
73.4		0.70795		
73.45		0.70788		
73.5		0.7078		
73.55		0.70773		
73.6		0.70766		
73.65		0.70759		
73.7		0.70752		
73.75		0.70745		
73.8		0.70737		
73.85		0.7073		
73.9		0.70723		
73.95		0.70716		
74		0.70709		
74.05		0.70702		
74.1		0.70695		
74.15		0.70687		
74.2		0.7068		
74.25		0.70673		
74.3		0.70666		
74.35		0.70659		
74.4		0.70652		
74.45		0.70645		
74.5		0.70638		
74.55		0.70631		
74.6		0.70623		
74.65		0.70616		
74.7		0.70609		
74.75		0.70602		
74.8		0.70595		
74.85		0.70588		
74.9		0.70581		
74.95		0.70574		
75		0.70567		
75.05		0.7056		
75.1		0.70553		
75.15		0.70546		
75.2		0.70539		
75.25		0.70532		
75.3		0.70525		
75.35		0.70518		
75.4		0.70511		
75.45		0.70504		
75.5		0.70497		
75.55		0.7049		
75.6		0.70483		
75.65		0.70476		
75.7		0.70469		
75.75		0.70462		
75.8		0.70455		
75.85		0.70448		
75.9		0.70441		
75.95		0.70434		
76		0.70427		
76.05		0.7042		
76.1		0.70413		
76.15		0.70406		
76.2		0.70399		
76.25		0.70392		
76.3		0.70385		
76.35		0.70378		
76.4		0.70371		
76.45		0.70364		
76.5		0.70357		
76.55		0.70351		
76.6		0.70344		
76.65		0.70337		
76.7		0.7033		
76.75		0.70323		
76.8		0.70316		
76.85		0.70309		
76.9		0.70302		
76.95		0.70295		
77		0.70288		
77.05		0.70282		
77.1		0.70275		
77.15		0.70268		
77.2		0.70261		
77.25		0.70254		
77.3		0.70247		
77.35		0.7024		
77.4		0.70234		
77.45		0.70227		
77.5		0.7022		
77.55		0.70213		
77.6		0.70206		
77.65		0.70199		
77.7		0.70193		
77.75		0.70186		
77.8		0.70179		
77.85		0.70172		
77.9		0.70165		
77.95		0.70159		
78		0.70152		
78.05		0.70145		
78.1		0.70138		
78.15		0.70131		
78.2		0.70125		
78.25		0.70118		
78.3		0.70111		
78.35		0.70104		
78.4		0.70098		
78.45		0.70091		
78.5		0.70084		
78.55		0.70077		
78.6		0.70071		
78.65		0.70064		
78.7		0.70057		
78.75		0.7005		
78.8		0.70044		
78.85		0.70037		
78.9		0.7003		
78.95		0.70023		
79		0.70017		
79.05		0.7001		
79.1		0.70003		
79.15		0.69997		
79.2		0.6999		
79.25		0.69983		
79.3		0.69977		
79.35		0.6997		
79.4		0.69963		
79.45		0.69957		
79.5		0.6995		
79.55		0.69943		
79.6		0.69937		
79.65		0.6993		
79.7		0.69923		
79.75		0.69917		
79.8		0.6991		
79.85		0.69903		
79.9		0.69897		
79.95		0.6989		
80		0.69883		
80.05		0.69877		
80.1		0.6987		
80.15		0.69864		
80.2		0.69857		
80.25		0.6985		
80.3		0.69844		
80.35		0.69837		
80.4		0.6983		
80.45		0.69824		
80.5		0.69817		
80.55		0.69811		
80.6		0.69804		
80.65		0.69798		
80.7		0.69791		
80.75		0.69784		
80.8		0.69778		
80.85		0.69771		
80.9		0.69765		
80.95		0.69758		
81		0.69752		
81.05		0.69745		
81.1		0.69739		
81.15		0.69732		
81.2		0.69725		
81.25		0.69719		
81.3		0.69712		
81.35		0.69706		
81.4		0.69699		
81.45		0.69693		
81.5		0.69686		
81.55		0.6968		
81.6		0.69673		
81.65		0.69667		
81.7		0.6966		
81.75		0.69654		
81.8		0.69647		
81.85		0.69641		
81.9		0.69634		
81.95		0.69628		
82		0.69621		
82.05		0.69615		
82.1		0.69608		
82.15		0.69602		
82.2		0.69595		
82.25		0.69589		
82.3		0.69583		
82.35		0.69576		
82.4		0.6957		
82.45		0.69563		
82.5		0.69557		
82.55		0.6955		
82.6		0.69544		
82.65		0.69538		
82.7		0.69531		
82.75		0.69525		
82.8		0.69518		
82.85		0.69512		
82.9		0.69505		
82.95		0.69499		
83		0.69493		
83.05		0.69486		
83.1		0.6948		
83.15		0.69473		
83.2		0.69467		
83.25		0.69461		
83.3		0.69454		
83.35		0.69448		
83.4		0.69442		
83.45		0.69435		
83.5		0.69429		
83.55		0.69422		
83.6		0.69416		
83.65		0.6941		
83.7		0.69403		
83.75		0.69397		
83.8		0.69391		
83.85		0.69384		
83.9		0.69378		
83.95		0.69372		
84		0.69365		
84.05		0.69359		
84.1		0.69353		
84.15		0.69346		
84.2		0.6934		
84.25		0.69334		
84.3		0.69328		
84.35		0.69321		
84.4		0.69315		
84.45		0.69309		
84.5		0.69302		
84.55		0.69296		
84.6		0.6929		
84.65		0.69283		
84.7		0.69277		
84.75		0.69271		
84.8		0.69265		
84.85		0.69258		
84.9		0.69252		
84.95		0.69246		
85		0.6924		
85.05		0.69233		
85.1		0.69227		
85.15		0.69221		
85.2		0.69215		
85.25		0.69208		
85.3		0.69202		
85.35		0.69196		
85.4		0.6919		
85.45		0.69184		
85.5		0.69177		
85.55		0.69171		
85.6		0.69165		
85.65		0.69159		
85.7		0.69153		
85.75		0.69147		
85.8		0.6914		
85.85		0.69134		
85.9		0.69128		
85.95		0.69121		
86		0.69115		
86.05		0.69109		
86.1		0.69103		
86.15		0.69097		
86.2		0.69091		
86.25		0.69084		
86.3		0.69078		
86.35		0.69072		
86.4		0.69066		
86.45		0.6906		
86.5		0.69054		
86.55		0.69047		
86.6		0.69041		
86.65		0.69035		
86.7		0.69029		
86.75		0.69023		
86.8		0.69017		
86.85		0.69011		
86.9		0.69005		
86.95		0.68998		
87		0.68992		
87.05		0.68986		
87.1		0.6898		
87.15		0.68974		
87.2		0.68968		
87.25		0.68962		
87.3		0.68956		
87.35		0.6895		
87.4		0.68943		
87.45		0.68937		
87.5		0.68931		
87.55		0.68925		
87.6		0.68919		
87.65		0.68913		
87.7		0.68907		
87.75		0.68901		
87.8		0.68895		
87.85		0.68889		
87.9		0.68883		
87.95		0.68877		
88		0.68871		
88.05		0.68865		
88.1		0.68859		
88.15		0.68853		
88.2		0.68847		
88.25		0.6884		
88.3		0.68834		
88.35		0.68828		
88.4		0.68822		
88.45		0.68816		
88.5		0.6881		
88.55		0.68804		
88.6		0.68798		
88.65		0.68792		
88.7		0.68786		
88.75		0.6878		
88.8		0.68774		
88.85		0.68768		
88.9		0.68762		
88.95		0.68756		
89		0.6875		
89.05		0.68744		
89.1		0.68738		
89.15		0.68732		
89.2		0.68727		
89.25		0.68721		
89.3		0.68715		
89.35		0.68709		
89.4		0.68703		
89.45		0.68697		
89.5		0.68691		
89.55		0.68685		
89.6		0.68679		
89.65		0.68673		
89.7		0.68667		
89.75		0.68661		
89.8		0.68655		
89.85		0.68649		
89.9		0.68643		
89.95		0.68637		
90		0.68631		
90.05		0.68626		
90.1		0.6862		
90.15		0.68614		
90.2		0.68608		
90.25		0.68602		
90.3		0.68596		
90.35		0.6859		
90.4		0.68584		
90.45		0.68578		
90.5		0.68572		
90.55		0.68567		
90.6		0.68561		
90.65		0.68555		
90.7		0.68549		
90.75		0.68543		
90.8		0.68537		
90.85		0.68531		
90.9		0.68525		
90.95		0.6852		
91		0.68514		
91.05		0.68508		
91.1		0.68502		
91.15		0.68496		
91.2		0.6849		
91.25		0.68485		
91.3		0.68479		
91.35		0.68473		
91.4		0.68467		
91.45		0.68461		
91.5		0.68455		
91.55		0.6845		
91.6		0.68444		
91.65		0.68438		
91.7		0.68432		
91.75		0.68426		
91.8		0.68421		
91.85		0.68415		
91.9		0.68409		
91.95		0.68403		
92		0.68397		
92.05		0.68392		
92.1		0.68386		
92.15		0.6838		
92.2		0.68374		
92.25		0.68368		
92.3		0.68363		
92.35		0.68357		
92.4		0.68351		
92.45		0.68345		
92.5		0.6834		
92.55		0.68334		
92.6		0.68328		
92.65		0.68322		
92.7		0.68317		
92.75		0.68311		
92.8		0.68305		
92.85		0.68299		
92.9		0.68294		
92.95		0.68288		
93		0.68282		
93.05		0.68276		
93.1		0.68271		
93.15		0.68265		
93.2		0.68259		
93.25		0.68254		
93.3		0.68248		
93.35		0.68242		
93.4		0.68236		
93.45		0.68231		
93.5		0.68225		
93.55		0.68219		
93.6		0.68214		
93.65		0.68208		
93.7		0.68202		
93.75		0.68197		
93.8		0.68191		
93.85		0.68185		
93.9		0.6818		
93.95		0.68174		
94		0.68168		
94.05		0.68163		
94.1		0.68157		
94.15		0.68151		
94.2		0.68146		
94.25		0.6814		
94.3		0.68134		
94.35		0.68129		
94.4		0.68123		
94.45		0.68117		
94.5		0.68112		
94.55		0.68106		
94.6		0.681		
94.65		0.68095		
94.7		0.68089		
94.75		0.68083		
94.8		0.68078		
94.85		0.68072		
94.9		0.68067		
94.95		0.68061		
95		0.68055		
95.05		0.6805		
95.1		0.68044		
95.15		0.68039		
95.2		0.68033		
95.25		0.68027		
95.3		0.68022		
95.35		0.68016		
95.4		0.68011		
95.45		0.68005		
95.5		0.67999		
95.55		0.67994		
95.6		0.67988		
95.65		0.67983		
95.7		0.67977		
95.75		0.67972		
95.8		0.67966		
95.85		0.6796		
95.9		0.67955		
95.95		0.67949		
96		0.67944		
96.05		0.67938		
96.1		0.67933		
96.15		0.67927		
96.2		0.67922		
96.25		0.67916		
96.3		0.6791		
96.35		0.67905		
96.4		0.67899		
96.45		0.67894		
96.5		0.67888		
96.55		0.67883		
96.6		0.67877		
96.65		0.67872		
96.7		0.67866		
96.75		0.67861		
96.8		0.67855		
96.85		0.6785		
96.9		0.67844		
96.95		0.67839		
97		0.67833		
97.05		0.67828		
97.1		0.67822		
97.15		0.67817		
97.2		0.67811		
97.25		0.67806		
97.3		0.678		
97.35		0.67795		
97.4		0.67789		
97.45		0.67784		
97.5		0.67778		
97.55		0.67773		
97.6		0.67767		
97.65		0.67762		
97.7		0.67757		
97.75		0.67751		
97.8		0.67746		
97.85		0.6774		
97.9		0.67735		
97.95		0.67729		
98		0.67724		
98.05		0.67718		
98.1		0.67713		
98.15		0.67708		
98.2		0.67702		
98.25		0.67697		
98.3		0.67691		
98.35		0.67686		
98.4		0.6768		
98.45		0.67675		
98.5		0.6767		
98.55		0.67664		
98.6		0.67659		
98.65		0.67653		
98.7		0.67648		
98.75		0.67643		
98.8		0.67637		
98.85		0.67632		
98.9		0.67626		
98.95		0.67621		
99		0.67616		
99.05		0.6761		
99.1		0.67605		
99.15		0.67599		
99.2		0.67594		
99.25		0.67589		
99.3		0.67583		
99.35		0.67578		
99.4		0.67573		
99.45		0.67567		
99.5		0.67562		
99.55		0.67556		
99.6		0.67551		
99.65		0.67546		
99.7		0.6754		
99.75		0.67535		
99.8		0.6753		
99.85		0.67524		
99.9		0.67519		
99.95		0.67514		
100		0.67508		
