t [fm]		Beq
0.25		-11.7
0.3		-9.1929		
0.35		-7.4256		
0.4		-6.122		
0.45		-5.1269		
0.5		-4.3467		
0.55		-3.7218		
0.6		-3.2123		
0.65		-2.7909		
0.7		-2.4378		
0.75		-2.1389		
0.8		-1.8835		
0.85		-1.6635		
0.9		-1.4726		
0.95		-1.3059		
1		-1.1595		
1.05		-1.0304		
1.1		-0.91585		
1.15		-0.8139		
1.2		-0.72278		
1.25		-0.64107		
1.3		-0.56755		
1.35		-0.50121		
1.4		-0.44119		
1.45		-0.38675		
1.5		-0.33725		
1.55		-0.29215		
1.6		-0.25097		
1.65		-0.2133		
1.7		-0.17878		
1.75		-0.14709		
1.8		-0.11796		
1.85		-0.091143		
1.9		-0.066417		
1.95		-0.043592		
2		-0.022497		
2.05		-0.0029777		
2.1		0.015102		
2.15		0.031865		
2.2		0.047422		
2.25		0.061872		
2.3		0.075305		
2.35		0.087803		
2.4		0.099437		
2.45		0.11028		
2.5		0.12038		
2.55		0.1298		
2.6		0.1386		
2.65		0.14681		
2.7		0.15448		
2.75		0.16164		
2.8		0.16834		
2.85		0.1746		
2.9		0.18045		
2.95		0.18593		
3		0.19105		
3.05		0.19585		
3.1		0.20033		
3.15		0.20453		
3.2		0.20846		
3.25		0.21213		
3.3		0.21556		
3.35		0.21878		
3.4		0.22178		
3.45		0.22459		
3.5		0.22721		
3.55		0.22966		
3.6		0.23195		
3.65		0.23408		
3.7		0.23607		
3.75		0.23792		
3.8		0.23964		
3.85		0.24124		
3.9		0.24272		
3.95		0.2441		
4		0.24537		
4.05		0.24655		
4.1		0.24763		
4.15		0.24863		
4.2		0.24955		
4.25		0.25038		
4.3		0.25115		
4.35		0.25184		
4.4		0.25247		
4.45		0.25304		
4.5		0.25354		
4.55		0.25399		
4.6		0.25439		
4.65		0.25473		
4.7		0.25503		
4.75		0.25528		
4.8		0.25549		
4.85		0.25565		
4.9		0.25578		
4.95		0.25587		
5		0.25592		
5.05		0.25594		
5.1		0.25593		
5.15		0.25588		
5.2		0.25581		
5.25		0.25571		
5.3		0.25558		
5.35		0.25543		
5.4		0.25525		
5.45		0.25505		
5.5		0.25483		
5.55		0.25459		
5.6		0.25432		
5.65		0.25404		
5.7		0.25374		
5.75		0.25342		
5.8		0.25309		
5.85		0.25274		
5.9		0.25238		
5.95		0.252		
6		0.25161		
6.05		0.2512		
6.1		0.25079		
6.15		0.25036		
6.2		0.24992		
6.25		0.24947		
6.3		0.24901		
6.35		0.24854		
6.4		0.24806		
6.45		0.24757		
6.5		0.24707		
6.55		0.24657		
6.6		0.24606		
6.65		0.24554		
6.7		0.24501		
6.75		0.24448		
6.8		0.24394		
6.85		0.2434		
6.9		0.24284		
6.95		0.24229		
7		0.24173		
7.05		0.24116		
7.1		0.24059		
7.15		0.24002		
7.2		0.23944		
7.25		0.23886		
7.3		0.23827		
7.35		0.23768		
7.4		0.23709		
7.45		0.2365		
7.5		0.2359		
7.55		0.2353		
7.6		0.23469		
7.65		0.23409		
7.7		0.23348		
7.75		0.23287		
7.8		0.23226		
7.85		0.23164		
7.9		0.23103		
7.95		0.23041		
8		0.22979		
8.05		0.22917		
8.1		0.22855		
8.15		0.22793		
8.2		0.22731		
8.25		0.22668		
8.3		0.22606		
8.35		0.22543		
8.4		0.22481		
8.45		0.22418		
8.5		0.22355		
8.55		0.22293		
8.6		0.2223		
8.65		0.22167		
8.7		0.22104		
8.75		0.22042		
8.8		0.21979		
8.85		0.21916		
8.9		0.21853		
8.95		0.2179		
9		0.21728		
9.05		0.21665		
9.1		0.21602		
9.15		0.2154		
9.2		0.21477		
9.25		0.21415		
9.3		0.21352		
9.35		0.2129		
9.4		0.21227		
9.45		0.21165		
9.5		0.21103		
9.55		0.21041		
9.6		0.20979		
9.65		0.20917		
9.7		0.20855		
9.75		0.20793		
9.8		0.20731		
9.85		0.2067		
9.9		0.20608		
9.95		0.20547		
10		0.20485		
10.05		0.20424		
10.1		0.20363		
10.15		0.20302		
10.2		0.20241		
10.25		0.2018		
10.3		0.2012		
10.35		0.20059		
10.4		0.19999		
10.45		0.19939		
10.5		0.19879		
10.55		0.19819		
10.6		0.19759		
10.65		0.19699		
10.7		0.19639		
10.75		0.1958		
10.8		0.1952		
10.85		0.19461		
10.9		0.19402		
10.95		0.19343		
11		0.19284		
11.05		0.19226		
11.1		0.19167		
11.15		0.19109		
11.2		0.19051		
11.25		0.18993		
11.3		0.18935		
11.35		0.18877		
11.4		0.18819		
11.45		0.18762		
11.5		0.18705		
11.55		0.18647		
11.6		0.1859		
11.65		0.18534		
11.7		0.18477		
11.75		0.1842		
11.8		0.18364		
11.85		0.18308		
11.9		0.18252		
11.95		0.18196		
12		0.1814		
12.05		0.18084		
12.1		0.18029		
12.15		0.17974		
12.2		0.17919		
12.25		0.17864		
12.3		0.17809		
12.35		0.17754		
12.4		0.177		
12.45		0.17645		
12.5		0.17591		
12.55		0.17537		
12.6		0.17483		
12.65		0.1743		
12.7		0.17376		
12.75		0.17323		
12.8		0.1727		
12.85		0.17217		
12.9		0.17164		
12.95		0.17111		
13		0.17059		
13.05		0.17006		
13.1		0.16954		
13.15		0.16902		
13.2		0.1685		
13.25		0.16799		
13.3		0.16747		
13.35		0.16696		
13.4		0.16645		
13.45		0.16594		
13.5		0.16543		
13.55		0.16492		
13.6		0.16441		
13.65		0.16391		
13.7		0.16341		
13.75		0.16291		
13.8		0.16241		
13.85		0.16191		
13.9		0.16141		
13.95		0.16092		
14		0.16043		
14.05		0.15994		
14.1		0.15945		
14.15		0.15896		
14.2		0.15847		
14.25		0.15799		
14.3		0.15751		
14.35		0.15702		
14.4		0.15655		
14.45		0.15607		
14.5		0.15559		
14.55		0.15512		
14.6		0.15464		
14.65		0.15417		
14.7		0.1537		
14.75		0.15323		
14.8		0.15276		
14.85		0.1523		
14.9		0.15183		
14.95		0.15137		
15		0.15091		
15.05		0.15045		
15.1		0.14999		
15.15		0.14954		
15.2		0.14908		
15.25		0.14863		
15.3		0.14818		
15.35		0.14773		
15.4		0.14728		
15.45		0.14683		
15.5		0.14639		
15.55		0.14594		
15.6		0.1455		
15.65		0.14506		
15.7		0.14462		
15.75		0.14418		
15.8		0.14375		
15.85		0.14331		
15.9		0.14288		
15.95		0.14244		
16		0.14201		
16.05		0.14158		
16.1		0.14116		
16.15		0.14073		
16.2		0.14031		
16.25		0.13988		
16.3		0.13946		
16.35		0.13904		
16.4		0.13862		
16.45		0.1382		
16.5		0.13779		
16.55		0.13737		
16.6		0.13696		
16.65		0.13655		
16.7		0.13614		
16.75		0.13573		
16.8		0.13532		
16.85		0.13491		
16.9		0.13451		
16.95		0.1341		
17		0.1337		
17.05		0.1333		
17.1		0.1329		
17.15		0.1325		
17.2		0.13211		
17.25		0.13171		
17.3		0.13132		
17.35		0.13092		
17.4		0.13053		
17.45		0.13014		
17.5		0.12975		
17.55		0.12937		
17.6		0.12898		
17.65		0.1286		
17.7		0.12821		
17.75		0.12783		
17.8		0.12745		
17.85		0.12707		
17.9		0.12669		
17.95		0.12631		
18		0.12594		
18.05		0.12556		
18.1		0.12519		
18.15		0.12482		
18.2		0.12445		
18.25		0.12408		
18.3		0.12371		
18.35		0.12334		
18.4		0.12297		
18.45		0.12261		
18.5		0.12225		
18.55		0.12188		
18.6		0.12152		
18.65		0.12116		
18.7		0.1208		
18.75		0.12045		
18.8		0.12009		
18.85		0.11974		
18.9		0.11938		
18.95		0.11903		
19		0.11868		
19.05		0.11833		
19.1		0.11798		
19.15		0.11763		
19.2		0.11728		
19.25		0.11694		
19.3		0.11659		
19.35		0.11625		
19.4		0.1159		
19.45		0.11556		
19.5		0.11522		
19.55		0.11488		
19.6		0.11455		
19.65		0.11421		
19.7		0.11387		
19.75		0.11354		
19.8		0.1132		
19.85		0.11287		
19.9		0.11254		
19.95		0.11221		
20		0.11188		
20.05		0.11155		
20.1		0.11122		
20.15		0.1109		
20.2		0.11057		
20.25		0.11025		
20.3		0.10992		
20.35		0.1096		
20.4		0.10928		
20.45		0.10896		
20.5		0.10864		
20.55		0.10832		
20.6		0.10801		
20.65		0.10769		
20.7		0.10737		
20.75		0.10706		
20.8		0.10675		
20.85		0.10643		
20.9		0.10612		
20.95		0.10581		
21		0.1055		
21.05		0.1052		
21.1		0.10489		
21.15		0.10458		
21.2		0.10428		
21.25		0.10397		
21.3		0.10367		
21.35		0.10336		
21.4		0.10306		
21.45		0.10276		
21.5		0.10246		
21.55		0.10216		
21.6		0.10186		
21.65		0.10157		
21.7		0.10127		
21.75		0.10098		
21.8		0.10068		
21.85		0.10039		
21.9		0.10009		
21.95		0.099802		
22		0.099511		
22.05		0.099221		
22.1		0.098932		
22.15		0.098643		
22.2		0.098355		
22.25		0.098069		
22.3		0.097783		
22.35		0.097498		
22.4		0.097213		
22.45		0.09693		
22.5		0.096647		
22.55		0.096365		
22.6		0.096084		
22.65		0.095804		
22.7		0.095525		
22.75		0.095246		
22.8		0.094968		
22.85		0.094691		
22.9		0.094415		
22.95		0.09414		
23		0.093865		
23.05		0.093591		
23.1		0.093318		
23.15		0.093046		
23.2		0.092775		
23.25		0.092504		
23.3		0.092234		
23.35		0.091965		
23.4		0.091696		
23.45		0.091429		
23.5		0.091162		
23.55		0.090896		
23.6		0.09063		
23.65		0.090365		
23.7		0.090101		
23.75		0.089838		
23.8		0.089576		
23.85		0.089314		
23.9		0.089053		
23.95		0.088792		
24		0.088533		
24.05		0.088274		
24.1		0.088015		
24.15		0.087758		
24.2		0.087501		
24.25		0.087245		
24.3		0.086989		
24.35		0.086734		
24.4		0.08648		
24.45		0.086227		
24.5		0.085974		
24.55		0.085722		
24.6		0.085471		
24.65		0.08522		
24.7		0.08497		
24.75		0.08472		
24.8		0.084472		
24.85		0.084224		
24.9		0.083976		
24.95		0.083729		
25		0.083483		
25.05		0.083238		
25.1		0.082993		
25.15		0.082749		
25.2		0.082505		
25.25		0.082262		
25.3		0.08202		
25.35		0.081778		
25.4		0.081537		
25.45		0.081296		
25.5		0.081056		
25.55		0.080817		
25.6		0.080578		
25.65		0.08034		
25.7		0.080103		
25.75		0.079866		
25.8		0.07963		
25.85		0.079394		
25.9		0.079159		
25.95		0.078925		
26		0.078691		
26.05		0.078457		
26.1		0.078225		
26.15		0.077992		
26.2		0.077761		
26.25		0.07753		
26.3		0.077299		
26.35		0.07707		
26.4		0.07684		
26.45		0.076612		
26.5		0.076383		
26.55		0.076156		
26.6		0.075929		
26.65		0.075702		
26.7		0.075476		
26.75		0.075251		
26.8		0.075026		
26.85		0.074802		
26.9		0.074578		
26.95		0.074355		
27		0.074132		
27.05		0.07391		
27.1		0.073688		
27.15		0.073467		
27.2		0.073247		
27.25		0.073027		
27.3		0.072807		
27.35		0.072588		
27.4		0.07237		
27.45		0.072152		
27.5		0.071934		
27.55		0.071717		
27.6		0.071501		
27.65		0.071285		
27.7		0.07107		
27.75		0.070855		
27.8		0.070641		
27.85		0.070427		
27.9		0.070213		
27.95		0.07		
28		0.069788		
28.05		0.069576		
28.1		0.069365		
28.15		0.069154		
28.2		0.068943		
28.25		0.068734		
28.3		0.068524		
28.35		0.068315		
28.4		0.068107		
28.45		0.067899		
28.5		0.067691		
28.55		0.067484		
28.6		0.067278		
28.65		0.067072		
28.7		0.066866		
28.75		0.066661		
28.8		0.066456		
28.85		0.066252		
28.9		0.066048		
28.95		0.065845		
29		0.065642		
29.05		0.06544		
29.1		0.065238		
29.15		0.065036		
29.2		0.064835		
29.25		0.064635		
29.3		0.064435		
29.35		0.064235		
29.4		0.064036		
29.45		0.063837		
29.5		0.063639		
29.55		0.063441		
29.6		0.063244		
29.65		0.063047		
29.7		0.06285		
29.75		0.062654		
29.8		0.062459		
29.85		0.062263		
29.9		0.062069		
29.95		0.061874		
30		0.06168		
30.05		0.061487		
30.1		0.061294		
30.15		0.061101		
30.2		0.060909		
30.25		0.060718		
30.3		0.060526		
30.35		0.060335		
30.4		0.060145		
30.45		0.059955		
30.5		0.059765		
30.55		0.059576		
30.6		0.059387		
30.65		0.059199		
30.7		0.059011		
30.75		0.058824		
30.8		0.058636		
30.85		0.05845		
30.9		0.058264		
30.95		0.058078		
31		0.057892		
31.05		0.057707		
31.1		0.057523		
31.15		0.057338		
31.2		0.057154		
31.25		0.056971		
31.3		0.056788		
31.35		0.056605		
31.4		0.056423		
31.45		0.056241		
31.5		0.05606		
31.55		0.055879		
31.6		0.055698		
31.65		0.055518		
31.7		0.055338		
31.75		0.055159		
31.8		0.05498		
31.85		0.054801		
31.9		0.054623		
31.95		0.054445		
32		0.054268		
32.05		0.054091		
32.1		0.053914		
32.15		0.053738		
32.2		0.053562		
32.25		0.053387		
32.3		0.053211		
32.35		0.053037		
32.4		0.052862		
32.45		0.052688		
32.5		0.052515		
32.55		0.052342		
32.6		0.052169		
32.65		0.051996		
32.7		0.051824		
32.75		0.051653		
32.8		0.051481		
32.85		0.05131		
32.9		0.05114		
32.95		0.05097		
33		0.0508		
33.05		0.050631		
33.1		0.050462		
33.15		0.050293		
33.2		0.050125		
33.25		0.049957		
33.3		0.049789		
33.35		0.049622		
33.4		0.049455		
33.45		0.049289		
33.5		0.049123		
33.55		0.048957		
33.6		0.048792		
33.65		0.048627		
33.7		0.048462		
33.75		0.048298		
33.8		0.048134		
33.85		0.047971		
33.9		0.047807		
33.95		0.047645		
34		0.047482		
34.05		0.04732		
34.1		0.047159		
34.15		0.046997		
34.2		0.046836		
34.25		0.046676		
34.3		0.046516		
34.35		0.046356		
34.4		0.046196		
34.45		0.046037		
34.5		0.045878		
34.55		0.04572		
34.6		0.045562		
34.65		0.045404		
34.7		0.045246		
34.75		0.045089		
34.8		0.044933		
34.85		0.044776		
34.9		0.04462		
34.95		0.044465		
35		0.04431		
35.05		0.044155		
35.1		0.044		
35.15		0.043846		
35.2		0.043692		
35.25		0.043538		
35.3		0.043385		
35.35		0.043232		
35.4		0.04308		
35.45		0.042928		
35.5		0.042776		
35.55		0.042625		
35.6		0.042473		
35.65		0.042323		
35.7		0.042172		
35.75		0.042022		
35.8		0.041872		
35.85		0.041723		
35.9		0.041574		
35.95		0.041425		
36		0.041277		
36.05		0.041129		
36.1		0.040981		
36.15		0.040834		
36.2		0.040687		
36.25		0.04054		
36.3		0.040394		
36.35		0.040248		
36.4		0.040102		
36.45		0.039957		
36.5		0.039812		
36.55		0.039667		
36.6		0.039523		
36.65		0.039379		
36.7		0.039235		
36.75		0.039092		
36.8		0.038949		
36.85		0.038806		
36.9		0.038664		
36.95		0.038522		
37		0.03838		
37.05		0.038239		
37.1		0.038098		
37.15		0.037957		
37.2		0.037817		
37.25		0.037677		
37.3		0.037537		
37.35		0.037398		
37.4		0.037259		
37.45		0.03712		
37.5		0.036982		
37.55		0.036844		
37.6		0.036706		
37.65		0.036569		
37.7		0.036432		
37.75		0.036295		
37.8		0.036159		
37.85		0.036022		
37.9		0.035887		
37.95		0.035751		
38		0.035616		
38.05		0.035481		
38.1		0.035347		
38.15		0.035212		
38.2		0.035079		
38.25		0.034945		
38.3		0.034812		
38.35		0.034679		
38.4		0.034546		
38.45		0.034414		
38.5		0.034282		
38.55		0.03415		
38.6		0.034019		
38.65		0.033888		
38.7		0.033757		
38.75		0.033627		
38.8		0.033497		
38.85		0.033367		
38.9		0.033238		
38.95		0.033108		
39		0.03298		
39.05		0.032851		
39.1		0.032723		
39.15		0.032595		
39.2		0.032467		
39.25		0.03234		
39.3		0.032213		
39.35		0.032086		
39.4		0.03196		
39.45		0.031834		
39.5		0.031708		
39.55		0.031583		
39.6		0.031458		
39.65		0.031333		
39.7		0.031208		
39.75		0.031084		
39.8		0.03096		
39.85		0.030837		
39.9		0.030713		
39.95		0.03059		
40		0.030468		
40.05		0.030345		
40.1		0.030223		
40.15		0.030101		
40.2		0.02998		
40.25		0.029858		
40.3		0.029738		
40.35		0.029617		
40.4		0.029497		
40.45		0.029377		
40.5		0.029257		
40.55		0.029137		
40.6		0.029018		
40.65		0.028899		
40.7		0.028781		
40.75		0.028663		
40.8		0.028545		
40.85		0.028427		
40.9		0.02831		
40.95		0.028193		
41		0.028076		
41.05		0.027959		
41.1		0.027843		
41.15		0.027727		
41.2		0.027612		
41.25		0.027496		
41.3		0.027381		
41.35		0.027266		
41.4		0.027152		
41.45		0.027038		
41.5		0.026924		
41.55		0.02681		
41.6		0.026697		
41.65		0.026584		
41.7		0.026471		
41.75		0.026359		
41.8		0.026246		
41.85		0.026134		
41.9		0.026023		
41.95		0.025911		
42		0.0258		
42.05		0.02569		
42.1		0.025579		
42.15		0.025469		
42.2		0.025359		
42.25		0.025249		
42.3		0.02514		
42.35		0.025031		
42.4		0.024922		
42.45		0.024813		
42.5		0.024705		
42.55		0.024597		
42.6		0.024489		
42.65		0.024382		
42.7		0.024275		
42.75		0.024168		
42.8		0.024061		
42.85		0.023955		
42.9		0.023849		
42.95		0.023743		
43		0.023637		
43.05		0.023532		
43.1		0.023427		
43.15		0.023322		
43.2		0.023217		
43.25		0.023113		
43.3		0.023009		
43.35		0.022906		
43.4		0.022802		
43.45		0.022699		
43.5		0.022596		
43.55		0.022493		
43.6		0.022391		
43.65		0.022289		
43.7		0.022187		
43.75		0.022085		
43.8		0.021984		
43.85		0.021883		
43.9		0.021782		
43.95		0.021682		
44		0.021581		
44.05		0.021481		
44.1		0.021382		
44.15		0.021282		
44.2		0.021183		
44.25		0.021084		
44.3		0.020985		
44.35		0.020886		
44.4		0.020788		
44.45		0.02069		
44.5		0.020592		
44.55		0.020495		
44.6		0.020398		
44.65		0.020301		
44.7		0.020204		
44.75		0.020107		
44.8		0.020011		
44.85		0.019915		
44.9		0.019819		
44.95		0.019724		
45		0.019629		
45.05		0.019534		
45.1		0.019439		
45.15		0.019344		
45.2		0.01925		
45.25		0.019156		
45.3		0.019062		
45.35		0.018969		
45.4		0.018876		
45.45		0.018783		
45.5		0.01869		
45.55		0.018597		
45.6		0.018505		
45.65		0.018413		
45.7		0.018321		
45.75		0.018229		
45.8		0.018138		
45.85		0.018047		
45.9		0.017956		
45.95		0.017865		
46		0.017775		
46.05		0.017685		
46.1		0.017595		
46.15		0.017505		
46.2		0.017416		
46.25		0.017327		
46.3		0.017238		
46.35		0.017149		
46.4		0.01706		
46.45		0.016972		
46.5		0.016884		
46.55		0.016796		
46.6		0.016709		
46.65		0.016621		
46.7		0.016534		
46.75		0.016447		
46.8		0.016361		
46.85		0.016274		
46.9		0.016188		
46.95		0.016102		
47		0.016016		
47.05		0.015931		
47.1		0.015846		
47.15		0.01576		
47.2		0.015676		
47.25		0.015591		
47.3		0.015507		
47.35		0.015422		
47.4		0.015339		
47.45		0.015255		
47.5		0.015171		
47.55		0.015088		
47.6		0.015005		
47.65		0.014922		
47.7		0.01484		
47.75		0.014757		
47.8		0.014675		
47.85		0.014593		
47.9		0.014511		
47.95		0.01443		
48		0.014349		
48.05		0.014267		
48.1		0.014187		
48.15		0.014106		
48.2		0.014026		
48.25		0.013945		
48.3		0.013865		
48.35		0.013786		
48.4		0.013706		
48.45		0.013627		
48.5		0.013548		
48.55		0.013469		
48.6		0.01339		
48.65		0.013311		
48.7		0.013233		
48.75		0.013155		
48.8		0.013077		
48.85		0.013		
48.9		0.012922		
48.95		0.012845		
49		0.012768		
49.05		0.012691		
49.1		0.012614		
49.15		0.012538		
49.2		0.012462		
49.25		0.012386		
49.3		0.01231		
49.35		0.012234		
49.4		0.012159		
49.45		0.012084		
49.5		0.012009		
49.55		0.011934		
49.6		0.011859		
49.65		0.011785		
49.7		0.011711		
49.75		0.011637		
49.8		0.011563		
49.85		0.01149		
49.9		0.011416		
49.95		0.011343		
50		0.01127		
50.05		0.011197		
50.1		0.011125		
50.15		0.011052		
50.2		0.01098		
50.25		0.010908		
50.3		0.010837		
50.35		0.010765		
50.4		0.010694		
50.45		0.010622		
50.5		0.010551		
50.55		0.010481		
50.6		0.01041		
50.65		0.01034		
50.7		0.010269		
50.75		0.010199		
50.8		0.010129		
50.85		0.01006		
50.9		0.0099903		
50.95		0.009921		
51		0.0098519		
51.05		0.009783		
51.1		0.0097143		
51.15		0.0096458		
51.2		0.0095775		
51.25		0.0095093		
51.3		0.0094414		
51.35		0.0093736		
51.4		0.009306		
51.45		0.0092386		
51.5		0.0091714		
51.55		0.0091044		
51.6		0.0090375		
51.65		0.0089709		
51.7		0.0089044		
51.75		0.0088381		
51.8		0.008772		
51.85		0.008706		
51.9		0.0086403		
51.95		0.0085747		
52		0.0085093		
52.05		0.0084441		
52.1		0.0083791		
52.15		0.0083142		
52.2		0.0082496		
52.25		0.0081851		
52.3		0.0081208		
52.35		0.0080566		
52.4		0.0079927		
52.45		0.0079289		
52.5		0.0078653		
52.55		0.0078018		
52.6		0.0077386		
52.65		0.0076755		
52.7		0.0076126		
52.75		0.0075498		
52.8		0.0074873		
52.85		0.0074249		
52.9		0.0073627		
52.95		0.0073006		
53		0.0072387		
53.05		0.007177		
53.1		0.0071155		
53.15		0.0070541		
53.2		0.006993		
53.25		0.0069319		
53.3		0.0068711		
53.35		0.0068104		
53.4		0.0067499		
53.45		0.0066895		
53.5		0.0066293		
53.55		0.0065693		
53.6		0.0065095		
53.65		0.0064498		
53.7		0.0063903		
53.75		0.0063309		
53.8		0.0062717		
53.85		0.0062127		
53.9		0.0061539		
53.95		0.0060952		
54		0.0060366		
54.05		0.0059783		
54.1		0.0059201		
54.15		0.005862		
54.2		0.0058041		
54.25		0.0057464		
54.3		0.0056888		
54.35		0.0056314		
54.4		0.0055742		
54.45		0.0055171		
54.5		0.0054602		
54.55		0.0054034		
54.6		0.0053468		
54.65		0.0052903		
54.7		0.005234		
54.75		0.0051779		
54.8		0.0051219		
54.85		0.0050661		
54.9		0.0050104		
54.95		0.0049549		
55		0.0048995		
55.05		0.0048443		
55.1		0.0047893		
55.15		0.0047344		
55.2		0.0046796		
55.25		0.004625		
55.3		0.0045706		
55.35		0.0045163		
55.4		0.0044622		
55.45		0.0044082		
55.5		0.0043543		
55.55		0.0043007		
55.6		0.0042471		
55.65		0.0041937		
55.7		0.0041405		
55.75		0.0040874		
55.8		0.0040345		
55.85		0.0039817		
55.9		0.003929		
55.95		0.0038765		
56		0.0038242		
56.05		0.003772		
56.1		0.0037199		
56.15		0.003668		
56.2		0.0036162		
56.25		0.0035646		
56.3		0.0035131		
56.35		0.0034618		
56.4		0.0034106		
56.45		0.0033595		
56.5		0.0033086		
56.55		0.0032578		
56.6		0.0032072		
56.65		0.0031567		
56.7		0.0031064		
56.75		0.0030562		
56.8		0.0030061		
56.85		0.0029562		
56.9		0.0029064		
56.95		0.0028568		
57		0.0028073		
57.05		0.0027579		
57.1		0.0027087		
57.15		0.0026596		
57.2		0.0026106		
57.25		0.0025618		
57.3		0.0025131		
57.35		0.0024646		
57.4		0.0024162		
57.45		0.0023679		
57.5		0.0023198		
57.55		0.0022718		
57.6		0.0022239		
57.65		0.0021762		
57.7		0.0021286		
57.75		0.0020811		
57.8		0.0020338		
57.85		0.0019866		
57.9		0.0019395		
57.95		0.0018926		
58		0.0018458		
58.05		0.0017991		
58.1		0.0017525		
58.15		0.0017061		
58.2		0.0016598		
58.25		0.0016137		
58.3		0.0015676		
58.35		0.0015218		
58.4		0.001476		
58.45		0.0014303		
58.5		0.0013848		
58.55		0.0013394		
58.6		0.0012942		
58.65		0.0012491		
58.7		0.0012041		
58.75		0.0011592		
58.8		0.0011144		
58.85		0.0010698		
58.9		0.0010253		
58.95		0.00098092		
59		0.00093666		
59.05		0.00089253		
59.1		0.00084852		
59.15		0.00080464		
59.2		0.00076088		
59.25		0.00071725		
59.3		0.00067373		
59.35		0.00063034		
59.4		0.00058706		
59.45		0.00054391		
59.5		0.00050088		
59.55		0.00045797		
59.6		0.00041518		
59.65		0.00037251		
59.7		0.00032996		
59.75		0.00028753		
59.8		0.00024522		
59.85		0.00020302		
59.9		0.00016095		
59.95		0.00011899		
60		7.7152e-05		
60.05		3.5428e-05		
60.1		-6.175e-06		
60.15		-4.7667e-05		
60.2		-8.9041e-05		
60.25		-0.0001303		
60.3		-0.00017144		
60.35		-0.00021247		
60.4		-0.00025338		
60.45		-0.00029418		
60.5		-0.00033486		
60.55		-0.00037543		
60.6		-0.00041589		
60.65		-0.00045623		
60.7		-0.00049646		
60.75		-0.00053658		
60.8		-0.00057658		
60.85		-0.00061647		
60.9		-0.00065626		
60.95		-0.00069593		
61		-0.00073549		
61.05		-0.00077493		
61.1		-0.00081427		
61.15		-0.0008535		
61.2		-0.00089262		
61.25		-0.00093162		
61.3		-0.00097052		
61.35		-0.0010093		
61.4		-0.001048		
61.45		-0.0010866		
61.5		-0.001125		
61.55		-0.0011634		
61.6		-0.0012016		
61.65		-0.0012398		
61.7		-0.0012778		
61.75		-0.0013158		
61.8		-0.0013536		
61.85		-0.0013913		
61.9		-0.0014289		
61.95		-0.0014664		
62		-0.0015038		
62.05		-0.0015411		
62.1		-0.0015783		
62.15		-0.0016154		
62.2		-0.0016524		
62.25		-0.0016893		
62.3		-0.0017261		
62.35		-0.0017627		
62.4		-0.0017993		
62.45		-0.0018358		
62.5		-0.0018722		
62.55		-0.0019084		
62.6		-0.0019446		
62.65		-0.0019807		
62.7		-0.0020166		
62.75		-0.0020525		
62.8		-0.0020883		
62.85		-0.0021239		
62.9		-0.0021595		
62.95		-0.002195		
63		-0.0022303		
63.05		-0.0022656		
63.1		-0.0023008		
63.15		-0.0023359		
63.2		-0.0023708		
63.25		-0.0024057		
63.3		-0.0024405		
63.35		-0.0024752		
63.4		-0.0025098		
63.45		-0.0025442		
63.5		-0.0025786		
63.55		-0.0026129		
63.6		-0.0026471		
63.65		-0.0026812		
63.7		-0.0027153		
63.75		-0.0027492		
63.8		-0.002783		
63.85		-0.0028167		
63.9		-0.0028503		
63.95		-0.0028839		
64		-0.0029173		
64.05		-0.0029507		
64.1		-0.0029839		
64.15		-0.0030171		
64.2		-0.0030502		
64.25		-0.0030832		
64.3		-0.0031161		
64.35		-0.0031489		
64.4		-0.0031816		
64.45		-0.0032142		
64.5		-0.0032467		
64.55		-0.0032791		
64.6		-0.0033115		
64.65		-0.0033437		
64.7		-0.0033759		
64.75		-0.003408		
64.8		-0.00344		
64.85		-0.0034719		
64.9		-0.0035037		
64.95		-0.0035354		
65		-0.003567		
65.05		-0.0035986		
65.1		-0.00363		
65.15		-0.0036614		
65.2		-0.0036927		
65.25		-0.0037239		
65.3		-0.003755		
65.35		-0.003786		
65.4		-0.0038169		
65.45		-0.0038478		
65.5		-0.0038785		
65.55		-0.0039092		
65.6		-0.0039398		
65.65		-0.0039703		
65.7		-0.0040007		
65.75		-0.0040311		
65.8		-0.0040613		
65.85		-0.0040915		
65.9		-0.0041216		
65.95		-0.0041516		
66		-0.0041815		
66.05		-0.0042113		
66.1		-0.0042411		
66.15		-0.0042708		
66.2		-0.0043003		
66.25		-0.0043298		
66.3		-0.0043593		
66.35		-0.0043886		
66.4		-0.0044179		
66.45		-0.004447		
66.5		-0.0044761		
66.55		-0.0045052		
66.6		-0.0045341		
66.65		-0.004563		
66.7		-0.0045917		
66.75		-0.0046204		
66.8		-0.004649		
66.85		-0.0046776		
66.9		-0.004706		
66.95		-0.0047344		
67		-0.0047627		
67.05		-0.0047909		
67.1		-0.0048191		
67.15		-0.0048472		
67.2		-0.0048751		
67.25		-0.0049031		
67.3		-0.0049309		
67.35		-0.0049586		
67.4		-0.0049863		
67.45		-0.0050139		
67.5		-0.0050415		
67.55		-0.0050689		
67.6		-0.0050963		
67.65		-0.0051236		
67.7		-0.0051508		
67.75		-0.0051779		
67.8		-0.005205		
67.85		-0.005232		
67.9		-0.0052589		
67.95		-0.0052858		
68		-0.0053126		
68.05		-0.0053393		
68.1		-0.0053659		
68.15		-0.0053924		
68.2		-0.0054189		
68.25		-0.0054453		
68.3		-0.0054717		
68.35		-0.0054979		
68.4		-0.0055241		
68.45		-0.0055502		
68.5		-0.0055763		
68.55		-0.0056022		
68.6		-0.0056281		
68.65		-0.005654		
68.7		-0.0056797		
68.75		-0.0057054		
68.8		-0.005731		
68.85		-0.0057566		
68.9		-0.005782		
68.95		-0.0058074		
69		-0.0058328		
69.05		-0.005858		
69.1		-0.0058832		
69.15		-0.0059084		
69.2		-0.0059334		
69.25		-0.0059584		
69.3		-0.0059833		
69.35		-0.0060082		
69.4		-0.0060329		
69.45		-0.0060577		
69.5		-0.0060823		
69.55		-0.0061069		
69.6		-0.0061314		
69.65		-0.0061558		
69.7		-0.0061802		
69.75		-0.0062045		
69.8		-0.0062287		
69.85		-0.0062529		
69.9		-0.006277		
69.95		-0.0063011		
70		-0.006325		
70.05		-0.0063489		
70.1		-0.0063728		
70.15		-0.0063966		
70.2		-0.0064203		
70.25		-0.0064439		
70.3		-0.0064675		
70.35		-0.006491		
70.4		-0.0065145		
70.45		-0.0065378		
70.5		-0.0065612		
70.55		-0.0065844		
70.6		-0.0066076		
70.65		-0.0066307		
70.7		-0.0066538		
70.75		-0.0066768		
70.8		-0.0066997		
70.85		-0.0067226		
70.9		-0.0067454		
70.95		-0.0067682		
71		-0.0067909		
71.05		-0.0068135		
71.1		-0.0068361		
71.15		-0.0068586		
71.2		-0.006881		
71.25		-0.0069034		
71.3		-0.0069257		
71.35		-0.006948		
71.4		-0.0069702		
71.45		-0.0069923		
71.5		-0.0070144		
71.55		-0.0070364		
71.6		-0.0070583		
71.65		-0.0070802		
71.7		-0.0071021		
71.75		-0.0071238		
71.8		-0.0071455		
71.85		-0.0071672		
71.9		-0.0071888		
71.95		-0.0072103		
72		-0.0072318		
72.05		-0.0072532		
72.1		-0.0072746		
72.15		-0.0072959		
72.2		-0.0073171		
72.25		-0.0073383		
72.3		-0.0073594		
72.35		-0.0073805		
72.4		-0.0074015		
72.45		-0.0074224		
72.5		-0.0074433		
72.55		-0.0074642		
72.6		-0.007485		
72.65		-0.0075057		
72.7		-0.0075263		
72.75		-0.007547		
72.8		-0.0075675		
72.85		-0.007588		
72.9		-0.0076084		
72.95		-0.0076288		
73		-0.0076492		
73.05		-0.0076694		
73.1		-0.0076897		
73.15		-0.0077098		
73.2		-0.0077299		
73.25		-0.00775		
73.3		-0.00777		
73.35		-0.0077899		
73.4		-0.0078098		
73.45		-0.0078296		
73.5		-0.0078494		
73.55		-0.0078692		
73.6		-0.0078888		
73.65		-0.0079084		
73.7		-0.007928		
73.75		-0.0079475		
73.8		-0.007967		
73.85		-0.0079864		
73.9		-0.0080057		
73.95		-0.008025		
74		-0.0080443		
74.05		-0.0080635		
74.1		-0.0080826		
74.15		-0.0081017		
74.2		-0.0081208		
74.25		-0.0081397		
74.3		-0.0081587		
74.35		-0.0081776		
74.4		-0.0081964		
74.45		-0.0082152		
74.5		-0.0082339		
74.55		-0.0082526		
74.6		-0.0082712		
74.65		-0.0082898		
74.7		-0.0083083		
74.75		-0.0083268		
74.8		-0.0083452		
74.85		-0.0083636		
74.9		-0.0083819		
74.95		-0.0084002		
75		-0.0084184		
75.05		-0.0084366		
75.1		-0.0084547		
75.15		-0.0084728		
75.2		-0.0084908		
75.25		-0.0085088		
75.3		-0.0085267		
75.35		-0.0085446		
75.4		-0.0085624		
75.45		-0.0085802		
75.5		-0.0085979		
75.55		-0.0086156		
75.6		-0.0086333		
75.65		-0.0086509		
75.7		-0.0086684		
75.75		-0.0086859		
75.8		-0.0087033		
75.85		-0.0087207		
75.9		-0.0087381		
75.95		-0.0087554		
76		-0.0087727		
76.05		-0.0087899		
76.1		-0.008807		
76.15		-0.0088242		
76.2		-0.0088412		
76.25		-0.0088583		
76.3		-0.0088752		
76.35		-0.0088922		
76.4		-0.0089091		
76.45		-0.0089259		
76.5		-0.0089427		
76.55		-0.0089594		
76.6		-0.0089761		
76.65		-0.0089928		
76.7		-0.0090094		
76.75		-0.009026		
76.8		-0.0090425		
76.85		-0.009059		
76.9		-0.0090754		
76.95		-0.0090918		
77		-0.0091082		
77.05		-0.0091245		
77.1		-0.0091407		
77.15		-0.0091569		
77.2		-0.0091731		
77.25		-0.0091892		
77.3		-0.0092053		
77.35		-0.0092213		
77.4		-0.0092373		
77.45		-0.0092533		
77.5		-0.0092692		
77.55		-0.009285		
77.6		-0.0093009		
77.65		-0.0093166		
77.7		-0.0093324		
77.75		-0.0093481		
77.8		-0.0093637		
77.85		-0.0093793		
77.9		-0.0093949		
77.95		-0.0094104		
78		-0.0094259		
78.05		-0.0094413		
78.1		-0.0094567		
78.15		-0.0094721		
78.2		-0.0094874		
78.25		-0.0095027		
78.3		-0.0095179		
78.35		-0.0095331		
78.4		-0.0095482		
78.45		-0.0095633		
78.5		-0.0095784		
78.55		-0.0095934		
78.6		-0.0096084		
78.65		-0.0096234		
78.7		-0.0096383		
78.75		-0.0096531		
78.8		-0.009668		
78.85		-0.0096827		
78.9		-0.0096975		
78.95		-0.0097122		
79		-0.0097269		
79.05		-0.0097415		
79.1		-0.0097561		
79.15		-0.0097706		
79.2		-0.0097851		
79.25		-0.0097996		
79.3		-0.009814		
79.35		-0.0098284		
79.4		-0.0098427		
79.45		-0.009857		
79.5		-0.0098713		
79.55		-0.0098856		
79.6		-0.0098997		
79.65		-0.0099139		
79.7		-0.009928		
79.75		-0.0099421		
79.8		-0.0099561		
79.85		-0.0099701		
79.9		-0.0099841		
79.95		-0.009998		
80		-0.010012		
80.05		-0.010026		
80.1		-0.01004		
80.15		-0.010053		
80.2		-0.010067		
80.25		-0.010081		
80.3		-0.010094		
80.35		-0.010108		
80.4		-0.010122		
80.45		-0.010135		
80.5		-0.010149		
80.55		-0.010162		
80.6		-0.010176		
80.65		-0.010189		
80.7		-0.010202		
80.75		-0.010216		
80.8		-0.010229		
80.85		-0.010242		
80.9		-0.010256		
80.95		-0.010269		
81		-0.010282		
81.05		-0.010295		
81.1		-0.010308		
81.15		-0.010321		
81.2		-0.010334		
81.25		-0.010347		
81.3		-0.01036		
81.35		-0.010373		
81.4		-0.010386		
81.45		-0.010399		
81.5		-0.010412		
81.55		-0.010424		
81.6		-0.010437		
81.65		-0.01045		
81.7		-0.010462		
81.75		-0.010475		
81.8		-0.010488		
81.85		-0.0105		
81.9		-0.010513		
81.95		-0.010525		
82		-0.010538		
82.05		-0.01055		
82.1		-0.010563		
82.15		-0.010575		
82.2		-0.010587		
82.25		-0.0106		
82.3		-0.010612		
82.35		-0.010624		
82.4		-0.010636		
82.45		-0.010648		
82.5		-0.010661		
82.55		-0.010673		
82.6		-0.010685		
82.65		-0.010697		
82.7		-0.010709		
82.75		-0.010721		
82.8		-0.010733		
82.85		-0.010745		
82.9		-0.010756		
82.95		-0.010768		
83		-0.01078		
83.05		-0.010792		
83.1		-0.010804		
83.15		-0.010815		
83.2		-0.010827		
83.25		-0.010839		
83.3		-0.01085		
83.35		-0.010862		
83.4		-0.010873		
83.45		-0.010885		
83.5		-0.010896		
83.55		-0.010908		
83.6		-0.010919		
83.65		-0.010931		
83.7		-0.010942		
83.75		-0.010953		
83.8		-0.010965		
83.85		-0.010976		
83.9		-0.010987		
83.95		-0.010999		
84		-0.01101		
84.05		-0.011021		
84.1		-0.011032		
84.15		-0.011043		
84.2		-0.011054		
84.25		-0.011065		
84.3		-0.011076		
84.35		-0.011087		
84.4		-0.011098		
84.45		-0.011109		
84.5		-0.01112		
84.55		-0.011131		
84.6		-0.011142		
84.65		-0.011152		
84.7		-0.011163		
84.75		-0.011174		
84.8		-0.011185		
84.85		-0.011195		
84.9		-0.011206		
84.95		-0.011217		
85		-0.011227		
85.05		-0.011238		
85.1		-0.011248		
85.15		-0.011259		
85.2		-0.011269		
85.25		-0.01128		
85.3		-0.01129		
85.35		-0.011301		
85.4		-0.011311		
85.45		-0.011321		
85.5		-0.011332		
85.55		-0.011342		
85.6		-0.011352		
85.65		-0.011362		
85.7		-0.011373		
85.75		-0.011383		
85.8		-0.011393		
85.85		-0.011403		
85.9		-0.011413		
85.95		-0.011423		
86		-0.011433		
86.05		-0.011443		
86.1		-0.011453		
86.15		-0.011463		
86.2		-0.011473		
86.25		-0.011483		
86.3		-0.011493		
86.35		-0.011503		
86.4		-0.011513		
86.45		-0.011522		
86.5		-0.011532		
86.55		-0.011542		
86.6		-0.011552		
86.65		-0.011561		
86.7		-0.011571		
86.75		-0.011581		
86.8		-0.01159		
86.85		-0.0116		
86.9		-0.011609		
86.95		-0.011619		
87		-0.011628		
87.05		-0.011638		
87.1		-0.011647		
87.15		-0.011657		
87.2		-0.011666		
87.25		-0.011676		
87.3		-0.011685		
87.35		-0.011694		
87.4		-0.011703		
87.45		-0.011713		
87.5		-0.011722		
87.55		-0.011731		
87.6		-0.01174		
87.65		-0.01175		
87.7		-0.011759		
87.75		-0.011768		
87.8		-0.011777		
87.85		-0.011786		
87.9		-0.011795		
87.95		-0.011804		
88		-0.011813		
88.05		-0.011822		
88.1		-0.011831		
88.15		-0.01184		
88.2		-0.011849		
88.25		-0.011858		
88.3		-0.011867		
88.35		-0.011876		
88.4		-0.011884		
88.45		-0.011893		
88.5		-0.011902		
88.55		-0.011911		
88.6		-0.011919		
88.65		-0.011928		
88.7		-0.011937		
88.75		-0.011945		
88.8		-0.011954		
88.85		-0.011963		
88.9		-0.011971		
88.95		-0.01198		
89		-0.011988		
89.05		-0.011997		
89.1		-0.012005		
89.15		-0.012014		
89.2		-0.012022		
89.25		-0.01203		
89.3		-0.012039		
89.35		-0.012047		
89.4		-0.012056		
89.45		-0.012064		
89.5		-0.012072		
89.55		-0.01208		
89.6		-0.012089		
89.65		-0.012097		
89.7		-0.012105		
89.75		-0.012113		
89.8		-0.012122		
89.85		-0.01213		
89.9		-0.012138		
89.95		-0.012146		
90		-0.012154		
90.05		-0.012162		
90.1		-0.01217		
90.15		-0.012178		
90.2		-0.012186		
90.25		-0.012194		
90.3		-0.012202		
90.35		-0.01221		
90.4		-0.012218		
90.45		-0.012226		
90.5		-0.012233		
90.55		-0.012241		
90.6		-0.012249		
90.65		-0.012257		
90.7		-0.012265		
90.75		-0.012272		
90.8		-0.01228		
90.85		-0.012288		
90.9		-0.012296		
90.95		-0.012303		
91		-0.012311		
91.05		-0.012318		
91.1		-0.012326		
91.15		-0.012334		
91.2		-0.012341		
91.25		-0.012349		
91.3		-0.012356		
91.35		-0.012364		
91.4		-0.012371		
91.45		-0.012379		
91.5		-0.012386		
91.55		-0.012394		
91.6		-0.012401		
91.65		-0.012408		
91.7		-0.012416		
91.75		-0.012423		
91.8		-0.01243		
91.85		-0.012438		
91.9		-0.012445		
91.95		-0.012452		
92		-0.012459		
92.05		-0.012467		
92.1		-0.012474		
92.15		-0.012481		
92.2		-0.012488		
92.25		-0.012495		
92.3		-0.012502		
92.35		-0.012509		
92.4		-0.012517		
92.45		-0.012524		
92.5		-0.012531		
92.55		-0.012538		
92.6		-0.012545		
92.65		-0.012552		
92.7		-0.012559		
92.75		-0.012565		
92.8		-0.012572		
92.85		-0.012579		
92.9		-0.012586		
92.95		-0.012593		
93		-0.0126		
93.05		-0.012607		
93.1		-0.012614		
93.15		-0.01262		
93.2		-0.012627		
93.25		-0.012634		
93.3		-0.012641		
93.35		-0.012647		
93.4		-0.012654		
93.45		-0.012661		
93.5		-0.012667		
93.55		-0.012674		
93.6		-0.012681		
93.65		-0.012687		
93.7		-0.012694		
93.75		-0.0127		
93.8		-0.012707		
93.85		-0.012713		
93.9		-0.01272		
93.95		-0.012726		
94		-0.012733		
94.05		-0.012739		
94.1		-0.012746		
94.15		-0.012752		
94.2		-0.012759		
94.25		-0.012765		
94.3		-0.012771		
94.35		-0.012778		
94.4		-0.012784		
94.45		-0.01279		
94.5		-0.012797		
94.55		-0.012803		
94.6		-0.012809		
94.65		-0.012815		
94.7		-0.012822		
94.75		-0.012828		
94.8		-0.012834		
94.85		-0.01284		
94.9		-0.012846		
94.95		-0.012852		
95		-0.012859		
95.05		-0.012865		
95.1		-0.012871		
95.15		-0.012877		
95.2		-0.012883		
95.25		-0.012889		
95.3		-0.012895		
95.35		-0.012901		
95.4		-0.012907		
95.45		-0.012913		
95.5		-0.012919		
95.55		-0.012925		
95.6		-0.012931		
95.65		-0.012937		
95.7		-0.012943		
95.75		-0.012948		
95.8		-0.012954		
95.85		-0.01296		
95.9		-0.012966		
95.95		-0.012972		
96		-0.012977		
96.05		-0.012983		
96.1		-0.012989		
96.15		-0.012995		
96.2		-0.013		
96.25		-0.013006		
96.3		-0.013012		
96.35		-0.013018		
96.4		-0.013023		
96.45		-0.013029		
96.5		-0.013034		
96.55		-0.01304		
96.6		-0.013046		
96.65		-0.013051		
96.7		-0.013057		
96.75		-0.013062		
96.8		-0.013068		
96.85		-0.013073		
96.9		-0.013079		
96.95		-0.013084		
97		-0.01309		
97.05		-0.013095		
97.1		-0.013101		
97.15		-0.013106		
97.2		-0.013112		
97.25		-0.013117		
97.3		-0.013122		
97.35		-0.013128		
97.4		-0.013133		
97.45		-0.013138		
97.5		-0.013144		
97.55		-0.013149		
97.6		-0.013154		
97.65		-0.013159		
97.7		-0.013165		
97.75		-0.01317		
97.8		-0.013175		
97.85		-0.01318		
97.9		-0.013186		
97.95		-0.013191		
98		-0.013196		
98.05		-0.013201		
98.1		-0.013206		
98.15		-0.013211		
98.2		-0.013216		
98.25		-0.013222		
98.3		-0.013227		
98.35		-0.013232		
98.4		-0.013237		
98.45		-0.013242		
98.5		-0.013247		
98.55		-0.013252		
98.6		-0.013257		
98.65		-0.013262		
98.7		-0.013267		
98.75		-0.013272		
98.8		-0.013276		
98.85		-0.013279		
98.9		-0.013287		
98.95		-0.013291		
99		-0.013296		
99.05		-0.013301		
99.1		-0.013306		
99.15		-0.013311		
99.2		-0.013316		
99.25		-0.01332		
99.3		-0.013325		
99.35		-0.01333		
99.4		-0.013335		
99.45		-0.013339		
99.5		-0.013344		
99.55		-0.013349		
99.6		-0.013354		
99.65		-0.013358		
99.7		-0.013363		
99.75		-0.013368		
99.8		-0.013372		
99.85		-0.013377		
99.9		-0.013382		
99.95		-0.013386		
100		-0.013391		
