t [fm]		Pi [fm^-4]
0.25		15.611
0.3		11.341		
0.35		8.4043		
0.4		6.2994		
0.45		4.7542		
0.5		3.6043		
0.55		2.7421		
0.6		2.0929		
0.65		1.603		
0.7		1.233		
0.75		0.95315		
0.8		0.74124		
0.85		0.58042		
0.9		0.458		
0.95		0.36442		
1		0.29251		
1.05		0.23688		
1.1		0.19354		
1.15		0.15949		
1.2		0.13249		
1.25		0.11089		
1.3		0.093448		
1.35		0.079231		
1.4		0.067538		
1.45		0.057838		
1.5		0.049727		
1.55		0.042893		
1.6		0.037094		
1.65		0.032142		
1.7		0.027887		
1.75		0.024211		
1.8		0.021018		
1.85		0.01823		
1.9		0.015785		
1.95		0.01363		
2		0.011723		
2.05		0.010028		
2.1		0.0085155		
2.15		0.0071599		
2.2		0.00594		
2.25		0.0048381		
2.3		0.0038387		
2.35		0.0029287		
2.4		0.0020969		
2.45		0.0013337		
2.5		0.00063075		
2.55		-1.9098e-05		
2.6		-0.00062207		
2.65		-0.0011836		
2.7		-0.0017083		
2.75		-0.0022004		
2.8		-0.0026633		
2.85		-0.0031003		
2.9		-0.003514		
2.95		-0.0039069		
3		-0.004281		
3.05		-0.0046383		
3.1		-0.0049803		
3.15		-0.0053085		
3.2		-0.0056243		
3.25		-0.0059286		
3.3		-0.0062225		
3.35		-0.006507		
3.4		-0.0067827		
3.45		-0.0070504		
3.5		-0.0073107		
3.55		-0.0075641		
3.6		-0.0078112		
3.65		-0.0080524		
3.7		-0.0082881		
3.75		-0.0085186		
3.8		-0.0087442		
3.85		-0.0089653		
3.9		-0.0091821		
3.95		-0.0093948		
4		-0.0096036		
4.05		-0.0098087		
4.1		-0.01001		
4.15		-0.010208		
4.2		-0.010403		
4.25		-0.010595		
4.3		-0.010784		
4.35		-0.01097		
4.4		-0.011153		
4.45		-0.011334		
4.5		-0.011512		
4.55		-0.011688		
4.6		-0.011861		
4.65		-0.012032		
4.7		-0.012201		
4.75		-0.012368		
4.8		-0.012533		
4.85		-0.012695		
4.9		-0.01285		
4.95		-0.013		
5		-0.013149		
5.05		-0.013296		
5.1		-0.013443		
5.15		-0.013588		
5.2		-0.013732		
5.25		-0.013875		
5.3		-0.014016		
5.35		-0.014155		
5.4		-0.014292		
5.45		-0.014427		
5.5		-0.014561		
5.55		-0.014693		
5.6		-0.014823		
5.65		-0.014952		
5.7		-0.015079		
5.75		-0.015204		
5.8		-0.015327		
5.85		-0.015448		
5.9		-0.015568		
5.95		-0.015686		
6		-0.015803		
6.05		-0.015917		
6.1		-0.016031		
6.15		-0.016142		
6.2		-0.016252		
6.25		-0.01636		
6.3		-0.016467		
6.35		-0.016572		
6.4		-0.016676		
6.45		-0.016778		
6.5		-0.016879		
6.55		-0.016978		
6.6		-0.017076		
6.65		-0.017172		
6.7		-0.017267		
6.75		-0.017361		
6.8		-0.017453		
6.85		-0.017544		
6.9		-0.017633		
6.95		-0.017721		
7		-0.017807		
7.05		-0.017893		
7.1		-0.017977		
7.15		-0.018059		
7.2		-0.018141		
7.25		-0.018221		
7.3		-0.0183		
7.35		-0.018378		
7.4		-0.018454		
7.45		-0.018529		
7.5		-0.018603		
7.55		-0.018676		
7.6		-0.018748		
7.65		-0.018819		
7.7		-0.018888		
7.75		-0.018956		
7.8		-0.019024		
7.85		-0.01909		
7.9		-0.019155		
7.95		-0.019219		
8		-0.019281		
8.05		-0.019343		
8.1		-0.019404		
8.15		-0.019464		
8.2		-0.019523		
8.25		-0.01958		
8.3		-0.019637		
8.35		-0.019693		
8.4		-0.019748		
8.45		-0.019802		
8.5		-0.019855		
8.55		-0.019907		
8.6		-0.019958		
8.65		-0.020008		
8.7		-0.020057		
8.75		-0.020106		
8.8		-0.020153		
8.85		-0.0202		
8.9		-0.020246		
8.95		-0.02029		
9		-0.020335		
9.05		-0.020378		
9.1		-0.02042		
9.15		-0.020462		
9.2		-0.020503		
9.25		-0.020543		
9.3		-0.020582		
9.35		-0.020621		
9.4		-0.020659		
9.45		-0.020696		
9.5		-0.020732		
9.55		-0.020768		
9.6		-0.020802		
9.65		-0.020837		
9.7		-0.02087		
9.75		-0.020903		
9.8		-0.020935		
9.85		-0.020966		
9.9		-0.020997		
9.95		-0.021027		
10		-0.021056		
10.05		-0.021085		
10.1		-0.021113		
10.15		-0.02114		
10.2		-0.021167		
10.25		-0.021193		
10.3		-0.021219		
10.35		-0.021244		
10.4		-0.021269		
10.45		-0.021292		
10.5		-0.021316		
10.55		-0.021338		
10.6		-0.02136		
10.65		-0.021382		
10.7		-0.021403		
10.75		-0.021423		
10.8		-0.021443		
10.85		-0.021463		
10.9		-0.021482		
10.95		-0.0215		
11		-0.021518		
11.05		-0.021535		
11.1		-0.021552		
11.15		-0.021569		
11.2		-0.021584		
11.25		-0.0216		
11.3		-0.021615		
11.35		-0.021629		
11.4		-0.021643		
11.45		-0.021657		
11.5		-0.02167		
11.55		-0.021683		
11.6		-0.021695		
11.65		-0.021707		
11.7		-0.021718		
11.75		-0.021729		
11.8		-0.02174		
11.85		-0.02175		
11.9		-0.02176		
11.95		-0.021769		
12		-0.021778		
12.05		-0.021786		
12.1		-0.021795		
12.15		-0.021802		
12.2		-0.02181		
12.25		-0.021817		
12.3		-0.021824		
12.35		-0.02183		
12.4		-0.021836		
12.45		-0.021842		
12.5		-0.021847		
12.55		-0.021852		
12.6		-0.021857		
12.65		-0.021861		
12.7		-0.021865		
12.75		-0.021869		
12.8		-0.021872		
12.85		-0.021876		
12.9		-0.021878		
12.95		-0.021881		
13		-0.021883		
13.05		-0.021885		
13.1		-0.021887		
13.15		-0.021888		
13.2		-0.021889		
13.25		-0.02189		
13.3		-0.02189		
13.35		-0.021891		
13.4		-0.021891		
13.45		-0.02189		
13.5		-0.02189		
13.55		-0.021889		
13.6		-0.021888		
13.65		-0.021887		
13.7		-0.021885		
13.75		-0.021884		
13.8		-0.021882		
13.85		-0.02188		
13.9		-0.021877		
13.95		-0.021875		
14		-0.021872		
14.05		-0.021869		
14.1		-0.021866		
14.15		-0.021863		
14.2		-0.021859		
14.25		-0.021855		
14.3		-0.021851		
14.35		-0.021847		
14.4		-0.021843		
14.45		-0.021838		
14.5		-0.021833		
14.55		-0.021829		
14.6		-0.021824		
14.65		-0.021818		
14.7		-0.021813		
14.75		-0.021807		
14.8		-0.021802		
14.85		-0.021796		
14.9		-0.02179		
14.95		-0.021784		
15		-0.021778		
15.05		-0.021771		
15.1		-0.021765		
15.15		-0.021758		
15.2		-0.021751		
15.25		-0.021744		
15.3		-0.021737		
15.35		-0.02173		
15.4		-0.021722		
15.45		-0.021715		
15.5		-0.021707		
15.55		-0.0217		
15.6		-0.021692		
15.65		-0.021684		
15.7		-0.021676		
15.75		-0.021668		
15.8		-0.02166		
15.85		-0.021651		
15.9		-0.021643		
15.95		-0.021635		
16		-0.021626		
16.05		-0.021617		
16.1		-0.021609		
16.15		-0.0216		
16.2		-0.021591		
16.25		-0.021582		
16.3		-0.021573		
16.35		-0.021564		
16.4		-0.021555		
16.45		-0.021545		
16.5		-0.021536		
16.55		-0.021527		
16.6		-0.021517		
16.65		-0.021508		
16.7		-0.021498		
16.75		-0.021489		
16.8		-0.021479		
16.85		-0.021469		
16.9		-0.021459		
16.95		-0.02145		
17		-0.02144		
17.05		-0.02143		
17.1		-0.02142		
17.15		-0.02141		
17.2		-0.0214		
17.25		-0.02139		
17.3		-0.02138		
17.35		-0.02137		
17.4		-0.02136		
17.45		-0.02135		
17.5		-0.02134		
17.55		-0.021329		
17.6		-0.021319		
17.65		-0.021309		
17.7		-0.021299		
17.75		-0.021288		
17.8		-0.021278		
17.85		-0.021268		
17.9		-0.021258		
17.95		-0.021247		
18		-0.021237		
18.05		-0.021227		
18.1		-0.021217		
18.15		-0.021206		
18.2		-0.021196		
18.25		-0.021186		
18.3		-0.021176		
18.35		-0.021165		
18.4		-0.021155		
18.45		-0.021145		
18.5		-0.021135		
18.55		-0.021124		
18.6		-0.021114		
18.65		-0.021104		
18.7		-0.021094		
18.75		-0.021084		
18.8		-0.021074		
18.85		-0.021064		
18.9		-0.021053		
18.95		-0.021043		
19		-0.021033		
19.05		-0.021023		
19.1		-0.021014		
19.15		-0.021004		
19.2		-0.020994		
19.25		-0.020984		
19.3		-0.020974		
19.35		-0.020964		
19.4		-0.020955		
19.45		-0.020945		
19.5		-0.020935		
19.55		-0.020926		
19.6		-0.020916		
19.65		-0.020906		
19.7		-0.020897		
19.75		-0.020888		
19.8		-0.020878		
19.85		-0.020869		
19.9		-0.020859		
19.95		-0.02085		
20		-0.020841		
20.05		-0.020832		
20.1		-0.020823		
20.15		-0.020814		
20.2		-0.020805		
20.25		-0.020796		
20.3		-0.020787		
20.35		-0.020778		
20.4		-0.02077		
20.45		-0.020761		
20.5		-0.020752		
20.55		-0.020744		
20.6		-0.020735		
20.65		-0.020727		
20.7		-0.020719		
20.75		-0.02071		
20.8		-0.020702		
20.85		-0.020694		
20.9		-0.020686		
20.95		-0.020678		
21		-0.02067		
21.05		-0.020662		
21.1		-0.020655		
21.15		-0.020647		
21.2		-0.020639		
21.25		-0.020632		
21.3		-0.020624		
21.35		-0.020617		
21.4		-0.02061		
21.45		-0.020603		
21.5		-0.020596		
21.55		-0.020589		
21.6		-0.020582		
21.65		-0.020575		
21.7		-0.020568		
21.75		-0.020561		
21.8		-0.020555		
21.85		-0.020548		
21.9		-0.020542		
21.95		-0.020535		
22		-0.020529		
22.05		-0.020523		
22.1		-0.020517		
22.15		-0.020511		
22.2		-0.020505		
22.25		-0.020499		
22.3		-0.020493		
22.35		-0.020488		
22.4		-0.020482		
22.45		-0.020477		
22.5		-0.020472		
22.55		-0.020466		
22.6		-0.020461		
22.65		-0.020456		
22.7		-0.020451		
22.75		-0.020446		
22.8		-0.020442		
22.85		-0.020437		
22.9		-0.020432		
22.95		-0.020428		
23		-0.020424		
23.05		-0.020419		
23.1		-0.020415		
23.15		-0.020411		
23.2		-0.020407		
23.25		-0.020403		
23.3		-0.0204		
23.35		-0.020396		
23.4		-0.020392		
23.45		-0.020389		
23.5		-0.020386		
23.55		-0.020382		
23.6		-0.020379		
23.65		-0.020376		
23.7		-0.020373		
23.75		-0.02037		
23.8		-0.020368		
23.85		-0.020365		
23.9		-0.020363		
23.95		-0.02036		
24		-0.020358		
24.05		-0.020356		
24.1		-0.020354		
24.15		-0.020352		
24.2		-0.02035		
24.25		-0.020348		
24.3		-0.020346		
24.35		-0.020345		
24.4		-0.020343		
24.45		-0.020342		
24.5		-0.020341		
24.55		-0.020339		
24.6		-0.020338		
24.65		-0.020337		
24.7		-0.020337		
24.75		-0.020336		
24.8		-0.020335		
24.85		-0.020335		
24.9		-0.020334		
24.95		-0.020334		
25		-0.020334		
25.05		-0.020334		
25.1		-0.020334		
25.15		-0.020334		
25.2		-0.020334		
25.25		-0.020334		
25.3		-0.020335		
25.35		-0.020335		
25.4		-0.020336		
25.45		-0.020337		
25.5		-0.020338		
25.55		-0.020339		
25.6		-0.02034		
25.65		-0.020341		
25.7		-0.020342		
25.75		-0.020343		
25.8		-0.020345		
25.85		-0.020346		
25.9		-0.020348		
25.95		-0.02035		
26		-0.020352		
26.05		-0.020354		
26.1		-0.020356		
26.15		-0.020358		
26.2		-0.02036		
26.25		-0.020363		
26.3		-0.020365		
26.35		-0.020368		
26.4		-0.02037		
26.45		-0.020373		
26.5		-0.020376		
26.55		-0.020379		
26.6		-0.020382		
26.65		-0.020385		
26.7		-0.020388		
26.75		-0.020392		
26.8		-0.020395		
26.85		-0.020399		
26.9		-0.020402		
26.95		-0.020406		
27		-0.02041		
27.05		-0.020414		
27.1		-0.020418		
27.15		-0.020422		
27.2		-0.020426		
27.25		-0.02043		
27.3		-0.020435		
27.35		-0.020439		
27.4		-0.020444		
27.45		-0.020449		
27.5		-0.020453		
27.55		-0.020458		
27.6		-0.020463		
27.65		-0.020468		
27.7		-0.020473		
27.75		-0.020478		
27.8		-0.020484		
27.85		-0.020489		
27.9		-0.020494		
27.95		-0.0205		
28		-0.020506		
28.05		-0.020511		
28.1		-0.020517		
28.15		-0.020523		
28.2		-0.020529		
28.25		-0.020535		
28.3		-0.020541		
28.35		-0.020547		
28.4		-0.020553		
28.45		-0.02056		
28.5		-0.020566		
28.55		-0.020573		
28.6		-0.020579		
28.65		-0.020586		
28.7		-0.020593		
28.75		-0.020599		
28.8		-0.020606		
28.85		-0.020613		
28.9		-0.02062		
28.95		-0.020627		
29		-0.020634		
29.05		-0.020642		
29.1		-0.02065		
29.15		-0.020657		
29.2		-0.020665		
29.25		-0.020672		
29.3		-0.020678		
29.35		-0.020684		
29.4		-0.02069		
29.45		-0.020696		
29.5		-0.020701		
29.55		-0.020706		
29.6		-0.020711		
29.65		-0.020715		
29.7		-0.020719		
29.75		-0.020723		
29.8		-0.020726		
29.85		-0.020729		
29.9		-0.020731		
29.95		-0.020734		
30		-0.020736		
30.05		-0.020738		
30.1		-0.020739		
30.15		-0.02074		
30.2		-0.020741		
30.25		-0.020742		
30.3		-0.020742		
30.35		-0.020742		
30.4		-0.020741		
30.45		-0.020741		
30.5		-0.02074		
30.55		-0.020739		
30.6		-0.020737		
30.65		-0.020736		
30.7		-0.020734		
30.75		-0.020732		
30.8		-0.020729		
30.85		-0.020726		
30.9		-0.020723		
30.95		-0.02072		
31		-0.020716		
31.05		-0.020713		
31.1		-0.020709		
31.15		-0.020704		
31.2		-0.0207		
31.25		-0.020695		
31.3		-0.02069		
31.35		-0.020685		
31.4		-0.020679		
31.45		-0.020674		
31.5		-0.020668		
31.55		-0.020662		
31.6		-0.020655		
31.65		-0.020648		
31.7		-0.020642		
31.75		-0.020635		
31.8		-0.020627		
31.85		-0.02062		
31.9		-0.020612		
31.95		-0.020604		
32		-0.020596		
32.05		-0.020588		
32.1		-0.020579		
32.15		-0.02057		
32.2		-0.020561		
32.25		-0.020552		
32.3		-0.020543		
32.35		-0.020533		
32.4		-0.020524		
32.45		-0.020514		
32.5		-0.020503		
32.55		-0.020493		
32.6		-0.020483		
32.65		-0.020472		
32.7		-0.020461		
32.75		-0.02045		
32.8		-0.020439		
32.85		-0.020427		
32.9		-0.020416		
32.95		-0.020404		
33		-0.020392		
33.05		-0.02038		
33.1		-0.020368		
33.15		-0.020355		
33.2		-0.020343		
33.25		-0.02033		
33.3		-0.020317		
33.35		-0.020304		
33.4		-0.020291		
33.45		-0.020277		
33.5		-0.020264		
33.55		-0.02025		
33.6		-0.020236		
33.65		-0.020222		
33.7		-0.020208		
33.75		-0.020194		
33.8		-0.020179		
33.85		-0.020165		
33.9		-0.02015		
33.95		-0.020135		
34		-0.02012		
34.05		-0.020105		
34.1		-0.02009		
34.15		-0.020074		
34.2		-0.020059		
34.25		-0.020043		
34.3		-0.020027		
34.35		-0.020011		
34.4		-0.019995		
34.45		-0.019979		
34.5		-0.019963		
34.55		-0.019946		
34.6		-0.019929		
34.65		-0.019913		
34.7		-0.019896		
34.75		-0.019879		
34.8		-0.019862		
34.85		-0.019845		
34.9		-0.019827		
34.95		-0.01981		
35		-0.019793		
35.05		-0.019775		
35.1		-0.019757		
35.15		-0.019739		
35.2		-0.019721		
35.25		-0.019703		
35.3		-0.019685		
35.35		-0.019667		
35.4		-0.019649		
35.45		-0.01963		
35.5		-0.019612		
35.55		-0.019593		
35.6		-0.019574		
35.65		-0.019555		
35.7		-0.019536		
35.75		-0.019517		
35.8		-0.019498		
35.85		-0.019479		
35.9		-0.01946		
35.95		-0.01944		
36		-0.019421		
36.05		-0.019401		
36.1		-0.019381		
36.15		-0.019362		
36.2		-0.019342		
36.25		-0.019322		
36.3		-0.019302		
36.35		-0.019282		
36.4		-0.019262		
36.45		-0.019241		
36.5		-0.019221		
36.55		-0.019201		
36.6		-0.01918		
36.65		-0.01916		
36.7		-0.019139		
36.75		-0.019118		
36.8		-0.019097		
36.85		-0.019077		
36.9		-0.019056		
36.95		-0.019035		
37		-0.019014		
37.05		-0.018992		
37.1		-0.018971		
37.15		-0.01895		
37.2		-0.018929		
37.25		-0.018907		
37.3		-0.018886		
37.35		-0.018864		
37.4		-0.018843		
37.45		-0.018821		
37.5		-0.018799		
37.55		-0.018778		
37.6		-0.018756		
37.65		-0.018734		
37.7		-0.018712		
37.75		-0.01869		
37.8		-0.018668		
37.85		-0.018646		
37.9		-0.018624		
37.95		-0.018602		
38		-0.01858		
38.05		-0.018557		
38.1		-0.018535		
38.15		-0.018513		
38.2		-0.01849		
38.25		-0.018468		
38.3		-0.018445		
38.35		-0.018423		
38.4		-0.0184		
38.45		-0.018377		
38.5		-0.018355		
38.55		-0.018332		
38.6		-0.018309		
38.65		-0.018286		
38.7		-0.018263		
38.75		-0.01824		
38.8		-0.018217		
38.85		-0.018194		
38.9		-0.018171		
38.95		-0.018148		
39		-0.018125		
39.05		-0.018102		
39.1		-0.018079		
39.15		-0.018056		
39.2		-0.018033		
39.25		-0.018009		
39.3		-0.017986		
39.35		-0.017963		
39.4		-0.017939		
39.45		-0.017916		
39.5		-0.017892		
39.55		-0.017869		
39.6		-0.017846		
39.65		-0.017822		
39.7		-0.017798		
39.75		-0.017775		
39.8		-0.017751		
39.85		-0.017728		
39.9		-0.017704		
39.95		-0.01768		
40		-0.017657		
40.05		-0.017633		
40.1		-0.017609		
40.15		-0.017585		
40.2		-0.017562		
40.25		-0.017538		
40.3		-0.017514		
40.35		-0.01749		
40.4		-0.017466		
40.45		-0.017442		
40.5		-0.017419		
40.55		-0.017395		
40.6		-0.017371		
40.65		-0.017347		
40.7		-0.017323		
40.75		-0.017299		
40.8		-0.017275		
40.85		-0.017251		
40.9		-0.017227		
40.95		-0.017203		
41		-0.017179		
41.05		-0.017155		
41.1		-0.01713		
41.15		-0.017106		
41.2		-0.017082		
41.25		-0.017058		
41.3		-0.017034		
41.35		-0.01701		
41.4		-0.016986		
41.45		-0.016962		
41.5		-0.016937		
41.55		-0.016913		
41.6		-0.016889		
41.65		-0.016865		
41.7		-0.016841		
41.75		-0.016816		
41.8		-0.016792		
41.85		-0.016768		
41.9		-0.016742		
41.95		-0.016714		
42		-0.016685		
42.05		-0.016653		
42.1		-0.01662		
42.15		-0.016584		
42.2		-0.016547		
42.25		-0.016508		
42.3		-0.016468		
42.35		-0.016426		
42.4		-0.016382		
42.45		-0.016337		
42.5		-0.01629		
42.55		-0.016242		
42.6		-0.016192		
42.65		-0.016141		
42.7		-0.016088		
42.75		-0.016034		
42.8		-0.015979		
42.85		-0.015923		
42.9		-0.015866		
42.95		-0.015807		
43		-0.015748		
43.05		-0.015687		
43.1		-0.015625		
43.15		-0.015563		
43.2		-0.015499		
43.25		-0.015435		
43.3		-0.01537		
43.35		-0.015304		
43.4		-0.015237		
43.45		-0.01517		
43.5		-0.015102		
43.55		-0.015033		
43.6		-0.014963		
43.65		-0.014893		
43.7		-0.014823		
43.75		-0.014752		
43.8		-0.01468		
43.85		-0.014609		
43.9		-0.014536		
43.95		-0.014463		
44		-0.01439		
44.05		-0.014317		
44.1		-0.014243		
44.15		-0.014169		
44.2		-0.014094		
44.25		-0.014019		
44.3		-0.013944		
44.35		-0.013869		
44.4		-0.013794		
44.45		-0.013718		
44.5		-0.013643		
44.55		-0.013567		
44.6		-0.013491		
44.65		-0.013415		
44.7		-0.013338		
44.75		-0.013262		
44.8		-0.013186		
44.85		-0.013109		
44.9		-0.013033		
44.95		-0.012956		
45		-0.012879		
45.05		-0.012803		
45.1		-0.012726		
45.15		-0.01265		
45.2		-0.012573		
45.25		-0.012497		
45.3		-0.01242		
45.35		-0.012344		
45.4		-0.012268		
45.45		-0.012192		
45.5		-0.012115		
45.55		-0.012039		
45.6		-0.011964		
45.65		-0.011888		
45.7		-0.011812		
45.75		-0.011737		
45.8		-0.011661		
45.85		-0.011586		
45.9		-0.011511		
45.95		-0.011436		
46		-0.011361		
46.05		-0.011286		
46.1		-0.011212		
46.15		-0.011138		
46.2		-0.011064		
46.25		-0.01099		
46.3		-0.010916		
46.35		-0.010843		
46.4		-0.01077		
46.45		-0.010697		
46.5		-0.010624		
46.55		-0.010552		
46.6		-0.010479		
46.65		-0.010407		
46.7		-0.010335		
46.75		-0.010264		
46.8		-0.010193		
46.85		-0.010122		
46.9		-0.010051		
46.95		-0.0099804		
47		-0.0099101		
47.05		-0.0098402		
47.1		-0.0097706		
47.15		-0.0097012		
47.2		-0.0096321		
47.25		-0.0095633		
47.3		-0.0094948		
47.35		-0.0094266		
47.4		-0.0093587		
47.45		-0.0092911		
47.5		-0.0092238		
47.55		-0.0091569		
47.6		-0.0090902		
47.65		-0.0090238		
47.7		-0.0089578		
47.75		-0.0088921		
47.8		-0.0088267		
47.85		-0.0087616		
47.9		-0.0086969		
47.95		-0.0086325		
48		-0.0085684		
48.05		-0.0085047		
48.1		-0.0084413		
48.15		-0.0083782		
48.2		-0.0083155		
48.25		-0.0082531		
48.3		-0.0081911		
48.35		-0.0081294		
48.4		-0.008068		
48.45		-0.008007		
48.5		-0.0079464		
48.55		-0.0078861		
48.6		-0.0078261		
48.65		-0.0077665		
48.7		-0.0077073		
48.75		-0.0076484		
48.8		-0.0075899		
48.85		-0.0075317		
48.9		-0.0074739		
48.95		-0.0074164		
49		-0.0073593		
49.05		-0.0073026		
49.1		-0.0072462		
49.15		-0.0071902		
49.2		-0.0071345		
49.25		-0.0070792		
49.3		-0.0070243		
49.35		-0.0069698		
49.4		-0.0069156		
49.45		-0.0068617		
49.5		-0.0068082		
49.55		-0.0067551		
49.6		-0.0067024		
49.65		-0.00665		
49.7		-0.006598		
49.75		-0.0065464		
49.8		-0.0064951		
49.85		-0.0064442		
49.9		-0.0063936		
49.95		-0.0063434		
50		-0.0062936		
50.05		-0.0062441		
50.1		-0.006195		
50.15		-0.0061463		
50.2		-0.0060979		
50.25		-0.0060499		
50.3		-0.0060022		
50.35		-0.0059549		
50.4		-0.0059079		
50.45		-0.0058614		
50.5		-0.0058151		
50.55		-0.0057693		
50.6		-0.0057238		
50.65		-0.0056786		
50.7		-0.0056338		
50.75		-0.0055893		
50.8		-0.0055452		
50.85		-0.0055015		
50.9		-0.0054581		
50.95		-0.005415		
51		-0.0053723		
51.05		-0.00533		
51.1		-0.005288		
51.15		-0.0052463		
51.2		-0.005205		
51.25		-0.005164		
51.3		-0.0051234		
51.35		-0.0050831		
51.4		-0.0050431		
51.45		-0.0050035		
51.5		-0.0049642		
51.55		-0.0049252		
51.6		-0.0048866		
51.65		-0.0048483		
51.7		-0.0048103		
51.75		-0.0047727		
51.8		-0.0047354		
51.85		-0.0046984		
51.9		-0.0046617		
51.95		-0.0046254		
52		-0.0045893		
52.05		-0.0045536		
52.1		-0.0045182		
52.15		-0.0044831		
52.2		-0.0044484		
52.25		-0.0044139		
52.3		-0.0043798		
52.35		-0.0043459		
52.4		-0.0043124		
52.45		-0.0042792		
52.5		-0.0042462		
52.55		-0.0042136		
52.6		-0.0041813		
52.65		-0.0041492		
52.7		-0.0041175		
52.75		-0.004086		
52.8		-0.0040549		
52.85		-0.004024		
52.9		-0.0039934		
52.95		-0.0039631		
53		-0.0039331		
53.05		-0.0039034		
53.1		-0.0038739		
53.15		-0.0038447		
53.2		-0.0038158		
53.25		-0.0037872		
53.3		-0.0037588		
53.35		-0.0037307		
53.4		-0.0037029		
53.45		-0.0036753		
53.5		-0.003648		
53.55		-0.003621		
53.6		-0.0035942		
53.65		-0.0035677		
53.7		-0.0035414		
53.75		-0.0035154		
53.8		-0.0034896		
53.85		-0.0034641		
53.9		-0.0034389		
53.95		-0.0034138		
54		-0.0033891		
54.05		-0.0033645		
54.1		-0.0033402		
54.15		-0.0033162		
54.2		-0.0032923		
54.25		-0.0032687		
54.3		-0.0032454		
54.35		-0.0032222		
54.4		-0.0031993		
54.45		-0.0031767		
54.5		-0.0031542		
54.55		-0.003132		
54.6		-0.0031099		
54.65		-0.0030881		
54.7		-0.0030665		
54.75		-0.0030452		
54.8		-0.003024		
54.85		-0.0030031		
54.9		-0.0029823		
54.95		-0.0029618		
55		-0.0029414		
55.05		-0.0029213		
55.1		-0.0029014		
55.15		-0.0028816		
55.2		-0.0028621		
55.25		-0.0028427		
55.3		-0.0028236		
55.35		-0.0028046		
55.4		-0.0027858		
55.45		-0.0027673		
55.5		-0.0027488		
55.55		-0.0027306		
55.6		-0.0027126		
55.65		-0.0026947		
55.7		-0.002677		
55.75		-0.0026595		
55.8		-0.0026422		
55.85		-0.002625		
55.9		-0.0026081		
55.95		-0.0025912		
56		-0.0025746		
56.05		-0.0025581		
56.1		-0.0025418		
56.15		-0.0025256		
56.2		-0.0025096		
56.25		-0.0024938		
56.3		-0.0024781		
56.35		-0.0024625		
56.4		-0.0024472		
56.45		-0.0024319		
56.5		-0.0024169		
56.55		-0.0024019		
56.6		-0.0023872		
56.65		-0.0023725		
56.7		-0.002358		
56.75		-0.0023437		
56.8		-0.0023295		
56.85		-0.0023154		
56.9		-0.0023015		
56.95		-0.0022877		
57		-0.0022741		
57.05		-0.0022605		
57.1		-0.0022472		
57.15		-0.0022339		
57.2		-0.0022208		
57.25		-0.0022078		
57.3		-0.0021949		
57.35		-0.0021822		
57.4		-0.0021695		
57.45		-0.002157		
57.5		-0.0021446		
57.55		-0.0021324		
57.6		-0.0021202		
57.65		-0.0021082		
57.7		-0.0020963		
57.75		-0.0020845		
57.8		-0.0020728		
57.85		-0.0020612		
57.9		-0.0020498		
57.95		-0.0020384		
58		-0.0020272		
58.05		-0.0020161		
58.1		-0.002005		
58.15		-0.0019941		
58.2		-0.0019833		
58.25		-0.0019726		
58.3		-0.0019619		
58.35		-0.0019514		
58.4		-0.001941		
58.45		-0.0019307		
58.5		-0.0019204		
58.55		-0.0019103		
58.6		-0.0019003		
58.65		-0.0018903		
58.7		-0.0018805		
58.75		-0.0018707		
58.8		-0.001861		
58.85		-0.0018515		
58.9		-0.001842		
58.95		-0.0018326		
59		-0.0018232		
59.05		-0.001814		
59.1		-0.0018048		
59.15		-0.0017958		
59.2		-0.0017868		
59.25		-0.0017779		
59.3		-0.0017691		
59.35		-0.0017603		
59.4		-0.0017516		
59.45		-0.0017431		
59.5		-0.0017345		
59.55		-0.0017261		
59.6		-0.0017177		
59.65		-0.0017094		
59.7		-0.0017012		
59.75		-0.0016931		
59.8		-0.001685		
59.85		-0.001677		
59.9		-0.0016691		
59.95		-0.0016612		
60		-0.0016534		
60.05		-0.0016457		
60.1		-0.001638		
60.15		-0.0016304		
60.2		-0.0016229		
60.25		-0.0016154		
60.3		-0.001608		
60.35		-0.0016007		
60.4		-0.0015934		
60.45		-0.0015862		
60.5		-0.001579		
60.55		-0.001572		
60.6		-0.0015649		
60.65		-0.0015579		
60.7		-0.001551		
60.75		-0.0015442		
60.8		-0.0015374		
60.85		-0.0015306		
60.9		-0.0015239		
60.95		-0.0015173		
61		-0.0015107		
61.05		-0.0015042		
61.1		-0.0014977		
61.15		-0.0014913		
61.2		-0.0014849		
61.25		-0.0014786		
61.3		-0.0014723		
61.35		-0.0014661		
61.4		-0.0014599		
61.45		-0.0014538		
61.5		-0.0014477		
61.55		-0.0014417		
61.6		-0.0014357		
61.65		-0.0014298		
61.7		-0.0014239		
61.75		-0.0014181		
61.8		-0.0014123		
61.85		-0.0014065		
61.9		-0.0014008		
61.95		-0.0013952		
62		-0.0013896		
62.05		-0.001384		
62.1		-0.0013785		
62.15		-0.001373		
62.2		-0.0013675		
62.25		-0.0013621		
62.3		-0.0013568		
62.35		-0.0013515		
62.4		-0.0013462		
62.45		-0.0013409		
62.5		-0.0013357		
62.55		-0.0013306		
62.6		-0.0013254		
62.65		-0.0013203		
62.7		-0.0013153		
62.75		-0.0013103		
62.8		-0.0013053		
62.85		-0.0013003		
62.9		-0.0012954		
62.95		-0.0012906		
63		-0.0012857		
63.05		-0.0012809		
63.1		-0.0012762		
63.15		-0.0012714		
63.2		-0.0012667		
63.25		-0.0012621		
63.3		-0.0012574		
63.35		-0.0012528		
63.4		-0.0012483		
63.45		-0.0012437		
63.5		-0.0012392		
63.55		-0.0012348		
63.6		-0.0012303		
63.65		-0.0012259		
63.7		-0.0012215		
63.75		-0.0012172		
63.8		-0.0012128		
63.85		-0.0012086		
63.9		-0.0012043		
63.95		-0.0012001		
64		-0.0011959		
64.05		-0.0011917		
64.1		-0.0011875		
64.15		-0.0011834		
64.2		-0.0011793		
64.25		-0.0011753		
64.3		-0.0011712		
64.35		-0.0011672		
64.4		-0.0011632		
64.45		-0.0011593		
64.5		-0.0011553		
64.55		-0.0011514		
64.6		-0.0011475		
64.65		-0.0011437		
64.7		-0.0011398		
64.75		-0.001136		
64.8		-0.0011323		
64.85		-0.0011285		
64.9		-0.0011248		
64.95		-0.0011211		
65		-0.0011174		
65.05		-0.0011137		
65.1		-0.0011101		
65.15		-0.0011064		
65.2		-0.0011029		
65.25		-0.0010993		
65.3		-0.0010957		
65.35		-0.0010922		
65.4		-0.0010887		
65.45		-0.0010852		
65.5		-0.0010818		
65.55		-0.0010783		
65.6		-0.0010749		
65.65		-0.0010715		
65.7		-0.0010681		
65.75		-0.0010648		
65.8		-0.0010614		
65.85		-0.0010581		
65.9		-0.0010548		
65.95		-0.0010515		
66		-0.0010483		
66.05		-0.001045		
66.1		-0.0010418		
66.15		-0.0010386		
66.2		-0.0010354		
66.25		-0.0010323		
66.3		-0.0010291		
66.35		-0.001026		
66.4		-0.0010229		
66.45		-0.0010198		
66.5		-0.0010167		
66.55		-0.0010137		
66.6		-0.0010107		
66.65		-0.0010076		
66.7		-0.0010046		
66.75		-0.0010017		
66.8		-0.00099869		
66.85		-0.00099574		
66.9		-0.00099281		
66.95		-0.00098989		
67		-0.00098699		
67.05		-0.00098411		
67.1		-0.00098124		
67.15		-0.00097839		
67.2		-0.00097556		
67.25		-0.00097274		
67.3		-0.00096994		
67.35		-0.00096716		
67.4		-0.00096438		
67.45		-0.00096163		
67.5		-0.00095889		
67.55		-0.00095616		
67.6		-0.00095345		
67.65		-0.00095076		
67.7		-0.00094808		
67.75		-0.00094541		
67.8		-0.00094276		
67.85		-0.00094012		
67.9		-0.0009375		
67.95		-0.00093489		
68		-0.0009323		
68.05		-0.00092972		
68.1		-0.00092715		
68.15		-0.0009246		
68.2		-0.00092206		
68.25		-0.00091953		
68.3		-0.00091702		
68.35		-0.00091452		
68.4		-0.00091203		
68.45		-0.00090956		
68.5		-0.0009071		
68.55		-0.00090465		
68.6		-0.00090222		
68.65		-0.0008998		
68.7		-0.00089739		
68.75		-0.00089499		
68.8		-0.00089261		
68.85		-0.00089023		
68.9		-0.00088788		
68.95		-0.00088553		
69		-0.00088319		
69.05		-0.00088087		
69.1		-0.00087856		
69.15		-0.00087626		
69.2		-0.00087397		
69.25		-0.00087169		
69.3		-0.00086943		
69.35		-0.00086717		
69.4		-0.00086493		
69.45		-0.0008627		
69.5		-0.00086048		
69.55		-0.00085827		
69.6		-0.00085607		
69.65		-0.00085389		
69.7		-0.00085171		
69.75		-0.00084954		
69.8		-0.00084739		
69.85		-0.00084524		
69.9		-0.00084311		
69.95		-0.00084099		
70		-0.00083888		
70.05		-0.00083677		
70.1		-0.00083468		
70.15		-0.0008326		
70.2		-0.00083053		
70.25		-0.00082846		
70.3		-0.00082641		
70.35		-0.00082437		
70.4		-0.00082234		
70.45		-0.00082031		
70.5		-0.0008183		
70.55		-0.0008163		
70.6		-0.0008143		
70.65		-0.00081232		
70.7		-0.00081035		
70.75		-0.00080838		
70.8		-0.00080642		
70.85		-0.00080448		
70.9		-0.00080254		
70.95		-0.00080061		
71		-0.00079869		
71.05		-0.00079678		
71.1		-0.00079488		
71.15		-0.00079298		
71.2		-0.0007911		
71.25		-0.00078922		
71.3		-0.00078735		
71.35		-0.0007855		
71.4		-0.00078365		
71.45		-0.0007818		
71.5		-0.00077997		
71.55		-0.00077815		
71.6		-0.00077633		
71.65		-0.00077452		
71.7		-0.00077272		
71.75		-0.00077093		
71.8		-0.00076914		
71.85		-0.00076737		
71.9		-0.0007656		
71.95		-0.00076384		
72		-0.00076209		
72.05		-0.00076034		
72.1		-0.00075861		
72.15		-0.00075688		
72.2		-0.00075516		
72.25		-0.00075344		
72.3		-0.00075174		
72.35		-0.00075004		
72.4		-0.00074835		
72.45		-0.00074667		
72.5		-0.00074499		
72.55		-0.00074332		
72.6		-0.00074166		
72.65		-0.00074		
72.7		-0.00073836		
72.75		-0.00073672		
72.8		-0.00073508		
72.85		-0.00073346		
72.9		-0.00073184		
72.95		-0.00073023		
73		-0.00072862		
73.05		-0.00072702		
73.1		-0.00072543		
73.15		-0.00072385		
73.2		-0.00072227		
73.25		-0.0007207		
73.3		-0.00071914		
73.35		-0.00071758		
73.4		-0.00071603		
73.45		-0.00071448		
73.5		-0.00071294		
73.55		-0.00071141		
73.6		-0.00070989		
73.65		-0.00070837		
73.7		-0.00070685		
73.75		-0.00070535		
73.8		-0.00070385		
73.85		-0.00070235		
73.9		-0.00070087		
73.95		-0.00069938		
74		-0.00069791		
74.05		-0.00069644		
74.1		-0.00069498		
74.15		-0.00069352		
74.2		-0.00069207		
74.25		-0.00069062		
74.3		-0.00068918		
74.35		-0.00068775		
74.4		-0.00068632		
74.45		-0.0006849		
74.5		-0.00068348		
74.55		-0.00068207		
74.6		-0.00068066		
74.65		-0.00067926		
74.7		-0.00067787		
74.75		-0.00067648		
74.8		-0.0006751		
74.85		-0.00067372		
74.9		-0.00067235		
74.95		-0.00067098		
75		-0.00066962		
75.05		-0.00066827		
75.1		-0.00066692		
75.15		-0.00066557		
75.2		-0.00066423		
75.25		-0.0006629		
75.3		-0.00066157		
75.35		-0.00066024		
75.4		-0.00065892		
75.45		-0.00065761		
75.5		-0.0006563		
75.55		-0.000655		
75.6		-0.0006537		
75.65		-0.0006524		
75.7		-0.00065112		
75.75		-0.00064983		
75.8		-0.00064855		
75.85		-0.00064728		
75.9		-0.00064601		
75.95		-0.00064475		
76		-0.00064349		
76.05		-0.00064223		
76.1		-0.00064098		
76.15		-0.00063974		
76.2		-0.0006385		
76.25		-0.00063726		
76.3		-0.00063603		
76.35		-0.0006348		
76.4		-0.00063358		
76.45		-0.00063236		
76.5		-0.00063115		
76.55		-0.00062994		
76.6		-0.00062874		
76.65		-0.00062754		
76.7		-0.00062634		
76.75		-0.00062515		
76.8		-0.00062397		
76.85		-0.00062278		
76.9		-0.00062161		
76.95		-0.00062043		
77		-0.00061927		
77.05		-0.0006181		
77.1		-0.00061694		
77.15		-0.00061578		
77.2		-0.00061463		
77.25		-0.00061348		
77.3		-0.00061234		
77.35		-0.0006112		
77.4		-0.00061007		
77.45		-0.00060893		
77.5		-0.00060781		
77.55		-0.00060668		
77.6		-0.00060557		
77.65		-0.00060445		
77.7		-0.00060334		
77.75		-0.00060223		
77.8		-0.00060113		
77.85		-0.00060003		
77.9		-0.00059893		
77.95		-0.00059784		
78		-0.00059675		
78.05		-0.00059567		
78.1		-0.00059459		
78.15		-0.00059351		
78.2		-0.00059244		
78.25		-0.00059137		
78.3		-0.00059031		
78.35		-0.00058925		
78.4		-0.00058819		
78.45		-0.00058713		
78.5		-0.00058608		
78.55		-0.00058504		
78.6		-0.00058399		
78.65		-0.00058295		
78.7		-0.00058192		
78.75		-0.00058089		
78.8		-0.00057986		
78.85		-0.00057883		
78.9		-0.00057781		
78.95		-0.00057679		
79		-0.00057578		
79.05		-0.00057477		
79.1		-0.00057376		
79.15		-0.00057275		
79.2		-0.00057175		
79.25		-0.00057075		
79.3		-0.00056976		
79.35		-0.00056877		
79.4		-0.00056778		
79.45		-0.00056679		
79.5		-0.00056581		
79.55		-0.00056484		
79.6		-0.00056386		
79.65		-0.00056289		
79.7		-0.00056192		
79.75		-0.00056096		
79.8		-0.00055999		
79.85		-0.00055904		
79.9		-0.00055808		
79.95		-0.00055713		
80		-0.00055618		
80.05		-0.00055523		
80.1		-0.00055429		
80.15		-0.00055335		
80.2		-0.00055241		
80.25		-0.00055148		
80.3		-0.00055055		
80.35		-0.00054962		
80.4		-0.00054869		
80.45		-0.00054777		
80.5		-0.00054685		
80.55		-0.00054594		
80.6		-0.00054502		
80.65		-0.00054411		
80.7		-0.00054321		
80.75		-0.0005423		
80.8		-0.0005414		
80.85		-0.0005405		
80.9		-0.00053961		
80.95		-0.00053871		
81		-0.00053782		
81.05		-0.00053694		
81.1		-0.00053605		
81.15		-0.00053517		
81.2		-0.00053429		
81.25		-0.00053341		
81.3		-0.00053254		
81.35		-0.00053167		
81.4		-0.0005308		
81.45		-0.00052994		
81.5		-0.00052907		
81.55		-0.00052821		
81.6		-0.00052736		
81.65		-0.0005265		
81.7		-0.00052565		
81.75		-0.0005248		
81.8		-0.00052395		
81.85		-0.00052311		
81.9		-0.00052227		
81.95		-0.00052143		
82		-0.00052059		
82.05		-0.00051976		
82.1		-0.00051893		
82.15		-0.0005181		
82.2		-0.00051727		
82.25		-0.00051645		
82.3		-0.00051563		
82.35		-0.00051481		
82.4		-0.00051399		
82.45		-0.00051318		
82.5		-0.00051237		
82.55		-0.00051156		
82.6		-0.00051075		
82.65		-0.00050995		
82.7		-0.00050915		
82.75		-0.00050835		
82.8		-0.00050755		
82.85		-0.00050676		
82.9		-0.00050597		
82.95		-0.00050518		
83		-0.00050439		
83.05		-0.0005036		
83.1		-0.00050282		
83.15		-0.00050204		
83.2		-0.00050126		
83.25		-0.00050048		
83.3		-0.00049971		
83.35		-0.00049894		
83.4		-0.00049817		
83.45		-0.0004974		
83.5		-0.00049664		
83.55		-0.00049588		
83.6		-0.00049512		
83.65		-0.00049436		
83.7		-0.0004936		
83.75		-0.00049285		
83.8		-0.0004921		
83.85		-0.00049135		
83.9		-0.0004906		
83.95		-0.00048986		
84		-0.00048911		
84.05		-0.00048837		
84.1		-0.00048763		
84.15		-0.0004869		
84.2		-0.00048616		
84.25		-0.00048543		
84.3		-0.0004847		
84.35		-0.00048397		
84.4		-0.00048324		
84.45		-0.00048252		
84.5		-0.0004818		
84.55		-0.00048108		
84.6		-0.00048036		
84.65		-0.00047964		
84.7		-0.00047893		
84.75		-0.00047822		
84.8		-0.00047751		
84.85		-0.0004768		
84.9		-0.00047609		
84.95		-0.00047539		
85		-0.00047469		
85.05		-0.00047399		
85.1		-0.00047329		
85.15		-0.00047259		
85.2		-0.0004719		
85.25		-0.0004712		
85.3		-0.00047051		
85.35		-0.00046982		
85.4		-0.00046914		
85.45		-0.00046845		
85.5		-0.00046777		
85.55		-0.00046709		
85.6		-0.00046641		
85.65		-0.00046573		
85.7		-0.00046505		
85.75		-0.00046438		
85.8		-0.00046371		
85.85		-0.00046304		
85.9		-0.00046237		
85.95		-0.0004617		
86		-0.00046104		
86.05		-0.00046037		
86.1		-0.00045971		
86.15		-0.00045905		
86.2		-0.0004584		
86.25		-0.00045774		
86.3		-0.00045708		
86.35		-0.00045643		
86.4		-0.00045578		
86.45		-0.00045513		
86.5		-0.00045448		
86.55		-0.00045384		
86.6		-0.00045319		
86.65		-0.00045255		
86.7		-0.00045191		
86.75		-0.00045127		
86.8		-0.00045064		
86.85		-0.00045		
86.9		-0.00044937		
86.95		-0.00044873		
87		-0.0004481		
87.05		-0.00044747		
87.1		-0.00044685		
87.15		-0.00044622		
87.2		-0.0004456		
87.25		-0.00044497		
87.3		-0.00044435		
87.35		-0.00044373		
87.4		-0.00044311		
87.45		-0.0004425		
87.5		-0.00044188		
87.55		-0.00044127		
87.6		-0.00044066		
87.65		-0.00044005		
87.7		-0.00043944		
87.75		-0.00043883		
87.8		-0.00043823		
87.85		-0.00043763		
87.9		-0.00043702		
87.95		-0.00043642		
88		-0.00043582		
88.05		-0.00043523		
88.1		-0.00043463		
88.15		-0.00043403		
88.2		-0.00043344		
88.25		-0.00043285		
88.3		-0.00043226		
88.35		-0.00043167		
88.4		-0.00043108		
88.45		-0.0004305		
88.5		-0.00042991		
88.55		-0.00042933		
88.6		-0.00042875		
88.65		-0.00042817		
88.7		-0.00042759		
88.75		-0.00042701		
88.8		-0.00042644		
88.85		-0.00042586		
88.9		-0.00042529		
88.95		-0.00042472		
89		-0.00042415		
89.05		-0.00042358		
89.1		-0.00042301		
89.15		-0.00042245		
89.2		-0.00042188		
89.25		-0.00042132		
89.3		-0.00042076		
89.35		-0.0004202		
89.4		-0.00041964		
89.45		-0.00041908		
89.5		-0.00041852		
89.55		-0.00041797		
89.6		-0.00041742		
89.65		-0.00041686		
89.7		-0.00041631		
89.75		-0.00041576		
89.8		-0.00041522		
89.85		-0.00041467		
89.9		-0.00041412		
89.95		-0.00041358		
90		-0.00041303		
90.05		-0.00041249		
90.1		-0.00041195		
90.15		-0.00041141		
90.2		-0.00041088		
90.25		-0.00041034		
90.3		-0.0004098		
90.35		-0.00040927		
90.4		-0.00040874		
90.45		-0.0004082		
90.5		-0.00040767		
90.55		-0.00040714		
90.6		-0.00040662		
90.65		-0.00040609		
90.7		-0.00040556		
90.75		-0.00040504		
90.8		-0.00040452		
90.85		-0.000404		
90.9		-0.00040348		
90.95		-0.00040296		
91		-0.00040244		
91.05		-0.00040192		
91.1		-0.0004014		
91.15		-0.00040089		
91.2		-0.00040038		
91.25		-0.00039986		
91.3		-0.00039935		
91.35		-0.00039884		
91.4		-0.00039834		
91.45		-0.00039783		
91.5		-0.00039732		
91.55		-0.00039682		
91.6		-0.00039631		
91.65		-0.00039581		
91.7		-0.00039531		
91.75		-0.00039481		
91.8		-0.00039431		
91.85		-0.00039381		
91.9		-0.00039331		
91.95		-0.00039282		
92		-0.00039232		
92.05		-0.00039183		
92.1		-0.00039133		
92.15		-0.00039084		
92.2		-0.00039035		
92.25		-0.00038986		
92.3		-0.00038937		
92.35		-0.00038889		
92.4		-0.0003884		
92.45		-0.00038792		
92.5		-0.00038743		
92.55		-0.00038695		
92.6		-0.00038647		
92.65		-0.00038599		
92.7		-0.00038551		
92.75		-0.00038503		
92.8		-0.00038455		
92.85		-0.00038407		
92.9		-0.0003836		
92.95		-0.00038312		
93		-0.00038265		
93.05		-0.00038218		
93.1		-0.00038171		
93.15		-0.00038124		
93.2		-0.00038077		
93.25		-0.0003803		
93.3		-0.00037983		
93.35		-0.00037937		
93.4		-0.0003789		
93.45		-0.00037844		
93.5		-0.00037797		
93.55		-0.00037751		
93.6		-0.00037705		
93.65		-0.00037659		
93.7		-0.00037613		
93.75		-0.00037567		
93.8		-0.00037522		
93.85		-0.00037476		
93.9		-0.0003743		
93.95		-0.00037385		
94		-0.0003734		
94.05		-0.00037294		
94.1		-0.00037249		
94.15		-0.00037204		
94.2		-0.00037159		
94.25		-0.00037115		
94.3		-0.0003707		
94.35		-0.00037025		
94.4		-0.00036981		
94.45		-0.00036936		
94.5		-0.00036892		
94.55		-0.00036847		
94.6		-0.00036803		
94.65		-0.00036759		
94.7		-0.00036715		
94.75		-0.00036671		
94.8		-0.00036628		
94.85		-0.00036584		
94.9		-0.0003654		
94.95		-0.00036497		
95		-0.00036453		
95.05		-0.0003641		
95.1		-0.00036367		
95.15		-0.00036323		
95.2		-0.0003628		
95.25		-0.00036237		
95.3		-0.00036194		
95.35		-0.00036152		
95.4		-0.00036109		
95.45		-0.00036066		
95.5		-0.00036024		
95.55		-0.00035981		
95.6		-0.00035939		
95.65		-0.00035897		
95.7		-0.00035854		
95.75		-0.00035812		
95.8		-0.0003577		
95.85		-0.00035728		
95.9		-0.00035686		
95.95		-0.00035645		
96		-0.00035603		
96.05		-0.00035561		
96.1		-0.0003552		
96.15		-0.00035478		
96.2		-0.00035437		
96.25		-0.00035396		
96.3		-0.00035355		
96.35		-0.00035314		
96.4		-0.00035273		
96.45		-0.00035232		
96.5		-0.00035191		
96.55		-0.0003515		
96.6		-0.00035109		
96.65		-0.00035069		
96.7		-0.00035028		
96.75		-0.00034988		
96.8		-0.00034947		
96.85		-0.00034907		
96.9		-0.00034867		
96.95		-0.00034827		
97		-0.00034787		
97.05		-0.00034747		
97.1		-0.00034707		
97.15		-0.00034667		
97.2		-0.00034627		
97.25		-0.00034588		
97.3		-0.00034548		
97.35		-0.00034509		
97.4		-0.00034469		
97.45		-0.0003443		
97.5		-0.00034391		
97.55		-0.00034352		
97.6		-0.00034313		
97.65		-0.00034273		
97.7		-0.00034235		
97.75		-0.00034196		
97.8		-0.00034157		
97.85		-0.00034118		
97.9		-0.0003408		
97.95		-0.00034041		
98		-0.00034003		
98.05		-0.00033964		
98.1		-0.00033926		
98.15		-0.00033887		
98.2		-0.00033849		
98.25		-0.00033811		
98.3		-0.00033773		
98.35		-0.00033735		
98.4		-0.00033697		
98.45		-0.00033659		
98.5		-0.00033622		
98.55		-0.00033584		
98.6		-0.00033546		
98.65		-0.00033509		
98.7		-0.00033471		
98.75		-0.00033434		
98.8		-0.00033397		
98.85		-0.00033359		
98.9		-0.00033322		
98.95		-0.00033285		
99		-0.00033248		
99.05		-0.00033211		
99.1		-0.00033174		
99.15		-0.00033137		
99.2		-0.000331		
99.25		-0.00033064		
99.3		-0.00033027		
99.35		-0.00032991		
99.4		-0.00032954		
99.45		-0.00032918		
99.5		-0.00032882		
99.55		-0.00032845		
99.6		-0.00032809		
99.65		-0.00032773		
99.7		-0.00032737		
99.75		-0.00032701		
99.8		-0.00032665		
99.85		-0.00032629		
99.9		-0.00032593		
99.95		-0.00032558		
100		-0.00032522		
