t [fm]		dB2nd
0.25		-3.906
0.3		-2.3532		
0.35		-1.463		
0.4		-0.92944		
0.45		-0.60008		
0.5		-0.39245		
0.55		-0.25951		
0.6		-0.17334		
0.65		-0.11693		
0.7		-0.079658		
0.75		-0.054829		
0.8		-0.03815		
0.85		-0.026848		
0.9		-0.019119		
0.95		-0.013783		
1		-0.01006		
1.05		-0.0074344		
1.1		-0.0055609		
1.15		-0.0042083		
1.2		-0.0032201		
1.25		-0.0024896		
1.3		-0.0019433		
1.35		-0.0015302		
1.4		-0.0012145		
1.45		-0.00097081		
1.5		-0.00078093		
1.55		-0.00063169		
1.6		-0.00051344		
1.65		-0.00041905		
1.7		-0.00034317		
1.75		-0.00028178		
1.8		-0.0002318		
1.85		-0.00019089		
1.9		-0.00015721		
1.95		-0.00012934		
2		-0.00010618		
2.05		-8.6823e-05		
2.1		-7.0586e-05		
2.15		-5.6904e-05		
2.2		-4.5327e-05		
2.25		-3.5493e-05		
2.3		-2.7107e-05		
2.35		-1.993e-05		
2.4		-1.3767e-05		
2.45		-8.456e-06		
2.5		-3.8657e-06		
2.55		1.1324e-07		
2.6		3.5712e-06		
2.65		6.5834e-06		
2.7		9.2124e-06		
2.75		1.1511e-05		
2.8		1.3522e-05		
2.85		1.5283e-05		
2.9		1.6824e-05		
2.95		1.8173e-05		
3		1.935e-05		
3.05		2.0374e-05		
3.1		2.1261e-05		
3.15		2.2024e-05		
3.2		2.2675e-05		
3.25		2.3223e-05		
3.3		2.3676e-05		
3.35		2.4041e-05		
3.4		2.4324e-05		
3.45		2.453e-05		
3.5		2.4662e-05		
3.55		2.4725e-05		
3.6		2.4722e-05		
3.65		2.4654e-05		
3.7		2.4524e-05		
3.75		2.4334e-05		
3.8		2.4084e-05		
3.85		2.3778e-05		
3.9		2.3414e-05		
3.95		2.2995e-05		
4		2.252e-05		
4.05		2.1991e-05		
4.1		2.1408e-05		
4.15		2.077e-05		
4.2		2.0079e-05		
4.25		1.9334e-05		
4.3		1.8536e-05		
4.35		1.7685e-05		
4.4		1.678e-05		
4.45		1.5822e-05		
4.5		1.4811e-05		
4.55		1.3747e-05		
4.6		1.263e-05		
4.65		1.1459e-05		
4.7		1.0236e-05		
4.75		8.9584e-06		
4.8		7.625e-06		
4.85		6.2272e-06		
4.9		4.7679e-06		
4.95		3.2704e-06		
5		1.7261e-06		
5.05		1.2917e-07		
5.1		-1.5215e-06		
5.15		-3.2258e-06		
5.2		-4.9837e-06		
5.25		-6.7951e-06		
5.3		-8.66e-06		
5.35		-1.0578e-05		
5.4		-1.255e-05		
5.45		-1.4574e-05		
5.5		-1.6652e-05		
5.55		-1.8783e-05		
5.6		-2.0966e-05		
5.65		-2.3202e-05		
5.7		-2.549e-05		
5.75		-2.783e-05		
5.8		-3.0222e-05		
5.85		-3.2666e-05		
5.9		-3.5161e-05		
5.95		-3.7707e-05		
6		-4.0304e-05		
6.05		-4.2952e-05		
6.1		-4.565e-05		
6.15		-4.8398e-05		
6.2		-5.1195e-05		
6.25		-5.4042e-05		
6.3		-5.6938e-05		
6.35		-5.9882e-05		
6.4		-6.2874e-05		
6.45		-6.5915e-05		
6.5		-6.9003e-05		
6.55		-7.2137e-05		
6.6		-7.5319e-05		
6.65		-7.8547e-05		
6.7		-8.182e-05		
6.75		-8.5139e-05		
6.8		-8.8503e-05		
6.85		-9.1911e-05		
6.9		-9.5363e-05		
6.95		-9.8859e-05		
7		-0.0001024		
7.05		-0.00010598		
7.1		-0.0001096		
7.15		-0.00011327		
7.2		-0.00011697		
7.25		-0.00012072		
7.3		-0.00012451		
7.35		-0.00012833		
7.4		-0.0001322		
7.45		-0.0001361		
7.5		-0.00014004		
7.55		-0.00014402		
7.6		-0.00014804		
7.65		-0.00015209		
7.7		-0.00015618		
7.75		-0.0001603		
7.8		-0.00016446		
7.85		-0.00016865		
7.9		-0.00017287		
7.95		-0.00017713		
8		-0.00018142		
8.05		-0.00018574		
8.1		-0.00019009		
8.15		-0.00019448		
8.2		-0.00019889		
8.25		-0.00020333		
8.3		-0.0002078		
8.35		-0.0002123		
8.4		-0.00021683		
8.45		-0.00022138		
8.5		-0.00022596		
8.55		-0.00023057		
8.6		-0.0002352		
8.65		-0.00023986		
8.7		-0.00024454		
8.75		-0.00024924		
8.8		-0.00025397		
8.85		-0.00025871		
8.9		-0.00026348		
8.95		-0.00026828		
9		-0.00027309		
9.05		-0.00027792		
9.1		-0.00028277		
9.15		-0.00028764		
9.2		-0.00029252		
9.25		-0.00029743		
9.3		-0.00030235		
9.35		-0.00030729		
9.4		-0.00031224		
9.45		-0.00031721		
9.5		-0.00032219		
9.55		-0.00032719		
9.6		-0.0003322		
9.65		-0.00033722		
9.7		-0.00034226		
9.75		-0.0003473		
9.8		-0.00035236		
9.85		-0.00035743		
9.9		-0.00036251		
9.95		-0.0003676		
10		-0.0003727		
10.05		-0.0003778		
10.1		-0.00038292		
10.15		-0.00038804		
10.2		-0.00039317		
10.25		-0.0003983		
10.3		-0.00040345		
10.35		-0.00040859		
10.4		-0.00041374		
10.45		-0.0004189		
10.5		-0.00042406		
10.55		-0.00042922		
10.6		-0.00043439		
10.65		-0.00043956		
10.7		-0.00044473		
10.75		-0.0004499		
10.8		-0.00045507		
10.85		-0.00046025		
10.9		-0.00046542		
10.95		-0.0004706		
11		-0.00047577		
11.05		-0.00048094		
11.1		-0.00048611		
11.15		-0.00049128		
11.2		-0.00049645		
11.25		-0.00050161		
11.3		-0.00050677		
11.35		-0.00051193		
11.4		-0.00051708		
11.45		-0.00052223		
11.5		-0.00052738		
11.55		-0.00053252		
11.6		-0.00053765		
11.65		-0.00054278		
11.7		-0.00054791		
11.75		-0.00055302		
11.8		-0.00055813		
11.85		-0.00056324		
11.9		-0.00056834		
11.95		-0.00057342		
12		-0.00057851		
12.05		-0.00058358		
12.1		-0.00058864		
12.15		-0.0005937		
12.2		-0.00059875		
12.25		-0.00060379		
12.3		-0.00060882		
12.35		-0.00061384		
12.4		-0.00061885		
12.45		-0.00062385		
12.5		-0.00062884		
12.55		-0.00063382		
12.6		-0.00063878		
12.65		-0.00064374		
12.7		-0.00064869		
12.75		-0.00065362		
12.8		-0.00065855		
12.85		-0.00066346		
12.9		-0.00066835		
12.95		-0.00067323		
13		-0.00067809		
13.05		-0.00068285		
13.1		-0.00068809		
13.15		-0.00069278		
13.2		-0.00069758		
13.25		-0.00070238		
13.3		-0.00070718		
13.35		-0.00071197		
13.4		-0.00071674		
13.45		-0.00072151		
13.5		-0.00072626		
13.55		-0.000731		
13.6		-0.00073572		
13.65		-0.00074044		
13.7		-0.00074514		
13.75		-0.00074983		
13.8		-0.0007545		
13.85		-0.00075916		
13.9		-0.00076381		
13.95		-0.00076844		
14		-0.00077307		
14.05		-0.00077768		
14.1		-0.00078227		
14.15		-0.00078685		
14.2		-0.00079142		
14.25		-0.00079598		
14.3		-0.00080052		
14.35		-0.00080505		
14.4		-0.00080957		
14.45		-0.00081407		
14.5		-0.00081856		
14.55		-0.00082304		
14.6		-0.00082751		
14.65		-0.00083196		
14.7		-0.0008364		
14.75		-0.00084083		
14.8		-0.00084525		
14.85		-0.00084965		
14.9		-0.00085404		
14.95		-0.00085842		
15		-0.00086279		
15.05		-0.00086714		
15.1		-0.00087149		
15.15		-0.00087582		
15.2		-0.00088014		
15.25		-0.00088445		
15.3		-0.00088874		
15.35		-0.00089303		
15.4		-0.00089731		
15.45		-0.00090157		
15.5		-0.00090583		
15.55		-0.00091007		
15.6		-0.00091431		
15.65		-0.00091853		
15.7		-0.00092274		
15.75		-0.00092695		
15.8		-0.00093114		
15.85		-0.00093533		
15.9		-0.00093951		
15.95		-0.00094367		
16		-0.00094783		
16.05		-0.00095198		
16.1		-0.00095613		
16.15		-0.00096026		
16.2		-0.00096439		
16.25		-0.00096851		
16.3		-0.00097262		
16.35		-0.00097672		
16.4		-0.00098082		
16.45		-0.00098491		
16.5		-0.000989		
16.55		-0.00099308		
16.6		-0.00099715		
16.65		-0.0010012		
16.7		-0.0010053		
16.75		-0.0010093		
16.8		-0.0010134		
16.85		-0.0010174		
16.9		-0.0010215		
16.95		-0.0010255		
17		-0.0010296		
17.05		-0.0010336		
17.1		-0.0010376		
17.15		-0.0010416		
17.2		-0.0010457		
17.25		-0.0010497		
17.3		-0.0010537		
17.35		-0.0010577		
17.4		-0.0010617		
17.45		-0.0010658		
17.5		-0.0010698		
17.55		-0.0010738		
17.6		-0.0010778		
17.65		-0.0010818		
17.7		-0.0010858		
17.75		-0.0010899		
17.8		-0.0010939		
17.85		-0.0010979		
17.9		-0.0011019		
17.95		-0.001106		
18		-0.00111		
18.05		-0.001114		
18.1		-0.0011181		
18.15		-0.0011221		
18.2		-0.0011261		
18.25		-0.0011302		
18.3		-0.0011342		
18.35		-0.0011383		
18.4		-0.0011424		
18.45		-0.0011464		
18.5		-0.0011505		
18.55		-0.0011546		
18.6		-0.0011587		
18.65		-0.0011628		
18.7		-0.0011669		
18.75		-0.001171		
18.8		-0.0011751		
18.85		-0.0011793		
18.9		-0.0011834		
18.95		-0.0011876		
19		-0.0011917		
19.05		-0.0011959		
19.1		-0.0012001		
19.15		-0.0012043		
19.2		-0.0012085		
19.25		-0.0012127		
19.3		-0.001217		
19.35		-0.0012212		
19.4		-0.0012255		
19.45		-0.0012298		
19.5		-0.0012341		
19.55		-0.0012384		
19.6		-0.0012427		
19.65		-0.001247		
19.7		-0.0012514		
19.75		-0.0012558		
19.8		-0.0012602		
19.85		-0.0012646		
19.9		-0.001269		
19.95		-0.0012734		
20		-0.0012779		
20.05		-0.0012824		
20.1		-0.0012869		
20.15		-0.0012914		
20.2		-0.001296		
20.25		-0.0013006		
20.3		-0.0013051		
20.35		-0.0013098		
20.4		-0.0013144		
20.45		-0.0013191		
20.5		-0.0013238		
20.55		-0.0013285		
20.6		-0.0013332		
20.65		-0.001338		
20.7		-0.0013428		
20.75		-0.0013476		
20.8		-0.0013524		
20.85		-0.0013573		
20.9		-0.0013622		
20.95		-0.0013671		
21		-0.0013721		
21.05		-0.0013771		
21.1		-0.0013821		
21.15		-0.0013872		
21.2		-0.0013922		
21.25		-0.0013974		
21.3		-0.0014025		
21.35		-0.0014077		
21.4		-0.0014129		
21.45		-0.0014182		
21.5		-0.0014234		
21.55		-0.0014288		
21.6		-0.0014341		
21.65		-0.0014395		
21.7		-0.0014449		
21.75		-0.0014504		
21.8		-0.0014559		
21.85		-0.0014615		
21.9		-0.0014671		
21.95		-0.0014727		
22		-0.0014783		
22.05		-0.0014841		
22.1		-0.0014898		
22.15		-0.0014956		
22.2		-0.0015014		
22.25		-0.0015073		
22.3		-0.0015132		
22.35		-0.0015192		
22.4		-0.0015252		
22.45		-0.0015313		
22.5		-0.0015374		
22.55		-0.0015435		
22.6		-0.0015497		
22.65		-0.001556		
22.7		-0.0015623		
22.75		-0.0015686		
22.8		-0.001575		
22.85		-0.0015815		
22.9		-0.001588		
22.95		-0.0015946		
23		-0.0016012		
23.05		-0.0016078		
23.1		-0.0016145		
23.15		-0.0016213		
23.2		-0.0016281		
23.25		-0.001635		
23.3		-0.001642		
23.35		-0.001649		
23.4		-0.001656		
23.45		-0.0016631		
23.5		-0.0016703		
23.55		-0.0016776		
23.6		-0.0016848		
23.65		-0.0016922		
23.7		-0.0016996		
23.75		-0.0017071		
23.8		-0.0017147		
23.85		-0.0017223		
23.9		-0.00173		
23.95		-0.0017377		
24		-0.0017455		
24.05		-0.0017534		
24.1		-0.0017614		
24.15		-0.0017694		
24.2		-0.0017775		
24.25		-0.0017856		
24.3		-0.0017938		
24.35		-0.0018021		
24.4		-0.0018105		
24.45		-0.001819		
24.5		-0.0018275		
24.55		-0.0018361		
24.6		-0.0018448		
24.65		-0.0018535		
24.7		-0.0018623		
24.75		-0.0018712		
24.8		-0.0018802		
24.85		-0.0018893		
24.9		-0.0018984		
24.95		-0.0019077		
25		-0.001917		
25.05		-0.0019264		
25.1		-0.0019358		
25.15		-0.0019454		
25.2		-0.001955		
25.25		-0.0019648		
25.3		-0.0019746		
25.35		-0.0019845		
25.4		-0.0019945		
25.45		-0.0020046		
25.5		-0.0020147		
25.55		-0.002025		
25.6		-0.0020354		
25.65		-0.0020458		
25.7		-0.0020564		
25.75		-0.002067		
25.8		-0.0020777		
25.85		-0.0020886		
25.9		-0.0020995		
25.95		-0.0021105		
26		-0.0021217		
26.05		-0.0021329		
26.1		-0.0021442		
26.15		-0.0021556		
26.2		-0.0021672		
26.25		-0.0021788		
26.3		-0.0021906		
26.35		-0.0022024		
26.4		-0.0022144		
26.45		-0.0022264		
26.5		-0.0022386		
26.55		-0.0022509		
26.6		-0.0022633		
26.65		-0.0022758		
26.7		-0.0022884		
26.75		-0.0023011		
26.8		-0.002314		
26.85		-0.0023269		
26.9		-0.00234		
26.95		-0.0023532		
27		-0.0023665		
27.05		-0.0023799		
27.1		-0.0023935		
27.15		-0.0024071		
27.2		-0.0024209		
27.25		-0.0024348		
27.3		-0.0024489		
27.35		-0.0024631		
27.4		-0.0024774		
27.45		-0.0024918		
27.5		-0.0025063		
27.55		-0.002521		
27.6		-0.0025358		
27.65		-0.0025508		
27.7		-0.0025658		
27.75		-0.0025811		
27.8		-0.0025964		
27.85		-0.0026119		
27.9		-0.0026275		
27.95		-0.0026433		
28		-0.0026592		
28.05		-0.0026752		
28.1		-0.0026914		
28.15		-0.0027077		
28.2		-0.0027242		
28.25		-0.0027408		
28.3		-0.0027576		
28.35		-0.0027745		
28.4		-0.0027916		
28.45		-0.0028088		
28.5		-0.0028262		
28.55		-0.0028437		
28.6		-0.0028614		
28.65		-0.0028792		
28.7		-0.0028972		
28.75		-0.0029154		
28.8		-0.0029337		
28.85		-0.0029521		
28.9		-0.0029708		
28.95		-0.0029896		
29		-0.0030085		
29.05		-0.0030277		
29.1		-0.0030687		
29.15		-0.0030708		
29.2		-0.0030729		
29.25		-0.0030748		
29.3		-0.0030767		
29.35		-0.0030785		
29.4		-0.0030801		
29.45		-0.0030817		
29.5		-0.0030832		
29.55		-0.0030846		
29.6		-0.0030859		
29.65		-0.0030871		
29.7		-0.0030882		
29.75		-0.0030893		
29.8		-0.0030902		
29.85		-0.0030911		
29.9		-0.0030918		
29.95		-0.0030925		
30		-0.0030931		
30.05		-0.0030936		
30.1		-0.0030941		
30.15		-0.0030944		
30.2		-0.0030947		
30.25		-0.0030948		
30.3		-0.0030949		
30.35		-0.0030949		
30.4		-0.0030949		
30.45		-0.0030947		
30.5		-0.0030945		
30.55		-0.0030942		
30.6		-0.0030938		
30.65		-0.0030934		
30.7		-0.0030928		
30.75		-0.0030922		
30.8		-0.0030915		
30.85		-0.0030907		
30.9		-0.0030899		
30.95		-0.003089		
31		-0.003088		
31.05		-0.0030869		
31.1		-0.0030858		
31.15		-0.0030846		
31.2		-0.0030833		
31.25		-0.003082		
31.3		-0.0030806		
31.35		-0.0030791		
31.4		-0.0030775		
31.45		-0.0030759		
31.5		-0.0030742		
31.55		-0.0030725		
31.6		-0.0030707		
31.65		-0.0030688		
31.7		-0.0030668		
31.75		-0.0030648		
31.8		-0.0030627		
31.85		-0.0030606		
31.9		-0.0030584		
31.95		-0.0030561		
32		-0.0030538		
32.05		-0.0030514		
32.1		-0.0030489		
32.15		-0.0030464		
32.2		-0.0030438		
32.25		-0.0030412		
32.3		-0.0030385		
32.35		-0.0030358		
32.4		-0.003033		
32.45		-0.0030301		
32.5		-0.0030272		
32.55		-0.0030242		
32.6		-0.0030212		
32.65		-0.0030181		
32.7		-0.003015		
32.75		-0.0030118		
32.8		-0.0030085		
32.85		-0.0030052		
32.9		-0.0030019		
32.95		-0.0029985		
33		-0.002995		
33.05		-0.0029915		
33.1		-0.002988		
33.15		-0.0029844		
33.2		-0.0029807		
33.25		-0.002977		
33.3		-0.0029733		
33.35		-0.0029695		
33.4		-0.0029657		
33.45		-0.0029618		
33.5		-0.0029579		
33.55		-0.0029539		
33.6		-0.0029499		
33.65		-0.0029458		
33.7		-0.0029417		
33.75		-0.0029375		
33.8		-0.0029334		
33.85		-0.0029291		
33.9		-0.0029248		
33.95		-0.0029205		
34		-0.0029162		
34.05		-0.0029118		
34.1		-0.0029073		
34.15		-0.0029028		
34.2		-0.0028983		
34.25		-0.0028938		
34.3		-0.0028892		
34.35		-0.0028845		
34.4		-0.0028799		
34.45		-0.0028752		
34.5		-0.0028704		
34.55		-0.0028656		
34.6		-0.0028608		
34.65		-0.002856		
34.7		-0.0028511		
34.75		-0.0028462		
34.8		-0.0028412		
34.85		-0.0028363		
34.9		-0.0028312		
34.95		-0.0028262		
35		-0.0028211		
35.05		-0.002816		
35.1		-0.0028109		
35.15		-0.0028057		
35.2		-0.0028005		
35.25		-0.0027953		
35.3		-0.00279		
35.35		-0.0027847		
35.4		-0.0027794		
35.45		-0.0027741		
35.5		-0.0027687		
35.55		-0.0027633		
35.6		-0.0027579		
35.65		-0.0027524		
35.7		-0.0027469		
35.75		-0.0027414		
35.8		-0.0027359		
35.85		-0.0027303		
35.9		-0.0027248		
35.95		-0.0027192		
36		-0.0027135		
36.05		-0.0027079		
36.1		-0.0027022		
36.15		-0.0026965		
36.2		-0.0026908		
36.25		-0.0026851		
36.3		-0.0026793		
36.35		-0.0026736		
36.4		-0.0026678		
36.45		-0.0026619		
36.5		-0.0026561		
36.55		-0.0026502		
36.6		-0.0026444		
36.65		-0.0026385		
36.7		-0.0026326		
36.75		-0.0026266		
36.8		-0.0026207		
36.85		-0.0026147		
36.9		-0.0026087		
36.95		-0.0026027		
37		-0.0025967		
37.05		-0.0025907		
37.1		-0.0025847		
37.15		-0.0025786		
37.2		-0.0025725		
37.25		-0.0025664		
37.3		-0.0025603		
37.35		-0.0025542		
37.4		-0.0025481		
37.45		-0.002542		
37.5		-0.0025358		
37.55		-0.0025296		
37.6		-0.0025234		
37.65		-0.0025173		
37.7		-0.0025111		
37.75		-0.0025048		
37.8		-0.0024986		
37.85		-0.0024924		
37.9		-0.0024861		
37.95		-0.0024799		
38		-0.0024736		
38.05		-0.0024673		
38.1		-0.0024611		
38.15		-0.0024548		
38.2		-0.0024485		
38.25		-0.0024422		
38.3		-0.0024358		
38.35		-0.0024295		
38.4		-0.0024232		
38.45		-0.0024168		
38.5		-0.0024105		
38.55		-0.0024041		
38.6		-0.0023978		
38.65		-0.0023914		
38.7		-0.002385		
38.75		-0.0023787		
38.8		-0.0023723		
38.85		-0.0023659		
38.9		-0.0023595		
38.95		-0.0023531		
39		-0.0023467		
39.05		-0.0023403		
39.1		-0.0023339		
39.15		-0.0023275		
39.2		-0.0023211		
39.25		-0.0023147		
39.3		-0.0023082		
39.35		-0.0023018		
39.4		-0.0022954		
39.45		-0.002289		
39.5		-0.0022825		
39.55		-0.0022761		
39.6		-0.0022697		
39.65		-0.0022633		
39.7		-0.0022568		
39.75		-0.0022504		
39.8		-0.002244		
39.85		-0.0022375		
39.9		-0.0022311		
39.95		-0.0022247		
40		-0.0022182		
40.05		-0.0022118		
40.1		-0.0022054		
40.15		-0.0021989		
40.2		-0.0021925		
40.25		-0.0021861		
40.3		-0.0021796		
40.35		-0.0021732		
40.4		-0.0021668		
40.45		-0.0021604		
40.5		-0.002154		
40.55		-0.0021476		
40.6		-0.0021411		
40.65		-0.0021347		
40.7		-0.0021283		
40.75		-0.0021219		
40.8		-0.0021155		
40.85		-0.0021091		
40.9		-0.0021027		
40.95		-0.0020963		
41		-0.00209		
41.05		-0.0020836		
41.1		-0.0020772		
41.15		-0.0020708		
41.2		-0.0020645		
41.25		-0.0020581		
41.3		-0.0020518		
41.35		-0.0020454		
41.4		-0.0020391		
41.45		-0.0020327		
41.5		-0.0020264		
41.55		-0.0020201		
41.6		-0.0020137		
41.65		-0.0020074		
41.7		-0.0020011		
41.75		-0.0019948		
41.8		-0.0019885		
41.85		-0.0019598		
41.9		-0.0018914		
41.95		-0.0018273		
42		-0.001767		
42.05		-0.0017104		
42.1		-0.0016571		
42.15		-0.0016068		
42.2		-0.0015594		
42.25		-0.0015146		
42.3		-0.0014722		
42.35		-0.0014321		
42.4		-0.001394		
42.45		-0.0013579		
42.5		-0.0013236		
42.55		-0.001291		
42.6		-0.0012599		
42.65		-0.0012303		
42.7		-0.001202		
42.75		-0.001175		
42.8		-0.0011491		
42.85		-0.0011244		
42.9		-0.0011007		
42.95		-0.0010779		
43		-0.0010561		
43.05		-0.0010351		
43.1		-0.0010149		
43.15		-0.00099538		
43.2		-0.00097661		
43.25		-0.00095849		
43.3		-0.00094099		
43.35		-0.00092407		
43.4		-0.00090769		
43.45		-0.00089183		
43.5		-0.00087646		
43.55		-0.00086155		
43.6		-0.00084707		
43.65		-0.000833		
43.7		-0.00081933		
43.75		-0.00080602		
43.8		-0.00079307		
43.85		-0.00078044		
43.9		-0.00076814		
43.95		-0.00075613		
44		-0.00074442		
44.05		-0.00073297		
44.1		-0.00072179		
44.15		-0.00071086		
44.2		-0.00070017		
44.25		-0.00068971		
44.3		-0.00067946		
44.35		-0.00066943		
44.4		-0.00065959		
44.45		-0.00064996		
44.5		-0.0006405		
44.55		-0.00063123		
44.6		-0.00062213		
44.65		-0.0006132		
44.7		-0.00060443		
44.75		-0.00059582		
44.8		-0.00058736		
44.85		-0.00057904		
44.9		-0.00057086		
44.95		-0.00056283		
45		-0.00055492		
45.05		-0.00054715		
45.1		-0.0005395		
45.15		-0.00053197		
45.2		-0.00052456		
45.25		-0.00051727		
45.3		-0.00051009		
45.35		-0.00050302		
45.4		-0.00049606		
45.45		-0.0004892		
45.5		-0.00048245		
45.55		-0.0004758		
45.6		-0.00046924		
45.65		-0.00046278		
45.7		-0.00045642		
45.75		-0.00045015		
45.8		-0.00044397		
45.85		-0.00043787		
45.9		-0.00043187		
45.95		-0.00042594		
46		-0.00042011		
46.05		-0.00041435		
46.1		-0.00040868		
46.15		-0.00040308		
46.2		-0.00039757		
46.25		-0.00039213		
46.3		-0.00038676		
46.35		-0.00038147		
46.4		-0.00037625		
46.45		-0.00037111		
46.5		-0.00036603		
46.55		-0.00036102		
46.6		-0.00035609		
46.65		-0.00035122		
46.7		-0.00034641		
46.75		-0.00034168		
46.8		-0.000337		
46.85		-0.00033239		
46.9		-0.00032785		
46.95		-0.00032336		
47		-0.00031894		
47.05		-0.00031457		
47.1		-0.00031027		
47.15		-0.00030602		
47.2		-0.00030184		
47.25		-0.0002977		
47.3		-0.00029363		
47.35		-0.00028961		
47.4		-0.00028564		
47.45		-0.00028173		
47.5		-0.00027787		
47.55		-0.00027407		
47.6		-0.00027031		
47.65		-0.00026661		
47.7		-0.00026295		
47.75		-0.00025935		
47.8		-0.0002558		
47.85		-0.00025229		
47.9		-0.00024883		
47.95		-0.00024542		
48		-0.00024206		
48.05		-0.00023874		
48.1		-0.00023547		
48.15		-0.00023224		
48.2		-0.00022906		
48.25		-0.00022592		
48.3		-0.00022282		
48.35		-0.00021977		
48.4		-0.00021675		
48.45		-0.00021378		
48.5		-0.00021085		
48.55		-0.00020796		
48.6		-0.00020511		
48.65		-0.0002023		
48.7		-0.00019953		
48.75		-0.0001968		
48.8		-0.0001941		
48.85		-0.00019145		
48.9		-0.00018882		
48.95		-0.00018624		
49		-0.00018369		
49.05		-0.00018118		
49.1		-0.0001787		
49.15		-0.00017626		
49.2		-0.00017385		
49.25		-0.00017147		
49.3		-0.00016913		
49.35		-0.00016682		
49.4		-0.00016454		
49.45		-0.0001623		
49.5		-0.00016008		
49.55		-0.0001579		
49.6		-0.00015575		
49.65		-0.00015362		
49.7		-0.00015153		
49.75		-0.00014947		
49.8		-0.00014744		
49.85		-0.00014543		
49.9		-0.00014345		
49.95		-0.00014151		
50		-0.00013959		
50.05		-0.00013769		
50.1		-0.00013583		
50.15		-0.00013399		
50.2		-0.00013217		
50.25		-0.00013038		
50.3		-0.00012862		
50.35		-0.00012688		
50.4		-0.00012517		
50.45		-0.00012348		
50.5		-0.00012182		
50.55		-0.00012018		
50.6		-0.00011856		
50.65		-0.00011696		
50.7		-0.00011539		
50.75		-0.00011385		
50.8		-0.00011232		
50.85		-0.00011081		
50.9		-0.00010933		
50.95		-0.00010787		
51		-0.00010643		
51.05		-0.00010501		
51.1		-0.00010361		
51.15		-0.00010223		
51.2		-0.00010087		
51.25		-9.953e-05		
51.3		-9.821e-05		
51.35		-9.6908e-05		
51.4		-9.5626e-05		
51.45		-9.4361e-05		
51.5		-9.3115e-05		
51.55		-9.1887e-05		
51.6		-9.0677e-05		
51.65		-8.9484e-05		
51.7		-8.8309e-05		
51.75		-8.715e-05		
51.8		-8.6009e-05		
51.85		-8.4884e-05		
51.9		-8.3775e-05		
51.95		-8.2682e-05		
52		-8.1605e-05		
52.05		-8.0544e-05		
52.1		-7.9498e-05		
52.15		-7.8467e-05		
52.2		-7.7451e-05		
52.25		-7.645e-05		
52.3		-7.5463e-05		
52.35		-7.4491e-05		
52.4		-7.3533e-05		
52.45		-7.2589e-05		
52.5		-7.1658e-05		
52.55		-7.0741e-05		
52.6		-6.9837e-05		
52.65		-6.8947e-05		
52.7		-6.8069e-05		
52.75		-6.7204e-05		
52.8		-6.6352e-05		
52.85		-6.5511e-05		
52.9		-6.4684e-05		
52.95		-6.3868e-05		
53		-6.3064e-05		
53.05		-6.2271e-05		
53.1		-6.149e-05		
53.15		-6.0721e-05		
53.2		-5.9962e-05		
53.25		-5.9215e-05		
53.3		-5.8478e-05		
53.35		-5.7752e-05		
53.4		-5.7037e-05		
53.45		-5.6332e-05		
53.5		-5.5637e-05		
53.55		-5.4952e-05		
53.6		-5.4277e-05		
53.65		-5.3612e-05		
53.7		-5.2956e-05		
53.75		-5.231e-05		
53.8		-5.1673e-05		
53.85		-5.1046e-05		
53.9		-5.0427e-05		
53.95		-4.9817e-05		
54		-4.9216e-05		
54.05		-4.8624e-05		
54.1		-4.804e-05		
54.15		-4.7465e-05		
54.2		-4.6898e-05		
54.25		-4.6339e-05		
54.3		-4.5788e-05		
54.35		-4.5244e-05		
54.4		-4.4709e-05		
54.45		-4.4181e-05		
54.5		-4.3661e-05		
54.55		-4.3148e-05		
54.6		-4.2643e-05		
54.65		-4.2145e-05		
54.7		-4.1653e-05		
54.75		-4.1169e-05		
54.8		-4.0692e-05		
54.85		-4.0221e-05		
54.9		-3.9757e-05		
54.95		-3.93e-05		
55		-3.8849e-05		
55.05		-3.8405e-05		
55.1		-3.7967e-05		
55.15		-3.7535e-05		
55.2		-3.7109e-05		
55.25		-3.6689e-05		
55.3		-3.6275e-05		
55.35		-3.5866e-05		
55.4		-3.5464e-05		
55.45		-3.5067e-05		
55.5		-3.4676e-05		
55.55		-3.429e-05		
55.6		-3.3909e-05		
55.65		-3.3534e-05		
55.7		-3.3164e-05		
55.75		-3.2799e-05		
55.8		-3.2439e-05		
55.85		-3.2084e-05		
55.9		-3.1734e-05		
55.95		-3.1389e-05		
56		-3.1049e-05		
56.05		-3.0713e-05		
56.1		-3.0382e-05		
56.15		-3.0056e-05		
56.2		-2.9733e-05		
56.25		-2.9416e-05		
56.3		-2.9102e-05		
56.35		-2.8793e-05		
56.4		-2.8489e-05		
56.45		-2.8188e-05		
56.5		-2.7891e-05		
56.55		-2.7598e-05		
56.6		-2.731e-05		
56.65		-2.7025e-05		
56.7		-2.6744e-05		
56.75		-2.6467e-05		
56.8		-2.6193e-05		
56.85		-2.5923e-05		
56.9		-2.5657e-05		
56.95		-2.5395e-05		
57		-2.5135e-05		
57.05		-2.488e-05		
57.1		-2.4627e-05		
57.15		-2.4378e-05		
57.2		-2.4133e-05		
57.25		-2.389e-05		
57.3		-2.3651e-05		
57.35		-2.3415e-05		
57.4		-2.3182e-05		
57.45		-2.2951e-05		
57.5		-2.2724e-05		
57.55		-2.25e-05		
57.6		-2.2279e-05		
57.65		-2.2061e-05		
57.7		-2.1845e-05		
57.75		-2.1633e-05		
57.8		-2.1423e-05		
57.85		-2.1215e-05		
57.9		-2.1011e-05		
57.95		-2.0809e-05		
58		-2.0609e-05		
58.05		-2.0412e-05		
58.1		-2.0218e-05		
58.15		-2.0026e-05		
58.2		-1.9837e-05		
58.25		-1.9649e-05		
58.3		-1.9465e-05		
58.35		-1.9282e-05		
58.4		-1.9102e-05		
58.45		-1.8924e-05		
58.5		-1.8748e-05		
58.55		-1.8575e-05		
58.6		-1.8404e-05		
58.65		-1.8234e-05		
58.7		-1.8067e-05		
58.75		-1.7902e-05		
58.8		-1.7739e-05		
58.85		-1.7578e-05		
58.9		-1.7419e-05		
58.95		-1.7261e-05		
59		-1.7106e-05		
59.05		-1.6953e-05		
59.1		-1.6801e-05		
59.15		-1.6652e-05		
59.2		-1.6504e-05		
59.25		-1.6358e-05		
59.3		-1.6213e-05		
59.35		-1.607e-05		
59.4		-1.5929e-05		
59.45		-1.579e-05		
59.5		-1.5653e-05		
59.55		-1.5517e-05		
59.6		-1.5382e-05		
59.65		-1.5249e-05		
59.7		-1.5118e-05		
59.75		-1.4988e-05		
59.8		-1.486e-05		
59.85		-1.4733e-05		
59.9		-1.4608e-05		
59.95		-1.4484e-05		
60		-1.4362e-05		
60.05		-1.4241e-05		
60.1		-1.4121e-05		
60.15		-1.4003e-05		
60.2		-1.3886e-05		
60.25		-1.377e-05		
60.3		-1.3656e-05		
60.35		-1.3543e-05		
60.4		-1.3431e-05		
60.45		-1.3321e-05		
60.5		-1.3212e-05		
60.55		-1.3104e-05		
60.6		-1.2997e-05		
60.65		-1.2892e-05		
60.7		-1.2787e-05		
60.75		-1.2684e-05		
60.8		-1.2582e-05		
60.85		-1.2481e-05		
60.9		-1.2381e-05		
60.95		-1.2282e-05		
61		-1.2184e-05		
61.05		-1.2088e-05		
61.1		-1.1992e-05		
61.15		-1.1898e-05		
61.2		-1.1804e-05		
61.25		-1.1712e-05		
61.3		-1.162e-05		
61.35		-1.1529e-05		
61.4		-1.144e-05		
61.45		-1.1351e-05		
61.5		-1.1264e-05		
61.55		-1.1177e-05		
61.6		-1.1091e-05		
61.65		-1.1006e-05		
61.7		-1.0922e-05		
61.75		-1.0839e-05		
61.8		-1.0756e-05		
61.85		-1.0675e-05		
61.9		-1.0594e-05		
61.95		-1.0515e-05		
62		-1.0436e-05		
62.05		-1.0357e-05		
62.1		-1.028e-05		
62.15		-1.0204e-05		
62.2		-1.0128e-05		
62.25		-1.0053e-05		
62.3		-9.9786e-06		
62.35		-9.9052e-06		
62.4		-9.8324e-06		
62.45		-9.7604e-06		
62.5		-9.6891e-06		
62.55		-9.6186e-06		
62.6		-9.5487e-06		
62.65		-9.4796e-06		
62.7		-9.4111e-06		
62.75		-9.3433e-06		
62.8		-9.2762e-06		
62.85		-9.2097e-06		
62.9		-9.1439e-06		
62.95		-9.0787e-06		
63		-9.0142e-06		
63.05		-8.9503e-06		
63.1		-8.887e-06		
63.15		-8.8244e-06		
63.2		-8.7623e-06		
63.25		-8.7008e-06		
63.3		-8.64e-06		
63.35		-8.5797e-06		
63.4		-8.52e-06		
63.45		-8.4609e-06		
63.5		-8.4023e-06		
63.55		-8.3443e-06		
63.6		-8.2868e-06		
63.65		-8.2299e-06		
63.7		-8.1735e-06		
63.75		-8.1176e-06		
63.8		-8.0623e-06		
63.85		-8.0074e-06		
63.9		-7.9531e-06		
63.95		-7.8993e-06		
64		-7.846e-06		
64.05		-7.7932e-06		
64.1		-7.7409e-06		
64.15		-7.689e-06		
64.2		-7.6377e-06		
64.25		-7.5868e-06		
64.3		-7.5363e-06		
64.35		-7.4864e-06		
64.4		-7.4368e-06		
64.45		-7.3878e-06		
64.5		-7.3391e-06		
64.55		-7.2909e-06		
64.6		-7.2432e-06		
64.65		-7.1958e-06		
64.7		-7.1489e-06		
64.75		-7.1024e-06		
64.8		-7.0564e-06		
64.85		-7.0107e-06		
64.9		-6.9654e-06		
64.95		-6.9206e-06		
65		-6.8761e-06		
65.05		-6.832e-06		
65.1		-6.7883e-06		
65.15		-6.745e-06		
65.2		-6.7021e-06		
65.25		-6.6595e-06		
65.3		-6.6174e-06		
65.35		-6.5755e-06		
65.4		-6.5341e-06		
65.45		-6.493e-06		
65.5		-6.4522e-06		
65.55		-6.4118e-06		
65.6		-6.3717e-06		
65.65		-6.332e-06		
65.7		-6.2926e-06		
65.75		-6.2536e-06		
65.8		-6.2149e-06		
65.85		-6.1765e-06		
65.9		-6.1384e-06		
65.95		-6.1007e-06		
66		-6.0633e-06		
66.05		-6.0262e-06		
66.1		-5.9894e-06		
66.15		-5.9529e-06		
66.2		-5.9167e-06		
66.25		-5.8808e-06		
66.3		-5.8452e-06		
66.35		-5.8099e-06		
66.4		-5.7749e-06		
66.45		-5.7401e-06		
66.5		-5.7057e-06		
66.55		-5.6715e-06		
66.6		-5.6376e-06		
66.65		-5.604e-06		
66.7		-5.5707e-06		
66.75		-5.5376e-06		
66.8		-5.5048e-06		
66.85		-5.4723e-06		
66.9		-5.44e-06		
66.95		-5.408e-06		
67		-5.3763e-06		
67.05		-5.3448e-06		
67.1		-5.3135e-06		
67.15		-5.2825e-06		
67.2		-5.2517e-06		
67.25		-5.2212e-06		
67.3		-5.191e-06		
67.35		-5.1609e-06		
67.4		-5.1311e-06		
67.45		-5.1016e-06		
67.5		-5.0722e-06		
67.55		-5.0431e-06		
67.6		-5.0142e-06		
67.65		-4.9856e-06		
67.7		-4.9572e-06		
67.75		-4.9289e-06		
67.8		-4.901e-06		
67.85		-4.8732e-06		
67.9		-4.8456e-06		
67.95		-4.8183e-06		
68		-4.7911e-06		
68.05		-4.7642e-06		
68.1		-4.7374e-06		
68.15		-4.7109e-06		
68.2		-4.6846e-06		
68.25		-4.6585e-06		
68.3		-4.6325e-06		
68.35		-4.6068e-06		
68.4		-4.5812e-06		
68.45		-4.5559e-06		
68.5		-4.5307e-06		
68.55		-4.5058e-06		
68.6		-4.481e-06		
68.65		-4.4564e-06		
68.7		-4.432e-06		
68.75		-4.4077e-06		
68.8		-4.3837e-06		
68.85		-4.3598e-06		
68.9		-4.3361e-06		
68.95		-4.3125e-06		
69		-4.2892e-06		
69.05		-4.266e-06		
69.1		-4.243e-06		
69.15		-4.2201e-06		
69.2		-4.1974e-06		
69.25		-4.1749e-06		
69.3		-4.1525e-06		
69.35		-4.1304e-06		
69.4		-4.1083e-06		
69.45		-4.0864e-06		
69.5		-4.0647e-06		
69.55		-4.0431e-06		
69.6		-4.0217e-06		
69.65		-4.0005e-06		
69.7		-3.9794e-06		
69.75		-3.9584e-06		
69.8		-3.9376e-06		
69.85		-3.9169e-06		
69.9		-3.8964e-06		
69.95		-3.8761e-06		
70		-3.8558e-06		
70.05		-3.8357e-06		
70.1		-3.8158e-06		
70.15		-3.796e-06		
70.2		-3.7763e-06		
70.25		-3.7568e-06		
70.3		-3.7374e-06		
70.35		-3.7181e-06		
70.4		-3.699e-06		
70.45		-3.68e-06		
70.5		-3.6611e-06		
70.55		-3.6424e-06		
70.6		-3.6238e-06		
70.65		-3.6053e-06		
70.7		-3.587e-06		
70.75		-3.5687e-06		
70.8		-3.5506e-06		
70.85		-3.5327e-06		
70.9		-3.5148e-06		
70.95		-3.4971e-06		
71		-3.4794e-06		
71.05		-3.4619e-06		
71.1		-3.4446e-06		
71.15		-3.4273e-06		
71.2		-3.4102e-06		
71.25		-3.3931e-06		
71.3		-3.3762e-06		
71.35		-3.3594e-06		
71.4		-3.3427e-06		
71.45		-3.3261e-06		
71.5		-3.3096e-06		
71.55		-3.2933e-06		
71.6		-3.277e-06		
71.65		-3.2609e-06		
71.7		-3.2448e-06		
71.75		-3.2289e-06		
71.8		-3.213e-06		
71.85		-3.1973e-06		
71.9		-3.1817e-06		
71.95		-3.1662e-06		
72		-3.1507e-06		
72.05		-3.1354e-06		
72.1		-3.1202e-06		
72.15		-3.105e-06		
72.2		-3.09e-06		
72.25		-3.0751e-06		
72.3		-3.0602e-06		
72.35		-3.0455e-06		
72.4		-3.0308e-06		
72.45		-3.0163e-06		
72.5		-3.0018e-06		
72.55		-2.9875e-06		
72.6		-2.9732e-06		
72.65		-2.959e-06		
72.7		-2.9449e-06		
72.75		-2.9309e-06		
72.8		-2.917e-06		
72.85		-2.9031e-06		
72.9		-2.8894e-06		
72.95		-2.8757e-06		
73		-2.8622e-06		
73.05		-2.8487e-06		
73.1		-2.8353e-06		
73.15		-2.8219e-06		
73.2		-2.8087e-06		
73.25		-2.7955e-06		
73.3		-2.7825e-06		
73.35		-2.7695e-06		
73.4		-2.7565e-06		
73.45		-2.7437e-06		
73.5		-2.731e-06		
73.55		-2.7183e-06		
73.6		-2.7057e-06		
73.65		-2.6932e-06		
73.7		-2.6807e-06		
73.75		-2.6683e-06		
73.8		-2.656e-06		
73.85		-2.6438e-06		
73.9		-2.6317e-06		
73.95		-2.6196e-06		
74		-2.6076e-06		
74.05		-2.5957e-06		
74.1		-2.5838e-06		
74.15		-2.572e-06		
74.2		-2.5603e-06		
74.25		-2.5487e-06		
74.3		-2.5371e-06		
74.35		-2.5256e-06		
74.4		-2.5141e-06		
74.45		-2.5028e-06		
74.5		-2.4915e-06		
74.55		-2.4802e-06		
74.6		-2.4691e-06		
74.65		-2.458e-06		
74.7		-2.4469e-06		
74.75		-2.4359e-06		
74.8		-2.425e-06		
74.85		-2.4142e-06		
74.9		-2.4034e-06		
74.95		-2.3927e-06		
75		-2.382e-06		
75.05		-2.3714e-06		
75.1		-2.3609e-06		
75.15		-2.3504e-06		
75.2		-2.34e-06		
75.25		-2.3297e-06		
75.3		-2.3194e-06		
75.35		-2.3091e-06		
75.4		-2.299e-06		
75.45		-2.2889e-06		
75.5		-2.2788e-06		
75.55		-2.2688e-06		
75.6		-2.2589e-06		
75.65		-2.249e-06		
75.7		-2.2391e-06		
75.75		-2.2294e-06		
75.8		-2.2196e-06		
75.85		-2.21e-06		
75.9		-2.2004e-06		
75.95		-2.1908e-06		
76		-2.1813e-06		
76.05		-2.1719e-06		
76.1		-2.1625e-06		
76.15		-2.1531e-06		
76.2		-2.1438e-06		
76.25		-2.1346e-06		
76.3		-2.1254e-06		
76.35		-2.1163e-06		
76.4		-2.1072e-06		
76.45		-2.0982e-06		
76.5		-2.0892e-06		
76.55		-2.0802e-06		
76.6		-2.0714e-06		
76.65		-2.0625e-06		
76.7		-2.0537e-06		
76.75		-2.045e-06		
76.8		-2.0363e-06		
76.85		-2.0277e-06		
76.9		-2.0191e-06		
76.95		-2.0105e-06		
77		-2.002e-06		
77.05		-1.9935e-06		
77.1		-1.9851e-06		
77.15		-1.9768e-06		
77.2		-1.9684e-06		
77.25		-1.9602e-06		
77.3		-1.9519e-06		
77.35		-1.9438e-06		
77.4		-1.9356e-06		
77.45		-1.9275e-06		
77.5		-1.9195e-06		
77.55		-1.9114e-06		
77.6		-1.9035e-06		
77.65		-1.8955e-06		
77.7		-1.8877e-06		
77.75		-1.8798e-06		
77.8		-1.872e-06		
77.85		-1.8642e-06		
77.9		-1.8565e-06		
77.95		-1.8489e-06		
78		-1.8412e-06		
78.05		-1.8336e-06		
78.1		-1.8261e-06		
78.15		-1.8185e-06		
78.2		-1.8111e-06		
78.25		-1.8036e-06		
78.3		-1.7962e-06		
78.35		-1.7889e-06		
78.4		-1.7815e-06		
78.45		-1.7742e-06		
78.5		-1.767e-06		
78.55		-1.7598e-06		
78.6		-1.7526e-06		
78.65		-1.7455e-06		
78.7		-1.7384e-06		
78.75		-1.7313e-06		
78.8		-1.7243e-06		
78.85		-1.7173e-06		
78.9		-1.7103e-06		
78.95		-1.7034e-06		
79		-1.6965e-06		
79.05		-1.6897e-06		
79.1		-1.6829e-06		
79.15		-1.6761e-06		
79.2		-1.6693e-06		
79.25		-1.6626e-06		
79.3		-1.6559e-06		
79.35		-1.6493e-06		
79.4		-1.6427e-06		
79.45		-1.6361e-06		
79.5		-1.6296e-06		
79.55		-1.6231e-06		
79.6		-1.6166e-06		
79.65		-1.6101e-06		
79.7		-1.6037e-06		
79.75		-1.5973e-06		
79.8		-1.591e-06		
79.85		-1.5847e-06		
79.9		-1.5784e-06		
79.95		-1.5721e-06		
80		-1.5659e-06		
80.05		-1.5597e-06		
80.1		-1.5535e-06		
80.15		-1.5474e-06		
80.2		-1.5413e-06		
80.25		-1.5352e-06		
80.3		-1.5292e-06		
80.35		-1.5232e-06		
80.4		-1.5172e-06		
80.45		-1.5112e-06		
80.5		-1.5053e-06		
80.55		-1.4994e-06		
80.6		-1.4935e-06		
80.65		-1.4877e-06		
80.7		-1.4819e-06		
80.75		-1.4761e-06		
80.8		-1.4704e-06		
80.85		-1.4646e-06		
80.9		-1.4589e-06		
80.95		-1.4532e-06		
81		-1.4476e-06		
81.05		-1.442e-06		
81.1		-1.4364e-06		
81.15		-1.4308e-06		
81.2		-1.4253e-06		
81.25		-1.4198e-06		
81.3		-1.4143e-06		
81.35		-1.4088e-06		
81.4		-1.4034e-06		
81.45		-1.398e-06		
81.5		-1.3926e-06		
81.55		-1.3873e-06		
81.6		-1.3819e-06		
81.65		-1.3766e-06		
81.7		-1.3713e-06		
81.75		-1.3661e-06		
81.8		-1.3608e-06		
81.85		-1.3556e-06		
81.9		-1.3505e-06		
81.95		-1.3453e-06		
82		-1.3402e-06		
82.05		-1.3351e-06		
82.1		-1.33e-06		
82.15		-1.3249e-06		
82.2		-1.3199e-06		
82.25		-1.3148e-06		
82.3		-1.3099e-06		
82.35		-1.3049e-06		
82.4		-1.2999e-06		
82.45		-1.295e-06		
82.5		-1.2901e-06		
82.55		-1.2852e-06		
82.6		-1.2804e-06		
82.65		-1.2755e-06		
82.7		-1.2707e-06		
82.75		-1.2659e-06		
82.8		-1.2612e-06		
82.85		-1.2564e-06		
82.9		-1.2517e-06		
82.95		-1.247e-06		
83		-1.2423e-06		
83.05		-1.2377e-06		
83.1		-1.233e-06		
83.15		-1.2284e-06		
83.2		-1.2238e-06		
83.25		-1.2192e-06		
83.3		-1.2147e-06		
83.35		-1.2101e-06		
83.4		-1.2056e-06		
83.45		-1.2011e-06		
83.5		-1.1966e-06		
83.55		-1.1922e-06		
83.6		-1.1877e-06		
83.65		-1.1833e-06		
83.7		-1.1789e-06		
83.75		-1.1746e-06		
83.8		-1.1702e-06		
83.85		-1.1659e-06		
83.9		-1.1615e-06		
83.95		-1.1572e-06		
84		-1.153e-06		
84.05		-1.1487e-06		
84.1		-1.1445e-06		
84.15		-1.1402e-06		
84.2		-1.136e-06		
84.25		-1.1318e-06		
84.3		-1.1277e-06		
84.35		-1.1235e-06		
84.4		-1.1194e-06		
84.45		-1.1153e-06		
84.5		-1.1112e-06		
84.55		-1.1071e-06		
84.6		-1.103e-06		
84.65		-1.099e-06		
84.7		-1.095e-06		
84.75		-1.091e-06		
84.8		-1.087e-06		
84.85		-1.083e-06		
84.9		-1.0791e-06		
84.95		-1.0751e-06		
85		-1.0712e-06		
85.05		-1.0673e-06		
85.1		-1.0634e-06		
85.15		-1.0595e-06		
85.2		-1.0557e-06		
85.25		-1.0518e-06		
85.3		-1.048e-06		
85.35		-1.0442e-06		
85.4		-1.0404e-06		
85.45		-1.0366e-06		
85.5		-1.0329e-06		
85.55		-1.0291e-06		
85.6		-1.0254e-06		
85.65		-1.0217e-06		
85.7		-1.018e-06		
85.75		-1.0143e-06		
85.8		-1.0107e-06		
85.85		-1.007e-06		
85.9		-1.0034e-06		
85.95		-9.9977e-07		
86		-9.9617e-07		
86.05		-9.9258e-07		
86.1		-9.8901e-07		
86.15		-9.8545e-07		
86.2		-9.8191e-07		
86.25		-9.7838e-07		
86.3		-9.7487e-07		
86.35		-9.7137e-07		
86.4		-9.6789e-07		
86.45		-9.6442e-07		
86.5		-9.6096e-07		
86.55		-9.5752e-07		
86.6		-9.541e-07		
86.65		-9.5068e-07		
86.7		-9.4729e-07		
86.75		-9.439e-07		
86.8		-9.4053e-07		
86.85		-9.3718e-07		
86.9		-9.3383e-07		
86.95		-9.3051e-07		
87		-9.2719e-07		
87.05		-9.2389e-07		
87.1		-9.206e-07		
87.15		-9.1733e-07		
87.2		-9.1407e-07		
87.25		-9.1082e-07		
87.3		-9.0758e-07		
87.35		-9.0436e-07		
87.4		-9.0115e-07		
87.45		-8.9796e-07		
87.5		-8.9478e-07		
87.55		-8.9161e-07		
87.6		-8.8845e-07		
87.65		-8.8531e-07		
87.7		-8.8217e-07		
87.75		-8.7906e-07		
87.8		-8.7595e-07		
87.85		-8.7286e-07		
87.9		-8.6977e-07		
87.95		-8.6671e-07		
88		-8.6365e-07		
88.05		-8.606e-07		
88.1		-8.5757e-07		
88.15		-8.5455e-07		
88.2		-8.5154e-07		
88.25		-8.4855e-07		
88.3		-8.4556e-07		
88.35		-8.4259e-07		
88.4		-8.3963e-07		
88.45		-8.3668e-07		
88.5		-8.3374e-07		
88.55		-8.3082e-07		
88.6		-8.279e-07		
88.65		-8.25e-07		
88.7		-8.2211e-07		
88.75		-8.1923e-07		
88.8		-8.1636e-07		
88.85		-8.135e-07		
88.9		-8.1066e-07		
88.95		-8.0782e-07		
89		-8.05e-07		
89.05		-8.0219e-07		
89.1		-7.9939e-07		
89.15		-7.9659e-07		
89.2		-7.9381e-07		
89.25		-7.9105e-07		
89.3		-7.8829e-07		
89.35		-7.8554e-07		
89.4		-7.828e-07		
89.45		-7.8008e-07		
89.5		-7.7736e-07		
89.55		-7.7465e-07		
89.6		-7.7196e-07		
89.65		-7.6928e-07		
89.7		-7.666e-07		
89.75		-7.6394e-07		
89.8		-7.6128e-07		
89.85		-7.5864e-07		
89.9		-7.5601e-07		
89.95		-7.5338e-07		
90		-7.5077e-07		
90.05		-7.4817e-07		
90.1		-7.4557e-07		
90.15		-7.4299e-07		
90.2		-7.4042e-07		
90.25		-7.3785e-07		
90.3		-7.353e-07		
90.35		-7.3276e-07		
90.4		-7.3022e-07		
90.45		-7.277e-07		
90.5		-7.2518e-07		
90.55		-7.2267e-07		
90.6		-7.2018e-07		
90.65		-7.1769e-07		
90.7		-7.1521e-07		
90.75		-7.1274e-07		
90.8		-7.1029e-07		
90.85		-7.0784e-07		
90.9		-7.054e-07		
90.95		-7.0296e-07		
91		-7.0054e-07		
91.05		-6.9813e-07		
91.1		-6.9572e-07		
91.15		-6.9333e-07		
91.2		-6.9094e-07		
91.25		-6.8857e-07		
91.3		-6.862e-07		
91.35		-6.8384e-07		
91.4		-6.8149e-07		
91.45		-6.7914e-07		
91.5		-6.7681e-07		
91.55		-6.7449e-07		
91.6		-6.7217e-07		
91.65		-6.6986e-07		
91.7		-6.6756e-07		
91.75		-6.6527e-07		
91.8		-6.6299e-07		
91.85		-6.6072e-07		
91.9		-6.5845e-07		
91.95		-6.5619e-07		
92		-6.5394e-07		
92.05		-6.517e-07		
92.1		-6.4947e-07		
92.15		-6.4725e-07		
92.2		-6.4503e-07		
92.25		-6.4282e-07		
92.3		-6.4062e-07		
92.35		-6.3843e-07		
92.4		-6.3625e-07		
92.45		-6.3407e-07		
92.5		-6.319e-07		
92.55		-6.2974e-07		
92.6		-6.2759e-07		
92.65		-6.2545e-07		
92.7		-6.2331e-07		
92.75		-6.2118e-07		
92.8		-6.1906e-07		
92.85		-6.1695e-07		
92.9		-6.1484e-07		
92.95		-6.1274e-07		
93		-6.1065e-07		
93.05		-6.0857e-07		
93.1		-6.0649e-07		
93.15		-6.0442e-07		
93.2		-6.0236e-07		
93.25		-6.0031e-07		
93.3		-5.9826e-07		
93.35		-5.9622e-07		
93.4		-5.9419e-07		
93.45		-5.9217e-07		
93.5		-5.9015e-07		
93.55		-5.8814e-07		
93.6		-5.8614e-07		
93.65		-5.8414e-07		
93.7		-5.8215e-07		
93.75		-5.8017e-07		
93.8		-5.782e-07		
93.85		-5.7623e-07		
93.9		-5.7427e-07		
93.95		-5.7232e-07		
94		-5.7037e-07		
94.05		-5.6843e-07		
94.1		-5.665e-07		
94.15		-5.6457e-07		
94.2		-5.6265e-07		
94.25		-5.6074e-07		
94.3		-5.5883e-07		
94.35		-5.5693e-07		
94.4		-5.5504e-07		
94.45		-5.5316e-07		
94.5		-5.5128e-07		
94.55		-5.494e-07		
94.6		-5.4754e-07		
94.65		-5.4568e-07		
94.7		-5.4382e-07		
94.75		-5.4198e-07		
94.8		-5.4014e-07		
94.85		-5.383e-07		
94.9		-5.3648e-07		
94.95		-5.3466e-07		
95		-5.3284e-07		
95.05		-5.3103e-07		
95.1		-5.2923e-07		
95.15		-5.2743e-07		
95.2		-5.2564e-07		
95.25		-5.2386e-07		
95.3		-5.2208e-07		
95.35		-5.2031e-07		
95.4		-5.1855e-07		
95.45		-5.1679e-07		
95.5		-5.1504e-07		
95.55		-5.1329e-07		
95.6		-5.1155e-07		
95.65		-5.0981e-07		
95.7		-5.0808e-07		
95.75		-5.0636e-07		
95.8		-5.0464e-07		
95.85		-5.0293e-07		
95.9		-5.0123e-07		
95.95		-4.9953e-07		
96		-4.9783e-07		
96.05		-4.9614e-07		
96.1		-4.9446e-07		
96.15		-4.9279e-07		
96.2		-4.9111e-07		
96.25		-4.8945e-07		
96.3		-4.8779e-07		
96.35		-4.8614e-07		
96.4		-4.8449e-07		
96.45		-4.8285e-07		
96.5		-4.8121e-07		
96.55		-4.7958e-07		
96.6		-4.7795e-07		
96.65		-4.7633e-07		
96.7		-4.7471e-07		
96.75		-4.731e-07		
96.8		-4.715e-07		
96.85		-4.699e-07		
96.9		-4.6831e-07		
96.95		-4.6672e-07		
97		-4.6514e-07		
97.05		-4.6356e-07		
97.1		-4.6199e-07		
97.15		-4.6042e-07		
97.2		-4.5886e-07		
97.25		-4.573e-07		
97.3		-4.5575e-07		
97.35		-4.542e-07		
97.4		-4.5266e-07		
97.45		-4.5113e-07		
97.5		-4.496e-07		
97.55		-4.4807e-07		
97.6		-4.4655e-07		
97.65		-4.4503e-07		
97.7		-4.4352e-07		
97.75		-4.4202e-07		
97.8		-4.4052e-07		
97.85		-4.3902e-07		
97.9		-4.3753e-07		
97.95		-4.3605e-07		
98		-4.3457e-07		
98.05		-4.3309e-07		
98.1		-4.3162e-07		
98.15		-4.3015e-07		
98.2		-4.2869e-07		
98.25		-4.2723e-07		
98.3		-4.2578e-07		
98.35		-4.2434e-07		
98.4		-4.2289e-07		
98.45		-4.2146e-07		
98.5		-4.2002e-07		
98.55		-4.1859e-07		
98.6		-4.1717e-07		
98.65		-4.1575e-07		
98.7		-4.1433e-07		
98.75		-4.1292e-07		
98.8		-4.1151e-07		
98.85		-4.0999e-07		
98.9		-4.0874e-07		
98.95		-4.0734e-07		
99		-4.0595e-07		
99.05		-4.0457e-07		
99.1		-4.0319e-07		
99.15		-4.0182e-07		
99.2		-4.0045e-07		
99.25		-3.9908e-07		
99.3		-3.9772e-07		
99.35		-3.9637e-07		
99.4		-3.9502e-07		
99.45		-3.9367e-07		
99.5		-3.9233e-07		
99.55		-3.9099e-07		
99.6		-3.8966e-07		
99.65		-3.8833e-07		
99.7		-3.87e-07		
99.75		-3.8568e-07		
99.8		-3.8437e-07		
99.85		-3.8305e-07		
99.9		-3.8175e-07		
99.95		-3.8044e-07		
100		-3.7914e-07		
