t [fm]		e/e0
0.25		1
0.3		0.83174		
0.35		0.71071		
0.4		0.61953		
0.45		0.54841		
0.5		0.49142		
0.55		0.44474		
0.6		0.40581		
0.65		0.37287		
0.7		0.34464		
0.75		0.32018		
0.8		0.29879		
0.85		0.27993		
0.9		0.26318		
0.95		0.2482		
1		0.23474		
1.05		0.22257		
1.1		0.21152		
1.15		0.20145		
1.2		0.19223		
1.25		0.18376		
1.3		0.17595		
1.35		0.16873		
1.4		0.16204		
1.45		0.15582		
1.5		0.15003		
1.55		0.14462		
1.6		0.13956		
1.65		0.13481		
1.7		0.13035		
1.75		0.12616		
1.8		0.12221		
1.85		0.11847		
1.9		0.11494		
1.95		0.1116		
2		0.10843		
2.05		0.10543		
2.1		0.10257		
2.15		0.099847		
2.2		0.097257		
2.25		0.094787		
2.3		0.092429		
2.35		0.090176		
2.4		0.088022		
2.45		0.085959		
2.5		0.083984		
2.55		0.08209		
2.6		0.080273		
2.65		0.078528		
2.7		0.076851		
2.75		0.075238		
2.8		0.073687		
2.85		0.072193		
2.9		0.070753		
2.95		0.069365		
3		0.068027		
3.05		0.066734		
3.1		0.065486		
3.15		0.064281		
3.2		0.063115		
3.25		0.061987		
3.3		0.060896		
3.35		0.059839		
3.4		0.058816		
3.45		0.057824		
3.5		0.056863		
3.55		0.05593		
3.6		0.055026		
3.65		0.054147		
3.7		0.053294		
3.75		0.052466		
3.8		0.051661		
3.85		0.050878		
3.9		0.050117		
3.95		0.049376		
4		0.048655		
4.05		0.047954		
4.1		0.047271		
4.15		0.046605		
4.2		0.045957		
4.25		0.045325		
4.3		0.044709		
4.35		0.044108		
4.4		0.043522		
4.45		0.04295		
4.5		0.042391		
4.55		0.041846		
4.6		0.041314		
4.65		0.040794		
4.7		0.040286		
4.75		0.03979		
4.8		0.039305		
4.85		0.03883		
4.9		0.038366		
4.95		0.037913		
5		0.037469		
5.05		0.037034		
5.1		0.036609		
5.15		0.036193		
5.2		0.035785		
5.25		0.035386		
5.3		0.034995		
5.35		0.034612		
5.4		0.034236		
5.45		0.033869		
5.5		0.033508		
5.55		0.033154		
5.6		0.032807		
5.65		0.032467		
5.7		0.032134		
5.75		0.031806		
5.8		0.031485		
5.85		0.03117		
5.9		0.030861		
5.95		0.030557		
6		0.030259		
6.05		0.029966		
6.1		0.029678		
6.15		0.029395		
6.2		0.029118		
6.25		0.028845		
6.3		0.028577		
6.35		0.028313		
6.4		0.028054		
6.45		0.0278		
6.5		0.027549		
6.55		0.027303		
6.6		0.027061		
6.65		0.026823		
6.7		0.026588		
6.75		0.026358		
6.8		0.026131		
6.85		0.025908		
6.9		0.025688		
6.95		0.025472		
7		0.025259		
7.05		0.025049		
7.1		0.024843		
7.15		0.02464		
7.2		0.02444		
7.25		0.024243		
7.3		0.024048		
7.35		0.023857		
7.4		0.023668		
7.45		0.023483		
7.5		0.0233		
7.55		0.023119		
7.6		0.022942		
7.65		0.022766		
7.7		0.022593		
7.75		0.022423		
7.8		0.022255		
7.85		0.022089		
7.9		0.021926		
7.95		0.021765		
8		0.021606		
8.05		0.021449		
8.1		0.021295		
8.15		0.021142		
8.2		0.020992		
8.25		0.020843		
8.3		0.020696		
8.35		0.020552		
8.4		0.020409		
8.45		0.020268		
8.5		0.020129		
8.55		0.019992		
8.6		0.019856		
8.65		0.019722		
8.7		0.01959		
8.75		0.019459		
8.8		0.01933		
8.85		0.019203		
8.9		0.019077		
8.95		0.018953		
9		0.01883		
9.05		0.018709		
9.1		0.018589		
9.15		0.018471		
9.2		0.018354		
9.25		0.018238		
9.3		0.018124		
9.35		0.018011		
9.4		0.017899		
9.45		0.017789		
9.5		0.01768		
9.55		0.017572		
9.6		0.017465		
9.65		0.01736		
9.7		0.017256		
9.75		0.017153		
9.8		0.017051		
9.85		0.01695		
9.9		0.016851		
9.95		0.016752		
10		0.016655		
10.05		0.016558		
10.1		0.016463		
10.15		0.016368		
10.2		0.016275		
10.25		0.016183		
10.3		0.016091		
10.35		0.016001		
10.4		0.015912		
10.45		0.015823		
10.5		0.015735		
10.55		0.015649		
10.6		0.015563		
10.65		0.015478		
10.7		0.015394		
10.75		0.015311		
10.8		0.015229		
10.85		0.015147		
10.9		0.015066		
10.95		0.014986		
11		0.014907		
11.05		0.014829		
11.1		0.014751		
11.15		0.014675		
11.2		0.014599		
11.25		0.014523		
11.3		0.014449		
11.35		0.014375		
11.4		0.014302		
11.45		0.014229		
11.5		0.014157		
11.55		0.014086		
11.6		0.014016		
11.65		0.013946		
11.7		0.013877		
11.75		0.013809		
11.8		0.013741		
11.85		0.013673		
11.9		0.013607		
11.95		0.013541		
12		0.013475		
12.05		0.013411		
12.1		0.013346		
12.15		0.013283		
12.2		0.01322		
12.25		0.013157		
12.3		0.013095		
12.35		0.013034		
12.4		0.012973		
12.45		0.012913		
12.5		0.012853		
12.55		0.012794		
12.6		0.012735		
12.65		0.012676		
12.7		0.012619		
12.75		0.012561		
12.8		0.012505		
12.85		0.012448		
12.9		0.012392		
12.95		0.012337		
13		0.012282		
13.05		0.012228		
13.1		0.012174		
13.15		0.01212		
13.2		0.012067		
13.25		0.012014		
13.3		0.011962		
13.35		0.01191		
13.4		0.011859		
13.45		0.011808		
13.5		0.011758		
13.55		0.011707		
13.6		0.011658		
13.65		0.011608		
13.7		0.011559		
13.75		0.011511		
13.8		0.011463		
13.85		0.011415		
13.9		0.011367		
13.95		0.01132		
14		0.011274		
14.05		0.011227		
14.1		0.011181		
14.15		0.011136		
14.2		0.01109		
14.25		0.011045		
14.3		0.011001		
14.35		0.010957		
14.4		0.010913		
14.45		0.010869		
14.5		0.010826		
14.55		0.010783		
14.6		0.01074		
14.65		0.010698		
14.7		0.010656		
14.75		0.010614		
14.8		0.010573		
14.85		0.010532		
14.9		0.010491		
14.95		0.010451		
15		0.01041		
15.05		0.010371		
15.1		0.010331		
15.15		0.010292		
15.2		0.010253		
15.25		0.010214		
15.3		0.010175		
15.35		0.010137		
15.4		0.010099		
15.45		0.010062		
15.5		0.010024		
15.55		0.0099871		
15.6		0.0099502		
15.65		0.0099136		
15.7		0.0098772		
15.75		0.0098411		
15.8		0.0098052		
15.85		0.0097696		
15.9		0.0097342		
15.95		0.009699		
16		0.0096641		
16.05		0.0096295		
16.1		0.009595		
16.15		0.0095608		
16.2		0.0095268		
16.25		0.0094931		
16.3		0.0094596		
16.35		0.0094263		
16.4		0.0093932		
16.45		0.0093603		
16.5		0.0093277		
16.55		0.0092953		
16.6		0.0092631		
16.65		0.009231		
16.7		0.0091992		
16.75		0.0091677		
16.8		0.0091363		
16.85		0.0091051		
16.9		0.0090741		
16.95		0.0090433		
17		0.0090127		
17.05		0.0089823		
17.1		0.0089521		
17.15		0.0089221		
17.2		0.0088923		
17.25		0.0088627		
17.3		0.0088332		
17.35		0.0088039		
17.4		0.0087749		
17.45		0.008746		
17.5		0.0087172		
17.55		0.0086887		
17.6		0.0086603		
17.65		0.0086321		
17.7		0.0086041		
17.75		0.0085763		
17.8		0.0085486		
17.85		0.0085211		
17.9		0.0084937		
17.95		0.0084665		
18		0.0084395		
18.05		0.0084127		
18.1		0.008386		
18.15		0.0083594		
18.2		0.0083331		
18.25		0.0083069		
18.3		0.0082808		
18.35		0.0082549		
18.4		0.0082291		
18.45		0.0082035		
18.5		0.0081781		
18.55		0.0081528		
18.6		0.0081276		
18.65		0.0081026		
18.7		0.0080777		
18.75		0.008053		
18.8		0.0080284		
18.85		0.008004		
18.9		0.0079797		
18.95		0.0079555		
19		0.0079315		
19.05		0.0079076		
19.1		0.0078839		
19.15		0.0078602		
19.2		0.0078368		
19.25		0.0078134		
19.3		0.0077902		
19.35		0.0077671		
19.4		0.0077441		
19.45		0.0077213		
19.5		0.0076986		
19.55		0.007676		
19.6		0.0076536		
19.65		0.0076312		
19.7		0.007609		
19.75		0.0075869		
19.8		0.007565		
19.85		0.0075431		
19.9		0.0075214		
19.95		0.0074998		
20		0.0074783		
20.05		0.0074569		
20.1		0.0074357		
20.15		0.0074145		
20.2		0.0073935		
20.25		0.0073726		
20.3		0.0073517		
20.35		0.007331		
20.4		0.0073105		
20.45		0.00729		
20.5		0.0072696		
20.55		0.0072493		
20.6		0.0072292		
20.65		0.0072091		
20.7		0.0071892		
20.75		0.0071693		
20.8		0.0071496		
20.85		0.00713		
20.9		0.0071104		
20.95		0.007091		
21		0.0070717		
21.05		0.0070524		
21.1		0.0070333		
21.15		0.0070142		
21.2		0.0069953		
21.25		0.0069765		
21.3		0.0069577		
21.35		0.006939		
21.4		0.0069205		
21.45		0.006902		
21.5		0.0068836		
21.55		0.0068654		
21.6		0.0068472		
21.65		0.0068291		
21.7		0.0068111		
21.75		0.0067931		
21.8		0.0067753		
21.85		0.0067576		
21.9		0.0067399		
21.95		0.0067223		
22		0.0067049		
22.05		0.0066875		
22.1		0.0066701		
22.15		0.0066529		
22.2		0.0066358		
22.25		0.0066187		
22.3		0.0066017		
22.35		0.0065848		
22.4		0.006568		
22.45		0.0065513		
22.5		0.0065346		
22.55		0.0065181		
22.6		0.0065016		
22.65		0.0064852		
22.7		0.0064688		
22.75		0.0064526		
22.8		0.0064364		
22.85		0.0064203		
22.9		0.0064043		
22.95		0.0063883		
23		0.0063724		
23.05		0.0063566		
23.1		0.0063409		
23.15		0.0063252		
23.2		0.0063096		
23.25		0.0062941		
23.3		0.0062787		
23.35		0.0062633		
23.4		0.006248		
23.45		0.0062328		
23.5		0.0062176		
23.55		0.0062025		
23.6		0.0061875		
23.65		0.0061726		
23.7		0.0061577		
23.75		0.0061429		
23.8		0.0061281		
23.85		0.0061135		
23.9		0.0060988		
23.95		0.0060843		
24		0.0060698		
24.05		0.0060554		
24.1		0.006041		
24.15		0.0060267		
24.2		0.0060125		
24.25		0.0059984		
24.3		0.0059843		
24.35		0.0059702		
24.4		0.0059562		
24.45		0.0059423		
24.5		0.0059285		
24.55		0.0059147		
24.6		0.005901		
24.65		0.0058873		
24.7		0.0058737		
24.75		0.0058601		
24.8		0.0058466		
24.85		0.0058332		
24.9		0.0058198		
24.95		0.0058065		
25		0.0057932		
25.05		0.00578		
25.1		0.0057669		
25.15		0.0057538		
25.2		0.0057408		
25.25		0.0057278		
25.3		0.0057149		
25.35		0.005702		
25.4		0.0056892		
25.45		0.0056764		
25.5		0.0056637		
25.55		0.0056511		
25.6		0.0056385		
25.65		0.0056259		
25.7		0.0056134		
25.75		0.005601		
25.8		0.0055886		
25.85		0.0055763		
25.9		0.005564		
25.95		0.0055517		
26		0.0055395		
26.05		0.0055274		
26.1		0.0055153		
26.15		0.0055033		
26.2		0.0054913		
26.25		0.0054794		
26.3		0.0054675		
26.35		0.0054556		
26.4		0.0054439		
26.45		0.0054321		
26.5		0.0054204		
26.55		0.0054088		
26.6		0.0053972		
26.65		0.0053856		
26.7		0.0053741		
26.75		0.0053627		
26.8		0.0053512		
26.85		0.0053399		
26.9		0.0053286		
26.95		0.0053173		
27		0.005306		
27.05		0.0052949		
27.1		0.0052837		
27.15		0.0052726		
27.2		0.0052616		
27.25		0.0052506		
27.3		0.0052396		
27.35		0.0052287		
27.4		0.0052178		
27.45		0.0052069		
27.5		0.0051961		
27.55		0.0051854		
27.6		0.0051747		
27.65		0.005164		
27.7		0.0051534		
27.75		0.0051428		
27.8		0.0051322		
27.85		0.0051217		
27.9		0.0051113		
27.95		0.0051008		
28		0.0050905		
28.05		0.0050801		
28.1		0.0050698		
28.15		0.0050595		
28.2		0.0050493		
28.25		0.0050391		
28.3		0.005029		
28.35		0.0050189		
28.4		0.0050088		
28.45		0.0049988		
28.5		0.0049888		
28.55		0.0049788		
28.6		0.0049689		
28.65		0.004959		
28.7		0.0049492		
28.75		0.0049393		
28.8		0.0049296		
28.85		0.0049198		
28.9		0.0049101		
28.95		0.0049005		
29		0.0048908		
29.05		0.0048812		
29.1		0.0048717		
29.15		0.0048622		
29.2		0.0048527		
29.25		0.0048432		
29.3		0.0048338		
29.35		0.0048244		
29.4		0.0048151		
29.45		0.0048058		
29.5		0.0047965		
29.55		0.0047872		
29.6		0.004778		
29.65		0.0047688		
29.7		0.0047597		
29.75		0.0047506		
29.8		0.0047415		
29.85		0.0047324		
29.9		0.0047234		
29.95		0.0047144		
30		0.0047055		
30.05		0.0046966		
30.1		0.0046877		
30.15		0.0046788		
30.2		0.00467		
30.25		0.0046612		
30.3		0.0046524		
30.35		0.0046437		
30.4		0.004635		
30.45		0.0046263		
30.5		0.0046177		
30.55		0.0046091		
30.6		0.0046005		
30.65		0.004592		
30.7		0.0045834		
30.75		0.0045749		
30.8		0.0045665		
30.85		0.0045581		
30.9		0.0045497		
30.95		0.0045413		
31		0.0045329		
31.05		0.0045246		
31.1		0.0045163		
31.15		0.0045081		
31.2		0.0044999		
31.25		0.0044917		
31.3		0.0044835		
31.35		0.0044753		
31.4		0.0044672		
31.45		0.0044591		
31.5		0.0044511		
31.55		0.004443		
31.6		0.004435		
31.65		0.0044271		
31.7		0.0044191		
31.75		0.0044112		
31.8		0.0044033		
31.85		0.0043954		
31.9		0.0043876		
31.95		0.0043797		
32		0.0043719		
32.05		0.0043642		
32.1		0.0043564		
32.15		0.0043487		
32.2		0.004341		
32.25		0.0043334		
32.3		0.0043257		
32.35		0.0043181		
32.4		0.0043105		
32.45		0.004303		
32.5		0.0042954		
32.55		0.0042879		
32.6		0.0042804		
32.65		0.0042729		
32.7		0.0042655		
32.75		0.0042581		
32.8		0.0042507		
32.85		0.0042433		
32.9		0.004236		
32.95		0.0042287		
33		0.0042214		
33.05		0.0042141		
33.1		0.0042068		
33.15		0.0041996		
33.2		0.0041924		
33.25		0.0041852		
33.3		0.0041781		
33.35		0.0041709		
33.4		0.0041638		
33.45		0.0041568		
33.5		0.0041497		
33.55		0.0041426		
33.6		0.0041356		
33.65		0.0041286		
33.7		0.0041216		
33.75		0.0041147		
33.8		0.0041078		
33.85		0.0041009		
33.9		0.004094		
33.95		0.0040871		
34		0.0040803		
34.05		0.0040734		
34.1		0.0040666		
34.15		0.0040598		
34.2		0.0040531		
34.25		0.0040463		
34.3		0.0040396		
34.35		0.0040329		
34.4		0.0040263		
34.45		0.0040196		
34.5		0.004013		
34.55		0.0040064		
34.6		0.0039998		
34.65		0.0039932		
34.7		0.0039866		
34.75		0.0039801		
34.8		0.0039736		
34.85		0.0039671		
34.9		0.0039606		
34.95		0.0039542		
35		0.0039477		
35.05		0.0039413		
35.1		0.0039349		
35.15		0.0039286		
35.2		0.0039222		
35.25		0.0039159		
35.3		0.0039095		
35.35		0.0039032		
35.4		0.003897		
35.45		0.0038907		
35.5		0.0038845		
35.55		0.0038782		
35.6		0.003872		
35.65		0.0038658		
35.7		0.0038597		
35.75		0.0038535		
35.8		0.0038474		
35.85		0.0038413		
35.9		0.0038352		
35.95		0.0038291		
36		0.0038231		
36.05		0.003817		
36.1		0.003811		
36.15		0.003805		
36.2		0.003799		
36.25		0.003793		
36.3		0.0037871		
36.35		0.0037812		
36.4		0.0037752		
36.45		0.0037693		
36.5		0.0037635		
36.55		0.0037576		
36.6		0.0037517		
36.65		0.0037459		
36.7		0.0037401		
36.75		0.0037343		
36.8		0.0037285		
36.85		0.0037228		
36.9		0.003717		
36.95		0.0037113		
37		0.0037056		
37.05		0.0036999		
37.1		0.0036942		
37.15		0.0036885		
37.2		0.0036829		
37.25		0.0036772		
37.3		0.0036716		
37.35		0.003666		
37.4		0.0036604		
37.45		0.0036549		
37.5		0.0036493		
37.55		0.0036438		
37.6		0.0036383		
37.65		0.0036327		
37.7		0.0036273		
37.75		0.0036218		
37.8		0.0036163		
37.85		0.0036109		
37.9		0.0036054		
37.95		0.0036		
38		0.0035946		
38.05		0.0035892		
38.1		0.0035839		
38.15		0.0035785		
38.2		0.0035732		
38.25		0.0035679		
38.3		0.0035626		
38.35		0.0035573		
38.4		0.003552		
38.45		0.0035467		
38.5		0.0035415		
38.55		0.0035362		
38.6		0.003531		
38.65		0.0035258		
38.7		0.0035206		
38.75		0.0035154		
38.8		0.0035103		
38.85		0.0035051		
38.9		0.0035		
38.95		0.0034949		
39		0.0034897		
39.05		0.0034847		
39.1		0.0034796		
39.15		0.0034745		
39.2		0.0034695		
39.25		0.0034644		
39.3		0.0034594		
39.35		0.0034544		
39.4		0.0034494		
39.45		0.0034444		
39.5		0.0034394		
39.55		0.0034345		
39.6		0.0034295		
39.65		0.0034246		
39.7		0.0034197		
39.75		0.0034148		
39.8		0.0034099		
39.85		0.003405		
39.9		0.0034001		
39.95		0.0033953		
40		0.0033904		
40.05		0.0033856		
40.1		0.0033808		
40.15		0.003376		
40.2		0.0033712		
40.25		0.0033664		
40.3		0.0033617		
40.35		0.0033569		
40.4		0.0033522		
40.45		0.0033474		
40.5		0.0033427		
40.55		0.003338		
40.6		0.0033333		
40.65		0.0033287		
40.7		0.003324		
40.75		0.0033193		
40.8		0.0033147		
40.85		0.0033101		
40.9		0.0033055		
40.95		0.0033009		
41		0.0032963		
41.05		0.0032917		
41.1		0.0032871		
41.15		0.0032826		
41.2		0.003278		
41.25		0.0032735		
41.3		0.0032689		
41.35		0.0032644		
41.4		0.0032599		
41.45		0.0032555		
41.5		0.003251		
41.55		0.0032465		
41.6		0.0032421		
41.65		0.0032376		
41.7		0.0032332		
41.75		0.0032288		
41.8		0.0032244		
41.85		0.00322		
41.9		0.0032156		
41.95		0.0032112		
42		0.0032068		
42.05		0.0032025		
42.1		0.0031981		
42.15		0.0031938		
42.2		0.0031895		
42.25		0.0031852		
42.3		0.0031809		
42.35		0.0031766		
42.4		0.0031723		
42.45		0.0031681		
42.5		0.0031638		
42.55		0.0031596		
42.6		0.0031553		
42.65		0.0031511		
42.7		0.0031469		
42.75		0.0031427		
42.8		0.0031385		
42.85		0.0031343		
42.9		0.0031301		
42.95		0.003126		
43		0.0031218		
43.05		0.0031177		
43.1		0.0031135		
43.15		0.0031094		
43.2		0.0031053		
43.25		0.0031012		
43.3		0.0030971		
43.35		0.003093		
43.4		0.003089		
43.45		0.0030849		
43.5		0.0030808		
43.55		0.0030768		
43.6		0.0030728		
43.65		0.0030688		
43.7		0.0030647		
43.75		0.0030607		
43.8		0.0030567		
43.85		0.0030528		
43.9		0.0030488		
43.95		0.0030448		
44		0.0030409		
44.05		0.0030369		
44.1		0.003033		
44.15		0.003029		
44.2		0.0030251		
44.25		0.0030212		
44.3		0.0030173		
44.35		0.0030134		
44.4		0.0030095		
44.45		0.0030057		
44.5		0.0030018		
44.55		0.002998		
44.6		0.0029941		
44.65		0.0029903		
44.7		0.0029864		
44.75		0.0029826		
44.8		0.0029788		
44.85		0.002975		
44.9		0.0029712		
44.95		0.0029674		
45		0.0029637		
45.05		0.0029599		
45.1		0.0029562		
45.15		0.0029524		
45.2		0.0029487		
45.25		0.0029449		
45.3		0.0029412		
45.35		0.0029375		
45.4		0.0029338		
45.45		0.0029301		
45.5		0.0029264		
45.55		0.0029227		
45.6		0.0029191		
45.65		0.0029154		
45.7		0.0029117		
45.75		0.0029081		
45.8		0.0029045		
45.85		0.0029008		
45.9		0.0028972		
45.95		0.0028936		
46		0.00289		
46.05		0.0028864		
46.1		0.0028828		
46.15		0.0028792		
46.2		0.0028757		
46.25		0.0028721		
46.3		0.0028685		
46.35		0.002865		
46.4		0.0028615		
46.45		0.0028579		
46.5		0.0028544		
46.55		0.0028509		
46.6		0.0028474		
46.65		0.0028439		
46.7		0.0028404		
46.75		0.0028369		
46.8		0.0028334		
46.85		0.00283		
46.9		0.0028265		
46.95		0.002823		
47		0.0028196		
47.05		0.0028162		
47.1		0.0028127		
47.15		0.0028093		
47.2		0.0028059		
47.25		0.0028025		
47.3		0.0027991		
47.35		0.0027957		
47.4		0.0027923		
47.45		0.0027889		
47.5		0.0027856		
47.55		0.0027822		
47.6		0.0027789		
47.65		0.0027755		
47.7		0.0027722		
47.75		0.0027688		
47.8		0.0027655		
47.85		0.0027622		
47.9		0.0027589		
47.95		0.0027556		
48		0.0027523		
48.05		0.002749		
48.1		0.0027457		
48.15		0.0027424		
48.2		0.0027392		
48.25		0.0027359		
48.3		0.0027326		
48.35		0.0027294		
48.4		0.0027262		
48.45		0.0027229		
48.5		0.0027197		
48.55		0.0027165		
48.6		0.0027133		
48.65		0.0027101		
48.7		0.0027069		
48.75		0.0027037		
48.8		0.0027005		
48.85		0.0026973		
48.9		0.0026941		
48.95		0.002691		
49		0.0026878		
49.05		0.0026847		
49.1		0.0026815		
49.15		0.0026784		
49.2		0.0026753		
49.25		0.0026721		
49.3		0.002669		
49.35		0.0026659		
49.4		0.0026628		
49.45		0.0026597		
49.5		0.0026566		
49.55		0.0026535		
49.6		0.0026505		
49.65		0.0026474		
49.7		0.0026443		
49.75		0.0026413		
49.8		0.0026382		
49.85		0.0026352		
49.9		0.0026321		
49.95		0.0026291		
50		0.0026261		
50.05		0.0026231		
50.1		0.00262		
50.15		0.002617		
50.2		0.002614		
50.25		0.002611		
50.3		0.0026081		
50.35		0.0026051		
50.4		0.0026021		
50.45		0.0025991		
50.5		0.0025962		
50.55		0.0025932		
50.6		0.0025903		
50.65		0.0025873		
50.7		0.0025844		
50.75		0.0025814		
50.8		0.0025785		
50.85		0.0025756		
50.9		0.0025727		
50.95		0.0025698		
51		0.0025669		
51.05		0.002564		
51.1		0.0025611		
51.15		0.0025582		
51.2		0.0025553		
51.25		0.0025524		
51.3		0.0025496		
51.35		0.0025467		
51.4		0.0025439		
51.45		0.002541		
51.5		0.0025382		
51.55		0.0025353		
51.6		0.0025325		
51.65		0.0025297		
51.7		0.0025269		
51.75		0.002524		
51.8		0.0025212		
51.85		0.0025184		
51.9		0.0025156		
51.95		0.0025128		
52		0.0025101		
52.05		0.0025073		
52.1		0.0025045		
52.15		0.0025017		
52.2		0.002499		
52.25		0.0024962		
52.3		0.0024935		
52.35		0.0024907		
52.4		0.002488		
52.45		0.0024852		
52.5		0.0024825		
52.55		0.0024798		
52.6		0.0024771		
52.65		0.0024743		
52.7		0.0024716		
52.75		0.0024689		
52.8		0.0024662		
52.85		0.0024635		
52.9		0.0024609		
52.95		0.0024582		
53		0.0024555		
53.05		0.0024528		
53.1		0.0024502		
53.15		0.0024475		
53.2		0.0024449		
53.25		0.0024422		
53.3		0.0024396		
53.35		0.0024369		
53.4		0.0024343		
53.45		0.0024317		
53.5		0.002429		
53.55		0.0024264		
53.6		0.0024238		
53.65		0.0024212		
53.7		0.0024186		
53.75		0.002416		
53.8		0.0024134		
53.85		0.0024108		
53.9		0.0024082		
53.95		0.0024057		
54		0.0024031		
54.05		0.0024005		
54.1		0.0023979		
54.15		0.0023954		
54.2		0.0023928		
54.25		0.0023903		
54.3		0.0023877		
54.35		0.0023852		
54.4		0.0023827		
54.45		0.0023802		
54.5		0.0023776		
54.55		0.0023751		
54.6		0.0023726		
54.65		0.0023701		
54.7		0.0023676		
54.75		0.0023651		
54.8		0.0023626		
54.85		0.0023601		
54.9		0.0023576		
54.95		0.0023551		
55		0.0023527		
55.05		0.0023502		
55.1		0.0023477		
55.15		0.0023453		
55.2		0.0023428		
55.25		0.0023404		
55.3		0.0023379		
55.35		0.0023355		
55.4		0.002333		
55.45		0.0023306		
55.5		0.0023282		
55.55		0.0023258		
55.6		0.0023233		
55.65		0.0023209		
55.7		0.0023185		
55.75		0.0023161		
55.8		0.0023137		
55.85		0.0023113		
55.9		0.0023089		
55.95		0.0023065		
56		0.0023042		
56.05		0.0023018		
56.1		0.0022994		
56.15		0.002297		
56.2		0.0022947		
56.25		0.0022923		
56.3		0.00229		
56.35		0.0022876		
56.4		0.0022853		
56.45		0.0022829		
56.5		0.0022806		
56.55		0.0022783		
56.6		0.0022759		
56.65		0.0022736		
56.7		0.0022713		
56.75		0.002269		
56.8		0.0022667		
56.85		0.0022644		
56.9		0.0022621		
56.95		0.0022598		
57		0.0022575		
57.05		0.0022552		
57.1		0.0022529		
57.15		0.0022506		
57.2		0.0022483		
57.25		0.0022461		
57.3		0.0022438		
57.35		0.0022415		
57.4		0.0022393		
57.45		0.002237		
57.5		0.0022348		
57.55		0.0022325		
57.6		0.0022303		
57.65		0.002228		
57.7		0.0022258		
57.75		0.0022236		
57.8		0.0022213		
57.85		0.0022191		
57.9		0.0022169		
57.95		0.0022147		
58		0.0022125		
58.05		0.0022103		
58.1		0.0022081		
58.15		0.0022059		
58.2		0.0022037		
58.25		0.0022015		
58.3		0.0021993		
58.35		0.0021971		
58.4		0.0021949		
58.45		0.0021927		
58.5		0.0021906		
58.55		0.0021884		
58.6		0.0021862		
58.65		0.0021841		
58.7		0.0021819		
58.75		0.0021798		
58.8		0.0021776		
58.85		0.0021755		
58.9		0.0021734		
58.95		0.0021712		
59		0.0021691		
59.05		0.002167		
59.1		0.0021648		
59.15		0.0021627		
59.2		0.0021606		
59.25		0.0021585		
59.3		0.0021564		
59.35		0.0021543		
59.4		0.0021522		
59.45		0.0021501		
59.5		0.002148		
59.55		0.0021459		
59.6		0.0021438		
59.65		0.0021417		
59.7		0.0021396		
59.75		0.0021376		
59.8		0.0021355		
59.85		0.0021334		
59.9		0.0021314		
59.95		0.0021293		
60		0.0021272		
60.05		0.0021252		
60.1		0.0021231		
60.15		0.0021211		
60.2		0.0021191		
60.25		0.002117		
60.3		0.002115		
60.35		0.0021129		
60.4		0.0021109		
60.45		0.0021089		
60.5		0.0021069		
60.55		0.0021049		
60.6		0.0021028		
60.65		0.0021008		
60.7		0.0020988		
60.75		0.0020968		
60.8		0.0020948		
60.85		0.0020928		
60.9		0.0020908		
60.95		0.0020888		
61		0.0020869		
61.05		0.0020849		
61.1		0.0020829		
61.15		0.0020809		
61.2		0.0020789		
61.25		0.002077		
61.3		0.002075		
61.35		0.0020731		
61.4		0.0020711		
61.45		0.0020691		
61.5		0.0020672		
61.55		0.0020652		
61.6		0.0020633		
61.65		0.0020614		
61.7		0.0020594		
61.75		0.0020575		
61.8		0.0020556		
61.85		0.0020536		
61.9		0.0020517		
61.95		0.0020498		
62		0.0020479		
62.05		0.0020459		
62.1		0.002044		
62.15		0.0020421		
62.2		0.0020402		
62.25		0.0020383		
62.3		0.0020364		
62.35		0.0020345		
62.4		0.0020326		
62.45		0.0020307		
62.5		0.0020289		
62.55		0.002027		
62.6		0.0020251		
62.65		0.0020232		
62.7		0.0020213		
62.75		0.0020195		
62.8		0.0020176		
62.85		0.0020157		
62.9		0.0020139		
62.95		0.002012		
63		0.0020102		
63.05		0.0020083		
63.1		0.0020065		
63.15		0.0020046		
63.2		0.0020028		
63.25		0.002001		
63.3		0.0019991		
63.35		0.0019973		
63.4		0.0019955		
63.45		0.0019936		
63.5		0.0019918		
63.55		0.00199		
63.6		0.0019882		
63.65		0.0019864		
63.7		0.0019846		
63.75		0.0019827		
63.8		0.0019809		
63.85		0.0019791		
63.9		0.0019773		
63.95		0.0019755		
64		0.0019737		
64.05		0.001972		
64.1		0.0019702		
64.15		0.0019684		
64.2		0.0019666		
64.25		0.0019648		
64.3		0.0019631		
64.35		0.0019613		
64.4		0.0019595		
64.45		0.0019578		
64.5		0.001956		
64.55		0.0019542		
64.6		0.0019525		
64.65		0.0019507		
64.7		0.001949		
64.75		0.0019472		
64.8		0.0019455		
64.85		0.0019437		
64.9		0.001942		
64.95		0.0019403		
65		0.0019385		
65.05		0.0019368		
65.1		0.0019351		
65.15		0.0019333		
65.2		0.0019316		
65.25		0.0019299		
65.3		0.0019282		
65.35		0.0019265		
65.4		0.0019247		
65.45		0.001923		
65.5		0.0019213		
65.55		0.0019196		
65.6		0.0019179		
65.65		0.0019162		
65.7		0.0019145		
65.75		0.0019128		
65.8		0.0019112		
65.85		0.0019095		
65.9		0.0019078		
65.95		0.0019061		
66		0.0019044		
66.05		0.0019027		
66.1		0.0019011		
66.15		0.0018994		
66.2		0.0018977		
66.25		0.0018961		
66.3		0.0018944		
66.35		0.0018927		
66.4		0.0018911		
66.45		0.0018894		
66.5		0.0018878		
66.55		0.0018861		
66.6		0.0018845		
66.65		0.0018828		
66.7		0.0018812		
66.75		0.0018796		
66.8		0.0018779		
66.85		0.0018763		
66.9		0.0018747		
66.95		0.001873		
67		0.0018714		
67.05		0.0018698		
67.1		0.0018682		
67.15		0.0018665		
67.2		0.0018649		
67.25		0.0018633		
67.3		0.0018617		
67.35		0.0018601		
67.4		0.0018585		
67.45		0.0018569		
67.5		0.0018553		
67.55		0.0018537		
67.6		0.0018521		
67.65		0.0018505		
67.7		0.0018489		
67.75		0.0018473		
67.8		0.0018457		
67.85		0.0018442		
67.9		0.0018426		
67.95		0.001841		
68		0.0018394		
68.05		0.0018379		
68.1		0.0018363		
68.15		0.0018347		
68.2		0.0018332		
68.25		0.0018316		
68.3		0.00183		
68.35		0.0018285		
68.4		0.0018269		
68.45		0.0018254		
68.5		0.0018238		
68.55		0.0018223		
68.6		0.0018207		
68.65		0.0018192		
68.7		0.0018176		
68.75		0.0018161		
68.8		0.0018146		
68.85		0.001813		
68.9		0.0018115		
68.95		0.00181		
69		0.0018084		
69.05		0.0018069		
69.1		0.0018054		
69.15		0.0018039		
69.2		0.0018024		
69.25		0.0018008		
69.3		0.0017993		
69.35		0.0017978		
69.4		0.0017963		
69.45		0.0017948		
69.5		0.0017933		
69.55		0.0017918		
69.6		0.0017903		
69.65		0.0017888		
69.7		0.0017873		
69.75		0.0017858		
69.8		0.0017843		
69.85		0.0017828		
69.9		0.0017814		
69.95		0.0017799		
70		0.0017784		
70.05		0.0017769		
70.1		0.0017754		
70.15		0.001774		
70.2		0.0017725		
70.25		0.001771		
70.3		0.0017696		
70.35		0.0017681		
70.4		0.0017666		
70.45		0.0017652		
70.5		0.0017637		
70.55		0.0017623		
70.6		0.0017608		
70.65		0.0017594		
70.7		0.0017579		
70.75		0.0017565		
70.8		0.001755		
70.85		0.0017536		
70.9		0.0017521		
70.95		0.0017507		
71		0.0017493		
71.05		0.0017478		
71.1		0.0017464		
71.15		0.001745		
71.2		0.0017435		
71.25		0.0017421		
71.3		0.0017407		
71.35		0.0017393		
71.4		0.0017379		
71.45		0.0017364		
71.5		0.001735		
71.55		0.0017336		
71.6		0.0017322		
71.65		0.0017308		
71.7		0.0017294		
71.75		0.001728		
71.8		0.0017266		
71.85		0.0017252		
71.9		0.0017238		
71.95		0.0017224		
72		0.001721		
72.05		0.0017196		
72.1		0.0017182		
72.15		0.0017168		
72.2		0.0017154		
72.25		0.001714		
72.3		0.0017127		
72.35		0.0017113		
72.4		0.0017099		
72.45		0.0017085		
72.5		0.0017072		
72.55		0.0017058		
72.6		0.0017044		
72.65		0.0017031		
72.7		0.0017017		
72.75		0.0017003		
72.8		0.001699		
72.85		0.0016976		
72.9		0.0016962		
72.95		0.0016949		
73		0.0016935		
73.05		0.0016922		
73.1		0.0016908		
73.15		0.0016895		
73.2		0.0016881		
73.25		0.0016868		
73.3		0.0016855		
73.35		0.0016841		
73.4		0.0016828		
73.45		0.0016814		
73.5		0.0016801		
73.55		0.0016788		
73.6		0.0016775		
73.65		0.0016761		
73.7		0.0016748		
73.75		0.0016735		
73.8		0.0016722		
73.85		0.0016708		
73.9		0.0016695		
73.95		0.0016682		
74		0.0016669		
74.05		0.0016656		
74.1		0.0016643		
74.15		0.001663		
74.2		0.0016616		
74.25		0.0016603		
74.3		0.001659		
74.35		0.0016577		
74.4		0.0016564		
74.45		0.0016551		
74.5		0.0016538		
74.55		0.0016525		
74.6		0.0016513		
74.65		0.00165		
74.7		0.0016487		
74.75		0.0016474		
74.8		0.0016461		
74.85		0.0016448		
74.9		0.0016435		
74.95		0.0016423		
75		0.001641		
75.05		0.0016397		
75.1		0.0016384		
75.15		0.0016372		
75.2		0.0016359		
75.25		0.0016346		
75.3		0.0016334		
75.35		0.0016321		
75.4		0.0016308		
75.45		0.0016296		
75.5		0.0016283		
75.55		0.0016271		
75.6		0.0016258		
75.65		0.0016245		
75.7		0.0016233		
75.75		0.001622		
75.8		0.0016208		
75.85		0.0016196		
75.9		0.0016183		
75.95		0.0016171		
76		0.0016158		
76.05		0.0016146		
76.1		0.0016133		
76.15		0.0016121		
76.2		0.0016109		
76.25		0.0016096		
76.3		0.0016084		
76.35		0.0016072		
76.4		0.001606		
76.45		0.0016047		
76.5		0.0016035		
76.55		0.0016023		
76.6		0.0016011		
76.65		0.0015998		
76.7		0.0015986		
76.75		0.0015974		
76.8		0.0015962		
76.85		0.001595		
76.9		0.0015938		
76.95		0.0015926		
77		0.0015914		
77.05		0.0015901		
77.1		0.0015889		
77.15		0.0015877		
77.2		0.0015865		
77.25		0.0015853		
77.3		0.0015841		
77.35		0.0015829		
77.4		0.0015818		
77.45		0.0015806		
77.5		0.0015794		
77.55		0.0015782		
77.6		0.001577		
77.65		0.0015758		
77.7		0.0015746		
77.75		0.0015734		
77.8		0.0015723		
77.85		0.0015711		
77.9		0.0015699		
77.95		0.0015687		
78		0.0015676		
78.05		0.0015664		
78.1		0.0015652		
78.15		0.001564		
78.2		0.0015629		
78.25		0.0015617		
78.3		0.0015605		
78.35		0.0015594		
78.4		0.0015582		
78.45		0.0015571		
78.5		0.0015559		
78.55		0.0015547		
78.6		0.0015536		
78.65		0.0015524		
78.7		0.0015513		
78.75		0.0015501		
78.8		0.001549		
78.85		0.0015478		
78.9		0.0015467		
78.95		0.0015455		
79		0.0015444		
79.05		0.0015433		
79.1		0.0015421		
79.15		0.001541		
79.2		0.0015398		
79.25		0.0015387		
79.3		0.0015376		
79.35		0.0015364		
79.4		0.0015353		
79.45		0.0015342		
79.5		0.0015331		
79.55		0.0015319		
79.6		0.0015308		
79.65		0.0015297		
79.7		0.0015286		
79.75		0.0015274		
79.8		0.0015263		
79.85		0.0015252		
79.9		0.0015241		
79.95		0.001523		
80		0.0015219		
80.05		0.0015208		
80.1		0.0015197		
80.15		0.0015185		
80.2		0.0015174		
80.25		0.0015163		
80.3		0.0015152		
80.35		0.0015141		
80.4		0.001513		
80.45		0.0015119		
80.5		0.0015108		
80.55		0.0015097		
80.6		0.0015086		
80.65		0.0015075		
80.7		0.0015065		
80.75		0.0015054		
80.8		0.0015043		
80.85		0.0015032		
80.9		0.0015021		
80.95		0.001501		
81		0.0014999		
81.05		0.0014989		
81.1		0.0014978		
81.15		0.0014967		
81.2		0.0014956		
81.25		0.0014945		
81.3		0.0014935		
81.35		0.0014924		
81.4		0.0014913		
81.45		0.0014902		
81.5		0.0014892		
81.55		0.0014881		
81.6		0.001487		
81.65		0.001486		
81.7		0.0014849		
81.75		0.0014839		
81.8		0.0014828		
81.85		0.0014817		
81.9		0.0014807		
81.95		0.0014796		
82		0.0014786		
82.05		0.0014775		
82.1		0.0014765		
82.15		0.0014754		
82.2		0.0014744		
82.25		0.0014733		
82.3		0.0014723		
82.35		0.0014712		
82.4		0.0014702		
82.45		0.0014691		
82.5		0.0014681		
82.55		0.0014671		
82.6		0.001466		
82.65		0.001465		
82.7		0.0014639		
82.75		0.0014629		
82.8		0.0014619		
82.85		0.0014608		
82.9		0.0014598		
82.95		0.0014588		
83		0.0014578		
83.05		0.0014567		
83.1		0.0014557		
83.15		0.0014547		
83.2		0.0014537		
83.25		0.0014526		
83.3		0.0014516		
83.35		0.0014506		
83.4		0.0014496		
83.45		0.0014486		
83.5		0.0014475		
83.55		0.0014465		
83.6		0.0014455		
83.65		0.0014445		
83.7		0.0014435		
83.75		0.0014425		
83.8		0.0014415		
83.85		0.0014405		
83.9		0.0014395		
83.95		0.0014385		
84		0.0014375		
84.05		0.0014365		
84.1		0.0014355		
84.15		0.0014345		
84.2		0.0014335		
84.25		0.0014325		
84.3		0.0014315		
84.35		0.0014305		
84.4		0.0014295		
84.45		0.0014285		
84.5		0.0014275		
84.55		0.0014265		
84.6		0.0014255		
84.65		0.0014246		
84.7		0.0014236		
84.75		0.0014226		
84.8		0.0014216		
84.85		0.0014206		
84.9		0.0014197		
84.95		0.0014187		
85		0.0014177		
85.05		0.0014167		
85.1		0.0014158		
85.15		0.0014148		
85.2		0.0014138		
85.25		0.0014128		
85.3		0.0014119		
85.35		0.0014109		
85.4		0.0014099		
85.45		0.001409		
85.5		0.001408		
85.55		0.001407		
85.6		0.0014061		
85.65		0.0014051		
85.7		0.0014042		
85.75		0.0014032		
85.8		0.0014022		
85.85		0.0014013		
85.9		0.0014003		
85.95		0.0013994		
86		0.0013984		
86.05		0.0013975		
86.1		0.0013965		
86.15		0.0013956		
86.2		0.0013946		
86.25		0.0013937		
86.3		0.0013927		
86.35		0.0013918		
86.4		0.0013908		
86.45		0.0013899		
86.5		0.001389		
86.55		0.001388		
86.6		0.0013871		
86.65		0.0013861		
86.7		0.0013852		
86.75		0.0013843		
86.8		0.0013833		
86.85		0.0013824		
86.9		0.0013815		
86.95		0.0013805		
87		0.0013796		
87.05		0.0013787		
87.1		0.0013778		
87.15		0.0013768		
87.2		0.0013759		
87.25		0.001375		
87.3		0.0013741		
87.35		0.0013731		
87.4		0.0013722		
87.45		0.0013713		
87.5		0.0013704		
87.55		0.0013695		
87.6		0.0013686		
87.65		0.0013676		
87.7		0.0013667		
87.75		0.0013658		
87.8		0.0013649		
87.85		0.001364		
87.9		0.0013631		
87.95		0.0013622		
88		0.0013613		
88.05		0.0013604		
88.1		0.0013595		
88.15		0.0013586		
88.2		0.0013577		
88.25		0.0013568		
88.3		0.0013559		
88.35		0.001355		
88.4		0.0013541		
88.45		0.0013532		
88.5		0.0013523		
88.55		0.0013514		
88.6		0.0013505		
88.65		0.0013496		
88.7		0.0013487		
88.75		0.0013478		
88.8		0.0013469		
88.85		0.001346		
88.9		0.0013451		
88.95		0.0013443		
89		0.0013434		
89.05		0.0013425		
89.1		0.0013416		
89.15		0.0013407		
89.2		0.0013398		
89.25		0.001339		
89.3		0.0013381		
89.35		0.0013372		
89.4		0.0013363		
89.45		0.0013355		
89.5		0.0013346		
89.55		0.0013337		
89.6		0.0013328		
89.65		0.001332		
89.7		0.0013311		
89.75		0.0013302		
89.8		0.0013294		
89.85		0.0013285		
89.9		0.0013276		
89.95		0.0013268		
90		0.0013259		
90.05		0.001325		
90.1		0.0013242		
90.15		0.0013233		
90.2		0.0013224		
90.25		0.0013216		
90.3		0.0013207		
90.35		0.0013199		
90.4		0.001319		
90.45		0.0013182		
90.5		0.0013173		
90.55		0.0013165		
90.6		0.0013156		
90.65		0.0013148		
90.7		0.0013139		
90.75		0.0013131		
90.8		0.0013122		
90.85		0.0013114		
90.9		0.0013105		
90.95		0.0013097		
91		0.0013088		
91.05		0.001308		
91.1		0.0013071		
91.15		0.0013063		
91.2		0.0013055		
91.25		0.0013046		
91.3		0.0013038		
91.35		0.0013029		
91.4		0.0013021		
91.45		0.0013013		
91.5		0.0013004		
91.55		0.0012996		
91.6		0.0012988		
91.65		0.0012979		
91.7		0.0012971		
91.75		0.0012963		
91.8		0.0012955		
91.85		0.0012946		
91.9		0.0012938		
91.95		0.001293		
92		0.0012922		
92.05		0.0012913		
92.1		0.0012905		
92.15		0.0012897		
92.2		0.0012889		
92.25		0.0012881		
92.3		0.0012872		
92.35		0.0012864		
92.4		0.0012856		
92.45		0.0012848		
92.5		0.001284		
92.55		0.0012832		
92.6		0.0012823		
92.65		0.0012815		
92.7		0.0012807		
92.75		0.0012799		
92.8		0.0012791		
92.85		0.0012783		
92.9		0.0012775		
92.95		0.0012767		
93		0.0012759		
93.05		0.0012751		
93.1		0.0012743		
93.15		0.0012735		
93.2		0.0012727		
93.25		0.0012719		
93.3		0.0012711		
93.35		0.0012703		
93.4		0.0012695		
93.45		0.0012687		
93.5		0.0012679		
93.55		0.0012671		
93.6		0.0012663		
93.65		0.0012655		
93.7		0.0012647		
93.75		0.0012639		
93.8		0.0012631		
93.85		0.0012623		
93.9		0.0012615		
93.95		0.0012608		
94		0.00126		
94.05		0.0012592		
94.1		0.0012584		
94.15		0.0012576		
94.2		0.0012568		
94.25		0.001256		
94.3		0.0012553		
94.35		0.0012545		
94.4		0.0012537		
94.45		0.0012529		
94.5		0.0012521		
94.55		0.0012514		
94.6		0.0012506		
94.65		0.0012498		
94.7		0.001249		
94.75		0.0012483		
94.8		0.0012475		
94.85		0.0012467		
94.9		0.001246		
94.95		0.0012452		
95		0.0012444		
95.05		0.0012436		
95.1		0.0012429		
95.15		0.0012421		
95.2		0.0012413		
95.25		0.0012406		
95.3		0.0012398		
95.35		0.0012391		
95.4		0.0012383		
95.45		0.0012375		
95.5		0.0012368		
95.55		0.001236		
95.6		0.0012353		
95.65		0.0012345		
95.7		0.0012337		
95.75		0.001233		
95.8		0.0012322		
95.85		0.0012315		
95.9		0.0012307		
95.95		0.00123		
96		0.0012292		
96.05		0.0012285		
96.1		0.0012277		
96.15		0.001227		
96.2		0.0012262		
96.25		0.0012255		
96.3		0.0012247		
96.35		0.001224		
96.4		0.0012232		
96.45		0.0012225		
96.5		0.0012217		
96.55		0.001221		
96.6		0.0012203		
96.65		0.0012195		
96.7		0.0012188		
96.75		0.001218		
96.8		0.0012173		
96.85		0.0012166		
96.9		0.0012158		
96.95		0.0012151		
97		0.0012143		
97.05		0.0012136		
97.1		0.0012129		
97.15		0.0012121		
97.2		0.0012114		
97.25		0.0012107		
97.3		0.0012099		
97.35		0.0012092		
97.4		0.0012085		
97.45		0.0012078		
97.5		0.001207		
97.55		0.0012063		
97.6		0.0012056		
97.65		0.0012049		
97.7		0.0012041		
97.75		0.0012034		
97.8		0.0012027		
97.85		0.001202		
97.9		0.0012012		
97.95		0.0012005		
98		0.0011998		
98.05		0.0011991		
98.1		0.0011984		
98.15		0.0011977		
98.2		0.0011969		
98.25		0.0011962		
98.3		0.0011955		
98.35		0.0011948		
98.4		0.0011941		
98.45		0.0011934		
98.5		0.0011927		
98.55		0.0011919		
98.6		0.0011912		
98.65		0.0011905		
98.7		0.0011898		
98.75		0.0011891		
98.8		0.0011884		
98.85		0.0011877		
98.9		0.001187		
98.95		0.0011863		
99		0.0011856		
99.05		0.0011849		
99.1		0.0011842		
99.15		0.0011835		
99.2		0.0011828		
99.25		0.0011821		
99.3		0.0011814		
99.35		0.0011807		
99.4		0.00118		
99.45		0.0011793		
99.5		0.0011786		
99.55		0.0011779		
99.6		0.0011772		
99.65		0.0011765		
99.7		0.0011758		
99.75		0.0011751		
99.8		0.0011744		
99.85		0.0011737		
99.9		0.001173		
99.95		0.0011723		
100		0.0011717		
