t [fm]		lambda [fm^-1]
0.25		0.86283
0.3		1.1422		
0.35		1.4444		
0.4		1.7165		
0.45		1.9536		
0.5		2.1466		
0.55		2.2888		
0.6		2.3795		
0.65		2.424		
0.7		2.4315		
0.75		2.4122		
0.8		2.3754		
0.85		2.3285		
0.9		2.2767		
0.95		2.2236		
1		2.1711		
1.05		2.1207		
1.1		2.073		
1.15		2.0283		
1.2		1.9865		
1.25		1.9476		
1.3		1.9114		
1.35		1.8777		
1.4		1.8463		
1.45		1.817		
1.5		1.7897		
1.55		1.7641		
1.6		1.74		
1.65		1.7175		
1.7		1.6962		
1.75		1.6761		
1.8		1.6572		
1.85		1.6392		
1.9		1.6222		
1.95		1.606		
2		1.5906		
2.05		1.576		
2.1		1.562		
2.15		1.5487		
2.2		1.5359		
2.25		1.5237		
2.3		1.5119		
2.35		1.5007		
2.4		1.4899		
2.45		1.4795		
2.5		1.4695		
2.55		1.4599		
2.6		1.4506		
2.65		1.4416		
2.7		1.4329		
2.75		1.4246		
2.8		1.4165		
2.85		1.4087		
2.9		1.4011		
2.95		1.3937		
3		1.3866		
3.05		1.3797		
3.1		1.3729		
3.15		1.3664		
3.2		1.3601		
3.25		1.3539		
3.3		1.3479		
3.35		1.342		
3.4		1.3363		
3.45		1.3308		
3.5		1.3254		
3.55		1.3201		
3.6		1.3149		
3.65		1.3099		
3.7		1.305		
3.75		1.3002		
3.8		1.2955		
3.85		1.2909		
3.9		1.2864		
3.95		1.282		
4		1.2777		
4.05		1.2735		
4.1		1.2694		
4.15		1.2654		
4.2		1.2614		
4.25		1.2576		
4.3		1.2538		
4.35		1.25		
4.4		1.2464		
4.45		1.2428		
4.5		1.2393		
4.55		1.2358		
4.6		1.2324		
4.65		1.2291		
4.7		1.2258		
4.75		1.2226		
4.8		1.2194		
4.85		1.2163		
4.9		1.2133		
4.95		1.2103		
5		1.2073		
5.05		1.2044		
5.1		1.2015		
5.15		1.1987		
5.2		1.1959		
5.25		1.1932		
5.3		1.1905		
5.35		1.1878		
5.4		1.1852		
5.45		1.1827		
5.5		1.1801		
5.55		1.1776		
5.6		1.1752		
5.65		1.1727		
5.7		1.1703		
5.75		1.168		
5.8		1.1657		
5.85		1.1634		
5.9		1.1611		
5.95		1.1589		
6		1.1567		
6.05		1.1545		
6.1		1.1523		
6.15		1.1502		
6.2		1.1481		
6.25		1.1461		
6.3		1.144		
6.35		1.142		
6.4		1.14		
6.45		1.1381		
6.5		1.1361		
6.55		1.1342		
6.6		1.1323		
6.65		1.1304		
6.7		1.1286		
6.75		1.1267		
6.8		1.1249		
6.85		1.1231		
6.9		1.1214		
6.95		1.1196		
7		1.1179		
7.05		1.1162		
7.1		1.1145		
7.15		1.1128		
7.2		1.1112		
7.25		1.1095		
7.3		1.1079		
7.35		1.1063		
7.4		1.1047		
7.45		1.1032		
7.5		1.1016		
7.55		1.1001		
7.6		1.0985		
7.65		1.097		
7.7		1.0955		
7.75		1.0941		
7.8		1.0926		
7.85		1.0912		
7.9		1.0897		
7.95		1.0883		
8		1.0869		
8.05		1.0855		
8.1		1.0841		
8.15		1.0828		
8.2		1.0814		
8.25		1.0801		
8.3		1.0787		
8.35		1.0774		
8.4		1.0761		
8.45		1.0748		
8.5		1.0735		
8.55		1.0723		
8.6		1.071		
8.65		1.0698		
8.7		1.0685		
8.75		1.0673		
8.8		1.0661		
8.85		1.0649		
8.9		1.0637		
8.95		1.0625		
9		1.0613		
9.05		1.0602		
9.1		1.059		
9.15		1.0579		
9.2		1.0567		
9.25		1.0556		
9.3		1.0545		
9.35		1.0534		
9.4		1.0523		
9.45		1.0512		
9.5		1.0501		
9.55		1.0491		
9.6		1.048		
9.65		1.0469		
9.7		1.0459		
9.75		1.0449		
9.8		1.0438		
9.85		1.0428		
9.9		1.0418		
9.95		1.0408		
10		1.0398		
10.05		1.0388		
10.1		1.0378		
10.15		1.0368		
10.2		1.0359		
10.25		1.0349		
10.3		1.0339		
10.35		1.033		
10.4		1.032		
10.45		1.0311		
10.5		1.0302		
10.55		1.0293		
10.6		1.0283		
10.65		1.0274		
10.7		1.0265		
10.75		1.0256		
10.8		1.0247		
10.85		1.0239		
10.9		1.023		
10.95		1.0221		
11		1.0212		
11.05		1.0204		
11.1		1.0195		
11.15		1.0187		
11.2		1.0178		
11.25		1.017		
11.3		1.0162		
11.35		1.0153		
11.4		1.0145		
11.45		1.0137		
11.5		1.0129		
11.55		1.0121		
11.6		1.0113		
11.65		1.0105		
11.7		1.0097		
11.75		1.0089		
11.8		1.0081		
11.85		1.0074		
11.9		1.0066		
11.95		1.0058		
12		1.0051		
12.05		1.0043		
12.1		1.0035		
12.15		1.0028		
12.2		1.0021		
12.25		1.0013		
12.3		1.0006		
12.35		0.99986		
12.4		0.99913		
12.45		0.99841		
12.5		0.9977		
12.55		0.99698		
12.6		0.99628		
12.65		0.99557		
12.7		0.99487		
12.75		0.99418		
12.8		0.99349		
12.85		0.9928		
12.9		0.99212		
12.95		0.99144		
13		0.99076		
13.05		0.99009		
13.1		0.98942		
13.15		0.98876		
13.2		0.9881		
13.25		0.98744		
13.3		0.98679		
13.35		0.98614		
13.4		0.98549		
13.45		0.98485		
13.5		0.98421		
13.55		0.98358		
13.6		0.98295		
13.65		0.98232		
13.7		0.98169		
13.75		0.98107		
13.8		0.98045		
13.85		0.97984		
13.9		0.97923		
13.95		0.97862		
14		0.97801		
14.05		0.97741		
14.1		0.97681		
14.15		0.97622		
14.2		0.97562		
14.25		0.97503		
14.3		0.97445		
14.35		0.97387		
14.4		0.97328		
14.45		0.97271		
14.5		0.97213		
14.55		0.97156		
14.6		0.97099		
14.65		0.97043		
14.7		0.96986		
14.75		0.96931		
14.8		0.96875		
14.85		0.96819		
14.9		0.96764		
14.95		0.96709		
15		0.96655		
15.05		0.966		
15.1		0.96546		
15.15		0.96493		
15.2		0.96439		
15.25		0.96386		
15.3		0.96333		
15.35		0.9628		
15.4		0.96228		
15.45		0.96175		
15.5		0.96123		
15.55		0.96072		
15.6		0.9602		
15.65		0.95969		
15.7		0.95918		
15.75		0.95867		
15.8		0.95817		
15.85		0.95766		
15.9		0.95716		
15.95		0.95667		
16		0.95617		
16.05		0.95568		
16.1		0.95519		
16.15		0.9547		
16.2		0.95421		
16.25		0.95373		
16.3		0.95325		
16.35		0.95277		
16.4		0.95229		
16.45		0.95182		
16.5		0.95134		
16.55		0.95087		
16.6		0.9504		
16.65		0.94994		
16.7		0.94947		
16.75		0.94901		
16.8		0.94855		
16.85		0.9481		
16.9		0.94764		
16.95		0.94719		
17		0.94673		
17.05		0.94629		
17.1		0.94584		
17.15		0.94539		
17.2		0.94495		
17.25		0.94451		
17.3		0.94407		
17.35		0.94363		
17.4		0.9432		
17.45		0.94276		
17.5		0.94233		
17.55		0.9419		
17.6		0.94148		
17.65		0.94105		
17.7		0.94063		
17.75		0.94021		
17.8		0.93979		
17.85		0.93937		
17.9		0.93895		
17.95		0.93854		
18		0.93813		
18.05		0.93771		
18.1		0.93731		
18.15		0.9369		
18.2		0.93649		
18.25		0.93609		
18.3		0.93569		
18.35		0.93529		
18.4		0.93489		
18.45		0.9345		
18.5		0.9341		
18.55		0.93371		
18.6		0.93332		
18.65		0.93293		
18.7		0.93254		
18.75		0.93216		
18.8		0.93177		
18.85		0.93139		
18.9		0.93101		
18.95		0.93063		
19		0.93025		
19.05		0.92988		
19.1		0.92951		
19.15		0.92913		
19.2		0.92876		
19.25		0.92839		
19.3		0.92803		
19.35		0.92766		
19.4		0.9273		
19.45		0.92694		
19.5		0.92657		
19.55		0.92622		
19.6		0.92586		
19.65		0.9255		
19.7		0.92515		
19.75		0.9248		
19.8		0.92444		
19.85		0.92409		
19.9		0.92375		
19.95		0.9234		
20		0.92305		
20.05		0.92271		
20.1		0.92237		
20.15		0.92203		
20.2		0.92169		
20.25		0.92135		
20.3		0.92102		
20.35		0.92068		
20.4		0.92035		
20.45		0.92002		
20.5		0.91969		
20.55		0.91936		
20.6		0.91903		
20.65		0.91871		
20.7		0.91839		
20.75		0.91806		
20.8		0.91774		
20.85		0.91742		
20.9		0.91711		
20.95		0.91679		
21		0.91647		
21.05		0.91616		
21.1		0.91585		
21.15		0.91554		
21.2		0.91523		
21.25		0.91492		
21.3		0.91461		
21.35		0.91431		
21.4		0.91401		
21.45		0.9137		
21.5		0.9134		
21.55		0.9131		
21.6		0.9128		
21.65		0.91251		
21.7		0.91221		
21.75		0.91192		
21.8		0.91163		
21.85		0.91134		
21.9		0.91105		
21.95		0.91076		
22		0.91047		
22.05		0.91018		
22.1		0.9099		
22.15		0.90962		
22.2		0.90934		
22.25		0.90906		
22.3		0.90878		
22.35		0.9085		
22.4		0.90822		
22.45		0.90795		
22.5		0.90768		
22.55		0.9074		
22.6		0.90713		
22.65		0.90686		
22.7		0.90659		
22.75		0.90633		
22.8		0.90606		
22.85		0.9058		
22.9		0.90553		
22.95		0.90527		
23		0.90501		
23.05		0.90475		
23.1		0.9045		
23.15		0.90424		
23.2		0.90398		
23.25		0.90373		
23.3		0.90348		
23.35		0.90323		
23.4		0.90298		
23.45		0.90273		
23.5		0.90248		
23.55		0.90223		
23.6		0.90199		
23.65		0.90174		
23.7		0.9015		
23.75		0.90126		
23.8		0.90102		
23.85		0.90078		
23.9		0.90054		
23.95		0.90031		
24		0.90007		
24.05		0.89984		
24.1		0.89961		
24.15		0.89937		
24.2		0.89914		
24.25		0.89892		
24.3		0.89869		
24.35		0.89846		
24.4		0.89824		
24.45		0.89801		
24.5		0.89779		
24.55		0.89757		
24.6		0.89735		
24.65		0.89713		
24.7		0.89691		
24.75		0.89669		
24.8		0.89648		
24.85		0.89626		
24.9		0.89605		
24.95		0.89584		
25		0.89563		
25.05		0.89542		
25.1		0.89521		
25.15		0.895		
25.2		0.8948		
25.25		0.89459		
25.3		0.89439		
25.35		0.89418		
25.4		0.89398		
25.45		0.89378		
25.5		0.89358		
25.55		0.89339		
25.6		0.89319		
25.65		0.89299		
25.7		0.8928		
25.75		0.8926		
25.8		0.89241		
25.85		0.89222		
25.9		0.89203		
25.95		0.89184		
26		0.89165		
26.05		0.89147		
26.1		0.89128		
26.15		0.8911		
26.2		0.89091		
26.25		0.89073		
26.3		0.89055		
26.35		0.89037		
26.4		0.89019		
26.45		0.89001		
26.5		0.88984		
26.55		0.88966		
26.6		0.88949		
26.65		0.88931		
26.7		0.88914		
26.75		0.88897		
26.8		0.8888		
26.85		0.88863		
26.9		0.88846		
26.95		0.8883		
27		0.88813		
27.05		0.88797		
27.1		0.8878		
27.15		0.88764		
27.2		0.88748		
27.25		0.88732		
27.3		0.88716		
27.35		0.887		
27.4		0.88684		
27.45		0.88669		
27.5		0.88653		
27.55		0.88638		
27.6		0.88622		
27.65		0.88607		
27.7		0.88592		
27.75		0.88577		
27.8		0.88562		
27.85		0.88547		
27.9		0.88533		
27.95		0.88518		
28		0.88503		
28.05		0.88489		
28.1		0.88475		
28.15		0.8846		
28.2		0.88446		
28.25		0.88432		
28.3		0.88418		
28.35		0.88405		
28.4		0.88391		
28.45		0.88377		
28.5		0.88364		
28.55		0.8835		
28.6		0.88337		
28.65		0.88324		
28.7		0.88311		
28.75		0.88298		
28.8		0.88285		
28.85		0.88272		
28.9		0.88259		
28.95		0.88246		
29		0.88234		
29.05		0.88221		
29.1		0.88209		
29.15		0.88197		
29.2		0.88185		
29.25		0.88173		
29.3		0.8816		
29.35		0.88148		
29.4		0.88136		
29.45		0.88123		
29.5		0.88111		
29.55		0.88098		
29.6		0.88086		
29.65		0.88073		
29.7		0.88061		
29.75		0.88048		
29.8		0.88036		
29.85		0.88023		
29.9		0.8801		
29.95		0.87998		
30		0.87985		
30.05		0.87972		
30.1		0.87959		
30.15		0.87947		
30.2		0.87934		
30.25		0.87921		
30.3		0.87908		
30.35		0.87895		
30.4		0.87882		
30.45		0.87869		
30.5		0.87856		
30.55		0.87843		
30.6		0.8783		
30.65		0.87817		
30.7		0.87804		
30.75		0.87791		
30.8		0.87777		
30.85		0.87764		
30.9		0.87751		
30.95		0.87738		
31		0.87724		
31.05		0.87711		
31.1		0.87698		
31.15		0.87684		
31.2		0.87671		
31.25		0.87657		
31.3		0.87644		
31.35		0.8763		
31.4		0.87617		
31.45		0.87603		
31.5		0.8759		
31.55		0.87576		
31.6		0.87563		
31.65		0.87549		
31.7		0.87535		
31.75		0.87522		
31.8		0.87508		
31.85		0.87494		
31.9		0.8748		
31.95		0.87467		
32		0.87453		
32.05		0.87439		
32.1		0.87425		
32.15		0.87411		
32.2		0.87397		
32.25		0.87383		
32.3		0.87369		
32.35		0.87355		
32.4		0.87341		
32.45		0.87327		
32.5		0.87313		
32.55		0.87299		
32.6		0.87285		
32.65		0.87271		
32.7		0.87257		
32.75		0.87243		
32.8		0.87228		
32.85		0.87214		
32.9		0.872		
32.95		0.87186		
33		0.87171		
33.05		0.87157		
33.1		0.87143		
33.15		0.87128		
33.2		0.87114		
33.25		0.871		
33.3		0.87085		
33.35		0.87071		
33.4		0.87056		
33.45		0.87042		
33.5		0.87027		
33.55		0.87013		
33.6		0.86998		
33.65		0.86984		
33.7		0.86969		
33.75		0.86955		
33.8		0.8694		
33.85		0.86925		
33.9		0.86911		
33.95		0.86896		
34		0.86881		
34.05		0.86867		
34.1		0.86852		
34.15		0.86837		
34.2		0.86822		
34.25		0.86808		
34.3		0.86793		
34.35		0.86778		
34.4		0.86763		
34.45		0.86748		
34.5		0.86734		
34.55		0.86719		
34.6		0.86704		
34.65		0.86689		
34.7		0.86674		
34.75		0.86659		
34.8		0.86644		
34.85		0.86629		
34.9		0.86614		
34.95		0.86599		
35		0.86584		
35.05		0.86569		
35.1		0.86554		
35.15		0.86538		
35.2		0.86523		
35.25		0.86508		
35.3		0.86493		
35.35		0.86478		
35.4		0.86463		
35.45		0.86448		
35.5		0.86432		
35.55		0.86417		
35.6		0.86402		
35.65		0.86387		
35.7		0.86371		
35.75		0.86356		
35.8		0.86341		
35.85		0.86325		
35.9		0.8631		
35.95		0.86295		
36		0.86279		
36.05		0.86264		
36.1		0.86249		
36.15		0.86233		
36.2		0.86218		
36.25		0.86202		
36.3		0.86187		
36.35		0.86171		
36.4		0.86156		
36.45		0.8614		
36.5		0.86125		
36.55		0.86109		
36.6		0.86094		
36.65		0.86078		
36.7		0.86063		
36.75		0.86047		
36.8		0.86031		
36.85		0.86016		
36.9		0.86		
36.95		0.85985		
37		0.85969		
37.05		0.85953		
37.1		0.85938		
37.15		0.85922		
37.2		0.85906		
37.25		0.85891		
37.3		0.85875		
37.35		0.85859		
37.4		0.85843		
37.45		0.85828		
37.5		0.85812		
37.55		0.85796		
37.6		0.8578		
37.65		0.85765		
37.7		0.85749		
37.75		0.85733		
37.8		0.85717		
37.85		0.85701		
37.9		0.85685		
37.95		0.8567		
38		0.85654		
38.05		0.85638		
38.1		0.85622		
38.15		0.85606		
38.2		0.8559		
38.25		0.85574		
38.3		0.85558		
38.35		0.85542		
38.4		0.85526		
38.45		0.8551		
38.5		0.85494		
38.55		0.85478		
38.6		0.85462		
38.65		0.85446		
38.7		0.8543		
38.75		0.85414		
38.8		0.85398		
38.85		0.85382		
38.9		0.85366		
38.95		0.8535		
39		0.85334		
39.05		0.85318		
39.1		0.85302		
39.15		0.85286		
39.2		0.8527		
39.25		0.85254		
39.3		0.85238		
39.35		0.85221		
39.4		0.85205		
39.45		0.85189		
39.5		0.85173		
39.55		0.85157		
39.6		0.85141		
39.65		0.85125		
39.7		0.85108		
39.75		0.85092		
39.8		0.85076		
39.85		0.8506		
39.9		0.85044		
39.95		0.85027		
40		0.85011		
40.05		0.84995		
40.1		0.84979		
40.15		0.84963		
40.2		0.84946		
40.25		0.8493		
40.3		0.84914		
40.35		0.84898		
40.4		0.84881		
40.45		0.84865		
40.5		0.84849		
40.55		0.84832		
40.6		0.84816		
40.65		0.848		
40.7		0.84784		
40.75		0.84767		
40.8		0.84751		
40.85		0.84735		
40.9		0.84718		
40.95		0.84702		
41		0.84686		
41.05		0.84669		
41.1		0.84653		
41.15		0.84637		
41.2		0.8462		
41.25		0.84604		
41.3		0.84588		
41.35		0.84571		
41.4		0.84555		
41.45		0.84539		
41.5		0.84522		
41.55		0.84506		
41.6		0.84489		
41.65		0.84473		
41.7		0.84457		
41.75		0.8444		
41.8		0.84424		
41.85		0.84407		
41.9		0.8439		
41.95		0.84373		
42		0.84354		
42.05		0.84334		
42.1		0.84314		
42.15		0.84293		
42.2		0.84272		
42.25		0.8425		
42.3		0.84226		
42.35		0.84203		
42.4		0.84178		
42.45		0.84153		
42.5		0.84128		
42.55		0.84101		
42.6		0.84074		
42.65		0.84047		
42.7		0.84019		
42.75		0.8399		
42.8		0.83961		
42.85		0.83931		
42.9		0.83901		
42.95		0.8387		
43		0.83839		
43.05		0.83808		
43.1		0.83776		
43.15		0.83743		
43.2		0.8371		
43.25		0.83677		
43.3		0.83643		
43.35		0.83609		
43.4		0.83575		
43.45		0.8354		
43.5		0.83506		
43.55		0.8347		
43.6		0.83435		
43.65		0.83399		
43.7		0.83363		
43.75		0.83327		
43.8		0.8329		
43.85		0.83253		
43.9		0.83216		
43.95		0.83179		
44		0.83142		
44.05		0.83104		
44.1		0.83066		
44.15		0.83029		
44.2		0.82991		
44.25		0.82952		
44.3		0.82914		
44.35		0.82876		
44.4		0.82837		
44.45		0.82798		
44.5		0.8276		
44.55		0.82721		
44.6		0.82682		
44.65		0.82643		
44.7		0.82604		
44.75		0.82564		
44.8		0.82525		
44.85		0.82486		
44.9		0.82447		
44.95		0.82407		
45		0.82368		
45.05		0.82328		
45.1		0.82289		
45.15		0.82249		
45.2		0.8221		
45.25		0.8217		
45.3		0.8213		
45.35		0.82091		
45.4		0.82051		
45.45		0.82012		
45.5		0.81972		
45.55		0.81933		
45.6		0.81893		
45.65		0.81854		
45.7		0.81814		
45.75		0.81775		
45.8		0.81735		
45.85		0.81696		
45.9		0.81656		
45.95		0.81617		
46		0.81578		
46.05		0.81539		
46.1		0.81499		
46.15		0.8146		
46.2		0.81421		
46.25		0.81382		
46.3		0.81343		
46.35		0.81304		
46.4		0.81265		
46.45		0.81227		
46.5		0.81188		
46.55		0.81149		
46.6		0.81111		
46.65		0.81072		
46.7		0.81034		
46.75		0.80995		
46.8		0.80957		
46.85		0.80919		
46.9		0.80881		
46.95		0.80843		
47		0.80805		
47.05		0.80767		
47.1		0.8073		
47.15		0.80692		
47.2		0.80655		
47.25		0.80617		
47.3		0.8058		
47.35		0.80543		
47.4		0.80506		
47.45		0.80469		
47.5		0.80432		
47.55		0.80395		
47.6		0.80359		
47.65		0.80322		
47.7		0.80286		
47.75		0.80249		
47.8		0.80213		
47.85		0.80177		
47.9		0.80141		
47.95		0.80105		
48		0.8007		
48.05		0.80034		
48.1		0.79999		
48.15		0.79963		
48.2		0.79928		
48.25		0.79893		
48.3		0.79858		
48.35		0.79824		
48.4		0.79789		
48.45		0.79754		
48.5		0.7972		
48.55		0.79686		
48.6		0.79652		
48.65		0.79618		
48.7		0.79584		
48.75		0.7955		
48.8		0.79517		
48.85		0.79483		
48.9		0.7945		
48.95		0.79417		
49		0.79384		
49.05		0.79351		
49.1		0.79318		
49.15		0.79286		
49.2		0.79253		
49.25		0.79221		
49.3		0.79189		
49.35		0.79157		
49.4		0.79125		
49.45		0.79093		
49.5		0.79062		
49.55		0.7903		
49.6		0.78999		
49.65		0.78968		
49.7		0.78937		
49.75		0.78906		
49.8		0.78875		
49.85		0.78845		
49.9		0.78814		
49.95		0.78784		
50		0.78754		
50.05		0.78724		
50.1		0.78694		
50.15		0.78665		
50.2		0.78635		
50.25		0.78606		
50.3		0.78577		
50.35		0.78547		
50.4		0.78519		
50.45		0.7849		
50.5		0.78461		
50.55		0.78433		
50.6		0.78404		
50.65		0.78376		
50.7		0.78348		
50.75		0.7832		
50.8		0.78292		
50.85		0.78265		
50.9		0.78237		
50.95		0.7821		
51		0.78183		
51.05		0.78156		
51.1		0.78129		
51.15		0.78102		
51.2		0.78076		
51.25		0.78049		
51.3		0.78023		
51.35		0.77997		
51.4		0.77971		
51.45		0.77945		
51.5		0.77919		
51.55		0.77894		
51.6		0.77868		
51.65		0.77843		
51.7		0.77818		
51.75		0.77793		
51.8		0.77768		
51.85		0.77743		
51.9		0.77719		
51.95		0.77694		
52		0.7767		
52.05		0.77646		
52.1		0.77621		
52.15		0.77598		
52.2		0.77574		
52.25		0.7755		
52.3		0.77527		
52.35		0.77503		
52.4		0.7748		
52.45		0.77457		
52.5		0.77434		
52.55		0.77411		
52.6		0.77388		
52.65		0.77365		
52.7		0.77343		
52.75		0.77321		
52.8		0.77298		
52.85		0.77276		
52.9		0.77254		
52.95		0.77232		
53		0.77211		
53.05		0.77189		
53.1		0.77168		
53.15		0.77146		
53.2		0.77125		
53.25		0.77104		
53.3		0.77083		
53.35		0.77062		
53.4		0.77041		
53.45		0.77021		
53.5		0.77		
53.55		0.7698		
53.6		0.76959		
53.65		0.76939		
53.7		0.76919		
53.75		0.76899		
53.8		0.76879		
53.85		0.76859		
53.9		0.7684		
53.95		0.7682		
54		0.76801		
54.05		0.76781		
54.1		0.76762		
54.15		0.76743		
54.2		0.76724		
54.25		0.76705		
54.3		0.76686		
54.35		0.76668		
54.4		0.76649		
54.45		0.76631		
54.5		0.76612		
54.55		0.76594		
54.6		0.76576		
54.65		0.76558		
54.7		0.7654		
54.75		0.76522		
54.8		0.76504		
54.85		0.76486		
54.9		0.76469		
54.95		0.76451		
55		0.76434		
55.05		0.76416		
55.1		0.76399		
55.15		0.76382		
55.2		0.76365		
55.25		0.76348		
55.3		0.76331		
55.35		0.76314		
55.4		0.76298		
55.45		0.76281		
55.5		0.76264		
55.55		0.76248		
55.6		0.76231		
55.65		0.76215		
55.7		0.76199		
55.75		0.76183		
55.8		0.76167		
55.85		0.76151		
55.9		0.76135		
55.95		0.76119		
56		0.76103		
56.05		0.76088		
56.1		0.76072		
56.15		0.76057		
56.2		0.76041		
56.25		0.76026		
56.3		0.7601		
56.35		0.75995		
56.4		0.7598		
56.45		0.75965		
56.5		0.7595		
56.55		0.75935		
56.6		0.7592		
56.65		0.75905		
56.7		0.75891		
56.75		0.75876		
56.8		0.75861		
56.85		0.75847		
56.9		0.75832		
56.95		0.75818		
57		0.75804		
57.05		0.75789		
57.1		0.75775		
57.15		0.75761		
57.2		0.75747		
57.25		0.75733		
57.3		0.75719		
57.35		0.75705		
57.4		0.75691		
57.45		0.75677		
57.5		0.75664		
57.55		0.7565		
57.6		0.75636		
57.65		0.75623		
57.7		0.75609		
57.75		0.75596		
57.8		0.75582		
57.85		0.75569		
57.9		0.75556		
57.95		0.75542		
58		0.75529		
58.05		0.75516		
58.1		0.75503		
58.15		0.7549		
58.2		0.75477		
58.25		0.75464		
58.3		0.75451		
58.35		0.75438		
58.4		0.75425		
58.45		0.75413		
58.5		0.754		
58.55		0.75387		
58.6		0.75375		
58.65		0.75362		
58.7		0.7535		
58.75		0.75337		
58.8		0.75325		
58.85		0.75312		
58.9		0.753		
58.95		0.75288		
59		0.75275		
59.05		0.75263		
59.1		0.75251		
59.15		0.75239		
59.2		0.75227		
59.25		0.75215		
59.3		0.75203		
59.35		0.75191		
59.4		0.75179		
59.45		0.75167		
59.5		0.75155		
59.55		0.75143		
59.6		0.75131		
59.65		0.75119		
59.7		0.75108		
59.75		0.75096		
59.8		0.75084		
59.85		0.75073		
59.9		0.75061		
59.95		0.7505		
60		0.75038		
60.05		0.75027		
60.1		0.75015		
60.15		0.75004		
60.2		0.74992		
60.25		0.74981		
60.3		0.7497		
60.35		0.74958		
60.4		0.74947		
60.45		0.74936		
60.5		0.74925		
60.55		0.74914		
60.6		0.74903		
60.65		0.74891		
60.7		0.7488		
60.75		0.74869		
60.8		0.74858		
60.85		0.74847		
60.9		0.74836		
60.95		0.74826		
61		0.74815		
61.05		0.74804		
61.1		0.74793		
61.15		0.74782		
61.2		0.74771		
61.25		0.74761		
61.3		0.7475		
61.35		0.74739		
61.4		0.74728		
61.45		0.74718		
61.5		0.74707		
61.55		0.74697		
61.6		0.74686		
61.65		0.74675		
61.7		0.74665		
61.75		0.74654		
61.8		0.74644		
61.85		0.74634		
61.9		0.74623		
61.95		0.74613		
62		0.74602		
62.05		0.74592		
62.1		0.74582		
62.15		0.74571		
62.2		0.74561		
62.25		0.74551		
62.3		0.7454		
62.35		0.7453		
62.4		0.7452		
62.45		0.7451		
62.5		0.745		
62.55		0.7449		
62.6		0.74479		
62.65		0.74469		
62.7		0.74459		
62.75		0.74449		
62.8		0.74439		
62.85		0.74429		
62.9		0.74419		
62.95		0.74409		
63		0.74399		
63.05		0.74389		
63.1		0.74379		
63.15		0.74369		
63.2		0.7436		
63.25		0.7435		
63.3		0.7434		
63.35		0.7433		
63.4		0.7432		
63.45		0.7431		
63.5		0.74301		
63.55		0.74291		
63.6		0.74281		
63.65		0.74272		
63.7		0.74262		
63.75		0.74252		
63.8		0.74242		
63.85		0.74233		
63.9		0.74223		
63.95		0.74214		
64		0.74204		
64.05		0.74194		
64.1		0.74185		
64.15		0.74175		
64.2		0.74166		
64.25		0.74156		
64.3		0.74147		
64.35		0.74137		
64.4		0.74128		
64.45		0.74118		
64.5		0.74109		
64.55		0.74099		
64.6		0.7409		
64.65		0.74081		
64.7		0.74071		
64.75		0.74062		
64.8		0.74053		
64.85		0.74043		
64.9		0.74034		
64.95		0.74025		
65		0.74015		
65.05		0.74006		
65.1		0.73997		
65.15		0.73988		
65.2		0.73978		
65.25		0.73969		
65.3		0.7396		
65.35		0.73951		
65.4		0.73942		
65.45		0.73932		
65.5		0.73923		
65.55		0.73914		
65.6		0.73905		
65.65		0.73896		
65.7		0.73887		
65.75		0.73878		
65.8		0.73869		
65.85		0.7386		
65.9		0.73851		
65.95		0.73841		
66		0.73832		
66.05		0.73823		
66.1		0.73814		
66.15		0.73806		
66.2		0.73797		
66.25		0.73788		
66.3		0.73779		
66.35		0.7377		
66.4		0.73761		
66.45		0.73752		
66.5		0.73743		
66.55		0.73734		
66.6		0.73725		
66.65		0.73716		
66.7		0.73708		
66.75		0.73699		
66.8		0.7369		
66.85		0.73681		
66.9		0.73672		
66.95		0.73663		
67		0.73655		
67.05		0.73646		
67.1		0.73637		
67.15		0.73628		
67.2		0.7362		
67.25		0.73611		
67.3		0.73602		
67.35		0.73594		
67.4		0.73585		
67.45		0.73576		
67.5		0.73568		
67.55		0.73559		
67.6		0.7355		
67.65		0.73542		
67.7		0.73533		
67.75		0.73524		
67.8		0.73516		
67.85		0.73507		
67.9		0.73499		
67.95		0.7349		
68		0.73481		
68.05		0.73473		
68.1		0.73464		
68.15		0.73456		
68.2		0.73447		
68.25		0.73439		
68.3		0.7343		
68.35		0.73422		
68.4		0.73413		
68.45		0.73405		
68.5		0.73396		
68.55		0.73388		
68.6		0.73379		
68.65		0.73371		
68.7		0.73363		
68.75		0.73354		
68.8		0.73346		
68.85		0.73337		
68.9		0.73329		
68.95		0.73321		
69		0.73312		
69.05		0.73304		
69.1		0.73296		
69.15		0.73287		
69.2		0.73279		
69.25		0.73271		
69.3		0.73262		
69.35		0.73254		
69.4		0.73246		
69.45		0.73237		
69.5		0.73229		
69.55		0.73221		
69.6		0.73213		
69.65		0.73204		
69.7		0.73196		
69.75		0.73188		
69.8		0.7318		
69.85		0.73171		
69.9		0.73163		
69.95		0.73155		
70		0.73147		
70.05		0.73139		
70.1		0.7313		
70.15		0.73122		
70.2		0.73114		
70.25		0.73106		
70.3		0.73098		
70.35		0.7309		
70.4		0.73082		
70.45		0.73073		
70.5		0.73065		
70.55		0.73057		
70.6		0.73049		
70.65		0.73041		
70.7		0.73033		
70.75		0.73025		
70.8		0.73017		
70.85		0.73009		
70.9		0.73001		
70.95		0.72993		
71		0.72985		
71.05		0.72977		
71.1		0.72969		
71.15		0.72961		
71.2		0.72953		
71.25		0.72945		
71.3		0.72937		
71.35		0.72929		
71.4		0.72921		
71.45		0.72913		
71.5		0.72905		
71.55		0.72897		
71.6		0.72889		
71.65		0.72881		
71.7		0.72873		
71.75		0.72865		
71.8		0.72857		
71.85		0.7285		
71.9		0.72842		
71.95		0.72834		
72		0.72826		
72.05		0.72818		
72.1		0.7281		
72.15		0.72802		
72.2		0.72795		
72.25		0.72787		
72.3		0.72779		
72.35		0.72771		
72.4		0.72763		
72.45		0.72755		
72.5		0.72748		
72.55		0.7274		
72.6		0.72732		
72.65		0.72724		
72.7		0.72717		
72.75		0.72709		
72.8		0.72701		
72.85		0.72693		
72.9		0.72686		
72.95		0.72678		
73		0.7267		
73.05		0.72662		
73.1		0.72655		
73.15		0.72647		
73.2		0.72639		
73.25		0.72632		
73.3		0.72624		
73.35		0.72616		
73.4		0.72608		
73.45		0.72601		
73.5		0.72593		
73.55		0.72586		
73.6		0.72578		
73.65		0.7257		
73.7		0.72563		
73.75		0.72555		
73.8		0.72547		
73.85		0.7254		
73.9		0.72532		
73.95		0.72525		
74		0.72517		
74.05		0.72509		
74.1		0.72502		
74.15		0.72494		
74.2		0.72487		
74.25		0.72479		
74.3		0.72472		
74.35		0.72464		
74.4		0.72456		
74.45		0.72449		
74.5		0.72441		
74.55		0.72434		
74.6		0.72426		
74.65		0.72419		
74.7		0.72411		
74.75		0.72404		
74.8		0.72396		
74.85		0.72389		
74.9		0.72381		
74.95		0.72374		
75		0.72366		
75.05		0.72359		
75.1		0.72352		
75.15		0.72344		
75.2		0.72337		
75.25		0.72329		
75.3		0.72322		
75.35		0.72314		
75.4		0.72307		
75.45		0.723		
75.5		0.72292		
75.55		0.72285		
75.6		0.72277		
75.65		0.7227		
75.7		0.72263		
75.75		0.72255		
75.8		0.72248		
75.85		0.72241		
75.9		0.72233		
75.95		0.72226		
76		0.72218		
76.05		0.72211		
76.1		0.72204		
76.15		0.72197		
76.2		0.72189		
76.25		0.72182		
76.3		0.72175		
76.35		0.72167		
76.4		0.7216		
76.45		0.72153		
76.5		0.72145		
76.55		0.72138		
76.6		0.72131		
76.65		0.72124		
76.7		0.72116		
76.75		0.72109		
76.8		0.72102		
76.85		0.72095		
76.9		0.72087		
76.95		0.7208		
77		0.72073		
77.05		0.72066		
77.1		0.72058		
77.15		0.72051		
77.2		0.72044		
77.25		0.72037		
77.3		0.7203		
77.35		0.72022		
77.4		0.72015		
77.45		0.72008		
77.5		0.72001		
77.55		0.71994		
77.6		0.71987		
77.65		0.71979		
77.7		0.71972		
77.75		0.71965		
77.8		0.71958		
77.85		0.71951		
77.9		0.71944		
77.95		0.71937		
78		0.71929		
78.05		0.71922		
78.1		0.71915		
78.15		0.71908		
78.2		0.71901		
78.25		0.71894		
78.3		0.71887		
78.35		0.7188		
78.4		0.71873		
78.45		0.71866		
78.5		0.71859		
78.55		0.71852		
78.6		0.71844		
78.65		0.71837		
78.7		0.7183		
78.75		0.71823		
78.8		0.71816		
78.85		0.71809		
78.9		0.71802		
78.95		0.71795		
79		0.71788		
79.05		0.71781		
79.1		0.71774		
79.15		0.71767		
79.2		0.7176		
79.25		0.71753		
79.3		0.71746		
79.35		0.71739		
79.4		0.71732		
79.45		0.71725		
79.5		0.71718		
79.55		0.71711		
79.6		0.71704		
79.65		0.71697		
79.7		0.71691		
79.75		0.71684		
79.8		0.71677		
79.85		0.7167		
79.9		0.71663		
79.95		0.71656		
80		0.71649		
80.05		0.71642		
80.1		0.71635		
80.15		0.71628		
80.2		0.71621		
80.25		0.71614		
80.3		0.71608		
80.35		0.71601		
80.4		0.71594		
80.45		0.71587		
80.5		0.7158		
80.55		0.71573		
80.6		0.71566		
80.65		0.7156		
80.7		0.71553		
80.75		0.71546		
80.8		0.71539		
80.85		0.71532		
80.9		0.71525		
80.95		0.71519		
81		0.71512		
81.05		0.71505		
81.1		0.71498		
81.15		0.71491		
81.2		0.71485		
81.25		0.71478		
81.3		0.71471		
81.35		0.71464		
81.4		0.71457		
81.45		0.71451		
81.5		0.71444		
81.55		0.71437		
81.6		0.7143		
81.65		0.71424		
81.7		0.71417		
81.75		0.7141		
81.8		0.71403		
81.85		0.71397		
81.9		0.7139		
81.95		0.71383		
82		0.71376		
82.05		0.7137		
82.1		0.71363		
82.15		0.71356		
82.2		0.7135		
82.25		0.71343		
82.3		0.71336		
82.35		0.71329		
82.4		0.71323		
82.45		0.71316		
82.5		0.71309		
82.55		0.71303		
82.6		0.71296		
82.65		0.71289		
82.7		0.71283		
82.75		0.71276		
82.8		0.71269		
82.85		0.71263		
82.9		0.71256		
82.95		0.71249		
83		0.71243		
83.05		0.71236		
83.1		0.7123		
83.15		0.71223		
83.2		0.71216		
83.25		0.7121		
83.3		0.71203		
83.35		0.71197		
83.4		0.7119		
83.45		0.71183		
83.5		0.71177		
83.55		0.7117		
83.6		0.71164		
83.65		0.71157		
83.7		0.7115		
83.75		0.71144		
83.8		0.71137		
83.85		0.71131		
83.9		0.71124		
83.95		0.71118		
84		0.71111		
84.05		0.71105		
84.1		0.71098		
84.15		0.71091		
84.2		0.71085		
84.25		0.71078		
84.3		0.71072		
84.35		0.71065		
84.4		0.71059		
84.45		0.71052		
84.5		0.71046		
84.55		0.71039		
84.6		0.71033		
84.65		0.71026		
84.7		0.7102		
84.75		0.71013		
84.8		0.71007		
84.85		0.71		
84.9		0.70994		
84.95		0.70987		
85		0.70981		
85.05		0.70975		
85.1		0.70968		
85.15		0.70962		
85.2		0.70955		
85.25		0.70949		
85.3		0.70942		
85.35		0.70936		
85.4		0.70929		
85.45		0.70923		
85.5		0.70917		
85.55		0.7091		
85.6		0.70904		
85.65		0.70897		
85.7		0.70891		
85.75		0.70885		
85.8		0.70878		
85.85		0.70872		
85.9		0.70865		
85.95		0.70859		
86		0.70853		
86.05		0.70846		
86.1		0.7084		
86.15		0.70833		
86.2		0.70827		
86.25		0.70821		
86.3		0.70814		
86.35		0.70808		
86.4		0.70802		
86.45		0.70795		
86.5		0.70789		
86.55		0.70783		
86.6		0.70776		
86.65		0.7077		
86.7		0.70764		
86.75		0.70757		
86.8		0.70751		
86.85		0.70745		
86.9		0.70738		
86.95		0.70732		
87		0.70726		
87.05		0.70719		
87.1		0.70713		
87.15		0.70707		
87.2		0.70701		
87.25		0.70694		
87.3		0.70688		
87.35		0.70682		
87.4		0.70675		
87.45		0.70669		
87.5		0.70663		
87.55		0.70657		
87.6		0.7065		
87.65		0.70644		
87.7		0.70638		
87.75		0.70632		
87.8		0.70625		
87.85		0.70619		
87.9		0.70613		
87.95		0.70607		
88		0.70601		
88.05		0.70594		
88.1		0.70588		
88.15		0.70582		
88.2		0.70576		
88.25		0.70569		
88.3		0.70563		
88.35		0.70557		
88.4		0.70551		
88.45		0.70545		
88.5		0.70538		
88.55		0.70532		
88.6		0.70526		
88.65		0.7052		
88.7		0.70514		
88.75		0.70508		
88.8		0.70501		
88.85		0.70495		
88.9		0.70489		
88.95		0.70483		
89		0.70477		
89.05		0.70471		
89.1		0.70464		
89.15		0.70458		
89.2		0.70452		
89.25		0.70446		
89.3		0.7044		
89.35		0.70434		
89.4		0.70428		
89.45		0.70422		
89.5		0.70415		
89.55		0.70409		
89.6		0.70403		
89.65		0.70397		
89.7		0.70391		
89.75		0.70385		
89.8		0.70379		
89.85		0.70373		
89.9		0.70367		
89.95		0.70361		
90		0.70354		
90.05		0.70348		
90.1		0.70342		
90.15		0.70336		
90.2		0.7033		
90.25		0.70324		
90.3		0.70318		
90.35		0.70312		
90.4		0.70306		
90.45		0.703		
90.5		0.70294		
90.55		0.70288		
90.6		0.70282		
90.65		0.70276		
90.7		0.7027		
90.75		0.70264		
90.8		0.70258		
90.85		0.70252		
90.9		0.70246		
90.95		0.7024		
91		0.70234		
91.05		0.70228		
91.1		0.70222		
91.15		0.70216		
91.2		0.7021		
91.25		0.70204		
91.3		0.70198		
91.35		0.70192		
91.4		0.70186		
91.45		0.7018		
91.5		0.70174		
91.55		0.70168		
91.6		0.70162		
91.65		0.70156		
91.7		0.7015		
91.75		0.70144		
91.8		0.70138		
91.85		0.70132		
91.9		0.70126		
91.95		0.7012		
92		0.70114		
92.05		0.70108		
92.1		0.70102		
92.15		0.70096		
92.2		0.7009		
92.25		0.70084		
92.3		0.70078		
92.35		0.70073		
92.4		0.70067		
92.45		0.70061		
92.5		0.70055		
92.55		0.70049		
92.6		0.70043		
92.65		0.70037		
92.7		0.70031		
92.75		0.70025		
92.8		0.70019		
92.85		0.70014		
92.9		0.70008		
92.95		0.70002		
93		0.69996		
93.05		0.6999		
93.1		0.69984		
93.15		0.69978		
93.2		0.69972		
93.25		0.69967		
93.3		0.69961		
93.35		0.69955		
93.4		0.69949		
93.45		0.69943		
93.5		0.69937		
93.55		0.69931		
93.6		0.69926		
93.65		0.6992		
93.7		0.69914		
93.75		0.69908		
93.8		0.69902		
93.85		0.69896		
93.9		0.69891		
93.95		0.69885		
94		0.69879		
94.05		0.69873		
94.1		0.69867		
94.15		0.69862		
94.2		0.69856		
94.25		0.6985		
94.3		0.69844		
94.35		0.69838		
94.4		0.69833		
94.45		0.69827		
94.5		0.69821		
94.55		0.69815		
94.6		0.6981		
94.65		0.69804		
94.7		0.69798		
94.75		0.69792		
94.8		0.69786		
94.85		0.69781		
94.9		0.69775		
94.95		0.69769		
95		0.69763		
95.05		0.69758		
95.1		0.69752		
95.15		0.69746		
95.2		0.69741		
95.25		0.69735		
95.3		0.69729		
95.35		0.69723		
95.4		0.69718		
95.45		0.69712		
95.5		0.69706		
95.55		0.697		
95.6		0.69695		
95.65		0.69689		
95.7		0.69683		
95.75		0.69678		
95.8		0.69672		
95.85		0.69666		
95.9		0.69661		
95.95		0.69655		
96		0.69649		
96.05		0.69643		
96.1		0.69638		
96.15		0.69632		
96.2		0.69626		
96.25		0.69621		
96.3		0.69615		
96.35		0.69609		
96.4		0.69604		
96.45		0.69598		
96.5		0.69592		
96.55		0.69587		
96.6		0.69581		
96.65		0.69576		
96.7		0.6957		
96.75		0.69564		
96.8		0.69559		
96.85		0.69553		
96.9		0.69547		
96.95		0.69542		
97		0.69536		
97.05		0.6953		
97.1		0.69525		
97.15		0.69519		
97.2		0.69514		
97.25		0.69508		
97.3		0.69502		
97.35		0.69497		
97.4		0.69491		
97.45		0.69486		
97.5		0.6948		
97.55		0.69474		
97.6		0.69469		
97.65		0.69463		
97.7		0.69458		
97.75		0.69452		
97.8		0.69446		
97.85		0.69441		
97.9		0.69435		
97.95		0.6943		
98		0.69424		
98.05		0.69419		
98.1		0.69413		
98.15		0.69408		
98.2		0.69402		
98.25		0.69396		
98.3		0.69391		
98.35		0.69385		
98.4		0.6938		
98.45		0.69374		
98.5		0.69369		
98.55		0.69363		
98.6		0.69358		
98.65		0.69352		
98.7		0.69347		
98.75		0.69341		
98.8		0.69336		
98.85		0.6933		
98.9		0.69324		
98.95		0.69319		
99		0.69313		
99.05		0.69308		
99.1		0.69302		
99.15		0.69297		
99.2		0.69291		
99.25		0.69286		
99.3		0.6928		
99.35		0.69275		
99.4		0.69269		
99.45		0.69264		
99.5		0.69259		
99.55		0.69253		
99.6		0.69248		
99.65		0.69242		
99.7		0.69237		
99.75		0.69231		
99.8		0.69226		
99.85		0.6922		
99.9		0.69215		
99.95		0.69209		
100		0.69204		
