t [fm]		R_pi^-1
0.25		1.3239
0.3		1.2655		
0.35		1.216		
0.4		1.1722		
0.45		1.1326		
0.5		1.0963		
0.55		1.0627		
0.6		1.0314		
0.65		1.0021		
0.7		0.97463		
0.75		0.94869		
0.8		0.92415		
0.85		0.90086		
0.9		0.87869		
0.95		0.85754		
1		0.83733		
1.05		0.81796		
1.1		0.79936		
1.15		0.78149		
1.2		0.76429		
1.25		0.74771		
1.3		0.73171		
1.35		0.71626		
1.4		0.70132		
1.45		0.68687		
1.5		0.67289		
1.55		0.65934		
1.6		0.64622		
1.65		0.63349		
1.7		0.62115		
1.75		0.60918		
1.8		0.59756		
1.85		0.58628		
1.9		0.57533		
1.95		0.56469		
2		0.55436		
2.05		0.54431		
2.1		0.53455		
2.15		0.52506		
2.2		0.51584		
2.25		0.50687		
2.3		0.49815		
2.35		0.48966		
2.4		0.4814		
2.45		0.47337		
2.5		0.46556		
2.55		0.45795		
2.6		0.45054		
2.65		0.44333		
2.7		0.43631		
2.75		0.42947		
2.8		0.42281		
2.85		0.41632		
2.9		0.41		
2.95		0.40385		
3		0.39784		
3.05		0.39199		
3.1		0.38629		
3.15		0.38073		
3.2		0.37531		
3.25		0.37002		
3.3		0.36486		
3.35		0.35983		
3.4		0.35492		
3.45		0.35013		
3.5		0.34545		
3.55		0.34089		
3.6		0.33643		
3.65		0.33208		
3.7		0.32783		
3.75		0.32368		
3.8		0.31963		
3.85		0.31567		
3.9		0.31179		
3.95		0.30801		
4		0.30431		
4.05		0.3007		
4.1		0.29716		
4.15		0.29371		
4.2		0.29032		
4.25		0.28702		
4.3		0.28378		
4.35		0.28061		
4.4		0.27751		
4.45		0.27448		
4.5		0.27151		
4.55		0.2686		
4.6		0.26575		
4.65		0.26296		
4.7		0.26023		
4.75		0.25755		
4.8		0.25493		
4.85		0.25236		
4.9		0.24984		
4.95		0.24736		
5		0.24494		
5.05		0.24257		
5.1		0.24024		
5.15		0.23795		
5.2		0.23571		
5.25		0.23351		
5.3		0.23135		
5.35		0.22923		
5.4		0.22715		
5.45		0.22511		
5.5		0.2231		
5.55		0.22113		
5.6		0.2192		
5.65		0.2173		
5.7		0.21543		
5.75		0.2136		
5.8		0.2118		
5.85		0.21002		
5.9		0.20828		
5.95		0.20657		
6		0.20489		
6.05		0.20323		
6.1		0.2016		
6.15		0.2		
6.2		0.19843		
6.25		0.19688		
6.3		0.19536		
6.35		0.19385		
6.4		0.19238		
6.45		0.19092		
6.5		0.18949		
6.55		0.18809		
6.6		0.1867		
6.65		0.18533		
6.7		0.18399		
6.75		0.18266		
6.8		0.18136		
6.85		0.18007		
6.9		0.1788		
6.95		0.17756		
7		0.17633		
7.05		0.17511		
7.1		0.17392		
7.15		0.17274		
7.2		0.17158		
7.25		0.17043		
7.3		0.1693		
7.35		0.16819		
7.4		0.16709		
7.45		0.166		
7.5		0.16493		
7.55		0.16388		
7.6		0.16284		
7.65		0.16181		
7.7		0.1608		
7.75		0.1598		
7.8		0.15881		
7.85		0.15783		
7.9		0.15687		
7.95		0.15592		
8		0.15498		
8.05		0.15406		
8.1		0.15314		
8.15		0.15224		
8.2		0.15134		
8.25		0.15046		
8.3		0.14959		
8.35		0.14873		
8.4		0.14788		
8.45		0.14704		
8.5		0.14621		
8.55		0.14539		
8.6		0.14458		
8.65		0.14378		
8.7		0.14299		
8.75		0.1422		
8.8		0.14143		
8.85		0.14066		
8.9		0.13991		
8.95		0.13916		
9		0.13842		
9.05		0.13768		
9.1		0.13696		
9.15		0.13624		
9.2		0.13554		
9.25		0.13484		
9.3		0.13414		
9.35		0.13346		
9.4		0.13278		
9.45		0.13211		
9.5		0.13144		
9.55		0.13078		
9.6		0.13013		
9.65		0.12949		
9.7		0.12885		
9.75		0.12822		
9.8		0.1276		
9.85		0.12698		
9.9		0.12637		
9.95		0.12576		
10		0.12516		
10.05		0.12457		
10.1		0.12398		
10.15		0.12339		
10.2		0.12282		
10.25		0.12225		
10.3		0.12168		
10.35		0.12112		
10.4		0.12056		
10.45		0.12001		
10.5		0.11947		
10.55		0.11893		
10.6		0.11839		
10.65		0.11786		
10.7		0.11734		
10.75		0.11682		
10.8		0.1163		
10.85		0.11579		
10.9		0.11529		
10.95		0.11478		
11		0.11429		
11.05		0.11379		
11.1		0.1133		
11.15		0.11282		
11.2		0.11234		
11.25		0.11186		
11.3		0.11139		
11.35		0.11092		
11.4		0.11046		
11.45		0.11		
11.5		0.10954		
11.55		0.10909		
11.6		0.10864		
11.65		0.1082		
11.7		0.10776		
11.75		0.10732		
11.8		0.10689		
11.85		0.10646		
11.9		0.10603		
11.95		0.10561		
12		0.10519		
12.05		0.10477		
12.1		0.10436		
12.15		0.10395		
12.2		0.10354		
12.25		0.10314		
12.3		0.10274		
12.35		0.10234		
12.4		0.10195		
12.45		0.10155		
12.5		0.10117		
12.55		0.10078		
12.6		0.1004		
12.65		0.10002		
12.7		0.099644		
12.75		0.099271		
12.8		0.0989		
12.85		0.098532		
12.9		0.098167		
12.95		0.097805		
13		0.097445		
13.05		0.097088		
13.1		0.096733		
13.15		0.096381		
13.2		0.096032		
13.25		0.095685		
13.3		0.095341		
13.35		0.094999		
13.4		0.094659		
13.45		0.094322		
13.5		0.093988		
13.55		0.093655		
13.6		0.093326		
13.65		0.092998		
13.7		0.092672		
13.75		0.092349		
13.8		0.092028		
13.85		0.09171		
13.9		0.091393		
13.95		0.091079		
14		0.090767		
14.05		0.090457		
14.1		0.090149		
14.15		0.089843		
14.2		0.089539		
14.25		0.089237		
14.3		0.088937		
14.35		0.088639		
14.4		0.088343		
14.45		0.088049		
14.5		0.087757		
14.55		0.087467		
14.6		0.087179		
14.65		0.086892		
14.7		0.086608		
14.75		0.086325		
14.8		0.086044		
14.85		0.085765		
14.9		0.085488		
14.95		0.085212		
15		0.084938		
15.05		0.084666		
15.1		0.084395		
15.15		0.084127		
15.2		0.08386		
15.25		0.083594		
15.3		0.08333		
15.35		0.083068		
15.4		0.082807		
15.45		0.082548		
15.5		0.082291		
15.55		0.082035		
15.6		0.081781		
15.65		0.081528		
15.7		0.081277		
15.75		0.081027		
15.8		0.080778		
15.85		0.080532		
15.9		0.080286		
15.95		0.080042		
16		0.0798		
16.05		0.079559		
16.1		0.079319		
16.15		0.079081		
16.2		0.078844		
16.25		0.078608		
16.3		0.078374		
16.35		0.078141		
16.4		0.077909		
16.45		0.077679		
16.5		0.07745		
16.55		0.077223		
16.6		0.076996		
16.65		0.076771		
16.7		0.076547		
16.75		0.076325		
16.8		0.076103		
16.85		0.075883		
16.9		0.075664		
16.95		0.075447		
17		0.07523		
17.05		0.075015		
17.1		0.0748		
17.15		0.074587		
17.2		0.074376		
17.25		0.074165		
17.3		0.073955		
17.35		0.073747		
17.4		0.07354		
17.45		0.073333		
17.5		0.073128		
17.55		0.072924		
17.6		0.072721		
17.65		0.072519		
17.7		0.072318		
17.75		0.072118		
17.8		0.07192		
17.85		0.071722		
17.9		0.071525		
17.95		0.071329		
18		0.071135		
18.05		0.070941		
18.1		0.070748		
18.15		0.070556		
18.2		0.070366		
18.25		0.070176		
18.3		0.069987		
18.35		0.069799		
18.4		0.069612		
18.45		0.069426		
18.5		0.069241		
18.55		0.069057		
18.6		0.068873		
18.65		0.068691		
18.7		0.06851		
18.75		0.068329		
18.8		0.068149		
18.85		0.06797		
18.9		0.067792		
18.95		0.067615		
19		0.067439		
19.05		0.067264		
19.1		0.067089		
19.15		0.066915		
19.2		0.066742		
19.25		0.06657		
19.3		0.066399		
19.35		0.066229		
19.4		0.066059		
19.45		0.06589		
19.5		0.065722		
19.55		0.065555		
19.6		0.065388		
19.65		0.065223		
19.7		0.065058		
19.75		0.064893		
19.8		0.06473		
19.85		0.064567		
19.9		0.064405		
19.95		0.064244		
20		0.064083		
20.05		0.063924		
20.1		0.063765		
20.15		0.063606		
20.2		0.063449		
20.25		0.063292		
20.3		0.063136		
20.35		0.06298		
20.4		0.062825		
20.45		0.062671		
20.5		0.062518		
20.55		0.062365		
20.6		0.062213		
20.65		0.062061		
20.7		0.06191		
20.75		0.06176		
20.8		0.061611		
20.85		0.061462		
20.9		0.061314		
20.95		0.061166		
21		0.061019		
21.05		0.060873		
21.1		0.060727		
21.15		0.060582		
21.2		0.060438		
21.25		0.060294		
21.3		0.060151		
21.35		0.060008		
21.4		0.059866		
21.45		0.059724		
21.5		0.059584		
21.55		0.059443		
21.6		0.059304		
21.65		0.059164		
21.7		0.059026		
21.75		0.058888		
21.8		0.05875		
21.85		0.058614		
21.9		0.058477		
21.95		0.058342		
22		0.058206		
22.05		0.058072		
22.1		0.057938		
22.15		0.057804		
22.2		0.057671		
22.25		0.057538		
22.3		0.057406		
22.35		0.057275		
22.4		0.057144		
22.45		0.057013		
22.5		0.056884		
22.55		0.056754		
22.6		0.056625		
22.65		0.056497		
22.7		0.056369		
22.75		0.056241		
22.8		0.056115		
22.85		0.055988		
22.9		0.055862		
22.95		0.055737		
23		0.055612		
23.05		0.055487		
23.1		0.055363		
23.15		0.055239		
23.2		0.055116		
23.25		0.054994		
23.3		0.054872		
23.35		0.05475		
23.4		0.054628		
23.45		0.054508		
23.5		0.054387		
23.55		0.054267		
23.6		0.054148		
23.65		0.054029		
23.7		0.05391		
23.75		0.053792		
23.8		0.053674		
23.85		0.053557		
23.9		0.05344		
23.95		0.053324		
24		0.053207		
24.05		0.053092		
24.1		0.052977		
24.15		0.052862		
24.2		0.052747		
24.25		0.052633		
24.3		0.05252		
24.35		0.052407		
24.4		0.052294		
24.45		0.052181		
24.5		0.052069		
24.55		0.051958		
24.6		0.051847		
24.65		0.051736		
24.7		0.051625		
24.75		0.051515		
24.8		0.051406		
24.85		0.051296		
24.9		0.051187		
24.95		0.051079		
25		0.050971		
25.05		0.050863		
25.1		0.050755		
25.15		0.050648		
25.2		0.050542		
25.25		0.050435		
25.3		0.050329		
25.35		0.050224		
25.4		0.050118		
25.45		0.050013		
25.5		0.049909		
25.55		0.049804		
25.6		0.049701		
25.65		0.049597		
25.7		0.049494		
25.75		0.049391		
25.8		0.049288		
25.85		0.049186		
25.9		0.049084		
25.95		0.048983		
26		0.048882		
26.05		0.048781		
26.1		0.04868		
26.15		0.04858		
26.2		0.04848		
26.25		0.04838		
26.3		0.048281		
26.35		0.048182		
26.4		0.048084		
26.45		0.047985		
26.5		0.047887		
26.55		0.04779		
26.6		0.047692		
26.65		0.047595		
26.7		0.047498		
26.75		0.047402		
26.8		0.047306		
26.85		0.04721		
26.9		0.047114		
26.95		0.047019		
27		0.046924		
27.05		0.046829		
27.1		0.046735		
27.15		0.046641		
27.2		0.046547		
27.25		0.046453		
27.3		0.04636		
27.35		0.046267		
27.4		0.046174		
27.45		0.046082		
27.5		0.04599		
27.55		0.045898		
27.6		0.045807		
27.65		0.045715		
27.7		0.045624		
27.75		0.045533		
27.8		0.045443		
27.85		0.045353		
27.9		0.045263		
27.95		0.045173		
28		0.045084		
28.05		0.044995		
28.1		0.044906		
28.15		0.044817		
28.2		0.044729		
28.25		0.044641		
28.3		0.044553		
28.35		0.044465		
28.4		0.044378		
28.45		0.044291		
28.5		0.044204		
28.55		0.044118		
28.6		0.044031		
28.65		0.043945		
28.7		0.043859		
28.75		0.043774		
28.8		0.043688		
28.85		0.043603		
28.9		0.043519		
28.95		0.043434		
29		0.04335		
29.05		0.043265		
29.1		0.043182		
29.15		0.043098		
29.2		0.043015		
29.25		0.042931		
29.3		0.042848		
29.35		0.042766		
29.4		0.042683		
29.45		0.042601		
29.5		0.042519		
29.55		0.042437		
29.6		0.042356		
29.65		0.042275		
29.7		0.042194		
29.75		0.042113		
29.8		0.042032		
29.85		0.041952		
29.9		0.041872		
29.95		0.041792		
30		0.041713		
30.05		0.041634		
30.1		0.041555		
30.15		0.041476		
30.2		0.041397		
30.25		0.041319		
30.3		0.041241		
30.35		0.041163		
30.4		0.041085		
30.45		0.041008		
30.5		0.040931		
30.55		0.040854		
30.6		0.040778		
30.65		0.040701		
30.7		0.040625		
30.75		0.040549		
30.8		0.040473		
30.85		0.040398		
30.9		0.040323		
30.95		0.040248		
31		0.040173		
31.05		0.040099		
31.1		0.040024		
31.15		0.03995		
31.2		0.039876		
31.25		0.039803		
31.3		0.039729		
31.35		0.039656		
31.4		0.039583		
31.45		0.039511		
31.5		0.039438		
31.55		0.039366		
31.6		0.039294		
31.65		0.039222		
31.7		0.039151		
31.75		0.039079		
31.8		0.039008		
31.85		0.038937		
31.9		0.038867		
31.95		0.038796		
32		0.038726		
32.05		0.038656		
32.1		0.038586		
32.15		0.038516		
32.2		0.038447		
32.25		0.038378		
32.3		0.038309		
32.35		0.03824		
32.4		0.038171		
32.45		0.038103		
32.5		0.038035		
32.55		0.037967		
32.6		0.037899		
32.65		0.037832		
32.7		0.037764		
32.75		0.037697		
32.8		0.03763		
32.85		0.037564		
32.9		0.037497		
32.95		0.037431		
33		0.037365		
33.05		0.037299		
33.1		0.037233		
33.15		0.037167		
33.2		0.037102		
33.25		0.037037		
33.3		0.036972		
33.35		0.036907		
33.4		0.036843		
33.45		0.036778		
33.5		0.036714		
33.55		0.03665		
33.6		0.036586		
33.65		0.036523		
33.7		0.036459		
33.75		0.036396		
33.8		0.036333		
33.85		0.03627		
33.9		0.036208		
33.95		0.036145		
34		0.036083		
34.05		0.036021		
34.1		0.035959		
34.15		0.035897		
34.2		0.035835		
34.25		0.035774		
34.3		0.035713		
34.35		0.035652		
34.4		0.035591		
34.45		0.03553		
34.5		0.03547		
34.55		0.035409		
34.6		0.035349		
34.65		0.035289		
34.7		0.035229		
34.75		0.03517		
34.8		0.03511		
34.85		0.035051		
34.9		0.034992		
34.95		0.034933		
35		0.034874		
35.05		0.034815		
35.1		0.034757		
35.15		0.034699		
35.2		0.034641		
35.25		0.034583		
35.3		0.034525		
35.35		0.034467		
35.4		0.03441		
35.45		0.034352		
35.5		0.034295		
35.55		0.034238		
35.6		0.034182		
35.65		0.034125		
35.7		0.034068		
35.75		0.034012		
35.8		0.033956		
35.85		0.0339		
35.9		0.033844		
35.95		0.033788		
36		0.033733		
36.05		0.033678		
36.1		0.033622		
36.15		0.033567		
36.2		0.033512		
36.25		0.033458		
36.3		0.033403		
36.35		0.033349		
36.4		0.033294		
36.45		0.03324		
36.5		0.033186		
36.55		0.033132		
36.6		0.033079		
36.65		0.033025		
36.7		0.032972		
36.75		0.032919		
36.8		0.032866		
36.85		0.032813		
36.9		0.03276		
36.95		0.032707		
37		0.032655		
37.05		0.032602		
37.1		0.03255		
37.15		0.032498		
37.2		0.032446		
37.25		0.032394		
37.3		0.032343		
37.35		0.032291		
37.4		0.03224		
37.45		0.032189		
37.5		0.032138		
37.55		0.032087		
37.6		0.032036		
37.65		0.031985		
37.7		0.031935		
37.75		0.031884		
37.8		0.031834		
37.85		0.031784		
37.9		0.031734		
37.95		0.031684		
38		0.031635		
38.05		0.031585		
38.1		0.031536		
38.15		0.031486		
38.2		0.031437		
38.25		0.031388		
38.3		0.031339		
38.35		0.03129		
38.4		0.031242		
38.45		0.031193		
38.5		0.031145		
38.55		0.031097		
38.6		0.031049		
38.65		0.031001		
38.7		0.030953		
38.75		0.030905		
38.8		0.030858		
38.85		0.03081		
38.9		0.030763		
38.95		0.030716		
39		0.030669		
39.05		0.030622		
39.1		0.030575		
39.15		0.030528		
39.2		0.030482		
39.25		0.030435		
39.3		0.030389		
39.35		0.030343		
39.4		0.030297		
39.45		0.030251		
39.5		0.030205		
39.55		0.030159		
39.6		0.030114		
39.65		0.030068		
39.7		0.030023		
39.75		0.029978		
39.8		0.029932		
39.85		0.029887		
39.9		0.029843		
39.95		0.029798		
40		0.029753		
40.05		0.029709		
40.1		0.029664		
40.15		0.02962		
40.2		0.029576		
40.25		0.029532		
40.3		0.029488		
40.35		0.029444		
40.4		0.0294		
40.45		0.029357		
40.5		0.029313		
40.55		0.02927		
40.6		0.029227		
40.65		0.029184		
40.7		0.029141		
40.75		0.029098		
40.8		0.029055		
40.85		0.029012		
40.9		0.02897		
40.95		0.028927		
41		0.028885		
41.05		0.028843		
41.1		0.028801		
41.15		0.028759		
41.2		0.028717		
41.25		0.028675		
41.3		0.028633		
41.35		0.028592		
41.4		0.02855		
41.45		0.028509		
41.5		0.028467		
41.55		0.028426		
41.6		0.028385		
41.65		0.028344		
41.7		0.028303		
41.75		0.028263		
41.8		0.028222		
41.85		0.028182		
41.9		0.028141		
41.95		0.028101		
42		0.028061		
42.05		0.028021		
42.1		0.027981		
42.15		0.027941		
42.2		0.027901		
42.25		0.027862		
42.3		0.027823		
42.35		0.027784		
42.4		0.027746		
42.45		0.027709		
42.5		0.027672		
42.55		0.027636		
42.6		0.0276		
42.65		0.027564		
42.7		0.02753		
42.75		0.027495		
42.8		0.027462		
42.85		0.027428		
42.9		0.027395		
42.95		0.027363		
43		0.02733		
43.05		0.027299		
43.1		0.027267		
43.15		0.027236		
43.2		0.027206		
43.25		0.027175		
43.3		0.027145		
43.35		0.027116		
43.4		0.027086		
43.45		0.027057		
43.5		0.027028		
43.55		0.027		
43.6		0.026971		
43.65		0.026943		
43.7		0.026916		
43.75		0.026888		
43.8		0.026861		
43.85		0.026834		
43.9		0.026807		
43.95		0.02678		
44		0.026754		
44.05		0.026728		
44.1		0.026702		
44.15		0.026676		
44.2		0.02665		
44.25		0.026625		
44.3		0.026599		
44.35		0.026574		
44.4		0.026549		
44.45		0.026525		
44.5		0.0265		
44.55		0.026475		
44.6		0.026451		
44.65		0.026427		
44.7		0.026403		
44.75		0.026379		
44.8		0.026355		
44.85		0.026331		
44.9		0.026308		
44.95		0.026285		
45		0.026261		
45.05		0.026238		
45.1		0.026215		
45.15		0.026192		
45.2		0.026169		
45.25		0.026146		
45.3		0.026124		
45.35		0.026101		
45.4		0.026079		
45.45		0.026056		
45.5		0.026034		
45.55		0.026012		
45.6		0.02599		
45.65		0.025968		
45.7		0.025946		
45.75		0.025924		
45.8		0.025902		
45.85		0.02588		
45.9		0.025859		
45.95		0.025837		
46		0.025816		
46.05		0.025794		
46.1		0.025773		
46.15		0.025752		
46.2		0.02573		
46.25		0.025709		
46.3		0.025688		
46.35		0.025667		
46.4		0.025646		
46.45		0.025625		
46.5		0.025604		
46.55		0.025583		
46.6		0.025563		
46.65		0.025542		
46.7		0.025521		
46.75		0.025501		
46.8		0.02548		
46.85		0.02546		
46.9		0.025439		
46.95		0.025419		
47		0.025398		
47.05		0.025378		
47.1		0.025358		
47.15		0.025338		
47.2		0.025317		
47.25		0.025297		
47.3		0.025277		
47.35		0.025257		
47.4		0.025237		
47.45		0.025217		
47.5		0.025197		
47.55		0.025177		
47.6		0.025157		
47.65		0.025137		
47.7		0.025117		
47.75		0.025098		
47.8		0.025078		
47.85		0.025058		
47.9		0.025038		
47.95		0.025019		
48		0.024999		
48.05		0.024979		
48.1		0.02496		
48.15		0.02494		
48.2		0.024921		
48.25		0.024901		
48.3		0.024882		
48.35		0.024862		
48.4		0.024843		
48.45		0.024823		
48.5		0.024804		
48.55		0.024784		
48.6		0.024765		
48.65		0.024746		
48.7		0.024726		
48.75		0.024707		
48.8		0.024688		
48.85		0.024669		
48.9		0.024649		
48.95		0.02463		
49		0.024611		
49.05		0.024592		
49.1		0.024573		
49.15		0.024553		
49.2		0.024534		
49.25		0.024515		
49.3		0.024496		
49.35		0.024477		
49.4		0.024458		
49.45		0.024439		
49.5		0.02442		
49.55		0.024401		
49.6		0.024382		
49.65		0.024363		
49.7		0.024344		
49.75		0.024325		
49.8		0.024306		
49.85		0.024287		
49.9		0.024268		
49.95		0.024249		
50		0.02423		
50.05		0.024211		
50.1		0.024192		
50.15		0.024173		
50.2		0.024154		
50.25		0.024135		
50.3		0.024117		
50.35		0.024098		
50.4		0.024079		
50.45		0.02406		
50.5		0.024041		
50.55		0.024022		
50.6		0.024004		
50.65		0.023985		
50.7		0.023966		
50.75		0.023947		
50.8		0.023928		
50.85		0.02391		
50.9		0.023891		
50.95		0.023872		
51		0.023853		
51.05		0.023835		
51.1		0.023816		
51.15		0.023797		
51.2		0.023779		
51.25		0.02376		
51.3		0.023741		
51.35		0.023722		
51.4		0.023704		
51.45		0.023685		
51.5		0.023666		
51.55		0.023648		
51.6		0.023629		
51.65		0.02361		
51.7		0.023592		
51.75		0.023573		
51.8		0.023555		
51.85		0.023536		
51.9		0.023517		
51.95		0.023499		
52		0.02348		
52.05		0.023461		
52.1		0.023443		
52.15		0.023424		
52.2		0.023406		
52.25		0.023387		
52.3		0.023369		
52.35		0.02335		
52.4		0.023331		
52.45		0.023313		
52.5		0.023294		
52.55		0.023276		
52.6		0.023257		
52.65		0.023239		
52.7		0.02322		
52.75		0.023202		
52.8		0.023183		
52.85		0.023165		
52.9		0.023146		
52.95		0.023128		
53		0.023109		
53.05		0.023091		
53.1		0.023072		
53.15		0.023054		
53.2		0.023035		
53.25		0.023017		
53.3		0.022999		
53.35		0.02298		
53.4		0.022962		
53.45		0.022943		
53.5		0.022925		
53.55		0.022906		
53.6		0.022888		
53.65		0.02287		
53.7		0.022851		
53.75		0.022833		
53.8		0.022815		
53.85		0.022796		
53.9		0.022778		
53.95		0.02276		
54		0.022741		
54.05		0.022723		
54.1		0.022705		
54.15		0.022686		
54.2		0.022668		
54.25		0.02265		
54.3		0.022632		
54.35		0.022613		
54.4		0.022595		
54.45		0.022577		
54.5		0.022559		
54.55		0.02254		
54.6		0.022522		
54.65		0.022504		
54.7		0.022486		
54.75		0.022468		
54.8		0.022449		
54.85		0.022431		
54.9		0.022413		
54.95		0.022395		
55		0.022377		
55.05		0.022359		
55.1		0.022341		
55.15		0.022322		
55.2		0.022304		
55.25		0.022286		
55.3		0.022268		
55.35		0.02225		
55.4		0.022232		
55.45		0.022214		
55.5		0.022196		
55.55		0.022178		
55.6		0.02216		
55.65		0.022142		
55.7		0.022124		
55.75		0.022106		
55.8		0.022088		
55.85		0.02207		
55.9		0.022052		
55.95		0.022034		
56		0.022017		
56.05		0.021999		
56.1		0.021981		
56.15		0.021963		
56.2		0.021945		
56.25		0.021927		
56.3		0.021909		
56.35		0.021892		
56.4		0.021874		
56.45		0.021856		
56.5		0.021838		
56.55		0.021821		
56.6		0.021803		
56.65		0.021785		
56.7		0.021768		
56.75		0.02175		
56.8		0.021732		
56.85		0.021715		
56.9		0.021697		
56.95		0.021679		
57		0.021662		
57.05		0.021644		
57.1		0.021626		
57.15		0.021609		
57.2		0.021591		
57.25		0.021574		
57.3		0.021556		
57.35		0.021539		
57.4		0.021521		
57.45		0.021504		
57.5		0.021486		
57.55		0.021469		
57.6		0.021452		
57.65		0.021434		
57.7		0.021417		
57.75		0.0214		
57.8		0.021382		
57.85		0.021365		
57.9		0.021348		
57.95		0.02133		
58		0.021313		
58.05		0.021296		
58.1		0.021278		
58.15		0.021261		
58.2		0.021244		
58.25		0.021227		
58.3		0.02121		
58.35		0.021193		
58.4		0.021175		
58.45		0.021158		
58.5		0.021141		
58.55		0.021124		
58.6		0.021107		
58.65		0.02109		
58.7		0.021073		
58.75		0.021056		
58.8		0.021039		
58.85		0.021022		
58.9		0.021005		
58.95		0.020988		
59		0.020971		
59.05		0.020954		
59.1		0.020938		
59.15		0.020921		
59.2		0.020904		
59.25		0.020887		
59.3		0.02087		
59.35		0.020853		
59.4		0.020837		
59.45		0.02082		
59.5		0.020803		
59.55		0.020787		
59.6		0.02077		
59.65		0.020753		
59.7		0.020737		
59.75		0.02072		
59.8		0.020703		
59.85		0.020687		
59.9		0.02067		
59.95		0.020654		
60		0.020637		
60.05		0.020621		
60.1		0.020604		
60.15		0.020588		
60.2		0.020571		
60.25		0.020555		
60.3		0.020539		
60.35		0.020522		
60.4		0.020506		
60.45		0.020489		
60.5		0.020473		
60.55		0.020457		
60.6		0.020441		
60.65		0.020424		
60.7		0.020408		
60.75		0.020392		
60.8		0.020376		
60.85		0.02036		
60.9		0.020343		
60.95		0.020327		
61		0.020311		
61.05		0.020295		
61.1		0.020279		
61.15		0.020263		
61.2		0.020247		
61.25		0.020231		
61.3		0.020215		
61.35		0.020199		
61.4		0.020183		
61.45		0.020167		
61.5		0.020151		
61.55		0.020135		
61.6		0.020119		
61.65		0.020104		
61.7		0.020088		
61.75		0.020072		
61.8		0.020056		
61.85		0.020041		
61.9		0.020025		
61.95		0.020009		
62		0.019993		
62.05		0.019978		
62.1		0.019962		
62.15		0.019946		
62.2		0.019931		
62.25		0.019915		
62.3		0.0199		
62.35		0.019884		
62.4		0.019869		
62.45		0.019853		
62.5		0.019838		
62.55		0.019822		
62.6		0.019807		
62.65		0.019791		
62.7		0.019776		
62.75		0.019761		
62.8		0.019745		
62.85		0.01973		
62.9		0.019715		
62.95		0.019699		
63		0.019684		
63.05		0.019669		
63.1		0.019654		
63.15		0.019638		
63.2		0.019623		
63.25		0.019608		
63.3		0.019593		
63.35		0.019578		
63.4		0.019563		
63.45		0.019548		
63.5		0.019533		
63.55		0.019517		
63.6		0.019502		
63.65		0.019487		
63.7		0.019472		
63.75		0.019458		
63.8		0.019443		
63.85		0.019428		
63.9		0.019413		
63.95		0.019398		
64		0.019383		
64.05		0.019368		
64.1		0.019353		
64.15		0.019339		
64.2		0.019324		
64.25		0.019309		
64.3		0.019294		
64.35		0.01928		
64.4		0.019265		
64.45		0.01925		
64.5		0.019236		
64.55		0.019221		
64.6		0.019207		
64.65		0.019192		
64.7		0.019177		
64.75		0.019163		
64.8		0.019148		
64.85		0.019134		
64.9		0.019119		
64.95		0.019105		
65		0.01909		
65.05		0.019076		
65.1		0.019062		
65.15		0.019047		
65.2		0.019033		
65.25		0.019019		
65.3		0.019004		
65.35		0.01899		
65.4		0.018976		
65.45		0.018961		
65.5		0.018947		
65.55		0.018933		
65.6		0.018919		
65.65		0.018905		
65.7		0.018891		
65.75		0.018876		
65.8		0.018862		
65.85		0.018848		
65.9		0.018834		
65.95		0.01882		
66		0.018806		
66.05		0.018792		
66.1		0.018778		
66.15		0.018764		
66.2		0.01875		
66.25		0.018736		
66.3		0.018722		
66.35		0.018708		
66.4		0.018695		
66.45		0.018681		
66.5		0.018667		
66.55		0.018653		
66.6		0.018639		
66.65		0.018626		
66.7		0.018612		
66.75		0.018598		
66.8		0.018584		
66.85		0.018571		
66.9		0.018557		
66.95		0.018543		
67		0.01853		
67.05		0.018516		
67.1		0.018502		
67.15		0.018489		
67.2		0.018475		
67.25		0.018462		
67.3		0.018448		
67.35		0.018435		
67.4		0.018421		
67.45		0.018408		
67.5		0.018394		
67.55		0.018381		
67.6		0.018368		
67.65		0.018354		
67.7		0.018341		
67.75		0.018327		
67.8		0.018314		
67.85		0.018301		
67.9		0.018288		
67.95		0.018274		
68		0.018261		
68.05		0.018248		
68.1		0.018235		
68.15		0.018221		
68.2		0.018208		
68.25		0.018195		
68.3		0.018182		
68.35		0.018169		
68.4		0.018156		
68.45		0.018143		
68.5		0.01813		
68.55		0.018117		
68.6		0.018103		
68.65		0.01809		
68.7		0.018077		
68.75		0.018065		
68.8		0.018052		
68.85		0.018039		
68.9		0.018026		
68.95		0.018013		
69		0.018		
69.05		0.017987		
69.1		0.017974		
69.15		0.017961		
69.2		0.017949		
69.25		0.017936		
69.3		0.017923		
69.35		0.01791		
69.4		0.017898		
69.45		0.017885		
69.5		0.017872		
69.55		0.017859		
69.6		0.017847		
69.65		0.017834		
69.7		0.017822		
69.75		0.017809		
69.8		0.017796		
69.85		0.017784		
69.9		0.017771		
69.95		0.017759		
70		0.017746		
70.05		0.017734		
70.1		0.017721		
70.15		0.017709		
70.2		0.017696		
70.25		0.017684		
70.3		0.017671		
70.35		0.017659		
70.4		0.017647		
70.45		0.017634		
70.5		0.017622		
70.55		0.01761		
70.6		0.017597		
70.65		0.017585		
70.7		0.017573		
70.75		0.01756		
70.8		0.017548		
70.85		0.017536		
70.9		0.017524		
70.95		0.017512		
71		0.017499		
71.05		0.017487		
71.1		0.017475		
71.15		0.017463		
71.2		0.017451		
71.25		0.017439		
71.3		0.017427		
71.35		0.017415		
71.4		0.017403		
71.45		0.017391		
71.5		0.017379		
71.55		0.017367		
71.6		0.017355		
71.65		0.017343		
71.7		0.017331		
71.75		0.017319		
71.8		0.017307		
71.85		0.017295		
71.9		0.017283		
71.95		0.017271		
72		0.017259		
72.05		0.017248		
72.1		0.017236		
72.15		0.017224		
72.2		0.017212		
72.25		0.0172		
72.3		0.017189		
72.35		0.017177		
72.4		0.017165		
72.45		0.017154		
72.5		0.017142		
72.55		0.01713		
72.6		0.017119		
72.65		0.017107		
72.7		0.017095		
72.75		0.017084		
72.8		0.017072		
72.85		0.017061		
72.9		0.017049		
72.95		0.017038		
73		0.017026		
73.05		0.017015		
73.1		0.017003		
73.15		0.016992		
73.2		0.01698		
73.25		0.016969		
73.3		0.016957		
73.35		0.016946		
73.4		0.016934		
73.45		0.016923		
73.5		0.016912		
73.55		0.0169		
73.6		0.016889		
73.65		0.016878		
73.7		0.016866		
73.75		0.016855		
73.8		0.016844		
73.85		0.016833		
73.9		0.016821		
73.95		0.01681		
74		0.016799		
74.05		0.016788		
74.1		0.016777		
74.15		0.016765		
74.2		0.016754		
74.25		0.016743		
74.3		0.016732		
74.35		0.016721		
74.4		0.01671		
74.45		0.016699		
74.5		0.016688		
74.55		0.016677		
74.6		0.016666		
74.65		0.016655		
74.7		0.016644		
74.75		0.016633		
74.8		0.016622		
74.85		0.016611		
74.9		0.0166		
74.95		0.016589		
75		0.016578		
75.05		0.016567		
75.1		0.016556		
75.15		0.016545		
75.2		0.016534		
75.25		0.016524		
75.3		0.016513		
75.35		0.016502		
75.4		0.016491		
75.45		0.01648		
75.5		0.01647		
75.55		0.016459		
75.6		0.016448		
75.65		0.016437		
75.7		0.016427		
75.75		0.016416		
75.8		0.016405		
75.85		0.016395		
75.9		0.016384		
75.95		0.016373		
76		0.016363		
76.05		0.016352		
76.1		0.016342		
76.15		0.016331		
76.2		0.01632		
76.25		0.01631		
76.3		0.016299		
76.35		0.016289		
76.4		0.016278		
76.45		0.016268		
76.5		0.016257		
76.55		0.016247		
76.6		0.016236		
76.65		0.016226		
76.7		0.016215		
76.75		0.016205		
76.8		0.016195		
76.85		0.016184		
76.9		0.016174		
76.95		0.016164		
77		0.016153		
77.05		0.016143		
77.1		0.016133		
77.15		0.016122		
77.2		0.016112		
77.25		0.016102		
77.3		0.016091		
77.35		0.016081		
77.4		0.016071		
77.45		0.016061		
77.5		0.01605		
77.55		0.01604		
77.6		0.01603		
77.65		0.01602		
77.7		0.01601		
77.75		0.016		
77.8		0.01599		
77.85		0.015979		
77.9		0.015969		
77.95		0.015959		
78		0.015949		
78.05		0.015939		
78.1		0.015929		
78.15		0.015919		
78.2		0.015909		
78.25		0.015899		
78.3		0.015889		
78.35		0.015879		
78.4		0.015869		
78.45		0.015859		
78.5		0.015849		
78.55		0.015839		
78.6		0.015829		
78.65		0.015819		
78.7		0.015809		
78.75		0.015799		
78.8		0.01579		
78.85		0.01578		
78.9		0.01577		
78.95		0.01576		
79		0.01575		
79.05		0.01574		
79.1		0.015731		
79.15		0.015721		
79.2		0.015711		
79.25		0.015701		
79.3		0.015692		
79.35		0.015682		
79.4		0.015672		
79.45		0.015662		
79.5		0.015653		
79.55		0.015643		
79.6		0.015633		
79.65		0.015624		
79.7		0.015614		
79.75		0.015604		
79.8		0.015595		
79.85		0.015585		
79.9		0.015576		
79.95		0.015566		
80		0.015556		
80.05		0.015547		
80.1		0.015537		
80.15		0.015528		
80.2		0.015518		
80.25		0.015509		
80.3		0.015499		
80.35		0.01549		
80.4		0.01548		
80.45		0.015471		
80.5		0.015461		
80.55		0.015452		
80.6		0.015442		
80.65		0.015433		
80.7		0.015424		
80.75		0.015414		
80.8		0.015405		
80.85		0.015396		
80.9		0.015386		
80.95		0.015377		
81		0.015367		
81.05		0.015358		
81.1		0.015349		
81.15		0.01534		
81.2		0.01533		
81.25		0.015321		
81.3		0.015312		
81.35		0.015302		
81.4		0.015293		
81.45		0.015284		
81.5		0.015275		
81.55		0.015266		
81.6		0.015256		
81.65		0.015247		
81.7		0.015238		
81.75		0.015229		
81.8		0.01522		
81.85		0.015211		
81.9		0.015201		
81.95		0.015192		
82		0.015183		
82.05		0.015174		
82.1		0.015165		
82.15		0.015156		
82.2		0.015147		
82.25		0.015138		
82.3		0.015129		
82.35		0.01512		
82.4		0.015111		
82.45		0.015102		
82.5		0.015093		
82.55		0.015084		
82.6		0.015075		
82.65		0.015066		
82.7		0.015057		
82.75		0.015048		
82.8		0.015039		
82.85		0.01503		
82.9		0.015021		
82.95		0.015012		
83		0.015003		
83.05		0.014995		
83.1		0.014986		
83.15		0.014977		
83.2		0.014968		
83.25		0.014959		
83.3		0.01495		
83.35		0.014942		
83.4		0.014933		
83.45		0.014924		
83.5		0.014915		
83.55		0.014906		
83.6		0.014898		
83.65		0.014889		
83.7		0.01488		
83.75		0.014871		
83.8		0.014863		
83.85		0.014854		
83.9		0.014845		
83.95		0.014837		
84		0.014828		
84.05		0.014819		
84.1		0.014811		
84.15		0.014802		
84.2		0.014793		
84.25		0.014785		
84.3		0.014776		
84.35		0.014768		
84.4		0.014759		
84.45		0.01475		
84.5		0.014742		
84.55		0.014733		
84.6		0.014725		
84.65		0.014716		
84.7		0.014708		
84.75		0.014699		
84.8		0.014691		
84.85		0.014682		
84.9		0.014674		
84.95		0.014665		
85		0.014657		
85.05		0.014648		
85.1		0.01464		
85.15		0.014631		
85.2		0.014623		
85.25		0.014615		
85.3		0.014606		
85.35		0.014598		
85.4		0.014589		
85.45		0.014581		
85.5		0.014573		
85.55		0.014564		
85.6		0.014556		
85.65		0.014548		
85.7		0.014539		
85.75		0.014531		
85.8		0.014523		
85.85		0.014514		
85.9		0.014506		
85.95		0.014498		
86		0.01449		
86.05		0.014481		
86.1		0.014473		
86.15		0.014465		
86.2		0.014457		
86.25		0.014448		
86.3		0.01444		
86.35		0.014432		
86.4		0.014424		
86.45		0.014416		
86.5		0.014407		
86.55		0.014399		
86.6		0.014391		
86.65		0.014383		
86.7		0.014375		
86.75		0.014367		
86.8		0.014359		
86.85		0.01435		
86.9		0.014342		
86.95		0.014334		
87		0.014326		
87.05		0.014318		
87.1		0.01431		
87.15		0.014302		
87.2		0.014294		
87.25		0.014286		
87.3		0.014278		
87.35		0.01427		
87.4		0.014262		
87.45		0.014254		
87.5		0.014246		
87.55		0.014238		
87.6		0.01423		
87.65		0.014222		
87.7		0.014214		
87.75		0.014206		
87.8		0.014198		
87.85		0.01419		
87.9		0.014183		
87.95		0.014175		
88		0.014167		
88.05		0.014159		
88.1		0.014151		
88.15		0.014143		
88.2		0.014135		
88.25		0.014127		
88.3		0.01412		
88.35		0.014112		
88.4		0.014104		
88.45		0.014096		
88.5		0.014088		
88.55		0.014081		
88.6		0.014073		
88.65		0.014065		
88.7		0.014057		
88.75		0.01405		
88.8		0.014042		
88.85		0.014034		
88.9		0.014026		
88.95		0.014019		
89		0.014011		
89.05		0.014003		
89.1		0.013995		
89.15		0.013988		
89.2		0.01398		
89.25		0.013972		
89.3		0.013965		
89.35		0.013957		
89.4		0.01395		
89.45		0.013942		
89.5		0.013934		
89.55		0.013927		
89.6		0.013919		
89.65		0.013911		
89.7		0.013904		
89.75		0.013896		
89.8		0.013889		
89.85		0.013881		
89.9		0.013874		
89.95		0.013866		
90		0.013859		
90.05		0.013851		
90.1		0.013843		
90.15		0.013836		
90.2		0.013828		
90.25		0.013821		
90.3		0.013813		
90.35		0.013806		
90.4		0.013799		
90.45		0.013791		
90.5		0.013784		
90.55		0.013776		
90.6		0.013769		
90.65		0.013761		
90.7		0.013754		
90.75		0.013746		
90.8		0.013739		
90.85		0.013732		
90.9		0.013724		
90.95		0.013717		
91		0.01371		
91.05		0.013702		
91.1		0.013695		
91.15		0.013688		
91.2		0.01368		
91.25		0.013673		
91.3		0.013666		
91.35		0.013658		
91.4		0.013651		
91.45		0.013644		
91.5		0.013636		
91.55		0.013629		
91.6		0.013622		
91.65		0.013615		
91.7		0.013607		
91.75		0.0136		
91.8		0.013593		
91.85		0.013586		
91.9		0.013578		
91.95		0.013571		
92		0.013564		
92.05		0.013557		
92.1		0.01355		
92.15		0.013542		
92.2		0.013535		
92.25		0.013528		
92.3		0.013521		
92.35		0.013514		
92.4		0.013507		
92.45		0.013499		
92.5		0.013492		
92.55		0.013485		
92.6		0.013478		
92.65		0.013471		
92.7		0.013464		
92.75		0.013457		
92.8		0.01345		
92.85		0.013443		
92.9		0.013436		
92.95		0.013428		
93		0.013421		
93.05		0.013414		
93.1		0.013407		
93.15		0.0134		
93.2		0.013393		
93.25		0.013386		
93.3		0.013379		
93.35		0.013372		
93.4		0.013365		
93.45		0.013358		
93.5		0.013351		
93.55		0.013344		
93.6		0.013337		
93.65		0.01333		
93.7		0.013324		
93.75		0.013317		
93.8		0.01331		
93.85		0.013303		
93.9		0.013296		
93.95		0.013289		
94		0.013282		
94.05		0.013275		
94.1		0.013268		
94.15		0.013261		
94.2		0.013254		
94.25		0.013248		
94.3		0.013241		
94.35		0.013234		
94.4		0.013227		
94.45		0.01322		
94.5		0.013213		
94.55		0.013207		
94.6		0.0132		
94.65		0.013193		
94.7		0.013186		
94.75		0.013179		
94.8		0.013173		
94.85		0.013166		
94.9		0.013159		
94.95		0.013152		
95		0.013146		
95.05		0.013139		
95.1		0.013132		
95.15		0.013125		
95.2		0.013119		
95.25		0.013112		
95.3		0.013105		
95.35		0.013099		
95.4		0.013092		
95.45		0.013085		
95.5		0.013078		
95.55		0.013072		
95.6		0.013065		
95.65		0.013058		
95.7		0.013052		
95.75		0.013045		
95.8		0.013039		
95.85		0.013032		
95.9		0.013025		
95.95		0.013019		
96		0.013012		
96.05		0.013005		
96.1		0.012999		
96.15		0.012992		
96.2		0.012986		
96.25		0.012979		
96.3		0.012973		
96.35		0.012966		
96.4		0.012959		
96.45		0.012953		
96.5		0.012946		
96.55		0.01294		
96.6		0.012933		
96.65		0.012927		
96.7		0.01292		
96.75		0.012914		
96.8		0.012907		
96.85		0.012901		
96.9		0.012894		
96.95		0.012888		
97		0.012881		
97.05		0.012875		
97.1		0.012868		
97.15		0.012862		
97.2		0.012855		
97.25		0.012849		
97.3		0.012843		
97.35		0.012836		
97.4		0.01283		
97.45		0.012823		
97.5		0.012817		
97.55		0.012811		
97.6		0.012804		
97.65		0.012798		
97.7		0.012791		
97.75		0.012785		
97.8		0.012779		
97.85		0.012772		
97.9		0.012766		
97.95		0.01276		
98		0.012753		
98.05		0.012747		
98.1		0.012741		
98.15		0.012734		
98.2		0.012728		
98.25		0.012722		
98.3		0.012715		
98.35		0.012709		
98.4		0.012703		
98.45		0.012696		
98.5		0.01269		
98.55		0.012684		
98.6		0.012678		
98.65		0.012671		
98.7		0.012665		
98.75		0.012659		
98.8		0.012653		
98.85		0.012646		
98.9		0.01264		
98.95		0.012634		
99		0.012627		
99.05		0.012621		
99.1		0.012615		
99.15		0.012609		
99.2		0.012603		
99.25		0.012597		
99.3		0.01259		
99.35		0.012584		
99.4		0.012578		
99.45		0.012572		
99.5		0.012566		
99.55		0.01256		
99.6		0.012554		
99.65		0.012547		
99.7		0.012541		
99.75		0.012535		
99.8		0.012529		
99.85		0.012523		
99.9		0.012517		
99.95		0.012511		
100		0.012505		
