t [fm]		tau_pi
0.25		0.82488
0.3		0.82197		
0.35		0.81947		
0.4		0.81728		
0.45		0.81532		
0.5		0.81355		
0.55		0.81195		
0.6		0.81048		
0.65		0.80912		
0.7		0.80787		
0.75		0.80671		
0.8		0.80563		
0.85		0.80461		
0.9		0.80366		
0.95		0.80277		
1		0.80192		
1.05		0.80113		
1.1		0.80037		
1.15		0.79966		
1.2		0.79898		
1.25		0.79833		
1.3		0.79771		
1.35		0.79712		
1.4		0.79656		
1.45		0.79601		
1.5		0.79503		
1.55		0.79503		
1.6		0.79455		
1.65		0.79409		
1.7		0.79365		
1.75		0.79323		
1.8		0.79283		
1.85		0.79245		
1.9		0.79214		
1.95		0.79161		
2		0.7913		
2.05		0.79097		
2.1		0.79064		
2.15		0.79033		
2.2		0.79002		
2.25		0.78972		
2.3		0.78943		
2.35		0.78915		
2.4		0.78888		
2.45		0.78861		
2.5		0.78835		
2.55		0.7881		
2.6		0.78786		
2.65		0.78762		
2.7		0.78739		
2.75		0.78717		
2.8		0.78695		
2.85		0.78674		
2.9		0.78653		
2.95		0.78633		
3		0.78613		
3.05		0.78594		
3.1		0.78575		
3.15		0.78556		
3.2		0.78539		
3.25		0.78521		
3.3		0.78504		
3.35		0.78487		
3.4		0.78471		
3.45		0.78455		
3.5		0.78439		
3.55		0.78424		
3.6		0.78409		
3.65		0.78394		
3.7		0.7838		
3.75		0.78366		
3.8		0.78352		
3.85		0.78339		
3.9		0.78325		
3.95		0.78312		
4		0.783		
4.05		0.78287		
4.1		0.78275		
4.15		0.78263		
4.2		0.78251		
4.25		0.7824		
4.3		0.78228		
4.35		0.78217		
4.4		0.78206		
4.45		0.78196		
4.5		0.78185		
4.55		0.78175		
4.6		0.78165		
4.65		0.78155		
4.7		0.78145		
4.75		0.78135		
4.8		0.78126		
4.85		0.78117		
4.9		0.78107		
4.95		0.78098		
5		0.7809		
5.05		0.78081		
5.1		0.78072		
5.15		0.78064		
5.2		0.78056		
5.25		0.78048		
5.3		0.7804		
5.35		0.78032		
5.4		0.78024		
5.45		0.78017		
5.5		0.78009		
5.55		0.78002		
5.6		0.77994		
5.65		0.77987		
5.7		0.7798		
5.75		0.77973		
5.8		0.77967		
5.85		0.7796		
5.9		0.77953		
5.95		0.77947		
6		0.77941		
6.05		0.77934		
6.1		0.77928		
6.15		0.77922		
6.2		0.77916		
6.25		0.7791		
6.3		0.77905		
6.35		0.77899		
6.4		0.77893		
6.45		0.77888		
6.5		0.77882		
6.55		0.77877		
6.6		0.77872		
6.65		0.77867		
6.7		0.77862		
6.75		0.77857		
6.8		0.77852		
6.85		0.77847		
6.9		0.77842		
6.95		0.77837		
7		0.77833		
7.05		0.77828		
7.1		0.77824		
7.15		0.77819		
7.2		0.77815		
7.25		0.77811		
7.3		0.77807		
7.35		0.77802		
7.4		0.77798		
7.45		0.77794		
7.5		0.77791		
7.55		0.77787		
7.6		0.77783		
7.65		0.77779		
7.7		0.77776		
7.75		0.77772		
7.8		0.77769		
7.85		0.77765		
7.9		0.77762		
7.95		0.77758		
8		0.77755		
8.05		0.77752		
8.1		0.77749		
8.15		0.77746		
8.2		0.77743		
8.25		0.7774		
8.3		0.77737		
8.35		0.77734		
8.4		0.77731		
8.45		0.77728		
8.5		0.77725		
8.55		0.77723		
8.6		0.7772		
8.65		0.77718		
8.7		0.77715		
8.75		0.77713		
8.8		0.7771		
8.85		0.77708		
8.9		0.77706		
8.95		0.77703		
9		0.77701		
9.05		0.77699		
9.1		0.77697		
9.15		0.77695		
9.2		0.77693		
9.25		0.77691		
9.3		0.77689		
9.35		0.77687		
9.4		0.77685		
9.45		0.77684		
9.5		0.77682		
9.55		0.7768		
9.6		0.77678		
9.65		0.77677		
9.7		0.77675		
9.75		0.77674		
9.8		0.77672		
9.85		0.77671		
9.9		0.7767		
9.95		0.77668		
10		0.77667		
10.05		0.77666		
10.1		0.77664		
10.15		0.77663		
10.2		0.77662		
10.25		0.77661		
10.3		0.7766		
10.35		0.77659		
10.4		0.77658		
10.45		0.77657		
10.5		0.77656		
10.55		0.77655		
10.6		0.77654		
10.65		0.77653		
10.7		0.77653		
10.75		0.77652		
10.8		0.77651		
10.85		0.7765		
10.9		0.7765		
10.95		0.77649		
11		0.77649		
11.05		0.77648		
11.1		0.77648		
11.15		0.77647		
11.2		0.77647		
11.25		0.77646		
11.3		0.77646		
11.35		0.77646		
11.4		0.77645		
11.45		0.77645		
11.5		0.77645		
11.55		0.77644		
11.6		0.77644		
11.65		0.77644		
11.7		0.77644		
11.75		0.77644		
11.8		0.77644		
11.85		0.77644		
11.9		0.77644		
11.95		0.77644		
12		0.77644		
12.05		0.77644		
12.1		0.77644		
12.15		0.77644		
12.2		0.77644		
12.25		0.77644		
12.3		0.77645		
12.35		0.77645		
12.4		0.77645		
12.45		0.77645		
12.5		0.77646		
12.55		0.77646		
12.6		0.77646		
12.65		0.77647		
12.7		0.77647		
12.75		0.77648		
12.8		0.77648		
12.85		0.77649		
12.9		0.77649		
12.95		0.7765		
13		0.7765		
13.05		0.77651		
13.1		0.77651		
13.15		0.77652		
13.2		0.77653		
13.25		0.77653		
13.3		0.77654		
13.35		0.77655		
13.4		0.77656		
13.45		0.77656		
13.5		0.77657		
13.55		0.77658		
13.6		0.77659		
13.65		0.7766		
13.7		0.7766		
13.75		0.77661		
13.8		0.77662		
13.85		0.77663		
13.9		0.77664		
13.95		0.77665		
14		0.77666		
14.05		0.77667		
14.1		0.77668		
14.15		0.77669		
14.2		0.7767		
14.25		0.77671		
14.3		0.77672		
14.35		0.77673		
14.4		0.77674		
14.45		0.77676		
14.5		0.77677		
14.55		0.77678		
14.6		0.77679		
14.65		0.7768		
14.7		0.77682		
14.75		0.77683		
14.8		0.77684		
14.85		0.77685		
14.9		0.77687		
14.95		0.77688		
15		0.77689		
15.05		0.77691		
15.1		0.77692		
15.15		0.77693		
15.2		0.77695		
15.25		0.77696		
15.3		0.77697		
15.35		0.77699		
15.4		0.777		
15.45		0.77702		
15.5		0.77703		
15.55		0.77705		
15.6		0.77706		
15.65		0.77708		
15.7		0.77709		
15.75		0.77711		
15.8		0.77712		
15.85		0.77714		
15.9		0.77716		
15.95		0.77717		
16		0.77719		
16.05		0.7772		
16.1		0.77722		
16.15		0.77724		
16.2		0.77725		
16.25		0.77727		
16.3		0.77729		
16.35		0.7773		
16.4		0.77732		
16.45		0.77734		
16.5		0.77735		
16.55		0.77737		
16.6		0.77739		
16.65		0.77741		
16.7		0.77742		
16.75		0.77744		
16.8		0.77746		
16.85		0.77748		
16.9		0.7775		
16.95		0.77751		
17		0.77753		
17.05		0.77755		
17.1		0.77757		
17.15		0.77759		
17.2		0.77761		
17.25		0.77762		
17.3		0.77764		
17.35		0.77766		
17.4		0.77768		
17.45		0.7777		
17.5		0.77772		
17.55		0.77774		
17.6		0.77776		
17.65		0.77778		
17.7		0.7778		
17.75		0.77782		
17.8		0.77784		
17.85		0.77786		
17.9		0.77788		
17.95		0.7779		
18		0.77792		
18.05		0.77794		
18.1		0.77796		
18.15		0.77798		
18.2		0.778		
18.25		0.77802		
18.3		0.77804		
18.35		0.77806		
18.4		0.77808		
18.45		0.7781		
18.5		0.77812		
18.55		0.77815		
18.6		0.77817		
18.65		0.77819		
18.7		0.77821		
18.75		0.77823		
18.8		0.77825		
18.85		0.77827		
18.9		0.77829		
18.95		0.77832		
19		0.77834		
19.05		0.77836		
19.1		0.77838		
19.15		0.7784		
19.2		0.77843		
19.25		0.77845		
19.3		0.77847		
19.35		0.77849		
19.4		0.77851		
19.45		0.77854		
19.5		0.77856		
19.55		0.77858		
19.6		0.7786		
19.65		0.77863		
19.7		0.77865		
19.75		0.77867		
19.8		0.77869		
19.85		0.77872		
19.9		0.77874		
19.95		0.77876		
20		0.77879		
20.05		0.77881		
20.1		0.77883		
20.15		0.77886		
20.2		0.77888		
20.25		0.7789		
20.3		0.77893		
20.35		0.77895		
20.4		0.77897		
20.45		0.779		
20.5		0.77902		
20.55		0.77904		
20.6		0.77907		
20.65		0.77909		
20.7		0.77911		
20.75		0.77914		
20.8		0.77916		
20.85		0.77919		
20.9		0.77921		
20.95		0.77923		
21		0.77926		
21.05		0.77928		
21.1		0.77931		
21.15		0.77933		
21.2		0.77936		
21.25		0.77938		
21.3		0.77941		
21.35		0.77943		
21.4		0.77945		
21.45		0.77948		
21.5		0.7795		
21.55		0.77953		
21.6		0.77955		
21.65		0.77958		
21.7		0.7796		
21.75		0.77963		
21.8		0.77965		
21.85		0.77968		
21.9		0.7797		
21.95		0.77973		
22		0.77975		
22.05		0.77978		
22.1		0.7798		
22.15		0.77983		
22.2		0.77985		
22.25		0.77988		
22.3		0.7799		
22.35		0.77993		
22.4		0.77996		
22.45		0.77998		
22.5		0.78001		
22.55		0.78003		
22.6		0.78006		
22.65		0.78008		
22.7		0.78011		
22.75		0.78014		
22.8		0.78016		
22.85		0.78019		
22.9		0.78021		
22.95		0.78024		
23		0.78026		
23.05		0.78029		
23.1		0.78032		
23.15		0.78034		
23.2		0.78037		
23.25		0.7804		
23.3		0.78042		
23.35		0.78045		
23.4		0.78047		
23.45		0.7805		
23.5		0.78053		
23.55		0.78055		
23.6		0.78058		
23.65		0.78061		
23.7		0.78063		
23.75		0.78066		
23.8		0.78069		
23.85		0.78071		
23.9		0.78074		
23.95		0.78077		
24		0.78079		
24.05		0.78082		
24.1		0.78085		
24.15		0.78087		
24.2		0.7809		
24.25		0.78093		
24.3		0.78096		
24.35		0.78098		
24.4		0.78101		
24.45		0.78104		
24.5		0.78106		
24.55		0.78109		
24.6		0.78112		
24.65		0.78115		
24.7		0.78117		
24.75		0.7812		
24.8		0.78123		
24.85		0.78126		
24.9		0.78128		
24.95		0.78131		
25		0.78134		
25.05		0.78137		
25.1		0.78139		
25.15		0.78142		
25.2		0.78145		
25.25		0.78148		
25.3		0.78151		
25.35		0.78153		
25.4		0.78156		
25.45		0.78159		
25.5		0.78162		
25.55		0.78165		
25.6		0.78167		
25.65		0.7817		
25.7		0.78173		
25.75		0.78176		
25.8		0.78179		
25.85		0.78181		
25.9		0.78184		
25.95		0.78187		
26		0.7819		
26.05		0.78193		
26.1		0.78196		
26.15		0.78198		
26.2		0.78201		
26.25		0.78204		
26.3		0.78207		
26.35		0.7821		
26.4		0.78213		
26.45		0.78216		
26.5		0.78219		
26.55		0.78221		
26.6		0.78224		
26.65		0.78227		
26.7		0.7823		
26.75		0.78233		
26.8		0.78236		
26.85		0.78239		
26.9		0.78242		
26.95		0.78245		
27		0.78247		
27.05		0.7825		
27.1		0.78253		
27.15		0.78256		
27.2		0.78259		
27.25		0.78262		
27.3		0.78265		
27.35		0.78268		
27.4		0.78271		
27.45		0.78274		
27.5		0.78277		
27.55		0.7828		
27.6		0.78283		
27.65		0.78286		
27.7		0.78288		
27.75		0.78291		
27.8		0.78294		
27.85		0.78297		
27.9		0.783		
27.95		0.78303		
28		0.78306		
28.05		0.78309		
28.1		0.78312		
28.15		0.78315		
28.2		0.78318		
28.25		0.78321		
28.3		0.78324		
28.35		0.78327		
28.4		0.7833		
28.45		0.78333		
28.5		0.78336		
28.55		0.78339		
28.6		0.78342		
28.65		0.78345		
28.7		0.78348		
28.75		0.78351		
28.8		0.78354		
28.85		0.78357		
28.9		0.7836		
28.95		0.78363		
29		0.78366		
29.05		0.78369		
29.1		0.78373		
29.15		0.78376		
29.2		0.78379		
29.25		0.78382		
29.3		0.78385		
29.35		0.78388		
29.4		0.78391		
29.45		0.78394		
29.5		0.78397		
29.55		0.784		
29.6		0.78403		
29.65		0.78406		
29.7		0.78409		
29.75		0.78412		
29.8		0.78415		
29.85		0.78418		
29.9		0.78422		
29.95		0.78425		
30		0.78428		
30.05		0.78431		
30.1		0.78434		
30.15		0.78437		
30.2		0.7844		
30.25		0.78443		
30.3		0.78446		
30.35		0.78449		
30.4		0.78453		
30.45		0.78456		
30.5		0.78459		
30.55		0.78462		
30.6		0.78465		
30.65		0.78468		
30.7		0.78471		
30.75		0.78474		
30.8		0.78478		
30.85		0.78481		
30.9		0.78484		
30.95		0.78487		
31		0.7849		
31.05		0.78493		
31.1		0.78496		
31.15		0.785		
31.2		0.78503		
31.25		0.78506		
31.3		0.78509		
31.35		0.78512		
31.4		0.78515		
31.45		0.78519		
31.5		0.78522		
31.55		0.78525		
31.6		0.78528		
31.65		0.78531		
31.7		0.78534		
31.75		0.78538		
31.8		0.78541		
31.85		0.78544		
31.9		0.78547		
31.95		0.7855		
32		0.78553		
32.05		0.78557		
32.1		0.7856		
32.15		0.78563		
32.2		0.78566		
32.25		0.78569		
32.3		0.78573		
32.35		0.78576		
32.4		0.78579		
32.45		0.78582		
32.5		0.78585		
32.55		0.78589		
32.6		0.78592		
32.65		0.78595		
32.7		0.78598		
32.75		0.78601		
32.8		0.78605		
32.85		0.78608		
32.9		0.78611		
32.95		0.78614		
33		0.78617		
33.05		0.78621		
33.1		0.78624		
33.15		0.78627		
33.2		0.7863		
33.25		0.78634		
33.3		0.78637		
33.35		0.7864		
33.4		0.78643		
33.45		0.78646		
33.5		0.7865		
33.55		0.78653		
33.6		0.78656		
33.65		0.78659		
33.7		0.78663		
33.75		0.78666		
33.8		0.78669		
33.85		0.78672		
33.9		0.78676		
33.95		0.78679		
34		0.78682		
34.05		0.78685		
34.1		0.78688		
34.15		0.78692		
34.2		0.78695		
34.25		0.78698		
34.3		0.78701		
34.35		0.78705		
34.4		0.78708		
34.45		0.78711		
34.5		0.78714		
34.55		0.78718		
34.6		0.78721		
34.65		0.78724		
34.7		0.78727		
34.75		0.78731		
34.8		0.78734		
34.85		0.78737		
34.9		0.7874		
34.95		0.78744		
35		0.78747		
35.05		0.7875		
35.1		0.78753		
35.15		0.78757		
35.2		0.7876		
35.25		0.78763		
35.3		0.78766		
35.35		0.7877		
35.4		0.78773		
35.45		0.78776		
35.5		0.78779		
35.55		0.78782		
35.6		0.78786		
35.65		0.78789		
35.7		0.78792		
35.75		0.78795		
35.8		0.78799		
35.85		0.78802		
35.9		0.78805		
35.95		0.78808		
36		0.78812		
36.05		0.78815		
36.1		0.78818		
36.15		0.78821		
36.2		0.78825		
36.25		0.78828		
36.3		0.78831		
36.35		0.78834		
36.4		0.78838		
36.45		0.78841		
36.5		0.78844		
36.55		0.78847		
36.6		0.7885		
36.65		0.78854		
36.7		0.78857		
36.75		0.7886		
36.8		0.78863		
36.85		0.78867		
36.9		0.7887		
36.95		0.78873		
37		0.78876		
37.05		0.7888		
37.1		0.78883		
37.15		0.78886		
37.2		0.78889		
37.25		0.78892		
37.3		0.78896		
37.35		0.78899		
37.4		0.78902		
37.45		0.78905		
37.5		0.78908		
37.55		0.78912		
37.6		0.78915		
37.65		0.78918		
37.7		0.78921		
37.75		0.78924		
37.8		0.78928		
37.85		0.78931		
37.9		0.78934		
37.95		0.78937		
38		0.7894		
38.05		0.78944		
38.1		0.78947		
38.15		0.7895		
38.2		0.78953		
38.25		0.78956		
38.3		0.7896		
38.35		0.78963		
38.4		0.78966		
38.45		0.78969		
38.5		0.78972		
38.55		0.78975		
38.6		0.78979		
38.65		0.78982		
38.7		0.78985		
38.75		0.78988		
38.8		0.78991		
38.85		0.78994		
38.9		0.78998		
38.95		0.79001		
39		0.79004		
39.05		0.79007		
39.1		0.7901		
39.15		0.79013		
39.2		0.79017		
39.25		0.7902		
39.3		0.79023		
39.35		0.79026		
39.4		0.79029		
39.45		0.79032		
39.5		0.79035		
39.55		0.79038		
39.6		0.79042		
39.65		0.79045		
39.7		0.79048		
39.75		0.79051		
39.8		0.79054		
39.85		0.79057		
39.9		0.7906		
39.95		0.79063		
40		0.79066		
40.05		0.7907		
40.1		0.79073		
40.15		0.79076		
40.2		0.79079		
40.25		0.79082		
40.3		0.79085		
40.35		0.79088		
40.4		0.79091		
40.45		0.79094		
40.5		0.79097		
40.55		0.791		
40.6		0.79103		
40.65		0.79107		
40.7		0.7911		
40.75		0.79113		
40.8		0.79116		
40.85		0.79119		
40.9		0.79122		
40.95		0.79125		
41		0.79128		
41.05		0.79131		
41.1		0.79134		
41.15		0.79137		
41.2		0.7914		
41.25		0.79143		
41.3		0.79146		
41.35		0.79149		
41.4		0.79152		
41.45		0.79155		
41.5		0.79158		
41.55		0.79161		
41.6		0.79164		
41.65		0.79167		
41.7		0.7917		
41.75		0.79173		
41.8		0.79176		
41.85		0.79179		
41.9		0.79182		
41.95		0.79185		
42		0.79188		
42.05		0.79191		
42.1		0.79194		
42.15		0.79197		
42.2		0.792		
42.25		0.79203		
42.3		0.7921		
42.35		0.79234		
42.4		0.79258		
42.45		0.79282		
42.5		0.79306		
42.55		0.7933		
42.6		0.79354		
42.65		0.79378		
42.7		0.79402		
42.75		0.79426		
42.8		0.7945		
42.85		0.79474		
42.9		0.79498		
42.95		0.79521		
43		0.79545		
43.05		0.79569		
43.1		0.79593		
43.15		0.79616		
43.2		0.7964		
43.25		0.79664		
43.3		0.79688		
43.35		0.79711		
43.4		0.79735		
43.45		0.79758		
43.5		0.79782		
43.55		0.79805		
43.6		0.79829		
43.65		0.79852		
43.7		0.79876		
43.75		0.79899		
43.8		0.79923		
43.85		0.79946		
43.9		0.7997		
43.95		0.79993		
44		0.80016		
44.05		0.8004		
44.1		0.80063		
44.15		0.80086		
44.2		0.80109		
44.25		0.80133		
44.3		0.80156		
44.35		0.80179		
44.4		0.80202		
44.45		0.80225		
44.5		0.80248		
44.55		0.80272		
44.6		0.80295		
44.65		0.80318		
44.7		0.80341		
44.75		0.80364		
44.8		0.80387		
44.85		0.8041		
44.9		0.80433		
44.95		0.80456		
45		0.80478		
45.05		0.80501		
45.1		0.80524		
45.15		0.80547		
45.2		0.8057		
45.25		0.80593		
45.3		0.80615		
45.35		0.80638		
45.4		0.80661		
45.45		0.80684		
45.5		0.80706		
45.55		0.80729		
45.6		0.80752		
45.65		0.80774		
45.7		0.80797		
45.75		0.8082		
45.8		0.80842		
45.85		0.80865		
45.9		0.80887		
45.95		0.8091		
46		0.80932		
46.05		0.80955		
46.1		0.80977		
46.15		0.81		
46.2		0.81022		
46.25		0.81044		
46.3		0.81067		
46.35		0.81089		
46.4		0.81111		
46.45		0.81134		
46.5		0.81156		
46.55		0.81178		
46.6		0.81201		
46.65		0.81223		
46.7		0.81245		
46.75		0.81267		
46.8		0.81289		
46.85		0.81312		
46.9		0.81334		
46.95		0.81356		
47		0.81378		
47.05		0.814		
47.1		0.81422		
47.15		0.81444		
47.2		0.81466		
47.25		0.81488		
47.3		0.8151		
47.35		0.81532		
47.4		0.81554		
47.45		0.81576		
47.5		0.81598		
47.55		0.8162		
47.6		0.81642		
47.65		0.81663		
47.7		0.81685		
47.75		0.81707		
47.8		0.81729		
47.85		0.81751		
47.9		0.81772		
47.95		0.81794		
48		0.81816		
48.05		0.81838		
48.1		0.81859		
48.15		0.81881		
48.2		0.81903		
48.25		0.81924		
48.3		0.81946		
48.35		0.81967		
48.4		0.81989		
48.45		0.8201		
48.5		0.82032		
48.55		0.82054		
48.6		0.82075		
48.65		0.82097		
48.7		0.82118		
48.75		0.82139		
48.8		0.82161		
48.85		0.82182		
48.9		0.82204		
48.95		0.82225		
49		0.82246		
49.05		0.82268		
49.1		0.82289		
49.15		0.8231		
49.2		0.82332		
49.25		0.82353		
49.3		0.82374		
49.35		0.82395		
49.4		0.82417		
49.45		0.82438		
49.5		0.82459		
49.55		0.8248		
49.6		0.82501		
49.65		0.82522		
49.7		0.82544		
49.75		0.82565		
49.8		0.82586		
49.85		0.82607		
49.9		0.82628		
49.95		0.82649		
50		0.8267		
50.05		0.82691		
50.1		0.82712		
50.15		0.82733		
50.2		0.82754		
50.25		0.82775		
50.3		0.82795		
50.35		0.82816		
50.4		0.82837		
50.45		0.82858		
50.5		0.82879		
50.55		0.829		
50.6		0.82921		
50.65		0.82941		
50.7		0.82962		
50.75		0.82983		
50.8		0.83004		
50.85		0.83024		
50.9		0.83045		
50.95		0.83066		
51		0.83086		
51.05		0.83107		
51.1		0.83128		
51.15		0.83148		
51.2		0.83169		
51.25		0.83189		
51.3		0.8321		
51.35		0.83231		
51.4		0.83251		
51.45		0.83272		
51.5		0.83292		
51.55		0.83313		
51.6		0.83333		
51.65		0.83354		
51.7		0.83374		
51.75		0.83394		
51.8		0.83415		
51.85		0.83435		
51.9		0.83456		
51.95		0.83476		
52		0.83496		
52.05		0.83517		
52.1		0.83537		
52.15		0.83557		
52.2		0.83577		
52.25		0.83598		
52.3		0.83618		
52.35		0.83638		
52.4		0.83658		
52.45		0.83679		
52.5		0.83699		
52.55		0.83719		
52.6		0.83739		
52.65		0.83759		
52.7		0.83779		
52.75		0.83799		
52.8		0.8382		
52.85		0.8384		
52.9		0.8386		
52.95		0.8388		
53		0.839		
53.05		0.8392		
53.1		0.8394		
53.15		0.8396		
53.2		0.8398		
53.25		0.84		
53.3		0.8402		
53.35		0.84039		
53.4		0.84059		
53.45		0.84079		
53.5		0.84099		
53.55		0.84119		
53.6		0.84139		
53.65		0.84159		
53.7		0.84179		
53.75		0.84198		
53.8		0.84218		
53.85		0.84238		
53.9		0.84258		
53.95		0.84277		
54		0.84297		
54.05		0.84317		
54.1		0.84336		
54.15		0.84356		
54.2		0.84376		
54.25		0.84395		
54.3		0.84415		
54.35		0.84435		
54.4		0.84454		
54.45		0.84474		
54.5		0.84493		
54.55		0.84513		
54.6		0.84533		
54.65		0.84552		
54.7		0.84572		
54.75		0.84591		
54.8		0.84611		
54.85		0.8463		
54.9		0.8465		
54.95		0.84669		
55		0.84688		
55.05		0.84708		
55.1		0.84727		
55.15		0.84747		
55.2		0.84766		
55.25		0.84785		
55.3		0.84805		
55.35		0.84824		
55.4		0.84843		
55.45		0.84863		
55.5		0.84882		
55.55		0.84901		
55.6		0.8492		
55.65		0.8494		
55.7		0.84959		
55.75		0.84978		
55.8		0.84997		
55.85		0.85017		
55.9		0.85036		
55.95		0.85055		
56		0.85074		
56.05		0.85093		
56.1		0.85112		
56.15		0.85131		
56.2		0.8515		
56.25		0.8517		
56.3		0.85189		
56.35		0.85208		
56.4		0.85227		
56.45		0.85246		
56.5		0.85265		
56.55		0.85284		
56.6		0.85303		
56.65		0.85322		
56.7		0.85341		
56.75		0.8536		
56.8		0.85378		
56.85		0.85397		
56.9		0.85416		
56.95		0.85435		
57		0.85454		
57.05		0.85473		
57.1		0.85492		
57.15		0.85511		
57.2		0.85529		
57.25		0.85548		
57.3		0.85567		
57.35		0.85586		
57.4		0.85605		
57.45		0.85623		
57.5		0.85642		
57.55		0.85661		
57.6		0.85679		
57.65		0.85698		
57.7		0.85717		
57.75		0.85736		
57.8		0.85754		
57.85		0.85773		
57.9		0.85791		
57.95		0.8581		
58		0.85829		
58.05		0.85847		
58.1		0.85866		
58.15		0.85884		
58.2		0.85903		
58.25		0.85922		
58.3		0.8594		
58.35		0.85959		
58.4		0.85977		
58.45		0.85996		
58.5		0.86014		
58.55		0.86033		
58.6		0.86051		
58.65		0.86069		
58.7		0.86088		
58.75		0.86106		
58.8		0.86125		
58.85		0.86143		
58.9		0.86161		
58.95		0.8618		
59		0.86198		
59.05		0.86216		
59.1		0.86235		
59.15		0.86253		
59.2		0.86271		
59.25		0.8629		
59.3		0.86308		
59.35		0.86326		
59.4		0.86345		
59.45		0.86363		
59.5		0.86381		
59.55		0.86399		
59.6		0.86417		
59.65		0.86436		
59.7		0.86454		
59.75		0.86472		
59.8		0.8649		
59.85		0.86508		
59.9		0.86526		
59.95		0.86544		
60		0.86563		
60.05		0.86581		
60.1		0.86599		
60.15		0.86617		
60.2		0.86635		
60.25		0.86653		
60.3		0.86671		
60.35		0.86689		
60.4		0.86707		
60.45		0.86725		
60.5		0.86743		
60.55		0.86761		
60.6		0.86779		
60.65		0.86797		
60.7		0.86815		
60.75		0.86833		
60.8		0.86851		
60.85		0.86869		
60.9		0.86886		
60.95		0.86904		
61		0.86922		
61.05		0.8694		
61.1		0.86958		
61.15		0.86976		
61.2		0.86993		
61.25		0.87011		
61.3		0.87029		
61.35		0.87047		
61.4		0.87065		
61.45		0.87082		
61.5		0.871		
61.55		0.87118		
61.6		0.87136		
61.65		0.87153		
61.7		0.87171		
61.75		0.87189		
61.8		0.87206		
61.85		0.87224		
61.9		0.87242		
61.95		0.87259		
62		0.87277		
62.05		0.87295		
62.1		0.87312		
62.15		0.8733		
62.2		0.87347		
62.25		0.87365		
62.3		0.87383		
62.35		0.874		
62.4		0.87418		
62.45		0.87435		
62.5		0.87453		
62.55		0.8747		
62.6		0.87488		
62.65		0.87505		
62.7		0.87523		
62.75		0.8754		
62.8		0.87558		
62.85		0.87575		
62.9		0.87593		
62.95		0.8761		
63		0.87627		
63.05		0.87645		
63.1		0.87662		
63.15		0.8768		
63.2		0.87697		
63.25		0.87714		
63.3		0.87732		
63.35		0.87749		
63.4		0.87766		
63.45		0.87784		
63.5		0.87801		
63.55		0.87818		
63.6		0.87835		
63.65		0.87853		
63.7		0.8787		
63.75		0.87887		
63.8		0.87904		
63.85		0.87922		
63.9		0.87939		
63.95		0.87956		
64		0.87973		
64.05		0.87991		
64.1		0.88008		
64.15		0.88025		
64.2		0.88042		
64.25		0.88059		
64.3		0.88076		
64.35		0.88093		
64.4		0.88111		
64.45		0.88128		
64.5		0.88145		
64.55		0.88162		
64.6		0.88179		
64.65		0.88196		
64.7		0.88213		
64.75		0.8823		
64.8		0.88247		
64.85		0.88264		
64.9		0.88281		
64.95		0.88298		
65		0.88315		
65.05		0.88332		
65.1		0.88349		
65.15		0.88366		
65.2		0.88383		
65.25		0.884		
65.3		0.88417		
65.35		0.88434		
65.4		0.88451		
65.45		0.88467		
65.5		0.88484		
65.55		0.88501		
65.6		0.88518		
65.65		0.88535		
65.7		0.88552		
65.75		0.88569		
65.8		0.88585		
65.85		0.88602		
65.9		0.88619		
65.95		0.88636		
66		0.88653		
66.05		0.88669		
66.1		0.88686		
66.15		0.88703		
66.2		0.8872		
66.25		0.88736		
66.3		0.88753		
66.35		0.8877		
66.4		0.88787		
66.45		0.88803		
66.5		0.8882		
66.55		0.88837		
66.6		0.88853		
66.65		0.8887		
66.7		0.88887		
66.75		0.88903		
66.8		0.8892		
66.85		0.88936		
66.9		0.88953		
66.95		0.8897		
67		0.88986		
67.05		0.89003		
67.1		0.89019		
67.15		0.89036		
67.2		0.89052		
67.25		0.89069		
67.3		0.89086		
67.35		0.89102		
67.4		0.89119		
67.45		0.89135		
67.5		0.89152		
67.55		0.89168		
67.6		0.89185		
67.65		0.89201		
67.7		0.89217		
67.75		0.89234		
67.8		0.8925		
67.85		0.89267		
67.9		0.89283		
67.95		0.893		
68		0.89316		
68.05		0.89332		
68.1		0.89349		
68.15		0.89365		
68.2		0.89381		
68.25		0.89398		
68.3		0.89414		
68.35		0.8943		
68.4		0.89447		
68.45		0.89463		
68.5		0.89479		
68.55		0.89496		
68.6		0.89512		
68.65		0.89528		
68.7		0.89545		
68.75		0.89561		
68.8		0.89577		
68.85		0.89593		
68.9		0.8961		
68.95		0.89626		
69		0.89642		
69.05		0.89658		
69.1		0.89674		
69.15		0.89691		
69.2		0.89707		
69.25		0.89723		
69.3		0.89739		
69.35		0.89755		
69.4		0.89771		
69.45		0.89787		
69.5		0.89804		
69.55		0.8982		
69.6		0.89836		
69.65		0.89852		
69.7		0.89868		
69.75		0.89884		
69.8		0.899		
69.85		0.89916		
69.9		0.89932		
69.95		0.89948		
70		0.89964		
70.05		0.8998		
70.1		0.89996		
70.15		0.90012		
70.2		0.90028		
70.25		0.90044		
70.3		0.9006		
70.35		0.90076		
70.4		0.90092		
70.45		0.90108		
70.5		0.90124		
70.55		0.9014		
70.6		0.90156		
70.65		0.90172		
70.7		0.90188		
70.75		0.90204		
70.8		0.9022		
70.85		0.90236		
70.9		0.90251		
70.95		0.90267		
71		0.90283		
71.05		0.90299		
71.1		0.90315		
71.15		0.90331		
71.2		0.90346		
71.25		0.90362		
71.3		0.90378		
71.35		0.90394		
71.4		0.9041		
71.45		0.90425		
71.5		0.90441		
71.55		0.90457		
71.6		0.90473		
71.65		0.90489		
71.7		0.90504		
71.75		0.9052		
71.8		0.90536		
71.85		0.90551		
71.9		0.90567		
71.95		0.90583		
72		0.90599		
72.05		0.90614		
72.1		0.9063		
72.15		0.90646		
72.2		0.90661		
72.25		0.90677		
72.3		0.90692		
72.35		0.90708		
72.4		0.90724		
72.45		0.90739		
72.5		0.90755		
72.55		0.90771		
72.6		0.90786		
72.65		0.90802		
72.7		0.90817		
72.75		0.90833		
72.8		0.90848		
72.85		0.90864		
72.9		0.90879		
72.95		0.90895		
73		0.90911		
73.05		0.90926		
73.1		0.90942		
73.15		0.90957		
73.2		0.90973		
73.25		0.90988		
73.3		0.91004		
73.35		0.91019		
73.4		0.91034		
73.45		0.9105		
73.5		0.91065		
73.55		0.91081		
73.6		0.91096		
73.65		0.91112		
73.7		0.91127		
73.75		0.91142		
73.8		0.91158		
73.85		0.91173		
73.9		0.91189		
73.95		0.91204		
74		0.91219		
74.05		0.91235		
74.1		0.9125		
74.15		0.91265		
74.2		0.91281		
74.25		0.91296		
74.3		0.91311		
74.35		0.91327		
74.4		0.91342		
74.45		0.91357		
74.5		0.91373		
74.55		0.91388		
74.6		0.91403		
74.65		0.91418		
74.7		0.91434		
74.75		0.91449		
74.8		0.91464		
74.85		0.91479		
74.9		0.91495		
74.95		0.9151		
75		0.91525		
75.05		0.9154		
75.1		0.91555		
75.15		0.91571		
75.2		0.91586		
75.25		0.91601		
75.3		0.91616		
75.35		0.91631		
75.4		0.91646		
75.45		0.91661		
75.5		0.91677		
75.55		0.91692		
75.6		0.91707		
75.65		0.91722		
75.7		0.91737		
75.75		0.91752		
75.8		0.91767		
75.85		0.91782		
75.9		0.91797		
75.95		0.91812		
76		0.91828		
76.05		0.91843		
76.1		0.91858		
76.15		0.91873		
76.2		0.91888		
76.25		0.91903		
76.3		0.91918		
76.35		0.91933		
76.4		0.91948		
76.45		0.91963		
76.5		0.91978		
76.55		0.91993		
76.6		0.92008		
76.65		0.92023		
76.7		0.92038		
76.75		0.92052		
76.8		0.92067		
76.85		0.92082		
76.9		0.92097		
76.95		0.92112		
77		0.92127		
77.05		0.92142		
77.1		0.92157		
77.15		0.92172		
77.2		0.92187		
77.25		0.92201		
77.3		0.92216		
77.35		0.92231		
77.4		0.92246		
77.45		0.92261		
77.5		0.92276		
77.55		0.92291		
77.6		0.92305		
77.65		0.9232		
77.7		0.92335		
77.75		0.9235		
77.8		0.92365		
77.85		0.92379		
77.9		0.92394		
77.95		0.92409		
78		0.92424		
78.05		0.92438		
78.1		0.92453		
78.15		0.92468		
78.2		0.92483		
78.25		0.92497		
78.3		0.92512		
78.35		0.92527		
78.4		0.92542		
78.45		0.92556		
78.5		0.92571		
78.55		0.92586		
78.6		0.926		
78.65		0.92615		
78.7		0.9263		
78.75		0.92644		
78.8		0.92659		
78.85		0.92674		
78.9		0.92688		
78.95		0.92703		
79		0.92717		
79.05		0.92732		
79.1		0.92747		
79.15		0.92761		
79.2		0.92776		
79.25		0.9279		
79.3		0.92805		
79.35		0.9282		
79.4		0.92834		
79.45		0.92849		
79.5		0.92863		
79.55		0.92878		
79.6		0.92892		
79.65		0.92907		
79.7		0.92921		
79.75		0.92936		
79.8		0.9295		
79.85		0.92965		
79.9		0.92979		
79.95		0.92994		
80		0.93008		
80.05		0.93023		
80.1		0.93037		
80.15		0.93052		
80.2		0.93066		
80.25		0.93081		
80.3		0.93095		
80.35		0.9311		
80.4		0.93124		
80.45		0.93138		
80.5		0.93153		
80.55		0.93167		
80.6		0.93182		
80.65		0.93196		
80.7		0.9321		
80.75		0.93225		
80.8		0.93239		
80.85		0.93254		
80.9		0.93268		
80.95		0.93282		
81		0.93297		
81.05		0.93311		
81.1		0.93325		
81.15		0.9334		
81.2		0.93354		
81.25		0.93368		
81.3		0.93383		
81.35		0.93397		
81.4		0.93411		
81.45		0.93425		
81.5		0.9344		
81.55		0.93454		
81.6		0.93468		
81.65		0.93483		
81.7		0.93497		
81.75		0.93511		
81.8		0.93525		
81.85		0.9354		
81.9		0.93554		
81.95		0.93568		
82		0.93582		
82.05		0.93596		
82.1		0.93611		
82.15		0.93625		
82.2		0.93639		
82.25		0.93653		
82.3		0.93667		
82.35		0.93682		
82.4		0.93696		
82.45		0.9371		
82.5		0.93724		
82.55		0.93738		
82.6		0.93752		
82.65		0.93766		
82.7		0.93781		
82.75		0.93795		
82.8		0.93809		
82.85		0.93823		
82.9		0.93837		
82.95		0.93851		
83		0.93865		
83.05		0.93879		
83.1		0.93893		
83.15		0.93907		
83.2		0.93921		
83.25		0.93936		
83.3		0.9395		
83.35		0.93964		
83.4		0.93978		
83.45		0.93992		
83.5		0.94006		
83.55		0.9402		
83.6		0.94034		
83.65		0.94048		
83.7		0.94062		
83.75		0.94076		
83.8		0.9409		
83.85		0.94104		
83.9		0.94118		
83.95		0.94132		
84		0.94146		
84.05		0.9416		
84.1		0.94174		
84.15		0.94187		
84.2		0.94201		
84.25		0.94215		
84.3		0.94229		
84.35		0.94243		
84.4		0.94257		
84.45		0.94271		
84.5		0.94285		
84.55		0.94299		
84.6		0.94313		
84.65		0.94327		
84.7		0.9434		
84.75		0.94354		
84.8		0.94368		
84.85		0.94382		
84.9		0.94396		
84.95		0.9441		
85		0.94424		
85.05		0.94437		
85.1		0.94451		
85.15		0.94465		
85.2		0.94479		
85.25		0.94493		
85.3		0.94506		
85.35		0.9452		
85.4		0.94534		
85.45		0.94548		
85.5		0.94562		
85.55		0.94575		
85.6		0.94589		
85.65		0.94603		
85.7		0.94617		
85.75		0.9463		
85.8		0.94644		
85.85		0.94658		
85.9		0.94672		
85.95		0.94685		
86		0.94699		
86.05		0.94713		
86.1		0.94727		
86.15		0.9474		
86.2		0.94754		
86.25		0.94768		
86.3		0.94781		
86.35		0.94795		
86.4		0.94809		
86.45		0.94822		
86.5		0.94836		
86.55		0.9485		
86.6		0.94863		
86.65		0.94877		
86.7		0.94891		
86.75		0.94904		
86.8		0.94918		
86.85		0.94931		
86.9		0.94945		
86.95		0.94959		
87		0.94972		
87.05		0.94986		
87.1		0.94999		
87.15		0.95013		
87.2		0.95027		
87.25		0.9504		
87.3		0.95054		
87.35		0.95067		
87.4		0.95081		
87.45		0.95094		
87.5		0.95108		
87.55		0.95121		
87.6		0.95135		
87.65		0.95149		
87.7		0.95162		
87.75		0.95176		
87.8		0.95189		
87.85		0.95203		
87.9		0.95216		
87.95		0.9523		
88		0.95243		
88.05		0.95257		
88.1		0.9527		
88.15		0.95283		
88.2		0.95297		
88.25		0.9531		
88.3		0.95324		
88.35		0.95337		
88.4		0.95351		
88.45		0.95364		
88.5		0.95378		
88.55		0.95391		
88.6		0.95404		
88.65		0.95418		
88.7		0.95431		
88.75		0.95445		
88.8		0.95458		
88.85		0.95471		
88.9		0.95485		
88.95		0.95498		
89		0.95512		
89.05		0.95525		
89.1		0.95538		
89.15		0.95552		
89.2		0.95565		
89.25		0.95578		
89.3		0.95592		
89.35		0.95605		
89.4		0.95618		
89.45		0.95632		
89.5		0.95645		
89.55		0.95658		
89.6		0.95672		
89.65		0.95685		
89.7		0.95698		
89.75		0.95711		
89.8		0.95725		
89.85		0.95738		
89.9		0.95751		
89.95		0.95765		
90		0.95778		
90.05		0.95791		
90.1		0.95804		
90.15		0.95818		
90.2		0.95831		
90.25		0.95844		
90.3		0.95857		
90.35		0.9587		
90.4		0.95884		
90.45		0.95897		
90.5		0.9591		
90.55		0.95923		
90.6		0.95937		
90.65		0.9595		
90.7		0.95963		
90.75		0.95976		
90.8		0.95989		
90.85		0.96002		
90.9		0.96016		
90.95		0.96029		
91		0.96042		
91.05		0.96055		
91.1		0.96068		
91.15		0.96081		
91.2		0.96094		
91.25		0.96108		
91.3		0.96121		
91.35		0.96134		
91.4		0.96147		
91.45		0.9616		
91.5		0.96173		
91.55		0.96186		
91.6		0.96199		
91.65		0.96212		
91.7		0.96225		
91.75		0.96239		
91.8		0.96252		
91.85		0.96265		
91.9		0.96278		
91.95		0.96291		
92		0.96304		
92.05		0.96317		
92.1		0.9633		
92.15		0.96343		
92.2		0.96356		
92.25		0.96369		
92.3		0.96382		
92.35		0.96395		
92.4		0.96408		
92.45		0.96421		
92.5		0.96434		
92.55		0.96447		
92.6		0.9646		
92.65		0.96473		
92.7		0.96486		
92.75		0.96499		
92.8		0.96512		
92.85		0.96525		
92.9		0.96538		
92.95		0.96551		
93		0.96564		
93.05		0.96577		
93.1		0.9659		
93.15		0.96602		
93.2		0.96615		
93.25		0.96628		
93.3		0.96641		
93.35		0.96654		
93.4		0.96667		
93.45		0.9668		
93.5		0.96693		
93.55		0.96706		
93.6		0.96719		
93.65		0.96731		
93.7		0.96744		
93.75		0.96757		
93.8		0.9677		
93.85		0.96783		
93.9		0.96796		
93.95		0.96809		
94		0.96821		
94.05		0.96834		
94.1		0.96847		
94.15		0.9686		
94.2		0.96873		
94.25		0.96886		
94.3		0.96898		
94.35		0.96911		
94.4		0.96924		
94.45		0.96937		
94.5		0.9695		
94.55		0.96962		
94.6		0.96975		
94.65		0.96988		
94.7		0.97001		
94.75		0.97013		
94.8		0.97026		
94.85		0.97039		
94.9		0.97052		
94.95		0.97064		
95		0.97077		
95.05		0.9709		
95.1		0.97103		
95.15		0.97115		
95.2		0.97128		
95.25		0.97141		
95.3		0.97153		
95.35		0.97166		
95.4		0.97179		
95.45		0.97192		
95.5		0.97204		
95.55		0.97217		
95.6		0.9723		
95.65		0.97242		
95.7		0.97255		
95.75		0.97268		
95.8		0.9728		
95.85		0.97293		
95.9		0.97306		
95.95		0.97318		
96		0.97331		
96.05		0.97343		
96.1		0.97356		
96.15		0.97369		
96.2		0.97381		
96.25		0.97394		
96.3		0.97407		
96.35		0.97419		
96.4		0.97432		
96.45		0.97444		
96.5		0.97457		
96.55		0.9747		
96.6		0.97482		
96.65		0.97495		
96.7		0.97507		
96.75		0.9752		
96.8		0.97532		
96.85		0.97545		
96.9		0.97558		
96.95		0.9757		
97		0.97583		
97.05		0.97595		
97.1		0.97608		
97.15		0.9762		
97.2		0.97633		
97.25		0.97645		
97.3		0.97658		
97.35		0.9767		
97.4		0.97683		
97.45		0.97695		
97.5		0.97708		
97.55		0.9772		
97.6		0.97733		
97.65		0.97745		
97.7		0.97758		
97.75		0.9777		
97.8		0.97783		
97.85		0.97795		
97.9		0.97807		
97.95		0.9782		
98		0.97832		
98.05		0.97845		
98.1		0.97857		
98.15		0.9787		
98.2		0.97882		
98.25		0.97894		
98.3		0.97907		
98.35		0.97919		
98.4		0.97932		
98.45		0.97944		
98.5		0.97956		
98.55		0.97969		
98.6		0.97981		
98.65		0.97993		
98.7		0.98005		
98.75		0.98017		
98.8		0.98028		
98.85		0.98007		
98.9		0.9806		
98.95		0.9807		
99		0.98082		
99.05		0.98094		
99.1		0.98106		
99.15		0.98118		
99.2		0.98131		
99.25		0.98143		
99.3		0.98155		
99.35		0.98167		
99.4		0.9818		
99.45		0.98192		
99.5		0.98204		
99.55		0.98216		
99.6		0.98229		
99.65		0.98241		
99.7		0.98253		
99.75		0.98266		
99.8		0.98278		
99.85		0.9829		
99.9		0.98302		
99.95		0.98315		
100		0.98327		
