t [fm]		ax
0.25		1.4275
0.26		1.4598		
0.27		1.4822		
0.28		1.4971		
0.29		1.506		
0.3		1.5102		
0.31		1.5106		
0.32		1.508		
0.33		1.503		
0.34		1.496		
0.35		1.4875		
0.36		1.4777		
0.37		1.467		
0.38		1.4555		
0.39		1.4435		
0.4		1.4311		
0.41		1.4184		
0.42		1.4056		
0.43		1.3928		
0.44		1.3799		
0.45		1.3672		
0.46		1.3546		
0.47		1.3423		
0.48		1.3301		
0.49		1.3183		
0.5		1.3067		
0.51		1.2954		
0.52		1.2845		
0.53		1.2739		
0.54		1.2636		
0.55		1.2537		
0.56		1.2442		
0.57		1.235		
0.58		1.2261		
0.59		1.2177		
0.6		1.2095		
0.61		1.2017		
0.62		1.1943		
0.63		1.1872		
0.64		1.1804		
0.65		1.1739		
0.66		1.1677		
0.67		1.1618		
0.68		1.1563		
0.69		1.1509		
0.7		1.1459		
0.71		1.1411		
0.72		1.1366		
0.73		1.1323		
0.74		1.1283		
0.75		1.1244		
0.76		1.1208		
0.77		1.1174		
0.78		1.1142		
0.79		1.1112		
0.8		1.1083		
0.81		1.1057		
0.82		1.1032		
0.83		1.1008		
0.84		1.0986		
0.85		1.0966		
0.86		1.0946		
0.87		1.0928		
0.88		1.0912		
0.89		1.0896		
0.9		1.0882		
0.91		1.0868		
0.92		1.0856		
0.93		1.0844		
0.94		1.0834		
0.95		1.0824		
0.96		1.0815		
0.97		1.0807		
0.98		1.0799		
0.99		1.0792		
1		1.0786		
1.01		1.078		
1.02		1.0775		
1.03		1.0771		
1.04		1.0767		
1.05		1.0763		
1.06		1.076		
1.07		1.0757		
1.08		1.0754		
1.09		1.0752		
1.1		1.075		
1.11		1.0749		
1.12		1.0748		
1.13		1.0747		
1.14		1.0746		
1.15		1.0745		
1.16		1.0745		
1.17		1.0745		
1.18		1.0745		
1.19		1.0745		
1.2		1.0746		
1.21		1.0746		
1.22		1.0747		
1.23		1.0748		
1.24		1.0748		
1.25		1.0749		
1.26		1.075		
1.27		1.0751		
1.28		1.0752		
1.29		1.0754		
1.3		1.0755		
1.31		1.0756		
1.32		1.0757		
1.33		1.0759		
1.34		1.076		
1.35		1.0762		
1.36		1.0763		
1.37		1.0764		
1.38		1.0766		
1.39		1.0767		
1.4		1.0769		
1.41		1.077		
1.42		1.0771		
1.43		1.0773		
1.44		1.0774		
1.45		1.0775		
1.46		1.0777		
1.47		1.0778		
1.48		1.0779		
1.49		1.078		
1.5		1.0782		
1.51		1.0783		
1.52		1.0784		
1.53		1.0785		
1.54		1.0786		
1.55		1.0787		
1.56		1.0788		
1.57		1.0789		
1.58		1.079		
1.59		1.0791		
1.6		1.0792		
1.61		1.0793		
1.62		1.0794		
1.63		1.0794		
1.64		1.0795		
1.65		1.0796		
1.66		1.0796		
1.67		1.0797		
1.68		1.0798		
1.69		1.0798		
1.7		1.0799		
1.71		1.0799		
1.72		1.0799		
1.73		1.08		
1.74		1.08		
1.75		1.08		
1.76		1.0801		
1.77		1.0801		
1.78		1.0801		
1.79		1.0801		
1.8		1.0801		
1.81		1.0801		
1.82		1.0801		
1.83		1.0801		
1.84		1.0801		
1.85		1.0801		
1.86		1.0801		
1.87		1.0801		
1.88		1.0801		
1.89		1.0801		
1.9		1.08		
1.91		1.08		
1.92		1.08		
1.93		1.0799		
1.94		1.0799		
1.95		1.0799		
1.96		1.0798		
1.97		1.0798		
1.98		1.0797		
1.99		1.0797		
2		1.0796		
2.01		1.0796		
2.02		1.0795		
2.03		1.0794		
2.04		1.0794		
2.05		1.0793		
2.06		1.0792		
2.07		1.0792		
2.08		1.0791		
2.09		1.079		
2.1		1.0789		
2.11		1.0788		
2.12		1.0788		
2.13		1.0787		
2.14		1.0786		
2.15		1.0785		
2.16		1.0784		
2.17		1.0783		
2.18		1.0782		
2.19		1.0781		
2.2		1.078		
2.21		1.0779		
2.22		1.0778		
2.23		1.0777		
2.24		1.0776		
2.25		1.0774		
2.26		1.0773		
2.27		1.0772		
2.28		1.0771		
2.29		1.077		
2.3		1.0769		
2.31		1.0767		
2.32		1.0766		
2.33		1.0765		
2.34		1.0764		
2.35		1.0762		
2.36		1.0761		
2.37		1.076		
2.38		1.0758		
2.39		1.0757		
2.4		1.0756		
2.41		1.0754		
2.42		1.0753		
2.43		1.0752		
2.44		1.075		
2.45		1.0749		
2.46		1.0747		
2.47		1.0746		
2.48		1.0744		
2.49		1.0743		
2.5		1.0741		
2.51		1.074		
2.52		1.0738		
2.53		1.0737		
2.54		1.0735		
2.55		1.0734		
2.56		1.0732		
2.57		1.0731		
2.58		1.0729		
2.59		1.0728		
2.6		1.0726		
2.61		1.0725		
2.62		1.0723		
2.63		1.0721		
2.64		1.072		
2.65		1.0718		
2.66		1.0717		
2.67		1.0715		
2.68		1.0713		
2.69		1.0712		
2.7		1.071		
2.71		1.0708		
2.72		1.0707		
2.73		1.0705		
2.74		1.0703		
2.75		1.0702		
2.76		1.07		
2.77		1.0698		
2.78		1.0697		
2.79		1.0695		
2.8		1.0693		
2.81		1.0691		
2.82		1.069		
2.83		1.0688		
2.84		1.0686		
2.85		1.0685		
2.86		1.0683		
2.87		1.0681		
2.88		1.0679		
2.89		1.0678		
2.9		1.0676		
2.91		1.0674		
2.92		1.0672		
2.93		1.0671		
2.94		1.0669		
2.95		1.0667		
2.96		1.0665		
2.97		1.0664		
2.98		1.0662		
2.99		1.066		
3		1.0658		
3.01		1.0656		
3.02		1.0655		
3.03		1.0653		
3.04		1.0651		
3.05		1.0649		
3.06		1.0648		
3.07		1.0646		
3.08		1.0644		
3.09		1.0642		
3.1		1.064		
3.11		1.0639		
3.12		1.0637		
3.13		1.0635		
3.14		1.0633		
3.15		1.0631		
3.16		1.063		
3.17		1.0628		
3.18		1.0626		
3.19		1.0624		
3.2		1.0622		
3.21		1.0621		
3.22		1.0619		
3.23		1.0617		
3.24		1.0615		
3.25		1.0613		
3.26		1.0611		
3.27		1.061		
3.28		1.0608		
3.29		1.0606		
3.3		1.0604		
3.31		1.0602		
3.32		1.0601		
3.33		1.0599		
3.34		1.0597		
3.35		1.0595		
3.36		1.0593		
3.37		1.0592		
3.38		1.059		
3.39		1.0588		
3.4		1.0586		
3.41		1.0584		
3.42		1.0583		
3.43		1.0581		
3.44		1.0579		
3.45		1.0577		
3.46		1.0575		
3.47		1.0574		
3.48		1.0572		
3.49		1.057		
3.5		1.0568		
3.51		1.0566		
3.52		1.0565		
3.53		1.0563		
3.54		1.0561		
3.55		1.0559		
3.56		1.0557		
3.57		1.0556		
3.58		1.0554		
3.59		1.0552		
3.6		1.055		
3.61		1.0548		
3.62		1.0547		
3.63		1.0545		
3.64		1.0543		
3.65		1.0541		
3.66		1.0539		
3.67		1.0538		
3.68		1.0536		
3.69		1.0534		
3.7		1.0532		
3.71		1.0531		
3.72		1.0529		
3.73		1.0527		
3.74		1.0525		
3.75		1.0523		
3.76		1.0522		
3.77		1.052		
3.78		1.0518		
3.79		1.0516		
3.8		1.0515		
3.81		1.0513		
3.82		1.0511		
3.83		1.0509		
3.84		1.0508		
3.85		1.0506		
3.86		1.0504		
3.87		1.0502		
3.88		1.0501		
3.89		1.0499		
3.9		1.0497		
3.91		1.0495		
3.92		1.0494		
3.93		1.0492		
3.94		1.049		
3.95		1.0488		
3.96		1.0487		
3.97		1.0485		
3.98		1.0483		
3.99		1.0482		
4		1.048		
4.01		1.0478		
4.02		1.0476		
4.03		1.0475		
4.04		1.0473		
4.05		1.0471		
4.06		1.047		
4.07		1.0468		
4.08		1.0466		
4.09		1.0464		
4.1		1.0463		
4.11		1.0461		
4.12		1.0459		
4.13		1.0458		
4.14		1.0456		
4.15		1.0454		
4.16		1.0453		
4.17		1.0451		
4.18		1.0449		
4.19		1.0448		
4.2		1.0446		
4.21		1.0444		
4.22		1.0442		
4.23		1.0441		
4.24		1.0439		
4.25		1.0437		
4.26		1.0436		
4.27		1.0434		
4.28		1.0432		
4.29		1.0431		
4.3		1.0429		
4.31		1.0428		
4.32		1.0426		
4.33		1.0424		
4.34		1.0423		
4.35		1.0421		
4.36		1.0419		
4.37		1.0418		
4.38		1.0416		
4.39		1.0414		
4.4		1.0413		
4.41		1.0411		
4.42		1.0409		
4.43		1.0408		
4.44		1.0406		
4.45		1.0405		
4.46		1.0403		
4.47		1.0401		
4.48		1.04		
4.49		1.0398		
4.5		1.0397		
4.51		1.0395		
4.52		1.0393		
4.53		1.0392		
4.54		1.039		
4.55		1.0389		
4.56		1.0387		
4.57		1.0385		
4.58		1.0384		
4.59		1.0382		
4.6		1.0381		
4.61		1.0379		
4.62		1.0377		
4.63		1.0376		
4.64		1.0374		
4.65		1.0373		
4.66		1.0371		
4.67		1.037		
4.68		1.0368		
4.69		1.0366		
4.7		1.0365		
4.71		1.0363		
4.72		1.0362		
4.73		1.036		
4.74		1.0359		
4.75		1.0357		
4.76		1.0355		
4.77		1.0354		
4.78		1.0352		
4.79		1.0351		
4.8		1.0349		
4.81		1.0348		
4.82		1.0346		
4.83		1.0345		
4.84		1.0343		
4.85		1.0342		
4.86		1.034		
4.87		1.0339		
4.88		1.0337		
4.89		1.0336		
4.9		1.0334		
4.91		1.0333		
4.92		1.0331		
4.93		1.033		
4.94		1.0328		
4.95		1.0327		
4.96		1.0325		
4.97		1.0324		
4.98		1.0322		
4.99		1.0321		
5		1.0319		
5.01		1.0318		
5.02		1.0316		
5.03		1.0315		
5.04		1.0313		
5.05		1.0312		
5.06		1.031		
5.07		1.0309		
5.08		1.0307		
5.09		1.0306		
5.1		1.0305		
5.11		1.0303		
5.12		1.0302		
5.13		1.03		
5.14		1.0299		
5.15		1.0297		
5.16		1.0296		
5.17		1.0294		
5.18		1.0293		
5.19		1.0291		
5.2		1.029		
5.21		1.0289		
5.22		1.0287		
5.23		1.0286		
5.24		1.0284		
5.25		1.0283		
5.26		1.0281		
5.27		1.028		
5.28		1.0279		
5.29		1.0277		
5.3		1.0276		
5.31		1.0274		
5.32		1.0273		
5.33		1.0271		
5.34		1.027		
5.35		1.0269		
5.36		1.0267		
5.37		1.0266		
5.38		1.0264		
5.39		1.0263		
5.4		1.0262		
5.41		1.026		
5.42		1.0259		
5.43		1.0257		
5.44		1.0256		
5.45		1.0255		
5.46		1.0253		
5.47		1.0252		
5.48		1.025		
5.49		1.0249		
5.5		1.0248		
5.51		1.0246		
5.52		1.0245		
5.53		1.0244		
5.54		1.0242		
5.55		1.0241		
5.56		1.0239		
5.57		1.0238		
5.58		1.0237		
5.59		1.0235		
5.6		1.0234		
5.61		1.0233		
5.62		1.0231		
5.63		1.023		
5.64		1.0229		
5.65		1.0227		
5.66		1.0226		
5.67		1.0225		
5.68		1.0223		
5.69		1.0222		
5.7		1.0221		
5.71		1.0219		
5.72		1.0218		
5.73		1.0217		
5.74		1.0215		
5.75		1.0214		
5.76		1.0213		
5.77		1.0211		
5.78		1.021		
5.79		1.0209		
5.8		1.0207		
5.81		1.0206		
5.82		1.0205		
5.83		1.0203		
5.84		1.0202		
5.85		1.0201		
5.86		1.0199		
5.87		1.0198		
5.88		1.0197		
5.89		1.0195		
5.9		1.0194		
5.91		1.0193		
5.92		1.0192		
5.93		1.019		
5.94		1.0189		
5.95		1.0188		
5.96		1.0186		
5.97		1.0185		
5.98		1.0184		
5.99		1.0183		
6		1.0181		
6.01		1.018		
6.02		1.0179		
6.03		1.0177		
6.04		1.0176		
6.05		1.0175		
6.06		1.0174		
6.07		1.0172		
6.08		1.0171		
6.09		1.017		
6.1		1.0169		
6.11		1.0167		
6.12		1.0166		
6.13		1.0165		
6.14		1.0164		
6.15		1.0162		
6.16		1.0161		
6.17		1.016		
6.18		1.0159		
6.19		1.0157		
6.2		1.0156		
6.21		1.0155		
6.22		1.0154		
6.23		1.0152		
6.24		1.0151		
6.25		1.015		
6.26		1.0149		
6.27		1.0147		
6.28		1.0146		
6.29		1.0145		
6.3		1.0144		
6.31		1.0143		
6.32		1.0141		
6.33		1.014		
6.34		1.0139		
6.35		1.0138		
6.36		1.0136		
6.37		1.0135		
6.38		1.0134		
6.39		1.0133		
6.4		1.0132		
6.41		1.013		
6.42		1.0129		
6.43		1.0128		
6.44		1.0127		
6.45		1.0126		
6.46		1.0124		
6.47		1.0123		
6.48		1.0122		
6.49		1.0121		
6.5		1.012		
6.51		1.0118		
6.52		1.0117		
6.53		1.0116		
6.54		1.0115		
6.55		1.0114		
6.56		1.0112		
6.57		1.0111		
6.58		1.011		
6.59		1.0109		
6.6		1.0108		
6.61		1.0107		
6.62		1.0105		
6.63		1.0104		
6.64		1.0103		
6.65		1.0102		
6.66		1.0101		
6.67		1.01		
6.68		1.0098		
6.69		1.0097		
6.7		1.0096		
6.71		1.0095		
6.72		1.0094		
6.73		1.0093		
6.74		1.0091		
6.75		1.009		
6.76		1.0089		
6.77		1.0088		
6.78		1.0087		
6.79		1.0086		
6.8		1.0085		
6.81		1.0083		
6.82		1.0082		
6.83		1.0081		
6.84		1.008		
6.85		1.0079		
6.86		1.0078		
6.87		1.0077		
6.88		1.0075		
6.89		1.0074		
6.9		1.0073		
6.91		1.0072		
6.92		1.0071		
6.93		1.007		
6.94		1.0069		
6.95		1.0068		
6.96		1.0066		
6.97		1.0065		
6.98		1.0064		
6.99		1.0063		
7		1.0062		
7.01		1.0061		
7.02		1.006		
7.03		1.0059		
7.04		1.0058		
7.05		1.0056		
7.06		1.0055		
7.07		1.0054		
7.08		1.0053		
7.09		1.0052		
7.1		1.0051		
7.11		1.005		
7.12		1.0049		
7.13		1.0048		
7.14		1.0047		
7.15		1.0046		
7.16		1.0044		
7.17		1.0043		
7.18		1.0042		
7.19		1.0041		
7.2		1.004		
7.21		1.0039		
7.22		1.0038		
7.23		1.0037		
7.24		1.0036		
7.25		1.0035		
7.26		1.0034		
7.27		1.0033		
7.28		1.0031		
7.29		1.003		
7.3		1.0029		
7.31		1.0028		
7.32		1.0027		
7.33		1.0026		
7.34		1.0025		
7.35		1.0024		
7.36		1.0023		
7.37		1.0022		
7.38		1.0021		
7.39		1.002		
7.4		1.0019		
7.41		1.0018		
7.42		1.0017		
7.43		1.0016		
7.44		1.0014		
7.45		1.0013		
7.46		1.0012		
7.47		1.0011		
7.48		1.001		
7.49		1.0009		
7.5		1.0008		
7.51		1.0007		
7.52		1.0006		
7.53		1.0005		
7.54		1.0004		
7.55		1.0003		
7.56		1.0002		
7.57		1.0001		
7.58		0.99999		
7.59		0.99989		
7.6		0.99978		
7.61		0.99968		
7.62		0.99958		
7.63		0.99948		
7.64		0.99937		
7.65		0.99927		
7.66		0.99917		
7.67		0.99907		
7.68		0.99897		
7.69		0.99886		
7.7		0.99876		
7.71		0.99866		
7.72		0.99856		
7.73		0.99846		
7.74		0.99836		
7.75		0.99826		
7.76		0.99816		
7.77		0.99805		
7.78		0.99795		
7.79		0.99785		
7.8		0.99775		
7.81		0.99765		
7.82		0.99755		
7.83		0.99745		
7.84		0.99735		
7.85		0.99725		
7.86		0.99715		
7.87		0.99705		
7.88		0.99695		
7.89		0.99686		
7.9		0.99676		
7.91		0.99666		
7.92		0.99656		
7.93		0.99646		
7.94		0.99636		
7.95		0.99626		
7.96		0.99616		
7.97		0.99607		
7.98		0.99597		
7.99		0.99587		
8		0.99577		
8.01		0.99567		
8.02		0.99558		
8.03		0.99548		
8.04		0.99538		
8.05		0.99528		
8.06		0.99519		
8.07		0.99509		
8.08		0.99499		
8.09		0.9949		
8.1		0.9948		
8.11		0.9947		
8.12		0.99461		
8.13		0.99451		
8.14		0.99441		
8.15		0.99432		
8.16		0.99422		
8.17		0.99412		
8.18		0.99403		
8.19		0.99393		
8.2		0.99384		
8.21		0.99374		
8.22		0.99365		
8.23		0.99355		
8.24		0.99346		
8.25		0.99336		
8.26		0.99327		
8.27		0.99317		
8.28		0.99308		
8.29		0.99298		
8.3		0.99289		
8.31		0.99279		
8.32		0.9927		
8.33		0.99261		
8.34		0.99251		
8.35		0.99242		
8.36		0.99232		
8.37		0.99223		
8.38		0.99214		
8.39		0.99204		
8.4		0.99195		
8.41		0.99186		
8.42		0.99176		
8.43		0.99167		
8.44		0.99158		
8.45		0.99149		
8.46		0.99139		
8.47		0.9913		
8.48		0.99121		
8.49		0.99112		
8.5		0.99102		
8.51		0.99093		
8.52		0.99084		
8.53		0.99075		
8.54		0.99066		
8.55		0.99056		
8.56		0.99047		
8.57		0.99038		
8.58		0.99029		
8.59		0.9902		
8.6		0.99011		
8.61		0.99002		
8.62		0.98992		
8.63		0.98983		
8.64		0.98974		
8.65		0.98965		
8.66		0.98956		
8.67		0.98947		
8.68		0.98938		
8.69		0.98929		
8.7		0.9892		
8.71		0.98911		
8.72		0.98902		
8.73		0.98893		
8.74		0.98884		
8.75		0.98875		
8.76		0.98866		
8.77		0.98857		
8.78		0.98848		
8.79		0.9884		
8.8		0.98831		
8.81		0.98822		
8.82		0.98813		
8.83		0.98804		
8.84		0.98795		
8.85		0.98786		
8.86		0.98777		
8.87		0.98769		
8.88		0.9876		
8.89		0.98751		
8.9		0.98742		
8.91		0.98733		
8.92		0.98725		
8.93		0.98716		
8.94		0.98707		
8.95		0.98698		
8.96		0.9869		
8.97		0.98681		
8.98		0.98672		
8.99		0.98663		
9		0.98655		
9.01		0.98646		
9.02		0.98637		
9.03		0.98629		
9.04		0.9862		
9.05		0.98611		
9.06		0.98603		
9.07		0.98594		
9.08		0.98585		
9.09		0.98577		
9.1		0.98568		
9.11		0.9856		
9.12		0.98551		
9.13		0.98542		
9.14		0.98534		
9.15		0.98525		
9.16		0.98517		
9.17		0.98508		
9.18		0.985		
9.19		0.98491		
9.2		0.98483		
9.21		0.98474		
9.22		0.98466		
9.23		0.98457		
9.24		0.98449		
9.25		0.9844		
9.26		0.98432		
9.27		0.98423		
9.28		0.98415		
9.29		0.98407		
9.3		0.98398		
9.31		0.9839		
9.32		0.98381		
9.33		0.98373		
9.34		0.98365		
9.35		0.98356		
9.36		0.98348		
9.37		0.9834		
9.38		0.98331		
9.39		0.98323		
9.4		0.98315		
9.41		0.98306		
9.42		0.98298		
9.43		0.9829		
9.44		0.98281		
9.45		0.98273		
9.46		0.98265		
9.47		0.98257		
9.48		0.98248		
9.49		0.9824		
9.5		0.98232		
9.51		0.98224		
9.52		0.98215		
9.53		0.98207		
9.54		0.98199		
9.55		0.98191		
9.56		0.98183		
9.57		0.98175		
9.58		0.98166		
9.59		0.98158		
9.6		0.9815		
9.61		0.98142		
9.62		0.98134		
9.63		0.98126		
9.64		0.98118		
9.65		0.9811		
9.66		0.98101		
9.67		0.98093		
9.68		0.98085		
9.69		0.98077		
9.7		0.98069		
9.71		0.98061		
9.72		0.98053		
9.73		0.98045		
9.74		0.98037		
9.75		0.98029		
9.76		0.98021		
9.77		0.98013		
9.78		0.98005		
9.79		0.97997		
9.8		0.97989		
9.81		0.97981		
9.82		0.97973		
9.83		0.97965		
9.84		0.97957		
9.85		0.97949		
9.86		0.97942		
9.87		0.97934		
9.88		0.97926		
9.89		0.97918		
9.9		0.9791		
9.91		0.97902		
9.92		0.97894		
9.93		0.97886		
9.94		0.97879		
9.95		0.97871		
9.96		0.97863		
9.97		0.97855		
9.98		0.97847		
9.99		0.9784		
10		0.97832		
10.01		0.97824		
10.02		0.97816		
10.03		0.97808		
10.04		0.97801		
10.05		0.97793		
10.06		0.97785		
10.07		0.97777		
10.08		0.9777		
10.09		0.97762		
10.1		0.97754		
10.11		0.97747		
10.12		0.97739		
10.13		0.97731		
10.14		0.97723		
10.15		0.97716		
10.16		0.97708		
10.17		0.97701		
10.18		0.97693		
10.19		0.97685		
10.2		0.97678		
10.21		0.9767		
10.22		0.97662		
10.23		0.97655		
10.24		0.97647		
10.25		0.9764		
10.26		0.97632		
10.27		0.97624		
10.28		0.97617		
10.29		0.97609		
10.3		0.97602		
10.31		0.97594		
10.32		0.97587		
10.33		0.97579		
10.34		0.97572		
10.35		0.97564		
10.36		0.97557		
10.37		0.97549		
10.38		0.97542		
10.39		0.97534		
10.4		0.97527		
10.41		0.97519		
10.42		0.97512		
10.43		0.97504		
10.44		0.97497		
10.45		0.9749		
10.46		0.97482		
10.47		0.97475		
10.48		0.97467		
10.49		0.9746		
10.5		0.97452		
10.51		0.97445		
10.52		0.97438		
10.53		0.9743		
10.54		0.97423		
10.55		0.97416		
10.56		0.97408		
10.57		0.97401		
10.58		0.97394		
10.59		0.97386		
10.6		0.97379		
10.61		0.97372		
10.62		0.97364		
10.63		0.97357		
10.64		0.9735		
10.65		0.97343		
10.66		0.97335		
10.67		0.97328		
10.68		0.97321		
10.69		0.97314		
10.7		0.97306		
10.71		0.97299		
10.72		0.97292		
10.73		0.97285		
10.74		0.97277		
10.75		0.9727		
10.76		0.97263		
10.77		0.97256		
10.78		0.97249		
10.79		0.97241		
10.8		0.97234		
10.81		0.97227		
10.82		0.9722		
10.83		0.97213		
10.84		0.97206		
10.85		0.97199		
10.86		0.97191		
10.87		0.97184		
10.88		0.97177		
10.89		0.9717		
10.9		0.97163		
10.91		0.97156		
10.92		0.97149		
10.93		0.97142		
10.94		0.97135		
10.95		0.97128		
10.96		0.97121		
10.97		0.97114		
10.98		0.97107		
10.99		0.971		
11		0.97093		
11.01		0.97086		
11.02		0.97079		
11.03		0.97072		
11.04		0.97065		
11.05		0.97058		
11.06		0.97051		
11.07		0.97044		
11.08		0.97037		
11.09		0.9703		
11.1		0.97023		
11.11		0.97016		
11.12		0.97009		
11.13		0.97002		
11.14		0.96995		
11.15		0.96988		
11.16		0.96981		
11.17		0.96974		
11.18		0.96967		
11.19		0.96961		
11.2		0.96954		
11.21		0.96947		
11.22		0.9694		
11.23		0.96933		
11.24		0.96926		
11.25		0.96919		
11.26		0.96913		
11.27		0.96906		
11.28		0.96899		
11.29		0.96892		
11.3		0.96885		
11.31		0.96878		
11.32		0.96872		
11.33		0.96865		
11.34		0.96858		
11.35		0.96851		
11.36		0.96845		
11.37		0.96838		
11.38		0.96831		
11.39		0.96824		
11.4		0.96818		
11.41		0.96811		
11.42		0.96804		
11.43		0.96797		
11.44		0.96791		
11.45		0.96784		
11.46		0.96777		
11.47		0.9677		
11.48		0.96764		
11.49		0.96757		
11.5		0.9675		
11.51		0.96744		
11.52		0.96737		
11.53		0.9673		
11.54		0.96724		
11.55		0.96717		
11.56		0.96711		
11.57		0.96704		
11.58		0.96697		
11.59		0.96691		
11.6		0.96684		
11.61		0.96677		
11.62		0.96671		
11.63		0.96664		
11.64		0.96658		
11.65		0.96651		
11.66		0.96645		
11.67		0.96638		
11.68		0.96631		
11.69		0.96625		
11.7		0.96618		
11.71		0.96612		
11.72		0.96605		
11.73		0.96599		
11.74		0.96592		
11.75		0.96586		
11.76		0.96579		
11.77		0.96573		
11.78		0.96566		
11.79		0.9656		
11.8		0.96553		
11.81		0.96547		
11.82		0.9654		
11.83		0.96534		
11.84		0.96527		
11.85		0.96521		
11.86		0.96514		
11.87		0.96508		
11.88		0.96502		
11.89		0.96495		
11.9		0.96489		
11.91		0.96482		
11.92		0.96476		
11.93		0.9647		
11.94		0.96463		
11.95		0.96457		
11.96		0.9645		
11.97		0.96444		
11.98		0.96438		
11.99		0.96431		
12		0.96425		
12.01		0.96419		
12.02		0.96412		
12.03		0.96406		
12.04		0.964		
12.05		0.96393		
12.06		0.96387		
12.07		0.96381		
12.08		0.96374		
12.09		0.96368		
12.1		0.96362		
12.11		0.96355		
12.12		0.96349		
12.13		0.96343		
12.14		0.96337		
12.15		0.9633		
12.16		0.96324		
12.17		0.96318		
12.18		0.96311		
12.19		0.96305		
12.2		0.96299		
12.21		0.96293		
12.22		0.96287		
12.23		0.9628		
12.24		0.96274		
12.25		0.96268		
12.26		0.96262		
12.27		0.96256		
12.28		0.96249		
12.29		0.96243		
12.3		0.96237		
12.31		0.96231		
12.32		0.96225		
12.33		0.96218		
12.34		0.96212		
12.35		0.96206		
12.36		0.962		
12.37		0.96194		
12.38		0.96188		
12.39		0.96182		
12.4		0.96176		
12.41		0.96169		
12.42		0.96163		
12.43		0.96157		
12.44		0.96151		
12.45		0.96145		
12.46		0.96139		
12.47		0.96133		
12.48		0.96127		
12.49		0.96121		
12.5		0.96115		
12.51		0.96109		
12.52		0.96103		
12.53		0.96096		
12.54		0.9609		
12.55		0.96084		
12.56		0.96078		
12.57		0.96072		
12.58		0.96066		
12.59		0.9606		
12.6		0.96054		
12.61		0.96048		
12.62		0.96042		
12.63		0.96036		
12.64		0.9603		
12.65		0.96024		
12.66		0.96018		
12.67		0.96012		
12.68		0.96006		
12.69		0.96001		
12.7		0.95995		
12.71		0.95989		
12.72		0.95983		
12.73		0.95977		
12.74		0.95971		
12.75		0.95965		
12.76		0.95959		
12.77		0.95953		
12.78		0.95947		
12.79		0.95941		
12.8		0.95935		
12.81		0.95929		
12.82		0.95924		
12.83		0.95918		
12.84		0.95912		
12.85		0.95906		
12.86		0.959		
12.87		0.95894		
12.88		0.95888		
12.89		0.95883		
12.9		0.95877		
12.91		0.95871		
12.92		0.95865		
12.93		0.95859		
12.94		0.95853		
12.95		0.95848		
12.96		0.95842		
12.97		0.95836		
12.98		0.9583		
12.99		0.95824		
13		0.95819		
13.01		0.95813		
13.02		0.95807		
13.03		0.95801		
13.04		0.95795		
13.05		0.9579		
13.06		0.95784		
13.07		0.95778		
13.08		0.95772		
13.09		0.95767		
13.1		0.95761		
13.11		0.95755		
13.12		0.9575		
13.13		0.95744		
13.14		0.95738		
13.15		0.95732		
13.16		0.95727		
13.17		0.95721		
13.18		0.95715		
13.19		0.9571		
13.2		0.95704		
13.21		0.95698		
13.22		0.95693		
13.23		0.95687		
13.24		0.95681		
13.25		0.95676		
13.26		0.9567		
13.27		0.95664		
13.28		0.95659		
13.29		0.95653		
13.3		0.95647		
13.31		0.95642		
13.32		0.95636		
13.33		0.9563		
13.34		0.95625		
13.35		0.95619		
13.36		0.95614		
13.37		0.95608		
13.38		0.95602		
13.39		0.95597		
13.4		0.95591		
13.41		0.95586		
13.42		0.9558		
13.43		0.95575		
13.44		0.95569		
13.45		0.95563		
13.46		0.95558		
13.47		0.95552		
13.48		0.95547		
13.49		0.95541		
13.5		0.95536		
13.51		0.9553		
13.52		0.95525		
13.53		0.95519		
13.54		0.95514		
13.55		0.95508		
13.56		0.95503		
13.57		0.95497		
13.58		0.95492		
13.59		0.95486		
13.6		0.95481		
13.61		0.95475		
13.62		0.9547		
13.63		0.95464		
13.64		0.95459		
13.65		0.95453		
13.66		0.95448		
13.67		0.95442		
13.68		0.95437		
13.69		0.95431		
13.7		0.95426		
13.71		0.95421		
13.72		0.95415		
13.73		0.9541		
13.74		0.95404		
13.75		0.95399		
13.76		0.95393		
13.77		0.95388		
13.78		0.95383		
13.79		0.95377		
13.8		0.95372		
13.81		0.95366		
13.82		0.95361		
13.83		0.95356		
13.84		0.9535		
13.85		0.95345		
13.86		0.9534		
13.87		0.95334		
13.88		0.95329		
13.89		0.95323		
13.9		0.95318		
13.91		0.95313		
13.92		0.95307		
13.93		0.95302		
13.94		0.95297		
13.95		0.95291		
13.96		0.95286		
13.97		0.95281		
13.98		0.95275		
13.99		0.9527		
14		0.95265		
14.01		0.9526		
14.02		0.95254		
14.03		0.95249		
14.04		0.95244		
14.05		0.95238		
14.06		0.95233		
14.07		0.95228		
14.08		0.95223		
14.09		0.95217		
14.1		0.95212		
14.11		0.95207		
14.12		0.95202		
14.13		0.95196		
14.14		0.95191		
14.15		0.95186		
14.16		0.95181		
14.17		0.95175		
14.18		0.9517		
14.19		0.95165		
14.2		0.9516		
14.21		0.95155		
14.22		0.95149		
14.23		0.95144		
14.24		0.95139		
14.25		0.95134		
14.26		0.95129		
14.27		0.95123		
14.28		0.95118		
14.29		0.95113		
14.3		0.95108		
14.31		0.95103		
14.32		0.95097		
14.33		0.95092		
14.34		0.95087		
14.35		0.95082		
14.36		0.95077		
14.37		0.95072		
14.38		0.95067		
14.39		0.95061		
14.4		0.95056		
14.41		0.95051		
14.42		0.95046		
14.43		0.95041		
14.44		0.95036		
14.45		0.95031		
14.46		0.95026		
14.47		0.95021		
14.48		0.95015		
14.49		0.9501		
14.5		0.95005		
14.51		0.95		
14.52		0.94995		
14.53		0.9499		
14.54		0.94985		
14.55		0.9498		
14.56		0.94975		
14.57		0.9497		
14.58		0.94965		
14.59		0.9496		
14.6		0.94955		
14.61		0.9495		
14.62		0.94944		
14.63		0.94939		
14.64		0.94934		
14.65		0.94929		
14.66		0.94924		
14.67		0.94919		
14.68		0.94914		
14.69		0.94909		
14.7		0.94904		
14.71		0.94899		
14.72		0.94894		
14.73		0.94889		
14.74		0.94884		
14.75		0.94879		
14.76		0.94874		
14.77		0.94869		
14.78		0.94864		
14.79		0.94859		
14.8		0.94854		
14.81		0.94849		
14.82		0.94844		
14.83		0.9484		
14.84		0.94835		
14.85		0.9483		
14.86		0.94825		
14.87		0.9482		
14.88		0.94815		
14.89		0.9481		
14.9		0.94805		
14.91		0.948		
14.92		0.94795		
14.93		0.9479		
14.94		0.94785		
14.95		0.9478		
14.96		0.94775		
14.97		0.94771		
14.98		0.94766		
14.99		0.94761		
15		0.94756		
15.01		0.94751		
15.02		0.94746		
15.03		0.94741		
15.04		0.94736		
15.05		0.94731		
15.06		0.94727		
15.07		0.94722		
15.08		0.94717		
15.09		0.94712		
15.1		0.94707		
15.11		0.94702		
15.12		0.94697		
15.13		0.94693		
15.14		0.94688		
15.15		0.94683		
15.16		0.94678		
15.17		0.94673		
15.18		0.94668		
15.19		0.94664		
15.2		0.94659		
15.21		0.94654		
15.22		0.94649		
15.23		0.94644		
15.24		0.94639		
15.25		0.94635		
15.26		0.9463		
15.27		0.94625		
15.28		0.9462		
15.29		0.94616		
15.3		0.94611		
15.31		0.94606		
15.32		0.94601		
15.33		0.94596		
15.34		0.94592		
15.35		0.94587		
15.36		0.94582		
15.37		0.94577		
15.38		0.94573		
15.39		0.94568		
15.4		0.94563		
15.41		0.94558		
15.42		0.94554		
15.43		0.94549		
15.44		0.94544		
15.45		0.94539		
15.46		0.94535		
15.47		0.9453		
15.48		0.94525		
15.49		0.94521		
15.5		0.94516		
15.51		0.94511		
15.52		0.94506		
15.53		0.94502		
15.54		0.94497		
15.55		0.94492		
15.56		0.94488		
15.57		0.94483		
15.58		0.94478		
15.59		0.94474		
15.6		0.94469		
15.61		0.94464		
15.62		0.94459		
15.63		0.94455		
15.64		0.9445		
15.65		0.94445		
15.66		0.94441		
15.67		0.94436		
15.68		0.94432		
15.69		0.94427		
15.7		0.94422		
15.71		0.94418		
15.72		0.94413		
15.73		0.94408		
15.74		0.94404		
15.75		0.94399		
15.76		0.94394		
15.77		0.9439		
15.78		0.94385		
15.79		0.94381		
15.8		0.94376		
15.81		0.94371		
15.82		0.94367		
15.83		0.94362		
15.84		0.94357		
15.85		0.94353		
15.86		0.94348		
15.87		0.94344		
15.88		0.94339		
15.89		0.94335		
15.9		0.9433		
15.91		0.94325		
15.92		0.94321		
15.93		0.94316		
15.94		0.94312		
15.95		0.94307		
15.96		0.94303		
15.97		0.94298		
15.98		0.94293		
15.99		0.94289		
16		0.94284		
16.01		0.9428		
16.02		0.94275		
16.03		0.94271		
16.04		0.94266		
16.05		0.94262		
16.06		0.94257		
16.07		0.94252		
16.08		0.94248		
16.09		0.94243		
16.1		0.94239		
16.11		0.94234		
16.12		0.9423		
16.13		0.94225		
16.14		0.94221		
16.15		0.94216		
16.16		0.94212		
16.17		0.94207		
16.18		0.94203		
16.19		0.94198		
16.2		0.94194		
16.21		0.94189		
16.22		0.94185		
16.23		0.9418		
16.24		0.94176		
16.25		0.94171		
16.26		0.94167		
16.27		0.94162		
16.28		0.94158		
16.29		0.94154		
16.3		0.94149		
16.31		0.94145		
16.32		0.9414		
16.33		0.94136		
16.34		0.94131		
16.35		0.94127		
16.36		0.94122		
16.37		0.94118		
16.38		0.94113		
16.39		0.94109		
16.4		0.94105		
16.41		0.941		
16.42		0.94096		
16.43		0.94091		
16.44		0.94087		
16.45		0.94082		
16.46		0.94078		
16.47		0.94074		
16.48		0.94069		
16.49		0.94065		
16.5		0.9406		
16.51		0.94056		
16.52		0.94052		
16.53		0.94047		
16.54		0.94043		
16.55		0.94038		
16.56		0.94034		
16.57		0.9403		
16.58		0.94025		
16.59		0.94021		
16.6		0.94017		
16.61		0.94012		
16.62		0.94008		
16.63		0.94003		
16.64		0.93999		
16.65		0.93995		
16.66		0.9399		
16.67		0.93986		
16.68		0.93982		
16.69		0.93977		
16.7		0.93973		
16.71		0.93969		
16.72		0.93964		
16.73		0.9396		
16.74		0.93955		
16.75		0.93951		
16.76		0.93947		
16.77		0.93942		
16.78		0.93938		
16.79		0.93934		
16.8		0.93929		
16.81		0.93925		
16.82		0.93921		
16.83		0.93917		
16.84		0.93912		
16.85		0.93908		
16.86		0.93904		
16.87		0.93899		
16.88		0.93895		
16.89		0.93891		
16.9		0.93886		
16.91		0.93882		
16.92		0.93878		
16.93		0.93873		
16.94		0.93869		
16.95		0.93865		
16.96		0.93861		
16.97		0.93856		
16.98		0.93852		
16.99		0.93848		
17		0.93843		
17.01		0.93839		
17.02		0.93835		
17.03		0.93831		
17.04		0.93826		
17.05		0.93822		
17.06		0.93818		
17.07		0.93814		
17.08		0.93809		
17.09		0.93805		
17.1		0.93801		
17.11		0.93797		
17.12		0.93792		
17.13		0.93788		
17.14		0.93784		
17.15		0.9378		
17.16		0.93775		
17.17		0.93771		
17.18		0.93767		
17.19		0.93763		
17.2		0.93758		
17.21		0.93754		
17.22		0.9375		
17.23		0.93746		
17.24		0.93742		
17.25		0.93737		
17.26		0.93733		
17.27		0.93729		
17.28		0.93725		
17.29		0.9372		
17.3		0.93716		
17.31		0.93712		
17.32		0.93708		
17.33		0.93704		
17.34		0.93699		
17.35		0.93695		
17.36		0.93691		
17.37		0.93687		
17.38		0.93683		
17.39		0.93679		
17.4		0.93674		
17.41		0.9367		
17.42		0.93666		
17.43		0.93662		
17.44		0.93658		
17.45		0.93653		
17.46		0.93649		
17.47		0.93645		
17.48		0.93641		
17.49		0.93637		
17.5		0.93633		
17.51		0.93628		
17.52		0.93624		
17.53		0.9362		
17.54		0.93616		
17.55		0.93612		
17.56		0.93608		
17.57		0.93604		
17.58		0.93599		
17.59		0.93595		
17.6		0.93591		
17.61		0.93587		
17.62		0.93583		
17.63		0.93579		
17.64		0.93575		
17.65		0.9357		
17.66		0.93566		
17.67		0.93562		
17.68		0.93558		
17.69		0.93554		
17.7		0.9355		
17.71		0.93546		
17.72		0.93542		
17.73		0.93537		
17.74		0.93533		
17.75		0.93529		
17.76		0.93525		
17.77		0.93521		
17.78		0.93517		
17.79		0.93513		
17.8		0.93509		
17.81		0.93505		
17.82		0.93501		
17.83		0.93496		
17.84		0.93492		
17.85		0.93488		
17.86		0.93484		
17.87		0.9348		
17.88		0.93476		
17.89		0.93472		
17.9		0.93468		
17.91		0.93464		
17.92		0.9346		
17.93		0.93456		
17.94		0.93451		
17.95		0.93447		
17.96		0.93443		
17.97		0.93439		
17.98		0.93435		
17.99		0.93431		
18		0.93427		
18.01		0.93423		
18.02		0.93419		
18.03		0.93415		
18.04		0.93411		
18.05		0.93407		
18.06		0.93403		
18.07		0.93399		
18.08		0.93395		
18.09		0.93391		
18.1		0.93387		
18.11		0.93383		
18.12		0.93378		
18.13		0.93374		
18.14		0.9337		
18.15		0.93366		
18.16		0.93362		
18.17		0.93358		
18.18		0.93354		
18.19		0.9335		
18.2		0.93346		
18.21		0.93342		
18.22		0.93338		
18.23		0.93334		
18.24		0.9333		
18.25		0.93326		
18.26		0.93322		
18.27		0.93318		
18.28		0.93314		
18.29		0.9331		
18.3		0.93306		
18.31		0.93302		
18.32		0.93298		
18.33		0.93294		
18.34		0.9329		
18.35		0.93286		
18.36		0.93282		
18.37		0.93278		
18.38		0.93274		
18.39		0.9327		
18.4		0.93266		
18.41		0.93262		
18.42		0.93258		
18.43		0.93254		
18.44		0.9325		
18.45		0.93246		
18.46		0.93242		
18.47		0.93238		
18.48		0.93234		
18.49		0.9323		
18.5		0.93226		
18.51		0.93222		
18.52		0.93218		
18.53		0.93214		
18.54		0.9321		
18.55		0.93206		
18.56		0.93202		
18.57		0.93198		
18.58		0.93194		
18.59		0.9319		
18.6		0.93186		
18.61		0.93183		
18.62		0.93179		
18.63		0.93175		
18.64		0.93171		
18.65		0.93167		
18.66		0.93163		
18.67		0.93159		
18.68		0.93155		
18.69		0.93151		
18.7		0.93147		
18.71		0.93143		
18.72		0.93139		
18.73		0.93135		
18.74		0.93131		
18.75		0.93127		
18.76		0.93123		
18.77		0.93119		
18.78		0.93115		
18.79		0.93111		
18.8		0.93108		
18.81		0.93104		
18.82		0.931		
18.83		0.93096		
18.84		0.93092		
18.85		0.93088		
18.86		0.93084		
18.87		0.9308		
18.88		0.93076		
18.89		0.93072		
18.9		0.93068		
18.91		0.93064		
18.92		0.9306		
18.93		0.93057		
18.94		0.93053		
18.95		0.93049		
18.96		0.93045		
18.97		0.93041		
18.98		0.93037		
18.99		0.93033		
19		0.93029		
19.01		0.93025		
19.02		0.93021		
19.03		0.93017		
19.04		0.93014		
19.05		0.9301		
19.06		0.93006		
19.07		0.93002		
19.08		0.92998		
19.09		0.92994		
19.1		0.9299		
19.11		0.92986		
19.12		0.92982		
19.13		0.92978		
19.14		0.92975		
19.15		0.92971		
19.16		0.92967		
19.17		0.92963		
19.18		0.92959		
19.19		0.92955		
19.2		0.92951		
19.21		0.92947		
19.22		0.92943		
19.23		0.9294		
19.24		0.92936		
19.25		0.92932		
19.26		0.92928		
19.27		0.92924		
19.28		0.9292		
19.29		0.92916		
19.3		0.92912		
19.31		0.92909		
19.32		0.92905		
19.33		0.92901		
19.34		0.92897		
19.35		0.92893		
19.36		0.92889		
19.37		0.92885		
19.38		0.92882		
19.39		0.92878		
19.4		0.92874		
19.41		0.9287		
19.42		0.92866		
19.43		0.92862		
19.44		0.92858		
19.45		0.92855		
19.46		0.92851		
19.47		0.92847		
19.48		0.92843		
19.49		0.92839		
19.5		0.92835		
19.51		0.92831		
19.52		0.92828		
19.53		0.92824		
19.54		0.9282		
19.55		0.92816		
19.56		0.92812		
19.57		0.92808		
19.58		0.92804		
19.59		0.92801		
19.6		0.92797		
19.61		0.92793		
19.62		0.92789		
19.63		0.92785		
19.64		0.92781		
19.65		0.92778		
19.66		0.92774		
19.67		0.9277		
19.68		0.92766		
19.69		0.92762		
19.7		0.92758		
19.71		0.92755		
19.72		0.92751		
19.73		0.92747		
19.74		0.92743		
19.75		0.92739		
19.76		0.92735		
19.77		0.92732		
19.78		0.92728		
19.79		0.92724		
19.8		0.9272		
19.81		0.92716		
19.82		0.92713		
19.83		0.92709		
19.84		0.92705		
19.85		0.92701		
19.86		0.92697		
19.87		0.92693		
19.88		0.9269		
19.89		0.92686		
19.9		0.92682		
19.91		0.92678		
19.92		0.92674		
19.93		0.92671		
19.94		0.92667		
19.95		0.92663		
19.96		0.92659		
19.97		0.92655		
19.98		0.92651		
19.99		0.92648		
20		0.92644		
20.01		0.9264		
20.02		0.92636		
20.03		0.92632		
20.04		0.92629		
20.05		0.92625		
20.06		0.92621		
20.07		0.92617		
20.08		0.92613		
20.09		0.9261		
20.1		0.92606		
20.11		0.92602		
20.12		0.92598		
20.13		0.92594		
20.14		0.92591		
20.15		0.92587		
20.16		0.92583		
20.17		0.92579		
20.18		0.92575		
20.19		0.92572		
20.2		0.92568		
20.21		0.92564		
20.22		0.9256		
20.23		0.92556		
20.24		0.92553		
20.25		0.92549		
20.26		0.92545		
20.27		0.92541		
20.28		0.92537		
20.29		0.92534		
20.3		0.9253		
20.31		0.92526		
20.32		0.92522		
20.33		0.92519		
20.34		0.92515		
20.35		0.92511		
20.36		0.92507		
20.37		0.92503		
20.38		0.925		
20.39		0.92496		
20.4		0.92492		
20.41		0.92488		
20.42		0.92484		
20.43		0.92481		
20.44		0.92477		
20.45		0.92473		
20.46		0.92469		
20.47		0.92466		
20.48		0.92462		
20.49		0.92458		
20.5		0.92454		
20.51		0.9245		
20.52		0.92447		
20.53		0.92443		
20.54		0.92439		
20.55		0.92435		
20.56		0.92432		
20.57		0.92428		
20.58		0.92424		
20.59		0.9242		
20.6		0.92416		
20.61		0.92413		
20.62		0.92409		
20.63		0.92405		
20.64		0.92401		
20.65		0.92398		
20.66		0.92394		
20.67		0.9239		
20.68		0.92386		
20.69		0.92382		
20.7		0.92379		
20.71		0.92375		
20.72		0.92371		
20.73		0.92367		
20.74		0.92364		
20.75		0.9236		
20.76		0.92356		
20.77		0.92352		
20.78		0.92349		
20.79		0.92345		
20.8		0.92341		
20.81		0.92337		
20.82		0.92333		
20.83		0.9233		
20.84		0.92326		
20.85		0.92322		
20.86		0.92318		
20.87		0.92315		
20.88		0.92311		
20.89		0.92307		
20.9		0.92303		
20.91		0.923		
20.92		0.92296		
20.93		0.92292		
20.94		0.92288		
20.95		0.92285		
20.96		0.92281		
20.97		0.92277		
20.98		0.92273		
20.99		0.92269		
21		0.92266		
21.01		0.92262		
21.02		0.92258		
21.03		0.92254		
21.04		0.92251		
21.05		0.92247		
21.06		0.92243		
21.07		0.92239		
21.08		0.92236		
21.09		0.92232		
21.1		0.92228		
21.11		0.92224		
21.12		0.92221		
21.13		0.92217		
21.14		0.92213		
21.15		0.92209		
21.16		0.92205		
21.17		0.92202		
21.18		0.92198		
21.19		0.92194		
21.2		0.9219		
21.21		0.92187		
21.22		0.92183		
21.23		0.92179		
21.24		0.92175		
21.25		0.92172		
21.26		0.92168		
21.27		0.92164		
21.28		0.9216		
21.29		0.92157		
21.3		0.92153		
21.31		0.92149		
21.32		0.92145		
21.33		0.92142		
21.34		0.92138		
21.35		0.92134		
21.36		0.9213		
21.37		0.92127		
21.38		0.92123		
21.39		0.92119		
21.4		0.92115		
21.41		0.92111		
21.42		0.92108		
21.43		0.92104		
21.44		0.921		
21.45		0.92096		
21.46		0.92093		
21.47		0.92089		
21.48		0.92085		
21.49		0.92081		
21.5		0.92078		
21.51		0.92074		
21.52		0.9207		
21.53		0.92066		
21.54		0.92063		
21.55		0.92059		
21.56		0.92055		
21.57		0.92051		
21.58		0.92048		
21.59		0.92044		
21.6		0.9204		
21.61		0.92036		
21.62		0.92033		
21.63		0.92029		
21.64		0.92025		
21.65		0.92021		
21.66		0.92017		
21.67		0.92014		
21.68		0.9201		
21.69		0.92006		
21.7		0.92002		
21.71		0.91999		
21.72		0.91995		
21.73		0.91991		
21.74		0.91987		
21.75		0.91984		
21.76		0.9198		
21.77		0.91976		
21.78		0.91972		
21.79		0.91969		
21.8		0.91965		
21.81		0.91961		
21.82		0.91957		
21.83		0.91953		
21.84		0.9195		
21.85		0.91946		
21.86		0.91942		
21.87		0.91938		
21.88		0.91935		
21.89		0.91931		
21.9		0.91927		
21.91		0.91923		
21.92		0.9192		
21.93		0.91916		
21.94		0.91912		
21.95		0.91908		
21.96		0.91905		
21.97		0.91901		
21.98		0.91897		
21.99		0.91893		
22		0.91889		
22.01		0.91886		
22.02		0.91882		
22.03		0.91878		
22.04		0.91874		
22.05		0.91871		
22.06		0.91867		
22.07		0.91863		
22.08		0.91859		
22.09		0.91856		
22.1		0.91852		
22.11		0.91848		
22.12		0.91844		
22.13		0.9184		
22.14		0.91837		
22.15		0.91833		
22.16		0.91829		
22.17		0.91825		
22.18		0.91822		
22.19		0.91818		
22.2		0.91814		
22.21		0.9181		
22.22		0.91806		
22.23		0.91803		
22.24		0.91799		
22.25		0.91795		
22.26		0.91791		
22.27		0.91788		
22.28		0.91784		
22.29		0.9178		
22.3		0.91776		
22.31		0.91772		
22.32		0.91769		
22.33		0.91765		
22.34		0.91761		
22.35		0.91757		
22.36		0.91754		
22.37		0.9175		
22.38		0.91746		
22.39		0.91742		
22.4		0.91738		
22.41		0.91735		
22.42		0.91731		
22.43		0.91727		
22.44		0.91723		
22.45		0.91719		
22.46		0.91716		
22.47		0.91712		
22.48		0.91708		
22.49		0.91704		
22.5		0.91701		
22.51		0.91697		
22.52		0.91693		
22.53		0.91689		
22.54		0.91685		
22.55		0.91682		
22.56		0.91678		
22.57		0.91674		
22.58		0.9167		
22.59		0.91666		
22.6		0.91663		
22.61		0.91659		
22.62		0.91655		
22.63		0.91651		
22.64		0.91647		
22.65		0.91644		
22.66		0.9164		
22.67		0.91636		
22.68		0.91632		
22.69		0.91628		
22.7		0.91625		
22.71		0.91621		
22.72		0.91617		
22.73		0.91613		
22.74		0.91609		
22.75		0.91606		
22.76		0.91602		
22.77		0.91598		
22.78		0.91594		
22.79		0.9159		
22.8		0.91587		
22.81		0.91583		
22.82		0.91579		
22.83		0.91575		
22.84		0.91571		
22.85		0.91568		
22.86		0.91564		
22.87		0.9156		
22.88		0.91556		
22.89		0.91552		
22.9		0.91548		
22.91		0.91545		
22.92		0.91541		
22.93		0.91537		
22.94		0.91533		
22.95		0.91529		
22.96		0.91526		
22.97		0.91522		
22.98		0.91518		
22.99		0.91514		
23		0.9151		
23.01		0.91506		
23.02		0.91503		
23.03		0.91499		
23.04		0.91495		
23.05		0.91491		
23.06		0.91487		
23.07		0.91484		
23.08		0.9148		
23.09		0.91476		
23.1		0.91472		
23.11		0.91468		
23.12		0.91464		
23.13		0.91461		
23.14		0.91457		
23.15		0.91453		
23.16		0.91449		
23.17		0.91445		
23.18		0.91441		
23.19		0.91438		
23.2		0.91434		
23.21		0.9143		
23.22		0.91426		
23.23		0.91422		
23.24		0.91418		
23.25		0.91415		
23.26		0.91411		
23.27		0.91407		
23.28		0.91403		
23.29		0.91399		
23.3		0.91395		
23.31		0.91392		
23.32		0.91388		
23.33		0.91384		
23.34		0.9138		
23.35		0.91376		
23.36		0.91372		
23.37		0.91368		
23.38		0.91365		
23.39		0.91361		
23.4		0.91357		
23.41		0.91353		
23.42		0.91349		
23.43		0.91345		
23.44		0.91341		
23.45		0.91338		
23.46		0.91334		
23.47		0.9133		
23.48		0.91326		
23.49		0.91322		
23.5		0.91318		
23.51		0.91314		
23.52		0.91311		
23.53		0.91307		
23.54		0.91303		
23.55		0.91299		
23.56		0.91295		
23.57		0.91291		
23.58		0.91287		
23.59		0.91283		
23.6		0.9128		
23.61		0.91276		
23.62		0.91272		
23.63		0.91268		
23.64		0.91264		
23.65		0.9126		
23.66		0.91256		
23.67		0.91253		
23.68		0.91249		
23.69		0.91245		
23.7		0.91241		
23.71		0.91237		
23.72		0.91233		
23.73		0.91229		
23.74		0.91225		
23.75		0.91221		
23.76		0.91218		
23.77		0.91214		
23.78		0.9121		
23.79		0.91206		
23.8		0.91202		
23.81		0.91198		
23.82		0.91194		
23.83		0.9119		
23.84		0.91186		
23.85		0.91183		
23.86		0.91179		
23.87		0.91175		
23.88		0.91171		
23.89		0.91167		
23.9		0.91163		
23.91		0.91159		
23.92		0.91155		
23.93		0.91151		
23.94		0.91147		
23.95		0.91144		
23.96		0.9114		
23.97		0.91136		
23.98		0.91132		
23.99		0.91128		
24		0.91124		
24.01		0.9112		
24.02		0.91116		
24.03		0.91112		
24.04		0.91108		
24.05		0.91104		
24.06		0.911		
24.07		0.91097		
24.08		0.91093		
24.09		0.91089		
24.1		0.91085		
24.11		0.91081		
24.12		0.91077		
24.13		0.91073		
24.14		0.91069		
24.15		0.91065		
24.16		0.91061		
24.17		0.91057		
24.18		0.91053		
24.19		0.91049		
24.2		0.91046		
24.21		0.91042		
24.22		0.91038		
24.23		0.91034		
24.24		0.9103		
24.25		0.91026		
24.26		0.91022		
24.27		0.91018		
24.28		0.91014		
24.29		0.9101		
24.3		0.91006		
24.31		0.91002		
24.32		0.90998		
24.33		0.90994		
24.34		0.9099		
24.35		0.90986		
24.36		0.90982		
24.37		0.90978		
24.38		0.90974		
24.39		0.90971		
24.4		0.90967		
24.41		0.90963		
24.42		0.90959		
24.43		0.90955		
24.44		0.90951		
24.45		0.90947		
24.46		0.90943		
24.47		0.90939		
24.48		0.90935		
24.49		0.90931		
24.5		0.90927		
24.51		0.90923		
24.52		0.90919		
24.53		0.90915		
24.54		0.90911		
24.55		0.90907		
24.56		0.90903		
24.57		0.90899		
24.58		0.90895		
24.59		0.90891		
24.6		0.90887		
24.61		0.90883		
24.62		0.90879		
24.63		0.90875		
24.64		0.90871		
24.65		0.90867		
24.66		0.90863		
24.67		0.90859		
24.68		0.90855		
24.69		0.90851		
24.7		0.90847		
24.71		0.90843		
24.72		0.90839		
24.73		0.90835		
24.74		0.90831		
24.75		0.90827		
24.76		0.90823		
24.77		0.90819		
24.78		0.90815		
24.79		0.90811		
24.8		0.90807		
24.81		0.90803		
24.82		0.90799		
24.83		0.90795		
24.84		0.90791		
24.85		0.90787		
24.86		0.90783		
24.87		0.90779		
24.88		0.90775		
24.89		0.90771		
24.9		0.90767		
24.91		0.90763		
24.92		0.90759		
24.93		0.90755		
24.94		0.90751		
24.95		0.90747		
24.96		0.90743		
24.97		0.90739		
24.98		0.90735		
24.99		0.90731		
25		0.90727		
25.01		0.90723		
25.02		0.90719		
25.03		0.90715		
25.04		0.90711		
25.05		0.90707		
25.06		0.90702		
25.07		0.90698		
25.08		0.90694		
25.09		0.9069		
25.1		0.90686		
25.11		0.90682		
25.12		0.90678		
25.13		0.90674		
25.14		0.9067		
25.15		0.90666		
25.16		0.90662		
25.17		0.90658		
25.18		0.90654		
25.19		0.9065		
25.2		0.90646		
25.21		0.90642		
25.22		0.90638		
25.23		0.90634		
25.24		0.90629		
25.25		0.90625		
25.26		0.90621		
25.27		0.90617		
25.28		0.90613		
25.29		0.90609		
25.3		0.90605		
25.31		0.90601		
25.32		0.90597		
25.33		0.90593		
25.34		0.90589		
25.35		0.90585		
25.36		0.9058		
25.37		0.90576		
25.38		0.90572		
25.39		0.90568		
25.4		0.90564		
25.41		0.9056		
25.42		0.90556		
25.43		0.90552		
25.44		0.90548		
25.45		0.90544		
25.46		0.9054		
25.47		0.90535		
25.48		0.90531		
25.49		0.90527		
25.5		0.90523		
25.51		0.90519		
25.52		0.90515		
25.53		0.90511		
25.54		0.90507		
25.55		0.90503		
25.56		0.90498		
25.57		0.90494		
25.58		0.9049		
25.59		0.90486		
25.6		0.90482		
25.61		0.90478		
25.62		0.90474		
25.63		0.9047		
25.64		0.90465		
25.65		0.90461		
25.66		0.90457		
25.67		0.90453		
25.68		0.90449		
25.69		0.90445		
25.7		0.90441		
25.71		0.90436		
25.72		0.90432		
25.73		0.90428		
25.74		0.90424		
25.75		0.9042		
25.76		0.90416		
25.77		0.90412		
25.78		0.90407		
25.79		0.90403		
25.8		0.90399		
25.81		0.90395		
25.82		0.90391		
25.83		0.90387		
25.84		0.90383		
25.85		0.90378		
25.86		0.90374		
25.87		0.9037		
25.88		0.90366		
25.89		0.90362		
25.9		0.90358		
25.91		0.90353		
25.92		0.90349		
25.93		0.90345		
25.94		0.90341		
25.95		0.90337		
25.96		0.90332		
25.97		0.90328		
25.98		0.90324		
25.99		0.9032		
26		0.90316		
26.01		0.90312		
26.02		0.90307		
26.03		0.90303		
26.04		0.90299		
26.05		0.90295		
26.06		0.90291		
26.07		0.90286		
26.08		0.90282		
26.09		0.90278		
26.1		0.90274		
26.11		0.9027		
26.12		0.90265		
26.13		0.90261		
26.14		0.90257		
26.15		0.90253		
26.16		0.90249		
26.17		0.90244		
26.18		0.9024		
26.19		0.90236		
26.2		0.90232		
26.21		0.90227		
26.22		0.90223		
26.23		0.90219		
26.24		0.90215		
26.25		0.90211		
26.26		0.90206		
26.27		0.90202		
26.28		0.90198		
26.29		0.90194		
26.3		0.90189		
26.31		0.90185		
26.32		0.90181		
26.33		0.90177		
26.34		0.90172		
26.35		0.90168		
26.36		0.90164		
26.37		0.9016		
26.38		0.90155		
26.39		0.90151		
26.4		0.90147		
26.41		0.90143		
26.42		0.90138		
26.43		0.90134		
26.44		0.9013		
26.45		0.90126		
26.46		0.90121		
26.47		0.90117		
26.48		0.90113		
26.49		0.90109		
26.5		0.90104		
26.51		0.901		
26.52		0.90096		
26.53		0.90092		
26.54		0.90087		
26.55		0.90083		
26.56		0.90079		
26.57		0.90074		
26.58		0.9007		
26.59		0.90066		
26.6		0.90062		
26.61		0.90057		
26.62		0.90053		
26.63		0.90049		
26.64		0.90044		
26.65		0.9004		
26.66		0.90036		
26.67		0.90032		
26.68		0.90027		
26.69		0.90023		
26.7		0.90019		
26.71		0.90014		
26.72		0.9001		
26.73		0.90006		
26.74		0.90001		
26.75		0.89997		
26.76		0.89993		
26.77		0.89988		
26.78		0.89984		
26.79		0.8998		
26.8		0.89976		
26.81		0.89971		
26.82		0.89967		
26.83		0.89963		
26.84		0.89958		
26.85		0.89954		
26.86		0.8995		
26.87		0.89945		
26.88		0.89941		
26.89		0.89937		
26.9		0.89932		
26.91		0.89928		
26.92		0.89924		
26.93		0.89919		
26.94		0.89915		
26.95		0.89911		
26.96		0.89906		
26.97		0.89902		
26.98		0.89897		
26.99		0.89893		
27		0.89889		
27.01		0.89884		
27.02		0.8988		
27.03		0.89876		
27.04		0.89871		
27.05		0.89867		
27.06		0.89863		
27.07		0.89858		
27.08		0.89854		
27.09		0.8985		
27.1		0.89845		
27.11		0.89841		
27.12		0.89836		
27.13		0.89832		
27.14		0.89828		
27.15		0.89823		
27.16		0.89819		
27.17		0.89815		
27.18		0.8981		
27.19		0.89806		
27.2		0.89801		
27.21		0.89797		
27.22		0.89793		
27.23		0.89788		
27.24		0.89784		
27.25		0.89779		
27.26		0.89775		
27.27		0.89771		
27.28		0.89766		
27.29		0.89762		
27.3		0.89757		
27.31		0.89753		
27.32		0.89749		
27.33		0.89744		
27.34		0.8974		
27.35		0.89735		
27.36		0.89731		
27.37		0.89726		
27.38		0.89722		
27.39		0.89718		
27.4		0.89713		
27.41		0.89709		
27.42		0.89704		
27.43		0.897		
27.44		0.89696		
27.45		0.89691		
27.46		0.89687		
27.47		0.89682		
27.48		0.89678		
27.49		0.89673		
27.5		0.89669		
27.51		0.89664		
27.52		0.8966		
27.53		0.89656		
27.54		0.89651		
27.55		0.89647		
27.56		0.89642		
27.57		0.89638		
27.58		0.89633		
27.59		0.89629		
27.6		0.89624		
27.61		0.8962		
27.62		0.89615		
27.63		0.89611		
27.64		0.89607		
27.65		0.89602		
27.66		0.89598		
27.67		0.89593		
27.68		0.89589		
27.69		0.89584		
27.7		0.8958		
27.71		0.89575		
27.72		0.89571		
27.73		0.89566		
27.74		0.89562		
27.75		0.89557		
27.76		0.89553		
27.77		0.89548		
27.78		0.89544		
27.79		0.89539		
27.8		0.89535		
27.81		0.8953		
27.82		0.89526		
27.83		0.89521		
27.84		0.89517		
27.85		0.89512		
27.86		0.89508		
27.87		0.89503		
27.88		0.89499		
27.89		0.89494		
27.9		0.8949		
27.91		0.89485		
27.92		0.89481		
27.93		0.89476		
27.94		0.89472		
27.95		0.89467		
27.96		0.89463		
27.97		0.89458		
27.98		0.89454		
27.99		0.89449		
28		0.89445		
28.01		0.8944		
28.02		0.89436		
28.03		0.89431		
28.04		0.89427		
28.05		0.89422		
28.06		0.89417		
28.07		0.89413		
28.08		0.89408		
28.09		0.89404		
28.1		0.89399		
28.11		0.89395		
28.12		0.8939		
28.13		0.89386		
28.14		0.89381		
28.15		0.89376		
28.16		0.89372		
28.17		0.89367		
28.18		0.89363		
28.19		0.89358		
28.2		0.89354		
28.21		0.89349		
28.22		0.89345		
28.23		0.8934		
28.24		0.89335		
28.25		0.89331		
28.26		0.89326		
28.27		0.89322		
28.28		0.89317		
28.29		0.89313		
28.3		0.89308		
28.31		0.89303		
28.32		0.89299		
28.33		0.89294		
28.34		0.8929		
28.35		0.89285		
28.36		0.8928		
28.37		0.89276		
28.38		0.89271		
28.39		0.89267		
28.4		0.89262		
28.41		0.89257		
28.42		0.89253		
28.43		0.89248		
28.44		0.89244		
28.45		0.89239		
28.46		0.89234		
28.47		0.8923		
28.48		0.89225		
28.49		0.89221		
28.5		0.89216		
28.51		0.89211		
28.52		0.89207		
28.53		0.89202		
28.54		0.89197		
28.55		0.89193		
28.56		0.89188		
28.57		0.89184		
28.58		0.89179		
28.59		0.89174		
28.6		0.8917		
28.61		0.89165		
28.62		0.8916		
28.63		0.89156		
28.64		0.89151		
28.65		0.89146		
28.66		0.89142		
28.67		0.89137		
28.68		0.89133		
28.69		0.89128		
28.7		0.89123		
28.71		0.89119		
28.72		0.89114		
28.73		0.89109		
28.74		0.89105		
28.75		0.891		
28.76		0.89095		
28.77		0.89091		
28.78		0.89086		
28.79		0.89081		
28.8		0.89077		
28.81		0.89072		
28.82		0.89067		
28.83		0.89063		
28.84		0.89058		
28.85		0.89053		
28.86		0.89049		
28.87		0.89044		
28.88		0.89039		
28.89		0.89034		
28.9		0.8903		
28.91		0.89025		
28.92		0.8902		
28.93		0.89016		
28.94		0.89011		
28.95		0.89006		
28.96		0.89002		
28.97		0.88997		
28.98		0.88992		
28.99		0.88988		
29		0.88983		
29.01		0.88978		
29.02		0.88973		
29.03		0.88969		
29.04		0.88964		
29.05		0.88959		
29.06		0.88955		
29.07		0.8895		
29.08		0.88945		
29.09		0.8894		
29.1		0.88936		
29.11		0.88931		
29.12		0.88926		
29.13		0.88921		
29.14		0.88917		
29.15		0.88912		
29.16		0.88907		
29.17		0.88903		
29.18		0.88898		
29.19		0.88893		
29.2		0.88888		
29.21		0.88884		
29.22		0.88879		
29.23		0.88874		
29.24		0.88869		
29.25		0.88865		
29.26		0.8886		
29.27		0.88855		
29.28		0.8885		
29.29		0.88846		
29.3		0.88841		
29.31		0.88836		
29.32		0.88831		
29.33		0.88827		
29.34		0.88822		
29.35		0.88817		
29.36		0.88812		
29.37		0.88807		
29.38		0.88803		
29.39		0.88798		
29.4		0.88793		
29.41		0.88788		
29.42		0.88784		
29.43		0.88779		
29.44		0.88774		
29.45		0.88769		
29.46		0.88764		
29.47		0.8876		
29.48		0.88755		
29.49		0.8875		
29.5		0.88745		
29.51		0.88741		
29.52		0.88736		
29.53		0.88731		
29.54		0.88726		
29.55		0.88721		
29.56		0.88716		
29.57		0.88711		
29.58		0.88707		
29.59		0.88702		
29.6		0.88697		
29.61		0.88692		
29.62		0.88687		
29.63		0.88682		
29.64		0.88678		
29.65		0.88673		
29.66		0.88668		
29.67		0.88663		
29.68		0.88658		
29.69		0.88654		
29.7		0.88649		
29.71		0.88644		
29.72		0.88639		
29.73		0.88634		
29.74		0.8863		
29.75		0.88625		
29.76		0.8862		
29.77		0.88615		
29.78		0.88611		
29.79		0.88606		
29.8		0.88601		
29.81		0.88597		
29.82		0.88592		
29.83		0.88587		
29.84		0.88582		
29.85		0.88578		
29.86		0.88573		
29.87		0.88568		
29.88		0.88564		
29.89		0.88559		
29.9		0.88554		
29.91		0.8855		
29.92		0.88545		
29.93		0.8854		
29.94		0.88536		
29.95		0.88531		
29.96		0.88526		
29.97		0.88522		
29.98		0.88517		
29.99		0.88512		
30		0.88508		
30.01		0.88503		
30.02		0.88499		
30.03		0.88494		
30.04		0.88489		
30.05		0.88485		
30.06		0.8848		
30.07		0.88476		
30.08		0.88471		
30.09		0.88467		
30.1		0.88462		
30.11		0.88457		
30.12		0.88453		
30.13		0.88448		
30.14		0.88444		
30.15		0.88439		
30.16		0.88435		
30.17		0.8843		
30.18		0.88426		
30.19		0.88421		
30.2		0.88417		
30.21		0.88412		
30.22		0.88408		
30.23		0.88403		
30.24		0.88399		
30.25		0.88394		
30.26		0.8839		
30.27		0.88385		
30.28		0.88381		
30.29		0.88376		
30.3		0.88372		
30.31		0.88368		
30.32		0.88363		
30.33		0.88359		
30.34		0.88354		
30.35		0.8835		
30.36		0.88345		
30.37		0.88341		
30.38		0.88337		
30.39		0.88332		
30.4		0.88328		
30.41		0.88323		
30.42		0.88319		
30.43		0.88315		
30.44		0.8831		
30.45		0.88306		
30.46		0.88302		
30.47		0.88297		
30.48		0.88293		
30.49		0.88289		
30.5		0.88284		
30.51		0.8828		
30.52		0.88276		
30.53		0.88271		
30.54		0.88267		
30.55		0.88263		
30.56		0.88258		
30.57		0.88254		
30.58		0.8825		
30.59		0.88245		
30.6		0.88241		
30.61		0.88237		
30.62		0.88233		
30.63		0.88228		
30.64		0.88224		
30.65		0.8822		
30.66		0.88216		
30.67		0.88211		
30.68		0.88207		
30.69		0.88203		
30.7		0.88199		
30.71		0.88194		
30.72		0.8819		
30.73		0.88186		
30.74		0.88182		
30.75		0.88177		
30.76		0.88173		
30.77		0.88169		
30.78		0.88165		
30.79		0.88161		
30.8		0.88157		
30.81		0.88152		
30.82		0.88148		
30.83		0.88144		
30.84		0.8814		
30.85		0.88136		
30.86		0.88132		
30.87		0.88127		
30.88		0.88123		
30.89		0.88119		
30.9		0.88115		
30.91		0.88111		
30.92		0.88107		
30.93		0.88103		
30.94		0.88099		
30.95		0.88094		
30.96		0.8809		
30.97		0.88086		
30.98		0.88082		
30.99		0.88078		
31		0.88074		
31.01		0.8807		
31.02		0.88066		
31.03		0.88062		
31.04		0.88058		
31.05		0.88054		
31.06		0.8805		
31.07		0.88046		
31.08		0.88042		
31.09		0.88038		
31.1		0.88034		
31.11		0.8803		
31.12		0.88026		
31.13		0.88022		
31.14		0.88018		
31.15		0.88014		
31.16		0.8801		
31.17		0.88006		
31.18		0.88002		
31.19		0.87998		
31.2		0.87994		
31.21		0.8799		
31.22		0.87986		
31.23		0.87982		
31.24		0.87978		
31.25		0.87974		
31.26		0.8797		
31.27		0.87966		
31.28		0.87962		
31.29		0.87958		
31.3		0.87954		
31.31		0.8795		
31.32		0.87946		
31.33		0.87943		
31.34		0.87939		
31.35		0.87935		
31.36		0.87931		
31.37		0.87927		
31.38		0.87923		
31.39		0.87919		
31.4		0.87915		
31.41		0.87911		
31.42		0.87908		
31.43		0.87904		
31.44		0.879		
31.45		0.87896		
31.46		0.87892		
31.47		0.87888		
31.48		0.87885		
31.49		0.87881		
31.5		0.87877		
31.51		0.87873		
31.52		0.87869		
31.53		0.87866		
31.54		0.87862		
31.55		0.87858		
31.56		0.87854		
31.57		0.8785		
31.58		0.87847		
31.59		0.87843		
31.6		0.87839		
31.61		0.87835		
31.62		0.87832		
31.63		0.87828		
31.64		0.87824		
31.65		0.8782		
31.66		0.87817		
31.67		0.87813		
31.68		0.87809		
31.69		0.87805		
31.7		0.87802		
31.71		0.87798		
31.72		0.87794		
31.73		0.87791		
31.74		0.87787		
31.75		0.87783		
31.76		0.87779		
31.77		0.87776		
31.78		0.87772		
31.79		0.87768		
31.8		0.87765		
31.81		0.87761		
31.82		0.87757		
31.83		0.87754		
31.84		0.8775		
31.85		0.87746		
31.86		0.87743		
31.87		0.87739		
31.88		0.87736		
31.89		0.87732		
31.9		0.87728		
31.91		0.87725		
31.92		0.87721		
31.93		0.87718		
31.94		0.87714		
31.95		0.8771		
31.96		0.87707		
31.97		0.87703		
31.98		0.877		
31.99		0.87696		
32		0.87692		
32.01		0.87689		
32.02		0.87685		
32.03		0.87682		
32.04		0.87678		
32.05		0.87675		
32.06		0.87671		
32.07		0.87668		
32.08		0.87664		
32.09		0.87661		
32.1		0.87657		
32.11		0.87653		
32.12		0.8765		
32.13		0.87646		
32.14		0.87643		
32.15		0.87639		
32.16		0.87636		
32.17		0.87632		
32.18		0.87629		
32.19		0.87626		
32.2		0.87622		
32.21		0.87619		
32.22		0.87615		
32.23		0.87612		
32.24		0.87608		
32.25		0.87605		
32.26		0.87601		
32.27		0.87598		
32.28		0.87594		
32.29		0.87591		
32.3		0.87588		
32.31		0.87584		
32.32		0.87581		
32.33		0.87577		
32.34		0.87574		
32.35		0.87571		
32.36		0.87567		
32.37		0.87564		
32.38		0.8756		
32.39		0.87557		
32.4		0.87554		
32.41		0.8755		
32.42		0.87547		
32.43		0.87543		
32.44		0.8754		
32.45		0.87537		
32.46		0.87533		
32.47		0.8753		
32.48		0.87527		
32.49		0.87523		
32.5		0.8752		
32.51		0.87517		
32.52		0.87513		
32.53		0.8751		
32.54		0.87507		
32.55		0.87503		
32.56		0.875		
32.57		0.87497		
32.58		0.87494		
32.59		0.8749		
32.6		0.87487		
32.61		0.87484		
32.62		0.8748		
32.63		0.87477		
32.64		0.87474		
32.65		0.87471		
32.66		0.87467		
32.67		0.87464		
32.68		0.87461		
32.69		0.87458		
32.7		0.87454		
32.71		0.87451		
32.72		0.87448		
32.73		0.87445		
32.74		0.87442		
32.75		0.87438		
32.76		0.87435		
32.77		0.87432		
32.78		0.87429		
32.79		0.87425		
32.8		0.87422		
32.81		0.87419		
32.82		0.87416		
32.83		0.87413		
32.84		0.8741		
32.85		0.87406		
32.86		0.87403		
32.87		0.874		
32.88		0.87397		
32.89		0.87394		
32.9		0.87391		
32.91		0.87387		
32.92		0.87384		
32.93		0.87381		
32.94		0.87378		
32.95		0.87375		
32.96		0.87372		
32.97		0.87369		
32.98		0.87366		
32.99		0.87363		
33		0.87359		
33.01		0.87356		
33.02		0.87353		
33.03		0.8735		
33.04		0.87347		
33.05		0.87344		
33.06		0.87341		
33.07		0.87338		
33.08		0.87335		
33.09		0.87332		
33.1		0.87329		
33.11		0.87326		
33.12		0.87323		
33.13		0.8732		
33.14		0.87317		
33.15		0.87313		
33.16		0.8731		
33.17		0.87307		
33.18		0.87304		
33.19		0.87301		
33.2		0.87298		
33.21		0.87295		
33.22		0.87292		
33.23		0.87289		
33.24		0.87286		
33.25		0.87283		
33.26		0.8728		
33.27		0.87277		
33.28		0.87274		
33.29		0.87271		
33.3		0.87269		
33.31		0.87266		
33.32		0.87263		
33.33		0.8726		
33.34		0.87257		
33.35		0.87254		
33.36		0.87251		
33.37		0.87248		
33.38		0.87245		
33.39		0.87242		
33.4		0.87239		
33.41		0.87236		
33.42		0.87233		
33.43		0.8723		
33.44		0.87227		
33.45		0.87225		
33.46		0.87222		
33.47		0.87219		
33.48		0.87216		
33.49		0.87213		
33.5		0.8721		
33.51		0.87207		
33.52		0.87204		
33.53		0.87202		
33.54		0.87199		
33.55		0.87196		
33.56		0.87193		
33.57		0.8719		
33.58		0.87187		
33.59		0.87184		
33.6		0.87182		
33.61		0.87179		
33.62		0.87176		
33.63		0.87173		
33.64		0.8717		
33.65		0.87168		
33.66		0.87165		
33.67		0.87162		
33.68		0.87159		
33.69		0.87156		
33.7		0.87154		
33.71		0.87151		
33.72		0.87148		
33.73		0.87145		
33.74		0.87142		
33.75		0.8714		
33.76		0.87137		
33.77		0.87134		
33.78		0.87131		
33.79		0.87129		
33.8		0.87126		
33.81		0.87123		
33.82		0.8712		
33.83		0.87118		
33.84		0.87115		
33.85		0.87112		
33.86		0.87109		
33.87		0.87107		
33.88		0.87104		
33.89		0.87101		
33.9		0.87099		
33.91		0.87096		
33.92		0.87093		
33.93		0.87091		
33.94		0.87088		
33.95		0.87085		
33.96		0.87082		
33.97		0.8708		
33.98		0.87077		
33.99		0.87074		
34		0.87072		
34.01		0.87069		
34.02		0.87066		
34.03		0.87064		
34.04		0.87061		
34.05		0.87059		
34.06		0.87056		
34.07		0.87053		
34.08		0.87051		
34.09		0.87048		
34.1		0.87045		
34.11		0.87043		
34.12		0.8704		
34.13		0.87038		
34.14		0.87035		
34.15		0.87032		
34.16		0.8703		
34.17		0.87027		
34.18		0.87025		
34.19		0.87022		
34.2		0.87019		
34.21		0.87017		
34.22		0.87014		
34.23		0.87012		
34.24		0.87009		
34.25		0.87007		
34.26		0.87004		
34.27		0.87002		
34.28		0.86999		
34.29		0.86996		
34.3		0.86994		
34.31		0.86991		
34.32		0.86989		
34.33		0.86986		
34.34		0.86984		
34.35		0.86981		
34.36		0.86979		
34.37		0.86976		
34.38		0.86974		
34.39		0.86971		
34.4		0.86969		
34.41		0.86966		
34.42		0.86964		
34.43		0.86961		
34.44		0.86959		
34.45		0.86956		
34.46		0.86954		
34.47		0.86951		
34.48		0.86949		
34.49		0.86946		
34.5		0.86944		
34.51		0.86942		
34.52		0.86939		
34.53		0.86937		
34.54		0.86934		
34.55		0.86932		
34.56		0.86929		
34.57		0.86927		
34.58		0.86925		
34.59		0.86922		
34.6		0.8692		
34.61		0.86917		
34.62		0.86915		
34.63		0.86912		
34.64		0.8691		
34.65		0.86908		
34.66		0.86905		
34.67		0.86903		
34.68		0.86901		
34.69		0.86898		
34.7		0.86896		
34.71		0.86893		
34.72		0.86891		
34.73		0.86889		
34.74		0.86886		
34.75		0.86884		
34.76		0.86882		
34.77		0.86879		
34.78		0.86877		
34.79		0.86875		
34.8		0.86872		
34.81		0.8687		
34.82		0.86868		
34.83		0.86865		
34.84		0.86863		
34.85		0.86861		
34.86		0.86858		
34.87		0.86856		
34.88		0.86854		
34.89		0.86851		
34.9		0.86849		
34.91		0.86847		
34.92		0.86845		
34.93		0.86842		
34.94		0.8684		
34.95		0.86838		
34.96		0.86835		
34.97		0.86833		
34.98		0.86831		
34.99		0.86829		
35		0.86826		
35.01		0.86824		
35.02		0.86822		
35.03		0.8682		
35.04		0.86817		
35.05		0.86815		
35.06		0.86813		
35.07		0.86811		
35.08		0.86809		
35.09		0.86806		
35.1		0.86804		
35.11		0.86802		
35.12		0.868		
35.13		0.86797		
35.14		0.86795		
35.15		0.86793		
35.16		0.86791		
35.17		0.86789		
35.18		0.86787		
35.19		0.86784		
35.2		0.86782		
35.21		0.8678		
35.22		0.86778		
35.23		0.86776		
35.24		0.86774		
35.25		0.86771		
35.26		0.86769		
35.27		0.86767		
35.28		0.86765		
35.29		0.86763		
35.3		0.86761		
35.31		0.86758		
35.32		0.86756		
35.33		0.86754		
35.34		0.86752		
35.35		0.8675		
35.36		0.86748		
35.37		0.86746		
35.38		0.86744		
35.39		0.86742		
35.4		0.86739		
35.41		0.86737		
35.42		0.86735		
35.43		0.86733		
35.44		0.86731		
35.45		0.86729		
35.46		0.86727		
35.47		0.86725		
35.48		0.86723		
35.49		0.86721		
35.5		0.86719		
35.51		0.86717		
35.52		0.86715		
35.53		0.86713		
35.54		0.8671		
35.55		0.86708		
35.56		0.86706		
35.57		0.86704		
35.58		0.86702		
35.59		0.867		
35.6		0.86698		
35.61		0.86696		
35.62		0.86694		
35.63		0.86692		
35.64		0.8669		
35.65		0.86688		
35.66		0.86686		
35.67		0.86684		
35.68		0.86682		
35.69		0.8668		
35.7		0.86678		
35.71		0.86676		
35.72		0.86674		
35.73		0.86672		
35.74		0.8667		
35.75		0.86668		
35.76		0.86666		
35.77		0.86664		
35.78		0.86663		
35.79		0.86661		
35.8		0.86659		
35.81		0.86657		
35.82		0.86655		
35.83		0.86653		
35.84		0.86651		
35.85		0.86649		
35.86		0.86647		
35.87		0.86645		
35.88		0.86643		
35.89		0.86641		
35.9		0.86639		
35.91		0.86637		
35.92		0.86636		
35.93		0.86634		
35.94		0.86632		
35.95		0.8663		
35.96		0.86628		
35.97		0.86626		
35.98		0.86624		
35.99		0.86622		
36		0.8662		
36.01		0.86619		
36.02		0.86617		
36.03		0.86615		
36.04		0.86613		
36.05		0.86611		
36.06		0.86609		
36.07		0.86607		
36.08		0.86606		
36.09		0.86604		
36.1		0.86602		
36.11		0.866		
36.12		0.86598		
36.13		0.86596		
36.14		0.86595		
36.15		0.86593		
36.16		0.86591		
36.17		0.86589		
36.18		0.86587		
36.19		0.86586		
36.2		0.86584		
36.21		0.86582		
36.22		0.8658		
36.23		0.86578		
36.24		0.86577		
36.25		0.86575		
36.26		0.86573		
36.27		0.86571		
36.28		0.86569		
36.29		0.86568		
36.3		0.86566		
36.31		0.86564		
36.32		0.86562		
36.33		0.86561		
36.34		0.86559		
36.35		0.86557		
36.36		0.86555		
36.37		0.86554		
36.38		0.86552		
36.39		0.8655		
36.4		0.86548		
36.41		0.86547		
36.42		0.86545		
36.43		0.86543		
36.44		0.86542		
36.45		0.8654		
36.46		0.86538		
36.47		0.86536		
36.48		0.86535		
36.49		0.86533		
36.5		0.86531		
36.51		0.8653		
36.52		0.86528		
36.53		0.86526		
36.54		0.86525		
36.55		0.86523		
36.56		0.86521		
36.57		0.8652		
36.58		0.86518		
36.59		0.86516		
36.6		0.86515		
36.61		0.86513		
36.62		0.86511		
36.63		0.8651		
36.64		0.86508		
36.65		0.86506		
36.66		0.86505		
36.67		0.86503		
36.68		0.86501		
36.69		0.865		
36.7		0.86498		
36.71		0.86497		
36.72		0.86495		
36.73		0.86493		
36.74		0.86492		
36.75		0.8649		
36.76		0.86488		
36.77		0.86487		
36.78		0.86485		
36.79		0.86484		
36.8		0.86482		
36.81		0.86481		
36.82		0.86479		
36.83		0.86477		
36.84		0.86476		
36.85		0.86474		
36.86		0.86473		
36.87		0.86471		
36.88		0.8647		
36.89		0.86468		
36.9		0.86466		
36.91		0.86465		
36.92		0.86463		
36.93		0.86462		
36.94		0.8646		
36.95		0.86459		
36.96		0.86457		
36.97		0.86456		
36.98		0.86454		
36.99		0.86453		
37		0.86451		
37.01		0.8645		
37.02		0.86448		
37.03		0.86446		
37.04		0.86445		
37.05		0.86443		
37.06		0.86442		
37.07		0.8644		
37.08		0.86439		
37.09		0.86438		
37.1		0.86436		
37.11		0.86435		
37.12		0.86433		
37.13		0.86432		
37.14		0.8643		
37.15		0.86429		
37.16		0.86427		
37.17		0.86426		
37.18		0.86424		
37.19		0.86423		
37.2		0.86421		
37.21		0.8642		
37.22		0.86418		
37.23		0.86417		
37.24		0.86416		
37.25		0.86414		
37.26		0.86413		
37.27		0.86411		
37.28		0.8641		
37.29		0.86408		
37.3		0.86407		
37.31		0.86406		
37.32		0.86404		
37.33		0.86403		
37.34		0.86401		
37.35		0.864		
37.36		0.86399		
37.37		0.86397		
37.38		0.86396		
37.39		0.86394		
37.4		0.86393		
37.41		0.86392		
37.42		0.8639		
37.43		0.86389		
37.44		0.86387		
37.45		0.86386		
37.46		0.86385		
37.47		0.86383		
37.48		0.86382		
37.49		0.86381		
37.5		0.86379		
37.51		0.86378		
37.52		0.86377		
37.53		0.86375		
37.54		0.86374		
37.55		0.86373		
37.56		0.86371		
37.57		0.8637		
37.58		0.86369		
37.59		0.86367		
37.6		0.86366		
37.61		0.86365		
37.62		0.86363		
37.63		0.86362		
37.64		0.86361		
37.65		0.86359		
37.66		0.86358		
37.67		0.86357		
37.68		0.86355		
37.69		0.86354		
37.7		0.86353		
37.71		0.86352		
37.72		0.8635		
37.73		0.86349		
37.74		0.86348		
37.75		0.86346		
37.76		0.86345		
37.77		0.86344		
37.78		0.86343		
37.79		0.86341		
37.8		0.8634		
37.81		0.86339		
37.82		0.86338		
37.83		0.86336		
37.84		0.86335		
37.85		0.86334		
37.86		0.86333		
37.87		0.86331		
37.88		0.8633		
37.89		0.86329		
37.9		0.86328		
37.91		0.86327		
37.92		0.86325		
37.93		0.86324		
37.94		0.86323		
37.95		0.86322		
37.96		0.8632		
37.97		0.86319		
37.98		0.86318		
37.99		0.86317		
38		0.86316		
38.01		0.86314		
38.02		0.86313		
38.03		0.86312		
38.04		0.86311		
38.05		0.8631		
38.06		0.86309		
38.07		0.86307		
38.08		0.86306		
38.09		0.86305		
38.1		0.86304		
38.11		0.86303		
38.12		0.86302		
38.13		0.863		
38.14		0.86299		
38.15		0.86298		
38.16		0.86297		
38.17		0.86296		
38.18		0.86295		
38.19		0.86294		
38.2		0.86292		
38.21		0.86291		
38.22		0.8629		
38.23		0.86289		
38.24		0.86288		
38.25		0.86287		
38.26		0.86286		
38.27		0.86285		
38.28		0.86284		
38.29		0.86282		
38.3		0.86281		
38.31		0.8628		
38.32		0.86279		
38.33		0.86278		
38.34		0.86277		
38.35		0.86276		
38.36		0.86275		
38.37		0.86274		
38.38		0.86273		
38.39		0.86272		
38.4		0.86271		
38.41		0.86269		
38.42		0.86268		
38.43		0.86267		
38.44		0.86266		
38.45		0.86265		
38.46		0.86264		
38.47		0.86263		
38.48		0.86262		
38.49		0.86261		
38.5		0.8626		
38.51		0.86259		
38.52		0.86258		
38.53		0.86257		
38.54		0.86256		
38.55		0.86255		
38.56		0.86254		
38.57		0.86253		
38.58		0.86252		
38.59		0.86251		
38.6		0.8625		
38.61		0.86249		
38.62		0.86248		
38.63		0.86247		
38.64		0.86246		
38.65		0.86245		
38.66		0.86244		
38.67		0.86243		
38.68		0.86242		
38.69		0.86241		
38.7		0.8624		
38.71		0.86239		
38.72		0.86238		
38.73		0.86237		
38.74		0.86236		
38.75		0.86235		
38.76		0.86234		
38.77		0.86233		
38.78		0.86232		
38.79		0.86231		
38.8		0.8623		
38.81		0.86229		
38.82		0.86228		
38.83		0.86227		
38.84		0.86226		
38.85		0.86226		
38.86		0.86225		
38.87		0.86224		
38.88		0.86223		
38.89		0.86222		
38.9		0.86221		
38.91		0.8622		
38.92		0.86219		
38.93		0.86218		
38.94		0.86217		
38.95		0.86216		
38.96		0.86215		
38.97		0.86215		
38.98		0.86214		
38.99		0.86213		
39		0.86212		
39.01		0.86211		
39.02		0.8621		
39.03		0.86209		
39.04		0.86208		
39.05		0.86207		
39.06		0.86207		
39.07		0.86206		
39.08		0.86205		
39.09		0.86204		
39.1		0.86203		
39.11		0.86202		
39.12		0.86201		
39.13		0.86201		
39.14		0.862		
39.15		0.86199		
39.16		0.86198		
39.17		0.86197		
39.18		0.86196		
39.19		0.86196		
39.2		0.86195		
39.21		0.86194		
39.22		0.86193		
39.23		0.86192		
39.24		0.86191		
39.25		0.86191		
39.26		0.8619		
39.27		0.86189		
39.28		0.86188		
39.29		0.86187		
39.3		0.86187		
39.31		0.86186		
39.32		0.86185		
39.33		0.86184		
39.34		0.86183		
39.35		0.86183		
39.36		0.86182		
39.37		0.86181		
39.38		0.8618		
39.39		0.86179		
39.4		0.86179		
39.41		0.86178		
39.42		0.86177		
39.43		0.86176		
39.44		0.86176		
39.45		0.86175		
39.46		0.86174		
39.47		0.86173		
39.48		0.86173		
39.49		0.86172		
39.5		0.86171		
39.51		0.8617		
39.52		0.8617		
39.53		0.86169		
39.54		0.86168		
39.55		0.86167		
39.56		0.86167		
39.57		0.86166		
39.58		0.86165		
39.59		0.86165		
39.6		0.86164		
39.61		0.86163		
39.62		0.86162		
39.63		0.86162		
39.64		0.86161		
39.65		0.8616		
39.66		0.8616		
39.67		0.86159		
39.68		0.86158		
39.69		0.86157		
39.7		0.86157		
39.71		0.86156		
39.72		0.86155		
39.73		0.86155		
39.74		0.86154		
39.75		0.86153		
39.76		0.86153		
39.77		0.86152		
39.78		0.86151		
39.79		0.86151		
39.8		0.8615		
39.81		0.86149		
39.82		0.86149		
39.83		0.86148		
39.84		0.86147		
39.85		0.86147		
39.86		0.86146		
39.87		0.86145		
39.88		0.86145		
39.89		0.86144		
39.9		0.86144		
39.91		0.86143		
39.92		0.86142		
39.93		0.86142		
39.94		0.86141		
39.95		0.8614		
39.96		0.8614		
39.97		0.86139		
39.98		0.86139		
39.99		0.86138		
40		0.86137		
40.01		0.86137		
40.02		0.86136		
40.03		0.86136		
40.04		0.86135		
40.05		0.86134		
40.06		0.86134		
40.07		0.86133		
40.08		0.86133		
40.09		0.86132		
40.1		0.86131		
40.11		0.86131		
40.12		0.8613		
40.13		0.8613		
40.14		0.86129		
40.15		0.86129		
40.16		0.86128		
40.17		0.86127		
40.18		0.86127		
40.19		0.86126		
40.2		0.86126		
40.21		0.86125		
40.22		0.86125		
40.23		0.86124		
40.24		0.86124		
40.25		0.86123		
40.26		0.86123		
40.27		0.86122		
40.28		0.86121		
40.29		0.86121		
40.3		0.8612		
40.31		0.8612		
40.32		0.86119		
40.33		0.86119		
40.34		0.86118		
40.35		0.86118		
40.36		0.86117		
40.37		0.86117		
40.38		0.86116		
40.39		0.86116		
40.4		0.86115		
40.41		0.86115		
40.42		0.86114		
40.43		0.86114		
40.44		0.86113		
40.45		0.86113		
40.46		0.86112		
40.47		0.86112		
40.48		0.86111		
40.49		0.86111		
40.5		0.8611		
40.51		0.8611		
40.52		0.86109		
40.53		0.86109		
40.54		0.86109		
40.55		0.86108		
40.56		0.86108		
40.57		0.86107		
40.58		0.86107		
40.59		0.86106		
40.6		0.86106		
40.61		0.86105		
40.62		0.86105		
40.63		0.86104		
40.64		0.86104		
40.65		0.86104		
40.66		0.86103		
40.67		0.86103		
40.68		0.86102		
40.69		0.86102		
40.7		0.86101		
40.71		0.86101		
40.72		0.86101		
40.73		0.861		
40.74		0.861		
40.75		0.86099		
40.76		0.86099		
40.77		0.86099		
40.78		0.86098		
40.79		0.86098		
40.8		0.86097		
40.81		0.86097		
40.82		0.86097		
40.83		0.86096		
40.84		0.86096		
40.85		0.86095		
40.86		0.86095		
40.87		0.86095		
40.88		0.86094		
40.89		0.86094		
40.9		0.86094		
40.91		0.86093		
40.92		0.86093		
40.93		0.86092		
40.94		0.86092		
40.95		0.86092		
40.96		0.86091		
40.97		0.86091		
40.98		0.86091		
40.99		0.8609		
41		0.8609		
41.01		0.8609		
41.02		0.86089		
41.03		0.86089		
41.04		0.86089		
41.05		0.86088		
41.06		0.86088		
41.07		0.86088		
41.08		0.86087		
41.09		0.86087		
41.1		0.86087		
41.11		0.86086		
41.12		0.86086		
41.13		0.86086		
41.14		0.86085		
41.15		0.86085		
41.16		0.86085		
41.17		0.86084		
41.18		0.86084		
41.19		0.86084		
41.2		0.86083		
41.21		0.86083		
41.22		0.86083		
41.23		0.86083		
41.24		0.86082		
41.25		0.86082		
41.26		0.86082		
41.27		0.86081		
41.28		0.86081		
41.29		0.86081		
41.3		0.86081		
41.31		0.8608		
41.32		0.8608		
41.33		0.8608		
41.34		0.8608		
41.35		0.86079		
41.36		0.86079		
41.37		0.86079		
41.38		0.86079		
41.39		0.86078		
41.4		0.86078		
41.41		0.86078		
41.42		0.86078		
41.43		0.86077		
41.44		0.86077		
41.45		0.86077		
41.46		0.86077		
41.47		0.86076		
41.48		0.86076		
41.49		0.86076		
41.5		0.86076		
41.51		0.86076		
41.52		0.86075		
41.53		0.86075		
41.54		0.86075		
41.55		0.86075		
41.56		0.86075		
41.57		0.86074		
41.58		0.86074		
41.59		0.86074		
41.6		0.86074		
41.61		0.86074		
41.62		0.86073		
41.63		0.86073		
41.64		0.86073		
41.65		0.86073		
41.66		0.86073		
41.67		0.86072		
41.68		0.86072		
41.69		0.86072		
41.7		0.86072		
41.71		0.86072		
41.72		0.86072		
41.73		0.86072		
41.74		0.86071		
41.75		0.86071		
41.76		0.86071		
41.77		0.86071		
41.78		0.86071		
41.79		0.86071		
41.8		0.8607		
41.81		0.8607		
41.82		0.8607		
41.83		0.8607		
41.84		0.8607		
41.85		0.8607		
41.86		0.8607		
41.87		0.8607		
41.88		0.86069		
41.89		0.86069		
41.9		0.86069		
41.91		0.86069		
41.92		0.86069		
41.93		0.86069		
41.94		0.86069		
41.95		0.86069		
41.96		0.86069		
41.97		0.86068		
41.98		0.86068		
41.99		0.86068		
42		0.86068		
42.01		0.86068		
42.02		0.86068		
42.03		0.86068		
42.04		0.86068		
42.05		0.86068		
42.06		0.86068		
42.07		0.86068		
42.08		0.86068		
42.09		0.86067		
42.1		0.86067		
42.11		0.86067		
42.12		0.86067		
42.13		0.86067		
42.14		0.86067		
42.15		0.86067		
42.16		0.86067		
42.17		0.86067		
42.18		0.86067		
42.19		0.86067		
42.2		0.86067		
42.21		0.86067		
42.22		0.86067		
42.23		0.86067		
42.24		0.86067		
42.25		0.86067		
42.26		0.86067		
42.27		0.86067		
42.28		0.86067		
42.29		0.86067		
42.3		0.86067		
42.31		0.86067		
42.32		0.86067		
42.33		0.86067		
42.34		0.86067		
42.35		0.86067		
42.36		0.86067		
42.37		0.86067		
42.38		0.86067		
42.39		0.86067		
42.4		0.86067		
42.41		0.86067		
42.42		0.86067		
42.43		0.86067		
42.44		0.86067		
42.45		0.86067		
42.46		0.86067		
42.47		0.86067		
42.48		0.86067		
42.49		0.86067		
42.5		0.86067		
42.51		0.86067		
42.52		0.86067		
42.53		0.86067		
42.54		0.86067		
42.55		0.86067		
42.56		0.86067		
42.57		0.86067		
42.58		0.86067		
42.59		0.86067		
42.6		0.86067		
42.61		0.86067		
42.62		0.86067		
42.63		0.86067		
42.64		0.86067		
42.65		0.86067		
42.66		0.86067		
42.67		0.86068		
42.68		0.86068		
42.69		0.86068		
42.7		0.86068		
42.71		0.86068		
42.72		0.86068		
42.73		0.86068		
42.74		0.86068		
42.75		0.86068		
42.76		0.86068		
42.77		0.86068		
42.78		0.86068		
42.79		0.86069		
42.8		0.86069		
42.81		0.86069		
42.82		0.86069		
42.83		0.8607		
42.84		0.8607		
42.85		0.8607		
42.86		0.86071		
42.87		0.86071		
42.88		0.86072		
42.89		0.86073		
42.9		0.86073		
42.91		0.86074		
42.92		0.86075		
42.93		0.86076		
42.94		0.86077		
42.95		0.86078		
42.96		0.86079		
42.97		0.8608		
42.98		0.86081		
42.99		0.86082		
43		0.86083		
43.01		0.86084		
43.02		0.86086		
43.03		0.86087		
43.04		0.86089		
43.05		0.8609		
43.06		0.86092		
43.07		0.86093		
43.08		0.86095		
43.09		0.86096		
43.1		0.86098		
43.11		0.861		
43.12		0.86102		
43.13		0.86103		
43.14		0.86105		
43.15		0.86107		
43.16		0.86109		
43.17		0.86111		
43.18		0.86113		
43.19		0.86116		
43.2		0.86118		
43.21		0.8612		
43.22		0.86122		
43.23		0.86125		
43.24		0.86127		
43.25		0.86129		
43.26		0.86132		
43.27		0.86134		
43.28		0.86137		
43.29		0.8614		
43.3		0.86142		
43.31		0.86145		
43.32		0.86148		
43.33		0.8615		
43.34		0.86153		
43.35		0.86156		
43.36		0.86159		
43.37		0.86162		
43.38		0.86165		
43.39		0.86168		
43.4		0.86171		
43.41		0.86174		
43.42		0.86178		
43.43		0.86181		
43.44		0.86184		
43.45		0.86187		
43.46		0.86191		
43.47		0.86194		
43.48		0.86198		
43.49		0.86201		
43.5		0.86205		
43.51		0.86208		
43.52		0.86212		
43.53		0.86215		
43.54		0.86219		
43.55		0.86223		
43.56		0.86227		
43.57		0.86231		
43.58		0.86234		
43.59		0.86238		
43.6		0.86242		
43.61		0.86246		
43.62		0.8625		
43.63		0.86254		
43.64		0.86259		
43.65		0.86263		
43.66		0.86267		
43.67		0.86271		
43.68		0.86275		
43.69		0.8628		
43.7		0.86284		
43.71		0.86288		
43.72		0.86293		
43.73		0.86297		
43.74		0.86302		
43.75		0.86306		
43.76		0.86311		
43.77		0.86316		
43.78		0.8632		
43.79		0.86325		
43.8		0.8633		
43.81		0.86334		
43.82		0.86339		
43.83		0.86344		
43.84		0.86349		
43.85		0.86354		
43.86		0.86359		
43.87		0.86364		
43.88		0.86369		
43.89		0.86374		
43.9		0.86379		
43.91		0.86384		
43.92		0.86389		
43.93		0.86394		
43.94		0.864		
43.95		0.86405		
43.96		0.8641		
43.97		0.86415		
43.98		0.86421		
43.99		0.86426		
44		0.86432		
44.01		0.86437		
44.02		0.86443		
44.03		0.86448		
44.04		0.86454		
44.05		0.86459		
44.06		0.86465		
44.07		0.86471		
44.08		0.86476		
44.09		0.86482		
44.1		0.86488		
44.11		0.86494		
44.12		0.86499		
44.13		0.86505		
44.14		0.86511		
44.15		0.86517		
44.16		0.86523		
44.17		0.86529		
44.18		0.86535		
44.19		0.86541		
44.2		0.86547		
44.21		0.86553		
44.22		0.86559		
44.23		0.86565		
44.24		0.86572		
44.25		0.86578		
44.26		0.86584		
44.27		0.8659		
44.28		0.86596		
44.29		0.86603		
44.3		0.86609		
44.31		0.86616		
44.32		0.86622		
44.33		0.86628		
44.34		0.86635		
44.35		0.86641		
44.36		0.86648		
44.37		0.86654		
44.38		0.86661		
44.39		0.86668		
44.4		0.86674		
44.41		0.86681		
44.42		0.86687		
44.43		0.86694		
44.44		0.86701		
44.45		0.86708		
44.46		0.86714		
44.47		0.86721		
44.48		0.86728		
44.49		0.86735		
44.5		0.86742		
44.51		0.86749		
44.52		0.86756		
44.53		0.86763		
44.54		0.8677		
44.55		0.86777		
44.56		0.86784		
44.57		0.86791		
44.58		0.86798		
44.59		0.86805		
44.6		0.86812		
44.61		0.86819		
44.62		0.86826		
44.63		0.86833		
44.64		0.86841		
44.65		0.86848		
44.66		0.86855		
44.67		0.86862		
44.68		0.8687		
44.69		0.86877		
44.7		0.86884		
44.71		0.86892		
44.72		0.86899		
44.73		0.86907		
44.74		0.86914		
44.75		0.86921		
44.76		0.86929		
44.77		0.86936		
44.78		0.86944		
44.79		0.86951		
44.8		0.86959		
44.81		0.86967		
44.82		0.86974		
44.83		0.86982		
44.84		0.8699		
44.85		0.86997		
44.86		0.87005		
44.87		0.87013		
44.88		0.8702		
44.89		0.87028		
44.9		0.87036		
44.91		0.87044		
44.92		0.87051		
44.93		0.87059		
44.94		0.87067		
44.95		0.87075		
44.96		0.87083		
44.97		0.87091		
44.98		0.87099		
44.99		0.87107		
45		0.87114		
45.01		0.87122		
45.02		0.8713		
45.03		0.87138		
45.04		0.87146		
45.05		0.87155		
45.06		0.87163		
45.07		0.87171		
45.08		0.87179		
45.09		0.87187		
45.1		0.87195		
45.11		0.87203		
45.12		0.87211		
45.13		0.8722		
45.14		0.87228		
45.15		0.87236		
45.16		0.87244		
45.17		0.87252		
45.18		0.87261		
45.19		0.87269		
45.2		0.87277		
45.21		0.87286		
45.22		0.87294		
45.23		0.87302		
45.24		0.87311		
45.25		0.87319		
45.26		0.87327		
45.27		0.87336		
45.28		0.87344		
45.29		0.87353		
45.3		0.87361		
45.31		0.8737		
45.32		0.87378		
45.33		0.87387		
45.34		0.87395		
45.35		0.87404		
45.36		0.87412		
45.37		0.87421		
45.38		0.87429		
45.39		0.87438		
45.4		0.87447		
45.41		0.87455		
45.42		0.87464		
45.43		0.87473		
45.44		0.87481		
45.45		0.8749		
45.46		0.87499		
45.47		0.87507		
45.48		0.87516		
45.49		0.87525		
45.5		0.87533		
45.51		0.87542		
45.52		0.87551		
45.53		0.8756		
45.54		0.87569		
45.55		0.87577		
45.56		0.87586		
45.57		0.87595		
45.58		0.87604		
45.59		0.87613		
45.6		0.87622		
45.61		0.87631		
45.62		0.8764		
45.63		0.87648		
45.64		0.87657		
45.65		0.87666		
45.66		0.87675		
45.67		0.87684		
45.68		0.87693		
45.69		0.87702		
45.7		0.87711		
45.71		0.8772		
45.72		0.87729		
45.73		0.87738		
45.74		0.87747		
45.75		0.87756		
45.76		0.87765		
45.77		0.87775		
45.78		0.87784		
45.79		0.87793		
45.8		0.87802		
45.81		0.87811		
45.82		0.8782		
45.83		0.87829		
45.84		0.87838		
45.85		0.87848		
45.86		0.87857		
45.87		0.87866		
45.88		0.87875		
45.89		0.87884		
45.9		0.87894		
45.91		0.87903		
45.92		0.87912		
45.93		0.87921		
45.94		0.87931		
45.95		0.8794		
45.96		0.87949		
45.97		0.87959		
45.98		0.87968		
45.99		0.87977		
46		0.87987		
46.01		0.87996		
46.02		0.88005		
46.03		0.88015		
46.04		0.88024		
46.05		0.88033		
46.06		0.88043		
46.07		0.88052		
46.08		0.88062		
46.09		0.88071		
46.1		0.8808		
46.11		0.8809		
46.12		0.88099		
46.13		0.88109		
46.14		0.88118		
46.15		0.88128		
46.16		0.88137		
46.17		0.88147		
46.18		0.88156		
46.19		0.88166		
46.2		0.88175		
46.21		0.88185		
46.22		0.88194		
46.23		0.88204		
46.24		0.88213		
46.25		0.88223		
46.26		0.88232		
46.27		0.88242		
46.28		0.88252		
46.29		0.88261		
46.3		0.88271		
46.31		0.8828		
46.32		0.8829		
46.33		0.883		
46.34		0.88309		
46.35		0.88319		
46.36		0.88328		
46.37		0.88338		
46.38		0.88348		
46.39		0.88357		
46.4		0.88367		
46.41		0.88377		
46.42		0.88386		
46.43		0.88396		
46.44		0.88406		
46.45		0.88416		
46.46		0.88425		
46.47		0.88435		
46.48		0.88445		
46.49		0.88455		
46.5		0.88464		
46.51		0.88474		
46.52		0.88484		
46.53		0.88494		
46.54		0.88503		
46.55		0.88513		
46.56		0.88523		
46.57		0.88533		
46.58		0.88542		
46.59		0.88552		
46.6		0.88562		
46.61		0.88572		
46.62		0.88582		
46.63		0.88592		
46.64		0.88601		
46.65		0.88611		
46.66		0.88621		
46.67		0.88631		
46.68		0.88641		
46.69		0.88651		
46.7		0.88661		
46.71		0.8867		
46.72		0.8868		
46.73		0.8869		
46.74		0.887		
46.75		0.8871		
46.76		0.8872		
46.77		0.8873		
46.78		0.8874		
46.79		0.8875		
46.8		0.8876		
46.81		0.8877		
46.82		0.8878		
46.83		0.8879		
46.84		0.888		
46.85		0.88809		
46.86		0.88819		
46.87		0.88829		
46.88		0.88839		
46.89		0.88849		
46.9		0.88859		
46.91		0.88869		
46.92		0.88879		
46.93		0.88889		
46.94		0.88899		
46.95		0.88909		
46.96		0.88919		
46.97		0.88929		
46.98		0.88939		
46.99		0.88949		
47		0.88959		
47.01		0.8897		
47.02		0.8898		
47.03		0.8899		
47.04		0.89		
47.05		0.8901		
47.06		0.8902		
47.07		0.8903		
47.08		0.8904		
47.09		0.8905		
47.1		0.8906		
47.11		0.8907		
47.12		0.8908		
47.13		0.8909		
47.14		0.891		
47.15		0.89111		
47.16		0.89121		
47.17		0.89131		
47.18		0.89141		
47.19		0.89151		
47.2		0.89161		
47.21		0.89171		
47.22		0.89181		
47.23		0.89192		
47.24		0.89202		
47.25		0.89212		
47.26		0.89222		
47.27		0.89232		
47.28		0.89242		
47.29		0.89252		
47.3		0.89263		
47.31		0.89273		
47.32		0.89283		
47.33		0.89293		
47.34		0.89303		
47.35		0.89313		
47.36		0.89324		
47.37		0.89334		
47.38		0.89344		
47.39		0.89354		
47.4		0.89364		
47.41		0.89374		
47.42		0.89385		
47.43		0.89395		
47.44		0.89405		
47.45		0.89415		
47.46		0.89425		
47.47		0.89436		
47.48		0.89446		
47.49		0.89456		
47.5		0.89466		
47.51		0.89477		
47.52		0.89487		
47.53		0.89497		
47.54		0.89507		
47.55		0.89517		
47.56		0.89528		
47.57		0.89538		
47.58		0.89548		
47.59		0.89558		
47.6		0.89569		
47.61		0.89579		
47.62		0.89589		
47.63		0.89599		
47.64		0.8961		
47.65		0.8962		
47.66		0.8963		
47.67		0.8964		
47.68		0.89651		
47.69		0.89661		
47.7		0.89671		
47.71		0.89681		
47.72		0.89692		
47.73		0.89702		
47.74		0.89712		
47.75		0.89722		
47.76		0.89733		
47.77		0.89743		
47.78		0.89753		
47.79		0.89763		
47.8		0.89774		
47.81		0.89784		
47.82		0.89794		
47.83		0.89805		
47.84		0.89815		
47.85		0.89825		
47.86		0.89835		
47.87		0.89846		
47.88		0.89856		
47.89		0.89866		
47.9		0.89877		
47.91		0.89887		
47.92		0.89897		
47.93		0.89907		
47.94		0.89918		
47.95		0.89928		
47.96		0.89938		
47.97		0.89949		
47.98		0.89959		
47.99		0.89969		
48		0.8998		
48.01		0.8999		
48.02		0.9		
48.03		0.9001		
48.04		0.90021		
48.05		0.90031		
48.06		0.90041		
48.07		0.90052		
48.08		0.90062		
48.09		0.90072		
48.1		0.90083		
48.11		0.90093		
48.12		0.90103		
48.13		0.90114		
48.14		0.90124		
48.15		0.90134		
48.16		0.90144		
48.17		0.90155		
48.18		0.90165		
48.19		0.90175		
48.2		0.90186		
48.21		0.90196		
48.22		0.90206		
48.23		0.90217		
48.24		0.90227		
48.25		0.90237		
48.26		0.90248		
48.27		0.90258		
48.28		0.90268		
48.29		0.90278		
48.3		0.90289		
48.31		0.90299		
48.32		0.90309		
48.33		0.9032		
48.34		0.9033		
48.35		0.9034		
48.36		0.90351		
48.37		0.90361		
48.38		0.90371		
48.39		0.90382		
48.4		0.90392		
48.41		0.90402		
48.42		0.90412		
48.43		0.90423		
48.44		0.90433		
48.45		0.90443		
48.46		0.90454		
48.47		0.90464		
48.48		0.90474		
48.49		0.90485		
48.5		0.90495		
48.51		0.90505		
48.52		0.90515		
48.53		0.90526		
48.54		0.90536		
48.55		0.90546		
48.56		0.90557		
48.57		0.90567		
48.58		0.90577		
48.59		0.90588		
48.6		0.90598		
48.61		0.90608		
48.62		0.90618		
48.63		0.90629		
48.64		0.90639		
48.65		0.90649		
48.66		0.9066		
48.67		0.9067		
48.68		0.9068		
48.69		0.9069		
48.7		0.90701		
48.71		0.90711		
48.72		0.90721		
48.73		0.90732		
48.74		0.90742		
48.75		0.90752		
48.76		0.90762		
48.77		0.90773		
48.78		0.90783		
48.79		0.90793		
48.8		0.90803		
48.81		0.90814		
48.82		0.90824		
48.83		0.90834		
48.84		0.90844		
48.85		0.90855		
48.86		0.90865		
48.87		0.90875		
48.88		0.90885		
48.89		0.90896		
48.9		0.90906		
48.91		0.90916		
48.92		0.90926		
48.93		0.90937		
48.94		0.90947		
48.95		0.90957		
48.96		0.90967		
48.97		0.90978		
48.98		0.90988		
48.99		0.90998		
49		0.91008		
49.01		0.91018		
49.02		0.91029		
49.03		0.91039		
49.04		0.91049		
49.05		0.91059		
49.06		0.9107		
49.07		0.9108		
49.08		0.9109		
49.09		0.911		
49.1		0.9111		
49.11		0.91121		
49.12		0.91131		
49.13		0.91141		
49.14		0.91151		
49.15		0.91161		
49.16		0.91171		
49.17		0.91182		
49.18		0.91192		
49.19		0.91202		
49.2		0.91212		
49.21		0.91222		
49.22		0.91233		
49.23		0.91243		
49.24		0.91253		
49.25		0.91263		
49.26		0.91273		
49.27		0.91283		
49.28		0.91293		
49.29		0.91304		
49.3		0.91314		
49.31		0.91324		
49.32		0.91334		
49.33		0.91344		
49.34		0.91354		
49.35		0.91364		
49.36		0.91375		
49.37		0.91385		
49.38		0.91395		
49.39		0.91405		
49.4		0.91415		
49.41		0.91425		
49.42		0.91435		
49.43		0.91445		
49.44		0.91455		
49.45		0.91466		
49.46		0.91476		
49.47		0.91486		
49.48		0.91496		
49.49		0.91506		
49.5		0.91516		
49.51		0.91526		
49.52		0.91536		
49.53		0.91546		
49.54		0.91556		
49.55		0.91566		
49.56		0.91576		
49.57		0.91586		
49.58		0.91596		
49.59		0.91606		
49.6		0.91617		
49.61		0.91627		
49.62		0.91637		
49.63		0.91647		
49.64		0.91657		
49.65		0.91667		
49.66		0.91677		
49.67		0.91687		
49.68		0.91697		
49.69		0.91707		
49.7		0.91717		
49.71		0.91727		
49.72		0.91737		
49.73		0.91747		
49.74		0.91757		
49.75		0.91767		
49.76		0.91777		
49.77		0.91787		
49.78		0.91797		
49.79		0.91807		
49.8		0.91817		
49.81		0.91826		
49.82		0.91836		
49.83		0.91846		
49.84		0.91856		
49.85		0.91866		
49.86		0.91876		
49.87		0.91886		
49.88		0.91896		
49.89		0.91906		
49.9		0.91916		
49.91		0.91926		
49.92		0.91936		
49.93		0.91946		
49.94		0.91955		
49.95		0.91965		
49.96		0.91975		
49.97		0.91985		
49.98		0.91995		
49.99		0.92005		
50		0.92015		
