t [fm]		pi [fm^-4]
0.25		163.09
0.26		155.22		
0.27		147.98		
0.28		141.3		
0.29		135.13		
0.3		129.4		
0.31		124.07		
0.32		119.1		
0.33		114.45		
0.34		110.1		
0.35		106.02		
0.36		102.18		
0.37		98.567		
0.38		95.155		
0.39		91.932		
0.4		88.882		
0.41		85.992		
0.42		83.25		
0.43		80.646		
0.44		78.169		
0.45		75.811		
0.46		73.564		
0.47		71.42		
0.48		69.373		
0.49		67.417		
0.5		65.545		
0.51		63.754		
0.52		62.037		
0.53		60.392		
0.54		58.813		
0.55		57.296		
0.56		55.84		
0.57		54.439		
0.58		53.091		
0.59		51.794		
0.6		50.545		
0.61		49.341		
0.62		48.18		
0.63		47.06		
0.64		45.979		
0.65		44.935		
0.66		43.927		
0.67		42.952		
0.68		42.01		
0.69		41.098		
0.7		40.215		
0.71		39.361		
0.72		38.533		
0.73		37.731		
0.74		36.954		
0.75		36.2		
0.76		35.469		
0.77		34.76		
0.78		34.071		
0.79		33.402		
0.8		32.753		
0.81		32.122		
0.82		31.509		
0.83		30.913		
0.84		30.333		
0.85		29.769		
0.86		29.22		
0.87		28.686		
0.88		28.167		
0.89		27.66		
0.9		27.167		
0.91		26.687		
0.92		26.219		
0.93		25.763		
0.94		25.318		
0.95		24.884		
0.96		24.461		
0.97		24.048		
0.98		23.645		
0.99		23.252		
1		22.869		
1.01		22.494		
1.02		22.128		
1.03		21.771		
1.04		21.421		
1.05		21.08		
1.06		20.747		
1.07		20.421		
1.08		20.102		
1.09		19.79		
1.1		19.486		
1.11		19.187		
1.12		18.896		
1.13		18.61		
1.14		18.331		
1.15		18.058		
1.16		17.79		
1.17		17.528		
1.18		17.271		
1.19		17.02		
1.2		16.774		
1.21		16.533		
1.22		16.296		
1.23		16.065		
1.24		15.838		
1.25		15.615		
1.26		15.397		
1.27		15.183		
1.28		14.974		
1.29		14.768		
1.3		14.566		
1.31		14.368		
1.32		14.174		
1.33		13.984		
1.34		13.797		
1.35		13.613		
1.36		13.433		
1.37		13.257		
1.38		13.083		
1.39		12.913		
1.4		12.745		
1.41		12.581		
1.42		12.42		
1.43		12.261		
1.44		12.105		
1.45		11.953		
1.46		11.802		
1.47		11.654		
1.48		11.509		
1.49		11.367		
1.5		11.226		
1.51		11.089		
1.52		10.953		
1.53		10.82		
1.54		10.689		
1.55		10.56		
1.56		10.433		
1.57		10.309		
1.58		10.186		
1.59		10.066		
1.6		9.9469		
1.61		9.8302		
1.62		9.7154		
1.63		9.6024		
1.64		9.4912		
1.65		9.3818		
1.66		9.2741		
1.67		9.1681		
1.68		9.0637		
1.69		8.961		
1.7		8.8599		
1.71		8.7603		
1.72		8.6622		
1.73		8.5656		
1.74		8.4705		
1.75		8.3769		
1.76		8.2846		
1.77		8.1938		
1.78		8.1043		
1.79		8.0161		
1.8		7.9292		
1.81		7.8436		
1.82		7.7593		
1.83		7.6762		
1.84		7.5943		
1.85		7.5136		
1.86		7.4341		
1.87		7.3557		
1.88		7.2785		
1.89		7.2023		
1.9		7.1272		
1.91		7.0532		
1.92		6.9802		
1.93		6.9082		
1.94		6.8373		
1.95		6.7673		
1.96		6.6983		
1.97		6.6303		
1.98		6.5632		
1.99		6.497		
2		6.4317		
2.01		6.3673		
2.02		6.3038		
2.03		6.2411		
2.04		6.1793		
2.05		6.1183		
2.06		6.0582		
2.07		5.9988		
2.08		5.9402		
2.09		5.8824		
2.1		5.8254		
2.11		5.7691		
2.12		5.7135		
2.13		5.6587		
2.14		5.6045		
2.15		5.5511		
2.16		5.4984		
2.17		5.4463		
2.18		5.3949		
2.19		5.3442		
2.2		5.2941		
2.21		5.2446		
2.22		5.1958		
2.23		5.1476		
2.24		5.1		
2.25		5.053		
2.26		5.0065		
2.27		4.9607		
2.28		4.9154		
2.29		4.8707		
2.3		4.8265		
2.31		4.7829		
2.32		4.7398		
2.33		4.6972		
2.34		4.6551		
2.35		4.6136		
2.36		4.5725		
2.37		4.532		
2.38		4.4919		
2.39		4.4523		
2.4		4.4132		
2.41		4.3746		
2.42		4.3364		
2.43		4.2986		
2.44		4.2613		
2.45		4.2245		
2.46		4.188		
2.47		4.152		
2.48		4.1164		
2.49		4.0813		
2.5		4.0465		
2.51		4.0121		
2.52		3.9782		
2.53		3.9446		
2.54		3.9114		
2.55		3.8786		
2.56		3.8461		
2.57		3.814		
2.58		3.7823		
2.59		3.751		
2.6		3.7199		
2.61		3.6893		
2.62		3.659		
2.63		3.629		
2.64		3.5993		
2.65		3.57		
2.66		3.541		
2.67		3.5123		
2.68		3.484		
2.69		3.4559		
2.7		3.4282		
2.71		3.4007		
2.72		3.3736		
2.73		3.3467		
2.74		3.3202		
2.75		3.2939		
2.76		3.2679		
2.77		3.2422		
2.78		3.2167		
2.79		3.1916		
2.8		3.1667		
2.81		3.142		
2.82		3.1176		
2.83		3.0935		
2.84		3.0696		
2.85		3.046		
2.86		3.0226		
2.87		2.9995		
2.88		2.9766		
2.89		2.954		
2.9		2.9316		
2.91		2.9094		
2.92		2.8874		
2.93		2.8657		
2.94		2.8442		
2.95		2.8229		
2.96		2.8018		
2.97		2.7809		
2.98		2.7603		
2.99		2.7398		
3		2.7196		
3.01		2.6996		
3.02		2.6797		
3.03		2.6601		
3.04		2.6407		
3.05		2.6214		
3.06		2.6024		
3.07		2.5835		
3.08		2.5648		
3.09		2.5463		
3.1		2.528		
3.11		2.5099		
3.12		2.4919		
3.13		2.4742		
3.14		2.4566		
3.15		2.4391		
3.16		2.4219		
3.17		2.4048		
3.18		2.3878		
3.19		2.3711		
3.2		2.3544		
3.21		2.338		
3.22		2.3217		
3.23		2.3055		
3.24		2.2896		
3.25		2.2737		
3.26		2.258		
3.27		2.2425		
3.28		2.2271		
3.29		2.2119		
3.3		2.1968		
3.31		2.1818		
3.32		2.167		
3.33		2.1523		
3.34		2.1377		
3.35		2.1233		
3.36		2.109		
3.37		2.0949		
3.38		2.0809		
3.39		2.067		
3.4		2.0532		
3.41		2.0396		
3.42		2.026		
3.43		2.0127		
3.44		1.9994		
3.45		1.9862		
3.46		1.9732		
3.47		1.9603		
3.48		1.9475		
3.49		1.9348		
3.5		1.9222		
3.51		1.9098		
3.52		1.8974		
3.53		1.8852		
3.54		1.873		
3.55		1.861		
3.56		1.8491		
3.57		1.8373		
3.58		1.8256		
3.59		1.814		
3.6		1.8025		
3.61		1.7911		
3.62		1.7798		
3.63		1.7686		
3.64		1.7574		
3.65		1.7464		
3.66		1.7355		
3.67		1.7247		
3.68		1.714		
3.69		1.7033		
3.7		1.6928		
3.71		1.6823		
3.72		1.6719		
3.73		1.6617		
3.74		1.6515		
3.75		1.6414		
3.76		1.6313		
3.77		1.6214		
3.78		1.6115		
3.79		1.6018		
3.8		1.5921		
3.81		1.5825		
3.82		1.5729		
3.83		1.5635		
3.84		1.5541		
3.85		1.5448		
3.86		1.5356		
3.87		1.5265		
3.88		1.5174		
3.89		1.5084		
3.9		1.4995		
3.91		1.4906		
3.92		1.4819		
3.93		1.4732		
3.94		1.4645		
3.95		1.456		
3.96		1.4475		
3.97		1.439		
3.98		1.4307		
3.99		1.4224		
4		1.4142		
4.01		1.406		
4.02		1.3979		
4.03		1.3899		
4.04		1.3819		
4.05		1.374		
4.06		1.3662		
4.07		1.3584		
4.08		1.3507		
4.09		1.3431		
4.1		1.3355		
4.11		1.3279		
4.12		1.3205		
4.13		1.313		
4.14		1.3057		
4.15		1.2984		
4.16		1.2911		
4.17		1.284		
4.18		1.2768		
4.19		1.2697		
4.2		1.2627		
4.21		1.2558		
4.22		1.2488		
4.23		1.242		
4.24		1.2352		
4.25		1.2284		
4.26		1.2217		
4.27		1.215		
4.28		1.2084		
4.29		1.2019		
4.3		1.1954		
4.31		1.1889		
4.32		1.1825		
4.33		1.1761		
4.34		1.1698		
4.35		1.1636		
4.36		1.1573		
4.37		1.1512		
4.38		1.145		
4.39		1.139		
4.4		1.1329		
4.41		1.1269		
4.42		1.121		
4.43		1.1151		
4.44		1.1092		
4.45		1.1034		
4.46		1.0976		
4.47		1.0919		
4.48		1.0862		
4.49		1.0806		
4.5		1.075		
4.51		1.0694		
4.52		1.0639		
4.53		1.0584		
4.54		1.0529		
4.55		1.0475		
4.56		1.0421		
4.57		1.0368		
4.58		1.0315		
4.59		1.0263		
4.6		1.021		
4.61		1.0159		
4.62		1.0107		
4.63		1.0056		
4.64		1.0005		
4.65		0.9955		
4.66		0.9905		
4.67		0.98553		
4.68		0.9806		
4.69		0.9757		
4.7		0.97084		
4.71		0.96601		
4.72		0.96122		
4.73		0.95646		
4.74		0.95173		
4.75		0.94703		
4.76		0.94237		
4.77		0.93774		
4.78		0.93314		
4.79		0.92857		
4.8		0.92403		
4.81		0.91953		
4.82		0.91505		
4.83		0.91061		
4.84		0.9062		
4.85		0.90181		
4.86		0.89746		
4.87		0.89313		
4.88		0.88884		
4.89		0.88457		
4.9		0.88034		
4.91		0.87613		
4.92		0.87195		
4.93		0.86779		
4.94		0.86367		
4.95		0.85957		
4.96		0.8555		
4.97		0.85146		
4.98		0.84744		
4.99		0.84345		
5		0.83949		
5.01		0.83555		
5.02		0.83164		
5.03		0.82775		
5.04		0.82389		
5.05		0.82006		
5.06		0.81625		
5.07		0.81246		
5.08		0.8087		
5.09		0.80497		
5.1		0.80126		
5.11		0.79757		
5.12		0.79391		
5.13		0.79027		
5.14		0.78665		
5.15		0.78306		
5.16		0.77949		
5.17		0.77594		
5.18		0.77242		
5.19		0.76891		
5.2		0.76544		
5.21		0.76198		
5.22		0.75854		
5.23		0.75513		
5.24		0.75174		
5.25		0.74837		
5.26		0.74502		
5.27		0.74169		
5.28		0.73838		
5.29		0.7351		
5.3		0.73183		
5.31		0.72859		
5.32		0.72536		
5.33		0.72216		
5.34		0.71897		
5.35		0.71581		
5.36		0.71266		
5.37		0.70954		
5.38		0.70643		
5.39		0.70334		
5.4		0.70027		
5.41		0.69722		
5.42		0.69419		
5.43		0.69118		
5.44		0.68819		
5.45		0.68521		
5.46		0.68225		
5.47		0.67932		
5.48		0.67639		
5.49		0.67349		
5.5		0.6706		
5.51		0.66774		
5.52		0.66488		
5.53		0.66205		
5.54		0.65923		
5.55		0.65643		
5.56		0.65365		
5.57		0.65088		
5.58		0.64813		
5.59		0.6454		
5.6		0.64268		
5.61		0.63998		
5.62		0.6373		
5.63		0.63463		
5.64		0.63197		
5.65		0.62933		
5.66		0.62671		
5.67		0.62411		
5.68		0.62151		
5.69		0.61894		
5.7		0.61638		
5.71		0.61383		
5.72		0.6113		
5.73		0.60878		
5.74		0.60628		
5.75		0.60379		
5.76		0.60132		
5.77		0.59886		
5.78		0.59642		
5.79		0.59399		
5.8		0.59157		
5.81		0.58917		
5.82		0.58678		
5.83		0.58441		
5.84		0.58205		
5.85		0.5797		
5.86		0.57736		
5.87		0.57504		
5.88		0.57273		
5.89		0.57044		
5.9		0.56816		
5.91		0.56589		
5.92		0.56363		
5.93		0.56139		
5.94		0.55916		
5.95		0.55694		
5.96		0.55474		
5.97		0.55254		
5.98		0.55036		
5.99		0.54819		
6		0.54604		
6.01		0.54389		
6.02		0.54176		
6.03		0.53964		
6.04		0.53753		
6.05		0.53543		
6.06		0.53335		
6.07		0.53127		
6.08		0.52921		
6.09		0.52716		
6.1		0.52512		
6.11		0.52309		
6.12		0.52107		
6.13		0.51907		
6.14		0.51707		
6.15		0.51509		
6.16		0.51311		
6.17		0.51115		
6.18		0.5092		
6.19		0.50725		
6.2		0.50532		
6.21		0.5034		
6.22		0.50149		
6.23		0.49959		
6.24		0.4977		
6.25		0.49582		
6.26		0.49395		
6.27		0.49209		
6.28		0.49024		
6.29		0.4884		
6.3		0.48657		
6.31		0.48475		
6.32		0.48294		
6.33		0.48113		
6.34		0.47934		
6.35		0.47756		
6.36		0.47579		
6.37		0.47402		
6.38		0.47227		
6.39		0.47052		
6.4		0.46879		
6.41		0.46706		
6.42		0.46534		
6.43		0.46363		
6.44		0.46193		
6.45		0.46024		
6.46		0.45856		
6.47		0.45689		
6.48		0.45522		
6.49		0.45357		
6.5		0.45192		
6.51		0.45028		
6.52		0.44865		
6.53		0.44703		
6.54		0.44541		
6.55		0.44381		
6.56		0.44221		
6.57		0.44062		
6.58		0.43904		
6.59		0.43747		
6.6		0.4359		
6.61		0.43434		
6.62		0.43279		
6.63		0.43125		
6.64		0.42972		
6.65		0.42819		
6.66		0.42667		
6.67		0.42516		
6.68		0.42366		
6.69		0.42217		
6.7		0.42068		
6.71		0.4192		
6.72		0.41772		
6.73		0.41626		
6.74		0.4148		
6.75		0.41335		
6.76		0.41191		
6.77		0.41047		
6.78		0.40904		
6.79		0.40762		
6.8		0.4062		
6.81		0.40479		
6.82		0.40339		
6.83		0.402		
6.84		0.40061		
6.85		0.39923		
6.86		0.39785		
6.87		0.39649		
6.88		0.39513		
6.89		0.39377		
6.9		0.39242		
6.91		0.39108		
6.92		0.38975		
6.93		0.38842		
6.94		0.3871		
6.95		0.38579		
6.96		0.38448		
6.97		0.38317		
6.98		0.38188		
6.99		0.38059		
7		0.3793		
7.01		0.37803		
7.02		0.37676		
7.03		0.37549		
7.04		0.37423		
7.05		0.37298		
7.06		0.37173		
7.07		0.37049		
7.08		0.36925		
7.09		0.36802		
7.1		0.3668		
7.11		0.36558		
7.12		0.36437		
7.13		0.36316		
7.14		0.36196		
7.15		0.36077		
7.16		0.35958		
7.17		0.3584		
7.18		0.35722		
7.19		0.35604		
7.2		0.35488		
7.21		0.35372		
7.22		0.35256		
7.23		0.35141		
7.24		0.35026		
7.25		0.34912		
7.26		0.34799		
7.27		0.34686		
7.28		0.34573		
7.29		0.34461		
7.3		0.3435		
7.31		0.34239		
7.32		0.34129		
7.33		0.34019		
7.34		0.33909		
7.35		0.338		
7.36		0.33692		
7.37		0.33584		
7.38		0.33477		
7.39		0.3337		
7.4		0.33263		
7.41		0.33157		
7.42		0.33052		
7.43		0.32947		
7.44		0.32842		
7.45		0.32738		
7.46		0.32635		
7.47		0.32532		
7.48		0.32429		
7.49		0.32327		
7.5		0.32225		
7.51		0.32124		
7.52		0.32023		
7.53		0.31923		
7.54		0.31823		
7.55		0.31724		
7.56		0.31624		
7.57		0.31526		
7.58		0.31428		
7.59		0.3133		
7.6		0.31233		
7.61		0.31136		
7.62		0.3104		
7.63		0.30944		
7.64		0.30848		
7.65		0.30753		
7.66		0.30658		
7.67		0.30564		
7.68		0.3047		
7.69		0.30377		
7.7		0.30283		
7.71		0.30191		
7.72		0.30099		
7.73		0.30007		
7.74		0.29915		
7.75		0.29824		
7.76		0.29734		
7.77		0.29643		
7.78		0.29553		
7.79		0.29464		
7.8		0.29375		
7.81		0.29286		
7.82		0.29198		
7.83		0.2911		
7.84		0.29022		
7.85		0.28935		
7.86		0.28848		
7.87		0.28762		
7.88		0.28676		
7.89		0.2859		
7.9		0.28505		
7.91		0.2842		
7.92		0.28335		
7.93		0.28251		
7.94		0.28167		
7.95		0.28083		
7.96		0.28		
7.97		0.27917		
7.98		0.27835		
7.99		0.27753		
8		0.27671		
8.01		0.27589		
8.02		0.27508		
8.03		0.27427		
8.04		0.27347		
8.05		0.27267		
8.06		0.27187		
8.07		0.27108		
8.08		0.27029		
8.09		0.2695		
8.1		0.26871		
8.11		0.26793		
8.12		0.26715		
8.13		0.26638		
8.14		0.26561		
8.15		0.26484		
8.16		0.26407		
8.17		0.26331		
8.18		0.26255		
8.19		0.2618		
8.2		0.26104		
8.21		0.2603		
8.22		0.25955		
8.23		0.25881		
8.24		0.25806		
8.25		0.25733		
8.26		0.25659		
8.27		0.25586		
8.28		0.25513		
8.29		0.25441		
8.3		0.25369		
8.31		0.25297		
8.32		0.25225		
8.33		0.25154		
8.34		0.25083		
8.35		0.25012		
8.36		0.24941		
8.37		0.24871		
8.38		0.24801		
8.39		0.24731		
8.4		0.24662		
8.41		0.24593		
8.42		0.24524		
8.43		0.24455		
8.44		0.24387		
8.45		0.24319		
8.46		0.24251		
8.47		0.24184		
8.48		0.24117		
8.49		0.2405		
8.5		0.23983		
8.51		0.23917		
8.52		0.23851		
8.53		0.23785		
8.54		0.23719		
8.55		0.23654		
8.56		0.23589		
8.57		0.23524		
8.58		0.23459		
8.59		0.23395		
8.6		0.23331		
8.61		0.23267		
8.62		0.23203		
8.63		0.2314		
8.64		0.23077		
8.65		0.23014		
8.66		0.22952		
8.67		0.22889		
8.68		0.22827		
8.69		0.22765		
8.7		0.22704		
8.71		0.22642		
8.72		0.22581		
8.73		0.2252		
8.74		0.22459		
8.75		0.22399		
8.76		0.22339		
8.77		0.22279		
8.78		0.22219		
8.79		0.22159		
8.8		0.221		
8.81		0.22041		
8.82		0.21982		
8.83		0.21924		
8.84		0.21865		
8.85		0.21807		
8.86		0.21749		
8.87		0.21691		
8.88		0.21634		
8.89		0.21576		
8.9		0.21519		
8.91		0.21463		
8.92		0.21406		
8.93		0.21349		
8.94		0.21293		
8.95		0.21237		
8.96		0.21181		
8.97		0.21126		
8.98		0.2107		
8.99		0.21015		
9		0.2096		
9.01		0.20905		
9.02		0.20851		
9.03		0.20797		
9.04		0.20742		
9.05		0.20688		
9.06		0.20635		
9.07		0.20581		
9.08		0.20528		
9.09		0.20475		
9.1		0.20422		
9.11		0.20369		
9.12		0.20316		
9.13		0.20264		
9.14		0.20212		
9.15		0.2016		
9.16		0.20108		
9.17		0.20056		
9.18		0.20005		
9.19		0.19954		
9.2		0.19903		
9.21		0.19852		
9.22		0.19801		
9.23		0.19751		
9.24		0.197		
9.25		0.1965		
9.26		0.196		
9.27		0.19551		
9.28		0.19501		
9.29		0.19452		
9.3		0.19402		
9.31		0.19353		
9.32		0.19304		
9.33		0.19256		
9.34		0.19207		
9.35		0.19159		
9.36		0.19111		
9.37		0.19063		
9.38		0.19015		
9.39		0.18967		
9.4		0.1892		
9.41		0.18873		
9.42		0.18825		
9.43		0.18779		
9.44		0.18732		
9.45		0.18685		
9.46		0.18639		
9.47		0.18592		
9.48		0.18546		
9.49		0.185		
9.5		0.18454		
9.51		0.18409		
9.52		0.18363		
9.53		0.18318		
9.54		0.18273		
9.55		0.18228		
9.56		0.18183		
9.57		0.18138		
9.58		0.18094		
9.59		0.18049		
9.6		0.18005		
9.61		0.17961		
9.62		0.17917		
9.63		0.17873		
9.64		0.1783		
9.65		0.17786		
9.66		0.17743		
9.67		0.177		
9.68		0.17657		
9.69		0.17614		
9.7		0.17571		
9.71		0.17529		
9.72		0.17486		
9.73		0.17444		
9.74		0.17402		
9.75		0.1736		
9.76		0.17318		
9.77		0.17277		
9.78		0.17235		
9.79		0.17194		
9.8		0.17152		
9.81		0.17111		
9.82		0.1707		
9.83		0.1703		
9.84		0.16989		
9.85		0.16948		
9.86		0.16908		
9.87		0.16868		
9.88		0.16828		
9.89		0.16788		
9.9		0.16748		
9.91		0.16708		
9.92		0.16668		
9.93		0.16629		
9.94		0.1659		
9.95		0.1655		
9.96		0.16511		
9.97		0.16472		
9.98		0.16434		
9.99		0.16395		
10		0.16356		
10.01		0.16318		
10.02		0.1628		
10.03		0.16242		
10.04		0.16204		
10.05		0.16166		
10.06		0.16128		
10.07		0.1609		
10.08		0.16053		
10.09		0.16015		
10.1		0.15978		
10.11		0.15941		
10.12		0.15904		
10.13		0.15867		
10.14		0.1583		
10.15		0.15794		
10.16		0.15757		
10.17		0.15721		
10.18		0.15685		
10.19		0.15648		
10.2		0.15612		
10.21		0.15576		
10.22		0.15541		
10.23		0.15505		
10.24		0.15469		
10.25		0.15434		
10.26		0.15399		
10.27		0.15363		
10.28		0.15328		
10.29		0.15293		
10.3		0.15258		
10.31		0.15224		
10.32		0.15189		
10.33		0.15154		
10.34		0.1512		
10.35		0.15086		
10.36		0.15052		
10.37		0.15017		
10.38		0.14983		
10.39		0.1495		
10.4		0.14916		
10.41		0.14882		
10.42		0.14849		
10.43		0.14815		
10.44		0.14782		
10.45		0.14749		
10.46		0.14716		
10.47		0.14683		
10.48		0.1465		
10.49		0.14617		
10.5		0.14584		
10.51		0.14552		
10.52		0.14519		
10.53		0.14487		
10.54		0.14454		
10.55		0.14422		
10.56		0.1439		
10.57		0.14358		
10.58		0.14326		
10.59		0.14295		
10.6		0.14263		
10.61		0.14231		
10.62		0.142		
10.63		0.14169		
10.64		0.14137		
10.65		0.14106		
10.66		0.14075		
10.67		0.14044		
10.68		0.14013		
10.69		0.13983		
10.7		0.13952		
10.71		0.13921		
10.72		0.13891		
10.73		0.1386		
10.74		0.1383		
10.75		0.138		
10.76		0.1377		
10.77		0.1374		
10.78		0.1371		
10.79		0.1368		
10.8		0.1365		
10.81		0.13621		
10.82		0.13591		
10.83		0.13562		
10.84		0.13532		
10.85		0.13503		
10.86		0.13474		
10.87		0.13445		
10.88		0.13416		
10.89		0.13387		
10.9		0.13358		
10.91		0.13329		
10.92		0.13301		
10.93		0.13272		
10.94		0.13244		
10.95		0.13215		
10.96		0.13187		
10.97		0.13159		
10.98		0.13131		
10.99		0.13103		
11		0.13075		
11.01		0.13047		
11.02		0.13019		
11.03		0.12991		
11.04		0.12964		
11.05		0.12936		
11.06		0.12909		
11.07		0.12882		
11.08		0.12854		
11.09		0.12827		
11.1		0.128		
11.11		0.12773		
11.12		0.12746		
11.13		0.12719		
11.14		0.12692		
11.15		0.12666		
11.16		0.12639		
11.17		0.12613		
11.18		0.12586		
11.19		0.1256		
11.2		0.12533		
11.21		0.12507		
11.22		0.12481		
11.23		0.12455		
11.24		0.12429		
11.25		0.12403		
11.26		0.12377		
11.27		0.12352		
11.28		0.12326		
11.29		0.123		
11.3		0.12275		
11.31		0.12249		
11.32		0.12224		
11.33		0.12199		
11.34		0.12173		
11.35		0.12148		
11.36		0.12123		
11.37		0.12098		
11.38		0.12073		
11.39		0.12048		
11.4		0.12024		
11.41		0.11999		
11.42		0.11974		
11.43		0.1195		
11.44		0.11925		
11.45		0.11901		
11.46		0.11876		
11.47		0.11852		
11.48		0.11828		
11.49		0.11804		
11.5		0.1178		
11.51		0.11756		
11.52		0.11732		
11.53		0.11708		
11.54		0.11684		
11.55		0.11661		
11.56		0.11637		
11.57		0.11613		
11.58		0.1159		
11.59		0.11566		
11.6		0.11543		
11.61		0.1152		
11.62		0.11497		
11.63		0.11473		
11.64		0.1145		
11.65		0.11427		
11.66		0.11404		
11.67		0.11381		
11.68		0.11359		
11.69		0.11336		
11.7		0.11313		
11.71		0.1129		
11.72		0.11268		
11.73		0.11245		
11.74		0.11223		
11.75		0.11201		
11.76		0.11178		
11.77		0.11156		
11.78		0.11134		
11.79		0.11112		
11.8		0.1109		
11.81		0.11068		
11.82		0.11046		
11.83		0.11024		
11.84		0.11002		
11.85		0.1098		
11.86		0.10959		
11.87		0.10937		
11.88		0.10915		
11.89		0.10894		
11.9		0.10872		
11.91		0.10851		
11.92		0.1083		
11.93		0.10808		
11.94		0.10787		
11.95		0.10766		
11.96		0.10745		
11.97		0.10724		
11.98		0.10703		
11.99		0.10682		
12		0.10661		
12.01		0.10641		
12.02		0.1062		
12.03		0.10599		
12.04		0.10578		
12.05		0.10558		
12.06		0.10537		
12.07		0.10517		
12.08		0.10497		
12.09		0.10476		
12.1		0.10456		
12.11		0.10436		
12.12		0.10416		
12.13		0.10396		
12.14		0.10375		
12.15		0.10355		
12.16		0.10336		
12.17		0.10316		
12.18		0.10296		
12.19		0.10276		
12.2		0.10256		
12.21		0.10237		
12.22		0.10217		
12.23		0.10198		
12.24		0.10178		
12.25		0.10159		
12.26		0.10139		
12.27		0.1012		
12.28		0.10101		
12.29		0.10081		
12.3		0.10062		
12.31		0.10043		
12.32		0.10024		
12.33		0.10005		
12.34		0.099859		
12.35		0.09967		
12.36		0.099481		
12.37		0.099293		
12.38		0.099105		
12.39		0.098918		
12.4		0.098731		
12.41		0.098545		
12.42		0.098359		
12.43		0.098174		
12.44		0.097989		
12.45		0.097805		
12.46		0.097622		
12.47		0.097438		
12.48		0.097256		
12.49		0.097073		
12.5		0.096892		
12.51		0.096711		
12.52		0.09653		
12.53		0.09635		
12.54		0.09617		
12.55		0.095991		
12.56		0.095812		
12.57		0.095633		
12.58		0.095456		
12.59		0.095278		
12.6		0.095101		
12.61		0.094925		
12.62		0.094749		
12.63		0.094573		
12.64		0.094398		
12.65		0.094224		
12.66		0.09405		
12.67		0.093876		
12.68		0.093703		
12.69		0.09353		
12.7		0.093358		
12.71		0.093186		
12.72		0.093015		
12.73		0.092844		
12.74		0.092673		
12.75		0.092503		
12.76		0.092334		
12.77		0.092165		
12.78		0.091996		
12.79		0.091828		
12.8		0.09166		
12.81		0.091493		
12.82		0.091326		
12.83		0.091159		
12.84		0.090993		
12.85		0.090828		
12.86		0.090663		
12.87		0.090498		
12.88		0.090334		
12.89		0.09017		
12.9		0.090006		
12.91		0.089843		
12.92		0.089681		
12.93		0.089518		
12.94		0.089357		
12.95		0.089195		
12.96		0.089035		
12.97		0.088874		
12.98		0.088714		
12.99		0.088554		
13		0.088395		
13.01		0.088236		
13.02		0.088078		
13.03		0.08792		
13.04		0.087762		
13.05		0.087605		
13.06		0.087448		
13.07		0.087292		
13.08		0.087136		
13.09		0.08698		
13.1		0.086825		
13.11		0.08667		
13.12		0.086516		
13.13		0.086362		
13.14		0.086208		
13.15		0.086055		
13.16		0.085902		
13.17		0.08575		
13.18		0.085597		
13.19		0.085446		
13.2		0.085295		
13.21		0.085144		
13.22		0.084993		
13.23		0.084843		
13.24		0.084693		
13.25		0.084544		
13.26		0.084395		
13.27		0.084246		
13.28		0.084098		
13.29		0.08395		
13.3		0.083803		
13.31		0.083656		
13.32		0.083509		
13.33		0.083362		
13.34		0.083216		
13.35		0.083071		
13.36		0.082925		
13.37		0.082781		
13.38		0.082636		
13.39		0.082492		
13.4		0.082348		
13.41		0.082205		
13.42		0.082061		
13.43		0.081919		
13.44		0.081776		
13.45		0.081634		
13.46		0.081493		
13.47		0.081351		
13.48		0.08121		
13.49		0.08107		
13.5		0.080929		
13.51		0.080789		
13.52		0.08065		
13.53		0.080511		
13.54		0.080372		
13.55		0.080233		
13.56		0.080095		
13.57		0.079957		
13.58		0.07982		
13.59		0.079682		
13.6		0.079546		
13.61		0.079409		
13.62		0.079273		
13.63		0.079137		
13.64		0.079002		
13.65		0.078866		
13.66		0.078732		
13.67		0.078597		
13.68		0.078463		
13.69		0.078329		
13.7		0.078196		
13.71		0.078062		
13.72		0.07793		
13.73		0.077797		
13.74		0.077665		
13.75		0.077533		
13.76		0.077401		
13.77		0.07727		
13.78		0.077139		
13.79		0.077009		
13.8		0.076878		
13.81		0.076748		
13.82		0.076619		
13.83		0.076489		
13.84		0.07636		
13.85		0.076232		
13.86		0.076103		
13.87		0.075975		
13.88		0.075847		
13.89		0.07572		
13.9		0.075593		
13.91		0.075466		
13.92		0.075339		
13.93		0.075213		
13.94		0.075087		
13.95		0.074961		
13.96		0.074836		
13.97		0.074711		
13.98		0.074586		
13.99		0.074462		
14		0.074338		
14.01		0.074214		
14.02		0.07409		
14.03		0.073967		
14.04		0.073844		
14.05		0.073722		
14.06		0.073599		
14.07		0.073477		
14.08		0.073355		
14.09		0.073234		
14.1		0.073113		
14.11		0.072992		
14.12		0.072871		
14.13		0.072751		
14.14		0.072631		
14.15		0.072511		
14.16		0.072391		
14.17		0.072272		
14.18		0.072153		
14.19		0.072035		
14.2		0.071916		
14.21		0.071798		
14.22		0.07168		
14.23		0.071563		
14.24		0.071446		
14.25		0.071329		
14.26		0.071212		
14.27		0.071096		
14.28		0.070979		
14.29		0.070863		
14.3		0.070748		
14.31		0.070633		
14.32		0.070517		
14.33		0.070403		
14.34		0.070288		
14.35		0.070174		
14.36		0.07006		
14.37		0.069946		
14.38		0.069833		
14.39		0.06972		
14.4		0.069607		
14.41		0.069494		
14.42		0.069382		
14.43		0.069269		
14.44		0.069157		
14.45		0.069046		
14.46		0.068935		
14.47		0.068823		
14.48		0.068713		
14.49		0.068602		
14.5		0.068492		
14.51		0.068382		
14.52		0.068272		
14.53		0.068162		
14.54		0.068053		
14.55		0.067944		
14.56		0.067835		
14.57		0.067726		
14.58		0.067618		
14.59		0.06751		
14.6		0.067402		
14.61		0.067295		
14.62		0.067187		
14.63		0.06708		
14.64		0.066973		
14.65		0.066867		
14.66		0.06676		
14.67		0.066654		
14.68		0.066548		
14.69		0.066443		
14.7		0.066337		
14.71		0.066232		
14.72		0.066127		
14.73		0.066023		
14.74		0.065918		
14.75		0.065814		
14.76		0.06571		
14.77		0.065606		
14.78		0.065503		
14.79		0.0654		
14.8		0.065297		
14.81		0.065194		
14.82		0.065091		
14.83		0.064989		
14.84		0.064887		
14.85		0.064785		
14.86		0.064684		
14.87		0.064582		
14.88		0.064481		
14.89		0.06438		
14.9		0.064279		
14.91		0.064179		
14.92		0.064079		
14.93		0.063979		
14.94		0.063879		
14.95		0.063779		
14.96		0.06368		
14.97		0.063581		
14.98		0.063482		
14.99		0.063383		
15		0.063285		
15.01		0.063186		
15.02		0.063088		
15.03		0.062991		
15.04		0.062893		
15.05		0.062796		
15.06		0.062699		
15.07		0.062602		
15.08		0.062505		
15.09		0.062408		
15.1		0.062312		
15.11		0.062216		
15.12		0.06212		
15.13		0.062024		
15.14		0.061929		
15.15		0.061834		
15.16		0.061739		
15.17		0.061644		
15.18		0.061549		
15.19		0.061455		
15.2		0.061361		
15.21		0.061267		
15.22		0.061173		
15.23		0.061079		
15.24		0.060986		
15.25		0.060893		
15.26		0.0608		
15.27		0.060707		
15.28		0.060615		
15.29		0.060522		
15.3		0.06043		
15.31		0.060338		
15.32		0.060246		
15.33		0.060155		
15.34		0.060064		
15.35		0.059972		
15.36		0.059882		
15.37		0.059791		
15.38		0.0597		
15.39		0.05961		
15.4		0.05952		
15.41		0.05943		
15.42		0.05934		
15.43		0.05925		
15.44		0.059161		
15.45		0.059072		
15.46		0.058983		
15.47		0.058894		
15.48		0.058806		
15.49		0.058717		
15.5		0.058629		
15.51		0.058541		
15.52		0.058453		
15.53		0.058365		
15.54		0.058278		
15.55		0.058191		
15.56		0.058104		
15.57		0.058017		
15.58		0.05793		
15.59		0.057844		
15.6		0.057757		
15.61		0.057671		
15.62		0.057585		
15.63		0.057499		
15.64		0.057414		
15.65		0.057328		
15.66		0.057243		
15.67		0.057158		
15.68		0.057073		
15.69		0.056989		
15.7		0.056904		
15.71		0.05682		
15.72		0.056736		
15.73		0.056652		
15.74		0.056568		
15.75		0.056484		
15.76		0.056401		
15.77		0.056318		
15.78		0.056235		
15.79		0.056152		
15.8		0.056069		
15.81		0.055986		
15.82		0.055904		
15.83		0.055822		
15.84		0.05574		
15.85		0.055658		
15.86		0.055576		
15.87		0.055495		
15.88		0.055413		
15.89		0.055332		
15.9		0.055251		
15.91		0.05517		
15.92		0.05509		
15.93		0.055009		
15.94		0.054929		
15.95		0.054849		
15.96		0.054769		
15.97		0.054689		
15.98		0.054609		
15.99		0.05453		
16		0.054451		
16.01		0.054372		
16.02		0.054293		
16.03		0.054214		
16.04		0.054135		
16.05		0.054057		
16.06		0.053978		
16.07		0.0539		
16.08		0.053822		
16.09		0.053744		
16.1		0.053667		
16.11		0.053589		
16.12		0.053512		
16.13		0.053435		
16.14		0.053358		
16.15		0.053281		
16.16		0.053204		
16.17		0.053128		
16.18		0.053051		
16.19		0.052975		
16.2		0.052899		
16.21		0.052823		
16.22		0.052747		
16.23		0.052672		
16.24		0.052596		
16.25		0.052521		
16.26		0.052446		
16.27		0.052371		
16.28		0.052296		
16.29		0.052221		
16.3		0.052147		
16.31		0.052072		
16.32		0.051998		
16.33		0.051924		
16.34		0.05185		
16.35		0.051776		
16.36		0.051703		
16.37		0.051629		
16.38		0.051556		
16.39		0.051483		
16.4		0.05141		
16.41		0.051337		
16.42		0.051264		
16.43		0.051192		
16.44		0.051119		
16.45		0.051047		
16.46		0.050975		
16.47		0.050903		
16.48		0.050831		
16.49		0.05076		
16.5		0.050688		
16.51		0.050617		
16.52		0.050545		
16.53		0.050474		
16.54		0.050403		
16.55		0.050333		
16.56		0.050262		
16.57		0.050191		
16.58		0.050121		
16.59		0.050051		
16.6		0.049981		
16.61		0.049911		
16.62		0.049841		
16.63		0.049771		
16.64		0.049702		
16.65		0.049632		
16.66		0.049563		
16.67		0.049494		
16.68		0.049425		
16.69		0.049356		
16.7		0.049287		
16.71		0.049219		
16.72		0.04915		
16.73		0.049082		
16.74		0.049014		
16.75		0.048946		
16.76		0.048878		
16.77		0.04881		
16.78		0.048743		
16.79		0.048675		
16.8		0.048608		
16.81		0.048541		
16.82		0.048474		
16.83		0.048407		
16.84		0.04834		
16.85		0.048273		
16.86		0.048207		
16.87		0.04814		
16.88		0.048074		
16.89		0.048008		
16.9		0.047942		
16.91		0.047876		
16.92		0.04781		
16.93		0.047744		
16.94		0.047679		
16.95		0.047614		
16.96		0.047548		
16.97		0.047483		
16.98		0.047418		
16.99		0.047353		
17		0.047289		
17.01		0.047224		
17.02		0.04716		
17.03		0.047095		
17.04		0.047031		
17.05		0.046967		
17.06		0.046903		
17.07		0.046839		
17.08		0.046775		
17.09		0.046712		
17.1		0.046648		
17.11		0.046585		
17.12		0.046522		
17.13		0.046459		
17.14		0.046396		
17.15		0.046333		
17.16		0.04627		
17.17		0.046208		
17.18		0.046145		
17.19		0.046083		
17.2		0.04602		
17.21		0.045958		
17.22		0.045896		
17.23		0.045834		
17.24		0.045773		
17.25		0.045711		
17.26		0.045649		
17.27		0.045588		
17.28		0.045527		
17.29		0.045466		
17.3		0.045405		
17.31		0.045344		
17.32		0.045283		
17.33		0.045222		
17.34		0.045162		
17.35		0.045101		
17.36		0.045041		
17.37		0.044981		
17.38		0.04492		
17.39		0.04486		
17.4		0.044801		
17.41		0.044741		
17.42		0.044681		
17.43		0.044622		
17.44		0.044562		
17.45		0.044503		
17.46		0.044444		
17.47		0.044385		
17.48		0.044326		
17.49		0.044267		
17.5		0.044208		
17.51		0.044149		
17.52		0.044091		
17.53		0.044033		
17.54		0.043974		
17.55		0.043916		
17.56		0.043858		
17.57		0.0438		
17.58		0.043742		
17.59		0.043684		
17.6		0.043627		
17.61		0.043569		
17.62		0.043512		
17.63		0.043455		
17.64		0.043397		
17.65		0.04334		
17.66		0.043283		
17.67		0.043226		
17.68		0.04317		
17.69		0.043113		
17.7		0.043056		
17.71		0.043		
17.72		0.042944		
17.73		0.042887		
17.74		0.042831		
17.75		0.042775		
17.76		0.042719		
17.77		0.042664		
17.78		0.042608		
17.79		0.042552		
17.8		0.042497		
17.81		0.042441		
17.82		0.042386		
17.83		0.042331		
17.84		0.042276		
17.85		0.042221		
17.86		0.042166		
17.87		0.042111		
17.88		0.042056		
17.89		0.042002		
17.9		0.041947		
17.91		0.041893		
17.92		0.041839		
17.93		0.041785		
17.94		0.041731		
17.95		0.041677		
17.96		0.041623		
17.97		0.041569		
17.98		0.041515		
17.99		0.041462		
18		0.041408		
18.01		0.041355		
18.02		0.041302		
18.03		0.041249		
18.04		0.041196		
18.05		0.041143		
18.06		0.04109		
18.07		0.041037		
18.08		0.040984		
18.09		0.040932		
18.1		0.040879		
18.11		0.040827		
18.12		0.040775		
18.13		0.040722		
18.14		0.04067		
18.15		0.040618		
18.16		0.040566		
18.17		0.040515		
18.18		0.040463		
18.19		0.040411		
18.2		0.04036		
18.21		0.040308		
18.22		0.040257		
18.23		0.040206		
18.24		0.040155		
18.25		0.040103		
18.26		0.040053		
18.27		0.040002		
18.28		0.039951		
18.29		0.0399		
18.3		0.03985		
18.31		0.039799		
18.32		0.039749		
18.33		0.039698		
18.34		0.039648		
18.35		0.039598		
18.36		0.039548		
18.37		0.039498		
18.38		0.039448		
18.39		0.039398		
18.4		0.039349		
18.41		0.039299		
18.42		0.03925		
18.43		0.0392		
18.44		0.039151		
18.45		0.039102		
18.46		0.039053		
18.47		0.039004		
18.48		0.038955		
18.49		0.038906		
18.5		0.038857		
18.51		0.038808		
18.52		0.03876		
18.53		0.038711		
18.54		0.038663		
18.55		0.038614		
18.56		0.038566		
18.57		0.038518		
18.58		0.03847		
18.59		0.038422		
18.6		0.038374		
18.61		0.038326		
18.62		0.038278		
18.63		0.038231		
18.64		0.038183		
18.65		0.038136		
18.66		0.038088		
18.67		0.038041		
18.68		0.037994		
18.69		0.037947		
18.7		0.0379		
18.71		0.037853		
18.72		0.037806		
18.73		0.037759		
18.74		0.037712		
18.75		0.037666		
18.76		0.037619		
18.77		0.037572		
18.78		0.037526		
18.79		0.03748		
18.8		0.037434		
18.81		0.037387		
18.82		0.037341		
18.83		0.037295		
18.84		0.037249		
18.85		0.037204		
18.86		0.037158		
18.87		0.037112		
18.88		0.037067		
18.89		0.037021		
18.9		0.036976		
18.91		0.03693		
18.92		0.036885		
18.93		0.03684		
18.94		0.036795		
18.95		0.03675		
18.96		0.036705		
18.97		0.03666		
18.98		0.036615		
18.99		0.036571		
19		0.036526		
19.01		0.036481		
19.02		0.036437		
19.03		0.036393		
19.04		0.036348		
19.05		0.036304		
19.06		0.03626		
19.07		0.036216		
19.08		0.036172		
19.09		0.036128		
19.1		0.036084		
19.11		0.03604		
19.12		0.035997		
19.13		0.035953		
19.14		0.035909		
19.15		0.035866		
19.16		0.035822		
19.17		0.035779		
19.18		0.035736		
19.19		0.035693		
19.2		0.03565		
19.21		0.035607		
19.22		0.035564		
19.23		0.035521		
19.24		0.035478		
19.25		0.035435		
19.26		0.035393		
19.27		0.03535		
19.28		0.035308		
19.29		0.035265		
19.3		0.035223		
19.31		0.035181		
19.32		0.035138		
19.33		0.035096		
19.34		0.035054		
19.35		0.035012		
19.36		0.03497		
19.37		0.034928		
19.38		0.034887		
19.39		0.034845		
19.4		0.034803		
19.41		0.034762		
19.42		0.03472		
19.43		0.034679		
19.44		0.034638		
19.45		0.034596		
19.46		0.034555		
19.47		0.034514		
19.48		0.034473		
19.49		0.034432		
19.5		0.034391		
19.51		0.03435		
19.52		0.034309		
19.53		0.034269		
19.54		0.034228		
19.55		0.034187		
19.56		0.034147		
19.57		0.034107		
19.58		0.034066		
19.59		0.034026		
19.6		0.033986		
19.61		0.033945		
19.62		0.033905		
19.63		0.033865		
19.64		0.033825		
19.65		0.033786		
19.66		0.033746		
19.67		0.033706		
19.68		0.033666		
19.69		0.033627		
19.7		0.033587		
19.71		0.033548		
19.72		0.033508		
19.73		0.033469		
19.74		0.03343		
19.75		0.03339		
19.76		0.033351		
19.77		0.033312		
19.78		0.033273		
19.79		0.033234		
19.8		0.033195		
19.81		0.033156		
19.82		0.033118		
19.83		0.033079		
19.84		0.03304		
19.85		0.033002		
19.86		0.032963		
19.87		0.032925		
19.88		0.032887		
19.89		0.032848		
19.9		0.03281		
19.91		0.032772		
19.92		0.032734		
19.93		0.032696		
19.94		0.032658		
19.95		0.03262		
19.96		0.032582		
19.97		0.032544		
19.98		0.032506		
19.99		0.032469		
20		0.032431		
