t [fm]		pi [fm^-4]
0.25		173.34
0.29		142.4		
0.33		119.64		
0.37		102.28		
0.41		88.647		
0.45		77.708		
0.49		68.764		
0.53		61.34		
0.57		55.096		
0.61		49.784		
0.65		45.221		
0.69		41.268		
0.73		37.816		
0.77		34.782		
0.81		32.098		
0.85		29.712		
0.89		27.58		
0.93		25.665		
0.97		23.939		
1.01		22.378		
1.05		20.96		
1.09		19.669		
1.13		18.489		
1.17		17.408		
1.21		16.415		
1.25		15.501		
1.29		14.658		
1.33		13.878		
1.37		13.156		
1.41		12.486		
1.45		11.862		
1.49		11.282		
1.53		10.74		
1.57		10.234		
1.61		9.7609		
1.65		9.3175		
1.69		8.9017		
1.73		8.5112		
1.77		8.144		
1.81		7.7984		
1.85		7.4728		
1.89		7.1656		
1.93		6.8757		
1.97		6.6016		
2.01		6.3424		
2.05		6.097		
2.09		5.8644		
2.13		5.6439		
2.17		5.4346		
2.21		5.2358		
2.25		5.0469		
2.29		4.8672		
2.33		4.6962		
2.37		4.5333		
2.41		4.378		
2.45		4.23		
2.49		4.0887		
2.53		3.9538		
2.57		3.825		
2.61		3.7018		
2.65		3.584		
2.69		3.4713		
2.73		3.3633		
2.77		3.26		
2.81		3.1609		
2.85		3.0659		
2.89		2.9748		
2.93		2.8873		
2.97		2.8034		
3.01		2.7227		
3.05		2.6452		
3.09		2.5707		
3.13		2.4991		
3.17		2.4302		
3.21		2.3638		
3.25		2.2999		
3.29		2.2384		
3.33		2.1791		
3.37		2.1219		
3.41		2.0668		
3.45		2.0137		
3.49		1.9624		
3.53		1.9129		
3.57		1.8651		
3.61		1.8189		
3.65		1.7743		
3.69		1.7312		
3.73		1.6895		
3.77		1.6492		
3.81		1.6102		
3.85		1.5724		
3.89		1.5359		
3.93		1.5006		
3.97		1.4663		
4.01		1.4332		
4.05		1.401		
4.09		1.3699		
4.13		1.3397		
4.17		1.3104		
4.21		1.282		
4.25		1.2545		
4.29		1.2277		
4.33		1.2018		
4.37		1.1766		
4.41		1.1521		
4.45		1.1284		
4.49		1.1053		
4.53		1.0828		
4.57		1.061		
4.61		1.0398		
4.65		1.0192		
4.69		0.99918		
4.73		0.97968		
4.77		0.9607		
4.81		0.94224		
4.85		0.92427		
4.89		0.90677		
4.93		0.88973		
4.97		0.87314		
5.01		0.85698		
5.05		0.84123		
5.09		0.82589		
5.13		0.81093		
5.17		0.79635		
5.21		0.78214		
5.25		0.76828		
5.29		0.75476		
5.33		0.74157		
5.37		0.7287		
5.41		0.71615		
5.45		0.70389		
5.49		0.69193		
5.53		0.68025		
5.57		0.66885		
5.61		0.65771		
5.65		0.64684		
5.69		0.63621		
5.73		0.62583		
5.77		0.61569		
5.81		0.60577		
5.85		0.59608		
5.89		0.58661		
5.93		0.57734		
5.97		0.56828		
6.01		0.55942		
6.05		0.55076		
6.09		0.54228		
6.13		0.53399		
6.17		0.52587		
6.21		0.51792		
6.25		0.51015		
6.29		0.50254		
6.33		0.49508		
6.37		0.48779		
6.41		0.48064		
6.45		0.47364		
6.49		0.46678		
6.53		0.46007		
6.57		0.45349		
6.61		0.44704		
6.65		0.44072		
6.69		0.43452		
6.73		0.42845		
6.77		0.4225		
6.81		0.41666		
6.85		0.41094		
6.89		0.40533		
6.93		0.39982		
6.97		0.39443		
7.01		0.38913		
7.05		0.38393		
7.09		0.37884		
7.13		0.37383		
7.17		0.36892		
7.21		0.3641		
7.25		0.35937		
7.29		0.35473		
7.33		0.35017		
7.37		0.34569		
7.41		0.3413		
7.45		0.33698		
7.49		0.33274		
7.53		0.32857		
7.57		0.32448		
7.61		0.32046		
7.65		0.31651		
7.69		0.31263		
7.73		0.30882		
7.77		0.30507		
7.81		0.30139		
7.85		0.29777		
7.89		0.29421		
7.93		0.29071		
7.97		0.28727		
8.01		0.28388		
8.05		0.28056		
8.09		0.27729		
8.13		0.27407		
8.17		0.2709		
8.21		0.26779		
8.25		0.26473		
8.29		0.26171		
8.33		0.25875		
8.37		0.25583		
8.41		0.25296		
8.45		0.25013		
8.49		0.24735		
8.53		0.24461		
8.57		0.24192		
8.61		0.23927		
8.65		0.23666		
8.69		0.23408		
8.73		0.23155		
8.77		0.22906		
8.81		0.2266		
8.85		0.22419		
8.89		0.2218		
8.93		0.21946		
8.97		0.21715		
9.01		0.21487		
9.05		0.21263		
9.09		0.21042		
9.13		0.20824		
9.17		0.2061		
9.21		0.20398		
9.25		0.2019		
9.29		0.19985		
9.33		0.19782		
9.37		0.19583		
9.41		0.19386		
9.45		0.19192		
9.49		0.19001		
9.53		0.18813		
9.57		0.18627		
9.61		0.18444		
9.65		0.18263		
9.69		0.18085		
9.73		0.17909		
9.77		0.17736		
9.81		0.17565		
9.85		0.17397		
9.89		0.1723		
9.93		0.17066		
9.97		0.16904		
10.01		0.16745		
10.05		0.16587		
10.09		0.16432		
10.13		0.16278		
10.17		0.16127		
10.21		0.15978		
10.25		0.1583		
10.29		0.15685		
10.33		0.15541		
10.37		0.15399		
10.41		0.1526		
10.45		0.15121		
10.49		0.14985		
10.53		0.14851		
10.57		0.14718		
10.61		0.14586		
10.65		0.14457		
10.69		0.14329		
10.73		0.14203		
10.77		0.14078		
10.81		0.13955		
10.85		0.13833		
10.89		0.13713		
10.93		0.13594		
10.97		0.13477		
11.01		0.13361		
11.05		0.13247		
11.09		0.13133		
11.13		0.13022		
11.17		0.12911		
11.21		0.12802		
11.25		0.12695		
11.29		0.12588		
11.33		0.12483		
11.37		0.12379		
11.41		0.12277		
11.45		0.12175		
11.49		0.12075		
11.53		0.11976		
11.57		0.11878		
11.61		0.11781		
11.65		0.11685		
11.69		0.1159		
11.73		0.11497		
11.77		0.11404		
11.81		0.11313		
11.85		0.11222		
11.89		0.11133		
11.93		0.11045		
11.97		0.10957		
12.01		0.10871		
12.05		0.10785		
12.09		0.10701		
12.13		0.10617		
12.17		0.10535		
12.21		0.10453		
12.25		0.10372		
12.29		0.10292		
12.33		0.10213		
12.37		0.10135		
12.41		0.10058		
12.45		0.09981		
12.49		0.099053		
12.53		0.098304		
12.57		0.097563		
12.61		0.096829		
12.65		0.096104		
12.69		0.095386		
12.73		0.094676		
12.77		0.093974		
12.81		0.093278		
12.85		0.09259		
12.89		0.091909		
12.93		0.091236		
12.97		0.090569		
13.01		0.089909		
13.05		0.089256		
13.09		0.088609		
13.13		0.087969		
13.17		0.087336		
13.21		0.086709		
13.25		0.086089		
13.29		0.085475		
13.33		0.084867		
13.37		0.084265		
13.41		0.083669		
13.45		0.083079		
13.49		0.082495		
13.53		0.081917		
13.57		0.081344		
13.61		0.080777		
13.65		0.080216		
13.69		0.07966		
13.73		0.07911		
13.77		0.078565		
13.81		0.078025		
13.85		0.077491		
13.89		0.076961		
13.93		0.076437		
13.97		0.075918		
14.01		0.075404		
14.05		0.074895		
14.09		0.074391		
14.13		0.073891		
14.17		0.073396		
14.21		0.072906		
14.25		0.072421		
14.29		0.07194		
14.33		0.071463		
14.37		0.070991		
14.41		0.070524		
14.45		0.07006		
14.49		0.069602		
14.53		0.069147		
14.57		0.068696		
14.61		0.06825		
14.65		0.067808		
14.69		0.06737		
14.73		0.066935		
14.77		0.066505		
14.81		0.066079		
14.85		0.065656		
14.89		0.065238		
14.93		0.064823		
14.97		0.064412		
15.01		0.064004		
15.05		0.0636		
15.09		0.0632		
15.13		0.062804		
15.17		0.06241		
15.21		0.062021		
15.25		0.061635		
15.29		0.061252		
15.33		0.060872		
15.37		0.060496		
15.41		0.060123		
15.45		0.059754		
15.49		0.059387		
15.53		0.059024		
15.57		0.058664		
15.61		0.058307		
15.65		0.057953		
15.69		0.057602		
15.73		0.057254		
15.77		0.056909		
15.81		0.056567		
15.85		0.056228		
15.89		0.055892		
15.93		0.055559		
15.97		0.055228		
16.01		0.0549		
16.05		0.054575		
16.09		0.054253		
16.13		0.053933		
16.17		0.053616		
16.21		0.053302		
16.25		0.05299		
16.29		0.052681		
16.33		0.052374		
16.37		0.05207		
16.41		0.051769		
16.45		0.05147		
16.49		0.051173		
16.53		0.050879		
16.57		0.050587		
16.61		0.050297		
16.65		0.05001		
16.69		0.049725		
16.73		0.049443		
16.77		0.049162		
16.81		0.048884		
16.85		0.048608		
16.89		0.048335		
16.93		0.048063		
16.97		0.047794		
17.01		0.047527		
17.05		0.047262		
17.09		0.046999		
17.13		0.046738		
17.17		0.046479		
17.21		0.046222		
17.25		0.045967		
17.29		0.045715		
17.33		0.045464		
17.37		0.045215		
17.41		0.044968		
17.45		0.044723		
17.49		0.044479		
17.53		0.044238		
17.57		0.043998		
17.61		0.043761		
17.65		0.043525		
17.69		0.043291		
17.73		0.043059		
17.77		0.042828		
17.81		0.042599		
17.85		0.042372		
17.89		0.042147		
17.93		0.041923		
17.97		0.041701		
18.01		0.041481		
18.05		0.041262		
18.09		0.041045		
18.13		0.04083		
18.17		0.040616		
18.21		0.040404		
18.25		0.040193		
18.29		0.039984		
18.33		0.039776		
18.37		0.03957		
18.41		0.039366		
18.45		0.039163		
18.49		0.038961		
18.53		0.038761		
18.57		0.038562		
18.61		0.038365		
18.65		0.038169		
18.69		0.037975		
18.73		0.037782		
18.77		0.03759		
18.81		0.0374		
18.85		0.037211		
18.89		0.037023		
18.93		0.036837		
18.97		0.036652		
19.01		0.036469		
19.05		0.036286		
19.09		0.036105		
19.13		0.035926		
19.17		0.035747		
19.21		0.03557		
19.25		0.035394		
19.29		0.035219		
19.33		0.035046		
19.37		0.034873		
19.41		0.034702		
19.45		0.034532		
19.49		0.034363		
19.53		0.034196		
19.57		0.034029		
19.61		0.033864		
19.65		0.0337		
19.69		0.033537		
19.73		0.033375		
19.77		0.033214		
19.81		0.033054		
19.85		0.032896		
19.89		0.032738		
19.93		0.032582		
19.97		0.032426		
20.01		0.032272		
20.05		0.032118		
20.09		0.031966		
20.13		0.031815		
20.17		0.031664		
20.21		0.031515		
20.25		0.031367		
20.29		0.031219		
20.33		0.031073		
20.37		0.030927		
20.41		0.030783		
20.45		0.030639		
20.49		0.030497		
20.53		0.030355		
20.57		0.030215		
20.61		0.030075		
20.65		0.029936		
20.69		0.029798		
20.73		0.029661		
20.77		0.029525		
20.81		0.029389		
20.85		0.029255		
20.89		0.029121		
20.93		0.028989		
20.97		0.028857		
21.01		0.028726		
21.05		0.028596		
21.09		0.028466		
21.13		0.028338		
21.17		0.02821		
21.21		0.028083		
21.25		0.027957		
21.29		0.027832		
21.33		0.027707		
21.37		0.027583		
21.41		0.027461		
21.45		0.027338		
21.49		0.027217		
21.53		0.027096		
21.57		0.026976		
21.61		0.026857		
21.65		0.026739		
21.69		0.026621		
21.73		0.026504		
21.77		0.026388		
21.81		0.026272		
21.85		0.026158		
21.89		0.026043		
21.93		0.02593		
21.97		0.025817		
22.01		0.025705		
22.05		0.025594		
22.09		0.025483		
22.13		0.025373		
22.17		0.025264		
22.21		0.025155		
22.25		0.025047		
22.29		0.02494		
22.33		0.024833		
22.37		0.024727		
22.41		0.024622		
22.45		0.024517		
22.49		0.024413		
22.53		0.024309		
22.57		0.024206		
22.61		0.024104		
22.65		0.024002		
22.69		0.023901		
22.73		0.0238		
22.77		0.023701		
22.81		0.023601		
22.85		0.023502		
22.89		0.023404		
22.93		0.023307		
22.97		0.02321		
23.01		0.023113		
23.05		0.023017		
23.09		0.022922		
23.13		0.022827		
23.17		0.022733		
23.21		0.022639		
23.25		0.022546		
23.29		0.022453		
23.33		0.022361		
23.37		0.022269		
23.41		0.022178		
23.45		0.022088		
23.49		0.021998		
23.53		0.021908		
23.57		0.021819		
23.61		0.021731		
23.65		0.021643		
23.69		0.021555		
23.73		0.021468		
23.77		0.021382		
23.81		0.021296		
23.85		0.02121		
23.89		0.021125		
23.93		0.021041		
23.97		0.020957		
24.01		0.020873		
24.05		0.02079		
24.09		0.020707		
24.13		0.020625		
24.17		0.020543		
24.21		0.020462		
24.25		0.020381		
24.29		0.0203		
24.33		0.02022		
24.37		0.020141		
24.41		0.020062		
24.45		0.019983		
24.49		0.019905		
24.53		0.019827		
24.57		0.019749		
24.61		0.019672		
24.65		0.019596		
24.69		0.019519		
24.73		0.019444		
24.77		0.019368		
24.81		0.019293		
24.85		0.019219		
24.89		0.019145		
24.93		0.019071		
24.97		0.018998		
25.01		0.018925		
25.05		0.018852		
25.09		0.01878		
25.13		0.018708		
25.17		0.018637		
25.21		0.018566		
25.25		0.018495		
25.29		0.018425		
25.33		0.018355		
25.37		0.018285		
25.41		0.018216		
25.45		0.018147		
25.49		0.018079		
25.53		0.018011		
25.57		0.017943		
25.61		0.017875		
25.65		0.017808		
25.69		0.017742		
25.73		0.017675		
25.77		0.017609		
25.81		0.017544		
25.85		0.017478		
25.89		0.017413		
25.93		0.017349		
25.97		0.017284		
26.01		0.01722		
26.05		0.017157		
26.09		0.017093		
26.13		0.01703		
26.17		0.016968		
26.21		0.016905		
26.25		0.016843		
26.29		0.016781		
26.33		0.01672		
26.37		0.016659		
26.41		0.016598		
26.45		0.016537		
26.49		0.016477		
26.53		0.016417		
26.57		0.016358		
26.61		0.016298		
26.65		0.016239		
26.69		0.016181		
26.73		0.016122		
26.77		0.016064		
26.81		0.016006		
26.85		0.015949		
26.89		0.015891		
26.93		0.015834		
26.97		0.015778		
27.01		0.015721		
27.05		0.015665		
27.09		0.015609		
27.13		0.015553		
27.17		0.015498		
27.21		0.015443		
27.25		0.015388		
27.29		0.015334		
27.33		0.015279		
27.37		0.015225		
27.41		0.015172		
27.45		0.015118		
27.49		0.015065		
27.53		0.015012		
27.57		0.014959		
27.61		0.014907		
27.65		0.014855		
27.69		0.014803		
27.73		0.014751		
27.77		0.0147		
27.81		0.014648		
27.85		0.014597		
27.89		0.014547		
27.93		0.014496		
27.97		0.014446		
28.01		0.014396		
28.05		0.014346		
28.09		0.014297		
28.13		0.014247		
28.17		0.014198		
28.21		0.014149		
28.25		0.014101		
28.29		0.014052		
28.33		0.014004		
28.37		0.013956		
28.41		0.013909		
28.45		0.013861		
28.49		0.013814		
28.53		0.013767		
28.57		0.01372		
28.61		0.013673		
28.65		0.013627		
28.69		0.013581		
28.73		0.013535		
28.77		0.013489		
28.81		0.013444		
28.85		0.013398		
28.89		0.013353		
28.93		0.013308		
28.97		0.013264		
29.01		0.013219		
29.05		0.013175		
29.09		0.013131		
29.13		0.013087		
29.17		0.013043		
29.21		0.013		
29.25		0.012956		
29.29		0.012913		
29.33		0.01287		
29.37		0.012828		
29.41		0.012785		
29.45		0.012743		
29.49		0.012701		
29.53		0.012659		
29.57		0.012617		
29.61		0.012575		
29.65		0.012534		
29.69		0.012493		
29.73		0.012452		
29.77		0.012411		
29.81		0.01237		
29.85		0.01233		
29.89		0.012289		
29.93		0.012249		
29.97		0.012209		
30.01		0.012169		
30.05		0.01213		
30.09		0.01209		
30.13		0.012051		
30.17		0.012012		
30.21		0.011973		
30.25		0.011935		
30.29		0.011896		
30.33		0.011858		
30.37		0.011819		
30.41		0.011781		
30.45		0.011743		
30.49		0.011706		
30.53		0.011668		
30.57		0.011631		
30.61		0.011593		
30.65		0.011556		
30.69		0.01152		
30.73		0.011483		
30.77		0.011446		
30.81		0.01141		
30.85		0.011374		
30.89		0.011337		
30.93		0.011301		
30.97		0.011266		
31.01		0.01123		
31.05		0.011195		
31.09		0.011159		
31.13		0.011124		
31.17		0.011089		
31.21		0.011054		
31.25		0.01102		
31.29		0.010985		
31.33		0.010951		
31.37		0.010916		
31.41		0.010882		
31.45		0.010848		
31.49		0.010815		
31.53		0.010781		
31.57		0.010748		
31.61		0.010714		
31.65		0.010681		
31.69		0.010648		
31.73		0.010615		
31.77		0.010582		
31.81		0.01055		
31.85		0.010517		
31.89		0.010485		
31.93		0.010453		
31.97		0.010421		
32.01		0.010389		
32.05		0.010357		
32.09		0.010325		
32.13		0.010294		
32.17		0.010263		
32.21		0.010231		
32.25		0.0102		
32.29		0.010169		
32.33		0.010138		
32.37		0.010108		
32.41		0.010077		
32.45		0.010047		
32.49		0.010017		
32.53		0.0099863		
32.57		0.0099563		
32.61		0.0099264		
32.65		0.0098967		
32.69		0.009867		
32.73		0.0098375		
32.77		0.0098081		
32.81		0.0097789		
32.85		0.0097497		
32.89		0.0097207		
32.93		0.0096919		
32.97		0.0096631		
33.01		0.0096345		
33.05		0.0096059		
33.09		0.0095775		
33.13		0.0095493		
33.17		0.0095211		
33.21		0.0094931		
33.25		0.0094652		
33.29		0.0094374		
33.33		0.0094097		
33.37		0.0093822		
33.41		0.0093547		
33.45		0.0093274		
33.49		0.0093002		
33.53		0.0092731		
33.57		0.0092461		
33.61		0.0092192		
33.65		0.0091925		
33.69		0.0091658		
33.73		0.0091393		
33.77		0.0091129		
33.81		0.0090866		
33.85		0.0090604		
33.89		0.0090343		
33.93		0.0090083		
33.97		0.0089824		
34.01		0.0089567		
34.05		0.008931		
34.09		0.0089055		
34.13		0.00888		
34.17		0.0088547		
34.21		0.0088294		
34.25		0.0088043		
34.29		0.0087793		
34.33		0.0087544		
34.37		0.0087295		
34.41		0.0087048		
34.45		0.0086802		
34.49		0.0086557		
34.53		0.0086313		
34.57		0.008607		
34.61		0.0085828		
34.65		0.0085587		
34.69		0.0085346		
34.73		0.0085107		
34.77		0.0084869		
34.81		0.0084632		
34.85		0.0084396		
34.89		0.008416		
34.93		0.0083926		
34.97		0.0083693		
35.01		0.008346		
35.05		0.0083229		
35.09		0.0082998		
35.13		0.0082769		
35.17		0.008254		
35.21		0.0082312		
35.25		0.0082086		
35.29		0.008186		
35.33		0.0081635		
35.37		0.0081411		
35.41		0.0081187		
35.45		0.0080965		
35.49		0.0080744		
35.53		0.0080523		
35.57		0.0080304		
35.61		0.0080085		
35.65		0.0079867		
35.69		0.007965		
35.73		0.0079434		
35.77		0.0079219		
35.81		0.0079004		
35.85		0.0078791		
35.89		0.0078578		
35.93		0.0078366		
35.97		0.0078155		
36.01		0.0077945		
36.05		0.0077735		
36.09		0.0077527		
36.13		0.0077319		
36.17		0.0077112		
36.21		0.0076906		
36.25		0.0076701		
36.29		0.0076497		
36.33		0.0076293		
36.37		0.007609		
36.41		0.0075888		
36.45		0.0075687		
36.49		0.0075486		
36.53		0.0075287		
36.57		0.0075088		
36.61		0.007489		
36.65		0.0074692		
36.69		0.0074496		
36.73		0.00743		
36.77		0.0074105		
36.81		0.0073911		
36.85		0.0073717		
36.89		0.0073524		
36.93		0.0073332		
36.97		0.0073141		
37.01		0.007295		
37.05		0.007276		
37.09		0.0072571		
37.13		0.0072383		
37.17		0.0072195		
37.21		0.0072008		
37.25		0.0071822		
37.29		0.0071637		
37.33		0.0071452		
37.37		0.0071268		
37.41		0.0071085		
37.45		0.0070902		
37.49		0.007072		
37.53		0.0070539		
37.57		0.0070358		
37.61		0.0070178		
37.65		0.0069999		
37.69		0.0069821		
37.73		0.0069643		
37.77		0.0069466		
37.81		0.0069289		
37.85		0.0069113		
37.89		0.0068938		
37.93		0.0068764		
37.97		0.006859		
38.01		0.0068417		
38.05		0.0068244		
38.09		0.0068072		
38.13		0.0067901		
38.17		0.006773		
38.21		0.006756		
38.25		0.0067391		
38.29		0.0067222		
38.33		0.0067054		
38.37		0.0066887		
38.41		0.006672		
38.45		0.0066554		
38.49		0.0066389		
38.53		0.0066224		
38.57		0.0066059		
38.61		0.0065896		
38.65		0.0065733		
38.69		0.006557		
38.73		0.0065408		
38.77		0.0065247		
38.81		0.0065086		
38.85		0.0064926		
38.89		0.0064767		
38.93		0.0064608		
38.97		0.0064449		
39.01		0.0064292		
39.05		0.0064134		
39.09		0.0063978		
39.13		0.0063822		
39.17		0.0063666		
39.21		0.0063512		
39.25		0.0063357		
39.29		0.0063204		
39.33		0.006305		
39.37		0.0062898		
39.41		0.0062746		
39.45		0.0062594		
39.49		0.0062443		
39.53		0.0062293		
39.57		0.0062143		
39.61		0.0061994		
39.65		0.0061845		
39.69		0.0061697		
39.73		0.0061549		
39.77		0.0061402		
39.81		0.0061255		
39.85		0.0061109		
39.89		0.0060964		
39.93		0.0060819		
39.97		0.0060674		
40.01		0.006053		
40.05		0.0060387		
40.09		0.0060244		
40.13		0.0060101		
40.17		0.0059959		
40.21		0.0059818		
40.25		0.0059677		
40.29		0.0059536		
40.33		0.0059397		
40.37		0.0059257		
40.41		0.0059118		
40.45		0.005898		
40.49		0.0058842		
40.53		0.0058704		
40.57		0.0058567		
40.61		0.0058431		
40.65		0.0058295		
40.69		0.005816		
40.73		0.0058025		
40.77		0.005789		
40.81		0.0057756		
40.85		0.0057622		
40.89		0.0057489		
40.93		0.0057357		
40.97		0.0057224		
41.01		0.0057093		
41.05		0.0056961		
41.09		0.0056831		
41.13		0.00567		
41.17		0.005657		
41.21		0.0056441		
41.25		0.0056312		
41.29		0.0056183		
41.33		0.0056055		
41.37		0.0055928		
41.41		0.0055801		
41.45		0.0055674		
41.49		0.0055547		
41.53		0.0055422		
41.57		0.0055296		
41.61		0.0055171		
41.65		0.0055047		
41.69		0.0054922		
41.73		0.0054799		
41.77		0.0054676		
41.81		0.0054553		
41.85		0.005443		
41.89		0.0054308		
41.93		0.0054187		
41.97		0.0054066		
42.01		0.0053945		
42.05		0.0053824		
42.09		0.0053705		
42.13		0.0053585		
42.17		0.0053466		
42.21		0.0053347		
42.25		0.0053229		
42.29		0.0053111		
42.33		0.0052994		
42.37		0.0052877		
42.41		0.0052761		
42.45		0.0052646		
42.49		0.0052532		
42.53		0.0052419		
42.57		0.0052307		
42.61		0.0052195		
42.65		0.0052084		
42.69		0.0051974		
42.73		0.0051864		
42.77		0.0051755		
42.81		0.0051647		
42.85		0.005154		
42.89		0.0051433		
42.93		0.0051326		
42.97		0.0051221		
43.01		0.0051115		
43.05		0.0051011		
43.09		0.0050907		
43.13		0.0050803		
43.17		0.00507		
43.21		0.0050598		
43.25		0.0050496		
43.29		0.0050394		
43.33		0.0050293		
43.37		0.0050193		
43.41		0.0050093		
43.45		0.0049993		
43.49		0.0049894		
43.53		0.0049795		
43.57		0.0049697		
43.61		0.0049599		
43.65		0.0049502		
43.69		0.0049405		
43.73		0.0049308		
43.77		0.0049212		
43.81		0.0049116		
43.85		0.0049021		
43.89		0.0048926		
43.93		0.0048831		
43.97		0.0048737		
44.01		0.0048643		
44.05		0.0048549		
44.09		0.0048456		
44.13		0.0048364		
44.17		0.0048272		
44.21		0.004818		
44.25		0.0048089		
44.29		0.0047998		
44.33		0.0047907		
44.37		0.0047817		
44.41		0.0047728		
44.45		0.0047639		
44.49		0.0047551		
44.53		0.0047463		
44.57		0.0047375		
44.61		0.0047288		
44.65		0.0047202		
44.69		0.0047116		
44.73		0.004703		
44.77		0.0046945		
44.81		0.0046861		
44.85		0.0046776		
44.89		0.0046693		
44.93		0.004661		
44.97		0.0046527		
45.01		0.0046445		
45.05		0.0046364		
45.09		0.0046283		
45.13		0.0046202		
45.17		0.0046122		
45.21		0.0046043		
45.25		0.0045964		
45.29		0.0045885		
45.33		0.0045807		
45.37		0.0045729		
45.41		0.0045652		
45.45		0.0045575		
45.49		0.0045499		
45.53		0.0045423		
45.57		0.0045348		
45.61		0.0045273		
45.65		0.0045199		
45.69		0.0045125		
45.73		0.0045051		
45.77		0.0044978		
45.81		0.0044906		
45.85		0.0044834		
45.89		0.0044762		
45.93		0.004469		
45.97		0.004462		
46.01		0.0044549		
46.05		0.0044479		
46.09		0.0044409		
46.13		0.004434		
46.17		0.0044271		
46.21		0.0044203		
46.25		0.0044134		
46.29		0.0044067		
46.33		0.0043999		
46.37		0.0043932		
46.41		0.0043866		
46.45		0.00438		
46.49		0.0043734		
46.53		0.0043668		
46.57		0.0043603		
46.61		0.0043538		
46.65		0.0043474		
46.69		0.004341		
46.73		0.0043346		
46.77		0.0043283		
46.81		0.004322		
46.85		0.0043157		
46.89		0.0043095		
46.93		0.0043033		
46.97		0.0042971		
47.01		0.0042909		
47.05		0.0042848		
47.09		0.0042787		
47.13		0.0042727		
47.17		0.0042667		
47.21		0.0042607		
47.25		0.0042547		
47.29		0.0042488		
47.33		0.0042429		
47.37		0.004237		
47.41		0.0042311		
47.45		0.0042253		
47.49		0.0042195		
47.53		0.0042138		
47.57		0.004208		
47.61		0.0042023		
47.65		0.0041966		
47.69		0.004191		
47.73		0.0041853		
47.77		0.0041797		
47.81		0.0041741		
47.85		0.0041686		
47.89		0.004163		
47.93		0.0041575		
47.97		0.0041521		
48.01		0.0041466		
48.05		0.0041412		
48.09		0.0041357		
48.13		0.0041303		
48.17		0.004125		
48.21		0.0041196		
48.25		0.0041143		
48.29		0.004109		
48.33		0.0041037		
48.37		0.0040985		
48.41		0.0040932		
48.45		0.004088		
48.49		0.0040828		
48.53		0.0040777		
48.57		0.0040725		
48.61		0.0040674		
48.65		0.0040623		
48.69		0.0040572		
48.73		0.0040521		
48.77		0.004047		
48.81		0.004042		
48.85		0.004037		
48.89		0.004032		
48.93		0.004027		
48.97		0.0040221		
49.01		0.0040171		
49.05		0.0040122		
49.09		0.0040073		
49.13		0.0040024		
49.17		0.0039975		
49.21		0.0039927		
49.25		0.0039879		
49.29		0.003983		
49.33		0.0039782		
49.37		0.0039735		
49.41		0.0039687		
49.45		0.003964		
49.49		0.0039592		
49.53		0.0039545		
49.57		0.0039498		
49.61		0.0039451		
49.65		0.0039405		
49.69		0.0039358		
49.73		0.0039312		
49.77		0.0039265		
49.81		0.0039219		
49.85		0.0039173		
49.89		0.0039128		
49.93		0.0039082		
49.97		0.0039037		
