tau [fm]		PL/PT
0.25		0.01
0.35		-0.00888593		
0.45		-0.0015696		
0.55		0.0206409		
0.65		0.0498256		
0.75		0.0812606		
0.85		0.112825		
0.95		0.143761		
1.05		0.173823		
1.15		0.202921		
1.25		0.231014		
1.35		0.258076		
1.45		0.284097		
1.55		0.309073		
1.65		0.333009		
1.75		0.355919		
1.85		0.37782		
1.95		0.398736		
2.05		0.418692		
2.15		0.437718		
2.25		0.455848		
2.35		0.473113		
2.45		0.489549		
2.55		0.505192		
2.65		0.520076		
2.75		0.534239		
2.85		0.547714		
2.95		0.560536		
3.05		0.572739		
3.15		0.584355		
3.25		0.595415		
3.35		0.60595		
3.45		0.615989		
3.55		0.625558		
3.65		0.634685		
3.75		0.643394		
3.85		0.651709		
3.95		0.659652		
4.05		0.667243		
4.15		0.674504		
4.25		0.681452		
4.35		0.688106		
4.45		0.694481		
4.55		0.700594		
4.65		0.706458		
4.75		0.712088		
4.85		0.717497		
4.95		0.722695		
5.05		0.727696		
5.15		0.732509		
5.25		0.737144		
5.35		0.74161		
5.45		0.745917		
5.55		0.750072		
5.65		0.754083		
5.75		0.757957		
5.85		0.761702		
5.95		0.765323		
6.05		0.768826		
6.15		0.772217		
6.25		0.775502		
6.35		0.778685		
6.45		0.78177		
6.55		0.784763		
6.65		0.787668		
6.75		0.790487		
6.85		0.793226		
6.95		0.795888		
7.05		0.798475		
7.15		0.800991		
7.25		0.803439		
7.35		0.805822		
7.45		0.808142		
7.55		0.810402		
7.65		0.812604		
7.75		0.814751		
7.85		0.816844		
7.95		0.818886		
8.05		0.820878		
8.15		0.822823		
8.25		0.824721		
8.35		0.826576		
8.45		0.828388		
8.55		0.830159		
8.65		0.83189		
8.75		0.833583		
8.85		0.835239		
8.95		0.836859		
9.05		0.838444		
9.15		0.839996		
9.25		0.841516		
9.35		0.843004		
9.45		0.844462		
9.55		0.845891		
9.65		0.847292		
9.75		0.848664		
9.85		0.850011		
9.95		0.851331		
10.05		0.852626		
10.15		0.853897		
10.25		0.855144		
10.35		0.856368		
10.45		0.85757		
10.55		0.85875		
10.65		0.859909		
10.75		0.861048		
10.85		0.862167		
10.95		0.863266		
11.05		0.864347		
11.15		0.865409		
11.25		0.866454		
11.35		0.867481		
11.45		0.868491		
11.55		0.869485		
11.65		0.870463		
11.75		0.871425		
11.85		0.872372		
11.95		0.873304		
12.05		0.874221		
12.15		0.875125		
12.25		0.876015		
12.35		0.876891		
12.45		0.877754		
12.55		0.878604		
12.65		0.879442		
12.75		0.880268		
12.85		0.881081		
12.95		0.881883		
13.05		0.882674		
13.15		0.883453		
13.25		0.884222		
13.35		0.88498		
13.45		0.885727		
13.55		0.886464		
13.65		0.887192		
13.75		0.887909		
13.85		0.888617		
13.95		0.889316		
14.05		0.890005		
14.15		0.890686		
14.25		0.891358		
14.35		0.892021		
14.45		0.892676		
14.55		0.893323		
14.65		0.893961		
14.75		0.894592		
14.85		0.895214		
14.95		0.89583		
15.05		0.896437		
15.15		0.897038		
15.25		0.897631		
15.35		0.898217		
15.45		0.898797		
15.55		0.899369		
15.65		0.899935		
15.75		0.900494		
15.85		0.901047		
15.95		0.901594		
16.05		0.902134		
16.15		0.902669		
16.25		0.903197		
16.35		0.90372		
16.45		0.904236		
16.55		0.904747		
16.65		0.905253		
16.75		0.905753		
16.85		0.906248		
16.95		0.906737		
17.05		0.907222		
17.15		0.907701		
17.25		0.908175		
17.35		0.908644		
17.45		0.909108		
17.55		0.909568		
17.65		0.910023		
17.75		0.910473		
17.85		0.910919		
17.95		0.91136		
18.05		0.911797		
18.15		0.912229		
18.25		0.912657		
18.35		0.913081		
18.45		0.913501		
18.55		0.913917		
18.65		0.914328		
18.75		0.914736		
18.85		0.91514		
18.95		0.91554		
19.05		0.915936		
19.15		0.916328		
19.25		0.916717		
19.35		0.917102		
19.45		0.917484		
19.55		0.917862		
19.65		0.918237		
19.75		0.918608		
19.85		0.918975		
19.95		0.91934		
20.05		0.919701		
20.15		0.920059		
20.25		0.920414		
20.35		0.920765		
20.45		0.921114		
20.55		0.921459		
20.65		0.921801		
20.75		0.92214		
20.85		0.922477		
20.95		0.92281		
21.05		0.923141		
21.15		0.923469		
21.25		0.923794		
21.35		0.924116		
21.45		0.924435		
21.55		0.924752		
21.65		0.925066		
21.75		0.925377		
21.85		0.925686		
21.95		0.925992		
22.05		0.926296		
22.15		0.926597		
22.25		0.926896		
22.35		0.927192		
22.45		0.927486		
22.55		0.927778		
22.65		0.928067		
22.75		0.928353		
22.85		0.928638		
22.95		0.92892		
23.05		0.9292		
23.15		0.929478		
23.25		0.929753		
23.35		0.930026		
23.45		0.930297		
23.55		0.930566		
23.65		0.930833		
23.75		0.931098		
23.85		0.931361		
23.95		0.931621		
24.05		0.93188		
24.15		0.932137		
24.25		0.932391		
24.35		0.932644		
24.45		0.932895		
24.55		0.933144		
24.65		0.933391		
24.75		0.933636		
24.85		0.933879		
24.95		0.93412		
25.05		0.93436		
25.15		0.934598		
25.25		0.934834		
25.35		0.935068		
25.45		0.9353		
25.55		0.935531		
25.65		0.93576		
25.75		0.935987		
25.85		0.936213		
25.95		0.936437		
26.05		0.936659		
26.15		0.93688		
26.25		0.937099		
26.35		0.937316		
26.45		0.937532		
26.55		0.937746		
26.65		0.937959		
26.75		0.93817		
26.85		0.93838		
26.95		0.938588		
27.05		0.938794		
27.15		0.939		
27.25		0.939203		
27.35		0.939405		
27.45		0.939606		
27.55		0.939805		
27.65		0.940003		
27.75		0.940199		
27.85		0.940394		
27.95		0.940588		
28.05		0.94078		
28.15		0.940971		
28.25		0.941161		
28.35		0.941349		
28.45		0.941535		
28.55		0.941721		
28.65		0.941905		
28.75		0.942088		
28.85		0.942269		
28.95		0.94245		
29.05		0.942629		
29.15		0.942806		
29.25		0.942983		
29.35		0.943158		
29.45		0.943332		
29.55		0.943505		
29.65		0.943676		
29.75		0.943847		
29.85		0.944016		
29.95		0.944184		
30.05		0.94435		
30.15		0.944516		
30.25		0.94468		
30.35		0.944844		
30.45		0.945006		
30.55		0.945167		
30.65		0.945327		
30.75		0.945485		
30.85		0.945643		
30.95		0.9458		
31.05		0.945955		
31.15		0.946109		
31.25		0.946262		
31.35		0.946415		
31.45		0.946566		
31.55		0.946716		
31.65		0.946865		
31.75		0.947013		
31.85		0.947159		
31.95		0.947302		
32.05		0.947447		
32.15		0.947596		
32.25		0.947748		
32.35		0.947901		
32.45		0.948057		
32.55		0.948214		
32.65		0.948373		
32.75		0.948532		
32.85		0.948691		
32.95		0.948851		
33.05		0.949012		
33.15		0.949172		
33.25		0.949332		
33.35		0.949493		
33.45		0.949653		
33.55		0.949812		
33.65		0.949972		
33.75		0.950131		
33.85		0.950289		
33.95		0.950447		
34.05		0.950605		
34.15		0.950762		
34.25		0.950919		
34.35		0.951075		
34.45		0.951231		
34.55		0.951386		
34.65		0.95154		
34.75		0.951694		
34.85		0.951847		
34.95		0.951999		
35.05		0.952151		
35.15		0.952303		
35.25		0.952454		
35.35		0.952604		
35.45		0.952753		
35.55		0.952902		
35.65		0.95305		
35.75		0.953198		
35.85		0.953345		
35.95		0.953491		
36.05		0.953637		
36.15		0.953782		
36.25		0.953927		
36.35		0.954071		
36.45		0.954214		
36.55		0.954357		
36.65		0.954499		
36.75		0.95464		
36.85		0.954781		
36.95		0.954921		
37.05		0.955061		
37.15		0.9552		
37.25		0.955338		
37.35		0.955476		
37.45		0.955613		
37.55		0.955749		
37.65		0.955885		
37.75		0.956021		
37.85		0.956156		
37.95		0.95629		
38.05		0.956423		
38.15		0.956556		
38.25		0.956689		
38.35		0.956821		
38.45		0.956952		
38.55		0.957083		
38.65		0.957213		
38.75		0.957342		
38.85		0.957471		
38.95		0.9576		
39.05		0.957727		
39.15		0.957855		
39.25		0.957981		
39.35		0.958108		
39.45		0.958233		
39.55		0.958358		
39.65		0.958483		
39.75		0.958607		
39.85		0.95873		
39.95		0.958853		
40.05		0.958975		
40.15		0.959097		
40.25		0.959218		
40.35		0.959339		
40.45		0.959459		
40.55		0.959579		
40.65		0.959698		
40.75		0.959817		
40.85		0.959935		
40.95		0.960052		
41.05		0.960169		
41.15		0.960286		
41.25		0.960402		
41.35		0.960517		
41.45		0.960632		
41.55		0.960747		
41.65		0.960861		
41.75		0.960974		
41.85		0.961087		
41.95		0.9612		
42.05		0.961311		
42.15		0.961423		
42.25		0.961534		
42.35		0.961644		
42.45		0.961754		
42.55		0.961864		
42.65		0.961973		
42.75		0.962082		
42.85		0.96219		
42.95		0.962297		
43.05		0.962405		
43.15		0.962511		
43.25		0.962617		
43.35		0.962723		
43.45		0.962828		
43.55		0.962933		
43.65		0.963038		
43.75		0.963142		
43.85		0.963245		
43.95		0.963348		
44.05		0.963451		
44.15		0.963553		
44.25		0.963654		
44.35		0.963755		
44.45		0.963856		
44.55		0.963957		
44.65		0.964056		
44.75		0.964153		
44.85		0.964246		
44.95		0.964337		
45.05		0.964426		
45.15		0.964513		
45.25		0.964599		
45.35		0.964683		
45.45		0.964766		
45.55		0.964848		
45.65		0.964929		
45.75		0.965009		
45.85		0.965089		
45.95		0.965168		
46.05		0.965247		
46.15		0.965325		
46.25		0.965402		
46.35		0.965486		
46.45		0.965585		
46.55		0.965696		
46.65		0.965814		
46.75		0.965939		
46.85		0.966067		
46.95		0.966198		
47.05		0.966328		
47.15		0.966457		
47.25		0.966585		
47.35		0.96671		
47.45		0.966831		
47.55		0.966949		
47.65		0.967063		
47.75		0.967173		
47.85		0.967279		
47.95		0.967382		
48.05		0.967481		
48.15		0.967577		
48.25		0.967669		
48.35		0.967759		
48.45		0.967847		
48.55		0.967932		
48.65		0.968015		
48.75		0.968096		
48.85		0.968176		
48.95		0.968254		
49.05		0.96833		
49.15		0.968406		
49.25		0.96848		
49.35		0.968554		
49.45		0.968626		
49.55		0.968698		
49.65		0.968769		
49.75		0.96884		
49.85		0.968909		
49.95		0.968979		
50.05		0.969048		
50.15		0.969116		
50.25		0.969184		
50.35		0.969251		
50.45		0.969318		
50.55		0.969385		
50.65		0.969451		
50.75		0.969517		
50.85		0.969582		
50.95		0.969648		
51.05		0.969712		
51.15		0.969777		
51.25		0.969841		
51.35		0.969905		
51.45		0.969968		
51.55		0.970031		
51.65		0.970094		
51.75		0.970157		
51.85		0.970219		
51.95		0.970281		
52.05		0.970342		
52.15		0.970404		
52.25		0.970465		
52.35		0.970525		
52.45		0.970586		
52.55		0.970646		
52.65		0.970706		
52.75		0.970765		
52.85		0.970825		
52.95		0.970883		
53.05		0.970942		
53.15		0.971001		
53.25		0.971059		
53.35		0.971117		
53.45		0.971174		
53.55		0.971232		
53.65		0.971289		
53.75		0.971345		
53.85		0.971402		
53.95		0.971458		
54.05		0.971514		
54.15		0.97157		
54.25		0.971626		
54.35		0.971681		
54.45		0.971736		
54.55		0.971791		
54.65		0.971846		
54.75		0.9719		
54.85		0.971954		
54.95		0.972008		
55.05		0.972061		
55.15		0.972115		
55.25		0.972168		
55.35		0.972221		
55.45		0.972274		
55.55		0.972326		
55.65		0.972379		
55.75		0.972431		
55.85		0.972482		
55.95		0.972534		
56.05		0.972585		
56.15		0.972637		
56.25		0.972688		
56.35		0.972738		
56.45		0.972789		
56.55		0.972839		
56.65		0.972889		
56.75		0.972939		
56.85		0.972989		
56.95		0.973039		
57.05		0.973088		
57.15		0.973137		
57.25		0.973186		
57.35		0.973235		
57.45		0.973284		
57.55		0.973332		
57.65		0.97338		
57.75		0.973428		
57.85		0.973476		
57.95		0.973524		
58.05		0.973571		
58.15		0.973618		
58.25		0.973665		
58.35		0.973712		
58.45		0.973759		
58.55		0.973805		
58.65		0.973852		
58.75		0.973898		
58.85		0.973944		
58.95		0.97399		
59.05		0.974035		
59.15		0.974081		
59.25		0.974126		
59.35		0.974171		
59.45		0.974216		
59.55		0.974261		
59.65		0.974306		
59.75		0.97435		
59.85		0.974394		
59.95		0.974438		
60.05		0.974482		
60.15		0.974526		
60.25		0.97457		
60.35		0.974613		
60.45		0.974657		
60.55		0.9747		
60.65		0.974743		
60.75		0.974786		
60.85		0.974828		
60.95		0.974871		
61.05		0.974913		
61.15		0.974955		
61.25		0.974998		
61.35		0.975039		
61.45		0.975081		
61.55		0.975123		
61.65		0.975164		
61.75		0.975206		
61.85		0.975247		
61.95		0.975288		
62.05		0.975329		
62.15		0.97537		
62.25		0.97541		
62.35		0.975451		
62.45		0.975491		
62.55		0.975531		
62.65		0.975571		
62.75		0.975611		
62.85		0.975651		
62.95		0.97569		
63.05		0.97573		
63.15		0.975769		
63.25		0.975808		
63.35		0.975848		
63.45		0.975886		
63.55		0.975925		
63.65		0.975964		
63.75		0.976003		
63.85		0.976041		
63.95		0.976079		
64.05		0.976117		
64.15		0.976155		
64.25		0.976193		
64.35		0.976231		
64.45		0.976269		
64.55		0.976306		
64.65		0.976344		
64.75		0.976381		
64.85		0.976418		
64.95		0.976455		
65.05		0.976492		
65.15		0.976529		
65.25		0.976565		
65.35		0.976602		
65.45		0.976638		
65.55		0.976675		
65.65		0.976711		
65.75		0.976747		
65.85		0.976783		
65.95		0.976819		
66.05		0.976854		
66.15		0.97689		
66.25		0.976925		
66.35		0.976961		
66.45		0.976996		
66.55		0.977031		
66.65		0.977066		
66.75		0.977101		
66.85		0.977136		
66.95		0.97717		
67.05		0.977205		
67.15		0.977239		
67.25		0.977274		
67.35		0.977308		
67.45		0.977342		
67.55		0.977376		
67.65		0.97741		
67.75		0.977444		
67.85		0.977478		
67.95		0.977511		
68.05		0.977545		
68.15		0.977578		
68.25		0.977611		
68.35		0.977644		
68.45		0.977678		
68.55		0.97771		
68.65		0.977743		
68.75		0.977776		
68.85		0.977809		
68.95		0.977841		
69.05		0.977874		
69.15		0.977906		
69.25		0.977938		
69.35		0.977971		
69.45		0.978003		
69.55		0.978035		
69.65		0.978066		
69.75		0.978098		
69.85		0.97813		
69.95		0.978161		
70.05		0.978193		
70.15		0.978224		
70.25		0.978256		
70.35		0.978287		
70.45		0.978318		
70.55		0.978349		
70.65		0.97838		
70.75		0.978411		
70.85		0.978441		
70.95		0.978472		
71.05		0.978502		
71.15		0.978533		
71.25		0.978563		
71.35		0.978593		
71.45		0.978624		
71.55		0.978654		
71.65		0.978684		
71.75		0.978714		
71.85		0.978743		
71.95		0.978773		
72.05		0.978803		
72.15		0.978832		
72.25		0.978862		
72.35		0.978891		
72.45		0.978921		
72.55		0.97895		
72.65		0.978979		
72.75		0.979008		
72.85		0.979037		
72.95		0.979066		
73.05		0.979095		
73.15		0.979123		
73.25		0.979152		
73.35		0.97918		
73.45		0.979209		
73.55		0.979237		
73.65		0.979266		
73.75		0.979294		
73.85		0.979322		
73.95		0.97935		
74.05		0.979378		
74.15		0.979406		
74.25		0.979434		
74.35		0.979461		
74.45		0.979489		
74.55		0.979517		
74.65		0.979544		
74.75		0.979571		
74.85		0.979599		
74.95		0.979626		
75.05		0.979653		
75.15		0.97968		
75.25		0.979707		
75.35		0.979734		
75.45		0.979761		
75.55		0.979788		
75.65		0.979815		
75.75		0.979842		
75.85		0.979868		
75.95		0.979895		
76.05		0.979921		
76.15		0.979947		
76.25		0.979974		
76.35		0.98		
76.45		0.980026		
76.55		0.980052		
76.65		0.980078		
76.75		0.980104		
76.85		0.98013		
76.95		0.980156		
77.05		0.980182		
77.15		0.980207		
77.25		0.980233		
77.35		0.980258		
77.45		0.980284		
77.55		0.980309		
77.65		0.980334		
77.75		0.98036		
77.85		0.980385		
77.95		0.98041		
78.05		0.980435		
78.15		0.98046		
78.25		0.980485		
78.35		0.98051		
78.45		0.980534		
78.55		0.980559		
78.65		0.980584		
78.75		0.980608		
78.85		0.980633		
78.95		0.980657		
79.05		0.980682		
79.15		0.980706		
79.25		0.98073		
79.35		0.980754		
79.45		0.980779		
79.55		0.980803		
79.65		0.980827		
79.75		0.980851		
79.85		0.980874		
79.95		0.980898		
80.05		0.980922		
80.15		0.980946		
80.25		0.980969		
80.35		0.980993		
80.45		0.981016		
80.55		0.98104		
80.65		0.981063		
80.75		0.981086		
80.85		0.98111		
80.95		0.981133		
81.05		0.981156		
81.15		0.981179		
81.25		0.981202		
81.35		0.981225		
81.45		0.981248		
81.55		0.981271		
81.65		0.981294		
81.75		0.981316		
81.85		0.981339		
81.95		0.981362		
82.05		0.981384		
82.15		0.981407		
82.25		0.981429		
82.35		0.981451		
82.45		0.981474		
82.55		0.981496		
82.65		0.981518		
82.75		0.98154		
82.85		0.981562		
82.95		0.981585		
83.05		0.981606		
83.15		0.981628		
83.25		0.98165		
83.35		0.981672		
83.45		0.981694		
83.55		0.981716		
83.65		0.981737		
83.75		0.981759		
83.85		0.98178		
83.95		0.981802		
84.05		0.981823		
84.15		0.981845		
84.25		0.981866		
84.35		0.981887		
84.45		0.981909		
84.55		0.98193		
84.65		0.981951		
84.75		0.981972		
84.85		0.981993		
84.95		0.982014		
85.05		0.982035		
85.15		0.982056		
85.25		0.982077		
85.35		0.982097		
85.45		0.982118		
85.55		0.982139		
85.65		0.982159		
85.75		0.98218		
85.85		0.982201		
85.95		0.982221		
86.05		0.982241		
86.15		0.982262		
86.25		0.982282		
86.35		0.982302		
86.45		0.982323		
86.55		0.982343		
86.65		0.982363		
86.75		0.982383		
86.85		0.982403		
86.95		0.982423		
87.05		0.982443		
87.15		0.982463		
87.25		0.982483		
87.35		0.982503		
87.45		0.982522		
87.55		0.982542		
87.65		0.982562		
87.75		0.982581		
87.85		0.982601		
87.95		0.98262		
88.05		0.98264		
88.15		0.982659		
88.25		0.982679		
88.35		0.982698		
88.45		0.982717		
88.55		0.982737		
88.65		0.982756		
88.75		0.982775		
88.85		0.982794		
88.95		0.982813		
89.05		0.982832		
89.15		0.982851		
89.25		0.98287		
89.35		0.982889		
89.45		0.982908		
89.55		0.982927		
89.65		0.982945		
89.75		0.982964		
89.85		0.982983		
89.95		0.983001		
90.05		0.98302		
90.15		0.983038		
90.25		0.983057		
90.35		0.983075		
90.45		0.983094		
90.55		0.983112		
90.65		0.983131		
90.75		0.983149		
90.85		0.983167		
90.95		0.983185		
91.05		0.983204		
91.15		0.983222		
91.25		0.98324		
91.35		0.983258		
91.45		0.983276		
91.55		0.983294		
91.65		0.983312		
91.75		0.98333		
91.85		0.983347		
91.95		0.983365		
92.05		0.983383		
92.15		0.983401		
92.25		0.983418		
92.35		0.983436		
92.45		0.983454		
92.55		0.983471		
92.65		0.983489		
92.75		0.983506		
92.85		0.983524		
92.95		0.983541		
93.05		0.983559		
93.15		0.983576		
93.25		0.983593		
93.35		0.98361		
93.45		0.983628		
93.55		0.983645		
93.65		0.983662		
93.75		0.983679		
93.85		0.983696		
93.95		0.983713		
94.05		0.98373		
94.15		0.983747		
94.25		0.983764		
94.35		0.983781		
94.45		0.983798		
94.55		0.983815		
94.65		0.983831		
94.75		0.983848		
94.85		0.983865		
94.95		0.983882		
95.05		0.983898		
95.15		0.983915		
95.25		0.983931		
95.35		0.983948		
95.45		0.983964		
95.55		0.983981		
95.65		0.983997		
95.75		0.984014		
95.85		0.98403		
95.95		0.984046		
96.05		0.984063		
96.15		0.984079		
96.25		0.984095		
96.35		0.984111		
96.45		0.984127		
96.55		0.984144		
96.65		0.98416		
96.75		0.984176		
96.85		0.984192		
96.95		0.984208		
97.05		0.984224		
97.15		0.984239		
97.25		0.984255		
97.35		0.984271		
97.45		0.984287		
97.55		0.984303		
97.65		0.984318		
97.75		0.984334		
97.85		0.98435		
97.95		0.984366		
98.05		0.984381		
98.15		0.984397		
98.25		0.984412		
98.35		0.984428		
98.45		0.984443		
98.55		0.984459		
98.65		0.984474		
98.75		0.984489		
98.85		0.984505		
98.95		0.98452		
99.05		0.984535		
99.15		0.984551		
99.25		0.984566		
99.35		0.984581		
99.45		0.984596		
99.55		0.984611		
99.65		0.984627		
99.75		0.984642		
99.85		0.984657		
99.95		0.984672		
