tau [fm]		e/e0
0.25		1
0.35		0.712281		
0.45		0.551829		
0.55		0.449396		
0.65		0.37826		
0.75		0.325935		
0.85		0.285809		
0.95		0.254055		
1.05		0.228303		
1.15		0.207005		
1.25		0.189107		
1.35		0.173862		
1.45		0.160729		
1.55		0.149305		
1.65		0.139283		
1.75		0.130424		
1.85		0.122541		
1.95		0.115486		
2.05		0.109137		
2.15		0.103396		
2.25		0.0981822		
2.35		0.0934283		
2.45		0.0890776		
2.55		0.0850823		
2.65		0.081402		
2.75		0.0780018		
2.85		0.0748521		
2.95		0.071927		
3.05		0.0692039		
3.15		0.0666635		
3.25		0.0642885		
3.35		0.0620637		
3.45		0.0599758		
3.55		0.0580131		
3.65		0.0561648		
3.75		0.0544217		
3.85		0.0527753		
3.95		0.0512181		
4.05		0.0497432		
4.15		0.0483444		
4.25		0.0470163		
4.35		0.0457538		
4.45		0.0445523		
4.55		0.0434077		
4.65		0.042316		
4.75		0.041274		
4.85		0.0402783		
4.95		0.039326		
5.05		0.0384145		
5.15		0.0375412		
5.25		0.036704		
5.35		0.0359006		
5.45		0.0351291		
5.55		0.0343878		
5.65		0.033675		
5.75		0.032989		
5.85		0.0323285		
5.95		0.0316921		
6.05		0.0310786		
6.15		0.0304867		
6.25		0.0299154		
6.35		0.0293637		
6.45		0.0288306		
6.55		0.0283152		
6.65		0.0278167		
6.75		0.0273342		
6.85		0.0268671		
6.95		0.0264147		
7.05		0.0259762		
7.15		0.0255511		
7.25		0.0251387		
7.35		0.0247386		
7.45		0.0243502		
7.55		0.023973		
7.65		0.0236066		
7.75		0.0232505		
7.85		0.0229043		
7.95		0.0225676		
8.05		0.02224		
8.15		0.0219212		
8.25		0.0216108		
8.35		0.0213086		
8.45		0.0210141		
8.55		0.0207272		
8.65		0.0204475		
8.75		0.0201748		
8.85		0.0199088		
8.95		0.0196493		
9.05		0.019396		
9.15		0.0191489		
9.25		0.0189075		
9.35		0.0186718		
9.45		0.0184415		
9.55		0.0182165		
9.65		0.0179966		
9.75		0.0177816		
9.85		0.0175714		
9.95		0.0173658		
10.05		0.0171646		
10.15		0.0169678		
10.25		0.0167752		
10.35		0.0165866		
10.45		0.016402		
10.55		0.0162212		
10.65		0.0160441		
10.75		0.0158706		
10.85		0.0157006		
10.95		0.015534		
11.05		0.0153707		
11.15		0.0152106		
11.25		0.0150536		
11.35		0.0148996		
11.45		0.0147485		
11.55		0.0146003		
11.65		0.0144549		
11.75		0.0143122		
11.85		0.0141721		
11.95		0.0140345		
12.05		0.0138995		
12.15		0.0137669		
12.25		0.0136366		
12.35		0.0135086		
12.45		0.0133829		
12.55		0.0132594		
12.65		0.013138		
12.75		0.0130186		
12.85		0.0129013		
12.95		0.012786		
13.05		0.0126726		
13.15		0.0125611		
13.25		0.0124514		
13.35		0.0123435		
13.45		0.0122374		
13.55		0.0121329		
13.65		0.0120301		
13.75		0.011929		
13.85		0.0118294		
13.95		0.0117314		
14.05		0.011635		
14.15		0.01154		
14.25		0.0114464		
14.35		0.0113543		
14.45		0.0112636		
14.55		0.0111742		
14.65		0.0110862		
14.75		0.0109994		
14.85		0.0109139		
14.95		0.0108297		
15.05		0.0107467		
15.15		0.0106649		
15.25		0.0105842		
15.35		0.0105047		
15.45		0.0104263		
15.55		0.010349		
15.65		0.0102728		
15.75		0.0101976		
15.85		0.0101235		
15.95		0.0100504		
16.05		0.00997826		
16.15		0.0099071		
16.25		0.00983689		
16.35		0.00976761		
16.45		0.00969925		
16.55		0.00963179		
16.65		0.0095652		
16.75		0.00949949		
16.85		0.00943462		
16.95		0.00937058		
17.05		0.00930735		
17.15		0.00924493		
17.25		0.00918329		
17.35		0.00912243		
17.45		0.00906232		
17.55		0.00900296		
17.65		0.00894433		
17.75		0.00888641		
17.85		0.0088292		
17.95		0.00877268		
18.05		0.00871684		
18.15		0.00866167		
18.25		0.00860715		
18.35		0.00855328		
18.45		0.00850004		
18.55		0.00844742		
18.65		0.00839542		
18.75		0.00834402		
18.85		0.00829321		
18.95		0.00824298		
19.05		0.00819332		
19.15		0.00814423		
19.25		0.00809569		
19.35		0.00804769		
19.45		0.00800022		
19.55		0.00795329		
19.65		0.00790687		
19.75		0.00786096		
19.85		0.00781555		
19.95		0.00777063		
20.05		0.0077262		
20.15		0.00768225		
20.25		0.00763877		
20.35		0.00759575		
20.45		0.00755319		
20.55		0.00751107		
20.65		0.0074694		
20.75		0.00742816		
20.85		0.00738735		
20.95		0.00734696		
21.05		0.00730699		
21.15		0.00726742		
21.25		0.00722826		
21.35		0.0071895		
21.45		0.00715112		
21.55		0.00711313		
21.65		0.00707553		
21.75		0.00703829		
21.85		0.00700143		
21.95		0.00696492		
22.05		0.00692878		
22.15		0.00689299		
22.25		0.00685754		
22.35		0.00682244		
22.45		0.00678768		
22.55		0.00675325		
22.65		0.00671915		
22.75		0.00668537		
22.85		0.00665192		
22.95		0.00661877		
23.05		0.00658594		
23.15		0.00655342		
23.25		0.00652119		
23.35		0.00648927		
23.45		0.00645764		
23.55		0.0064263		
23.65		0.00639525		
23.75		0.00636447		
23.85		0.00633398		
23.95		0.00630376		
24.05		0.00627382		
24.15		0.00624414		
24.25		0.00621472		
24.35		0.00618557		
24.45		0.00615667		
24.55		0.00612803		
24.65		0.00609964		
24.75		0.00607149		
24.85		0.00604359		
24.95		0.00601594		
25.05		0.00598852		
25.15		0.00596133		
25.25		0.00593438		
25.35		0.00590766		
25.45		0.00588116		
25.55		0.00585489		
25.65		0.00582883		
25.75		0.005803		
25.85		0.00577738		
25.95		0.00575198		
26.05		0.00572678		
26.15		0.00570179		
26.25		0.00567701		
26.35		0.00565243		
26.45		0.00562805		
26.55		0.00560387		
26.65		0.00557988		
26.75		0.00555609		
26.85		0.00553249		
26.95		0.00550908		
27.05		0.00548585		
27.15		0.00546281		
27.25		0.00543995		
27.35		0.00541727		
27.45		0.00539477		
27.55		0.00537244		
27.65		0.00535029		
27.75		0.00532831		
27.85		0.0053065		
27.95		0.00528485		
28.05		0.00526338		
28.15		0.00524207		
28.25		0.00522092		
28.35		0.00519993		
28.45		0.0051791		
28.55		0.00515842		
28.65		0.00513791		
28.75		0.00511754		
28.85		0.00509733		
28.95		0.00507727		
29.05		0.00505735		
29.15		0.00503759		
29.25		0.00501797		
29.35		0.00499849		
29.45		0.00497915		
29.55		0.00495996		
29.65		0.0049409		
29.75		0.00492199		
29.85		0.0049032		
29.95		0.00488456		
30.05		0.00486604		
30.15		0.00484766		
30.25		0.00482941		
30.35		0.00481129		
30.45		0.0047933		
30.55		0.00477543		
30.65		0.00475769		
30.75		0.00474007		
30.85		0.00472258		
30.95		0.00470521		
31.05		0.00468795		
31.15		0.00467082		
31.25		0.0046538		
31.35		0.0046369		
31.45		0.00462012		
31.55		0.00460345		
31.65		0.00458689		
31.75		0.00457045		
31.85		0.00455411		
31.95		0.00453789		
32.05		0.00452177		
32.15		0.00450577		
32.25		0.00448986		
32.35		0.00447407		
32.45		0.00445838		
32.55		0.00444279		
32.65		0.0044273		
32.75		0.00441192		
32.85		0.00439663		
32.95		0.00438145		
33.05		0.00436636		
33.15		0.00435138		
33.25		0.00433648		
33.35		0.00432169		
33.45		0.00430699		
33.55		0.00429238		
33.65		0.00427786		
33.75		0.00426344		
33.85		0.00424911		
33.95		0.00423487		
34.05		0.00422072		
34.15		0.00420666		
34.25		0.00419268		
34.35		0.00417879		
34.45		0.00416499		
34.55		0.00415128		
34.65		0.00413765		
34.75		0.0041241		
34.85		0.00411063		
34.95		0.00409725		
35.05		0.00408395		
35.15		0.00407073		
35.25		0.00405759		
35.35		0.00404453		
35.45		0.00403155		
35.55		0.00401865		
35.65		0.00400583		
35.75		0.00399308		
35.85		0.0039804		
35.95		0.00396781		
36.05		0.00395528		
36.15		0.00394283		
36.25		0.00393046		
36.35		0.00391816		
36.45		0.00390593		
36.55		0.00389377		
36.65		0.00388168		
36.75		0.00386966		
36.85		0.00385771		
36.95		0.00384583		
37.05		0.00383402		
37.15		0.00382228		
37.25		0.0038106		
37.35		0.00379899		
37.45		0.00378745		
37.55		0.00377597		
37.65		0.00376456		
37.75		0.00375321		
37.85		0.00374192		
37.95		0.0037307		
38.05		0.00371955		
38.15		0.00370845		
38.25		0.00369742		
38.35		0.00368644		
38.45		0.00367553		
38.55		0.00366468		
38.65		0.00365389		
38.75		0.00364316		
38.85		0.00363248		
38.95		0.00362187		
39.05		0.00361131		
39.15		0.00360081		
39.25		0.00359037		
39.35		0.00357998		
39.45		0.00356965		
39.55		0.00355938		
39.65		0.00354916		
39.75		0.00353899		
39.85		0.00352888		
39.95		0.00351882		
40.05		0.00350882		
40.15		0.00349887		
40.25		0.00348897		
40.35		0.00347913		
40.45		0.00346933		
40.55		0.00345959		
40.65		0.0034499		
40.75		0.00344026		
40.85		0.00343067		
40.95		0.00342113		
41.05		0.00341164		
41.15		0.0034022		
41.25		0.0033928		
41.35		0.00338346		
41.45		0.00337416		
41.55		0.00336491		
41.65		0.00335571		
41.75		0.00334655		
41.85		0.00333744		
41.95		0.00332838		
42.05		0.00331936		
42.15		0.00331039		
42.25		0.00330146		
42.35		0.00329258		
42.45		0.00328374		
42.55		0.00327495		
42.65		0.0032662		
42.75		0.00325749		
42.85		0.00324883		
42.95		0.00324021		
43.05		0.00323163		
43.15		0.0032231		
43.25		0.0032146		
43.35		0.00320615		
43.45		0.00319774		
43.55		0.00318937		
43.65		0.00318104		
43.75		0.00317275		
43.85		0.00316451		
43.95		0.0031563		
44.05		0.00314813		
44.15		0.00314		
44.25		0.00313191		
44.35		0.00312386		
44.45		0.00311584		
44.55		0.00310787		
44.65		0.00309993		
44.75		0.00309203		
44.85		0.00308417		
44.95		0.00307634		
45.05		0.00306855		
45.15		0.0030608		
45.25		0.00305309		
45.35		0.00304541		
45.45		0.00303776		
45.55		0.00303015		
45.65		0.00302258		
45.75		0.00301504		
45.85		0.00300754		
45.95		0.00300007		
46.05		0.00299264		
46.15		0.00298524		
46.25		0.00297787		
46.35		0.00297054		
46.45		0.00296324		
46.55		0.00295597		
46.65		0.00294874		
46.75		0.00294154		
46.85		0.00293437		
46.95		0.00292723		
47.05		0.00292012		
47.15		0.00291305		
47.25		0.00290601		
47.35		0.002899		
47.45		0.00289202		
47.55		0.00288507		
47.65		0.00287815		
47.75		0.00287126		
47.85		0.0028644		
47.95		0.00285757		
48.05		0.00285077		
48.15		0.00284401		
48.25		0.00283727		
48.35		0.00283056		
48.45		0.00282387		
48.55		0.00281722		
48.65		0.0028106		
48.75		0.002804		
48.85		0.00279743		
48.95		0.00279089		
49.05		0.00278438		
49.15		0.0027779		
49.25		0.00277144		
49.35		0.00276501		
49.45		0.00275861		
49.55		0.00275224		
49.65		0.00274589		
49.75		0.00273957		
49.85		0.00273327		
49.95		0.002727		
50.05		0.00272076		
50.15		0.00271454		
50.25		0.00270835		
50.35		0.00270219		
50.45		0.00269605		
50.55		0.00268994		
50.65		0.00268385		
50.75		0.00267778		
50.85		0.00267174		
50.95		0.00266573		
51.05		0.00265974		
51.15		0.00265378		
51.25		0.00264783		
51.35		0.00264192		
51.45		0.00263603		
51.55		0.00263016		
51.65		0.00262431		
51.75		0.00261849		
51.85		0.00261269		
51.95		0.00260692		
52.05		0.00260117		
52.15		0.00259544		
52.25		0.00258973		
52.35		0.00258405		
52.45		0.00257839		
52.55		0.00257275		
52.65		0.00256714		
52.75		0.00256155		
52.85		0.00255597		
52.95		0.00255043		
53.05		0.0025449		
53.15		0.00253939		
53.25		0.00253391		
53.35		0.00252845		
53.45		0.00252301		
53.55		0.00251759		
53.65		0.00251219		
53.75		0.00250681		
53.85		0.00250146		
53.95		0.00249612		
54.05		0.00249081		
54.15		0.00248551		
54.25		0.00248024		
54.35		0.00247499		
54.45		0.00246975		
54.55		0.00246454		
54.65		0.00245935		
54.75		0.00245418		
54.85		0.00244902		
54.95		0.00244389		
55.05		0.00243877		
55.15		0.00243368		
55.25		0.0024286		
55.35		0.00242355		
55.45		0.00241851		
55.55		0.00241349		
55.65		0.00240849		
55.75		0.00240351		
55.85		0.00239855		
55.95		0.00239361		
56.05		0.00238869		
56.15		0.00238378		
56.25		0.00237889		
56.35		0.00237402		
56.45		0.00236917		
56.55		0.00236434		
56.65		0.00235952		
56.75		0.00235473		
56.85		0.00234995		
56.95		0.00234518		
57.05		0.00234044		
57.15		0.00233571		
57.25		0.002331		
57.35		0.00232631		
57.45		0.00232164		
57.55		0.00231698		
57.65		0.00231234		
57.75		0.00230771		
57.85		0.00230311		
57.95		0.00229852		
58.05		0.00229394		
58.15		0.00228939		
58.25		0.00228485		
58.35		0.00228032		
58.45		0.00227581		
58.55		0.00227132		
58.65		0.00226685		
58.75		0.00226239		
58.85		0.00225794		
58.95		0.00225352		
59.05		0.0022491		
59.15		0.00224471		
59.25		0.00224033		
59.35		0.00223596		
59.45		0.00223161		
59.55		0.00222728		
59.65		0.00222296		
59.75		0.00221866		
59.85		0.00221437		
59.95		0.0022101		
60.05		0.00220584		
60.15		0.0022016		
60.25		0.00219737		
60.35		0.00219316		
60.45		0.00218896		
60.55		0.00218478		
60.65		0.00218061		
60.75		0.00217645		
60.85		0.00217231		
60.95		0.00216819		
61.05		0.00216407		
61.15		0.00215998		
61.25		0.00215589		
61.35		0.00215183		
61.45		0.00214777		
61.55		0.00214373		
61.65		0.0021397		
61.75		0.00213569		
61.85		0.00213169		
61.95		0.00212771		
62.05		0.00212373		
62.15		0.00211977		
62.25		0.00211583		
62.35		0.0021119		
62.45		0.00210798		
62.55		0.00210407		
62.65		0.00210018		
62.75		0.0020963		
62.85		0.00209244		
62.95		0.00208859		
63.05		0.00208475		
63.15		0.00208092		
63.25		0.00207711		
63.35		0.00207331		
63.45		0.00206952		
63.55		0.00206574		
63.65		0.00206198		
63.75		0.00205823		
63.85		0.00205449		
63.95		0.00205077		
64.05		0.00204705		
64.15		0.00204335		
64.25		0.00203966		
64.35		0.00203599		
64.45		0.00203232		
64.55		0.00202867		
64.65		0.00202503		
64.75		0.0020214		
64.85		0.00201778		
64.95		0.00201418		
65.05		0.00201059		
65.15		0.00200701		
65.25		0.00200344		
65.35		0.00199988		
65.45		0.00199633		
65.55		0.0019928		
65.65		0.00198927		
65.75		0.00198576		
65.85		0.00198226		
65.95		0.00197877		
66.05		0.0019753		
66.15		0.00197183		
66.25		0.00196837		
66.35		0.00196493		
66.45		0.0019615		
66.55		0.00195807		
66.65		0.00195466		
66.75		0.00195126		
66.85		0.00194787		
66.95		0.00194449		
67.05		0.00194112		
67.15		0.00193777		
67.25		0.00193442		
67.35		0.00193108		
67.45		0.00192776		
67.55		0.00192444		
67.65		0.00192114		
67.75		0.00191784		
67.85		0.00191456		
67.95		0.00191128		
68.05		0.00190802		
68.15		0.00190477		
68.25		0.00190152		
68.35		0.00189829		
68.45		0.00189507		
68.55		0.00189185		
68.65		0.00188865		
68.75		0.00188546		
68.85		0.00188227		
68.95		0.0018791		
69.05		0.00187594		
69.15		0.00187278		
69.25		0.00186964		
69.35		0.0018665		
69.45		0.00186338		
69.55		0.00186026		
69.65		0.00185716		
69.75		0.00185406		
69.85		0.00185097		
69.95		0.0018479		
70.05		0.00184483		
70.15		0.00184177		
70.25		0.00183872		
70.35		0.00183568		
70.45		0.00183265		
70.55		0.00182963		
70.65		0.00182662		
70.75		0.00182361		
70.85		0.00182062		
70.95		0.00181763		
71.05		0.00181466		
71.15		0.00181169		
71.25		0.00180873		
71.35		0.00180578		
71.45		0.00180284		
71.55		0.00179991		
71.65		0.00179698		
71.75		0.00179407		
71.85		0.00179116		
71.95		0.00178826		
72.05		0.00178537		
72.15		0.00178249		
72.25		0.00177962		
72.35		0.00177676		
72.45		0.0017739		
72.55		0.00177106		
72.65		0.00176822		
72.75		0.00176539		
72.85		0.00176257		
72.95		0.00175975		
73.05		0.00175695		
73.15		0.00175415		
73.25		0.00175136		
73.35		0.00174858		
73.45		0.00174581		
73.55		0.00174305		
73.65		0.00174029		
73.75		0.00173754		
73.85		0.0017348		
73.95		0.00173207		
74.05		0.00172934		
74.15		0.00172663		
74.25		0.00172392		
74.35		0.00172122		
74.45		0.00171852		
74.55		0.00171584		
74.65		0.00171316		
74.75		0.00171049		
74.85		0.00170782		
74.95		0.00170517		
75.05		0.00170252		
75.15		0.00169988		
75.25		0.00169725		
75.35		0.00169462		
75.45		0.00169201		
75.55		0.0016894		
75.65		0.00168679		
75.75		0.0016842		
75.85		0.00168161		
75.95		0.00167903		
76.05		0.00167645		
76.15		0.00167389		
76.25		0.00167133		
76.35		0.00166878		
76.45		0.00166623		
76.55		0.00166369		
76.65		0.00166116		
76.75		0.00165864		
76.85		0.00165612		
76.95		0.00165361		
77.05		0.00165111		
77.15		0.00164861		
77.25		0.00164612		
77.35		0.00164364		
77.45		0.00164117		
77.55		0.0016387		
77.65		0.00163624		
77.75		0.00163378		
77.85		0.00163133		
77.95		0.00162889		
78.05		0.00162646		
78.15		0.00162403		
78.25		0.00162161		
78.35		0.00161919		
78.45		0.00161678		
78.55		0.00161438		
78.65		0.00161199		
78.75		0.0016096		
78.85		0.00160722		
78.95		0.00160484		
79.05		0.00160247		
79.15		0.00160011		
79.25		0.00159775		
79.35		0.0015954		
79.45		0.00159306		
79.55		0.00159072		
79.65		0.00158839		
79.75		0.00158607		
79.85		0.00158375		
79.95		0.00158144		
80.05		0.00157913		
80.15		0.00157683		
80.25		0.00157453		
80.35		0.00157225		
80.45		0.00156997		
80.55		0.00156769		
80.65		0.00156542		
80.75		0.00156316		
80.85		0.0015609		
80.95		0.00155865		
81.05		0.0015564		
81.15		0.00155416		
81.25		0.00155193		
81.35		0.0015497		
81.45		0.00154748		
81.55		0.00154526		
81.65		0.00154305		
81.75		0.00154085		
81.85		0.00153865		
81.95		0.00153645		
82.05		0.00153427		
82.15		0.00153208		
82.25		0.00152991		
82.35		0.00152774		
82.45		0.00152557		
82.55		0.00152341		
82.65		0.00152126		
82.75		0.00151911		
82.85		0.00151697		
82.95		0.00151483		
83.05		0.0015127		
83.15		0.00151057		
83.25		0.00150845		
83.35		0.00150634		
83.45		0.00150423		
83.55		0.00150213		
83.65		0.00150003		
83.75		0.00149793		
83.85		0.00149585		
83.95		0.00149376		
84.05		0.00149169		
84.15		0.00148961		
84.25		0.00148755		
84.35		0.00148548		
84.45		0.00148343		
84.55		0.00148138		
84.65		0.00147933		
84.75		0.00147729		
84.85		0.00147525		
84.95		0.00147322		
85.05		0.0014712		
85.15		0.00146918		
85.25		0.00146716		
85.35		0.00146515		
85.45		0.00146315		
85.55		0.00146115		
85.65		0.00145915		
85.75		0.00145716		
85.85		0.00145518		
85.95		0.0014532		
86.05		0.00145122		
86.15		0.00144925		
86.25		0.00144729		
86.35		0.00144533		
86.45		0.00144337		
86.55		0.00144142		
86.65		0.00143947		
86.75		0.00143753		
86.85		0.00143559		
86.95		0.00143366		
87.05		0.00143174		
87.15		0.00142981		
87.25		0.0014279		
87.35		0.00142598		
87.45		0.00142408		
87.55		0.00142217		
87.65		0.00142027		
87.75		0.00141838		
87.85		0.00141649		
87.95		0.00141461		
88.05		0.00141273		
88.15		0.00141085		
88.25		0.00140898		
88.35		0.00140711		
88.45		0.00140525		
88.55		0.00140339		
88.65		0.00140154		
88.75		0.00139969		
88.85		0.00139785		
88.95		0.00139601		
89.05		0.00139417		
89.15		0.00139234		
89.25		0.00139051		
89.35		0.00138869		
89.45		0.00138687		
89.55		0.00138506		
89.65		0.00138325		
89.75		0.00138145		
89.85		0.00137965		
89.95		0.00137785		
90.05		0.00137606		
90.15		0.00137427		
90.25		0.00137249		
90.35		0.00137071		
90.45		0.00136893		
90.55		0.00136716		
90.65		0.0013654		
90.75		0.00136364		
90.85		0.00136188		
90.95		0.00136012		
91.05		0.00135837		
91.15		0.00135663		
91.25		0.00135489		
91.35		0.00135315		
91.45		0.00135142		
91.55		0.00134969		
91.65		0.00134796		
91.75		0.00134624		
91.85		0.00134452		
91.95		0.00134281		
92.05		0.0013411		
92.15		0.00133939		
92.25		0.00133769		
92.35		0.001336		
92.45		0.0013343		
92.55		0.00133261		
92.65		0.00133093		
92.75		0.00132925		
92.85		0.00132757		
92.95		0.00132589		
93.05		0.00132422		
93.15		0.00132256		
93.25		0.0013209		
93.35		0.00131924		
93.45		0.00131758		
93.55		0.00131593		
93.65		0.00131428		
93.75		0.00131264		
93.85		0.001311		
93.95		0.00130937		
94.05		0.00130773		
94.15		0.00130611		
94.25		0.00130448		
94.35		0.00130286		
94.45		0.00130124		
94.55		0.00129963		
94.65		0.00129802		
94.75		0.00129641		
94.85		0.00129481		
94.95		0.00129321		
95.05		0.00129162		
95.15		0.00129002		
95.25		0.00128844		
95.35		0.00128685		
95.45		0.00128527		
95.55		0.00128369		
95.65		0.00128212		
95.75		0.00128055		
95.85		0.00127898		
95.95		0.00127742		
96.05		0.00127586		
96.15		0.0012743		
96.25		0.00127275		
96.35		0.0012712		
96.45		0.00126965		
96.55		0.00126811		
96.65		0.00126657		
96.75		0.00126503		
96.85		0.0012635		
96.95		0.00126197		
97.05		0.00126045		
97.15		0.00125892		
97.25		0.00125741		
97.35		0.00125589		
97.45		0.00125438		
97.55		0.00125287		
97.65		0.00125136		
97.75		0.00124986		
97.85		0.00124836		
97.95		0.00124687		
98.05		0.00124537		
98.15		0.00124389		
98.25		0.0012424		
98.35		0.00124092		
98.45		0.00123944		
98.55		0.00123796		
98.65		0.00123649		
98.75		0.00123502		
98.85		0.00123355		
98.95		0.00123209		
99.05		0.00123063		
99.15		0.00122917		
99.25		0.00122772		
99.35		0.00122627		
99.45		0.00122482		
99.55		0.00122337		
99.65		0.00122193		
99.75		0.0012205		
99.85		0.00121906		
99.95		0.00121763		
