tau [fm]		tau_pi
0.25		0.824876
0.35		0.81951		
0.45		0.815417		
0.55		0.812113		
0.65		0.809352		
0.75		0.806991		
0.85		0.804936		
0.95		0.803123		
1.05		0.801507		
1.15		0.800055		
1.25		0.79874		
1.35		0.797542		
1.45		0.796444		
1.55		0.795535		
1.65		0.79452		
1.75		0.793658		
1.85		0.792864		
1.95		0.792173		
2.05		0.791374		
2.15		0.790737		
2.25		0.790128		
2.35		0.789553		
2.45		0.78901		
2.55		0.788496		
2.65		0.788011		
2.75		0.78755		
2.85		0.787113		
2.95		0.786698		
3.05		0.786302		
3.15		0.785925		
3.25		0.785566		
3.35		0.785222		
3.45		0.784894		
3.55		0.784579		
3.65		0.784278		
3.75		0.783989		
3.85		0.783712		
3.95		0.783445		
4.05		0.783189		
4.15		0.782942		
4.25		0.782705		
4.35		0.782476		
4.45		0.782256		
4.55		0.782043		
4.65		0.781838		
4.75		0.781639		
4.85		0.781448		
4.95		0.781263		
5.05		0.781084		
5.15		0.780911		
5.25		0.780743		
5.35		0.780581		
5.45		0.780424		
5.55		0.780272		
5.65		0.780125		
5.75		0.779983		
5.85		0.779844		
5.95		0.779711		
6.05		0.779581		
6.15		0.779455		
6.25		0.779333		
6.35		0.779215		
6.45		0.7791		
6.55		0.778989		
6.65		0.778881		
6.75		0.778777		
6.85		0.778676		
6.95		0.778578		
7.05		0.778482		
7.15		0.77839		
7.25		0.778301		
7.35		0.778215		
7.45		0.778131		
7.55		0.77805		
7.65		0.777971		
7.75		0.777895		
7.85		0.777822		
7.95		0.777751		
8.05		0.777682		
8.15		0.777616		
8.25		0.777552		
8.35		0.77749		
8.45		0.77743		
8.55		0.777373		
8.65		0.777317		
8.75		0.777264		
8.85		0.777212		
8.95		0.777163		
9.05		0.777115		
9.15		0.77707		
9.25		0.777026		
9.35		0.776984		
9.45		0.776944		
9.55		0.776906		
9.65		0.776869		
9.75		0.776834		
9.85		0.776801		
9.95		0.77677		
10.05		0.77674		
10.15		0.776711		
10.25		0.776685		
10.35		0.776659		
10.45		0.776636		
10.55		0.776613		
10.65		0.776592		
10.75		0.776573		
10.85		0.776555		
10.95		0.776538		
11.05		0.776523		
11.15		0.776509		
11.25		0.776497		
11.35		0.776485		
11.45		0.776475		
11.55		0.776466		
11.65		0.776459		
11.75		0.776452		
11.85		0.776447		
11.95		0.776443		
12.05		0.77644		
12.15		0.776438		
12.25		0.776438		
12.35		0.776438		
12.45		0.776439		
12.55		0.776442		
12.65		0.776445		
12.75		0.77645		
12.85		0.776455		
12.95		0.776462		
13.05		0.776469		
13.15		0.776477		
13.25		0.776486		
13.35		0.776496		
13.45		0.776507		
13.55		0.776519		
13.65		0.776532		
13.75		0.776545		
13.85		0.77656		
13.95		0.776575		
14.05		0.776591		
14.15		0.776607		
14.25		0.776625		
14.35		0.776643		
14.45		0.776662		
14.55		0.776681		
14.65		0.776702		
14.75		0.776723		
14.85		0.776744		
14.95		0.776766		
15.05		0.776789		
15.15		0.776813		
15.25		0.776837		
15.35		0.776862		
15.45		0.776887		
15.55		0.776913		
15.65		0.77694		
15.75		0.776967		
15.85		0.776994		
15.95		0.777022		
16.05		0.777051		
16.15		0.77708		
16.25		0.77711		
16.35		0.77714		
16.45		0.777171		
16.55		0.777202		
16.65		0.777234		
16.75		0.777266		
16.85		0.777298		
16.95		0.777331		
17.05		0.777365		
17.15		0.777398		
17.25		0.777433		
17.35		0.777467		
17.45		0.777502		
17.55		0.777538		
17.65		0.777574		
17.75		0.77761		
17.85		0.777646		
17.95		0.777683		
18.05		0.777721		
18.15		0.777758		
18.25		0.777796		
18.35		0.777834		
18.45		0.777873		
18.55		0.777912		
18.65		0.777951		
18.75		0.777991		
18.85		0.778031		
18.95		0.778071		
19.05		0.778112		
19.15		0.778152		
19.25		0.778193		
19.35		0.778235		
19.45		0.778276		
19.55		0.778318		
19.65		0.778361		
19.75		0.778403		
19.85		0.778446		
19.95		0.778489		
20.05		0.778532		
20.15		0.778575		
20.25		0.778619		
20.35		0.778663		
20.45		0.778707		
20.55		0.778751		
20.65		0.778796		
20.75		0.778841		
20.85		0.778886		
20.95		0.778931		
21.05		0.778977		
21.15		0.779022		
21.25		0.779068		
21.35		0.779115		
21.45		0.779161		
21.55		0.779207		
21.65		0.779254		
21.75		0.779301		
21.85		0.779348		
21.95		0.779396		
22.05		0.779443		
22.15		0.779491		
22.25		0.779539		
22.35		0.779587		
22.45		0.779635		
22.55		0.779683		
22.65		0.779732		
22.75		0.779781		
22.85		0.77983		
22.95		0.779879		
23.05		0.779928		
23.15		0.779978		
23.25		0.780027		
23.35		0.780077		
23.45		0.780127		
23.55		0.780177		
23.65		0.780227		
23.75		0.780278		
23.85		0.780328		
23.95		0.780379		
24.05		0.78043		
24.15		0.780481		
24.25		0.780532		
24.35		0.780584		
24.45		0.780635		
24.55		0.780687		
24.65		0.780739		
24.75		0.780791		
24.85		0.780843		
24.95		0.780895		
25.05		0.780948		
25.15		0.781		
25.25		0.781053		
25.35		0.781106		
25.45		0.781159		
25.55		0.781212		
25.65		0.781265		
25.75		0.781319		
25.85		0.781373		
25.95		0.781426		
26.05		0.78148		
26.15		0.781534		
26.25		0.781588		
26.35		0.781643		
26.45		0.781697		
26.55		0.781752		
26.65		0.781806		
26.75		0.781861		
26.85		0.781916		
26.95		0.781971		
27.05		0.782026		
27.15		0.782082		
27.25		0.782137		
27.35		0.782193		
27.45		0.782249		
27.55		0.782305		
27.65		0.782361		
27.75		0.782417		
27.85		0.782473		
27.95		0.78253		
28.05		0.782586		
28.15		0.782643		
28.25		0.7827		
28.35		0.782757		
28.45		0.782814		
28.55		0.782871		
28.65		0.782928		
28.75		0.782986		
28.85		0.783043		
28.95		0.783101		
29.05		0.783159		
29.15		0.783217		
29.25		0.783275		
29.35		0.783333		
29.45		0.783391		
29.55		0.783449		
29.65		0.783508		
29.75		0.783567		
29.85		0.783625		
29.95		0.783684		
30.05		0.783743		
30.15		0.783802		
30.25		0.783861		
30.35		0.783921		
30.45		0.78398		
30.55		0.784039		
30.65		0.784099		
30.75		0.784159		
30.85		0.784219		
30.95		0.784279		
31.05		0.784339		
31.15		0.784399		
31.25		0.784459		
31.35		0.784519		
31.45		0.78458		
31.55		0.78464		
31.65		0.784701		
31.75		0.784761		
31.85		0.784822		
31.95		0.784883		
32.05		0.784944		
32.15		0.785005		
32.25		0.785066		
32.35		0.785127		
32.45		0.785188		
32.55		0.78525		
32.65		0.785311		
32.75		0.785373		
32.85		0.785434		
32.95		0.785496		
33.05		0.785557		
33.15		0.785619		
33.25		0.785681		
33.35		0.785743		
33.45		0.785805		
33.55		0.785867		
33.65		0.785929		
33.75		0.785991		
33.85		0.786053		
33.95		0.786115		
34.05		0.786178		
34.15		0.78624		
34.25		0.786302		
34.35		0.786365		
34.45		0.786427		
34.55		0.78649		
34.65		0.786552		
34.75		0.786615		
34.85		0.786677		
34.95		0.78674		
35.05		0.786803		
35.15		0.786865		
35.25		0.786928		
35.35		0.786991		
35.45		0.787053		
35.55		0.787116		
35.65		0.787179		
35.75		0.787242		
35.85		0.787304		
35.95		0.787367		
36.05		0.78743		
36.15		0.787493		
36.25		0.787556		
36.35		0.787619		
36.45		0.787681		
36.55		0.787744		
36.65		0.787807		
36.75		0.78787		
36.85		0.787933		
36.95		0.787995		
37.05		0.788058		
37.15		0.788121		
37.25		0.788183		
37.35		0.788246		
37.45		0.788309		
37.55		0.788371		
37.65		0.788434		
37.75		0.788497		
37.85		0.788559		
37.95		0.788622		
38.05		0.788684		
38.15		0.788747		
38.25		0.788809		
38.35		0.788871		
38.45		0.788934		
38.55		0.788996		
38.65		0.789058		
38.75		0.78912		
38.85		0.789182		
38.95		0.789244		
39.05		0.789306		
39.15		0.789368		
39.25		0.78943		
39.35		0.789492		
39.45		0.789553		
39.55		0.789615		
39.65		0.789676		
39.75		0.789738		
39.85		0.789799		
39.95		0.789861		
40.05		0.789922		
40.15		0.789983		
40.25		0.790044		
40.35		0.790105		
40.45		0.790166		
40.55		0.790227		
40.65		0.790288		
40.75		0.790348		
40.85		0.790409		
40.95		0.790469		
41.05		0.790529		
41.15		0.79059		
41.25		0.79065		
41.35		0.79071		
41.45		0.79077		
41.55		0.790829		
41.65		0.790889		
41.75		0.790949		
41.85		0.791008		
41.95		0.791067		
42.05		0.791127		
42.15		0.791186		
42.25		0.791245		
42.35		0.791304		
42.45		0.791362		
42.55		0.791421		
42.65		0.791479		
42.75		0.791538		
42.85		0.791596		
42.95		0.791654		
43.05		0.791712		
43.15		0.79177		
43.25		0.791827		
43.35		0.791885		
43.45		0.791942		
43.55		0.791999		
43.65		0.792091		
43.75		0.792557		
43.85		0.793022		
43.95		0.793487		
44.05		0.79395		
44.15		0.794413		
44.25		0.794875		
44.35		0.795335		
44.45		0.795795		
44.55		0.796254		
44.65		0.796713		
44.75		0.79717		
44.85		0.797626		
44.95		0.798082		
45.05		0.798536		
45.15		0.79899		
45.25		0.799443		
45.35		0.799895		
45.45		0.800346		
45.55		0.800796		
45.65		0.801246		
45.75		0.801694		
45.85		0.802142		
45.95		0.802589		
46.05		0.803035		
46.15		0.80348		
46.25		0.803925		
46.35		0.804368		
46.45		0.804811		
46.55		0.805253		
46.65		0.805695		
46.75		0.806135		
46.85		0.806575		
46.95		0.807014		
47.05		0.807452		
47.15		0.807889		
47.25		0.808325		
47.35		0.808761		
47.45		0.809196		
47.55		0.809631		
47.65		0.810064		
47.75		0.810497		
47.85		0.810929		
47.95		0.81136		
48.05		0.81179		
48.15		0.81222		
48.25		0.812649		
48.35		0.813078		
48.45		0.813505		
48.55		0.813932		
48.65		0.814358		
48.75		0.814783		
48.85		0.815208		
48.95		0.815632		
49.05		0.816055		
49.15		0.816478		
49.25		0.8169		
49.35		0.817321		
49.45		0.817741		
49.55		0.818161		
49.65		0.81858		
49.75		0.818999		
49.85		0.819416		
49.95		0.819833		
50.05		0.82025		
50.15		0.820665		
50.25		0.82108		
50.35		0.821495		
50.45		0.821908		
50.55		0.822321		
50.65		0.822733		
50.75		0.823145		
50.85		0.823556		
50.95		0.823966		
51.05		0.824376		
51.15		0.824785		
51.25		0.825194		
51.35		0.825601		
51.45		0.826008		
51.55		0.826415		
51.65		0.826821		
51.75		0.827226		
51.85		0.82763		
51.95		0.828034		
52.05		0.828438		
52.15		0.82884		
52.25		0.829242		
52.35		0.829644		
52.45		0.830044		
52.55		0.830445		
52.65		0.830844		
52.75		0.831243		
52.85		0.831642		
52.95		0.832039		
53.05		0.832436		
53.15		0.832833		
53.25		0.833229		
53.35		0.833624		
53.45		0.834019		
53.55		0.834413		
53.65		0.834807		
53.75		0.835199		
53.85		0.835592		
53.95		0.835984		
54.05		0.836375		
54.15		0.836765		
54.25		0.837155		
54.35		0.837545		
54.45		0.837934		
54.55		0.838322		
54.65		0.83871		
54.75		0.839097		
54.85		0.839483		
54.95		0.839869		
55.05		0.840255		
55.15		0.84064		
55.25		0.841024		
55.35		0.841408		
55.45		0.841791		
55.55		0.842174		
55.65		0.842556		
55.75		0.842937		
55.85		0.843318		
55.95		0.843699		
56.05		0.844079		
56.15		0.844458		
56.25		0.844837		
56.35		0.845215		
56.45		0.845593		
56.55		0.84597		
56.65		0.846347		
56.75		0.846723		
56.85		0.847098		
56.95		0.847473		
57.05		0.847848		
57.15		0.848222		
57.25		0.848595		
57.35		0.848968		
57.45		0.849341		
57.55		0.849713		
57.65		0.850084		
57.75		0.850455		
57.85		0.850825		
57.95		0.851195		
58.05		0.851564		
58.15		0.851933		
58.25		0.852301		
58.35		0.852669		
58.45		0.853037		
58.55		0.853403		
58.65		0.85377		
58.75		0.854135		
58.85		0.854501		
58.95		0.854865		
59.05		0.85523		
59.15		0.855594		
59.25		0.855957		
59.35		0.85632		
59.45		0.856682		
59.55		0.857044		
59.65		0.857405		
59.75		0.857766		
59.85		0.858126		
59.95		0.858486		
60.05		0.858846		
60.15		0.859205		
60.25		0.859563		
60.35		0.859921		
60.45		0.860278		
60.55		0.860636		
60.65		0.860992		
60.75		0.861348		
60.85		0.861704		
60.95		0.862059		
61.05		0.862414		
61.15		0.862768		
61.25		0.863122		
61.35		0.863475		
61.45		0.863828		
61.55		0.86418		
61.65		0.864532		
61.75		0.864883		
61.85		0.865234		
61.95		0.865585		
62.05		0.865935		
62.15		0.866285		
62.25		0.866634		
62.35		0.866983		
62.45		0.867331		
62.55		0.867679		
62.65		0.868026		
62.75		0.868373		
62.85		0.86872		
62.95		0.869066		
63.05		0.869412		
63.15		0.869757		
63.25		0.870102		
63.35		0.870446		
63.45		0.87079		
63.55		0.871133		
63.65		0.871477		
63.75		0.871819		
63.85		0.872161		
63.95		0.872503		
64.05		0.872845		
64.15		0.873185		
64.25		0.873526		
64.35		0.873866		
64.45		0.874206		
64.55		0.874545		
64.65		0.874884		
64.75		0.875222		
64.85		0.87556		
64.95		0.875898		
65.05		0.876235		
65.15		0.876572		
65.25		0.876908		
65.35		0.877244		
65.45		0.87758		
65.55		0.877915		
65.65		0.87825		
65.75		0.878584		
65.85		0.878918		
65.95		0.879252		
66.05		0.879585		
66.15		0.879918		
66.25		0.88025		
66.35		0.880582		
66.45		0.880914		
66.55		0.881245		
66.65		0.881576		
66.75		0.881906		
66.85		0.882236		
66.95		0.882566		
67.05		0.882895		
67.15		0.883224		
67.25		0.883552		
67.35		0.88388		
67.45		0.884208		
67.55		0.884535		
67.65		0.884862		
67.75		0.885189		
67.85		0.885515		
67.95		0.885841		
68.05		0.886166		
68.15		0.886491		
68.25		0.886816		
68.35		0.88714		
68.45		0.887464		
68.55		0.887788		
68.65		0.888111		
68.75		0.888434		
68.85		0.888757		
68.95		0.889079		
69.05		0.8894		
69.15		0.889722		
69.25		0.890043		
69.35		0.890364		
69.45		0.890684		
69.55		0.891004		
69.65		0.891323		
69.75		0.891643		
69.85		0.891962		
69.95		0.89228		
70.05		0.892598		
70.15		0.892916		
70.25		0.893234		
70.35		0.893551		
70.45		0.893867		
70.55		0.894184		
70.65		0.8945		
70.75		0.894816		
70.85		0.895131		
70.95		0.895446		
71.05		0.895761		
71.15		0.896075		
71.25		0.896389		
71.35		0.896703		
71.45		0.897016		
71.55		0.897329		
71.65		0.897642		
71.75		0.897954		
71.85		0.898266		
71.95		0.898578		
72.05		0.898889		
72.15		0.8992		
72.25		0.899511		
72.35		0.899821		
72.45		0.900131		
72.55		0.900441		
72.65		0.90075		
72.75		0.901059		
72.85		0.901368		
72.95		0.901676		
73.05		0.901984		
73.15		0.902292		
73.25		0.902599		
73.35		0.902906		
73.45		0.903213		
73.55		0.903519		
73.65		0.903826		
73.75		0.904131		
73.85		0.904437		
73.95		0.904742		
74.05		0.905047		
74.15		0.905351		
74.25		0.905655		
74.35		0.905959		
74.45		0.906263		
74.55		0.906566		
74.65		0.906869		
74.75		0.907172		
74.85		0.907474		
74.95		0.907776		
75.05		0.908078		
75.15		0.908379		
75.25		0.90868		
75.35		0.908981		
75.45		0.909282		
75.55		0.909582		
75.65		0.909882		
75.75		0.910181		
75.85		0.910481		
75.95		0.91078		
76.05		0.911078		
76.15		0.911377		
76.25		0.911675		
76.35		0.911972		
76.45		0.91227		
76.55		0.912567		
76.65		0.912864		
76.75		0.913161		
76.85		0.913457		
76.95		0.913753		
77.05		0.914049		
77.15		0.914344		
77.25		0.914639		
77.35		0.914934		
77.45		0.915229		
77.55		0.915523		
77.65		0.915817		
77.75		0.916111		
77.85		0.916404		
77.95		0.916697		
78.05		0.91699		
78.15		0.917282		
78.25		0.917575		
78.35		0.917867		
78.45		0.918158		
78.55		0.91845		
78.65		0.918741		
78.75		0.919032		
78.85		0.919322		
78.95		0.919613		
79.05		0.919903		
79.15		0.920192		
79.25		0.920482		
79.35		0.920771		
79.45		0.92106		
79.55		0.921349		
79.65		0.921637		
79.75		0.921925		
79.85		0.922213		
79.95		0.922501		
80.05		0.922788		
80.15		0.923075		
80.25		0.923362		
80.35		0.923648		
80.45		0.923934		
80.55		0.92422		
80.65		0.924506		
80.75		0.924791		
80.85		0.925076		
80.95		0.925361		
81.05		0.925646		
81.15		0.92593		
81.25		0.926214		
81.35		0.926498		
81.45		0.926782		
81.55		0.927065		
81.65		0.927348		
81.75		0.927631		
81.85		0.927913		
81.95		0.928195		
82.05		0.928477		
82.15		0.928759		
82.25		0.92904		
82.35		0.929322		
82.45		0.929603		
82.55		0.929883		
82.65		0.930164		
82.75		0.930444		
82.85		0.930724		
82.95		0.931003		
83.05		0.931283		
83.15		0.931562		
83.25		0.931841		
83.35		0.93212		
83.45		0.932398		
83.55		0.932676		
83.65		0.932954		
83.75		0.933232		
83.85		0.933509		
83.95		0.933786		
84.05		0.934063		
84.15		0.93434		
84.25		0.934616		
84.35		0.934892		
84.45		0.935168		
84.55		0.935444		
84.65		0.93572		
84.75		0.935995		
84.85		0.93627		
84.95		0.936544		
85.05		0.936819		
85.15		0.937093		
85.25		0.937367		
85.35		0.937641		
85.45		0.937914		
85.55		0.938188		
85.65		0.938461		
85.75		0.938733		
85.85		0.939006		
85.95		0.939278		
86.05		0.93955		
86.15		0.939822		
86.25		0.940094		
86.35		0.940365		
86.45		0.940636		
86.55		0.940907		
86.65		0.941178		
86.75		0.941448		
86.85		0.941718		
86.95		0.941988		
87.05		0.942258		
87.15		0.942528		
87.25		0.942797		
87.35		0.943066		
87.45		0.943335		
87.55		0.943603		
87.65		0.943872		
87.75		0.94414		
87.85		0.944408		
87.95		0.944675		
88.05		0.944943		
88.15		0.94521		
88.25		0.945477		
88.35		0.945744		
88.45		0.94601		
88.55		0.946276		
88.65		0.946542		
88.75		0.946808		
88.85		0.947074		
88.95		0.947339		
89.05		0.947605		
89.15		0.947869		
89.25		0.948134		
89.35		0.948399		
89.45		0.948663		
89.55		0.948927		
89.65		0.949191		
89.75		0.949455		
89.85		0.949718		
89.95		0.949981		
90.05		0.950244		
90.15		0.950507		
90.25		0.950769		
90.35		0.951032		
90.45		0.951294		
90.55		0.951556		
90.65		0.951818		
90.75		0.952079		
90.85		0.95234		
90.95		0.952601		
91.05		0.952862		
91.15		0.953123		
91.25		0.953383		
91.35		0.953643		
91.45		0.953903		
91.55		0.954163		
91.65		0.954423		
91.75		0.954682		
91.85		0.954941		
91.95		0.9552		
92.05		0.955459		
92.15		0.955717		
92.25		0.955975		
92.35		0.956234		
92.45		0.956491		
92.55		0.956749		
92.65		0.957007		
92.75		0.957264		
92.85		0.957521		
92.95		0.957778		
93.05		0.958034		
93.15		0.958291		
93.25		0.958547		
93.35		0.958803		
93.45		0.959059		
93.55		0.959314		
93.65		0.95957		
93.75		0.959825		
93.85		0.96008		
93.95		0.960335		
94.05		0.960589		
94.15		0.960844		
94.25		0.961098		
94.35		0.961352		
94.45		0.961606		
94.55		0.961859		
94.65		0.962113		
94.75		0.962366		
94.85		0.962619		
94.95		0.962872		
95.05		0.963124		
95.15		0.963377		
95.25		0.963629		
95.35		0.963881		
95.45		0.964133		
95.55		0.964384		
95.65		0.964636		
95.75		0.964887		
95.85		0.965138		
95.95		0.965389		
96.05		0.96564		
96.15		0.96589		
96.25		0.96614		
96.35		0.96639		
96.45		0.96664		
96.55		0.96689		
96.65		0.967139		
96.75		0.967389		
96.85		0.967638		
96.95		0.967887		
97.05		0.968136		
97.15		0.968384		
97.25		0.968632		
97.35		0.968881		
97.45		0.969129		
97.55		0.969376		
97.65		0.969624		
97.75		0.969871		
97.85		0.970118		
97.95		0.970365		
98.05		0.970612		
98.15		0.970859		
98.25		0.971105		
98.35		0.971352		
98.45		0.971598		
98.55		0.971844		
98.65		0.972089		
98.75		0.972335		
98.85		0.97258		
98.95		0.972825		
99.05		0.97307		
99.15		0.973315		
99.25		0.97356		
99.35		0.973804		
99.45		0.974048		
99.55		0.974293		
99.65		0.974536		
99.75		0.97478		
99.85		0.975024		
99.95		0.975267		
