t [fm]		ax
0.25		1.3591
0.29		1.7407		
0.33		1.4866		
0.37		1.3026		
0.41		1.1873		
0.45		1.1188		
0.49		1.0802		
0.53		1.0602		
0.57		1.0516		
0.61		1.0498		
0.65		1.0518		
0.69		1.0559		
0.73		1.061		
0.77		1.0666		
0.81		1.0721		
0.85		1.0774		
0.89		1.0823		
0.93		1.0869		
0.97		1.091		
1.01		1.0948		
1.05		1.0982		
1.09		1.1012		
1.13		1.1038		
1.17		1.1062		
1.21		1.1083		
1.25		1.1101		
1.29		1.1117		
1.33		1.1131		
1.37		1.1143		
1.41		1.1153		
1.45		1.1162		
1.49		1.1169		
1.53		1.1175		
1.57		1.118		
1.61		1.1184		
1.65		1.1187		
1.69		1.1189		
1.73		1.119		
1.77		1.119		
1.81		1.119		
1.85		1.1189		
1.89		1.1188		
1.93		1.1186		
1.97		1.1183		
2.01		1.1181		
2.05		1.1178		
2.09		1.1174		
2.13		1.117		
2.17		1.1166		
2.21		1.1162		
2.25		1.1158		
2.29		1.1153		
2.33		1.1148		
2.37		1.1143		
2.41		1.1138		
2.45		1.1133		
2.49		1.1127		
2.53		1.1122		
2.57		1.1116		
2.61		1.111		
2.65		1.1104		
2.69		1.1099		
2.73		1.1093		
2.77		1.1087		
2.81		1.1081		
2.85		1.1075		
2.89		1.1069		
2.93		1.1063		
2.97		1.1056		
3.01		1.105		
3.05		1.1044		
3.09		1.1038		
3.13		1.1032		
3.17		1.1026		
3.21		1.102		
3.25		1.1014		
3.29		1.1007		
3.33		1.1001		
3.37		1.0995		
3.41		1.0989		
3.45		1.0983		
3.49		1.0977		
3.53		1.0971		
3.57		1.0965		
3.61		1.0959		
3.65		1.0953		
3.69		1.0947		
3.73		1.0941		
3.77		1.0935		
3.81		1.0929		
3.85		1.0923		
3.89		1.0917		
3.93		1.0912		
3.97		1.0906		
4.01		1.09		
4.05		1.0894		
4.09		1.0888		
4.13		1.0883		
4.17		1.0877		
4.21		1.0871		
4.25		1.0866		
4.29		1.086		
4.33		1.0854		
4.37		1.0849		
4.41		1.0843		
4.45		1.0838		
4.49		1.0832		
4.53		1.0827		
4.57		1.0821		
4.61		1.0816		
4.65		1.081		
4.69		1.0805		
4.73		1.0799		
4.77		1.0794		
4.81		1.0789		
4.85		1.0783		
4.89		1.0778		
4.93		1.0773		
4.97		1.0767		
5.01		1.0762		
5.05		1.0757		
5.09		1.0751		
5.13		1.0746		
5.17		1.0741		
5.21		1.0736		
5.25		1.073		
5.29		1.0725		
5.33		1.072		
5.37		1.0715		
5.41		1.071		
5.45		1.0705		
5.49		1.0699		
5.53		1.0694		
5.57		1.0689		
5.61		1.0684		
5.65		1.0679		
5.69		1.0674		
5.73		1.0669		
5.77		1.0664		
5.81		1.0659		
5.85		1.0654		
5.89		1.0649		
5.93		1.0644		
5.97		1.0639		
6.01		1.0634		
6.05		1.0629		
6.09		1.0624		
6.13		1.0619		
6.17		1.0614		
6.21		1.0609		
6.25		1.0604		
6.29		1.0599		
6.33		1.0594		
6.37		1.0589		
6.41		1.0584		
6.45		1.0579		
6.49		1.0574		
6.53		1.0569		
6.57		1.0564		
6.61		1.0559		
6.65		1.0554		
6.69		1.0549		
6.73		1.0544		
6.77		1.054		
6.81		1.0535		
6.85		1.053		
6.89		1.0525		
6.93		1.052		
6.97		1.0515		
7.01		1.051		
7.05		1.0505		
7.09		1.05		
7.13		1.0495		
7.17		1.0491		
7.21		1.0486		
7.25		1.0481		
7.29		1.0476		
7.33		1.0471		
7.37		1.0466		
7.41		1.0461		
7.45		1.0456		
7.49		1.0451		
7.53		1.0447		
7.57		1.0442		
7.61		1.0437		
7.65		1.0432		
7.69		1.0427		
7.73		1.0422		
7.77		1.0417		
7.81		1.0412		
7.85		1.0408		
7.89		1.0403		
7.93		1.0398		
7.97		1.0393		
8.01		1.0388		
8.05		1.0383		
8.09		1.0378		
8.13		1.0373		
8.17		1.0368		
8.21		1.0364		
8.25		1.0359		
8.29		1.0354		
8.33		1.0349		
8.37		1.0344		
8.41		1.0339		
8.45		1.0334		
8.49		1.0329		
8.53		1.0324		
8.57		1.032		
8.61		1.0315		
8.65		1.031		
8.69		1.0305		
8.73		1.03		
8.77		1.0295		
8.81		1.029		
8.85		1.0285		
8.89		1.028		
8.93		1.0276		
8.97		1.0271		
9.01		1.0266		
9.05		1.0261		
9.09		1.0256		
9.13		1.0251		
9.17		1.0246		
9.21		1.0241		
9.25		1.0236		
9.29		1.0231		
9.33		1.0227		
9.37		1.0222		
9.41		1.0217		
9.45		1.0212		
9.49		1.0207		
9.53		1.0202		
9.57		1.0197		
9.61		1.0192		
9.65		1.0187		
9.69		1.0182		
9.73		1.0178		
9.77		1.0173		
9.81		1.0168		
9.85		1.0163		
9.89		1.0158		
9.93		1.0153		
9.97		1.0148		
10.01		1.0143		
10.05		1.0138		
10.09		1.0133		
10.13		1.0128		
10.17		1.0124		
10.21		1.0119		
10.25		1.0114		
10.29		1.0109		
10.33		1.0104		
10.37		1.0099		
10.41		1.0094		
10.45		1.0089		
10.49		1.0084		
10.53		1.0079		
10.57		1.0074		
10.61		1.007		
10.65		1.0065		
10.69		1.006		
10.73		1.0055		
10.77		1.005		
10.81		1.0045		
10.85		1.004		
10.89		1.0035		
10.93		1.003		
10.97		1.0025		
11.01		1.0021		
11.05		1.0016		
11.09		1.0011		
11.13		1.0006		
11.17		1.0001		
11.21		0.99961		
11.25		0.99912		
11.29		0.99863		
11.33		0.99814		
11.37		0.99765		
11.41		0.99716		
11.45		0.99667		
11.49		0.99619		
11.53		0.9957		
11.57		0.99521		
11.61		0.99472		
11.65		0.99423		
11.69		0.99375		
11.73		0.99326		
11.77		0.99277		
11.81		0.99229		
11.85		0.9918		
11.89		0.99131		
11.93		0.99083		
11.97		0.99034		
12.01		0.98985		
12.05		0.98937		
12.09		0.98888		
12.13		0.9884		
12.17		0.98791		
12.21		0.98743		
12.25		0.98694		
12.29		0.98646		
12.33		0.98598		
12.37		0.98549		
12.41		0.98501		
12.45		0.98452		
12.49		0.98404		
12.53		0.98356		
12.57		0.98308		
12.61		0.9826		
12.65		0.98211		
12.69		0.98163		
12.73		0.98115		
12.77		0.98067		
12.81		0.98019		
12.85		0.97971		
12.89		0.97923		
12.93		0.97875		
12.97		0.97827		
13.01		0.97779		
13.05		0.97731		
13.09		0.97683		
13.13		0.97636		
13.17		0.97588		
13.21		0.9754		
13.25		0.97492		
13.29		0.97445		
13.33		0.97397		
13.37		0.9735		
13.41		0.97302		
13.45		0.97255		
13.49		0.97207		
13.53		0.9716		
13.57		0.97112		
13.61		0.97065		
13.65		0.97018		
13.69		0.9697		
13.73		0.96923		
13.77		0.96876		
13.81		0.96829		
13.85		0.96782		
13.89		0.96734		
13.93		0.96687		
13.97		0.9664		
14.01		0.96594		
14.05		0.96547		
14.09		0.965		
14.13		0.96453		
14.17		0.96406		
14.21		0.96359		
14.25		0.96313		
14.29		0.96266		
14.33		0.96219		
14.37		0.96173		
14.41		0.96126		
14.45		0.9608		
14.49		0.96033		
14.53		0.95987		
14.57		0.95941		
14.61		0.95894		
14.65		0.95848		
14.69		0.95802		
14.73		0.95756		
14.77		0.9571		
14.81		0.95664		
14.85		0.95618		
14.89		0.95572		
14.93		0.95526		
14.97		0.9548		
15.01		0.95434		
15.05		0.95388		
15.09		0.95342		
15.13		0.95297		
15.17		0.95251		
15.21		0.95206		
15.25		0.9516		
15.29		0.95115		
15.33		0.95069		
15.37		0.95024		
15.41		0.94978		
15.45		0.94933		
15.49		0.94888		
15.53		0.94843		
15.57		0.94797		
15.61		0.94752		
15.65		0.94707		
15.69		0.94662		
15.73		0.94617		
15.77		0.94572		
15.81		0.94528		
15.85		0.94483		
15.89		0.94438		
15.93		0.94393		
15.97		0.94349		
16.01		0.94304		
16.05		0.9426		
16.09		0.94215		
16.13		0.94171		
16.17		0.94126		
16.21		0.94082		
16.25		0.94037		
16.29		0.93993		
16.33		0.93949		
16.37		0.93905		
16.41		0.93861		
16.45		0.93817		
16.49		0.93773		
16.53		0.93729		
16.57		0.93685		
16.61		0.93641		
16.65		0.93597		
16.69		0.93553		
16.73		0.9351		
16.77		0.93466		
16.81		0.93422		
16.85		0.93379		
16.89		0.93335		
16.93		0.93292		
16.97		0.93248		
17.01		0.93205		
17.05		0.93162		
17.09		0.93118		
17.13		0.93075		
17.17		0.93032		
17.21		0.92989		
17.25		0.92946		
17.29		0.92903		
17.33		0.9286		
17.37		0.92817		
17.41		0.92774		
17.45		0.92731		
17.49		0.92688		
17.53		0.92646		
17.57		0.92603		
17.61		0.9256		
17.65		0.92518		
17.69		0.92475		
17.73		0.92433		
17.77		0.9239		
17.81		0.92348		
17.85		0.92305		
17.89		0.92263		
17.93		0.92221		
17.97		0.92179		
18.01		0.92136		
18.05		0.92094		
18.09		0.92052		
18.13		0.9201		
18.17		0.91968		
18.21		0.91926		
18.25		0.91884		
18.29		0.91842		
18.33		0.918		
18.37		0.91759		
18.41		0.91717		
18.45		0.91675		
18.49		0.91634		
18.53		0.91592		
18.57		0.9155		
18.61		0.91509		
18.65		0.91467		
18.69		0.91426		
18.73		0.91384		
18.77		0.91343		
18.81		0.91302		
18.85		0.9126		
18.89		0.91219		
18.93		0.91178		
18.97		0.91137		
19.01		0.91096		
19.05		0.91054		
19.09		0.91013		
19.13		0.90972		
19.17		0.90931		
19.21		0.9089		
19.25		0.90849		
19.29		0.90809		
19.33		0.90768		
19.37		0.90727		
19.41		0.90686		
19.45		0.90645		
19.49		0.90605		
19.53		0.90564		
19.57		0.90523		
19.61		0.90483		
19.65		0.90442		
19.69		0.90402		
19.73		0.90361		
19.77		0.90321		
19.81		0.9028		
19.85		0.9024		
19.89		0.90199		
19.93		0.90159		
19.97		0.90119		
20.01		0.90078		
20.05		0.90038		
20.09		0.89998		
20.13		0.89958		
20.17		0.89918		
20.21		0.89877		
20.25		0.89837		
20.29		0.89797		
20.33		0.89757		
20.37		0.89717		
20.41		0.89677		
20.45		0.89637		
20.49		0.89597		
20.53		0.89557		
20.57		0.89517		
20.61		0.89478		
20.65		0.89438		
20.69		0.89398		
20.73		0.89358		
20.77		0.89318		
20.81		0.89279		
20.85		0.89239		
20.89		0.89199		
20.93		0.89159		
20.97		0.8912		
21.01		0.8908		
21.05		0.8904		
21.09		0.89001		
21.13		0.88961		
21.17		0.88922		
21.21		0.88882		
21.25		0.88843		
21.29		0.88803		
21.33		0.88763		
21.37		0.88724		
21.41		0.88685		
21.45		0.88645		
21.49		0.88606		
21.53		0.88566		
21.57		0.88527		
21.61		0.88487		
21.65		0.88448		
21.69		0.88409		
21.73		0.88369		
21.77		0.8833		
21.81		0.88291		
21.85		0.88251		
21.89		0.88212		
21.93		0.88173		
21.97		0.88133		
22.01		0.88094		
22.05		0.88055		
22.09		0.88016		
22.13		0.87976		
22.17		0.87937		
22.21		0.87898		
22.25		0.87859		
22.29		0.8782		
22.33		0.8778		
22.37		0.87741		
22.41		0.87702		
22.45		0.87663		
22.49		0.87624		
22.53		0.87584		
22.57		0.87545		
22.61		0.87506		
22.65		0.87467		
22.69		0.87428		
22.73		0.87389		
22.77		0.8735		
22.81		0.8731		
22.85		0.87271		
22.89		0.87232		
22.93		0.87193		
22.97		0.87154		
23.01		0.87115		
23.05		0.87076		
23.09		0.87036		
23.13		0.86997		
23.17		0.86958		
23.21		0.86919		
23.25		0.8688		
23.29		0.86841		
23.33		0.86802		
23.37		0.86762		
23.41		0.86723		
23.45		0.86684		
23.49		0.86645		
23.53		0.86606		
23.57		0.86567		
23.61		0.86528		
23.65		0.86488		
23.69		0.86449		
23.73		0.8641		
23.77		0.86371		
23.81		0.86332		
23.85		0.86292		
23.89		0.86253		
23.93		0.86214		
23.97		0.86175		
24.01		0.86135		
24.05		0.86096		
24.09		0.86057		
24.13		0.86018		
24.17		0.85978		
24.21		0.85939		
24.25		0.859		
24.29		0.85861		
24.33		0.85821		
24.37		0.85782		
24.41		0.85743		
24.45		0.85703		
24.49		0.85664		
24.53		0.85624		
24.57		0.85585		
24.61		0.85546		
24.65		0.85506		
24.69		0.85467		
24.73		0.85427		
24.77		0.85388		
24.81		0.85348		
24.85		0.85309		
24.89		0.85269		
24.93		0.8523		
24.97		0.8519		
25.01		0.85151		
25.05		0.85111		
25.09		0.85072		
25.13		0.85032		
25.17		0.84992		
25.21		0.84953		
25.25		0.84913		
25.29		0.84873		
25.33		0.84834		
25.37		0.84794		
25.41		0.84754		
25.45		0.84715		
25.49		0.84675		
25.53		0.84635		
25.57		0.84595		
25.61		0.84555		
25.65		0.84516		
25.69		0.84476		
25.73		0.84436		
25.77		0.84396		
25.81		0.84356		
25.85		0.84316		
25.89		0.84276		
25.93		0.84236		
25.97		0.84196		
26.01		0.84156		
26.05		0.84116		
26.09		0.84076		
26.13		0.84036		
26.17		0.83996		
26.21		0.83956		
26.25		0.83915		
26.29		0.83875		
26.33		0.83835		
26.37		0.83795		
26.41		0.83754		
26.45		0.83714		
26.49		0.83674		
26.53		0.83634		
26.57		0.83593		
26.61		0.83553		
26.65		0.83512		
26.69		0.83472		
26.73		0.83431		
26.77		0.83391		
26.81		0.8335		
26.85		0.8331		
26.89		0.83269		
26.93		0.83229		
26.97		0.83188		
27.01		0.83148		
27.05		0.83107		
27.09		0.83066		
27.13		0.83025		
27.17		0.82985		
27.21		0.82944		
27.25		0.82903		
27.29		0.82862		
27.33		0.82822		
27.37		0.82781		
27.41		0.8274		
27.45		0.82699		
27.49		0.82658		
27.53		0.82617		
27.57		0.82576		
27.61		0.82535		
27.65		0.82494		
27.69		0.82453		
27.73		0.82412		
27.77		0.8237		
27.81		0.82329		
27.85		0.82288		
27.89		0.82247		
27.93		0.82206		
27.97		0.82164		
28.01		0.82123		
28.05		0.82082		
28.09		0.8204		
28.13		0.81999		
28.17		0.81958		
28.21		0.81916		
28.25		0.81875		
28.29		0.81833		
28.33		0.81792		
28.37		0.8175		
28.41		0.81709		
28.45		0.81667		
28.49		0.81625		
28.53		0.81584		
28.57		0.81542		
28.61		0.815		
28.65		0.81458		
28.69		0.81417		
28.73		0.81375		
28.77		0.81333		
28.81		0.81291		
28.85		0.81249		
28.89		0.81207		
28.93		0.81166		
28.97		0.81124		
29.01		0.81082		
29.05		0.8104		
29.09		0.80998		
29.13		0.80955		
29.17		0.80913		
29.21		0.80871		
29.25		0.80829		
29.29		0.80787		
29.33		0.80745		
29.37		0.80703		
29.41		0.8066		
29.45		0.80618		
29.49		0.80576		
29.53		0.80533		
29.57		0.80491		
29.61		0.80449		
29.65		0.80406		
29.69		0.80364		
29.73		0.80321		
29.77		0.80279		
29.81		0.80236		
29.85		0.80194		
29.89		0.80151		
29.93		0.80109		
29.97		0.80066		
30.01		0.80023		
30.05		0.79981		
30.09		0.79938		
30.13		0.79895		
30.17		0.79853		
30.21		0.7981		
30.25		0.79767		
30.29		0.79724		
30.33		0.79681		
30.37		0.79638		
30.41		0.79596		
30.45		0.79553		
30.49		0.79511		
30.53		0.79469		
30.57		0.79427		
30.61		0.79385		
30.65		0.79343		
30.69		0.79301		
30.73		0.7926		
30.77		0.79218		
30.81		0.79177		
30.85		0.79135		
30.89		0.79094		
30.93		0.79053		
30.97		0.79012		
31.01		0.78971		
31.05		0.7893		
31.09		0.7889		
31.13		0.78849		
31.17		0.78809		
31.21		0.78768		
31.25		0.78728		
31.29		0.78688		
31.33		0.78648		
31.37		0.78608		
31.41		0.78569		
31.45		0.78529		
31.49		0.78489		
31.53		0.7845		
31.57		0.78411		
31.61		0.78371		
31.65		0.78332		
31.69		0.78293		
31.73		0.78254		
31.77		0.78216		
31.81		0.78177		
31.85		0.78138		
31.89		0.781		
31.93		0.78062		
31.97		0.78023		
32.01		0.77985		
32.05		0.77947		
32.09		0.77909		
32.13		0.77872		
32.17		0.77834		
32.21		0.77796		
32.25		0.77759		
32.29		0.77722		
32.33		0.77684		
32.37		0.77647		
32.41		0.7761		
32.45		0.77573		
32.49		0.77536		
32.53		0.775		
32.57		0.77463		
32.61		0.77427		
32.65		0.7739		
32.69		0.77354		
32.73		0.77318		
32.77		0.77282		
32.81		0.77246		
32.85		0.7721		
32.89		0.77174		
32.93		0.77139		
32.97		0.77103		
33.01		0.77068		
33.05		0.77032		
33.09		0.76997		
33.13		0.76962		
33.17		0.76927		
33.21		0.76892		
33.25		0.76858		
33.29		0.76823		
33.33		0.76788		
33.37		0.76754		
33.41		0.7672		
33.45		0.76685		
33.49		0.76651		
33.53		0.76617		
33.57		0.76583		
33.61		0.7655		
33.65		0.76516		
33.69		0.76482		
33.73		0.76449		
33.77		0.76415		
33.81		0.76382		
33.85		0.76349		
33.89		0.76316		
33.93		0.76283		
33.97		0.7625		
34.01		0.76217		
34.05		0.76185		
34.09		0.76152		
34.13		0.7612		
34.17		0.76088		
34.21		0.76055		
34.25		0.76023		
34.29		0.75991		
34.33		0.75959		
34.37		0.75928		
34.41		0.75896		
34.45		0.75864		
34.49		0.75833		
34.53		0.75802		
34.57		0.7577		
34.61		0.75739		
34.65		0.75708		
34.69		0.75677		
34.73		0.75646		
34.77		0.75616		
34.81		0.75585		
34.85		0.75555		
34.89		0.75524		
34.93		0.75494		
34.97		0.75464		
35.01		0.75433		
35.05		0.75403		
35.09		0.75374		
35.13		0.75344		
35.17		0.75314		
35.21		0.75285		
35.25		0.75255		
35.29		0.75226		
35.33		0.75196		
35.37		0.75167		
35.41		0.75138		
35.45		0.75109		
35.49		0.7508		
35.53		0.75052		
35.57		0.75023		
35.61		0.74994		
35.65		0.74966		
35.69		0.74938		
35.73		0.74909		
35.77		0.74881		
35.81		0.74853		
35.85		0.74825		
35.89		0.74798		
35.93		0.7477		
35.97		0.74742		
36.01		0.74715		
36.05		0.74687		
36.09		0.7466		
36.13		0.74633		
36.17		0.74606		
36.21		0.74579		
36.25		0.74552		
36.29		0.74525		
36.33		0.74498		
36.37		0.74472		
36.41		0.74445		
36.45		0.74419		
36.49		0.74393		
36.53		0.74366		
36.57		0.7434		
36.61		0.74314		
36.65		0.74289		
36.69		0.74263		
36.73		0.74237		
36.77		0.74212		
36.81		0.74186		
36.85		0.74161		
36.89		0.74135		
36.93		0.7411		
36.97		0.74085		
37.01		0.7406		
37.05		0.74035		
37.09		0.74011		
37.13		0.73986		
37.17		0.73961		
37.21		0.73937		
37.25		0.73913		
37.29		0.73888		
37.33		0.73864		
37.37		0.7384		
37.41		0.73816		
37.45		0.73792		
37.49		0.73769		
37.53		0.73745		
37.57		0.73721		
37.61		0.73698		
37.65		0.73675		
37.69		0.73651		
37.73		0.73628		
37.77		0.73605		
37.81		0.73582		
37.85		0.73559		
37.89		0.73536		
37.93		0.73514		
37.97		0.73491		
38.01		0.73469		
38.05		0.73446		
38.09		0.73424		
38.13		0.73402		
38.17		0.7338		
38.21		0.73358		
38.25		0.73336		
38.29		0.73314		
38.33		0.73293		
38.37		0.73271		
38.41		0.7325		
38.45		0.73228		
38.49		0.73207		
38.53		0.73186		
38.57		0.73165		
38.61		0.73144		
38.65		0.73123		
38.69		0.73102		
38.73		0.73081		
38.77		0.73061		
38.81		0.7304		
38.85		0.7302		
38.89		0.72999		
38.93		0.72979		
38.97		0.72959		
39.01		0.72939		
39.05		0.72919		
39.09		0.72899		
39.13		0.7288		
39.17		0.7286		
39.21		0.7284		
39.25		0.72821		
39.29		0.72802		
39.33		0.72782		
39.37		0.72763		
39.41		0.72744		
39.45		0.72725		
39.49		0.72706		
39.53		0.72688		
39.57		0.72669		
39.61		0.7265		
39.65		0.72632		
39.69		0.72614		
39.73		0.72595		
39.77		0.72577		
39.81		0.72559		
39.85		0.72541		
39.89		0.72523		
39.93		0.72505		
39.97		0.72488		
40.01		0.7247		
40.05		0.72452		
40.09		0.72435		
40.13		0.72418		
40.17		0.724		
40.21		0.72383		
40.25		0.72366		
40.29		0.72349		
40.33		0.72332		
40.37		0.72316		
40.41		0.72299		
40.45		0.72282		
40.49		0.72266		
40.53		0.72249		
40.57		0.72233		
40.61		0.72217		
40.65		0.72201		
40.69		0.72185		
40.73		0.72169		
40.77		0.72153		
40.81		0.72137		
40.85		0.72121		
40.89		0.72106		
40.93		0.7209		
40.97		0.72075		
41.01		0.7206		
41.05		0.72044		
41.09		0.72029		
41.13		0.72014		
41.17		0.71999		
41.21		0.71985		
41.25		0.7197		
41.29		0.71955		
41.33		0.71941		
41.37		0.71926		
41.41		0.71912		
41.45		0.71897		
41.49		0.71883		
41.53		0.71869		
41.57		0.71855		
41.61		0.71841		
41.65		0.71827		
41.69		0.71814		
41.73		0.718		
41.77		0.71786		
41.81		0.71773		
41.85		0.71759		
41.89		0.71746		
41.93		0.71733		
41.97		0.7172		
42.01		0.71707		
42.05		0.71694		
42.09		0.71681		
42.13		0.71668		
42.17		0.71656		
42.21		0.71643		
42.25		0.7163		
42.29		0.71618		
42.33		0.71606		
42.37		0.71593		
42.41		0.71581		
42.45		0.71569		
42.49		0.71557		
42.53		0.71545		
42.57		0.71534		
42.61		0.71522		
42.65		0.7151		
42.69		0.71499		
42.73		0.71487		
42.77		0.71476		
42.81		0.71465		
42.85		0.71454		
42.89		0.71443		
42.93		0.71432		
42.97		0.71421		
43.01		0.7141		
43.05		0.71399		
43.09		0.71389		
43.13		0.71378		
43.17		0.71368		
43.21		0.71357		
43.25		0.71347		
43.29		0.71337		
43.33		0.71327		
43.37		0.71317		
43.41		0.71307		
43.45		0.71297		
43.49		0.71287		
43.53		0.71278		
43.57		0.71268		
43.61		0.71259		
43.65		0.71249		
43.69		0.7124		
43.73		0.71231		
43.77		0.71221		
43.81		0.71212		
43.85		0.71203		
43.89		0.71195		
43.93		0.71186		
43.97		0.71179		
44.01		0.71173		
44.05		0.71168		
44.09		0.71164		
44.13		0.71161		
44.17		0.7116		
44.21		0.71159		
44.25		0.7116		
44.29		0.71162		
44.33		0.71164		
44.37		0.71168		
44.41		0.71173		
44.45		0.71179		
44.49		0.71186		
44.53		0.71194		
44.57		0.71203		
44.61		0.71213		
44.65		0.71224		
44.69		0.71235		
44.73		0.71248		
44.77		0.71262		
44.81		0.71277		
44.85		0.71292		
44.89		0.71309		
44.93		0.71326		
44.97		0.71344		
45.01		0.71363		
45.05		0.71383		
45.09		0.71404		
45.13		0.71426		
45.17		0.71448		
45.21		0.71471		
45.25		0.71495		
45.29		0.7152		
45.33		0.71546		
45.37		0.71572		
45.41		0.71599		
45.45		0.71626		
45.49		0.71655		
45.53		0.71684		
45.57		0.71714		
45.61		0.71744		
45.65		0.71775		
45.69		0.71807		
45.73		0.71839		
45.77		0.71872		
45.81		0.71906		
45.85		0.7194		
45.89		0.71975		
45.93		0.7201		
45.97		0.72046		
46.01		0.72082		
46.05		0.72119		
46.09		0.72157		
46.13		0.72195		
46.17		0.72234		
46.21		0.72273		
46.25		0.72313		
46.29		0.72353		
46.33		0.72394		
46.37		0.72435		
46.41		0.72476		
46.45		0.72519		
46.49		0.72561		
46.53		0.72604		
46.57		0.72648		
46.61		0.72692		
46.65		0.72736		
46.69		0.72781		
46.73		0.72826		
46.77		0.72872		
46.81		0.72918		
46.85		0.72964		
46.89		0.73011		
46.93		0.73058		
46.97		0.73106		
47.01		0.73154		
47.05		0.73203		
47.09		0.73251		
47.13		0.73301		
47.17		0.7335		
47.21		0.734		
47.25		0.7345		
47.29		0.73501		
47.33		0.73552		
47.37		0.73603		
47.41		0.73655		
47.45		0.73707		
47.49		0.73759		
47.53		0.73812		
47.57		0.73865		
47.61		0.73918		
47.65		0.73971		
47.69		0.74025		
47.73		0.74079		
47.77		0.74134		
47.81		0.74189		
47.85		0.74244		
47.89		0.74299		
47.93		0.74355		
47.97		0.74411		
48.01		0.74467		
48.05		0.74523		
48.09		0.7458		
48.13		0.74637		
48.17		0.74694		
48.21		0.74752		
48.25		0.7481		
48.29		0.74868		
48.33		0.74926		
48.37		0.74985		
48.41		0.75043		
48.45		0.75102		
48.49		0.75162		
48.53		0.75221		
48.57		0.75281		
48.61		0.75341		
48.65		0.75401		
48.69		0.75461		
48.73		0.75522		
48.77		0.75583		
48.81		0.75644		
48.85		0.75705		
48.89		0.75767		
48.93		0.75828		
48.97		0.7589		
49.01		0.75952		
49.05		0.76015		
49.09		0.76077		
49.13		0.7614		
49.17		0.76203		
49.21		0.76266		
49.25		0.76329		
49.29		0.76392		
49.33		0.76456		
49.37		0.7652		
49.41		0.76584		
49.45		0.76648		
49.49		0.76712		
49.53		0.76776		
49.57		0.76841		
49.61		0.76906		
49.65		0.7697		
49.69		0.77036		
49.73		0.77101		
49.77		0.77166		
49.81		0.77232		
49.85		0.77297		
49.89		0.77363		
49.93		0.77429		
49.97		0.77495		
