tau [fm]		B
0.25		-18.7776
0.26		-17.3031		
0.27		-16.0156		
0.28		-14.8861		
0.29		-13.8903		
0.3		-13.0083		
0.31		-12.2238		
0.32		-11.5229		
0.33		-10.8941		
0.34		-10.3277		
0.35		-9.81567		
0.36		-9.35091		
0.37		-8.92753		
0.38		-8.54049		
0.39		-8.18544		
0.4		-7.85864		
0.41		-7.55687		
0.42		-7.27734		
0.43		-7.01763		
0.44		-6.77564		
0.45		-6.54954		
0.46		-6.33771		
0.47		-6.13875		
0.48		-5.95143		
0.49		-5.77466		
0.5		-5.60749		
0.51		-5.44907		
0.52		-5.29865		
0.53		-5.15557		
0.54		-5.01923		
0.55		-4.8891		
0.56		-4.76472		
0.57		-4.64566		
0.58		-4.53155		
0.59		-4.42204		
0.6		-4.31683		
0.61		-4.21563		
0.62		-4.1182		
0.63		-4.0243		
0.64		-3.93374		
0.65		-3.84631		
0.66		-3.76184		
0.67		-3.68018		
0.68		-3.60118		
0.69		-3.52469		
0.7		-3.45061		
0.71		-3.3788		
0.72		-3.30917		
0.73		-3.24161		
0.74		-3.17603		
0.75		-3.11234		
0.76		-3.05047		
0.77		-2.99032		
0.78		-2.93184		
0.79		-2.87496		
0.8		-2.81961		
0.81		-2.76573		
0.82		-2.71326		
0.83		-2.66216		
0.84		-2.61237		
0.85		-2.56384		
0.86		-2.51652		
0.87		-2.47038		
0.88		-2.42538		
0.89		-2.38146		
0.9		-2.3386		
0.91		-2.29676		
0.92		-2.25591		
0.93		-2.21601		
0.94		-2.17703		
0.95		-2.13894		
0.96		-2.10171		
0.97		-2.06532		
0.98		-2.02974		
0.99		-1.99495		
1		-1.96092		
1.01		-1.92762		
1.02		-1.89504		
1.03		-1.86315		
1.04		-1.83193		
1.05		-1.80137		
1.06		-1.77144		
1.07		-1.74213		
1.08		-1.71342		
1.09		-1.68529		
1.1		-1.65773		
1.11		-1.63072		
1.12		-1.60424		
1.13		-1.57828		
1.14		-1.55282		
1.15		-1.52786		
1.16		-1.50338		
1.17		-1.47937		
1.18		-1.45581		
1.19		-1.43269		
1.2		-1.41001		
1.21		-1.38775		
1.22		-1.36589		
1.23		-1.34443		
1.24		-1.32337		
1.25		-1.30268		
1.26		-1.28237		
1.27		-1.26241		
1.28		-1.24281		
1.29		-1.22355		
1.3		-1.20463		
1.31		-1.18603		
1.32		-1.16776		
1.33		-1.1498		
1.34		-1.13214		
1.35		-1.11478		
1.36		-1.09772		
1.37		-1.08094		
1.38		-1.06443		
1.39		-1.0482		
1.4		-1.03224		
1.41		-1.01653		
1.42		-1.00108		
1.43		-0.985878		
1.44		-0.970919		
1.45		-0.956199		
1.46		-0.941711		
1.47		-0.927452		
1.48		-0.913416		
1.49		-0.899598		
1.5		-0.885994		
1.51		-0.8726		
1.52		-0.859411		
1.53		-0.846423		
1.54		-0.833631		
1.55		-0.821032		
1.56		-0.808622		
1.57		-0.796397		
1.58		-0.784354		
1.59		-0.772488		
1.6		-0.760797		
1.61		-0.749276		
1.62		-0.737923		
1.63		-0.726734		
1.64		-0.715706		
1.65		-0.704836		
1.66		-0.694121		
1.67		-0.683558		
1.68		-0.673144		
1.69		-0.662876		
1.7		-0.652752		
1.71		-0.642769		
1.72		-0.632924		
1.73		-0.623214		
1.74		-0.613638		
1.75		-0.604193		
1.76		-0.594876		
1.77		-0.585685		
1.78		-0.576618		
1.79		-0.567673		
1.8		-0.558847		
1.81		-0.550139		
1.82		-0.541546		
1.83		-0.533066		
1.84		-0.524697		
1.85		-0.516438		
1.86		-0.508286		
1.87		-0.50024		
1.88		-0.492298		
1.89		-0.484457		
1.9		-0.476717		
1.91		-0.469076		
1.92		-0.461531		
1.93		-0.454082		
1.94		-0.446727		
1.95		-0.439464		
1.96		-0.432291		
1.97		-0.425208		
1.98		-0.418213		
1.99		-0.411304		
2		-0.404479		
2.01		-0.397739		
2.02		-0.39108		
2.03		-0.384502		
2.04		-0.378004		
2.05		-0.371585		
2.06		-0.365242		
2.07		-0.358975		
2.08		-0.352783		
2.09		-0.346665		
2.1		-0.340619		
2.11		-0.334644		
2.12		-0.328739		
2.13		-0.322904		
2.14		-0.317137		
2.15		-0.311436		
2.16		-0.305802		
2.17		-0.300232		
2.18		-0.294727		
2.19		-0.289285		
2.2		-0.283905		
2.21		-0.278586		
2.22		-0.273327		
2.23		-0.268128		
2.24		-0.262988		
2.25		-0.257905		
2.26		-0.252879		
2.27		-0.247909		
2.28		-0.242994		
2.29		-0.238134		
2.3		-0.233327		
2.31		-0.228574		
2.32		-0.223872		
2.33		-0.219222		
2.34		-0.214622		
2.35		-0.210073		
2.36		-0.205572		
2.37		-0.201121		
2.38		-0.196717		
2.39		-0.19236		
2.4		-0.188051		
2.41		-0.183787		
2.42		-0.179568		
2.43		-0.175394		
2.44		-0.171264		
2.45		-0.167178		
2.46		-0.163134		
2.47		-0.159133		
2.48		-0.155174		
2.49		-0.151256		
2.5		-0.147378		
2.51		-0.143541		
2.52		-0.139743		
2.53		-0.135984		
2.54		-0.132264		
2.55		-0.128582		
2.56		-0.124938		
2.57		-0.12133		
2.58		-0.117759		
2.59		-0.114225		
2.6		-0.110726		
2.61		-0.107262		
2.62		-0.103833		
2.63		-0.100438		
2.64		-0.0970768		
2.65		-0.0937493		
2.66		-0.0904548		
2.67		-0.0871929		
2.68		-0.0839631		
2.69		-0.0807652		
2.7		-0.0775987		
2.71		-0.0744632		
2.72		-0.0713583		
2.73		-0.0682837		
2.74		-0.065239		
2.75		-0.0622237		
2.76		-0.0592376		
2.77		-0.0562804		
2.78		-0.0533515		
2.79		-0.0504508		
2.8		-0.0475778		
2.81		-0.0447322		
2.82		-0.0419138		
2.83		-0.0391221		
2.84		-0.0363569		
2.85		-0.0336179		
2.86		-0.0309047		
2.87		-0.028217		
2.88		-0.0255545		
2.89		-0.022917		
2.9		-0.0203041		
2.91		-0.0177156		
2.92		-0.0151512		
2.93		-0.0126105		
2.94		-0.0100934		
2.95		-0.00759953		
2.96		-0.00512864		
2.97		-0.00268047		
2.98		-0.000254757		
2.99		0.00214875		
3		0.0045303		
3.01		0.00689015		
3.02		0.00922854		
3.03		0.0115457		
3.04		0.0138419		
3.05		0.0161173		
3.06		0.0183723		
3.07		0.0206069		
3.08		0.0228215		
3.09		0.0250162		
3.1		0.0271914		
3.11		0.0293471		
3.12		0.0314836		
3.13		0.0336011		
3.14		0.0356999		
3.15		0.0377801		
3.16		0.0398419		
3.17		0.0418856		
3.18		0.0439112		
3.19		0.0459191		
3.2		0.0479094		
3.21		0.0498823		
3.22		0.051838		
3.23		0.0537766		
3.24		0.0556984		
3.25		0.0576035		
3.26		0.0594922		
3.27		0.0613644		
3.28		0.0632206		
3.29		0.0650607		
3.3		0.0668851		
3.31		0.0686937		
3.32		0.0704869		
3.33		0.0722647		
3.34		0.0740274		
3.35		0.0757751		
3.36		0.0775079		
3.37		0.079226		
3.38		0.0809295		
3.39		0.0826186		
3.4		0.0842934		
3.41		0.0859542		
3.42		0.0876009		
3.43		0.0892338		
3.44		0.090853		
3.45		0.0924587		
3.46		0.0940509		
3.47		0.0956299		
3.48		0.0971957		
3.49		0.0987484		
3.5		0.100288		
3.51		0.101815		
3.52		0.10333		
3.53		0.104832		
3.54		0.106322		
3.55		0.1078		
3.56		0.109262		
3.57		0.110716		
3.58		0.112157		
3.59		0.113587		
3.6		0.115004		
3.61		0.116411		
3.62		0.117805		
3.63		0.119188		
3.64		0.12056		
3.65		0.121921		
3.66		0.123271		
3.67		0.12461		
3.68		0.125938		
3.69		0.127255		
3.7		0.128562		
3.71		0.129858		
3.72		0.131144		
3.73		0.132419		
3.74		0.133684		
3.75		0.134939		
3.76		0.136184		
3.77		0.13742		
3.78		0.138645		
3.79		0.13986		
3.8		0.141066		
3.81		0.142262		
3.82		0.143449		
3.83		0.144626		
3.84		0.145794		
3.85		0.146953		
3.86		0.148102		
3.87		0.149243		
3.88		0.150374		
3.89		0.151497		
3.9		0.152611		
3.91		0.153716		
3.92		0.154812		
3.93		0.1559		
3.94		0.156979		
3.95		0.15805		
3.96		0.159112		
3.97		0.160166		
3.98		0.161212		
3.99		0.16225		
4		0.163279		
4.01		0.164301		
4.02		0.165315		
4.03		0.166321		
4.04		0.167319		
4.05		0.168309		
4.06		0.169292		
4.07		0.170267		
4.08		0.171234		
4.09		0.172195		
4.1		0.173147		
4.11		0.174093		
4.12		0.175031		
4.13		0.175961		
4.14		0.176885		
4.15		0.177802		
4.16		0.178711		
4.17		0.179614		
4.18		0.18051		
4.19		0.181399		
4.2		0.182281		
4.21		0.183156		
4.22		0.184025		
4.23		0.184887		
4.24		0.185742		
4.25		0.186591		
4.26		0.187434		
4.27		0.18827		
4.28		0.189099		
4.29		0.189923		
4.3		0.19074		
4.31		0.191551		
4.32		0.192356		
4.33		0.193154		
4.34		0.193947		
4.35		0.194734		
4.36		0.195514		
4.37		0.196289		
4.38		0.197058		
4.39		0.197821		
4.4		0.198579		
4.41		0.199331		
4.42		0.200077		
4.43		0.200817		
4.44		0.201552		
4.45		0.202281		
4.46		0.203005		
4.47		0.203723		
4.48		0.204436		
4.49		0.205144		
4.5		0.205846		
4.51		0.206543		
4.52		0.207235		
4.53		0.207922		
4.54		0.208603		
4.55		0.209279		
4.56		0.209951		
4.57		0.210617		
4.58		0.211278		
4.59		0.211935		
4.6		0.212586		
4.61		0.213232		
4.62		0.213874		
4.63		0.214511		
4.64		0.215143		
4.65		0.215771		
4.66		0.216393		
4.67		0.217011		
4.68		0.217625		
4.69		0.218234		
4.7		0.218838		
4.71		0.219438		
4.72		0.220033		
4.73		0.220624		
4.74		0.22121		
4.75		0.221792		
4.76		0.22237		
4.77		0.222943		
4.78		0.223513		
4.79		0.224077		
4.8		0.224638		
4.81		0.225195		
4.82		0.225747		
4.83		0.226295		
4.84		0.226839		
4.85		0.227379		
4.86		0.227915		
4.87		0.228447		
4.88		0.228975		
4.89		0.229499		
4.9		0.230019		
4.91		0.230536		
4.92		0.231048		
4.93		0.231557		
4.94		0.232062		
4.95		0.232563		
4.96		0.23306		
4.97		0.233553		
4.98		0.234043		
4.99		0.234529		
5		0.235012		
5.01		0.235491		
5.02		0.235966		
5.03		0.236438		
5.04		0.236906		
5.05		0.237371		
5.06		0.237832		
5.07		0.23829		
5.08		0.238744		
5.09		0.239195		
5.1		0.239642		
5.11		0.240087		
5.12		0.240527		
5.13		0.240965		
5.14		0.241399		
5.15		0.24183		
5.16		0.242258		
5.17		0.242682		
5.18		0.243103		
5.19		0.243521		
5.2		0.243936		
5.21		0.244348		
5.22		0.244757		
5.23		0.245162		
5.24		0.245565		
5.25		0.245964		
5.26		0.24636		
5.27		0.246754		
5.28		0.247144		
5.29		0.247532		
5.3		0.247916		
5.31		0.248298		
5.32		0.248676		
5.33		0.249052		
5.34		0.249425		
5.35		0.249795		
5.36		0.250162		
5.37		0.250526		
5.38		0.250888		
5.39		0.251247		
5.4		0.251603		
5.41		0.251956		
5.42		0.252307		
5.43		0.252654		
5.44		0.253		
5.45		0.253342		
5.46		0.253682		
5.47		0.254019		
5.48		0.254354		
5.49		0.254686		
5.5		0.255015		
5.51		0.255342		
5.52		0.255667		
5.53		0.255988		
5.54		0.256308		
5.55		0.256625		
5.56		0.256939		
5.57		0.257251		
5.58		0.25756		
5.59		0.257867		
5.6		0.258172		
5.61		0.258474		
5.62		0.258774		
5.63		0.259071		
5.64		0.259366		
5.65		0.259659		
5.66		0.259949		
5.67		0.260238		
5.68		0.260523		
5.69		0.260807		
5.7		0.261088		
5.71		0.261367		
5.72		0.261644		
5.73		0.261918		
5.74		0.262191		
5.75		0.262461		
5.76		0.262729		
5.77		0.262995		
5.78		0.263258		
5.79		0.26352		
5.8		0.263779		
5.81		0.264037		
5.82		0.264292		
5.83		0.264545		
5.84		0.264796		
5.85		0.265045		
5.86		0.265292		
5.87		0.265537		
5.88		0.26578		
5.89		0.266021		
5.9		0.266259		
5.91		0.266496		
5.92		0.266731		
5.93		0.266964		
5.94		0.267195		
5.95		0.267424		
5.96		0.267651		
5.97		0.267877		
5.98		0.2681		
5.99		0.268322		
6		0.268541		
6.01		0.268759		
6.02		0.268975		
6.03		0.269189		
6.04		0.269401		
6.05		0.269611		
6.06		0.26982		
6.07		0.270027		
6.08		0.270232		
6.09		0.270435		
6.1		0.270636		
6.11		0.270836		
6.12		0.271034		
6.13		0.27123		
6.14		0.271424		
6.15		0.271617		
6.16		0.271808		
6.17		0.271998		
6.18		0.272185		
6.19		0.272371		
6.2		0.272556		
6.21		0.272738		
6.22		0.272919		
6.23		0.273099		
6.24		0.273276		
6.25		0.273453		
6.26		0.273627		
6.27		0.2738		
6.28		0.273972		
6.29		0.274141		
6.3		0.27431		
6.31		0.274476		
6.32		0.274641		
6.33		0.274805		
6.34		0.274967		
6.35		0.275128		
6.36		0.275287		
6.37		0.275444		
6.38		0.2756		
6.39		0.275755		
6.4		0.275908		
6.41		0.276059		
6.42		0.276209		
6.43		0.276358		
6.44		0.276505		
6.45		0.276651		
6.46		0.276795		
6.47		0.276938		
6.48		0.27708		
6.49		0.27722		
6.5		0.277359		
6.51		0.277496		
6.52		0.277632		
6.53		0.277766		
6.54		0.2779		
6.55		0.278032		
6.56		0.278162		
6.57		0.278291		
6.58		0.278419		
6.59		0.278546		
6.6		0.278671		
6.61		0.278795		
6.62		0.278917		
6.63		0.279038		
6.64		0.279158		
6.65		0.279277		
6.66		0.279394		
6.67		0.279511		
6.68		0.279626		
6.69		0.279739		
6.7		0.279852		
6.71		0.279963		
6.72		0.280073		
6.73		0.280181		
6.74		0.280289		
6.75		0.280395		
6.76		0.2805		
6.77		0.280604		
6.78		0.280707		
6.79		0.280808		
6.8		0.280908		
6.81		0.281007		
6.82		0.281105		
6.83		0.281202		
6.84		0.281298		
6.85		0.281392		
6.86		0.281486		
6.87		0.281578		
6.88		0.281669		
6.89		0.281759		
6.9		0.281848		
6.91		0.281935		
6.92		0.282022		
6.93		0.282107		
6.94		0.282192		
6.95		0.282275		
6.96		0.282357		
6.97		0.282439		
6.98		0.282519		
6.99		0.282598		
7		0.282676		
7.01		0.282753		
7.02		0.282829		
7.03		0.282903		
7.04		0.282977		
7.05		0.28305		
7.06		0.283122		
7.07		0.283193		
7.08		0.283262		
7.09		0.283331		
7.1		0.283399		
7.11		0.283465		
7.12		0.283531		
7.13		0.283596		
7.14		0.28366		
7.15		0.283722		
7.16		0.283784		
7.17		0.283845		
7.18		0.283905		
7.19		0.283964		
7.2		0.284022		
7.21		0.284079		
7.22		0.284135		
7.23		0.28419		
7.24		0.284244		
7.25		0.284298		
7.26		0.28435		
7.27		0.284401		
7.28		0.284452		
7.29		0.284502		
7.3		0.28455		
7.31		0.284598		
7.32		0.284645		
7.33		0.284691		
7.34		0.284736		
7.35		0.284781		
7.36		0.284824		
7.37		0.284866		
7.38		0.284908		
7.39		0.284949		
7.4		0.284989		
7.41		0.285028		
7.42		0.285066		
7.43		0.285104		
7.44		0.28514		
7.45		0.285176		
7.46		0.285211		
7.47		0.285245		
7.48		0.285278		
7.49		0.285311		
7.5		0.285342		
7.51		0.285373		
7.52		0.285403		
7.53		0.285432		
7.54		0.285461		
7.55		0.285488		
7.56		0.285515		
7.57		0.285541		
7.58		0.285567		
7.59		0.285591		
7.6		0.285615		
7.61		0.285638		
7.62		0.28566		
7.63		0.285681		
7.64		0.285702		
7.65		0.285722		
7.66		0.285741		
7.67		0.28576		
7.68		0.285777		
7.69		0.285794		
7.7		0.28581		
7.71		0.285826		
7.72		0.285841		
7.73		0.285855		
7.74		0.285868		
7.75		0.285881		
7.76		0.285892		
7.77		0.285904		
7.78		0.285914		
7.79		0.285924		
7.8		0.285933		
7.81		0.285941		
7.82		0.285949		
7.83		0.285956		
7.84		0.285962		
7.85		0.285968		
7.86		0.285973		
7.87		0.285977		
7.88		0.285981		
7.89		0.285984		
7.9		0.285986		
7.91		0.285987		
7.92		0.285988		
7.93		0.285989		
7.94		0.285988		
7.95		0.285987		
7.96		0.285986		
7.97		0.285983		
7.98		0.28598		
7.99		0.285977		
8		0.285973		
8.01		0.285968		
8.02		0.285962		
8.03		0.285956		
8.04		0.28595		
8.05		0.285942		
8.06		0.285934		
8.07		0.285926		
8.08		0.285917		
8.09		0.285907		
8.1		0.285897		
8.11		0.285886		
8.12		0.285874		
8.13		0.285862		
8.14		0.285849		
8.15		0.285836		
8.16		0.285822		
8.17		0.285807		
8.18		0.285792		
8.19		0.285777		
8.2		0.285761		
8.21		0.285744		
8.22		0.285726		
8.23		0.285709		
8.24		0.28569		
8.25		0.285671		
8.26		0.285651		
8.27		0.285631		
8.28		0.285611		
8.29		0.285589		
8.3		0.285568		
8.31		0.285545		
8.32		0.285522		
8.33		0.285499		
8.34		0.285475		
8.35		0.285451		
8.36		0.285426		
8.37		0.2854		
8.38		0.285374		
8.39		0.285347		
8.4		0.28532		
8.41		0.285293		
8.42		0.285265		
8.43		0.285236		
8.44		0.285207		
8.45		0.285177		
8.46		0.285147		
8.47		0.285116		
8.48		0.285085		
8.49		0.285054		
8.5		0.285021		
8.51		0.284989		
8.52		0.284956		
8.53		0.284922		
8.54		0.284888		
8.55		0.284853		
8.56		0.284818		
8.57		0.284783		
8.58		0.284747		
8.59		0.28471		
8.6		0.284673		
8.61		0.284636		
8.62		0.284598		
8.63		0.284559		
8.64		0.284521		
8.65		0.284481		
8.66		0.284442		
8.67		0.284401		
8.68		0.284361		
8.69		0.28432		
8.7		0.284278		
8.71		0.284236		
8.72		0.284194		
8.73		0.284151		
8.74		0.284107		
8.75		0.284064		
8.76		0.284019		
8.77		0.283975		
8.78		0.28393		
8.79		0.283884		
8.8		0.283838		
8.81		0.283792		
8.82		0.283745		
8.83		0.283698		
8.84		0.28365		
8.85		0.283602		
8.86		0.283554		
8.87		0.283505		
8.88		0.283456		
8.89		0.283406		
8.9		0.283356		
8.91		0.283305		
8.92		0.283254		
8.93		0.283203		
8.94		0.283151		
8.95		0.283099		
8.96		0.283047		
8.97		0.282994		
8.98		0.28294		
8.99		0.282887		
9		0.282833		
9.01		0.282778		
9.02		0.282723		
9.03		0.282668		
9.04		0.282612		
9.05		0.282556		
9.06		0.2825		
9.07		0.282443		
9.08		0.282386		
9.09		0.282329		
9.1		0.282271		
9.11		0.282213		
9.12		0.282154		
9.13		0.282095		
9.14		0.282036		
9.15		0.281976		
9.16		0.281916		
9.17		0.281856		
9.18		0.281795		
9.19		0.281734		
9.2		0.281672		
9.21		0.28161		
9.22		0.281548		
9.23		0.281486		
9.24		0.281423		
9.25		0.281359		
9.26		0.281296		
9.27		0.281232		
9.28		0.281168		
9.29		0.281103		
9.3		0.281038		
9.31		0.280973		
9.32		0.280907		
9.33		0.280841		
9.34		0.280775		
9.35		0.280709		
9.36		0.280642		
9.37		0.280575		
9.38		0.280507		
9.39		0.280439		
9.4		0.280371		
9.41		0.280302		
9.42		0.280234		
9.43		0.280164		
9.44		0.280095		
9.45		0.280025		
9.46		0.279955		
9.47		0.279885		
9.48		0.279814		
9.49		0.279743		
9.5		0.279672		
9.51		0.2796		
9.52		0.279528		
9.53		0.279456		
9.54		0.279383		
9.55		0.27931		
9.56		0.279237		
9.57		0.279164		
9.58		0.27909		
9.59		0.279016		
9.6		0.278942		
9.61		0.278867		
9.62		0.278792		
9.63		0.278717		
9.64		0.278642		
9.65		0.278566		
9.66		0.27849		
9.67		0.278414		
9.68		0.278337		
9.69		0.27826		
9.7		0.278183		
9.71		0.278106		
9.72		0.278028		
9.73		0.27795		
9.74		0.277872		
9.75		0.277793		
9.76		0.277714		
9.77		0.277635		
9.78		0.277556		
9.79		0.277476		
9.8		0.277397		
9.81		0.277316		
9.82		0.277236		
9.83		0.277155		
9.84		0.277075		
9.85		0.276993		
9.86		0.276912		
9.87		0.27683		
9.88		0.276748		
9.89		0.276666		
9.9		0.276584		
9.91		0.276501		
9.92		0.276418		
9.93		0.276335		
9.94		0.276252		
9.95		0.276168		
9.96		0.276084		
9.97		0.276		
9.98		0.275915		
9.99		0.275831		
10		0.275746		
10.01		0.275661		
10.02		0.275575		
10.03		0.27549		
10.04		0.275404		
10.05		0.275318		
10.06		0.275232		
10.07		0.275145		
10.08		0.275058		
10.09		0.274971		
10.1		0.274884		
10.11		0.274797		
10.12		0.274709		
10.13		0.274621		
10.14		0.274533		
10.15		0.274445		
10.16		0.274356		
10.17		0.274268		
10.18		0.274179		
10.19		0.274089		
10.2		0.274		
10.21		0.27391		
10.22		0.27382		
10.23		0.27373		
10.24		0.27364		
10.25		0.273549		
10.26		0.273459		
10.27		0.273368		
10.28		0.273277		
10.29		0.273185		
10.3		0.273094		
10.31		0.273002		
10.32		0.27291		
10.33		0.272818		
10.34		0.272726		
10.35		0.272633		
10.36		0.27254		
10.37		0.272447		
10.38		0.272354		
10.39		0.272261		
10.4		0.272167		
10.41		0.272074		
10.42		0.27198		
10.43		0.271885		
10.44		0.271791		
10.45		0.271697		
10.46		0.271602		
10.47		0.271507		
10.48		0.271412		
10.49		0.271317		
10.5		0.271221		
10.51		0.271126		
10.52		0.27103		
10.53		0.270934		
10.54		0.270837		
10.55		0.270741		
10.56		0.270645		
10.57		0.270548		
10.58		0.270451		
10.59		0.270354		
10.6		0.270256		
10.61		0.270159		
10.62		0.270061		
10.63		0.269964		
10.64		0.269866		
10.65		0.269767		
10.66		0.269669		
10.67		0.269571		
10.68		0.269472		
10.69		0.269373		
10.7		0.269274		
10.71		0.269175		
10.72		0.269076		
10.73		0.268976		
10.74		0.268877		
10.75		0.268777		
10.76		0.268677		
10.77		0.268577		
10.78		0.268476		
10.79		0.268376		
10.8		0.268275		
10.81		0.268174		
10.82		0.268073		
10.83		0.267972		
10.84		0.267871		
10.85		0.26777		
10.86		0.267668		
10.87		0.267566		
10.88		0.267464		
10.89		0.267362		
10.9		0.26726		
10.91		0.267158		
10.92		0.267055		
10.93		0.266953		
10.94		0.26685		
10.95		0.266747		
10.96		0.266644		
10.97		0.266541		
10.98		0.266437		
10.99		0.266334		
11		0.26623		
11.01		0.266126		
11.02		0.266022		
11.03		0.265918		
11.04		0.265814		
11.05		0.26571		
11.06		0.265605		
11.07		0.265501		
11.08		0.265396		
11.09		0.265291		
11.1		0.265186		
11.11		0.265081		
11.12		0.264975		
11.13		0.26487		
11.14		0.264764		
11.15		0.264659		
11.16		0.264553		
11.17		0.264447		
11.18		0.264341		
11.19		0.264235		
11.2		0.264128		
11.21		0.264022		
11.22		0.263915		
11.23		0.263808		
11.24		0.263701		
11.25		0.263595		
11.26		0.263487		
11.27		0.26338		
11.28		0.263273		
11.29		0.263165		
11.3		0.263058		
11.31		0.26295		
11.32		0.262842		
11.33		0.262734		
11.34		0.262626		
11.35		0.262518		
11.36		0.26241		
11.37		0.262301		
11.38		0.262193		
11.39		0.262084		
11.4		0.261975		
11.41		0.261866		
11.42		0.261757		
11.43		0.261648		
11.44		0.261539		
11.45		0.26143		
11.46		0.26132		
11.47		0.261211		
11.48		0.261101		
11.49		0.260991		
11.5		0.260881		
11.51		0.260771		
11.52		0.260661		
11.53		0.260551		
11.54		0.260441		
11.55		0.26033		
11.56		0.26022		
11.57		0.260109		
11.58		0.259998		
11.59		0.259888		
11.6		0.259777		
11.61		0.259666		
11.62		0.259554		
11.63		0.259443		
11.64		0.259332		
11.65		0.25922		
11.66		0.259109		
11.67		0.258997		
11.68		0.258886		
11.69		0.258774		
11.7		0.258662		
11.71		0.25855		
11.72		0.258438		
11.73		0.258326		
11.74		0.258213		
11.75		0.258101		
11.76		0.257988		
11.77		0.257876		
11.78		0.257763		
11.79		0.25765		
11.8		0.257538		
11.81		0.257425		
11.82		0.257312		
11.83		0.257199		
11.84		0.257085		
11.85		0.256972		
11.86		0.256859		
11.87		0.256745		
11.88		0.256632		
11.89		0.256518		
11.9		0.256404		
11.91		0.256291		
11.92		0.256177		
11.93		0.256063		
11.94		0.255949		
11.95		0.255835		
11.96		0.255721		
11.97		0.255606		
11.98		0.255492		
11.99		0.255377		
12		0.255263		
12.01		0.255148		
12.02		0.255034		
12.03		0.254919		
12.04		0.254804		
12.05		0.254689		
12.06		0.254574		
12.07		0.254459		
12.08		0.254344		
12.09		0.254229		
12.1		0.254114		
12.11		0.253998		
12.12		0.253883		
12.13		0.253767		
12.14		0.253652		
12.15		0.253536		
12.16		0.253421		
12.17		0.253305		
12.18		0.253189		
12.19		0.253073		
12.2		0.252957		
12.21		0.252841		
12.22		0.252725		
12.23		0.252609		
12.24		0.252493		
12.25		0.252376		
12.26		0.25226		
12.27		0.252143		
12.28		0.252027		
12.29		0.25191		
12.3		0.251794		
12.31		0.251677		
12.32		0.25156		
12.33		0.251444		
12.34		0.251327		
12.35		0.25121		
12.36		0.251093		
12.37		0.250976		
12.38		0.250859		
12.39		0.250741		
12.4		0.250624		
12.41		0.250507		
12.42		0.25039		
12.43		0.250272		
12.44		0.250155		
12.45		0.250037		
12.46		0.24992		
12.47		0.249802		
12.48		0.249684		
12.49		0.249566		
12.5		0.249449		
12.51		0.249331		
12.52		0.249213		
12.53		0.249095		
12.54		0.248977		
12.55		0.248859		
12.56		0.248741		
12.57		0.248623		
12.58		0.248504		
12.59		0.248386		
12.6		0.248268		
12.61		0.248149		
12.62		0.248031		
12.63		0.247913		
12.64		0.247794		
12.65		0.247676		
12.66		0.247557		
12.67		0.247438		
12.68		0.24732		
12.69		0.247201		
12.7		0.247082		
12.71		0.246963		
12.72		0.246844		
12.73		0.246725		
12.74		0.246606		
12.75		0.246487		
12.76		0.246368		
12.77		0.246249		
12.78		0.24613		
12.79		0.246011		
12.8		0.245892		
12.81		0.245772		
12.82		0.245653		
12.83		0.245534		
12.84		0.245414		
12.85		0.245295		
12.86		0.245176		
12.87		0.245056		
12.88		0.244936		
12.89		0.244817		
12.9		0.244697		
12.91		0.244578		
12.92		0.244458		
12.93		0.244338		
12.94		0.244218		
12.95		0.244099		
12.96		0.243979		
12.97		0.243859		
12.98		0.243739		
12.99		0.243619		
13		0.243499		
13.01		0.243379		
13.02		0.243259		
13.03		0.243139		
13.04		0.243019		
13.05		0.242899		
13.06		0.242779		
13.07		0.242658		
13.08		0.242538		
13.09		0.242418		
13.1		0.242298		
13.11		0.242177		
13.12		0.242057		
13.13		0.241936		
13.14		0.241816		
13.15		0.241696		
13.16		0.241575		
13.17		0.241455		
13.18		0.241334		
13.19		0.241214		
13.2		0.241093		
13.21		0.240972		
13.22		0.240852		
13.23		0.240731		
13.24		0.24061		
13.25		0.24049		
13.26		0.240369		
13.27		0.240248		
13.28		0.240127		
13.29		0.240007		
13.3		0.239886		
13.31		0.239765		
13.32		0.239644		
13.33		0.239523		
13.34		0.239402		
13.35		0.239281		
13.36		0.23916		
13.37		0.239039		
13.38		0.238918		
13.39		0.238797		
13.4		0.238676		
13.41		0.238555		
13.42		0.238434		
13.43		0.238313		
13.44		0.238192		
13.45		0.238071		
13.46		0.237949		
13.47		0.237828		
13.48		0.237707		
13.49		0.237586		
13.5		0.237465		
13.51		0.237343		
13.52		0.237222		
13.53		0.237101		
13.54		0.23698		
13.55		0.236858		
13.56		0.236737		
13.57		0.236616		
13.58		0.236494		
13.59		0.236373		
13.6		0.236251		
13.61		0.23613		
13.62		0.236009		
13.63		0.235887		
13.64		0.235766		
13.65		0.235644		
13.66		0.235523		
13.67		0.235401		
13.68		0.23528		
13.69		0.235158		
13.7		0.235037		
13.71		0.234915		
13.72		0.234794		
13.73		0.234672		
13.74		0.234551		
13.75		0.234429		
13.76		0.234307		
13.77		0.234186		
13.78		0.234064		
13.79		0.233943		
13.8		0.233821		
13.81		0.233699		
13.82		0.233578		
13.83		0.233456		
13.84		0.233335		
13.85		0.233213		
13.86		0.233091		
13.87		0.23297		
13.88		0.232848		
13.89		0.232726		
13.9		0.232605		
13.91		0.232483		
13.92		0.232361		
13.93		0.232239		
13.94		0.232118		
13.95		0.231996		
13.96		0.231874		
13.97		0.231753		
13.98		0.231631		
13.99		0.231509		
14		0.231387		
14.01		0.231266		
14.02		0.231144		
14.03		0.231022		
14.04		0.230901		
14.05		0.230779		
14.06		0.230657		
14.07		0.230535		
14.08		0.230414		
14.09		0.230292		
14.1		0.23017		
14.11		0.230048		
14.12		0.229927		
14.13		0.229805		
14.14		0.229683		
14.15		0.229561		
14.16		0.22944		
14.17		0.229318		
14.18		0.229196		
14.19		0.229074		
14.2		0.228953		
14.21		0.228831		
14.22		0.228709		
14.23		0.228587		
14.24		0.228466		
14.25		0.228344		
14.26		0.228222		
14.27		0.228101		
14.28		0.227979		
14.29		0.227857		
14.3		0.227735		
14.31		0.227614		
14.32		0.227492		
14.33		0.22737		
14.34		0.227249		
14.35		0.227127		
14.36		0.227005		
14.37		0.226884		
14.38		0.226762		
14.39		0.22664		
14.4		0.226519		
14.41		0.226397		
14.42		0.226275		
14.43		0.226154		
14.44		0.226032		
14.45		0.225911		
14.46		0.225789		
14.47		0.225667		
14.48		0.225546		
14.49		0.225424		
14.5		0.225303		
14.51		0.225181		
14.52		0.22506		
14.53		0.224938		
14.54		0.224816		
14.55		0.224695		
14.56		0.224573		
14.57		0.224452		
14.58		0.22433		
14.59		0.224209		
14.6		0.224087		
14.61		0.223966		
14.62		0.223844		
14.63		0.223723		
14.64		0.223602		
14.65		0.22348		
14.66		0.223359		
14.67		0.223237		
14.68		0.223116		
14.69		0.222995		
14.7		0.222873		
14.71		0.222752		
14.72		0.222631		
14.73		0.222509		
14.74		0.222388		
14.75		0.222267		
14.76		0.222145		
14.77		0.222024		
14.78		0.221903		
14.79		0.221782		
14.8		0.22166		
14.81		0.221539		
14.82		0.221418		
14.83		0.221297		
14.84		0.221176		
14.85		0.221055		
14.86		0.220933		
14.87		0.220812		
14.88		0.220691		
14.89		0.22057		
14.9		0.220449		
14.91		0.220328		
14.92		0.220207		
14.93		0.220086		
14.94		0.219965		
14.95		0.219844		
14.96		0.219723		
14.97		0.219602		
14.98		0.219481		
14.99		0.21936		
15		0.219239		
15.01		0.219119		
15.02		0.218998		
15.03		0.218877		
15.04		0.218756		
15.05		0.218635		
15.06		0.218514		
15.07		0.218394		
15.08		0.218273		
15.09		0.218152		
15.1		0.218032		
15.11		0.217911		
15.12		0.21779		
15.13		0.21767		
15.14		0.217549		
15.15		0.217428		
15.16		0.217308		
15.17		0.217187		
15.18		0.217067		
15.19		0.216946		
15.2		0.216826		
15.21		0.216705		
15.22		0.216585		
15.23		0.216464		
15.24		0.216344		
15.25		0.216224		
15.26		0.216103		
15.27		0.215983		
15.28		0.215863		
15.29		0.215742		
15.3		0.215622		
15.31		0.215502		
15.32		0.215382		
15.33		0.215261		
15.34		0.215141		
15.35		0.215021		
15.36		0.214901		
15.37		0.214781		
15.38		0.214661		
15.39		0.214541		
15.4		0.214421		
15.41		0.214301		
15.42		0.214181		
15.43		0.214061		
15.44		0.213941		
15.45		0.213821		
15.46		0.213701		
15.47		0.213581		
15.48		0.213461		
15.49		0.213342		
15.5		0.213222		
15.51		0.213102		
15.52		0.212982		
15.53		0.212863		
15.54		0.212743		
15.55		0.212624		
15.56		0.212504		
15.57		0.212384		
15.58		0.212265		
15.59		0.212145		
15.6		0.212026		
15.61		0.211906		
15.62		0.211787		
15.63		0.211667		
15.64		0.211548		
15.65		0.211429		
15.66		0.211309		
15.67		0.21119		
15.68		0.211071		
15.69		0.210952		
15.7		0.210832		
15.71		0.210713		
15.72		0.210594		
15.73		0.210475		
15.74		0.210356		
15.75		0.210237		
15.76		0.210118		
15.77		0.209999		
15.78		0.20988		
15.79		0.209761		
15.8		0.209642		
15.81		0.209523		
15.82		0.209404		
15.83		0.209285		
15.84		0.209167		
15.85		0.209048		
15.86		0.208929		
15.87		0.20881		
15.88		0.208692		
15.89		0.208573		
15.9		0.208455		
15.91		0.208336		
15.92		0.208217		
15.93		0.208099		
15.94		0.20798		
15.95		0.207862		
15.96		0.207744		
15.97		0.207625		
15.98		0.207507		
15.99		0.207389		
16		0.20727		
16.01		0.207152		
16.02		0.207034		
16.03		0.206916		
16.04		0.206798		
16.05		0.20668		
16.06		0.206561		
16.07		0.206443		
16.08		0.206325		
16.09		0.206207		
16.1		0.206089		
16.11		0.205972		
16.12		0.205854		
16.13		0.205736		
16.14		0.205618		
16.15		0.2055		
16.16		0.205383		
16.17		0.205265		
16.18		0.205147		
16.19		0.20503		
16.2		0.204912		
16.21		0.204794		
16.22		0.204677		
16.23		0.20456		
16.24		0.204442		
16.25		0.204325		
16.26		0.204207		
16.27		0.20409		
16.28		0.203973		
16.29		0.203855		
16.3		0.203738		
16.31		0.203621		
16.32		0.203504		
16.33		0.203387		
16.34		0.20327		
16.35		0.203153		
16.36		0.203036		
16.37		0.202919		
16.38		0.202802		
16.39		0.202685		
16.4		0.202569		
16.41		0.202453		
16.42		0.202337		
16.43		0.202224		
16.44		0.202076		
16.45		0.201979		
16.46		0.201865		
16.47		0.201749		
16.48		0.201633		
16.49		0.201516		
16.5		0.2014		
16.51		0.201284		
16.52		0.201167		
16.53		0.201051		
16.54		0.200935		
16.55		0.200819		
16.56		0.200702		
16.57		0.200586		
16.58		0.20047		
16.59		0.200354		
16.6		0.200238		
16.61		0.200122		
16.62		0.200006		
16.63		0.19989		
16.64		0.199774		
16.65		0.199658		
16.66		0.199542		
16.67		0.199426		
16.68		0.199311		
16.69		0.199195		
16.7		0.199079		
16.71		0.198963		
16.72		0.198848		
16.73		0.198732		
16.74		0.198617		
16.75		0.198501		
16.76		0.198386		
16.77		0.19827		
16.78		0.198155		
16.79		0.19804		
16.8		0.197924		
16.81		0.197809		
16.82		0.197694		
16.83		0.197579		
16.84		0.197464		
16.85		0.197349		
16.86		0.197233		
16.87		0.197118		
16.88		0.197004		
16.89		0.196889		
16.9		0.196774		
16.91		0.196659		
16.92		0.196544		
16.93		0.196429		
16.94		0.196315		
16.95		0.1962		
16.96		0.196085		
16.97		0.195971		
16.98		0.195856		
16.99		0.195742		
17		0.195627		
17.01		0.195513		
17.02		0.195398		
17.03		0.195284		
17.04		0.19517		
17.05		0.195056		
17.06		0.194941		
17.07		0.194827		
17.08		0.194713		
17.09		0.194599		
17.1		0.194485		
17.11		0.194371		
17.12		0.194257		
17.13		0.194143		
17.14		0.194029		
17.15		0.193915		
17.16		0.193802		
17.17		0.193688		
17.18		0.193574		
17.19		0.193461		
17.2		0.193347		
17.21		0.193234		
17.22		0.19312		
17.23		0.193007		
17.24		0.192893		
17.25		0.19278		
17.26		0.192666		
17.27		0.192553		
17.28		0.19244		
17.29		0.192327		
17.3		0.192214		
17.31		0.192101		
17.32		0.191987		
17.33		0.191874		
17.34		0.191761		
17.35		0.191649		
17.36		0.191536		
17.37		0.191423		
17.38		0.19131		
17.39		0.191197		
17.4		0.191085		
17.41		0.190972		
17.42		0.190859		
17.43		0.190747		
17.44		0.190634		
17.45		0.190522		
17.46		0.190409		
17.47		0.190297		
17.48		0.190185		
17.49		0.190072		
17.5		0.18996		
17.51		0.189848		
17.52		0.189736		
17.53		0.189624		
17.54		0.189512		
17.55		0.1894		
17.56		0.189288		
17.57		0.189176		
17.58		0.189064		
17.59		0.188952		
17.6		0.18884		
17.61		0.188729		
17.62		0.188617		
17.63		0.188505		
17.64		0.188394		
17.65		0.188282		
17.66		0.188171		
17.67		0.188059		
17.68		0.187948		
17.69		0.187836		
17.7		0.187725		
17.71		0.187614		
17.72		0.187503		
17.73		0.187392		
17.74		0.18728		
17.75		0.187169		
17.76		0.187058		
17.77		0.186947		
17.78		0.186836		
17.79		0.186726		
17.8		0.186615		
17.81		0.186504		
17.82		0.186393		
17.83		0.186283		
17.84		0.186172		
17.85		0.186061		
17.86		0.185951		
17.87		0.18584		
17.88		0.18573		
17.89		0.185619		
17.9		0.185509		
17.91		0.185399		
17.92		0.185289		
17.93		0.185178		
17.94		0.185068		
17.95		0.184958		
17.96		0.184848		
17.97		0.184738		
17.98		0.184628		
17.99		0.184518		
18		0.184408		
18.01		0.184298		
18.02		0.184189		
18.03		0.184079		
18.04		0.183969		
18.05		0.18386		
18.06		0.18375		
18.07		0.183641		
18.08		0.183531		
18.09		0.183422		
18.1		0.183312		
18.11		0.183203		
18.12		0.183094		
18.13		0.182984		
18.14		0.182875		
18.15		0.182766		
18.16		0.182657		
18.17		0.182548		
18.18		0.182439		
18.19		0.18233		
18.2		0.182221		
18.21		0.182112		
18.22		0.182004		
18.23		0.181895		
18.24		0.181786		
18.25		0.181678		
18.26		0.181569		
18.27		0.18146		
18.28		0.181352		
18.29		0.181244		
18.3		0.181135		
18.31		0.181027		
18.32		0.180919		
18.33		0.18081		
18.34		0.180702		
18.35		0.180594		
18.36		0.180486		
18.37		0.180378		
18.38		0.18027		
18.39		0.180162		
18.4		0.180054		
18.41		0.179946		
18.42		0.179839		
18.43		0.179731		
18.44		0.179623		
18.45		0.179515		
18.46		0.179408		
18.47		0.1793		
18.48		0.179193		
18.49		0.179085		
18.5		0.178978		
18.51		0.178871		
18.52		0.178764		
18.53		0.178656		
18.54		0.178549		
18.55		0.178442		
18.56		0.178335		
18.57		0.178228		
18.58		0.178121		
18.59		0.178014		
18.6		0.177907		
18.61		0.1778		
18.62		0.177694		
18.63		0.177587		
18.64		0.17748		
18.65		0.177374		
18.66		0.177267		
18.67		0.177161		
18.68		0.177054		
18.69		0.176948		
18.7		0.176841		
18.71		0.176735		
18.72		0.176629		
18.73		0.176523		
18.74		0.176416		
18.75		0.17631		
18.76		0.176204		
18.77		0.176098		
18.78		0.175992		
18.79		0.175887		
18.8		0.175781		
18.81		0.175675		
18.82		0.175569		
18.83		0.175463		
18.84		0.175358		
18.85		0.175252		
18.86		0.175147		
18.87		0.175041		
18.88		0.174936		
18.89		0.174831		
18.9		0.174725		
18.91		0.17462		
18.92		0.174515		
18.93		0.17441		
18.94		0.174304		
18.95		0.174199		
18.96		0.174094		
18.97		0.173989		
18.98		0.173885		
18.99		0.17378		
19		0.173675		
19.01		0.17357		
19.02		0.173465		
19.03		0.173361		
19.04		0.173256		
19.05		0.173152		
19.06		0.173047		
19.07		0.172943		
19.08		0.172838		
19.09		0.172734		
19.1		0.17263		
19.11		0.172526		
19.12		0.172421		
19.13		0.172317		
19.14		0.172213		
19.15		0.172109		
19.16		0.172005		
19.17		0.171901		
19.18		0.171798		
19.19		0.171694		
19.2		0.17159		
19.21		0.171486		
19.22		0.171383		
19.23		0.171279		
19.24		0.171176		
19.25		0.171072		
19.26		0.170969		
19.27		0.170865		
19.28		0.170762		
19.29		0.170659		
19.3		0.170555		
19.31		0.170452		
19.32		0.170349		
19.33		0.170246		
19.34		0.170143		
19.35		0.17004		
19.36		0.169937		
19.37		0.169834		
19.38		0.169732		
19.39		0.169629		
19.4		0.169526		
19.41		0.169424		
19.42		0.169321		
19.43		0.169218		
19.44		0.169116		
19.45		0.169014		
19.46		0.168911		
19.47		0.168809		
19.48		0.168707		
19.49		0.168604		
19.5		0.168502		
19.51		0.1684		
19.52		0.168298		
19.53		0.168196		
19.54		0.168094		
19.55		0.167992		
19.56		0.16789		
19.57		0.167789		
19.58		0.167687		
19.59		0.167585		
19.6		0.167484		
19.61		0.167382		
19.62		0.167281		
19.63		0.167179		
19.64		0.167078		
19.65		0.166976		
19.66		0.166875		
19.67		0.166774		
19.68		0.166673		
19.69		0.166571		
19.7		0.16647		
19.71		0.166369		
19.72		0.166268		
19.73		0.166167		
19.74		0.166067		
19.75		0.165966		
19.76		0.165865		
19.77		0.165764		
19.78		0.165664		
19.79		0.165563		
19.8		0.165462		
19.81		0.165362		
19.82		0.165262		
19.83		0.165161		
19.84		0.165061		
19.85		0.164961		
19.86		0.16486		
19.87		0.16476		
19.88		0.16466		
19.89		0.16456		
19.9		0.16446		
19.91		0.16436		
19.92		0.16426		
19.93		0.16416		
19.94		0.16406		
19.95		0.163961		
19.96		0.163861		
19.97		0.163761		
19.98		0.163662		
19.99		0.163562		
20		0.163463		
20.01		0.163363		
20.02		0.163264		
20.03		0.163165		
20.04		0.163065		
20.05		0.162966		
20.06		0.162867		
20.07		0.162768		
20.08		0.162669		
20.09		0.16257		
20.1		0.162471		
20.11		0.162372		
20.12		0.162273		
20.13		0.162174		
20.14		0.162076		
20.15		0.161977		
20.16		0.161878		
20.17		0.16178		
20.18		0.161681		
20.19		0.161583		
20.2		0.161485		
20.21		0.161386		
20.22		0.161288		
20.23		0.16119		
20.24		0.161092		
20.25		0.160993		
20.26		0.160895		
20.27		0.160797		
20.28		0.160699		
20.29		0.160601		
20.3		0.160504		
20.31		0.160406		
20.32		0.160308		
20.33		0.16021		
20.34		0.160113		
20.35		0.160015		
20.36		0.159918		
20.37		0.15982		
20.38		0.159723		
20.39		0.159625		
20.4		0.159528		
20.41		0.159431		
20.42		0.159334		
20.43		0.159236		
20.44		0.159139		
20.45		0.159042		
20.46		0.158945		
20.47		0.158848		
20.48		0.158751		
20.49		0.158655		
20.5		0.158558		
20.51		0.158461		
20.52		0.158364		
20.53		0.158268		
20.54		0.158171		
20.55		0.158075		
20.56		0.157978		
20.57		0.157882		
20.58		0.157786		
20.59		0.157689		
20.6		0.157593		
20.61		0.157497		
20.62		0.157401		
20.63		0.157305		
20.64		0.157209		
20.65		0.157113		
20.66		0.157017		
20.67		0.156921		
20.68		0.156825		
20.69		0.156729		
20.7		0.156634		
20.71		0.156538		
20.72		0.156442		
20.73		0.156347		
20.74		0.156251		
20.75		0.156156		
20.76		0.156061		
20.77		0.155965		
20.78		0.15587		
20.79		0.155775		
20.8		0.15568		
20.81		0.155585		
20.82		0.15549		
20.83		0.155395		
20.84		0.1553		
20.85		0.155205		
20.86		0.15511		
20.87		0.155015		
20.88		0.154921		
20.89		0.154826		
20.9		0.154731		
20.91		0.154637		
20.92		0.154542		
20.93		0.154448		
20.94		0.154353		
20.95		0.154259		
20.96		0.154165		
20.97		0.154071		
20.98		0.153976		
20.99		0.153882		
21		0.153788		
21.01		0.153694		
21.02		0.1536		
21.03		0.153506		
21.04		0.153412		
21.05		0.153319		
21.06		0.153225		
21.07		0.153131		
21.08		0.153038		
21.09		0.152944		
21.1		0.15285		
21.11		0.152757		
21.12		0.152664		
21.13		0.15257		
21.14		0.152477		
21.15		0.152384		
21.16		0.15229		
21.17		0.152197		
21.18		0.152104		
21.19		0.152011		
21.2		0.151918		
21.21		0.151825		
21.22		0.151732		
21.23		0.15164		
21.24		0.151547		
21.25		0.151454		
21.26		0.151361		
21.27		0.151269		
21.28		0.151176		
21.29		0.151084		
21.3		0.150991		
21.31		0.150899		
21.32		0.150807		
21.33		0.150714		
21.34		0.150622		
21.35		0.15053		
21.36		0.150438		
21.37		0.150346		
21.38		0.150254		
21.39		0.150162		
21.4		0.15007		
21.41		0.149978		
21.42		0.149886		
21.43		0.149794		
21.44		0.149703		
21.45		0.149611		
21.46		0.149519		
21.47		0.149428		
21.48		0.149336		
21.49		0.149245		
21.5		0.149154		
21.51		0.149062		
21.52		0.148971		
21.53		0.14888		
21.54		0.148789		
21.55		0.148698		
21.56		0.148607		
21.57		0.148516		
21.58		0.148425		
21.59		0.148334		
21.6		0.148243		
21.61		0.148152		
21.62		0.148061		
21.63		0.147971		
21.64		0.14788		
21.65		0.14779		
21.66		0.147699		
21.67		0.147609		
21.68		0.147518		
21.69		0.147428		
21.7		0.147338		
21.71		0.147247		
21.72		0.147157		
21.73		0.147067		
21.74		0.146977		
21.75		0.146887		
21.76		0.146797		
21.77		0.146707		
21.78		0.146617		
21.79		0.146527		
21.8		0.146438		
21.81		0.146348		
21.82		0.146258		
21.83		0.146169		
21.84		0.146079		
21.85		0.14599		
21.86		0.1459		
21.87		0.145811		
21.88		0.145722		
21.89		0.145632		
21.9		0.145543		
21.91		0.145454		
21.92		0.145365		
21.93		0.145276		
21.94		0.145187		
21.95		0.145098		
21.96		0.145009		
21.97		0.14492		
21.98		0.144831		
21.99		0.144742		
22		0.144654		
22.01		0.144565		
22.02		0.144477		
22.03		0.144388		
22.04		0.1443		
22.05		0.144211		
22.06		0.144123		
22.07		0.144034		
22.08		0.143946		
22.09		0.143858		
22.1		0.14377		
22.11		0.143682		
22.12		0.143594		
22.13		0.143506		
22.14		0.143418		
22.15		0.14333		
22.16		0.143242		
22.17		0.143154		
22.18		0.143067		
22.19		0.142979		
22.2		0.142891		
22.21		0.142804		
22.22		0.142716		
22.23		0.142629		
22.24		0.142541		
22.25		0.142454		
22.26		0.142367		
22.27		0.142279		
22.28		0.142192		
22.29		0.142105		
22.3		0.142018		
22.31		0.141931		
22.32		0.141844		
22.33		0.141757		
22.34		0.14167		
22.35		0.141583		
22.36		0.141496		
22.37		0.14141		
22.38		0.141323		
22.39		0.141236		
22.4		0.14115		
22.41		0.141063		
22.42		0.140977		
22.43		0.140891		
22.44		0.140804		
22.45		0.140718		
22.46		0.140632		
22.47		0.140545		
22.48		0.140459		
22.49		0.140373		
22.5		0.140287		
22.51		0.140201		
22.52		0.140115		
22.53		0.140029		
22.54		0.139944		
22.55		0.139858		
22.56		0.139772		
22.57		0.139686		
22.58		0.139601		
22.59		0.139515		
22.6		0.13943		
22.61		0.139344		
22.62		0.139259		
22.63		0.139174		
22.64		0.139088		
22.65		0.139003		
22.66		0.138918		
22.67		0.138833		
22.68		0.138748		
22.69		0.138663		
22.7		0.138578		
22.71		0.138493		
22.72		0.138408		
22.73		0.138323		
22.74		0.138238		
22.75		0.138153		
22.76		0.138069		
22.77		0.137984		
22.78		0.1379		
22.79		0.137815		
22.8		0.137731		
22.81		0.137646		
22.82		0.137562		
22.83		0.137478		
22.84		0.137393		
22.85		0.137309		
22.86		0.137225		
22.87		0.137141		
22.88		0.137057		
22.89		0.136973		
22.9		0.136889		
22.91		0.136805		
22.92		0.136721		
22.93		0.136637		
22.94		0.136554		
22.95		0.13647		
22.96		0.136386		
22.97		0.136303		
22.98		0.136219		
22.99		0.136136		
23		0.136052		
23.01		0.135969		
23.02		0.135886		
23.03		0.135802		
23.04		0.135719		
23.05		0.135636		
23.06		0.135553		
23.07		0.13547		
23.08		0.135387		
23.09		0.135304		
23.1		0.135221		
23.11		0.135138		
23.12		0.135055		
23.13		0.134973		
23.14		0.13489		
23.15		0.134807		
23.16		0.134725		
23.17		0.134642		
23.18		0.13456		
23.19		0.134477		
23.2		0.134395		
23.21		0.134313		
23.22		0.13423		
23.23		0.134148		
23.24		0.134066		
23.25		0.133984		
23.26		0.133902		
23.27		0.13382		
23.28		0.133738		
23.29		0.133656		
23.3		0.133574		
23.31		0.133492		
23.32		0.13341		
23.33		0.133329		
23.34		0.133247		
23.35		0.133165		
23.36		0.133084		
23.37		0.133002		
23.38		0.132921		
23.39		0.132839		
23.4		0.132758		
23.41		0.132677		
23.42		0.132596		
23.43		0.132514		
23.44		0.132433		
23.45		0.132352		
23.46		0.132271		
23.47		0.13219		
23.48		0.132109		
23.49		0.132028		
23.5		0.131947		
23.51		0.131867		
23.52		0.131786		
23.53		0.131705		
23.54		0.131625		
23.55		0.131544		
23.56		0.131463		
23.57		0.131383		
23.58		0.131303		
23.59		0.131222		
23.6		0.131142		
23.61		0.131062		
23.62		0.130981		
23.63		0.130901		
23.64		0.130821		
23.65		0.130741		
23.66		0.130661		
23.67		0.130581		
23.68		0.130501		
23.69		0.130421		
23.7		0.130341		
23.71		0.130261		
23.72		0.130182		
23.73		0.130102		
23.74		0.130022		
23.75		0.129943		
23.76		0.129863		
23.77		0.129784		
23.78		0.129704		
23.79		0.129625		
23.8		0.129546		
23.81		0.129467		
23.82		0.129387		
23.83		0.129308		
23.84		0.129229		
23.85		0.12915		
23.86		0.129071		
23.87		0.128992		
23.88		0.128913		
23.89		0.128834		
23.9		0.128755		
23.91		0.128677		
23.92		0.128598		
23.93		0.128519		
23.94		0.128441		
23.95		0.128362		
23.96		0.128284		
23.97		0.128205		
23.98		0.128127		
23.99		0.128048		
24		0.12797		
24.01		0.127892		
24.02		0.127813		
24.03		0.127735		
24.04		0.127657		
24.05		0.127579		
24.06		0.127501		
24.07		0.127423		
24.08		0.127345		
24.09		0.127267		
24.1		0.12719		
24.11		0.127112		
24.12		0.127034		
24.13		0.126956		
24.14		0.126879		
24.15		0.126801		
24.16		0.126724		
24.17		0.126646		
24.18		0.126569		
24.19		0.126491		
24.2		0.126414		
24.21		0.126337		
24.22		0.12626		
24.23		0.126182		
24.24		0.126105		
24.25		0.126028		
24.26		0.125951		
24.27		0.125874		
24.28		0.125797		
24.29		0.12572		
24.3		0.125644		
24.31		0.125567		
24.32		0.12549		
24.33		0.125413		
24.34		0.125337		
24.35		0.12526		
24.36		0.125184		
24.37		0.125107		
24.38		0.125031		
24.39		0.124954		
24.4		0.124878		
24.41		0.124802		
24.42		0.124726		
24.43		0.124649		
24.44		0.124573		
24.45		0.124497		
24.46		0.124421		
24.47		0.124345		
24.48		0.124269		
24.49		0.124193		
24.5		0.124118		
24.51		0.124042		
24.52		0.123966		
24.53		0.12389		
24.54		0.123815		
24.55		0.123739		
24.56		0.123664		
24.57		0.123588		
24.58		0.123513		
24.59		0.123437		
24.6		0.123362		
24.61		0.123287		
24.62		0.123211		
24.63		0.123136		
24.64		0.123061		
24.65		0.122986		
24.66		0.122911		
24.67		0.122836		
24.68		0.122761		
24.69		0.122686		
24.7		0.122611		
24.71		0.122536		
24.72		0.122461		
24.73		0.122387		
24.74		0.122312		
24.75		0.122237		
24.76		0.122163		
24.77		0.122088		
24.78		0.122014		
24.79		0.121939		
24.8		0.121865		
24.81		0.121791		
24.82		0.121716		
24.83		0.121642		
24.84		0.121568		
24.85		0.121494		
24.86		0.12142		
24.87		0.121346		
24.88		0.121272		
24.89		0.121198		
24.9		0.121124		
24.91		0.12105		
24.92		0.120976		
24.93		0.120902		
24.94		0.120829		
24.95		0.120755		
24.96		0.120681		
24.97		0.120608		
24.98		0.120534		
24.99		0.120461		
25		0.120387		
25.01		0.120314		
25.02		0.120241		
25.03		0.120168		
25.04		0.120094		
25.05		0.120021		
25.06		0.119948		
25.07		0.119875		
25.08		0.119802		
25.09		0.119729		
25.1		0.119656		
25.11		0.119583		
25.12		0.11951		
25.13		0.119437		
25.14		0.119365		
25.15		0.119292		
25.16		0.119219		
25.17		0.119147		
25.18		0.119074		
25.19		0.119002		
25.2		0.118929		
25.21		0.118857		
25.22		0.118784		
25.23		0.118712		
25.24		0.11864		
25.25		0.118567		
25.26		0.118495		
25.27		0.118423		
25.28		0.118351		
25.29		0.118279		
25.3		0.118207		
25.31		0.118135		
25.32		0.118063		
25.33		0.117991		
25.34		0.117919		
25.35		0.117848		
25.36		0.117776		
25.37		0.117704		
25.38		0.117633		
25.39		0.117561		
25.4		0.11749		
25.41		0.117418		
25.42		0.117347		
25.43		0.117275		
25.44		0.117204		
25.45		0.117133		
25.46		0.117061		
25.47		0.11699		
25.48		0.116919		
25.49		0.116848		
25.5		0.116777		
25.51		0.116706		
25.52		0.116635		
25.53		0.116564		
25.54		0.116493		
25.55		0.116422		
25.56		0.116352		
25.57		0.116281		
25.58		0.11621		
25.59		0.11614		
25.6		0.116069		
25.61		0.115998		
25.62		0.115928		
25.63		0.115857		
25.64		0.115787		
25.65		0.115717		
25.66		0.115646		
25.67		0.115576		
25.68		0.115506		
25.69		0.115436		
25.7		0.115366		
25.71		0.115295		
25.72		0.115225		
25.73		0.115155		
25.74		0.115085		
25.75		0.115016		
25.76		0.114946		
25.77		0.114876		
25.78		0.114806		
25.79		0.114736		
25.8		0.114667		
25.81		0.114597		
25.82		0.114528		
25.83		0.114458		
25.84		0.114389		
25.85		0.114319		
25.86		0.11425		
25.87		0.11418		
25.88		0.114111		
25.89		0.114042		
25.9		0.113973		
25.91		0.113903		
25.92		0.113834		
25.93		0.113765		
25.94		0.113696		
25.95		0.113627		
25.96		0.113558		
25.97		0.113489		
25.98		0.11342		
25.99		0.113352		
26		0.113283		
26.01		0.113214		
26.02		0.113146		
26.03		0.113077		
26.04		0.113008		
26.05		0.11294		
26.06		0.112871		
26.07		0.112803		
26.08		0.112735		
26.09		0.112666		
26.1		0.112598		
26.11		0.11253		
26.12		0.112461		
26.13		0.112393		
26.14		0.112325		
26.15		0.112257		
26.16		0.112189		
26.17		0.112121		
26.18		0.112053		
26.19		0.111985		
26.2		0.111917		
26.21		0.111849		
26.22		0.111782		
26.23		0.111714		
26.24		0.111646		
26.25		0.111579		
26.26		0.111511		
26.27		0.111444		
26.28		0.111376		
26.29		0.111309		
26.3		0.111241		
26.31		0.111174		
26.32		0.111107		
26.33		0.111039		
26.34		0.110972		
26.35		0.110905		
26.36		0.110838		
26.37		0.110771		
26.38		0.110704		
26.39		0.110637		
26.4		0.11057		
26.41		0.110503		
26.42		0.110436		
26.43		0.110369		
26.44		0.110302		
26.45		0.110235		
26.46		0.110169		
26.47		0.110102		
26.48		0.110035		
26.49		0.109969		
26.5		0.109902		
26.51		0.109836		
26.52		0.109769		
26.53		0.109703		
26.54		0.109637		
26.55		0.10957		
26.56		0.109504		
26.57		0.109438		
26.58		0.109372		
26.59		0.109306		
26.6		0.10924		
26.61		0.109174		
26.62		0.109108		
26.63		0.109042		
26.64		0.108976		
26.65		0.10891		
26.66		0.108844		
26.67		0.108778		
26.68		0.108713		
26.69		0.108647		
26.7		0.108581		
26.71		0.108516		
26.72		0.10845		
26.73		0.108385		
26.74		0.108319		
26.75		0.108254		
26.76		0.108188		
26.77		0.108123		
26.78		0.108058		
26.79		0.107992		
26.8		0.107927		
26.81		0.107862		
26.82		0.107797		
26.83		0.107732		
26.84		0.107667		
26.85		0.107602		
26.86		0.107537		
26.87		0.107472		
26.88		0.107407		
26.89		0.107342		
26.9		0.107278		
26.91		0.107213		
26.92		0.107148		
26.93		0.107084		
26.94		0.107019		
26.95		0.106954		
26.96		0.10689		
26.97		0.106825		
26.98		0.106761		
26.99		0.106697		
27		0.106632		
27.01		0.106568		
27.02		0.106504		
27.03		0.106439		
27.04		0.106375		
27.05		0.106311		
27.06		0.106247		
27.07		0.106183		
27.08		0.106119		
27.09		0.106055		
27.1		0.105991		
27.11		0.105927		
27.12		0.105863		
27.13		0.1058		
27.14		0.105736		
27.15		0.105672		
27.16		0.105609		
27.17		0.105545		
27.18		0.105481		
27.19		0.105418		
27.2		0.105354		
27.21		0.105291		
27.22		0.105227		
27.23		0.105164		
27.24		0.105101		
27.25		0.105037		
27.26		0.104974		
27.27		0.104911		
27.28		0.104848		
27.29		0.104785		
27.3		0.104722		
27.31		0.104659		
27.32		0.104596		
27.33		0.104533		
27.34		0.10447		
27.35		0.104407		
27.36		0.104344		
27.37		0.104281		
27.38		0.104219		
27.39		0.104156		
27.4		0.104093		
27.41		0.104031		
27.42		0.103968		
27.43		0.103906		
27.44		0.103843		
27.45		0.103781		
27.46		0.103718		
27.47		0.103656		
27.48		0.103594		
27.49		0.103531		
27.5		0.103469		
27.51		0.103407		
27.52		0.103345		
27.53		0.103283		
27.54		0.103221		
27.55		0.103159		
27.56		0.103097		
27.57		0.103035		
27.58		0.102973		
27.59		0.102911		
27.6		0.102849		
27.61		0.102787		
27.62		0.102726		
27.63		0.102664		
27.64		0.102602		
27.65		0.102541		
27.66		0.102479		
27.67		0.102418		
27.68		0.102356		
27.69		0.102295		
27.7		0.102233		
27.71		0.102172		
27.72		0.10211		
27.73		0.102049		
27.74		0.101988		
27.75		0.101927		
27.76		0.101866		
27.77		0.101804		
27.78		0.101743		
27.79		0.101682		
27.8		0.101621		
27.81		0.10156		
27.82		0.1015		
27.83		0.101439		
27.84		0.101378		
27.85		0.101317		
27.86		0.101256		
27.87		0.101196		
27.88		0.101135		
27.89		0.101074		
27.9		0.101014		
27.91		0.100953		
27.92		0.100893		
27.93		0.100832		
27.94		0.100772		
27.95		0.100711		
27.96		0.100651		
27.97		0.100591		
27.98		0.10053		
27.99		0.10047		
28		0.10041		
28.01		0.10035		
28.02		0.10029		
28.03		0.10023		
28.04		0.10017		
28.05		0.10011		
28.06		0.10005		
28.07		0.0999898		
28.08		0.09993		
28.09		0.0998701		
28.1		0.0998103		
28.11		0.0997506		
28.12		0.0996909		
28.13		0.0996312		
28.14		0.0995716		
28.15		0.099512		
28.16		0.0994525		
28.17		0.099393		
28.18		0.0993335		
28.19		0.0992741		
28.2		0.0992147		
28.21		0.0991554		
28.22		0.0990961		
28.23		0.0990368		
28.24		0.0989776		
28.25		0.0989184		
28.26		0.0988592		
28.27		0.0988001		
28.28		0.0987411		
28.29		0.098682		
28.3		0.098623		
28.31		0.0985641		
28.32		0.0985052		
28.33		0.0984463		
28.34		0.0983875		
28.35		0.0983287		
28.36		0.0982699		
28.37		0.0982112		
28.38		0.0981525		
28.39		0.0980939		
28.4		0.0980353		
28.41		0.0979768		
28.42		0.0979182		
28.43		0.0978598		
28.44		0.0978013		
28.45		0.0977429		
28.46		0.0976846		
28.47		0.0976263		
28.48		0.097568		
28.49		0.0975097		
28.5		0.0974515		
28.51		0.0973934		
28.52		0.0973352		
28.53		0.0972771		
28.54		0.0972191		
28.55		0.0971611		
28.56		0.0971031		
28.57		0.0970452		
28.58		0.0969873		
28.59		0.0969294		
28.6		0.0968716		
28.61		0.0968139		
28.62		0.0967561		
28.63		0.0966984		
28.64		0.0966408		
28.65		0.0965831		
28.66		0.0965256		
28.67		0.096468		
28.68		0.0964105		
28.69		0.096353		
28.7		0.0962956		
28.71		0.0962382		
28.72		0.0961809		
28.73		0.0961236		
28.74		0.0960663		
28.75		0.096009		
28.76		0.0959518		
28.77		0.0958947		
28.78		0.0958376		
28.79		0.0957805		
28.8		0.0957234		
28.81		0.0956664		
28.82		0.0956095		
28.83		0.0955525		
28.84		0.0954956		
28.85		0.0954388		
28.86		0.095382		
28.87		0.0953252		
28.88		0.0952684		
28.89		0.0952117		
28.9		0.0951551		
28.91		0.0950984		
28.92		0.0950419		
28.93		0.0949853		
28.94		0.0949288		
28.95		0.0948723		
28.96		0.0948159		
28.97		0.0947595		
28.98		0.0947031		
28.99		0.0946468		
29		0.0945905		
29.01		0.0945343		
29.02		0.0944781		
29.03		0.0944219		
29.04		0.0943657		
29.05		0.0943096		
29.06		0.0942536		
29.07		0.0941976		
29.08		0.0941416		
29.09		0.0940856		
29.1		0.0940297		
29.11		0.0939738		
29.12		0.093918		
29.13		0.0938622		
29.14		0.0938064		
29.15		0.0937507		
29.16		0.093695		
29.17		0.0936394		
29.18		0.0935838		
29.19		0.0935282		
29.2		0.0934727		
29.21		0.0934172		
29.22		0.0933617		
29.23		0.0933063		
29.24		0.0932509		
29.25		0.0931955		
29.26		0.0931402		
29.27		0.0930849		
29.28		0.0930297		
29.29		0.0929745		
29.3		0.0929193		
29.31		0.0928642		
29.32		0.0928091		
29.33		0.0927541		
29.34		0.092699		
29.35		0.0926441		
29.36		0.0925891		
29.37		0.0925342		
29.38		0.0924793		
29.39		0.0924245		
29.4		0.0923697		
29.41		0.0923149		
29.42		0.0922602		
29.43		0.0922055		
29.44		0.0921509		
29.45		0.0920962		
29.46		0.0920417		
29.47		0.0919871		
29.48		0.0919326		
29.49		0.0918781		
29.5		0.0918237		
29.51		0.0917693		
29.52		0.091715		
29.53		0.0916606		
29.54		0.0916063		
29.55		0.0915521		
29.56		0.0914979		
29.57		0.0914437		
29.58		0.0913896		
29.59		0.0913354		
29.6		0.0912814		
29.61		0.0912273		
29.62		0.0911733		
29.63		0.0911194		
29.64		0.0910655		
29.65		0.0910116		
29.66		0.0909577		
29.67		0.0909039		
29.68		0.0908501		
29.69		0.0907964		
29.7		0.0907427		
29.71		0.090689		
29.72		0.0906353		
29.73		0.0905817		
29.74		0.0905282		
29.75		0.0904746		
29.76		0.0904211		
29.77		0.0903677		
29.78		0.0903143		
29.79		0.0902609		
29.8		0.0902075		
29.81		0.0901542		
29.82		0.0901009		
29.83		0.0900477		
29.84		0.0899945		
29.85		0.0899413		
29.86		0.0898882		
29.87		0.0898351		
29.88		0.089782		
29.89		0.089729		
29.9		0.089676		
29.91		0.089623		
29.92		0.0895701		
29.93		0.0895172		
29.94		0.0894643		
29.95		0.0894115		
29.96		0.0893587		
29.97		0.089306		
29.98		0.0892533		
29.99		0.0892006		
30		0.0891479		
30.01		0.0890953		
30.02		0.0890427		
30.03		0.0889902		
30.04		0.0889377		
30.05		0.0888852		
30.06		0.0888328		
30.07		0.0887804		
30.08		0.088728		
30.09		0.0886757		
30.1		0.0886234		
30.11		0.0885712		
30.12		0.0885189		
30.13		0.0884667		
30.14		0.0884146		
30.15		0.0883625		
30.16		0.0883104		
30.17		0.0882583		
30.18		0.0882063		
30.19		0.0881543		
30.2		0.0881024		
30.21		0.0880505		
30.22		0.0879986		
30.23		0.0879468		
30.24		0.0878949		
30.25		0.0878432		
30.26		0.0877914		
30.27		0.0877397		
30.28		0.0876881		
30.29		0.0876364		
30.3		0.0875848		
30.31		0.0875333		
30.32		0.0874817		
30.33		0.0874302		
30.34		0.0873788		
30.35		0.0873273		
30.36		0.0872759		
30.37		0.0872246		
30.38		0.0871732		
30.39		0.0871219		
30.4		0.0870707		
30.41		0.0870195		
30.42		0.0869683		
30.43		0.0869171		
30.44		0.086866		
30.45		0.0868149		
30.46		0.0867639		
30.47		0.0867128		
30.48		0.0866618		
30.49		0.0866109		
30.5		0.08656		
30.51		0.0865091		
30.52		0.0864582		
30.53		0.0864074		
30.54		0.0863566		
30.55		0.0863059		
30.56		0.0862552		
30.57		0.0862045		
30.58		0.0861538		
30.59		0.0861032		
30.6		0.0860526		
30.61		0.0860021		
30.62		0.0859516		
30.63		0.0859011		
30.64		0.0858507		
30.65		0.0858002		
30.66		0.0857499		
30.67		0.0856995		
30.68		0.0856492		
30.69		0.0855989		
30.7		0.0855487		
30.71		0.0854985		
30.72		0.0854483		
30.73		0.0853981		
30.74		0.085348		
30.75		0.085298		
30.76		0.0852479		
30.77		0.0851979		
30.78		0.0851479		
30.79		0.085098		
30.8		0.0850481		
30.81		0.0849982		
30.82		0.0849483		
30.83		0.0848985		
30.84		0.0848487		
30.85		0.084799		
30.86		0.0847493		
30.87		0.0846996		
30.88		0.0846499		
30.89		0.0846003		
30.9		0.0845507		
30.91		0.0845012		
30.92		0.0844517		
30.93		0.0844022		
30.94		0.0843527		
30.95		0.0843033		
30.96		0.0842539		
30.97		0.0842046		
30.98		0.0841553		
30.99		0.084106		
31		0.0840567		
31.01		0.0840075		
31.02		0.0839583		
31.03		0.0839091		
31.04		0.08386		
31.05		0.0838109		
31.06		0.0837619		
31.07		0.0837128		
31.08		0.0836639		
31.09		0.0836149		
31.1		0.083566		
31.11		0.0835171		
31.12		0.0834682		
31.13		0.0834194		
31.14		0.0833706		
31.15		0.0833218		
31.16		0.0832731		
31.17		0.0832244		
31.18		0.0831757		
31.19		0.083127		
31.2		0.0830784		
31.21		0.0830299		
31.22		0.0829813		
31.23		0.0829328		
31.24		0.0828843		
31.25		0.0828359		
31.26		0.0827875		
31.27		0.0827391		
31.28		0.0826907		
31.29		0.0826424		
31.3		0.0825941		
31.31		0.0825459		
31.32		0.0824977		
31.33		0.0824495		
31.34		0.0824013		
31.35		0.0823532		
31.36		0.0823051		
31.37		0.082257		
31.38		0.082209		
31.39		0.082161		
31.4		0.082113		
31.41		0.0820651		
31.42		0.0820172		
31.43		0.0819693		
31.44		0.0819215		
31.45		0.0818736		
31.46		0.0818259		
31.47		0.0817781		
31.48		0.0817304		
31.49		0.0816827		
31.5		0.0816351		
31.51		0.0815874		
31.52		0.0815399		
31.53		0.0814923		
31.54		0.0814448		
31.55		0.0813973		
31.56		0.0813498		
31.57		0.0813024		
31.58		0.081255		
31.59		0.0812076		
31.6		0.0811603		
31.61		0.0811129		
31.62		0.0810657		
31.63		0.0810184		
31.64		0.0809712		
31.65		0.080924		
31.66		0.0808769		
31.67		0.0808298		
31.68		0.0807827		
31.69		0.0807356		
31.7		0.0806886		
31.71		0.0806416		
31.72		0.0805946		
31.73		0.0805477		
31.74		0.0805008		
31.75		0.0804539		
31.76		0.080407		
31.77		0.0803602		
31.78		0.0803134		
31.79		0.0802667		
31.8		0.08022		
31.81		0.0801733		
31.82		0.0801266		
31.83		0.08008		
31.84		0.0800334		
31.85		0.0799868		
31.86		0.0799403		
31.87		0.0798938		
31.88		0.0798425		
31.89		0.0797964		
31.9		0.0797503		
31.91		0.0797043		
31.92		0.0796583		
31.93		0.0796123		
31.94		0.0795664		
31.95		0.0795205		
31.96		0.0794747		
31.97		0.0794288		
31.98		0.079383		
31.99		0.0793373		
32		0.0792916		
32.01		0.0792459		
32.02		0.0792002		
32.03		0.0791546		
32.04		0.0791091		
32.05		0.0790635		
32.06		0.079018		
32.07		0.0789725		
32.08		0.0789271		
32.09		0.0788817		
32.1		0.0788363		
32.11		0.078791		
32.12		0.0787457		
32.13		0.0787004		
32.14		0.0786551		
32.15		0.0786099		
32.16		0.0785648		
32.17		0.0785196		
32.18		0.0784745		
32.19		0.0784295		
32.2		0.0783844		
32.21		0.0783394		
32.22		0.0782945		
32.23		0.0782495		
32.24		0.0782046		
32.25		0.0781598		
32.26		0.0781149		
32.27		0.0780701		
32.28		0.0780254		
32.29		0.0779806		
32.3		0.0779359		
32.31		0.0778912		
32.32		0.0778466		
32.33		0.077802		
32.34		0.0777574		
32.35		0.0777129		
32.36		0.0776684		
32.37		0.0776239		
32.38		0.0775795		
32.39		0.0775351		
32.4		0.0774907		
32.41		0.0774463		
32.42		0.077402		
32.43		0.0773578		
32.44		0.0773135		
32.45		0.0772693		
32.46		0.0772251		
32.47		0.077181		
32.48		0.0771368		
32.49		0.0770928		
32.5		0.0770487		
32.51		0.0770047		
32.52		0.0769607		
32.53		0.0769167		
32.54		0.0768728		
32.55		0.0768289		
32.56		0.076785		
32.57		0.0767412		
32.58		0.0766974		
32.59		0.0766536		
32.6		0.0766099		
32.61		0.0765662		
32.62		0.0765225		
32.63		0.0764789		
32.64		0.0764352		
32.65		0.0763917		
32.66		0.0763481		
32.67		0.0763046		
32.68		0.0762611		
32.69		0.0762176		
32.7		0.0761742		
32.71		0.0761308		
32.72		0.0760874		
32.73		0.0760441		
32.74		0.0760008		
32.75		0.0759575		
32.76		0.0759143		
32.77		0.0758711		
32.78		0.0758279		
32.79		0.0757847		
32.8		0.0757416		
32.81		0.0756985		
32.82		0.0756555		
32.83		0.0756124		
32.84		0.0755694		
32.85		0.0755265		
32.86		0.0754835		
32.87		0.0754406		
32.88		0.0753977		
32.89		0.0753549		
32.9		0.0753121		
32.91		0.0752693		
32.92		0.0752265		
32.93		0.0751838		
32.94		0.0751411		
32.95		0.0750984		
32.96		0.0750558		
32.97		0.0750132		
32.98		0.0749706		
32.99		0.074928		
33		0.0748855		
33.01		0.074843		
33.02		0.0748005		
33.03		0.0747581		
33.04		0.0747157		
33.05		0.0746733		
33.06		0.074631		
33.07		0.0745887		
33.08		0.0745464		
33.09		0.0745041		
33.1		0.0744619		
33.11		0.0744197		
33.12		0.0743775		
33.13		0.0743354		
33.14		0.0742933		
33.15		0.0742512		
33.16		0.0742091		
33.17		0.0741671		
33.18		0.0741251		
33.19		0.0740832		
33.2		0.0740412		
33.21		0.0739993		
33.22		0.0739574		
33.23		0.0739156		
33.24		0.0738738		
33.25		0.073832		
33.26		0.0737902		
33.27		0.0737485		
33.28		0.0737067		
33.29		0.0736651		
33.3		0.0736234		
33.31		0.0735818		
33.32		0.0735402		
33.33		0.0734986		
33.34		0.0734571		
33.35		0.0734156		
33.36		0.0733741		
33.37		0.0733326		
33.38		0.0732912		
33.39		0.0732498		
33.4		0.0732085		
33.41		0.0731671		
33.42		0.0731258		
33.43		0.0730845		
33.44		0.0730433		
33.45		0.073002		
33.46		0.0729608		
33.47		0.0729197		
33.48		0.0728785		
33.49		0.0728374		
33.5		0.0727963		
33.51		0.0727553		
33.52		0.0727142		
33.53		0.0726732		
33.54		0.0726322		
33.55		0.0725913		
33.56		0.0725504		
33.57		0.0725095		
33.58		0.0724686		
33.59		0.0724278		
33.6		0.072387		
33.61		0.0723462		
33.62		0.0723054		
33.63		0.0722647		
33.64		0.072224		
33.65		0.0721833		
33.66		0.0721427		
33.67		0.0721021		
33.68		0.0720615		
33.69		0.0720209		
33.7		0.0719804		
33.71		0.0719399		
33.72		0.0718994		
33.73		0.0718589		
33.74		0.0718185		
33.75		0.0717781		
33.76		0.0717377		
33.77		0.0716974		
33.78		0.071657		
33.79		0.0716167		
33.8		0.0715765		
33.81		0.0715362		
33.82		0.071496		
33.83		0.0714558		
33.84		0.0714157		
33.85		0.0713756		
33.86		0.0713354		
33.87		0.0712954		
33.88		0.0712553		
33.89		0.0712153		
33.9		0.0711753		
33.91		0.0711353		
33.92		0.0710954		
33.93		0.0710555		
33.94		0.0710156		
33.95		0.0709757		
33.96		0.0709359		
33.97		0.070896		
33.98		0.0708563		
33.99		0.0708165		
34		0.0707768		
34.01		0.0707371		
34.02		0.0706974		
34.03		0.0706577		
34.04		0.0706181		
34.05		0.0705785		
34.06		0.0705389		
34.07		0.0704994		
34.08		0.0704599		
34.09		0.0704204		
34.1		0.0703809		
34.11		0.0703414		
34.12		0.070302		
34.13		0.0702626		
34.14		0.0702233		
34.15		0.0701839		
34.16		0.0701446		
34.17		0.0701053		
34.18		0.0700661		
34.19		0.0700268		
34.2		0.0699876		
34.21		0.0699484		
34.22		0.0699093		
34.23		0.0698701		
34.24		0.069831		
34.25		0.0697919		
34.26		0.0697529		
34.27		0.0697139		
34.28		0.0696749		
34.29		0.0696359		
34.3		0.0695969		
34.31		0.069558		
34.32		0.0695191		
34.33		0.0694802		
34.34		0.0694414		
34.35		0.0694025		
34.36		0.0693637		
34.37		0.069325		
34.38		0.0692862		
34.39		0.0692475		
34.4		0.0692088		
34.41		0.0691701		
34.42		0.0691315		
34.43		0.0690929		
34.44		0.0690543		
34.45		0.0690157		
34.46		0.0689771		
34.47		0.0689386		
34.48		0.0689001		
34.49		0.0688617		
34.5		0.0688232		
34.51		0.0687848		
34.52		0.0687464		
34.53		0.068708		
34.54		0.0686697		
34.55		0.0686314		
34.56		0.0685931		
34.57		0.0685548		
34.58		0.0685166		
34.59		0.0684783		
34.6		0.0684401		
34.61		0.068402		
34.62		0.0683638		
34.63		0.0683257		
34.64		0.0682876		
34.65		0.0682495		
34.66		0.0682115		
34.67		0.0681735		
34.68		0.0681355		
34.69		0.0680975		
34.7		0.0680596		
34.71		0.0680216		
34.72		0.0679837		
34.73		0.0679459		
34.74		0.067908		
34.75		0.0678702		
34.76		0.0678324		
34.77		0.0677946		
34.78		0.0677569		
34.79		0.0677191		
34.8		0.0676814		
34.81		0.0676438		
34.82		0.0676061		
34.83		0.0675685		
34.84		0.0675309		
34.85		0.0674933		
34.86		0.0674557		
34.87		0.0674182		
34.88		0.0673807		
34.89		0.0673432		
34.9		0.0673058		
34.91		0.0672683		
34.92		0.0672309		
34.93		0.0671935		
34.94		0.0671562		
34.95		0.0671188		
34.96		0.0670815		
34.97		0.0670442		
34.98		0.067007		
34.99		0.0669697		
35		0.0669325		
35.01		0.0668953		
35.02		0.0668582		
35.03		0.066821		
35.04		0.0667839		
35.05		0.0667468		
35.06		0.0667097		
35.07		0.0666727		
35.08		0.0666357		
35.09		0.0665987		
35.1		0.0665617		
35.11		0.0665247		
35.12		0.0664878		
35.13		0.0664509		
35.14		0.066414		
35.15		0.0663772		
35.16		0.0663403		
35.17		0.0663035		
35.18		0.0662667		
35.19		0.06623		
35.2		0.0661932		
35.21		0.0661565		
35.22		0.0661198		
35.23		0.0660831		
35.24		0.0660465		
35.25		0.0660099		
35.26		0.0659733		
35.27		0.0659367		
35.28		0.0659001		
35.29		0.0658636		
35.3		0.0658271		
35.31		0.0657906		
35.32		0.0657542		
35.33		0.0657177		
35.34		0.0656813		
35.35		0.0656449		
35.36		0.0656086		
35.37		0.0655722		
35.38		0.0655359		
35.39		0.0654996		
35.4		0.0654633		
35.41		0.0654271		
35.42		0.0653909		
35.43		0.0653547		
35.44		0.0653185		
35.45		0.0652823		
35.46		0.0652462		
35.47		0.0652101		
35.48		0.065174		
35.49		0.0651379		
35.5		0.0651019		
35.51		0.0650659		
35.52		0.0650299		
35.53		0.0649939		
35.54		0.064958		
35.55		0.064922		
35.56		0.0648861		
35.57		0.0648502		
35.58		0.0648144		
35.59		0.0647785		
35.6		0.0647427		
35.61		0.0647069		
35.62		0.0646712		
35.63		0.0646354		
35.64		0.0645997		
35.65		0.064564		
35.66		0.0645283		
35.67		0.0644927		
35.68		0.0644571		
35.69		0.0644214		
35.7		0.0643859		
35.71		0.0643503		
35.72		0.0643148		
35.73		0.0642792		
35.74		0.0642437		
35.75		0.0642083		
35.76		0.0641728		
35.77		0.0641374		
35.78		0.064102		
35.79		0.0640666		
35.8		0.0640312		
35.81		0.0639959		
35.82		0.0639606		
35.83		0.0639253		
35.84		0.06389		
35.85		0.0638548		
35.86		0.0638196		
35.87		0.0637843		
35.88		0.0637492		
35.89		0.063714		
35.9		0.0636789		
35.91		0.0636438		
35.92		0.0636087		
35.93		0.0635736		
35.94		0.0635385		
35.95		0.0635035		
35.96		0.0634685		
35.97		0.0634335		
35.98		0.0633986		
35.99		0.0633636		
36		0.0633287		
36.01		0.0632938		
36.02		0.0632589		
36.03		0.0632241		
36.04		0.0631893		
36.05		0.0631545		
36.06		0.0631197		
36.07		0.0630849		
36.08		0.0630502		
36.09		0.0630155		
36.1		0.0629808		
36.11		0.0629461		
36.12		0.0629114		
36.13		0.0628768		
36.14		0.0628422		
36.15		0.0628076		
36.16		0.062773		
36.17		0.0627385		
36.18		0.062704		
36.19		0.0626695		
36.2		0.062635		
36.21		0.0626005		
36.22		0.0625661		
36.23		0.0625317		
36.24		0.0624973		
36.25		0.0624629		
36.26		0.0624286		
36.27		0.0623942		
36.28		0.0623599		
36.29		0.0623256		
36.3		0.0622914		
36.31		0.0622571		
36.32		0.0622229		
36.33		0.0621887		
36.34		0.0621545		
36.35		0.0621204		
36.36		0.0620862		
36.37		0.0620521		
36.38		0.062018		
36.39		0.061984		
36.4		0.0619499		
36.41		0.0619159		
36.42		0.0618819		
36.43		0.0618479		
36.44		0.0618139		
36.45		0.06178		
36.46		0.0617461		
36.47		0.0617122		
36.48		0.0616783		
36.49		0.0616444		
36.5		0.0616106		
36.51		0.0615768		
36.52		0.061543		
36.53		0.0615092		
36.54		0.0614754		
36.55		0.0614417		
36.56		0.061408		
36.57		0.0613743		
36.58		0.0613406		
36.59		0.061307		
36.6		0.0612734		
36.61		0.0612398		
36.62		0.0612062		
36.63		0.0611726		
36.64		0.0611391		
36.65		0.0611055		
36.66		0.061072		
36.67		0.0610386		
36.68		0.0610051		
36.69		0.0609717		
36.7		0.0609382		
36.71		0.0609048		
36.72		0.0608715		
36.73		0.0608381		
36.74		0.0608048		
36.75		0.0607715		
36.76		0.0607382		
36.77		0.0607049		
36.78		0.0606716		
36.79		0.0606384		
36.8		0.0606052		
36.81		0.060572		
36.82		0.0605388		
36.83		0.0605057		
36.84		0.0604725		
36.85		0.0604394		
36.86		0.0604063		
36.87		0.0603733		
36.88		0.0603402		
36.89		0.0603072		
36.9		0.0602742		
36.91		0.0602412		
36.92		0.0602082		
36.93		0.0601753		
36.94		0.0601424		
36.95		0.0601095		
36.96		0.0600766		
36.97		0.0600437		
36.98		0.0600109		
36.99		0.059978		
37		0.0599452		
37.01		0.0599125		
37.02		0.0598797		
37.03		0.0598469		
37.04		0.0598142		
37.05		0.0597815		
37.06		0.0597488		
37.07		0.0597162		
37.08		0.0596835		
37.09		0.0596509		
37.1		0.0596183		
37.11		0.0595857		
37.12		0.0595532		
37.13		0.0595206		
37.14		0.0594881		
37.15		0.0594556		
37.16		0.0594231		
37.17		0.0593907		
37.18		0.0593582		
37.19		0.0593258		
37.2		0.0592934		
37.21		0.059261		
37.22		0.0592286		
37.23		0.0591963		
37.24		0.059164		
37.25		0.0591317		
37.26		0.0590994		
37.27		0.0590671		
37.28		0.0590349		
37.29		0.0590027		
37.3		0.0589705		
37.31		0.0589383		
37.32		0.0589061		
37.33		0.058874		
37.34		0.0588418		
37.35		0.0588097		
37.36		0.0587776		
37.37		0.0587456		
37.38		0.0587135		
37.39		0.0586815		
37.4		0.0586495		
37.41		0.0586175		
37.42		0.0585855		
37.43		0.0585536		
37.44		0.0585217		
37.45		0.0584898		
37.46		0.0584579		
37.47		0.058426		
37.48		0.0583941		
37.49		0.0583623		
37.5		0.0583305		
37.51		0.0582987		
37.52		0.0582669		
37.53		0.0582352		
37.54		0.0582034		
37.55		0.0581717		
37.56		0.05814		
37.57		0.0581084		
37.58		0.0580767		
37.59		0.0580451		
37.6		0.0580134		
37.61		0.0579818		
37.62		0.0579503		
37.63		0.0579187		
37.64		0.0578872		
37.65		0.0578556		
37.66		0.0578241		
37.67		0.0577926		
37.68		0.0577612		
37.69		0.0577297		
37.7		0.0576983		
37.71		0.0576669		
37.72		0.0576355		
37.73		0.0576041		
37.74		0.0575728		
37.75		0.0575415		
37.76		0.0575101		
37.77		0.0574789		
37.78		0.0574476		
37.79		0.0574163		
37.8		0.0573851		
37.81		0.0573539		
37.82		0.0573227		
37.83		0.0572915		
37.84		0.0572603		
37.85		0.0572292		
37.86		0.0571981		
37.87		0.057167		
37.88		0.0571359		
37.89		0.0571048		
37.9		0.0570738		
37.91		0.0570427		
37.92		0.0570117		
37.93		0.0569807		
37.94		0.0569498		
37.95		0.0569188		
37.96		0.0568879		
37.97		0.056857		
37.98		0.0568261		
37.99		0.0567952		
38		0.0567643		
38.01		0.0567335		
38.02		0.0567026		
38.03		0.0566718		
38.04		0.0566411		
38.05		0.0566103		
38.06		0.0565795		
38.07		0.0565488		
38.08		0.0565181		
38.09		0.0564874		
38.1		0.0564567		
38.11		0.0564261		
38.12		0.0563954		
38.13		0.0563648		
38.14		0.0563342		
38.15		0.0563036		
38.16		0.0562731		
38.17		0.0562425		
38.18		0.056212		
38.19		0.0561815		
38.2		0.056151		
38.21		0.0561205		
38.22		0.0560901		
38.23		0.0560596		
38.24		0.0560292		
38.25		0.0559988		
38.26		0.0559684		
38.27		0.0559381		
38.28		0.0559077		
38.29		0.0558774		
38.3		0.0558471		
38.31		0.0558168		
38.32		0.0557865		
38.33		0.0557563		
38.34		0.055726		
38.35		0.0556958		
38.36		0.0556656		
38.37		0.0556354		
38.38		0.0556053		
38.39		0.0555751		
38.4		0.055545		
38.41		0.0555149		
38.42		0.0554848		
38.43		0.0554547		
38.44		0.0554247		
38.45		0.0553946		
38.46		0.0553646		
38.47		0.0553346		
38.48		0.0553046		
38.49		0.0552747		
38.5		0.0552447		
38.51		0.0552148		
38.52		0.0551849		
38.53		0.055155		
38.54		0.0551251		
38.55		0.0550952		
38.56		0.0550654		
38.57		0.0550356		
38.58		0.0550058		
38.59		0.054976		
38.6		0.0549462		
38.61		0.0549165		
38.62		0.0548867		
38.63		0.054857		
38.64		0.0548273		
38.65		0.0547976		
38.66		0.054768		
38.67		0.0547383		
38.68		0.0547087		
38.69		0.0546791		
38.7		0.0546495		
38.71		0.0546199		
38.72		0.0545904		
38.73		0.0545608		
38.74		0.0545313		
38.75		0.0545018		
38.76		0.0544723		
38.77		0.0544428		
38.78		0.0544134		
38.79		0.0543839		
38.8		0.0543545		
38.81		0.0543251		
38.82		0.0542957		
38.83		0.0542664		
38.84		0.054237		
38.85		0.0542077		
38.86		0.0541784		
38.87		0.0541491		
38.88		0.0541198		
38.89		0.0540906		
38.9		0.0540613		
38.91		0.0540321		
38.92		0.0540029		
38.93		0.0539737		
38.94		0.0539445		
38.95		0.0539154		
38.96		0.0538862		
38.97		0.0538571		
38.98		0.053828		
38.99		0.0537989		
39		0.0537698		
39.01		0.0537408		
39.02		0.0537117		
39.03		0.0536827		
39.04		0.0536537		
39.05		0.0536247		
39.06		0.0535958		
39.07		0.0535668		
39.08		0.0535379		
39.09		0.053509		
39.1		0.0534801		
39.11		0.0534512		
39.12		0.0534223		
39.13		0.0533935		
39.14		0.0533646		
39.15		0.0533358		
39.16		0.053307		
39.17		0.0532782		
39.18		0.0532495		
39.19		0.0532207		
39.2		0.053192		
39.21		0.0531633		
39.22		0.0531346		
39.23		0.0531059		
39.24		0.0530772		
39.25		0.0530486		
39.26		0.05302		
39.27		0.0529913		
39.28		0.0529627		
39.29		0.0529342		
39.3		0.0529056		
39.31		0.0528771		
39.32		0.0528485		
39.33		0.05282		
39.34		0.0527915		
39.35		0.052763		
39.36		0.0527346		
39.37		0.0527061		
39.38		0.0526777		
39.39		0.0526493		
39.4		0.0526209		
39.41		0.0525925		
39.42		0.0525642		
39.43		0.0525358		
39.44		0.0525075		
39.45		0.0524792		
39.46		0.0524509		
39.47		0.0524226		
39.48		0.0523943		
39.49		0.0523661		
39.5		0.0523379		
39.51		0.0523096		
39.52		0.0522814		
39.53		0.0522533		
39.54		0.0522251		
39.55		0.0521969		
39.56		0.0521688		
39.57		0.0521407		
39.58		0.0521126		
39.59		0.0520845		
39.6		0.0520565		
39.61		0.0520284		
39.62		0.0520004		
39.63		0.0519724		
39.64		0.0519444		
39.65		0.0519164		
39.66		0.0518884		
39.67		0.0518605		
39.68		0.0518325		
39.69		0.0518046		
39.7		0.0517767		
39.71		0.0517488		
39.72		0.0517209		
39.73		0.0516931		
39.74		0.0516652		
39.75		0.0516374		
39.76		0.0516096		
39.77		0.0515818		
39.78		0.0515541		
39.79		0.0515263		
39.8		0.0514986		
39.81		0.0514708		
39.82		0.0514431		
39.83		0.0514154		
39.84		0.0513877		
39.85		0.0513601		
39.86		0.0513324		
39.87		0.0513048		
39.88		0.0512772		
39.89		0.0512496		
39.9		0.051222		
39.91		0.0511945		
39.92		0.0511669		
39.93		0.0511394		
39.94		0.0511119		
39.95		0.0510844		
39.96		0.0510569		
39.97		0.0510294		
39.98		0.0510019		
39.99		0.0509745		
40		0.0509471		
40.01		0.0509197		
40.02		0.0508923		
40.03		0.0508649		
40.04		0.0508376		
40.05		0.0508102		
40.06		0.0507829		
40.07		0.0507556		
40.08		0.0507283		
40.09		0.050701		
40.1		0.0506737		
40.11		0.0506465		
40.12		0.0506192		
40.13		0.050592		
40.14		0.0505648		
40.15		0.0505376		
40.16		0.0505105		
40.17		0.0504833		
40.18		0.0504562		
40.19		0.0504291		
40.2		0.0504019		
40.21		0.0503748		
40.22		0.0503478		
40.23		0.0503207		
40.24		0.0502937		
40.25		0.0502666		
40.26		0.0502396		
40.27		0.0502126		
40.28		0.0501856		
40.29		0.0501587		
40.3		0.0501317		
40.31		0.0501048		
40.32		0.0500779		
40.33		0.0500509		
40.34		0.0500241		
40.35		0.0499972		
40.36		0.0499703		
40.37		0.0499435		
40.38		0.0499166		
40.39		0.0498898		
40.4		0.049863		
40.41		0.0498362		
40.42		0.0498095		
40.43		0.0497827		
40.44		0.049756		
40.45		0.0497293		
40.46		0.0497026		
40.47		0.0496759		
40.48		0.0496492		
40.49		0.0496225		
40.5		0.0495959		
40.51		0.0495692		
40.52		0.0495426		
40.53		0.049516		
40.54		0.0494894		
40.55		0.0494629		
40.56		0.0494363		
40.57		0.0494098		
40.58		0.0493833		
40.59		0.0493567		
40.6		0.0493302		
40.61		0.0493038		
40.62		0.0492773		
40.63		0.0492509		
40.64		0.0492244		
40.65		0.049198		
40.66		0.0491716		
40.67		0.0491452		
40.68		0.0491188		
40.69		0.0490925		
40.7		0.0490661		
40.71		0.0490398		
40.72		0.0490135		
40.73		0.0489872		
40.74		0.0489609		
40.75		0.0489346		
40.76		0.0489084		
40.77		0.0488821		
40.78		0.0488559		
40.79		0.0488297		
40.8		0.0488035		
40.81		0.0487773		
40.82		0.0487511		
40.83		0.048725		
40.84		0.0486989		
40.85		0.0486727		
40.86		0.0486466		
40.87		0.0486205		
40.88		0.0485945		
40.89		0.0485684		
40.9		0.0485423		
40.91		0.0485163		
40.92		0.0484903		
40.93		0.0484643		
40.94		0.0484383		
40.95		0.0484123		
40.96		0.0483864		
40.97		0.0483604		
40.98		0.0483345		
40.99		0.0483086		
41		0.0482827		
41.01		0.0482568		
41.02		0.0482309		
41.03		0.0482051		
41.04		0.0481792		
41.05		0.0481534		
41.06		0.0481276		
41.07		0.0481018		
41.08		0.048076		
41.09		0.0480502		
41.1		0.0480245		
41.11		0.0479987		
41.12		0.047973		
41.13		0.0479473		
41.14		0.0479216		
41.15		0.0478959		
41.16		0.0478702		
41.17		0.0478446		
41.18		0.0478189		
41.19		0.0477933		
41.2		0.0477677		
41.21		0.0477421		
41.22		0.0477165		
41.23		0.0476909		
41.24		0.0476654		
41.25		0.0476399		
41.26		0.0476143		
41.27		0.0475888		
41.28		0.0475633		
41.29		0.0475378		
41.3		0.0475124		
41.31		0.0474869		
41.32		0.0474615		
41.33		0.047436		
41.34		0.0474106		
41.35		0.0473852		
41.36		0.0473599		
41.37		0.0473345		
41.38		0.0473091		
41.39		0.0472838		
41.4		0.0472585		
41.41		0.0472332		
41.42		0.0472079		
41.43		0.0471826		
41.44		0.0471573		
41.45		0.047132		
41.46		0.0471068		
41.47		0.0470816		
41.48		0.0470564		
41.49		0.0470312		
41.5		0.047006		
41.51		0.0469808		
41.52		0.0469556		
41.53		0.0469305		
41.54		0.0469054		
41.55		0.0468803		
41.56		0.0468552		
41.57		0.0468301		
41.58		0.046805		
41.59		0.0467799		
41.6		0.0467549		
41.61		0.0467299		
41.62		0.0467048		
41.63		0.0466798		
41.64		0.0466548		
41.65		0.0466299		
41.66		0.0466049		
41.67		0.04658		
41.68		0.046555		
41.69		0.0465301		
41.7		0.0465052		
41.71		0.0464803		
41.72		0.0464554		
41.73		0.0464306		
41.74		0.0464057		
41.75		0.0463809		
41.76		0.046356		
41.77		0.0463312		
41.78		0.0463064		
41.79		0.0462817		
41.8		0.0462569		
41.81		0.0462321		
41.82		0.0462074		
41.83		0.0461827		
41.84		0.0461579		
41.85		0.0461332		
41.86		0.0461086		
41.87		0.0460839		
41.88		0.0460592		
41.89		0.0460346		
41.9		0.0460099		
41.91		0.0459853		
41.92		0.0459607		
41.93		0.0459361		
41.94		0.0459115		
41.95		0.045887		
41.96		0.0458624		
41.97		0.0458379		
41.98		0.0458134		
41.99		0.0457889		
42		0.0457644		
42.01		0.0457399		
42.02		0.0457154		
42.03		0.0456909		
42.04		0.0456665		
42.05		0.0456421		
42.06		0.0456177		
42.07		0.0455933		
42.08		0.0455689		
42.09		0.0455445		
42.1		0.0455201		
42.11		0.0454958		
42.12		0.0454714		
42.13		0.0454471		
42.14		0.0454228		
42.15		0.0453985		
42.16		0.0453742		
42.17		0.04535		
42.18		0.0453257		
42.19		0.0453015		
42.2		0.0452772		
42.21		0.045253		
42.22		0.0452288		
42.23		0.0452046		
42.24		0.0451804		
42.25		0.0451563		
42.26		0.0451321		
42.27		0.045108		
42.28		0.0450839		
42.29		0.0450598		
42.3		0.0450357		
42.31		0.0450116		
42.32		0.0449875		
42.33		0.0449634		
42.34		0.0449394		
42.35		0.0449154		
42.36		0.0448913		
42.37		0.0448673		
42.38		0.0448434		
42.39		0.0448194		
42.4		0.0447954		
42.41		0.0447715		
42.42		0.0447475		
42.43		0.0447236		
42.44		0.0446997		
42.45		0.0446758		
42.46		0.0446519		
42.47		0.044628		
42.48		0.0446041		
42.49		0.0445803		
42.5		0.0445565		
42.51		0.0445326		
42.52		0.0445088		
42.53		0.044485		
42.54		0.0444612		
42.55		0.0444375		
42.56		0.0444137		
42.57		0.04439		
42.58		0.0443662		
42.59		0.0443425		
42.6		0.0443188		
42.61		0.0442951		
42.62		0.0442714		
42.63		0.0442478		
42.64		0.0442241		
42.65		0.0442005		
42.66		0.0441768		
42.67		0.0441532		
42.68		0.0441296		
42.69		0.044106		
42.7		0.0440825		
42.71		0.0440589		
42.72		0.0440353		
42.73		0.0440118		
42.74		0.0439883		
42.75		0.0439647		
42.76		0.0439412		
42.77		0.0439178		
42.78		0.0438943		
42.79		0.0438708		
42.8		0.0438474		
42.81		0.0438239		
42.82		0.0438005		
42.83		0.0437771		
42.84		0.0437537		
42.85		0.0437303		
42.86		0.0437069		
42.87		0.0436836		
42.88		0.0436602		
42.89		0.0436369		
42.9		0.0436135		
42.91		0.0435902		
42.92		0.0435669		
42.93		0.0435436		
42.94		0.0435204		
42.95		0.0434971		
42.96		0.0434739		
42.97		0.0434506		
42.98		0.0434274		
42.99		0.0434042		
43		0.043381		
43.01		0.0433578		
43.02		0.0433346		
43.03		0.0433115		
43.04		0.0432883		
43.05		0.0432652		
43.06		0.043242		
43.07		0.0432189		
43.08		0.0431958		
43.09		0.0431727		
43.1		0.0431497		
43.11		0.0431266		
43.12		0.0431036		
43.13		0.0430805		
43.14		0.0430575		
43.15		0.0430345		
43.16		0.0430115		
43.17		0.0429885		
43.18		0.0429655		
43.19		0.0429425		
43.2		0.0429196		
43.21		0.0428967		
43.22		0.0428737		
43.23		0.0428508		
43.24		0.0428279		
43.25		0.042805		
43.26		0.0427821		
43.27		0.0427593		
43.28		0.0427364		
43.29		0.0427136		
43.3		0.0426907		
43.31		0.0426679		
43.32		0.0426451		
43.33		0.0426223		
43.34		0.0425995		
43.35		0.0425768		
43.36		0.042554		
43.37		0.0425313		
43.38		0.0425085		
43.39		0.0424858		
43.4		0.0424631		
43.41		0.0424404		
43.42		0.0424177		
43.43		0.0423951		
43.44		0.0423724		
43.45		0.0423498		
43.46		0.0423271		
43.47		0.0423045		
43.48		0.0422819		
43.49		0.0422593		
43.5		0.0422367		
43.51		0.0422141		
43.52		0.0421916		
43.53		0.042169		
43.54		0.0421465		
43.55		0.0421239		
43.56		0.0421014		
43.57		0.0420789		
43.58		0.0420564		
43.59		0.0420339		
43.6		0.0420115		
43.61		0.041989		
43.62		0.0419666		
43.63		0.0419441		
43.64		0.0419217		
43.65		0.0418993		
43.66		0.0418769		
43.67		0.0418545		
43.68		0.0418322		
43.69		0.0418098		
43.7		0.0417874		
43.71		0.0417651		
43.72		0.0417428		
43.73		0.0417205		
43.74		0.0416982		
43.75		0.0416759		
43.76		0.0416536		
43.77		0.0416313		
43.78		0.0416091		
43.79		0.0415868		
43.8		0.0415646		
43.81		0.0415424		
43.82		0.0415202		
43.83		0.041498		
43.84		0.0414758		
43.85		0.0414536		
43.86		0.0414314		
43.87		0.0414093		
43.88		0.0413872		
43.89		0.041365		
43.9		0.0413429		
43.91		0.0413208		
43.92		0.0412987		
43.93		0.0412766		
43.94		0.0412546		
43.95		0.0412325		
43.96		0.0412105		
43.97		0.0411884		
43.98		0.0411664		
43.99		0.0411444		
44		0.0411224		
44.01		0.0411004		
44.02		0.0410784		
44.03		0.0410565		
44.04		0.0410345		
44.05		0.0410126		
44.06		0.0409907		
44.07		0.0409687		
44.08		0.0409468		
44.09		0.0409249		
44.1		0.040903		
44.11		0.0408812		
44.12		0.0408593		
44.13		0.0408375		
44.14		0.0408156		
44.15		0.0407938		
44.16		0.040772		
44.17		0.0407502		
44.18		0.0407284		
44.19		0.0407066		
44.2		0.0406848		
44.21		0.0406631		
44.22		0.0406413		
44.23		0.0406196		
44.24		0.0405979		
44.25		0.0405762		
44.26		0.0405545		
44.27		0.0405328		
44.28		0.0405111		
44.29		0.0404894		
44.3		0.0404678		
44.31		0.0404461		
44.32		0.0404245		
44.33		0.0404029		
44.34		0.0403812		
44.35		0.0403596		
44.36		0.0403381		
44.37		0.0403165		
44.38		0.0402949		
44.39		0.0402734		
44.4		0.0402518		
44.41		0.0402303		
44.42		0.0402088		
44.43		0.0401873		
44.44		0.0401658		
44.45		0.0401443		
44.46		0.0401228		
44.47		0.0401013		
44.48		0.0400799		
44.49		0.0400584		
44.5		0.040037		
44.51		0.0400156		
44.52		0.0399942		
44.53		0.0399728		
44.54		0.0399514		
44.55		0.03993		
44.56		0.0399086		
44.57		0.0398873		
44.58		0.0398659		
44.59		0.0398446		
44.6		0.0398233		
44.61		0.039802		
44.62		0.0397807		
44.63		0.0397594		
44.64		0.0397381		
44.65		0.0397168		
44.66		0.0396956		
44.67		0.0396743		
44.68		0.0396531		
44.69		0.0396319		
44.7		0.0396107		
44.71		0.0395895		
44.72		0.0395683		
44.73		0.0395471		
44.74		0.0395259		
44.75		0.0395048		
44.76		0.0394836		
44.77		0.0394625		
44.78		0.0394414		
44.79		0.0394203		
44.8		0.0393992		
44.81		0.0393781		
44.82		0.039357		
44.83		0.0393359		
44.84		0.0393149		
44.85		0.0392938		
44.86		0.0392728		
44.87		0.0392517		
44.88		0.0392307		
44.89		0.0392097		
44.9		0.0391887		
44.91		0.0391678		
44.92		0.0391468		
44.93		0.0391258		
44.94		0.0391049		
44.95		0.0390839		
44.96		0.039063		
44.97		0.0390421		
44.98		0.0390212		
44.99		0.0390003		
45		0.0389794		
45.01		0.0389585		
45.02		0.0389376		
45.03		0.0389168		
45.04		0.0388959		
45.05		0.0388751		
45.06		0.0388543		
45.07		0.0388335		
45.08		0.0388127		
45.09		0.0387919		
45.1		0.0387711		
45.11		0.0387503		
45.12		0.0387296		
45.13		0.0387088		
45.14		0.0386881		
45.15		0.0386674		
45.16		0.0386467		
45.17		0.038626		
45.18		0.0386053		
45.19		0.0385846		
45.2		0.0385639		
45.21		0.0385432		
45.22		0.0385226		
45.23		0.0385019		
45.24		0.0384813		
45.25		0.0384607		
45.26		0.0384401		
45.27		0.0384195		
45.28		0.0383989		
45.29		0.0383783		
45.3		0.0383577		
45.31		0.0383372		
45.32		0.0383166		
45.33		0.0382961		
45.34		0.0382756		
45.35		0.0382551		
45.36		0.0382346		
45.37		0.0382141		
45.38		0.0381936		
45.39		0.0381731		
45.4		0.0381526		
45.41		0.0381322		
45.42		0.0381117		
45.43		0.0380913		
45.44		0.0380709		
45.45		0.0380505		
45.46		0.0380301		
45.47		0.0380097		
45.48		0.0379893		
45.49		0.0379689		
45.5		0.0379486		
45.51		0.0379282		
45.52		0.0379079		
45.53		0.0378875		
45.54		0.0378672		
45.55		0.0378469		
45.56		0.0378266		
45.57		0.0378063		
45.58		0.0377861		
45.59		0.0377658		
45.6		0.0377455		
45.61		0.0377253		
45.62		0.037705		
45.63		0.0376848		
45.64		0.0376646		
45.65		0.0376444		
45.66		0.0376242		
45.67		0.037604		
45.68		0.0375838		
45.69		0.0375637		
45.7		0.0375435		
45.71		0.0375234		
45.72		0.0375032		
45.73		0.0374831		
45.74		0.037463		
45.75		0.0374429		
45.76		0.0374228		
45.77		0.0374027		
45.78		0.0373826		
45.79		0.0373626		
45.8		0.0373425		
45.81		0.0373225		
45.82		0.0373024		
45.83		0.0372824		
45.84		0.0372624		
45.85		0.0372424		
45.86		0.0372224		
45.87		0.0372024		
45.88		0.0371825		
45.89		0.0371625		
45.9		0.0371425		
45.91		0.0371226		
45.92		0.0371027		
45.93		0.0370827		
45.94		0.0370628		
45.95		0.0370429		
45.96		0.037023		
45.97		0.0370031		
45.98		0.0369833		
45.99		0.0369634		
46		0.0369436		
46.01		0.0369237		
46.02		0.0369039		
46.03		0.0368841		
46.04		0.0368642		
46.05		0.0368444		
46.06		0.0368246		
46.07		0.0368049		
46.08		0.0367851		
46.09		0.0367653		
46.1		0.0367456		
46.11		0.0367258		
46.12		0.0367061		
46.13		0.0366864		
46.14		0.0366667		
46.15		0.0366469		
46.16		0.0366273		
46.17		0.0366076		
46.18		0.0365879		
46.19		0.0365682		
46.2		0.0365486		
46.21		0.0365289		
46.22		0.0365093		
46.23		0.0364897		
46.24		0.03647		
46.25		0.0364504		
46.26		0.0364308		
46.27		0.0364113		
46.28		0.0363937		
46.29		0.0363749		
46.3		0.0363561		
46.31		0.0363374		
46.32		0.0363186		
46.33		0.0362999		
46.34		0.0362812		
46.35		0.0362625		
46.36		0.0362437		
46.37		0.036225		
46.38		0.0362063		
46.39		0.0361876		
46.4		0.036169		
46.41		0.0361503		
46.42		0.0361316		
46.43		0.0361129		
46.44		0.0360943		
46.45		0.0360756		
46.46		0.036057		
46.47		0.0360383		
46.48		0.0360197		
46.49		0.0360011		
46.5		0.0359825		
46.51		0.0359639		
46.52		0.0359452		
46.53		0.0359266		
46.54		0.035908		
46.55		0.0358895		
46.56		0.0358709		
46.57		0.0358523		
46.58		0.0358337		
46.59		0.0358151		
46.6		0.0357966		
46.61		0.035778		
46.62		0.0357595		
46.63		0.0357409		
46.64		0.0357224		
46.65		0.0357038		
46.66		0.0356853		
46.67		0.0356668		
46.68		0.0356483		
46.69		0.0356297		
46.7		0.0356112		
46.71		0.0355927		
46.72		0.0355742		
46.73		0.0355557		
46.74		0.0355372		
46.75		0.0355187		
46.76		0.0355003		
46.77		0.0354818		
46.78		0.0354633		
46.79		0.0354448		
46.8		0.0354264		
46.81		0.0354079		
46.82		0.0353895		
46.83		0.035371		
46.84		0.0353526		
46.85		0.0353341		
46.86		0.0353157		
46.87		0.0352972		
46.88		0.0352788		
46.89		0.0352604		
46.9		0.035242		
46.91		0.0352236		
46.92		0.0352051		
46.93		0.0351867		
46.94		0.0351683		
46.95		0.0351499		
46.96		0.0351315		
46.97		0.0351131		
46.98		0.0350948		
46.99		0.0350764		
47		0.035058		
47.01		0.0350396		
47.02		0.0350213		
47.03		0.0350029		
47.04		0.0349845		
47.05		0.0349662		
47.06		0.0349478		
47.07		0.0349295		
47.08		0.0349111		
47.09		0.0348928		
47.1		0.0348745		
47.11		0.0348561		
47.12		0.0348378		
47.13		0.0348195		
47.14		0.0348012		
47.15		0.0347829		
47.16		0.0347646		
47.17		0.0347463		
47.18		0.034728		
47.19		0.0347097		
47.2		0.0346914		
47.21		0.0346731		
47.22		0.0346548		
47.23		0.0346365		
47.24		0.0346183		
47.25		0.0346		
47.26		0.0345817		
47.27		0.0345635		
47.28		0.0345452		
47.29		0.034527		
47.3		0.0345087		
47.31		0.0344905		
47.32		0.0344722		
47.33		0.034454		
47.34		0.0344358		
47.35		0.0344176		
47.36		0.0343993		
47.37		0.0343811		
47.38		0.0343629		
47.39		0.0343447		
47.4		0.0343265		
47.41		0.0343083		
47.42		0.0342901		
47.43		0.0342719		
47.44		0.0342538		
47.45		0.0342356		
47.46		0.0342174		
47.47		0.0341992		
47.48		0.0341811		
47.49		0.0341629		
47.5		0.0341448		
47.51		0.0341266		
47.52		0.0341085		
47.53		0.0340903		
47.54		0.0340722		
47.55		0.0340541		
47.56		0.034036		
47.57		0.0340178		
47.58		0.0339997		
47.59		0.0339816		
47.6		0.0339635		
47.61		0.0339454		
47.62		0.0339273		
47.63		0.0339092		
47.64		0.0338912		
47.65		0.0338731		
47.66		0.033855		
47.67		0.0338369		
47.68		0.0338189		
47.69		0.0338008		
47.7		0.0337828		
47.71		0.0337647		
47.72		0.0337467		
47.73		0.0337287		
47.74		0.0337106		
47.75		0.0336926		
47.76		0.0336746		
47.77		0.0336566		
47.78		0.0336386		
47.79		0.0336206		
47.8		0.0336026		
47.81		0.0335846		
47.82		0.0335666		
47.83		0.0335486		
47.84		0.0335306		
47.85		0.0335127		
47.86		0.0334947		
47.87		0.0334767		
47.88		0.0334588		
47.89		0.0334408		
47.9		0.0334229		
47.91		0.0334049		
47.92		0.033387		
47.93		0.0333691		
47.94		0.0333512		
47.95		0.0333333		
47.96		0.0333154		
47.97		0.0332975		
47.98		0.0332796		
47.99		0.0332617		
48		0.0332438		
48.01		0.0332259		
48.02		0.033208		
48.03		0.0331902		
48.04		0.0331723		
48.05		0.0331545		
48.06		0.0331366		
48.07		0.0331188		
48.08		0.0331009		
48.09		0.0330831		
48.1		0.0330653		
48.11		0.0330475		
48.12		0.0330296		
48.13		0.0330118		
48.14		0.032994		
48.15		0.0329762		
48.16		0.0329585		
48.17		0.0329407		
48.18		0.0329229		
48.19		0.0329051		
48.2		0.0328874		
48.21		0.0328696		
48.22		0.0328519		
48.23		0.0328341		
48.24		0.0328164		
48.25		0.0327987		
48.26		0.0327809		
48.27		0.0327632		
48.28		0.0327455		
48.29		0.0327278		
48.3		0.0327101		
48.31		0.0326924		
48.32		0.0326747		
48.33		0.032657		
48.34		0.0326394		
48.35		0.0326217		
48.36		0.032604		
48.37		0.0325864		
48.38		0.0325687		
48.39		0.0325511		
48.4		0.0325335		
48.41		0.0325158		
48.42		0.0324982		
48.43		0.0324806		
48.44		0.032463		
48.45		0.0324454		
48.46		0.0324278		
48.47		0.0324102		
48.48		0.0323926		
48.49		0.0323751		
48.5		0.0323575		
48.51		0.0323399		
48.52		0.0323224		
48.53		0.0323048		
48.54		0.0322873		
48.55		0.0322698		
48.56		0.0322522		
48.57		0.0322347		
48.58		0.0322172		
48.59		0.0321997		
48.6		0.0321822		
48.61		0.0321647		
48.62		0.0321472		
48.63		0.0321297		
48.64		0.0321123		
48.65		0.0320948		
48.66		0.0320773		
48.67		0.0320599		
48.68		0.0320424		
48.69		0.032025		
48.7		0.0320076		
48.71		0.0319901		
48.72		0.0319727		
48.73		0.0319553		
48.74		0.0319379		
48.75		0.0319205		
48.76		0.0319031		
48.77		0.0318857		
48.78		0.0318684		
48.79		0.031851		
48.8		0.0318336		
48.81		0.0318163		
48.82		0.0317989		
48.83		0.0317816		
48.84		0.0317643		
48.85		0.0317469		
48.86		0.0317296		
48.87		0.0317123		
48.88		0.031695		
48.89		0.0316777		
48.9		0.0316604		
48.91		0.0316431		
48.92		0.0316258		
48.93		0.0316086		
48.94		0.0315913		
48.95		0.031574		
48.96		0.0315568		
48.97		0.0315396		
48.98		0.0315223		
48.99		0.0315051		
49		0.0314879		
49.01		0.0314707		
49.02		0.0314535		
49.03		0.0314363		
49.04		0.0314191		
49.05		0.0314019		
49.06		0.0313847		
49.07		0.0313675		
49.08		0.0313504		
49.09		0.0313332		
49.1		0.0313161		
49.11		0.0312989		
49.12		0.0312818		
49.13		0.0312647		
49.14		0.0312475		
49.15		0.0312304		
49.16		0.0312133		
49.17		0.0311962		
49.18		0.0311791		
49.19		0.031162		
49.2		0.031145		
49.21		0.0311279		
49.22		0.0311108		
49.23		0.0310938		
49.24		0.0310767		
49.25		0.0310597		
49.26		0.0310427		
49.27		0.0310256		
49.28		0.0310086		
49.29		0.0309916		
49.3		0.0309746		
49.31		0.0309576		
49.32		0.0309406		
49.33		0.0309236		
49.34		0.0309066		
49.35		0.0308897		
49.36		0.0308727		
49.37		0.0308558		
49.38		0.0308388		
49.39		0.0308219		
49.4		0.0308049		
49.41		0.030788		
49.42		0.0307711		
49.43		0.0307542		
49.44		0.0307373		
49.45		0.0307204		
49.46		0.0307035		
49.47		0.0306866		
49.48		0.0306697		
49.49		0.0306529		
49.5		0.030636		
49.51		0.0306192		
49.52		0.0306023		
49.53		0.0305855		
49.54		0.0305687		
49.55		0.0305518		
49.56		0.030535		
49.57		0.0305182		
49.58		0.0305014		
49.59		0.0304846		
49.6		0.0304678		
49.61		0.030451		
49.62		0.0304343		
49.63		0.0304175		
49.64		0.0304007		
49.65		0.030384		
49.66		0.0303673		
49.67		0.0303505		
49.68		0.0303338		
49.69		0.0303171		
49.7		0.0303004		
49.71		0.0302837		
49.72		0.030267		
49.73		0.0302503		
49.74		0.0302336		
49.75		0.0302169		
49.76		0.0302002		
49.77		0.0301836		
49.78		0.0301669		
49.79		0.0301503		
49.8		0.0301336		
49.81		0.030117		
49.82		0.0301004		
49.83		0.0300837		
49.84		0.0300671		
49.85		0.0300505		
49.86		0.0300339		
49.87		0.0300173		
49.88		0.0300008		
49.89		0.0299842		
49.9		0.0299676		
49.91		0.0299511		
49.92		0.0299345		
49.93		0.029918		
49.94		0.0299014		
49.95		0.0298849		
49.96		0.0298684		
49.97		0.0298518		
49.98		0.0298353		
49.99		0.0298188		
50		0.0298023		
