tau [fm]		e/e0
0.25		1
0.26		0.961385		
0.27		0.925695		
0.28		0.892604		
0.29		0.861833		
0.3		0.833143		
0.31		0.806326		
0.32		0.781201		
0.33		0.757609		
0.34		0.735411		
0.35		0.714485		
0.36		0.694722		
0.37		0.676025		
0.38		0.658309		
0.39		0.641497		
0.4		0.625518		
0.41		0.610313		
0.42		0.595823		
0.43		0.581999		
0.44		0.568795		
0.45		0.556169		
0.46		0.544082		
0.47		0.532501		
0.48		0.521393		
0.49		0.510729		
0.5		0.500482		
0.51		0.490629		
0.52		0.481145		
0.53		0.472011		
0.54		0.463207		
0.55		0.454715		
0.56		0.446519		
0.57		0.438602		
0.58		0.430951		
0.59		0.423553		
0.6		0.416394		
0.61		0.409463		
0.62		0.40275		
0.63		0.396244		
0.64		0.389935		
0.65		0.383816		
0.66		0.377876		
0.67		0.372108		
0.68		0.366506		
0.69		0.361061		
0.7		0.355768		
0.71		0.350619		
0.72		0.345609		
0.73		0.340733		
0.74		0.335986		
0.75		0.331361		
0.76		0.326855		
0.77		0.322462		
0.78		0.31818		
0.79		0.314003		
0.8		0.309928		
0.81		0.305951		
0.82		0.302068		
0.83		0.298277		
0.84		0.294574		
0.85		0.290956		
0.86		0.28742		
0.87		0.283964		
0.88		0.280584		
0.89		0.277279		
0.9		0.274046		
0.91		0.270882		
0.92		0.267785		
0.93		0.264754		
0.94		0.261786		
0.95		0.258879		
0.96		0.256032		
0.97		0.253242		
0.98		0.250508		
0.99		0.247829		
1		0.245202		
1.01		0.242626		
1.02		0.2401		
1.03		0.237622		
1.04		0.235191		
1.05		0.232806		
1.06		0.230465		
1.07		0.228167		
1.08		0.225911		
1.09		0.223696		
1.1		0.221521		
1.11		0.219385		
1.12		0.217286		
1.13		0.215224		
1.14		0.213198		
1.15		0.211206		
1.16		0.209249		
1.17		0.207324		
1.18		0.205432		
1.19		0.203572		
1.2		0.201742		
1.21		0.199943		
1.22		0.198172		
1.23		0.19643		
1.24		0.194716		
1.25		0.19303		
1.26		0.19137		
1.27		0.189736		
1.28		0.188127		
1.29		0.186544		
1.3		0.184984		
1.31		0.183448		
1.32		0.181936		
1.33		0.180446		
1.34		0.178978		
1.35		0.177532		
1.36		0.176108		
1.37		0.174704		
1.38		0.17332		
1.39		0.171957		
1.4		0.170612		
1.41		0.169287		
1.42		0.167981		
1.43		0.166693		
1.44		0.165423		
1.45		0.16417		
1.46		0.162935		
1.47		0.161717		
1.48		0.160515		
1.49		0.159329		
1.5		0.158159		
1.51		0.157005		
1.52		0.155866		
1.53		0.154742		
1.54		0.153633		
1.55		0.152538		
1.56		0.151457		
1.57		0.15039		
1.58		0.149337		
1.59		0.148297		
1.6		0.147271		
1.61		0.146257		
1.62		0.145256		
1.63		0.144267		
1.64		0.14329		
1.65		0.142326		
1.66		0.141373		
1.67		0.140432		
1.68		0.139502		
1.69		0.138583		
1.7		0.137675		
1.71		0.136778		
1.72		0.135892		
1.73		0.135016		
1.74		0.13415		
1.75		0.133294		
1.76		0.132448		
1.77		0.131612		
1.78		0.130786		
1.79		0.129968		
1.8		0.12916		
1.81		0.128361		
1.82		0.127571		
1.83		0.12679		
1.84		0.126018		
1.85		0.125254		
1.86		0.124498		
1.87		0.123751		
1.88		0.123012		
1.89		0.12228		
1.9		0.121557		
1.91		0.120841		
1.92		0.120133		
1.93		0.119433		
1.94		0.11874		
1.95		0.118054		
1.96		0.117375		
1.97		0.116704		
1.98		0.116039		
1.99		0.115381		
2		0.11473		
2.01		0.114086		
2.02		0.113448		
2.03		0.112817		
2.04		0.112192		
2.05		0.111573		
2.06		0.11096		
2.07		0.110354		
2.08		0.109753		
2.09		0.109158		
2.1		0.10857		
2.11		0.107987		
2.12		0.107409		
2.13		0.106837		
2.14		0.106271		
2.15		0.10571		
2.16		0.105155		
2.17		0.104605		
2.18		0.10406		
2.19		0.10352		
2.2		0.102985		
2.21		0.102455		
2.22		0.10193		
2.23		0.10141		
2.24		0.100895		
2.25		0.100385		
2.26		0.0998789		
2.27		0.0993777		
2.28		0.0988811		
2.29		0.098389		
2.3		0.0979013		
2.31		0.097418		
2.32		0.096939		
2.33		0.0964643		
2.34		0.0959938		
2.35		0.0955274		
2.36		0.0950651		
2.37		0.0946069		
2.38		0.0941527		
2.39		0.0937024		
2.4		0.0932561		
2.41		0.0928136		
2.42		0.0923749		
2.43		0.0919399		
2.44		0.0915087		
2.45		0.0910811		
2.46		0.0906571		
2.47		0.0902367		
2.48		0.0898199		
2.49		0.0894065		
2.5		0.0889966		
2.51		0.0885901		
2.52		0.088187		
2.53		0.0877871		
2.54		0.0873906		
2.55		0.0869973		
2.56		0.0866072		
2.57		0.0862203		
2.58		0.0858366		
2.59		0.0854559		
2.6		0.0850783		
2.61		0.0847037		
2.62		0.0843321		
2.63		0.0839634		
2.64		0.0835977		
2.65		0.0832349		
2.66		0.0828749		
2.67		0.0825177		
2.68		0.0821634		
2.69		0.0818118		
2.7		0.0814629		
2.71		0.0811167		
2.72		0.0807732		
2.73		0.0804324		
2.74		0.0800941		
2.75		0.0797584		
2.76		0.0794253		
2.77		0.0790947		
2.78		0.0787666		
2.79		0.078441		
2.8		0.0781178		
2.81		0.0777971		
2.82		0.0774787		
2.83		0.0771627		
2.84		0.076849		
2.85		0.0765377		
2.86		0.0762286		
2.87		0.0759218		
2.88		0.0756173		
2.89		0.0753149		
2.9		0.0750148		
2.91		0.0747168		
2.92		0.074421		
2.93		0.0741273		
2.94		0.0738357		
2.95		0.0735463		
2.96		0.0732588		
2.97		0.0729734		
2.98		0.0726901		
2.99		0.0724087		
3		0.0721293		
3.01		0.0718519		
3.02		0.0715764		
3.03		0.0713028		
3.04		0.0710312		
3.05		0.0707614		
3.06		0.0704935		
3.07		0.0702274		
3.08		0.0699631		
3.09		0.0697007		
3.1		0.06944		
3.11		0.0691812		
3.12		0.068924		
3.13		0.0686687		
3.14		0.068415		
3.15		0.0681631		
3.16		0.0679128		
3.17		0.0676642		
3.18		0.0674173		
3.19		0.067172		
3.2		0.0669283		
3.21		0.0666862		
3.22		0.0664458		
3.23		0.0662069		
3.24		0.0659696		
3.25		0.0657338		
3.26		0.0654995		
3.27		0.0652668		
3.28		0.0650356		
3.29		0.0648059		
3.3		0.0645776		
3.31		0.0643509		
3.32		0.0641255		
3.33		0.0639017		
3.34		0.0636792		
3.35		0.0634581		
3.36		0.0632385		
3.37		0.0630202		
3.38		0.0628033		
3.39		0.0625878		
3.4		0.0623736		
3.41		0.0621608		
3.42		0.0619492		
3.43		0.061739		
3.44		0.0615301		
3.45		0.0613225		
3.46		0.0611162		
3.47		0.0609111		
3.48		0.0607073		
3.49		0.0605047		
3.5		0.0603033		
3.51		0.0601032		
3.52		0.0599043		
3.53		0.0597066		
3.54		0.0595101		
3.55		0.0593148		
3.56		0.0591206		
3.57		0.0589276		
3.58		0.0587357		
3.59		0.058545		
3.6		0.0583554		
3.61		0.058167		
3.62		0.0579796		
3.63		0.0577934		
3.64		0.0576082		
3.65		0.0574242		
3.66		0.0572412		
3.67		0.0570592		
3.68		0.0568784		
3.69		0.0566985		
3.7		0.0565197		
3.71		0.056342		
3.72		0.0561653		
3.73		0.0559895		
3.74		0.0558148		
3.75		0.0556411		
3.76		0.0554684		
3.77		0.0552966		
3.78		0.0551258		
3.79		0.054956		
3.8		0.0547872		
3.81		0.0546192		
3.82		0.0544523		
3.83		0.0542862		
3.84		0.0541211		
3.85		0.0539569		
3.86		0.0537937		
3.87		0.0536313		
3.88		0.0534698		
3.89		0.0533092		
3.9		0.0531495		
3.91		0.0529907		
3.92		0.0528327		
3.93		0.0526756		
3.94		0.0525194		
3.95		0.052364		
3.96		0.0522094		
3.97		0.0520557		
3.98		0.0519028		
3.99		0.0517508		
4		0.0515995		
4.01		0.0514491		
4.02		0.0512994		
4.03		0.0511506		
4.04		0.0510025		
4.05		0.0508553		
4.06		0.0507088		
4.07		0.0505631		
4.08		0.0504181		
4.09		0.0502739		
4.1		0.0501305		
4.11		0.0499878		
4.12		0.0498459		
4.13		0.0497047		
4.14		0.0495642		
4.15		0.0494245		
4.16		0.0492855		
4.17		0.0491472		
4.18		0.0490096		
4.19		0.0488727		
4.2		0.0487365		
4.21		0.0486011		
4.22		0.0484663		
4.23		0.0483322		
4.24		0.0481987		
4.25		0.048066		
4.26		0.0479339		
4.27		0.0478025		
4.28		0.0476718		
4.29		0.0475417		
4.3		0.0474122		
4.31		0.0472834		
4.32		0.0471553		
4.33		0.0470277		
4.34		0.0469009		
4.35		0.0467746		
4.36		0.046649		
4.37		0.046524		
4.38		0.0463996		
4.39		0.0462758		
4.4		0.0461526		
4.41		0.04603		
4.42		0.045908		
4.43		0.0457867		
4.44		0.0456659		
4.45		0.0455456		
4.46		0.045426		
4.47		0.045307		
4.48		0.0451885		
4.49		0.0450706		
4.5		0.0449532		
4.51		0.0448364		
4.52		0.0447202		
4.53		0.0446045		
4.54		0.0444894		
4.55		0.0443748		
4.56		0.0442608		
4.57		0.0441473		
4.58		0.0440344		
4.59		0.0439219		
4.6		0.04381		
4.61		0.0436986		
4.62		0.0435878		
4.63		0.0434774		
4.64		0.0433676		
4.65		0.0432583		
4.66		0.0431495		
4.67		0.0430412		
4.68		0.0429334		
4.69		0.0428261		
4.7		0.0427193		
4.71		0.0426129		
4.72		0.0425071		
4.73		0.0424017		
4.74		0.0422969		
4.75		0.0421925		
4.76		0.0420886		
4.77		0.0419851		
4.78		0.0418821		
4.79		0.0417796		
4.8		0.0416775		
4.81		0.0415759		
4.82		0.0414748		
4.83		0.0413741		
4.84		0.0412739		
4.85		0.0411741		
4.86		0.0410747		
4.87		0.0409758		
4.88		0.0408774		
4.89		0.0407793		
4.9		0.0406817		
4.91		0.0405846		
4.92		0.0404878		
4.93		0.0403915		
4.94		0.0402956		
4.95		0.0402001		
4.96		0.0401051		
4.97		0.0400104		
4.98		0.0399162		
4.99		0.0398224		
5		0.039729		
5.01		0.039636		
5.02		0.0395434		
5.03		0.0394511		
5.04		0.0393593		
5.05		0.0392679		
5.06		0.0391769		
5.07		0.0390862		
5.08		0.038996		
5.09		0.0389061		
5.1		0.0388166		
5.11		0.0387275		
5.12		0.0386388		
5.13		0.0385504		
5.14		0.0384624		
5.15		0.0383748		
5.16		0.0382876		
5.17		0.0382007		
5.18		0.0381142		
5.19		0.038028		
5.2		0.0379422		
5.21		0.0378568		
5.22		0.0377717		
5.23		0.037687		
5.24		0.0376026		
5.25		0.0375186		
5.26		0.0374349		
5.27		0.0373515		
5.28		0.0372686		
5.29		0.0371859		
5.3		0.0371036		
5.31		0.0370216		
5.32		0.0369399		
5.33		0.0368586		
5.34		0.0367776		
5.35		0.036697		
5.36		0.0366167		
5.37		0.0365367		
5.38		0.036457		
5.39		0.0363776		
5.4		0.0362986		
5.41		0.0362198		
5.42		0.0361414		
5.43		0.0360633		
5.44		0.0359856		
5.45		0.0359081		
5.46		0.0358309		
5.47		0.0357541		
5.48		0.0356775		
5.49		0.0356012		
5.5		0.0355253		
5.51		0.0354496		
5.52		0.0353743		
5.53		0.0352992		
5.54		0.0352245		
5.55		0.03515		
5.56		0.0350758		
5.57		0.0350019		
5.58		0.0349283		
5.59		0.034855		
5.6		0.034782		
5.61		0.0347092		
5.62		0.0346368		
5.63		0.0345646		
5.64		0.0344927		
5.65		0.034421		
5.66		0.0343497		
5.67		0.0342786		
5.68		0.0342078		
5.69		0.0341372		
5.7		0.034067		
5.71		0.033997		
5.72		0.0339272		
5.73		0.0338577		
5.74		0.0337885		
5.75		0.0337196		
5.76		0.0336509		
5.77		0.0335825		
5.78		0.0335143		
5.79		0.0334464		
5.8		0.0333787		
5.81		0.0333113		
5.82		0.0332441		
5.83		0.0331772		
5.84		0.0331106		
5.85		0.0330442		
5.86		0.032978		
5.87		0.0329121		
5.88		0.0328464		
5.89		0.032781		
5.9		0.0327158		
5.91		0.0326508		
5.92		0.0325861		
5.93		0.0325217		
5.94		0.0324574		
5.95		0.0323934		
5.96		0.0323297		
5.97		0.0322661		
5.98		0.0322028		
5.99		0.0321397		
6		0.0320769		
6.01		0.0320143		
6.02		0.0319519		
6.03		0.0318897		
6.04		0.0318278		
6.05		0.0317661		
6.06		0.0317046		
6.07		0.0316433		
6.08		0.0315822		
6.09		0.0315214		
6.1		0.0314608		
6.11		0.0314004		
6.12		0.0313402		
6.13		0.0312802		
6.14		0.0312204		
6.15		0.0311609		
6.16		0.0311015		
6.17		0.0310424		
6.18		0.0309835		
6.19		0.0309248		
6.2		0.0308662		
6.21		0.0308079		
6.22		0.0307498		
6.23		0.0306919		
6.24		0.0306342		
6.25		0.0305767		
6.26		0.0305194		
6.27		0.0304624		
6.28		0.0304055		
6.29		0.0303488		
6.3		0.0302923		
6.31		0.0302359		
6.32		0.0301798		
6.33		0.0301239		
6.34		0.0300682		
6.35		0.0300126		
6.36		0.0299573		
6.37		0.0299021		
6.38		0.0298472		
6.39		0.0297924		
6.4		0.0297378		
6.41		0.0296834		
6.42		0.0296291		
6.43		0.0295751		
6.44		0.0295212		
6.45		0.0294676		
6.46		0.0294141		
6.47		0.0293607		
6.48		0.0293076		
6.49		0.0292547		
6.5		0.0292019		
6.51		0.0291493		
6.52		0.0290968		
6.53		0.0290446		
6.54		0.0289925		
6.55		0.0289406		
6.56		0.0288889		
6.57		0.0288373		
6.58		0.0287859		
6.59		0.0287347		
6.6		0.0286837		
6.61		0.0286328		
6.62		0.0285821		
6.63		0.0285315		
6.64		0.0284811		
6.65		0.0284309		
6.66		0.0283809		
6.67		0.028331		
6.68		0.0282812		
6.69		0.0282317		
6.7		0.0281823		
6.71		0.028133		
6.72		0.028084		
6.73		0.028035		
6.74		0.0279863		
6.75		0.0279377		
6.76		0.0278892		
6.77		0.0278409		
6.78		0.0277928		
6.79		0.0277448		
6.8		0.027697		
6.81		0.0276493		
6.82		0.0276018		
6.83		0.0275544		
6.84		0.0275072		
6.85		0.0274601		
6.86		0.0274132		
6.87		0.0273664		
6.88		0.0273198		
6.89		0.0272733		
6.9		0.027227		
6.91		0.0271808		
6.92		0.0271348		
6.93		0.0270889		
6.94		0.0270431		
6.95		0.0269975		
6.96		0.0269521		
6.97		0.0269067		
6.98		0.0268616		
6.99		0.0268165		
7		0.0267716		
7.01		0.0267269		
7.02		0.0266823		
7.03		0.0266378		
7.04		0.0265934		
7.05		0.0265492		
7.06		0.0265052		
7.07		0.0264612		
7.08		0.0264175		
7.09		0.0263738		
7.1		0.0263303		
7.11		0.0262869		
7.12		0.0262436		
7.13		0.0262005		
7.14		0.0261575		
7.15		0.0261146		
7.16		0.0260719		
7.17		0.0260293		
7.18		0.0259868		
7.19		0.0259445		
7.2		0.0259023		
7.21		0.0258602		
7.22		0.0258182		
7.23		0.0257764		
7.24		0.0257347		
7.25		0.0256931		
7.26		0.0256516		
7.27		0.0256103		
7.28		0.0255691		
7.29		0.025528		
7.3		0.0254871		
7.31		0.0254462		
7.32		0.0254055		
7.33		0.0253649		
7.34		0.0253244		
7.35		0.0252841		
7.36		0.0252438		
7.37		0.0252037		
7.38		0.0251637		
7.39		0.0251238		
7.4		0.0250841		
7.41		0.0250444		
7.42		0.0250049		
7.43		0.0249655		
7.44		0.0249262		
7.45		0.024887		
7.46		0.024848		
7.47		0.024809		
7.48		0.0247702		
7.49		0.0247314		
7.5		0.0246928		
7.51		0.0246543		
7.52		0.0246159		
7.53		0.0245777		
7.54		0.0245395		
7.55		0.0245014		
7.56		0.0244635		
7.57		0.0244257		
7.58		0.0243879		
7.59		0.0243503		
7.6		0.0243128		
7.61		0.0242754		
7.62		0.0242381		
7.63		0.0242009		
7.64		0.0241638		
7.65		0.0241269		
7.66		0.02409		
7.67		0.0240532		
7.68		0.0240166		
7.69		0.02398		
7.7		0.0239436		
7.71		0.0239072		
7.72		0.023871		
7.73		0.0238348		
7.74		0.0237988		
7.75		0.0237628		
7.76		0.023727		
7.77		0.0236913		
7.78		0.0236556		
7.79		0.0236201		
7.8		0.0235847		
7.81		0.0235493		
7.82		0.0235141		
7.83		0.0234789		
7.84		0.0234439		
7.85		0.0234089		
7.86		0.0233741		
7.87		0.0233393		
7.88		0.0233047		
7.89		0.0232701		
7.9		0.0232357		
7.91		0.0232013		
7.92		0.023167		
7.93		0.0231328		
7.94		0.0230987		
7.95		0.0230647		
7.96		0.0230308		
7.97		0.022997		
7.98		0.0229633		
7.99		0.0229297		
8		0.0228962		
8.01		0.0228627		
8.02		0.0228294		
8.03		0.0227961		
8.04		0.022763		
8.05		0.0227299		
8.06		0.0226969		
8.07		0.022664		
8.08		0.0226312		
8.09		0.0225985		
8.1		0.0225659		
8.11		0.0225333		
8.12		0.0225009		
8.13		0.0224685		
8.14		0.0224362		
8.15		0.022404		
8.16		0.0223719		
8.17		0.0223399		
8.18		0.0223079		
8.19		0.0222761		
8.2		0.0222443		
8.21		0.0222126		
8.22		0.022181		
8.23		0.0221495		
8.24		0.0221181		
8.25		0.0220868		
8.26		0.0220555		
8.27		0.0220243		
8.28		0.0219932		
8.29		0.0219622		
8.3		0.0219313		
8.31		0.0219004		
8.32		0.0218696		
8.33		0.0218389		
8.34		0.0218083		
8.35		0.0217778		
8.36		0.0217473		
8.37		0.021717		
8.38		0.0216867		
8.39		0.0216565		
8.4		0.0216263		
8.41		0.0215963		
8.42		0.0215663		
8.43		0.0215364		
8.44		0.0215066		
8.45		0.0214768		
8.46		0.0214472		
8.47		0.0214176		
8.48		0.021388		
8.49		0.0213586		
8.5		0.0213292		
8.51		0.0212999		
8.52		0.0212707		
8.53		0.0212416		
8.54		0.0212125		
8.55		0.0211835		
8.56		0.0211546		
8.57		0.0211258		
8.58		0.021097		
8.59		0.0210683		
8.6		0.0210397		
8.61		0.0210111		
8.62		0.0209827		
8.63		0.0209543		
8.64		0.0209259		
8.65		0.0208977		
8.66		0.0208695		
8.67		0.0208413		
8.68		0.0208133		
8.69		0.0207853		
8.7		0.0207574		
8.71		0.0207296		
8.72		0.0207018		
8.73		0.0206741		
8.74		0.0206465		
8.75		0.0206189		
8.76		0.0205914		
8.77		0.020564		
8.78		0.0205366		
8.79		0.0205094		
8.8		0.0204821		
8.81		0.020455		
8.82		0.0204279		
8.83		0.0204009		
8.84		0.0203739		
8.85		0.0203471		
8.86		0.0203202		
8.87		0.0202935		
8.88		0.0202668		
8.89		0.0202402		
8.9		0.0202136		
8.91		0.0201871		
8.92		0.0201607		
8.93		0.0201344		
8.94		0.0201081		
8.95		0.0200818		
8.96		0.0200557		
8.97		0.0200296		
8.98		0.0200035		
8.99		0.0199775		
9		0.0199516		
9.01		0.0199258		
9.02		0.0199		
9.03		0.0198743		
9.04		0.0198486		
9.05		0.019823		
9.06		0.0197975		
9.07		0.019772		
9.08		0.0197466		
9.09		0.0197212		
9.1		0.0196959		
9.11		0.0196707		
9.12		0.0196455		
9.13		0.0196204		
9.14		0.0195954		
9.15		0.0195704		
9.16		0.0195454		
9.17		0.0195206		
9.18		0.0194957		
9.19		0.019471		
9.2		0.0194463		
9.21		0.0194217		
9.22		0.0193971		
9.23		0.0193726		
9.24		0.0193481		
9.25		0.0193237		
9.26		0.0192993		
9.27		0.019275		
9.28		0.0192508		
9.29		0.0192266		
9.3		0.0192025		
9.31		0.0191785		
9.32		0.0191544		
9.33		0.0191305		
9.34		0.0191066		
9.35		0.0190828		
9.36		0.019059		
9.37		0.0190353		
9.38		0.0190116		
9.39		0.018988		
9.4		0.0189644		
9.41		0.0189409		
9.42		0.0189175		
9.43		0.0188941		
9.44		0.0188707		
9.45		0.0188474		
9.46		0.0188242		
9.47		0.018801		
9.48		0.0187779		
9.49		0.0187548		
9.5		0.0187318		
9.51		0.0187088		
9.52		0.0186859		
9.53		0.018663		
9.54		0.0186402		
9.55		0.0186175		
9.56		0.0185948		
9.57		0.0185721		
9.58		0.0185495		
9.59		0.0185269		
9.6		0.0185044		
9.61		0.018482		
9.62		0.0184596		
9.63		0.0184373		
9.64		0.018415		
9.65		0.0183927		
9.66		0.0183705		
9.67		0.0183484		
9.68		0.0183263		
9.69		0.0183042		
9.7		0.0182822		
9.71		0.0182603		
9.72		0.0182384		
9.73		0.0182165		
9.74		0.0181947		
9.75		0.018173		
9.76		0.0181513		
9.77		0.0181296		
9.78		0.018108		
9.79		0.0180865		
9.8		0.018065		
9.81		0.0180435		
9.82		0.0180221		
9.83		0.0180007		
9.84		0.0179794		
9.85		0.0179582		
9.86		0.0179369		
9.87		0.0179158		
9.88		0.0178946		
9.89		0.0178735		
9.9		0.0178525		
9.91		0.0178315		
9.92		0.0178106		
9.93		0.0177897		
9.94		0.0177688		
9.95		0.017748		
9.96		0.0177273		
9.97		0.0177066		
9.98		0.0176859		
9.99		0.0176653		
10		0.0176447		
10.01		0.0176242		
10.02		0.0176037		
10.03		0.0175832		
10.04		0.0175628		
10.05		0.0175425		
10.06		0.0175222		
10.07		0.0175019		
10.08		0.0174817		
10.09		0.0174615		
10.1		0.0174414		
10.11		0.0174213		
10.12		0.0174012		
10.13		0.0173812		
10.14		0.0173613		
10.15		0.0173413		
10.16		0.0173215		
10.17		0.0173016		
10.18		0.0172818		
10.19		0.0172621		
10.2		0.0172424		
10.21		0.0172227		
10.22		0.0172031		
10.23		0.0171835		
10.24		0.017164		
10.25		0.0171445		
10.26		0.017125		
10.27		0.0171056		
10.28		0.0170863		
10.29		0.0170669		
10.3		0.0170476		
10.31		0.0170284		
10.32		0.0170092		
10.33		0.01699		
10.34		0.0169709		
10.35		0.0169518		
10.36		0.0169328		
10.37		0.0169137		
10.38		0.0168948		
10.39		0.0168759		
10.4		0.016857		
10.41		0.0168381		
10.42		0.0168193		
10.43		0.0168006		
10.44		0.0167818		
10.45		0.0167631		
10.46		0.0167445		
10.47		0.0167259		
10.48		0.0167073		
10.49		0.0166888		
10.5		0.0166703		
10.51		0.0166518		
10.52		0.0166334		
10.53		0.016615		
10.54		0.0165967		
10.55		0.0165784		
10.56		0.0165601		
10.57		0.0165419		
10.58		0.0165237		
10.59		0.0165055		
10.6		0.0164874		
10.61		0.0164694		
10.62		0.0164513		
10.63		0.0164333		
10.64		0.0164153		
10.65		0.0163974		
10.66		0.0163795		
10.67		0.0163617		
10.68		0.0163438		
10.69		0.0163261		
10.7		0.0163083		
10.71		0.0162906		
10.72		0.0162729		
10.73		0.0162553		
10.74		0.0162377		
10.75		0.0162201		
10.76		0.0162026		
10.77		0.0161851		
10.78		0.0161676		
10.79		0.0161502		
10.8		0.0161328		
10.81		0.0161155		
10.82		0.0160981		
10.83		0.0160809		
10.84		0.0160636		
10.85		0.0160464		
10.86		0.0160292		
10.87		0.0160121		
10.88		0.015995		
10.89		0.0159779		
10.9		0.0159608		
10.91		0.0159438		
10.92		0.0159269		
10.93		0.0159099		
10.94		0.015893		
10.95		0.0158761		
10.96		0.0158593		
10.97		0.0158425		
10.98		0.0158257		
10.99		0.015809		
11		0.0157923		
11.01		0.0157756		
11.02		0.015759		
11.03		0.0157424		
11.04		0.0157258		
11.05		0.0157093		
11.06		0.0156927		
11.07		0.0156763		
11.08		0.0156598		
11.09		0.0156434		
11.1		0.015627		
11.11		0.0156107		
11.12		0.0155944		
11.13		0.0155781		
11.14		0.0155619		
11.15		0.0155456		
11.16		0.0155294		
11.17		0.0155133		
11.18		0.0154972		
11.19		0.0154811		
11.2		0.015465		
11.21		0.015449		
11.22		0.015433		
11.23		0.015417		
11.24		0.0154011		
11.25		0.0153852		
11.26		0.0153693		
11.27		0.0153535		
11.28		0.0153377		
11.29		0.0153219		
11.3		0.0153061		
11.31		0.0152904		
11.32		0.0152747		
11.33		0.0152591		
11.34		0.0152434		
11.35		0.0152278		
11.36		0.0152123		
11.37		0.0151967		
11.38		0.0151812		
11.39		0.0151657		
11.4		0.0151503		
11.41		0.0151349		
11.42		0.0151195		
11.43		0.0151041		
11.44		0.0150888		
11.45		0.0150735		
11.46		0.0150582		
11.47		0.015043		
11.48		0.0150277		
11.49		0.0150126		
11.5		0.0149974		
11.51		0.0149823		
11.52		0.0149672		
11.53		0.0149521		
11.54		0.014937		
11.55		0.014922		
11.56		0.014907		
11.57		0.0148921		
11.58		0.0148772		
11.59		0.0148623		
11.6		0.0148474		
11.61		0.0148325		
11.62		0.0148177		
11.63		0.0148029		
11.64		0.0147882		
11.65		0.0147734		
11.66		0.0147587		
11.67		0.014744		
11.68		0.0147294		
11.69		0.0147148		
11.7		0.0147002		
11.71		0.0146856		
11.72		0.0146711		
11.73		0.0146565		
11.74		0.0146421		
11.75		0.0146276		
11.76		0.0146132		
11.77		0.0145987		
11.78		0.0145844		
11.79		0.01457		
11.8		0.0145557		
11.81		0.0145414		
11.82		0.0145271		
11.83		0.0145129		
11.84		0.0144986		
11.85		0.0144844		
11.86		0.0144703		
11.87		0.0144561		
11.88		0.014442		
11.89		0.0144279		
11.9		0.0144138		
11.91		0.0143998		
11.92		0.0143858		
11.93		0.0143718		
11.94		0.0143578		
11.95		0.0143439		
11.96		0.01433		
11.97		0.0143161		
11.98		0.0143022		
11.99		0.0142884		
12		0.0142746		
12.01		0.0142608		
12.02		0.014247		
12.03		0.0142333		
12.04		0.0142196		
12.05		0.0142059		
12.06		0.0141922		
12.07		0.0141786		
12.08		0.014165		
12.09		0.0141514		
12.1		0.0141378		
12.11		0.0141243		
12.12		0.0141108		
12.13		0.0140973		
12.14		0.0140838		
12.15		0.0140704		
12.16		0.014057		
12.17		0.0140436		
12.18		0.0140302		
12.19		0.0140169		
12.2		0.0140035		
12.21		0.0139902		
12.22		0.013977		
12.23		0.0139637		
12.24		0.0139505		
12.25		0.0139373		
12.26		0.0139241		
12.27		0.013911		
12.28		0.0138978		
12.29		0.0138847		
12.3		0.0138716		
12.31		0.0138586		
12.32		0.0138455		
12.33		0.0138325		
12.34		0.0138195		
12.35		0.0138065		
12.36		0.0137936		
12.37		0.0137807		
12.38		0.0137678		
12.39		0.0137549		
12.4		0.013742		
12.41		0.0137292		
12.42		0.0137164		
12.43		0.0137036		
12.44		0.0136908		
12.45		0.0136781		
12.46		0.0136654		
12.47		0.0136527		
12.48		0.01364		
12.49		0.0136273		
12.5		0.0136147		
12.51		0.0136021		
12.52		0.0135895		
12.53		0.0135769		
12.54		0.0135644		
12.55		0.0135519		
12.56		0.0135394		
12.57		0.0135269		
12.58		0.0135144		
12.59		0.013502		
12.6		0.0134896		
12.61		0.0134772		
12.62		0.0134648		
12.63		0.0134525		
12.64		0.0134401		
12.65		0.0134278		
12.66		0.0134155		
12.67		0.0134033		
12.68		0.013391		
12.69		0.0133788		
12.7		0.0133666		
12.71		0.0133544		
12.72		0.0133423		
12.73		0.0133301		
12.74		0.013318		
12.75		0.0133059		
12.76		0.0132938		
12.77		0.0132818		
12.78		0.0132697		
12.79		0.0132577		
12.8		0.0132457		
12.81		0.0132337		
12.82		0.0132218		
12.83		0.0132099		
12.84		0.0131979		
12.85		0.0131861		
12.86		0.0131742		
12.87		0.0131623		
12.88		0.0131505		
12.89		0.0131387		
12.9		0.0131269		
12.91		0.0131151		
12.92		0.0131034		
12.93		0.0130916		
12.94		0.0130799		
12.95		0.0130682		
12.96		0.0130565		
12.97		0.0130449		
12.98		0.0130333		
12.99		0.0130216		
13		0.01301		
13.01		0.0129985		
13.02		0.0129869		
13.03		0.0129754		
13.04		0.0129639		
13.05		0.0129524		
13.06		0.0129409		
13.07		0.0129294		
13.08		0.012918		
13.09		0.0129065		
13.1		0.0128951		
13.11		0.0128838		
13.12		0.0128724		
13.13		0.012861		
13.14		0.0128497		
13.15		0.0128384		
13.16		0.0128271		
13.17		0.0128158		
13.18		0.0128046		
13.19		0.0127934		
13.2		0.0127821		
13.21		0.0127709		
13.22		0.0127598		
13.23		0.0127486		
13.24		0.0127375		
13.25		0.0127263		
13.26		0.0127152		
13.27		0.0127042		
13.28		0.0126931		
13.29		0.012682		
13.3		0.012671		
13.31		0.01266		
13.32		0.012649		
13.33		0.012638		
13.34		0.012627		
13.35		0.0126161		
13.36		0.0126052		
13.37		0.0125943		
13.38		0.0125834		
13.39		0.0125725		
13.4		0.0125617		
13.41		0.0125508		
13.42		0.01254		
13.43		0.0125292		
13.44		0.0125184		
13.45		0.0125077		
13.46		0.0124969		
13.47		0.0124862		
13.48		0.0124755		
13.49		0.0124648		
13.5		0.0124541		
13.51		0.0124434		
13.52		0.0124328		
13.53		0.0124222		
13.54		0.0124115		
13.55		0.012401		
13.56		0.0123904		
13.57		0.0123798		
13.58		0.0123693		
13.59		0.0123587		
13.6		0.0123482		
13.61		0.0123378		
13.62		0.0123273		
13.63		0.0123168		
13.64		0.0123064		
13.65		0.012296		
13.66		0.0122855		
13.67		0.0122752		
13.68		0.0122648		
13.69		0.0122544		
13.7		0.0122441		
13.71		0.0122338		
13.72		0.0122234		
13.73		0.0122132		
13.74		0.0122029		
13.75		0.0121926		
13.76		0.0121824		
13.77		0.0121721		
13.78		0.0121619		
13.79		0.0121517		
13.8		0.0121416		
13.81		0.0121314		
13.82		0.0121213		
13.83		0.0121111		
13.84		0.012101		
13.85		0.0120909		
13.86		0.0120808		
13.87		0.0120708		
13.88		0.0120607		
13.89		0.0120507		
13.9		0.0120407		
13.91		0.0120306		
13.92		0.0120207		
13.93		0.0120107		
13.94		0.0120007		
13.95		0.0119908		
13.96		0.0119809		
13.97		0.011971		
13.98		0.0119611		
13.99		0.0119512		
14		0.0119413		
14.01		0.0119315		
14.02		0.0119216		
14.03		0.0119118		
14.04		0.011902		
14.05		0.0118922		
14.06		0.0118824		
14.07		0.0118727		
14.08		0.0118629		
14.09		0.0118532		
14.1		0.0118435		
14.11		0.0118338		
14.12		0.0118241		
14.13		0.0118145		
14.14		0.0118048		
14.15		0.0117952		
14.16		0.0117855		
14.17		0.0117759		
14.18		0.0117663		
14.19		0.0117568		
14.2		0.0117472		
14.21		0.0117377		
14.22		0.0117281		
14.23		0.0117186		
14.24		0.0117091		
14.25		0.0116996		
14.26		0.0116901		
14.27		0.0116807		
14.28		0.0116712		
14.29		0.0116618		
14.3		0.0116524		
14.31		0.011643		
14.32		0.0116336		
14.33		0.0116242		
14.34		0.0116148		
14.35		0.0116055		
14.36		0.0115962		
14.37		0.0115868		
14.38		0.0115775		
14.39		0.0115682		
14.4		0.011559		
14.41		0.0115497		
14.42		0.0115405		
14.43		0.0115312		
14.44		0.011522		
14.45		0.0115128		
14.46		0.0115036		
14.47		0.0114944		
14.48		0.0114853		
14.49		0.0114761		
14.5		0.011467		
14.51		0.0114578		
14.52		0.0114487		
14.53		0.0114396		
14.54		0.0114306		
14.55		0.0114215		
14.56		0.0114124		
14.57		0.0114034		
14.58		0.0113944		
14.59		0.0113853		
14.6		0.0113763		
14.61		0.0113674		
14.62		0.0113584		
14.63		0.0113494		
14.64		0.0113405		
14.65		0.0113315		
14.66		0.0113226		
14.67		0.0113137		
14.68		0.0113048		
14.69		0.0112959		
14.7		0.0112871		
14.71		0.0112782		
14.72		0.0112694		
14.73		0.0112605		
14.74		0.0112517		
14.75		0.0112429		
14.76		0.0112341		
14.77		0.0112253		
14.78		0.0112166		
14.79		0.0112078		
14.8		0.0111991		
14.81		0.0111904		
14.82		0.0111817		
14.83		0.011173		
14.84		0.0111643		
14.85		0.0111556		
14.86		0.0111469		
14.87		0.0111383		
14.88		0.0111296		
14.89		0.011121		
14.9		0.0111124		
14.91		0.0111038		
14.92		0.0110952		
14.93		0.0110867		
14.94		0.0110781		
14.95		0.0110695		
14.96		0.011061		
14.97		0.0110525		
14.98		0.011044		
14.99		0.0110355		
15		0.011027		
15.01		0.0110185		
15.02		0.0110101		
15.03		0.0110016		
15.04		0.0109932		
15.05		0.0109847		
15.06		0.0109763		
15.07		0.0109679		
15.08		0.0109595		
15.09		0.0109512		
15.1		0.0109428		
15.11		0.0109344		
15.12		0.0109261		
15.13		0.0109178		
15.14		0.0109095		
15.15		0.0109012		
15.16		0.0108929		
15.17		0.0108846		
15.18		0.0108763		
15.19		0.0108681		
15.2		0.0108598		
15.21		0.0108516		
15.22		0.0108434		
15.23		0.0108351		
15.24		0.0108269		
15.25		0.0108188		
15.26		0.0108106		
15.27		0.0108024		
15.28		0.0107943		
15.29		0.0107861		
15.3		0.010778		
15.31		0.0107699		
15.32		0.0107618		
15.33		0.0107537		
15.34		0.0107456		
15.35		0.0107375		
15.36		0.0107295		
15.37		0.0107214		
15.38		0.0107134		
15.39		0.0107054		
15.4		0.0106974		
15.41		0.0106893		
15.42		0.0106814		
15.43		0.0106734		
15.44		0.0106654		
15.45		0.0106575		
15.46		0.0106495		
15.47		0.0106416		
15.48		0.0106336		
15.49		0.0106257		
15.5		0.0106178		
15.51		0.0106099		
15.52		0.0106021		
15.53		0.0105942		
15.54		0.0105863		
15.55		0.0105785		
15.56		0.0105707		
15.57		0.0105628		
15.58		0.010555		
15.59		0.0105472		
15.6		0.0105394		
15.61		0.0105316		
15.62		0.0105239		
15.63		0.0105161		
15.64		0.0105084		
15.65		0.0105006		
15.66		0.0104929		
15.67		0.0104852		
15.68		0.0104775		
15.69		0.0104698		
15.7		0.0104621		
15.71		0.0104544		
15.72		0.0104468		
15.73		0.0104391		
15.74		0.0104315		
15.75		0.0104238		
15.76		0.0104162		
15.77		0.0104086		
15.78		0.010401		
15.79		0.0103934		
15.8		0.0103858		
15.81		0.0103783		
15.82		0.0103707		
15.83		0.0103632		
15.84		0.0103556		
15.85		0.0103481		
15.86		0.0103406		
15.87		0.0103331		
15.88		0.0103256		
15.89		0.0103181		
15.9		0.0103106		
15.91		0.0103032		
15.92		0.0102957		
15.93		0.0102883		
15.94		0.0102808		
15.95		0.0102734		
15.96		0.010266		
15.97		0.0102586		
15.98		0.0102512		
15.99		0.0102438		
16		0.0102364		
16.01		0.0102291		
16.02		0.0102217		
16.03		0.0102144		
16.04		0.010207		
16.05		0.0101997		
16.06		0.0101924		
16.07		0.0101851		
16.08		0.0101778		
16.09		0.0101705		
16.1		0.0101633		
16.11		0.010156		
16.12		0.0101487		
16.13		0.0101415		
16.14		0.0101343		
16.15		0.010127		
16.16		0.0101198		
16.17		0.0101126		
16.18		0.0101054		
16.19		0.0100982		
16.2		0.010091		
16.21		0.0100839		
16.22		0.0100767		
16.23		0.0100696		
16.24		0.0100624		
16.25		0.0100553		
16.26		0.0100482		
16.27		0.0100411		
16.28		0.010034		
16.29		0.0100269		
16.3		0.0100198		
16.31		0.0100127		
16.32		0.0100057		
16.33		0.00999862		
16.34		0.00999158		
16.35		0.00998454		
16.36		0.00997752		
16.37		0.0099705		
16.38		0.0099635		
16.39		0.0099565		
16.4		0.00994951		
16.41		0.00994253		
16.42		0.00993556		
16.43		0.0099286		
16.44		0.00992165		
16.45		0.00991471		
16.46		0.00990778		
16.47		0.00990085		
16.48		0.00989394		
16.49		0.00988704		
16.5		0.00988014		
16.51		0.00987325		
16.52		0.00986637		
16.53		0.00985951		
16.54		0.00985265		
16.55		0.0098458		
16.56		0.00983895		
16.57		0.00983212		
16.58		0.0098253		
16.59		0.00981848		
16.6		0.00981168		
16.61		0.00980488		
16.62		0.00979809		
16.63		0.00979131		
16.64		0.00978454		
16.65		0.00977778		
16.66		0.00977103		
16.67		0.00976428		
16.68		0.00975755		
16.69		0.00975082		
16.7		0.00974411		
16.71		0.0097374		
16.72		0.0097307		
16.73		0.00972401		
16.74		0.00971732		
16.75		0.00971065		
16.76		0.00970398		
16.77		0.00969733		
16.78		0.00969068		
16.79		0.00968404		
16.8		0.00967741		
16.81		0.00967079		
16.82		0.00966417		
16.83		0.00965757		
16.84		0.00965097		
16.85		0.00964438		
16.86		0.0096378		
16.87		0.00963123		
16.88		0.00962467		
16.89		0.00961812		
16.9		0.00961157		
16.91		0.00960503		
16.92		0.0095985		
16.93		0.00959198		
16.94		0.00958547		
16.95		0.00957897		
16.96		0.00957247		
16.97		0.00956598		
16.98		0.00955951		
16.99		0.00955303		
17		0.00954657		
17.01		0.00954012		
17.02		0.00953367		
17.03		0.00952724		
17.04		0.00952081		
17.05		0.00951438		
17.06		0.00950797		
17.07		0.00950157		
17.08		0.00949517		
17.09		0.00948878		
17.1		0.0094824		
17.11		0.00947603		
17.12		0.00946967		
17.13		0.00946331		
17.14		0.00945696		
17.15		0.00945062		
17.16		0.00944429		
17.17		0.00943796		
17.18		0.00943165		
17.19		0.00942534		
17.2		0.00941904		
17.21		0.00941275		
17.22		0.00940646		
17.23		0.00940019		
17.24		0.00939392		
17.25		0.00938766		
17.26		0.00938141		
17.27		0.00937516		
17.28		0.00936893		
17.29		0.0093627		
17.3		0.00935648		
17.31		0.00935026		
17.32		0.00934406		
17.33		0.00933786		
17.34		0.00933167		
17.35		0.00932549		
17.36		0.00931931		
17.37		0.00931315		
17.38		0.00930699		
17.39		0.00930084		
17.4		0.00929469		
17.41		0.00928856		
17.42		0.00928243		
17.43		0.00927631		
17.44		0.0092702		
17.45		0.00926409		
17.46		0.00925799		
17.47		0.0092519		
17.48		0.00924582		
17.49		0.00923974		
17.5		0.00923368		
17.51		0.00922762		
17.52		0.00922156		
17.53		0.00921552		
17.54		0.00920948		
17.55		0.00920345		
17.56		0.00919743		
17.57		0.00919141		
17.58		0.00918541		
17.59		0.00917941		
17.6		0.00917341		
17.61		0.00916743		
17.62		0.00916145		
17.63		0.00915548		
17.64		0.00914952		
17.65		0.00914356		
17.66		0.00913761		
17.67		0.00913167		
17.68		0.00912574		
17.69		0.00911981		
17.7		0.00911389		
17.71		0.00910798		
17.72		0.00910207		
17.73		0.00909617		
17.74		0.00909028		
17.75		0.0090844		
17.76		0.00907852		
17.77		0.00907266		
17.78		0.00906679		
17.79		0.00906094		
17.8		0.00905509		
17.81		0.00904925		
17.82		0.00904342		
17.83		0.00903759		
17.84		0.00903177		
17.85		0.00902596		
17.86		0.00902016		
17.87		0.00901436		
17.88		0.00900857		
17.89		0.00900278		
17.9		0.00899701		
17.91		0.00899124		
17.92		0.00898548		
17.93		0.00897972		
17.94		0.00897397		
17.95		0.00896823		
17.96		0.00896249		
17.97		0.00895677		
17.98		0.00895105		
17.99		0.00894533		
18		0.00893962		
18.01		0.00893392		
18.02		0.00892823		
18.03		0.00892254		
18.04		0.00891686		
18.05		0.00891119		
18.06		0.00890552		
18.07		0.00889987		
18.08		0.00889421		
18.09		0.00888857		
18.1		0.00888293		
18.11		0.0088773		
18.12		0.00887167		
18.13		0.00886605		
18.14		0.00886044		
18.15		0.00885484		
18.16		0.00884924		
18.17		0.00884365		
18.18		0.00883806		
18.19		0.00883248		
18.2		0.00882691		
18.21		0.00882134		
18.22		0.00881579		
18.23		0.00881023		
18.24		0.00880469		
18.25		0.00879915		
18.26		0.00879362		
18.27		0.00878809		
18.28		0.00878257		
18.29		0.00877706		
18.3		0.00877156		
18.31		0.00876606		
18.32		0.00876056		
18.33		0.00875508		
18.34		0.0087496		
18.35		0.00874412		
18.36		0.00873866		
18.37		0.0087332		
18.38		0.00872774		
18.39		0.0087223		
18.4		0.00871685		
18.41		0.00871142		
18.42		0.00870599		
18.43		0.00870057		
18.44		0.00869515		
18.45		0.00868975		
18.46		0.00868434		
18.47		0.00867895		
18.48		0.00867356		
18.49		0.00866817		
18.5		0.0086628		
18.51		0.00865742		
18.52		0.00865206		
18.53		0.0086467		
18.54		0.00864135		
18.55		0.008636		
18.56		0.00863066		
18.57		0.00862533		
18.58		0.00862		
18.59		0.00861468		
18.6		0.00860937		
18.61		0.00860406		
18.62		0.00859876		
18.63		0.00859346		
18.64		0.00858817		
18.65		0.00858289		
18.66		0.00857761		
18.67		0.00857234		
18.68		0.00856707		
18.69		0.00856181		
18.7		0.00855656		
18.71		0.00855131		
18.72		0.00854607		
18.73		0.00854083		
18.74		0.00853561		
18.75		0.00853038		
18.76		0.00852517		
18.77		0.00851996		
18.78		0.00851475		
18.79		0.00850955		
18.8		0.00850436		
18.81		0.00849917		
18.82		0.00849399		
18.83		0.00848882		
18.84		0.00848365		
18.85		0.00847848		
18.86		0.00847333		
18.87		0.00846818		
18.88		0.00846303		
18.89		0.00845789		
18.9		0.00845276		
18.91		0.00844763		
18.92		0.00844251		
18.93		0.00843739		
18.94		0.00843228		
18.95		0.00842718		
18.96		0.00842208		
18.97		0.00841699		
18.98		0.0084119		
18.99		0.00840682		
19		0.00840175		
19.01		0.00839668		
19.02		0.00839162		
19.03		0.00838656		
19.04		0.00838151		
19.05		0.00837646		
19.06		0.00837142		
19.07		0.00836639		
19.08		0.00836136		
19.09		0.00835633		
19.1		0.00835132		
19.11		0.00834631		
19.12		0.0083413		
19.13		0.0083363		
19.14		0.0083313		
19.15		0.00832632		
19.16		0.00832133		
19.17		0.00831636		
19.18		0.00831138		
19.19		0.00830642		
19.2		0.00830146		
19.21		0.0082965		
19.22		0.00829155		
19.23		0.00828661		
19.24		0.00828167		
19.25		0.00827674		
19.26		0.00827181		
19.27		0.00826689		
19.28		0.00826197		
19.29		0.00825706		
19.3		0.00825216		
19.31		0.00824726		
19.32		0.00824236		
19.33		0.00823747		
19.34		0.00823259		
19.35		0.00822771		
19.36		0.00822284		
19.37		0.00821797		
19.38		0.00821311		
19.39		0.00820826		
19.4		0.00820341		
19.41		0.00819856		
19.42		0.00819372		
19.43		0.00818889		
19.44		0.00818406		
19.45		0.00817923		
19.46		0.00817442		
19.47		0.0081696		
19.48		0.0081648		
19.49		0.00815999		
19.5		0.0081552		
19.51		0.00815041		
19.52		0.00814562		
19.53		0.00814084		
19.54		0.00813606		
19.55		0.00813129		
19.56		0.00812653		
19.57		0.00812177		
19.58		0.00811702		
19.59		0.00811227		
19.6		0.00810752		
19.61		0.00810279		
19.62		0.00809805		
19.63		0.00809332		
19.64		0.0080886		
19.65		0.00808388		
19.66		0.00807917		
19.67		0.00807446		
19.68		0.00806976		
19.69		0.00806507		
19.7		0.00806037		
19.71		0.00805569		
19.72		0.00805101		
19.73		0.00804633		
19.74		0.00804166		
19.75		0.00803699		
19.76		0.00803233		
19.77		0.00802768		
19.78		0.00802303		
19.79		0.00801838		
19.8		0.00801374		
19.81		0.00800911		
19.82		0.00800448		
19.83		0.00799985		
19.84		0.00799523		
19.85		0.00799062		
19.86		0.00798601		
19.87		0.0079814		
19.88		0.0079768		
19.89		0.00797221		
19.9		0.00796762		
19.91		0.00796303		
19.92		0.00795845		
19.93		0.00795388		
19.94		0.00794931		
19.95		0.00794474		
19.96		0.00794018		
19.97		0.00793563		
19.98		0.00793108		
19.99		0.00792653		
20		0.00792199		
20.01		0.00791746		
20.02		0.00791292		
20.03		0.0079084		
20.04		0.00790388		
20.05		0.00789936		
20.06		0.00789485		
20.07		0.00789035		
20.08		0.00788585		
20.09		0.00788135		
20.1		0.00787686		
20.11		0.00787237		
20.12		0.00786789		
20.13		0.00786341		
20.14		0.00785894		
20.15		0.00785447		
20.16		0.00785001		
20.17		0.00784555		
20.18		0.0078411		
20.19		0.00783665		
20.2		0.00783221		
20.21		0.00782777		
20.22		0.00782334		
20.23		0.00781891		
20.24		0.00781448		
20.25		0.00781006		
20.26		0.00780565		
20.27		0.00780124		
20.28		0.00779683		
20.29		0.00779243		
20.3		0.00778804		
20.31		0.00778365		
20.32		0.00777926		
20.33		0.00777488		
20.34		0.0077705		
20.35		0.00776613		
20.36		0.00776176		
20.37		0.0077574		
20.38		0.00775304		
20.39		0.00774868		
20.4		0.00774433		
20.41		0.00773999		
20.42		0.00773565		
20.43		0.00773131		
20.44		0.00772698		
20.45		0.00772266		
20.46		0.00771833		
20.47		0.00771402		
20.48		0.0077097		
20.49		0.0077054		
20.5		0.00770109		
20.51		0.00769679		
20.52		0.0076925		
20.53		0.00768821		
20.54		0.00768392		
20.55		0.00767964		
20.56		0.00767537		
20.57		0.0076711		
20.58		0.00766683		
20.59		0.00766257		
20.6		0.00765831		
20.61		0.00765405		
20.62		0.0076498		
20.63		0.00764556		
20.64		0.00764132		
20.65		0.00763708		
20.66		0.00763285		
20.67		0.00762862		
20.68		0.0076244		
20.69		0.00762018		
20.7		0.00761597		
20.71		0.00761176		
20.72		0.00760755		
20.73		0.00760335		
20.74		0.00759916		
20.75		0.00759497		
20.76		0.00759078		
20.77		0.0075866		
20.78		0.00758242		
20.79		0.00757824		
20.8		0.00757407		
20.81		0.00756991		
20.82		0.00756575		
20.83		0.00756159		
20.84		0.00755744		
20.85		0.00755329		
20.86		0.00754914		
20.87		0.007545		
20.88		0.00754087		
20.89		0.00753674		
20.9		0.00753261		
20.91		0.00752849		
20.92		0.00752437		
20.93		0.00752025		
20.94		0.00751614		
20.95		0.00751204		
20.96		0.00750794		
20.97		0.00750384		
20.98		0.00749975		
20.99		0.00749566		
21		0.00749157		
21.01		0.00748749		
21.02		0.00748342		
21.03		0.00747935		
21.04		0.00747528		
21.05		0.00747122		
21.06		0.00746716		
21.07		0.0074631		
21.08		0.00745905		
21.09		0.007455		
21.1		0.00745096		
21.11		0.00744692		
21.12		0.00744289		
21.13		0.00743886		
21.14		0.00743483		
21.15		0.00743081		
21.16		0.00742679		
21.17		0.00742278		
21.18		0.00741877		
21.19		0.00741476		
21.2		0.00741076		
21.21		0.00740676		
21.22		0.00740277		
21.23		0.00739878		
21.24		0.0073948		
21.25		0.00739082		
21.26		0.00738684		
21.27		0.00738287		
21.28		0.0073789		
21.29		0.00737493		
21.3		0.00737097		
21.31		0.00736702		
21.32		0.00736306		
21.33		0.00735911		
21.34		0.00735517		
21.35		0.00735123		
21.36		0.00734729		
21.37		0.00734336		
21.38		0.00733943		
21.39		0.00733551		
21.4		0.00733158		
21.41		0.00732767		
21.42		0.00732375		
21.43		0.00731985		
21.44		0.00731594		
21.45		0.00731204		
21.46		0.00730814		
21.47		0.00730425		
21.48		0.00730036		
21.49		0.00729648		
21.5		0.00729259		
21.51		0.00728872		
21.52		0.00728484		
21.53		0.00728097		
21.54		0.00727711		
21.55		0.00727325		
21.56		0.00726939		
21.57		0.00726553		
21.58		0.00726168		
21.59		0.00725784		
21.6		0.00725399		
21.61		0.00725016		
21.62		0.00724632		
21.63		0.00724249		
21.64		0.00723866		
21.65		0.00723484		
21.66		0.00723102		
21.67		0.0072272		
21.68		0.00722339		
21.69		0.00721958		
21.7		0.00721578		
21.71		0.00721198		
21.72		0.00720818		
21.73		0.00720439		
21.74		0.0072006		
21.75		0.00719681		
21.76		0.00719303		
21.77		0.00718926		
21.78		0.00718548		
21.79		0.00718171		
21.8		0.00717794		
21.81		0.00717418		
21.82		0.00717042		
21.83		0.00716667		
21.84		0.00716292		
21.85		0.00715917		
21.86		0.00715542		
21.87		0.00715168		
21.88		0.00714795		
21.89		0.00714421		
21.9		0.00714048		
21.91		0.00713676		
21.92		0.00713304		
21.93		0.00712932		
21.94		0.0071256		
21.95		0.00712189		
21.96		0.00711818		
21.97		0.00711448		
21.98		0.00711078		
21.99		0.00710708		
22		0.00710339		
22.01		0.0070997		
22.02		0.00709602		
22.03		0.00709233		
22.04		0.00708866		
22.05		0.00708498		
22.06		0.00708131		
22.07		0.00707764		
22.08		0.00707398		
22.09		0.00707032		
22.1		0.00706666		
22.11		0.00706301		
22.12		0.00705936		
22.13		0.00705571		
22.14		0.00705207		
22.15		0.00704843		
22.16		0.0070448		
22.17		0.00704117		
22.18		0.00703754		
22.19		0.00703391		
22.2		0.00703029		
22.21		0.00702667		
22.22		0.00702306		
22.23		0.00701945		
22.24		0.00701584		
22.25		0.00701224		
22.26		0.00700864		
22.27		0.00700504		
22.28		0.00700145		
22.29		0.00699786		
22.3		0.00699427		
22.31		0.00699069		
22.32		0.00698711		
22.33		0.00698354		
22.34		0.00697996		
22.35		0.0069764		
22.36		0.00697283		
22.37		0.00696927		
22.38		0.00696571		
22.39		0.00696216		
22.4		0.0069586		
22.41		0.00695506		
22.42		0.00695151		
22.43		0.00694797		
22.44		0.00694443		
22.45		0.0069409		
22.46		0.00693737		
22.47		0.00693384		
22.48		0.00693032		
22.49		0.00692679		
22.5		0.00692328		
22.51		0.00691976		
22.52		0.00691625		
22.53		0.00691275		
22.54		0.00690924		
22.55		0.00690574		
22.56		0.00690224		
22.57		0.00689875		
22.58		0.00689526		
22.59		0.00689177		
22.6		0.00688829		
22.61		0.00688481		
22.62		0.00688133		
22.63		0.00687786		
22.64		0.00687439		
22.65		0.00687092		
22.66		0.00686746		
22.67		0.006864		
22.68		0.00686054		
22.69		0.00685708		
22.7		0.00685363		
22.71		0.00685019		
22.72		0.00684674		
22.73		0.0068433		
22.74		0.00683986		
22.75		0.00683643		
22.76		0.006833		
22.77		0.00682957		
22.78		0.00682615		
22.79		0.00682273		
22.8		0.00681931		
22.81		0.00681589		
22.82		0.00681248		
22.83		0.00680907		
22.84		0.00680567		
22.85		0.00680227		
22.86		0.00679887		
22.87		0.00679547		
22.88		0.00679208		
22.89		0.00678869		
22.9		0.00678531		
22.91		0.00678192		
22.92		0.00677854		
22.93		0.00677517		
22.94		0.0067718		
22.95		0.00676843		
22.96		0.00676506		
22.97		0.0067617		
22.98		0.00675834		
22.99		0.00675498		
23		0.00675162		
23.01		0.00674827		
23.02		0.00674493		
23.03		0.00674158		
23.04		0.00673824		
23.05		0.0067349		
23.06		0.00673157		
23.07		0.00672824		
23.08		0.00672491		
23.09		0.00672158		
23.1		0.00671826		
23.11		0.00671494		
23.12		0.00671162		
23.13		0.00670831		
23.14		0.006705		
23.15		0.00670169		
23.16		0.00669839		
23.17		0.00669509		
23.18		0.00669179		
23.19		0.00668849		
23.2		0.0066852		
23.21		0.00668191		
23.22		0.00667863		
23.23		0.00667535		
23.24		0.00667207		
23.25		0.00666879		
23.26		0.00666552		
23.27		0.00666225		
23.28		0.00665898		
23.29		0.00665572		
23.3		0.00665245		
23.31		0.0066492		
23.32		0.00664594		
23.33		0.00664269		
23.34		0.00663944		
23.35		0.00663619		
23.36		0.00663295		
23.37		0.00662971		
23.38		0.00662647		
23.39		0.00662324		
23.4		0.00662001		
23.41		0.00661678		
23.42		0.00661356		
23.43		0.00661033		
23.44		0.00660711		
23.45		0.0066039		
23.46		0.00660069		
23.47		0.00659748		
23.48		0.00659427		
23.49		0.00659106		
23.5		0.00658786		
23.51		0.00658466		
23.52		0.00658147		
23.53		0.00657828		
23.54		0.00657509		
23.55		0.0065719		
23.56		0.00656872		
23.57		0.00656554		
23.58		0.00656236		
23.59		0.00655918		
23.6		0.00655601		
23.61		0.00655284		
23.62		0.00654967		
23.63		0.00654651		
23.64		0.00654335		
23.65		0.00654019		
23.66		0.00653704		
23.67		0.00653389		
23.68		0.00653074		
23.69		0.00652759		
23.7		0.00652445		
23.71		0.00652131		
23.72		0.00651817		
23.73		0.00651504		
23.74		0.0065119		
23.75		0.00650878		
23.76		0.00650565		
23.77		0.00650253		
23.78		0.00649941		
23.79		0.00649629		
23.8		0.00649317		
23.81		0.00649006		
23.82		0.00648695		
23.83		0.00648385		
23.84		0.00648074		
23.85		0.00647764		
23.86		0.00647455		
23.87		0.00647145		
23.88		0.00646836		
23.89		0.00646527		
23.9		0.00646218		
23.91		0.0064591		
23.92		0.00645602		
23.93		0.00645294		
23.94		0.00644986		
23.95		0.00644679		
23.96		0.00644372		
23.97		0.00644065		
23.98		0.00643759		
23.99		0.00643453		
24		0.00643147		
24.01		0.00642841		
24.02		0.00642536		
24.03		0.00642231		
24.04		0.00641926		
24.05		0.00641622		
24.06		0.00641318		
24.07		0.00641014		
24.08		0.0064071		
24.09		0.00640406		
24.1		0.00640103		
24.11		0.006398		
24.12		0.00639498		
24.13		0.00639196		
24.14		0.00638893		
24.15		0.00638592		
24.16		0.0063829		
24.17		0.00637989		
24.18		0.00637688		
24.19		0.00637387		
24.2		0.00637087		
24.21		0.00636787		
24.22		0.00636487		
24.23		0.00636187		
24.24		0.00635888		
24.25		0.00635589		
24.26		0.0063529		
24.27		0.00634991		
24.28		0.00634693		
24.29		0.00634395		
24.3		0.00634097		
24.31		0.006338		
24.32		0.00633502		
24.33		0.00633206		
24.34		0.00632909		
24.35		0.00632612		
24.36		0.00632316		
24.37		0.0063202		
24.38		0.00631725		
24.39		0.00631429		
24.4		0.00631134		
24.41		0.00630839		
24.42		0.00630545		
24.43		0.0063025		
24.44		0.00629956		
24.45		0.00629662		
24.46		0.00629369		
24.47		0.00629075		
24.48		0.00628782		
24.49		0.0062849		
24.5		0.00628197		
24.51		0.00627905		
24.52		0.00627613		
24.53		0.00627321		
24.54		0.0062703		
24.55		0.00626738		
24.56		0.00626447		
24.57		0.00626157		
24.58		0.00625866		
24.59		0.00625576		
24.6		0.00625286		
24.61		0.00624996		
24.62		0.00624707		
24.63		0.00624418		
24.64		0.00624129		
24.65		0.0062384		
24.66		0.00623551		
24.67		0.00623263		
24.68		0.00622975		
24.69		0.00622688		
24.7		0.006224		
24.71		0.00622113		
24.72		0.00621826		
24.73		0.00621539		
24.74		0.00621253		
24.75		0.00620967		
24.76		0.00620681		
24.77		0.00620395		
24.78		0.0062011		
24.79		0.00619825		
24.8		0.0061954		
24.81		0.00619255		
24.82		0.00618971		
24.83		0.00618686		
24.84		0.00618402		
24.85		0.00618119		
24.86		0.00617835		
24.87		0.00617552		
24.88		0.00617269		
24.89		0.00616986		
24.9		0.00616704		
24.91		0.00616422		
24.92		0.0061614		
24.93		0.00615858		
24.94		0.00615577		
24.95		0.00615295		
24.96		0.00615014		
24.97		0.00614734		
24.98		0.00614453		
24.99		0.00614173		
25		0.00613893		
25.01		0.00613613		
25.02		0.00613333		
25.03		0.00613054		
25.04		0.00612775		
25.05		0.00612496		
25.06		0.00612218		
25.07		0.00611939		
25.08		0.00611661		
25.09		0.00611383		
25.1		0.00611106		
25.11		0.00610828		
25.12		0.00610551		
25.13		0.00610274		
25.14		0.00609998		
25.15		0.00609721		
25.16		0.00609445		
25.17		0.00609169		
25.18		0.00608893		
25.19		0.00608618		
25.2		0.00608343		
25.21		0.00608068		
25.22		0.00607793		
25.23		0.00607518		
25.24		0.00607244		
25.25		0.0060697		
25.26		0.00606696		
25.27		0.00606423		
25.28		0.00606149		
25.29		0.00605876		
25.3		0.00605603		
25.31		0.00605331		
25.32		0.00605058		
25.33		0.00604786		
25.34		0.00604514		
25.35		0.00604242		
25.36		0.00603971		
25.37		0.006037		
25.38		0.00603429		
25.39		0.00603158		
25.4		0.00602887		
25.41		0.00602617		
25.42		0.00602347		
25.43		0.00602077		
25.44		0.00601807		
25.45		0.00601538		
25.46		0.00601269		
25.47		0.00601		
25.48		0.00600731		
25.49		0.00600462		
25.5		0.00600194		
25.51		0.00599926		
25.52		0.00599658		
25.53		0.00599391		
25.54		0.00599123		
25.55		0.00598856		
25.56		0.00598589		
25.57		0.00598322		
25.58		0.00598056		
25.59		0.0059779		
25.6		0.00597524		
25.61		0.00597258		
25.62		0.00596992		
25.63		0.00596727		
25.64		0.00596462		
25.65		0.00596197		
25.66		0.00595932		
25.67		0.00595668		
25.68		0.00595404		
25.69		0.0059514		
25.7		0.00594876		
25.71		0.00594612		
25.72		0.00594349		
25.73		0.00594086		
25.74		0.00593823		
25.75		0.0059356		
25.76		0.00593298		
25.77		0.00593035		
25.78		0.00592773		
25.79		0.00592512		
25.8		0.0059225		
25.81		0.00591989		
25.82		0.00591728		
25.83		0.00591467		
25.84		0.00591206		
25.85		0.00590945		
25.86		0.00590685		
25.87		0.00590425		
25.88		0.00590165		
25.89		0.00589906		
25.9		0.00589646		
25.91		0.00589387		
25.92		0.00589128		
25.93		0.00588869		
25.94		0.00588611		
25.95		0.00588352		
25.96		0.00588094		
25.97		0.00587836		
25.98		0.00587579		
25.99		0.00587321		
26		0.00587064		
26.01		0.00586807		
26.02		0.0058655		
26.03		0.00586294		
26.04		0.00586037		
26.05		0.00585781		
26.06		0.00585525		
26.07		0.00585269		
26.08		0.00585014		
26.09		0.00584758		
26.1		0.00584503		
26.11		0.00584248		
26.12		0.00583994		
26.13		0.00583739		
26.14		0.00583485		
26.15		0.00583231		
26.16		0.00582977		
26.17		0.00582723		
26.18		0.0058247		
26.19		0.00582217		
26.2		0.00581964		
26.21		0.00581711		
26.22		0.00581458		
26.23		0.00581206		
26.24		0.00580954		
26.25		0.00580702		
26.26		0.0058045		
26.27		0.00580198		
26.28		0.00579947		
26.29		0.00579696		
26.3		0.00579445		
26.31		0.00579194		
26.32		0.00578944		
26.33		0.00578693		
26.34		0.00578443		
26.35		0.00578193		
26.36		0.00577943		
26.37		0.00577694		
26.38		0.00577445		
26.39		0.00577196		
26.4		0.00576947		
26.41		0.00576698		
26.42		0.00576449		
26.43		0.00576201		
26.44		0.00575953		
26.45		0.00575705		
26.46		0.00575458		
26.47		0.0057521		
26.48		0.00574963		
26.49		0.00574716		
26.5		0.00574469		
26.51		0.00574222		
26.52		0.00573976		
26.53		0.00573729		
26.54		0.00573483		
26.55		0.00573238		
26.56		0.00572992		
26.57		0.00572746		
26.58		0.00572501		
26.59		0.00572256		
26.6		0.00572011		
26.61		0.00571767		
26.62		0.00571522		
26.63		0.00571278		
26.64		0.00571034		
26.65		0.0057079		
26.66		0.00570546		
26.67		0.00570303		
26.68		0.00570059		
26.69		0.00569816		
26.7		0.00569573		
26.71		0.00569331		
26.72		0.00569088		
26.73		0.00568846		
26.74		0.00568604		
26.75		0.00568362		
26.76		0.0056812		
26.77		0.00567879		
26.78		0.00567637		
26.79		0.00567396		
26.8		0.00567155		
26.81		0.00566915		
26.82		0.00566674		
26.83		0.00566434		
26.84		0.00566193		
26.85		0.00565954		
26.86		0.00565714		
26.87		0.00565474		
26.88		0.00565235		
26.89		0.00564996		
26.9		0.00564757		
26.91		0.00564518		
26.92		0.00564279		
26.93		0.00564041		
26.94		0.00563803		
26.95		0.00563564		
26.96		0.00563327		
26.97		0.00563089		
26.98		0.00562851		
26.99		0.00562614		
27		0.00562377		
27.01		0.0056214		
27.02		0.00561903		
27.03		0.00561667		
27.04		0.00561431		
27.05		0.00561194		
27.06		0.00560959		
27.07		0.00560723		
27.08		0.00560487		
27.09		0.00560252		
27.1		0.00560017		
27.11		0.00559782		
27.12		0.00559547		
27.13		0.00559312		
27.14		0.00559078		
27.15		0.00558843		
27.16		0.00558609		
27.17		0.00558375		
27.18		0.00558142		
27.19		0.00557908		
27.2		0.00557675		
27.21		0.00557442		
27.22		0.00557209		
27.23		0.00556976		
27.24		0.00556743		
27.25		0.00556511		
27.26		0.00556279		
27.27		0.00556047		
27.28		0.00555815		
27.29		0.00555583		
27.3		0.00555352		
27.31		0.0055512		
27.32		0.00554889		
27.33		0.00554658		
27.34		0.00554427		
27.35		0.00554197		
27.36		0.00553966		
27.37		0.00553736		
27.38		0.00553506		
27.39		0.00553276		
27.4		0.00553047		
27.41		0.00552817		
27.42		0.00552588		
27.43		0.00552359		
27.44		0.0055213		
27.45		0.00551901		
27.46		0.00551672		
27.47		0.00551444		
27.48		0.00551216		
27.49		0.00550988		
27.5		0.0055076		
27.51		0.00550532		
27.52		0.00550305		
27.53		0.00550077		
27.54		0.0054985		
27.55		0.00549623		
27.56		0.00549396		
27.57		0.0054917		
27.58		0.00548943		
27.59		0.00548717		
27.6		0.00548491		
27.61		0.00548265		
27.62		0.00548039		
27.63		0.00547814		
27.64		0.00547588		
27.65		0.00547363		
27.66		0.00547138		
27.67		0.00546913		
27.68		0.00546689		
27.69		0.00546464		
27.7		0.0054624		
27.71		0.00546016		
27.72		0.00545792		
27.73		0.00545568		
27.74		0.00545344		
27.75		0.00545121		
27.76		0.00544898		
27.77		0.00544674		
27.78		0.00544451		
27.79		0.00544229		
27.8		0.00544006		
27.81		0.00543784		
27.82		0.00543561		
27.83		0.00543339		
27.84		0.00543117		
27.85		0.00542896		
27.86		0.00542674		
27.87		0.00542453		
27.88		0.00542232		
27.89		0.00542011		
27.9		0.0054179		
27.91		0.00541569		
27.92		0.00541349		
27.93		0.00541128		
27.94		0.00540908		
27.95		0.00540688		
27.96		0.00540468		
27.97		0.00540248		
27.98		0.00540029		
27.99		0.0053981		
28		0.0053959		
28.01		0.00539371		
28.02		0.00539153		
28.03		0.00538934		
28.04		0.00538715		
28.05		0.00538497		
28.06		0.00538279		
28.07		0.00538061		
28.08		0.00537843		
28.09		0.00537626		
28.1		0.00537408		
28.11		0.00537191		
28.12		0.00536974		
28.13		0.00536757		
28.14		0.0053654		
28.15		0.00536323		
28.16		0.00536107		
28.17		0.0053589		
28.18		0.00535674		
28.19		0.00535458		
28.2		0.00535242		
28.21		0.00535027		
28.22		0.00534811		
28.23		0.00534596		
28.24		0.00534381		
28.25		0.00534166		
28.26		0.00533951		
28.27		0.00533736		
28.28		0.00533522		
28.29		0.00533307		
28.3		0.00533093		
28.31		0.00532879		
28.32		0.00532665		
28.33		0.00532452		
28.34		0.00532238		
28.35		0.00532025		
28.36		0.00531812		
28.37		0.00531599		
28.38		0.00531386		
28.39		0.00531173		
28.4		0.00530961		
28.41		0.00530748		
28.42		0.00530536		
28.43		0.00530324		
28.44		0.00530112		
28.45		0.005299		
28.46		0.00529689		
28.47		0.00529477		
28.48		0.00529266		
28.49		0.00529055		
28.5		0.00528844		
28.51		0.00528633		
28.52		0.00528423		
28.53		0.00528212		
28.54		0.00528002		
28.55		0.00527792		
28.56		0.00527582		
28.57		0.00527372		
28.58		0.00527162		
28.59		0.00526953		
28.6		0.00526743		
28.61		0.00526534		
28.62		0.00526325		
28.63		0.00526116		
28.64		0.00525908		
28.65		0.00525699		
28.66		0.00525491		
28.67		0.00525282		
28.68		0.00525074		
28.69		0.00524866		
28.7		0.00524659		
28.71		0.00524451		
28.72		0.00524244		
28.73		0.00524036		
28.74		0.00523829		
28.75		0.00523622		
28.76		0.00523415		
28.77		0.00523209		
28.78		0.00523002		
28.79		0.00522796		
28.8		0.00522589		
28.81		0.00522383		
28.82		0.00522178		
28.83		0.00521972		
28.84		0.00521766		
28.85		0.00521561		
28.86		0.00521355		
28.87		0.0052115		
28.88		0.00520945		
28.89		0.00520741		
28.9		0.00520536		
28.91		0.00520331		
28.92		0.00520127		
28.93		0.00519923		
28.94		0.00519719		
28.95		0.00519515		
28.96		0.00519311		
28.97		0.00519107		
28.98		0.00518904		
28.99		0.00518701		
29		0.00518497		
29.01		0.00518294		
29.02		0.00518092		
29.03		0.00517889		
29.04		0.00517686		
29.05		0.00517484		
29.06		0.00517282		
29.07		0.0051708		
29.08		0.00516878		
29.09		0.00516676		
29.1		0.00516474		
29.11		0.00516273		
29.12		0.00516071		
29.13		0.0051587		
29.14		0.00515669		
29.15		0.00515468		
29.16		0.00515268		
29.17		0.00515067		
29.18		0.00514867		
29.19		0.00514666		
29.2		0.00514466		
29.21		0.00514266		
29.22		0.00514066		
29.23		0.00513866		
29.24		0.00513667		
29.25		0.00513468		
29.26		0.00513268		
29.27		0.00513069		
29.28		0.0051287		
29.29		0.00512671		
29.3		0.00512473		
29.31		0.00512274		
29.32		0.00512076		
29.33		0.00511877		
29.34		0.00511679		
29.35		0.00511481		
29.36		0.00511284		
29.37		0.00511086		
29.38		0.00510888		
29.39		0.00510691		
29.4		0.00510494		
29.41		0.00510297		
29.42		0.005101		
29.43		0.00509903		
29.44		0.00509706		
29.45		0.0050951		
29.46		0.00509314		
29.47		0.00509117		
29.48		0.00508921		
29.49		0.00508725		
29.5		0.0050853		
29.51		0.00508334		
29.52		0.00508138		
29.53		0.00507943		
29.54		0.00507748		
29.55		0.00507553		
29.56		0.00507358		
29.57		0.00507163		
29.58		0.00506969		
29.59		0.00506774		
29.6		0.0050658		
29.61		0.00506385		
29.62		0.00506191		
29.63		0.00505997		
29.64		0.00505804		
29.65		0.0050561		
29.66		0.00505417		
29.67		0.00505223		
29.68		0.0050503		
29.69		0.00504837		
29.7		0.00504644		
29.71		0.00504451		
29.72		0.00504258		
29.73		0.00504066		
29.74		0.00503874		
29.75		0.00503681		
29.76		0.00503489		
29.77		0.00503297		
29.78		0.00503105		
29.79		0.00502914		
29.8		0.00502722		
29.81		0.00502531		
29.82		0.0050234		
29.83		0.00502148		
29.84		0.00501957		
29.85		0.00501767		
29.86		0.00501576		
29.87		0.00501385		
29.88		0.00501195		
29.89		0.00501005		
29.9		0.00500814		
29.91		0.00500624		
29.92		0.00500435		
29.93		0.00500245		
29.94		0.00500055		
29.95		0.00499866		
29.96		0.00499676		
29.97		0.00499487		
29.98		0.00499298		
29.99		0.00499109		
30		0.0049892		
30.01		0.00498732		
30.02		0.00498543		
30.03		0.00498355		
30.04		0.00498167		
30.05		0.00497978		
30.06		0.00497791		
30.07		0.00497603		
30.08		0.00497415		
30.09		0.00497227		
30.1		0.0049704		
30.11		0.00496853		
30.12		0.00496665		
30.13		0.00496478		
30.14		0.00496292		
30.15		0.00496105		
30.16		0.00495918		
30.17		0.00495732		
30.18		0.00495545		
30.19		0.00495359		
30.2		0.00495173		
30.21		0.00494987		
30.22		0.00494801		
30.23		0.00494615		
30.24		0.0049443		
30.25		0.00494244		
30.26		0.00494059		
30.27		0.00493874		
30.28		0.00493689		
30.29		0.00493504		
30.3		0.00493319		
30.31		0.00493135		
30.32		0.0049295		
30.33		0.00492766		
30.34		0.00492582		
30.35		0.00492397		
30.36		0.00492213		
30.37		0.0049203		
30.38		0.00491846		
30.39		0.00491662		
30.4		0.00491479		
30.41		0.00491296		
30.42		0.00491112		
30.43		0.00490929		
30.44		0.00490746		
30.45		0.00490563		
30.46		0.00490381		
30.47		0.00490198		
30.48		0.00490016		
30.49		0.00489834		
30.5		0.00489651		
30.51		0.00489469		
30.52		0.00489287		
30.53		0.00489106		
30.54		0.00488924		
30.55		0.00488743		
30.56		0.00488561		
30.57		0.0048838		
30.58		0.00488199		
30.59		0.00488018		
30.6		0.00487837		
30.61		0.00487656		
30.62		0.00487476		
30.63		0.00487295		
30.64		0.00487115		
30.65		0.00486934		
30.66		0.00486754		
30.67		0.00486574		
30.68		0.00486394		
30.69		0.00486215		
30.7		0.00486035		
30.71		0.00485856		
30.72		0.00485676		
30.73		0.00485497		
30.74		0.00485318		
30.75		0.00485139		
30.76		0.0048496		
30.77		0.00484781		
30.78		0.00484603		
30.79		0.00484424		
30.8		0.00484246		
30.81		0.00484068		
30.82		0.0048389		
30.83		0.00483712		
30.84		0.00483534		
30.85		0.00483356		
30.86		0.00483179		
30.87		0.00483001		
30.88		0.00482824		
30.89		0.00482647		
30.9		0.00482469		
30.91		0.00482293		
30.92		0.00482116		
30.93		0.00481939		
30.94		0.00481762		
30.95		0.00481586		
30.96		0.00481409		
30.97		0.00481233		
30.98		0.00481057		
30.99		0.00480881		
31		0.00480705		
31.01		0.0048053		
31.02		0.00480354		
31.03		0.00480178		
31.04		0.00480003		
31.05		0.00479828		
31.06		0.00479653		
31.07		0.00479478		
31.08		0.00479303		
31.09		0.00479128		
31.1		0.00478953		
31.11		0.00478779		
31.12		0.00478604		
31.13		0.0047843		
31.14		0.00478256		
31.15		0.00478082		
31.16		0.00477908		
31.17		0.00477734		
31.18		0.00477561		
31.19		0.00477387		
31.2		0.00477214		
31.21		0.0047704		
31.22		0.00476867		
31.23		0.00476694		
31.24		0.00476521		
31.25		0.00476348		
31.26		0.00476176		
31.27		0.00476003		
31.28		0.0047583		
31.29		0.00475658		
31.3		0.00475486		
31.31		0.00475314		
31.32		0.00475142		
31.33		0.0047497		
31.34		0.00474798		
31.35		0.00474626		
31.36		0.00474455		
31.37		0.00474284		
31.38		0.00474112		
31.39		0.00473941		
31.4		0.0047377		
31.41		0.00473599		
31.42		0.00473428		
31.43		0.00473258		
31.44		0.00473087		
31.45		0.00472917		
31.46		0.00472746		
31.47		0.00472576		
31.48		0.00472406		
31.49		0.00472236		
31.5		0.00472066		
31.51		0.00471896		
31.52		0.00471727		
31.53		0.00471557		
31.54		0.00471388		
31.55		0.00471218		
31.56		0.00471049		
31.57		0.0047088		
31.58		0.00470711		
31.59		0.00470542		
31.6		0.00470374		
31.61		0.00470205		
31.62		0.00470037		
31.63		0.00469868		
31.64		0.004697		
31.65		0.00469532		
31.66		0.00469364		
31.67		0.00469196		
31.68		0.00469028		
31.69		0.0046886		
31.7		0.00468693		
31.71		0.00468525		
31.72		0.00468358		
31.73		0.00468191		
31.74		0.00468024		
31.75		0.00467857		
31.76		0.0046769		
31.77		0.00467523		
31.78		0.00467356		
31.79		0.0046719		
31.8		0.00467023		
31.81		0.00466857		
31.82		0.00466691		
31.83		0.00466525		
31.84		0.00466359		
31.85		0.00466193		
31.86		0.00466027		
31.87		0.00465861		
31.88		0.00465696		
31.89		0.00465531		
31.9		0.00465365		
31.91		0.004652		
31.92		0.00465035		
31.93		0.0046487		
31.94		0.00464705		
31.95		0.0046454		
31.96		0.00464376		
31.97		0.00464211		
31.98		0.00464047		
31.99		0.00463883		
32		0.00463718		
32.01		0.00463554		
32.02		0.0046339		
32.03		0.00463226		
32.04		0.00463063		
32.05		0.00462899		
32.06		0.00462736		
32.07		0.00462572		
32.08		0.00462409		
32.09		0.00462246		
32.1		0.00462083		
32.11		0.0046192		
32.12		0.00461757		
32.13		0.00461594		
32.14		0.00461431		
32.15		0.00461269		
32.16		0.00461106		
32.17		0.00460944		
32.18		0.00460782		
32.19		0.0046062		
32.2		0.00460458		
32.21		0.00460296		
32.22		0.00460134		
32.23		0.00459973		
32.24		0.00459811		
32.25		0.0045965		
32.26		0.00459488		
32.27		0.00459327		
32.28		0.00459166		
32.29		0.00459005		
32.3		0.00458844		
32.31		0.00458683		
32.32		0.00458522		
32.33		0.00458362		
32.34		0.00458201		
32.35		0.00458041		
32.36		0.00457881		
32.37		0.00457721		
32.38		0.0045756		
32.39		0.00457401		
32.4		0.00457241		
32.41		0.00457081		
32.42		0.00456921		
32.43		0.00456762		
32.44		0.00456602		
32.45		0.00456443		
32.46		0.00456284		
32.47		0.00456125		
32.48		0.00455966		
32.49		0.00455807		
32.5		0.00455648		
32.51		0.00455489		
32.52		0.00455331		
32.53		0.00455172		
32.54		0.00455014		
32.55		0.00454856		
32.56		0.00454698		
32.57		0.0045454		
32.58		0.00454382		
32.59		0.00454224		
32.6		0.00454066		
32.61		0.00453908		
32.62		0.00453751		
32.63		0.00453593		
32.64		0.00453436		
32.65		0.00453279		
32.66		0.00453122		
32.67		0.00452965		
32.68		0.00452808		
32.69		0.00452651		
32.7		0.00452494		
32.71		0.00452338		
32.72		0.00452181		
32.73		0.00452025		
32.74		0.00451868		
32.75		0.00451712		
32.76		0.00451556		
32.77		0.004514		
32.78		0.00451244		
32.79		0.00451089		
32.8		0.00450933		
32.81		0.00450777		
32.82		0.00450622		
32.83		0.00450466		
32.84		0.00450311		
32.85		0.00450156		
32.86		0.00450001		
32.87		0.00449846		
32.88		0.00449691		
32.89		0.00449536		
32.9		0.00449382		
32.91		0.00449227		
32.92		0.00449073		
32.93		0.00448918		
32.94		0.00448764		
32.95		0.0044861		
32.96		0.00448456		
32.97		0.00448302		
32.98		0.00448148		
32.99		0.00447994		
33		0.0044784		
33.01		0.00447687		
33.02		0.00447533		
33.03		0.0044738		
33.04		0.00447227		
33.05		0.00447074		
33.06		0.0044692		
33.07		0.00446767		
33.08		0.00446615		
33.09		0.00446462		
33.1		0.00446309		
33.11		0.00446157		
33.12		0.00446004		
33.13		0.00445852		
33.14		0.00445699		
33.15		0.00445547		
33.16		0.00445395		
33.17		0.00445243		
33.18		0.00445091		
33.19		0.00444939		
33.2		0.00444788		
33.21		0.00444636		
33.22		0.00444485		
33.23		0.00444333		
33.24		0.00444182		
33.25		0.00444031		
33.26		0.0044388		
33.27		0.00443729		
33.28		0.00443578		
33.29		0.00443427		
33.3		0.00443276		
33.31		0.00443126		
33.32		0.00442975		
33.33		0.00442825		
33.34		0.00442674		
33.35		0.00442524		
33.36		0.00442374		
33.37		0.00442224		
33.38		0.00442074		
33.39		0.00441924		
33.4		0.00441774		
33.41		0.00441625		
33.42		0.00441475		
33.43		0.00441325		
33.44		0.00441176		
33.45		0.00441027		
33.46		0.00440878		
33.47		0.00440729		
33.48		0.0044058		
33.49		0.00440431		
33.5		0.00440282		
33.51		0.00440133		
33.52		0.00439984		
33.53		0.00439836		
33.54		0.00439688		
33.55		0.00439539		
33.56		0.00439391		
33.57		0.00439243		
33.58		0.00439095		
33.59		0.00438947		
33.6		0.00438799		
33.61		0.00438651		
33.62		0.00438503		
33.63		0.00438356		
33.64		0.00438208		
33.65		0.00438061		
33.66		0.00437914		
33.67		0.00437766		
33.68		0.00437619		
33.69		0.00437472		
33.7		0.00437325		
33.71		0.00437179		
33.72		0.00437032		
33.73		0.00436885		
33.74		0.00436739		
33.75		0.00436592		
33.76		0.00436446		
33.77		0.00436299		
33.78		0.00436153		
33.79		0.00436007		
33.8		0.00435861		
33.81		0.00435715		
33.82		0.00435569		
33.83		0.00435424		
33.84		0.00435278		
33.85		0.00435133		
33.86		0.00434987		
33.87		0.00434842		
33.88		0.00434696		
33.89		0.00434551		
33.9		0.00434406		
33.91		0.00434261		
33.92		0.00434116		
33.93		0.00433971		
33.94		0.00433827		
33.95		0.00433682		
33.96		0.00433538		
33.97		0.00433393		
33.98		0.00433249		
33.99		0.00433104		
34		0.0043296		
34.01		0.00432816		
34.02		0.00432672		
34.03		0.00432528		
34.04		0.00432384		
34.05		0.00432241		
34.06		0.00432097		
34.07		0.00431953		
34.08		0.0043181		
34.09		0.00431667		
34.1		0.00431523		
34.11		0.0043138		
34.12		0.00431237		
34.13		0.00431094		
34.14		0.00430951		
34.15		0.00430808		
34.16		0.00430666		
34.17		0.00430523		
34.18		0.0043038		
34.19		0.00430238		
34.2		0.00430095		
34.21		0.00429953		
34.22		0.00429811		
34.23		0.00429669		
34.24		0.00429527		
34.25		0.00429385		
34.26		0.00429243		
34.27		0.00429101		
34.28		0.00428959		
34.29		0.00428818		
34.3		0.00428676		
34.31		0.00428535		
34.32		0.00428394		
34.33		0.00428252		
34.34		0.00428111		
34.35		0.0042797		
34.36		0.00427829		
34.37		0.00427688		
34.38		0.00427547		
34.39		0.00427407		
34.4		0.00427266		
34.41		0.00427125		
34.42		0.00426985		
34.43		0.00426845		
34.44		0.00426704		
34.45		0.00426564		
34.46		0.00426424		
34.47		0.00426284		
34.48		0.00426144		
34.49		0.00426004		
34.5		0.00425864		
34.51		0.00425725		
34.52		0.00425585		
34.53		0.00425446		
34.54		0.00425306		
34.55		0.00425167		
34.56		0.00425028		
34.57		0.00424888		
34.58		0.00424749		
34.59		0.0042461		
34.6		0.00424471		
34.61		0.00424333		
34.62		0.00424194		
34.63		0.00424055		
34.64		0.00423917		
34.65		0.00423778		
34.66		0.0042364		
34.67		0.00423501		
34.68		0.00423363		
34.69		0.00423225		
34.7		0.00423087		
34.71		0.00422949		
34.72		0.00422811		
34.73		0.00422673		
34.74		0.00422536		
34.75		0.00422398		
34.76		0.0042226		
34.77		0.00422123		
34.78		0.00421985		
34.79		0.00421848		
34.8		0.00421711		
34.81		0.00421574		
34.82		0.00421437		
34.83		0.004213		
34.84		0.00421163		
34.85		0.00421026		
34.86		0.00420889		
34.87		0.00420753		
34.88		0.00420616		
34.89		0.0042048		
34.9		0.00420343		
34.91		0.00420207		
34.92		0.00420071		
34.93		0.00419935		
34.94		0.00419799		
34.95		0.00419663		
34.96		0.00419527		
34.97		0.00419391		
34.98		0.00419255		
34.99		0.0041912		
35		0.00418984		
35.01		0.00418848		
35.02		0.00418713		
35.03		0.00418578		
35.04		0.00418443		
35.05		0.00418307		
35.06		0.00418172		
35.07		0.00418037		
35.08		0.00417902		
35.09		0.00417768		
35.1		0.00417633		
35.11		0.00417498		
35.12		0.00417364		
35.13		0.00417229		
35.14		0.00417095		
35.15		0.0041696		
35.16		0.00416826		
35.17		0.00416692		
35.18		0.00416558		
35.19		0.00416424		
35.2		0.0041629		
35.21		0.00416156		
35.22		0.00416022		
35.23		0.00415889		
35.24		0.00415755		
35.25		0.00415621		
35.26		0.00415488		
35.27		0.00415355		
35.28		0.00415221		
35.29		0.00415088		
35.3		0.00414955		
35.31		0.00414822		
35.32		0.00414689		
35.33		0.00414556		
35.34		0.00414423		
35.35		0.00414291		
35.36		0.00414158		
35.37		0.00414025		
35.38		0.00413893		
35.39		0.0041376		
35.4		0.00413628		
35.41		0.00413496		
35.42		0.00413364		
35.43		0.00413232		
35.44		0.004131		
35.45		0.00412968		
35.46		0.00412836		
35.47		0.00412704		
35.48		0.00412572		
35.49		0.00412441		
35.5		0.00412309		
35.51		0.00412178		
35.52		0.00412046		
35.53		0.00411915		
35.54		0.00411784		
35.55		0.00411653		
35.56		0.00411522		
35.57		0.00411391		
35.58		0.0041126		
35.59		0.00411129		
35.6		0.00410998		
35.61		0.00410867		
35.62		0.00410737		
35.63		0.00410606		
35.64		0.00410476		
35.65		0.00410345		
35.66		0.00410215		
35.67		0.00410085		
35.68		0.00409955		
35.69		0.00409825		
35.7		0.00409695		
35.71		0.00409565		
35.72		0.00409435		
35.73		0.00409305		
35.74		0.00409176		
35.75		0.00409046		
35.76		0.00408916		
35.77		0.00408787		
35.78		0.00408658		
35.79		0.00408528		
35.8		0.00408399		
35.81		0.0040827		
35.82		0.00408141		
35.83		0.00408012		
35.84		0.00407883		
35.85		0.00407754		
35.86		0.00407626		
35.87		0.00407497		
35.88		0.00407368		
35.89		0.0040724		
35.9		0.00407111		
35.91		0.00406983		
35.92		0.00406855		
35.93		0.00406726		
35.94		0.00406598		
35.95		0.0040647		
35.96		0.00406342		
35.97		0.00406214		
35.98		0.00406086		
35.99		0.00405959		
36		0.00405831		
36.01		0.00405703		
36.02		0.00405576		
36.03		0.00405448		
36.04		0.00405321		
36.05		0.00405194		
36.06		0.00405066		
36.07		0.00404939		
36.08		0.00404812		
36.09		0.00404685		
36.1		0.00404558		
36.11		0.00404431		
36.12		0.00404304		
36.13		0.00404178		
36.14		0.00404051		
36.15		0.00403924		
36.16		0.00403798		
36.17		0.00403672		
36.18		0.00403545		
36.19		0.00403419		
36.2		0.00403293		
36.21		0.00403167		
36.22		0.00403041		
36.23		0.00402915		
36.24		0.00402789		
36.25		0.00402663		
36.26		0.00402537		
36.27		0.00402411		
36.28		0.00402286		
36.29		0.0040216		
36.3		0.00402035		
36.31		0.00401909		
36.32		0.00401784		
36.33		0.00401659		
36.34		0.00401534		
36.35		0.00401408		
36.36		0.00401283		
36.37		0.00401159		
36.38		0.00401034		
36.39		0.00400909		
36.4		0.00400784		
36.41		0.00400659		
36.42		0.00400535		
36.43		0.0040041		
36.44		0.00400286		
36.45		0.00400161		
36.46		0.00400037		
36.47		0.00399913		
36.48		0.00399789		
36.49		0.00399665		
36.5		0.00399541		
36.51		0.00399417		
36.52		0.00399293		
36.53		0.00399169		
36.54		0.00399045		
36.55		0.00398922		
36.56		0.00398798		
36.57		0.00398675		
36.58		0.00398551		
36.59		0.00398428		
36.6		0.00398304		
36.61		0.00398181		
36.62		0.00398058		
36.63		0.00397935		
36.64		0.00397812		
36.65		0.00397689		
36.66		0.00397566		
36.67		0.00397443		
36.68		0.00397321		
36.69		0.00397198		
36.7		0.00397075		
36.71		0.00396953		
36.72		0.0039683		
36.73		0.00396708		
36.74		0.00396586		
36.75		0.00396464		
36.76		0.00396341		
36.77		0.00396219		
36.78		0.00396097		
36.79		0.00395975		
36.8		0.00395853		
36.81		0.00395732		
36.82		0.0039561		
36.83		0.00395488		
36.84		0.00395367		
36.85		0.00395245		
36.86		0.00395124		
36.87		0.00395002		
36.88		0.00394881		
36.89		0.0039476		
36.9		0.00394638		
36.91		0.00394517		
36.92		0.00394396		
36.93		0.00394275		
36.94		0.00394154		
36.95		0.00394034		
36.96		0.00393913		
36.97		0.00393792		
36.98		0.00393671		
36.99		0.00393551		
37		0.0039343		
37.01		0.0039331		
37.02		0.0039319		
37.03		0.00393069		
37.04		0.00392949		
37.05		0.00392829		
37.06		0.00392709		
37.07		0.00392589		
37.08		0.00392469		
37.09		0.00392349		
37.1		0.00392229		
37.11		0.0039211		
37.12		0.0039199		
37.13		0.0039187		
37.14		0.00391751		
37.15		0.00391631		
37.16		0.00391512		
37.17		0.00391393		
37.18		0.00391273		
37.19		0.00391154		
37.2		0.00391035		
37.21		0.00390916		
37.22		0.00390797		
37.23		0.00390678		
37.24		0.00390559		
37.25		0.0039044		
37.26		0.00390322		
37.27		0.00390203		
37.28		0.00390084		
37.29		0.00389966		
37.3		0.00389847		
37.31		0.00389729		
37.32		0.00389611		
37.33		0.00389493		
37.34		0.00389374		
37.35		0.00389256		
37.36		0.00389138		
37.37		0.0038902		
37.38		0.00388902		
37.39		0.00388784		
37.4		0.00388667		
37.41		0.00388549		
37.42		0.00388431		
37.43		0.00388314		
37.44		0.00388196		
37.45		0.00388079		
37.46		0.00387961		
37.47		0.00387844		
37.48		0.00387727		
37.49		0.0038761		
37.5		0.00387493		
37.51		0.00387376		
37.52		0.00387259		
37.53		0.00387142		
37.54		0.00387025		
37.55		0.00386908		
37.56		0.00386791		
37.57		0.00386675		
37.58		0.00386558		
37.59		0.00386442		
37.6		0.00386325		
37.61		0.00386209		
37.62		0.00386092		
37.63		0.00385976		
37.64		0.0038586		
37.65		0.00385744		
37.66		0.00385628		
37.67		0.00385512		
37.68		0.00385396		
37.69		0.0038528		
37.7		0.00385164		
37.71		0.00385048		
37.72		0.00384933		
37.73		0.00384817		
37.74		0.00384702		
37.75		0.00384586		
37.76		0.00384471		
37.77		0.00384355		
37.78		0.0038424		
37.79		0.00384125		
37.8		0.0038401		
37.81		0.00383895		
37.82		0.0038378		
37.83		0.00383665		
37.84		0.0038355		
37.85		0.00383435		
37.86		0.0038332		
37.87		0.00383205		
37.88		0.00383091		
37.89		0.00382976		
37.9		0.00382862		
37.91		0.00382747		
37.92		0.00382633		
37.93		0.00382518		
37.94		0.00382404		
37.95		0.0038229		
37.96		0.00382176		
37.97		0.00382062		
37.98		0.00381948		
37.99		0.00381834		
38		0.0038172		
38.01		0.00381606		
38.02		0.00381492		
38.03		0.00381379		
38.04		0.00381265		
38.05		0.00381152		
38.06		0.00381038		
38.07		0.00380925		
38.08		0.00380811		
38.09		0.00380698		
38.1		0.00380585		
38.11		0.00380472		
38.12		0.00380358		
38.13		0.00380245		
38.14		0.00380132		
38.15		0.00380019		
38.16		0.00379907		
38.17		0.00379794		
38.18		0.00379681		
38.19		0.00379568		
38.2		0.00379456		
38.21		0.00379343		
38.22		0.00379231		
38.23		0.00379118		
38.24		0.00379006		
38.25		0.00378894		
38.26		0.00378781		
38.27		0.00378669		
38.28		0.00378557		
38.29		0.00378445		
38.3		0.00378333		
38.31		0.00378221		
38.32		0.00378109		
38.33		0.00377997		
38.34		0.00377886		
38.35		0.00377774		
38.36		0.00377662		
38.37		0.00377551		
38.38		0.00377439		
38.39		0.00377328		
38.4		0.00377216		
38.41		0.00377105		
38.42		0.00376994		
38.43		0.00376883		
38.44		0.00376771		
38.45		0.0037666		
38.46		0.00376549		
38.47		0.00376438		
38.48		0.00376328		
38.49		0.00376217		
38.5		0.00376106		
38.51		0.00375995		
38.52		0.00375885		
38.53		0.00375774		
38.54		0.00375663		
38.55		0.00375553		
38.56		0.00375443		
38.57		0.00375332		
38.58		0.00375222		
38.59		0.00375112		
38.6		0.00375002		
38.61		0.00374891		
38.62		0.00374781		
38.63		0.00374671		
38.64		0.00374561		
38.65		0.00374452		
38.66		0.00374342		
38.67		0.00374232		
38.68		0.00374122		
38.69		0.00374013		
38.7		0.00373903		
38.71		0.00373794		
38.72		0.00373684		
38.73		0.00373575		
38.74		0.00373466		
38.75		0.00373356		
38.76		0.00373247		
38.77		0.00373138		
38.78		0.00373029		
38.79		0.0037292		
38.8		0.00372811		
38.81		0.00372702		
38.82		0.00372593		
38.83		0.00372484		
38.84		0.00372376		
38.85		0.00372267		
38.86		0.00372158		
38.87		0.0037205		
38.88		0.00371941		
38.89		0.00371833		
38.9		0.00371724		
38.91		0.00371616		
38.92		0.00371508		
38.93		0.003714		
38.94		0.00371292		
38.95		0.00371183		
38.96		0.00371075		
38.97		0.00370967		
38.98		0.0037086		
38.99		0.00370752		
39		0.00370644		
39.01		0.00370536		
39.02		0.00370429		
39.03		0.00370321		
39.04		0.00370213		
39.05		0.00370106		
39.06		0.00369998		
39.07		0.00369891		
39.08		0.00369784		
39.09		0.00369676		
39.1		0.00369569		
39.11		0.00369462		
39.12		0.00369355		
39.13		0.00369248		
39.14		0.00369141		
39.15		0.00369034		
39.16		0.00368927		
39.17		0.0036882		
39.18		0.00368714		
39.19		0.00368607		
39.2		0.003685		
39.21		0.00368394		
39.22		0.00368287		
39.23		0.00368181		
39.24		0.00368074		
39.25		0.00367968		
39.26		0.00367862		
39.27		0.00367756		
39.28		0.00367649		
39.29		0.00367543		
39.3		0.00367437		
39.31		0.00367331		
39.32		0.00367225		
39.33		0.00367119		
39.34		0.00367014		
39.35		0.00366908		
39.36		0.00366802		
39.37		0.00366696		
39.38		0.00366591		
39.39		0.00366485		
39.4		0.0036638		
39.41		0.00366274		
39.42		0.00366169		
39.43		0.00366064		
39.44		0.00365958		
39.45		0.00365853		
39.46		0.00365748		
39.47		0.00365643		
39.48		0.00365538		
39.49		0.00365433		
39.5		0.00365328		
39.51		0.00365223		
39.52		0.00365118		
39.53		0.00365014		
39.54		0.00364909		
39.55		0.00364804		
39.56		0.003647		
39.57		0.00364595		
39.58		0.00364491		
39.59		0.00364386		
39.6		0.00364282		
39.61		0.00364178		
39.62		0.00364073		
39.63		0.00363969		
39.64		0.00363865		
39.65		0.00363761		
39.66		0.00363657		
39.67		0.00363553		
39.68		0.00363449		
39.69		0.00363345		
39.7		0.00363241		
39.71		0.00363138		
39.72		0.00363034		
39.73		0.0036293		
39.74		0.00362827		
39.75		0.00362723		
39.76		0.0036262		
39.77		0.00362516		
39.78		0.00362413		
39.79		0.00362309		
39.8		0.00362206		
39.81		0.00362103		
39.82		0.00362		
39.83		0.00361897		
39.84		0.00361794		
39.85		0.00361691		
39.86		0.00361588		
39.87		0.00361485		
39.88		0.00361382		
39.89		0.00361279		
39.9		0.00361177		
39.91		0.00361074		
39.92		0.00360971		
39.93		0.00360869		
39.94		0.00360766		
39.95		0.00360664		
39.96		0.00360561		
39.97		0.00360459		
39.98		0.00360357		
39.99		0.00360255		
40		0.00360152		
40.01		0.0036005		
40.02		0.00359948		
40.03		0.00359846		
40.04		0.00359744		
40.05		0.00359642		
40.06		0.00359541		
40.07		0.00359439		
40.08		0.00359337		
40.09		0.00359235		
40.1		0.00359134		
40.11		0.00359032		
40.12		0.00358931		
40.13		0.00358829		
40.14		0.00358728		
40.15		0.00358626		
40.16		0.00358525		
40.17		0.00358424		
40.18		0.00358323		
40.19		0.00358221		
40.2		0.0035812		
40.21		0.00358019		
40.22		0.00357918		
40.23		0.00357817		
40.24		0.00357716		
40.25		0.00357616		
40.26		0.00357515		
40.27		0.00357414		
40.28		0.00357313		
40.29		0.00357213		
40.3		0.00357112		
40.31		0.00357012		
40.32		0.00356911		
40.33		0.00356811		
40.34		0.0035671		
40.35		0.0035661		
40.36		0.0035651		
40.37		0.0035641		
40.38		0.0035631		
40.39		0.00356209		
40.4		0.00356109		
40.41		0.00356009		
40.42		0.00355909		
40.43		0.0035581		
40.44		0.0035571		
40.45		0.0035561		
40.46		0.0035551		
40.47		0.00355411		
40.48		0.00355311		
40.49		0.00355211		
40.5		0.00355112		
40.51		0.00355012		
40.52		0.00354913		
40.53		0.00354814		
40.54		0.00354714		
40.55		0.00354615		
40.56		0.00354516		
40.57		0.00354417		
40.58		0.00354317		
40.59		0.00354218		
40.6		0.00354119		
40.61		0.0035402		
40.62		0.00353922		
40.63		0.00353823		
40.64		0.00353724		
40.65		0.00353625		
40.66		0.00353526		
40.67		0.00353428		
40.68		0.00353329		
40.69		0.00353231		
40.7		0.00353132		
40.71		0.00353034		
40.72		0.00352935		
40.73		0.00352837		
40.74		0.00352739		
40.75		0.0035264		
40.76		0.00352542		
40.77		0.00352444		
40.78		0.00352346		
40.79		0.00352248		
40.8		0.0035215		
40.81		0.00352052		
40.82		0.00351954		
40.83		0.00351856		
40.84		0.00351759		
40.85		0.00351661		
40.86		0.00351563		
40.87		0.00351466		
40.88		0.00351368		
40.89		0.0035127		
40.9		0.00351173		
40.91		0.00351076		
40.92		0.00350978		
40.93		0.00350881		
40.94		0.00350784		
40.95		0.00350686		
40.96		0.00350589		
40.97		0.00350492		
40.98		0.00350395		
40.99		0.00350298		
41		0.00350201		
41.01		0.00350104		
41.02		0.00350007		
41.03		0.0034991		
41.04		0.00349813		
41.05		0.00349717		
41.06		0.0034962		
41.07		0.00349523		
41.08		0.00349427		
41.09		0.0034933		
41.1		0.00349234		
41.11		0.00349137		
41.12		0.00349041		
41.13		0.00348945		
41.14		0.00348848		
41.15		0.00348752		
41.16		0.00348656		
41.17		0.0034856		
41.18		0.00348464		
41.19		0.00348368		
41.2		0.00348272		
41.21		0.00348176		
41.22		0.0034808		
41.23		0.00347984		
41.24		0.00347888		
41.25		0.00347793		
41.26		0.00347697		
41.27		0.00347601		
41.28		0.00347506		
41.29		0.0034741		
41.3		0.00347315		
41.31		0.00347219		
41.32		0.00347124		
41.33		0.00347028		
41.34		0.00346933		
41.35		0.00346838		
41.36		0.00346743		
41.37		0.00346647		
41.38		0.00346552		
41.39		0.00346457		
41.4		0.00346362		
41.41		0.00346267		
41.42		0.00346172		
41.43		0.00346078		
41.44		0.00345983		
41.45		0.00345888		
41.46		0.00345793		
41.47		0.00345699		
41.48		0.00345604		
41.49		0.00345509		
41.5		0.00345415		
41.51		0.0034532		
41.52		0.00345226		
41.53		0.00345132		
41.54		0.00345037		
41.55		0.00344943		
41.56		0.00344849		
41.57		0.00344754		
41.58		0.0034466		
41.59		0.00344566		
41.6		0.00344472		
41.61		0.00344378		
41.62		0.00344284		
41.63		0.0034419		
41.64		0.00344096		
41.65		0.00344003		
41.66		0.00343909		
41.67		0.00343815		
41.68		0.00343722		
41.69		0.00343628		
41.7		0.00343534		
41.71		0.00343441		
41.72		0.00343347		
41.73		0.00343254		
41.74		0.00343161		
41.75		0.00343067		
41.76		0.00342974		
41.77		0.00342881		
41.78		0.00342787		
41.79		0.00342694		
41.8		0.00342601		
41.81		0.00342508		
41.82		0.00342415		
41.83		0.00342322		
41.84		0.00342229		
41.85		0.00342136		
41.86		0.00342044		
41.87		0.00341951		
41.88		0.00341858		
41.89		0.00341765		
41.9		0.00341673		
41.91		0.0034158		
41.92		0.00341488		
41.93		0.00341395		
41.94		0.00341303		
41.95		0.0034121		
41.96		0.00341118		
41.97		0.00341026		
41.98		0.00340933		
41.99		0.00340841		
42		0.00340749		
42.01		0.00340657		
42.02		0.00340565		
42.03		0.00340473		
42.04		0.00340381		
42.05		0.00340289		
42.06		0.00340197		
42.07		0.00340105		
42.08		0.00340013		
42.09		0.00339922		
42.1		0.0033983		
42.11		0.00339738		
42.12		0.00339647		
42.13		0.00339555		
42.14		0.00339463		
42.15		0.00339372		
42.16		0.00339281		
42.17		0.00339189		
42.18		0.00339098		
42.19		0.00339007		
42.2		0.00338915		
42.21		0.00338824		
42.22		0.00338733		
42.23		0.00338642		
42.24		0.00338551		
42.25		0.0033846		
42.26		0.00338369		
42.27		0.00338278		
42.28		0.00338187		
42.29		0.00338096		
42.3		0.00338005		
42.31		0.00337915		
42.32		0.00337824		
42.33		0.00337733		
42.34		0.00337643		
42.35		0.00337552		
42.36		0.00337462		
42.37		0.00337371		
42.38		0.00337281		
42.39		0.0033719		
42.4		0.003371		
42.41		0.0033701		
42.42		0.00336919		
42.43		0.00336829		
42.44		0.00336739		
42.45		0.00336649		
42.46		0.00336559		
42.47		0.00336469		
42.48		0.00336379		
42.49		0.00336289		
42.5		0.00336199		
42.51		0.00336109		
42.52		0.00336019		
42.53		0.00335929		
42.54		0.0033584		
42.55		0.0033575		
42.56		0.0033566		
42.57		0.00335571		
42.58		0.00335481		
42.59		0.00335392		
42.6		0.00335302		
42.61		0.00335213		
42.62		0.00335124		
42.63		0.00335034		
42.64		0.00334945		
42.65		0.00334856		
42.66		0.00334767		
42.67		0.00334677		
42.68		0.00334588		
42.69		0.00334499		
42.7		0.0033441		
42.71		0.00334321		
42.72		0.00334232		
42.73		0.00334144		
42.74		0.00334055		
42.75		0.00333966		
42.76		0.00333877		
42.77		0.00333789		
42.78		0.003337		
42.79		0.00333611		
42.8		0.00333523		
42.81		0.00333434		
42.82		0.00333346		
42.83		0.00333257		
42.84		0.00333169		
42.85		0.0033308		
42.86		0.00332992		
42.87		0.00332904		
42.88		0.00332816		
42.89		0.00332727		
42.9		0.00332639		
42.91		0.00332551		
42.92		0.00332463		
42.93		0.00332375		
42.94		0.00332287		
42.95		0.00332199		
42.96		0.00332111		
42.97		0.00332024		
42.98		0.00331936		
42.99		0.00331848		
43		0.0033176		
43.01		0.00331673		
43.02		0.00331585		
43.03		0.00331498		
43.04		0.0033141		
43.05		0.00331323		
43.06		0.00331235		
43.07		0.00331148		
43.08		0.0033106		
43.09		0.00330973		
43.1		0.00330886		
43.11		0.00330798		
43.12		0.00330711		
43.13		0.00330624		
43.14		0.00330537		
43.15		0.0033045		
43.16		0.00330363		
43.17		0.00330276		
43.18		0.00330189		
43.19		0.00330102		
43.2		0.00330015		
43.21		0.00329929		
43.22		0.00329842		
43.23		0.00329755		
43.24		0.00329668		
43.25		0.00329582		
43.26		0.00329495		
43.27		0.00329409		
43.28		0.00329322		
43.29		0.00329236		
43.3		0.00329149		
43.31		0.00329063		
43.32		0.00328976		
43.33		0.0032889		
43.34		0.00328804		
43.35		0.00328718		
43.36		0.00328631		
43.37		0.00328545		
43.38		0.00328459		
43.39		0.00328373		
43.4		0.00328287		
43.41		0.00328201		
43.42		0.00328115		
43.43		0.00328029		
43.44		0.00327944		
43.45		0.00327858		
43.46		0.00327772		
43.47		0.00327686		
43.48		0.00327601		
43.49		0.00327515		
43.5		0.00327429		
43.51		0.00327344		
43.52		0.00327258		
43.53		0.00327173		
43.54		0.00327088		
43.55		0.00327002		
43.56		0.00326917		
43.57		0.00326831		
43.58		0.00326746		
43.59		0.00326661		
43.6		0.00326576		
43.61		0.00326491		
43.62		0.00326406		
43.63		0.00326321		
43.64		0.00326236		
43.65		0.00326151		
43.66		0.00326066		
43.67		0.00325981		
43.68		0.00325896		
43.69		0.00325811		
43.7		0.00325726		
43.71		0.00325642		
43.72		0.00325557		
43.73		0.00325472		
43.74		0.00325388		
43.75		0.00325303		
43.76		0.00325219		
43.77		0.00325134		
43.78		0.0032505		
43.79		0.00324965		
43.8		0.00324881		
43.81		0.00324797		
43.82		0.00324712		
43.83		0.00324628		
43.84		0.00324544		
43.85		0.0032446		
43.86		0.00324376		
43.87		0.00324292		
43.88		0.00324208		
43.89		0.00324124		
43.9		0.0032404		
43.91		0.00323956		
43.92		0.00323872		
43.93		0.00323788		
43.94		0.00323704		
43.95		0.0032362		
43.96		0.00323537		
43.97		0.00323453		
43.98		0.00323369		
43.99		0.00323286		
44		0.00323202		
44.01		0.00323119		
44.02		0.00323035		
44.03		0.00322952		
44.04		0.00322868		
44.05		0.00322785		
44.06		0.00322702		
44.07		0.00322619		
44.08		0.00322535		
44.09		0.00322452		
44.1		0.00322369		
44.11		0.00322286		
44.12		0.00322203		
44.13		0.0032212		
44.14		0.00322037		
44.15		0.00321954		
44.16		0.00321871		
44.17		0.00321788		
44.18		0.00321705		
44.19		0.00321622		
44.2		0.0032154		
44.21		0.00321457		
44.22		0.00321374		
44.23		0.00321292		
44.24		0.00321209		
44.25		0.00321126		
44.26		0.00321044		
44.27		0.00320961		
44.28		0.00320879		
44.29		0.00320797		
44.3		0.00320714		
44.31		0.00320632		
44.32		0.0032055		
44.33		0.00320467		
44.34		0.00320385		
44.35		0.00320303		
44.36		0.00320221		
44.37		0.00320139		
44.38		0.00320057		
44.39		0.00319975		
44.4		0.00319893		
44.41		0.00319811		
44.42		0.00319729		
44.43		0.00319647		
44.44		0.00319565		
44.45		0.00319483		
44.46		0.00319402		
44.47		0.0031932		
44.48		0.00319238		
44.49		0.00319157		
44.5		0.00319075		
44.51		0.00318994		
44.52		0.00318912		
44.53		0.00318831		
44.54		0.00318749		
44.55		0.00318668		
44.56		0.00318586		
44.57		0.00318505		
44.58		0.00318424		
44.59		0.00318343		
44.6		0.00318261		
44.61		0.0031818		
44.62		0.00318099		
44.63		0.00318018		
44.64		0.00317937		
44.65		0.00317856		
44.66		0.00317775		
44.67		0.00317694		
44.68		0.00317613		
44.69		0.00317532		
44.7		0.00317452		
44.71		0.00317371		
44.72		0.0031729		
44.73		0.00317209		
44.74		0.00317129		
44.75		0.00317048		
44.76		0.00316967		
44.77		0.00316887		
44.78		0.00316806		
44.79		0.00316726		
44.8		0.00316646		
44.81		0.00316565		
44.82		0.00316485		
44.83		0.00316404		
44.84		0.00316324		
44.85		0.00316244		
44.86		0.00316164		
44.87		0.00316084		
44.88		0.00316003		
44.89		0.00315923		
44.9		0.00315843		
44.91		0.00315763		
44.92		0.00315683		
44.93		0.00315603		
44.94		0.00315523		
44.95		0.00315444		
44.96		0.00315364		
44.97		0.00315284		
44.98		0.00315204		
44.99		0.00315124		
45		0.00315045		
45.01		0.00314965		
45.02		0.00314885		
45.03		0.00314806		
45.04		0.00314726		
45.05		0.00314647		
45.06		0.00314567		
45.07		0.00314488		
45.08		0.00314409		
45.09		0.00314329		
45.1		0.0031425		
45.11		0.00314171		
45.12		0.00314091		
45.13		0.00314012		
45.14		0.00313933		
45.15		0.00313854		
45.16		0.00313775		
45.17		0.00313696		
45.18		0.00313617		
45.19		0.00313538		
45.2		0.00313459		
45.21		0.0031338		
45.22		0.00313301		
45.23		0.00313222		
45.24		0.00313143		
45.25		0.00313065		
45.26		0.00312986		
45.27		0.00312907		
45.28		0.00312829		
45.29		0.0031275		
45.3		0.00312671		
45.31		0.00312593		
45.32		0.00312514		
45.33		0.00312436		
45.34		0.00312358		
45.35		0.00312279		
45.36		0.00312201		
45.37		0.00312122		
45.38		0.00312044		
45.39		0.00311966		
45.4		0.00311888		
45.41		0.0031181		
45.42		0.00311731		
45.43		0.00311653		
45.44		0.00311575		
45.45		0.00311497		
45.46		0.00311419		
45.47		0.00311341		
45.48		0.00311263		
45.49		0.00311185		
45.5		0.00311108		
45.51		0.0031103		
45.52		0.00310952		
45.53		0.00310874		
45.54		0.00310797		
45.55		0.00310719		
45.56		0.00310641		
45.57		0.00310564		
45.58		0.00310486		
45.59		0.00310409		
45.6		0.00310331		
45.61		0.00310254		
45.62		0.00310176		
45.63		0.00310099		
45.64		0.00310022		
45.65		0.00309944		
45.66		0.00309867		
45.67		0.0030979		
45.68		0.00309713		
45.69		0.00309635		
45.7		0.00309558		
45.71		0.00309481		
45.72		0.00309404		
45.73		0.00309327		
45.74		0.0030925		
45.75		0.00309173		
45.76		0.00309096		
45.77		0.00309019		
45.78		0.00308942		
45.79		0.00308866		
45.8		0.00308789		
45.81		0.00308712		
45.82		0.00308635		
45.83		0.00308559		
45.84		0.00308482		
45.85		0.00308406		
45.86		0.00308329		
45.87		0.00308252		
45.88		0.00308176		
45.89		0.00308099		
45.9		0.00308023		
45.91		0.00307947		
45.92		0.0030787		
45.93		0.00307794		
45.94		0.00307718		
45.95		0.00307641		
45.96		0.00307565		
45.97		0.00307489		
45.98		0.00307413		
45.99		0.00307337		
46		0.00307261		
46.01		0.00307185		
46.02		0.00307109		
46.03		0.00307033		
46.04		0.00306957		
46.05		0.00306881		
46.06		0.00306805		
46.07		0.00306729		
46.08		0.00306653		
46.09		0.00306578		
46.1		0.00306502		
46.11		0.00306426		
46.12		0.00306351		
46.13		0.00306275		
46.14		0.00306199		
46.15		0.00306124		
46.16		0.00306048		
46.17		0.00305973		
46.18		0.00305897		
46.19		0.00305822		
46.2		0.00305747		
46.21		0.00305671		
46.22		0.00305596		
46.23		0.00305521		
46.24		0.00305445		
46.25		0.0030537		
46.26		0.00305295		
46.27		0.0030522		
46.28		0.00305145		
46.29		0.0030507		
46.3		0.00304995		
46.31		0.0030492		
46.32		0.00304845		
46.33		0.0030477		
46.34		0.00304695		
46.35		0.0030462		
46.36		0.00304545		
46.37		0.0030447		
46.38		0.00304396		
46.39		0.00304321		
46.4		0.00304246		
46.41		0.00304171		
46.42		0.00304097		
46.43		0.00304022		
46.44		0.00303948		
46.45		0.00303873		
46.46		0.00303799		
46.47		0.00303724		
46.48		0.0030365		
46.49		0.00303575		
46.5		0.00303501		
46.51		0.00303427		
46.52		0.00303352		
46.53		0.00303278		
46.54		0.00303204		
46.55		0.0030313		
46.56		0.00303055		
46.57		0.00302981		
46.58		0.00302907		
46.59		0.00302833		
46.6		0.00302759		
46.61		0.00302685		
46.62		0.00302611		
46.63		0.00302537		
46.64		0.00302463		
46.65		0.00302389		
46.66		0.00302315		
46.67		0.00302242		
46.68		0.00302168		
46.69		0.00302094		
46.7		0.0030202		
46.71		0.00301947		
46.72		0.00301873		
46.73		0.00301799		
46.74		0.00301726		
46.75		0.00301652		
46.76		0.00301579		
46.77		0.00301505		
46.78		0.00301432		
46.79		0.00301358		
46.8		0.00301285		
46.81		0.00301211		
46.82		0.00301138		
46.83		0.00301065		
46.84		0.00300991		
46.85		0.00300918		
46.86		0.00300845		
46.87		0.00300772		
46.88		0.00300699		
46.89		0.00300625		
46.9		0.00300552		
46.91		0.00300479		
46.92		0.00300406		
46.93		0.00300333		
46.94		0.0030026		
46.95		0.00300187		
46.96		0.00300114		
46.97		0.00300041		
46.98		0.00299969		
46.99		0.00299896		
47		0.00299823		
47.01		0.0029975		
47.02		0.00299678		
47.03		0.00299605		
47.04		0.00299532		
47.05		0.0029946		
47.06		0.00299387		
47.07		0.00299314		
47.08		0.00299242		
47.09		0.00299169		
47.1		0.00299097		
47.11		0.00299024		
47.12		0.00298952		
47.13		0.0029888		
47.14		0.00298807		
47.15		0.00298735		
47.16		0.00298663		
47.17		0.0029859		
47.18		0.00298518		
47.19		0.00298446		
47.2		0.00298374		
47.21		0.00298301		
47.22		0.00298229		
47.23		0.00298157		
47.24		0.00298085		
47.25		0.00298013		
47.26		0.00297941		
47.27		0.00297869		
47.28		0.00297797		
47.29		0.00297725		
47.3		0.00297653		
47.31		0.00297582		
47.32		0.0029751		
47.33		0.00297438		
47.34		0.00297366		
47.35		0.00297294		
47.36		0.00297223		
47.37		0.00297151		
47.38		0.00297079		
47.39		0.00297008		
47.4		0.00296936		
47.41		0.00296865		
47.42		0.00296793		
47.43		0.00296722		
47.44		0.0029665		
47.45		0.00296579		
47.46		0.00296507		
47.47		0.00296436		
47.48		0.00296365		
47.49		0.00296293		
47.5		0.00296222		
47.51		0.00296151		
47.52		0.0029608		
47.53		0.00296008		
47.54		0.00295937		
47.55		0.00295866		
47.56		0.00295795		
47.57		0.00295724		
47.58		0.00295653		
47.59		0.00295582		
47.6		0.00295511		
47.61		0.0029544		
47.62		0.00295369		
47.63		0.00295298		
47.64		0.00295227		
47.65		0.00295156		
47.66		0.00295086		
47.67		0.00295015		
47.68		0.00294944		
47.69		0.00294873		
47.7		0.00294803		
47.71		0.00294732		
47.72		0.00294661		
47.73		0.00294591		
47.74		0.0029452		
47.75		0.0029445		
47.76		0.00294379		
47.77		0.00294309		
47.78		0.00294238		
47.79		0.00294168		
47.8		0.00294097		
47.81		0.00294027		
47.82		0.00293957		
47.83		0.00293886		
47.84		0.00293816		
47.85		0.00293746		
47.86		0.00293676		
47.87		0.00293605		
47.88		0.00293535		
47.89		0.00293465		
47.9		0.00293395		
47.91		0.00293325		
47.92		0.00293255		
47.93		0.00293185		
47.94		0.00293115		
47.95		0.00293045		
47.96		0.00292975		
47.97		0.00292905		
47.98		0.00292835		
47.99		0.00292765		
48		0.00292696		
48.01		0.00292626		
48.02		0.00292556		
48.03		0.00292486		
48.04		0.00292417		
48.05		0.00292347		
48.06		0.00292277		
48.07		0.00292208		
48.08		0.00292138		
48.09		0.00292069		
48.1		0.00291999		
48.11		0.0029193		
48.12		0.0029186		
48.13		0.00291791		
48.14		0.00291721		
48.15		0.00291652		
48.16		0.00291583		
48.17		0.00291513		
48.18		0.00291444		
48.19		0.00291375		
48.2		0.00291306		
48.21		0.00291236		
48.22		0.00291167		
48.23		0.00291098		
48.24		0.00291029		
48.25		0.0029096		
48.26		0.00290891		
48.27		0.00290822		
48.28		0.00290753		
48.29		0.00290684		
48.3		0.00290615		
48.31		0.00290546		
48.32		0.00290477		
48.33		0.00290408		
48.34		0.0029034		
48.35		0.00290271		
48.36		0.00290202		
48.37		0.00290133		
48.38		0.00290065		
48.39		0.00289996		
48.4		0.00289927		
48.41		0.00289859		
48.42		0.0028979		
48.43		0.00289722		
48.44		0.00289653		
48.45		0.00289584		
48.46		0.00289516		
48.47		0.00289448		
48.48		0.00289379		
48.49		0.00289311		
48.5		0.00289242		
48.51		0.00289174		
48.52		0.00289106		
48.53		0.00289038		
48.54		0.00288969		
48.55		0.00288901		
48.56		0.00288833		
48.57		0.00288765		
48.58		0.00288697		
48.59		0.00288629		
48.6		0.0028856		
48.61		0.00288492		
48.62		0.00288424		
48.63		0.00288356		
48.64		0.00288288		
48.65		0.00288221		
48.66		0.00288153		
48.67		0.00288085		
48.68		0.00288017		
48.69		0.00287949		
48.7		0.00287881		
48.71		0.00287814		
48.72		0.00287746		
48.73		0.00287678		
48.74		0.00287611		
48.75		0.00287543		
48.76		0.00287475		
48.77		0.00287408		
48.78		0.0028734		
48.79		0.00287273		
48.8		0.00287205		
48.81		0.00287138		
48.82		0.0028707		
48.83		0.00287003		
48.84		0.00286935		
48.85		0.00286868		
48.86		0.00286801		
48.87		0.00286733		
48.88		0.00286666		
48.89		0.00286599		
48.9		0.00286532		
48.91		0.00286465		
48.92		0.00286397		
48.93		0.0028633		
48.94		0.00286263		
48.95		0.00286196		
48.96		0.00286129		
48.97		0.00286062		
48.98		0.00285995		
48.99		0.00285928		
49		0.00285861		
49.01		0.00285794		
49.02		0.00285727		
49.03		0.00285661		
49.04		0.00285594		
49.05		0.00285527		
49.06		0.0028546		
49.07		0.00285393		
49.08		0.00285327		
49.09		0.0028526		
49.1		0.00285193		
49.11		0.00285127		
49.12		0.0028506		
49.13		0.00284994		
49.14		0.00284927		
49.15		0.00284861		
49.16		0.00284794		
49.17		0.00284728		
49.18		0.00284661		
49.19		0.00284595		
49.2		0.00284528		
49.21		0.00284462		
49.22		0.00284396		
49.23		0.0028433		
49.24		0.00284263		
49.25		0.00284197		
49.26		0.00284131		
49.27		0.00284065		
49.28		0.00283999		
49.29		0.00283932		
49.3		0.00283866		
49.31		0.002838		
49.32		0.00283734		
49.33		0.00283668		
49.34		0.00283602		
49.35		0.00283536		
49.36		0.0028347		
49.37		0.00283404		
49.38		0.00283339		
49.39		0.00283273		
49.4		0.00283207		
49.41		0.00283141		
49.42		0.00283075		
49.43		0.0028301		
49.44		0.00282944		
49.45		0.00282878		
49.46		0.00282813		
49.47		0.00282747		
49.48		0.00282681		
49.49		0.00282616		
49.5		0.0028255		
49.51		0.00282485		
49.52		0.00282419		
49.53		0.00282354		
49.54		0.00282288		
49.55		0.00282223		
49.56		0.00282158		
49.57		0.00282092		
49.58		0.00282027		
49.59		0.00281962		
49.6		0.00281897		
49.61		0.00281831		
49.62		0.00281766		
49.63		0.00281701		
49.64		0.00281636		
49.65		0.00281571		
49.66		0.00281506		
49.67		0.0028144		
49.68		0.00281375		
49.69		0.0028131		
49.7		0.00281245		
49.71		0.0028118		
49.72		0.00281116		
49.73		0.00281051		
49.74		0.00280986		
49.75		0.00280921		
49.76		0.00280856		
49.77		0.00280791		
49.78		0.00280726		
49.79		0.00280662		
49.8		0.00280597		
49.81		0.00280532		
49.82		0.00280468		
49.83		0.00280403		
49.84		0.00280338		
49.85		0.00280274		
49.86		0.00280209		
49.87		0.00280145		
49.88		0.0028008		
49.89		0.00280016		
49.9		0.00279951		
49.91		0.00279887		
49.92		0.00279823		
49.93		0.00279758		
49.94		0.00279694		
49.95		0.0027963		
49.96		0.00279565		
49.97		0.00279501		
49.98		0.00279437		
49.99		0.00279373		
50		0.00279308		
