tau [fm]		pi [fm^-4]
0.25		173.339
0.26		166.503		
0.27		160.078		
0.28		154.032		
0.29		148.334		
0.3		142.957		
0.31		137.877		
0.32		133.072		
0.33		128.522		
0.34		124.209		
0.35		120.115		
0.36		116.226		
0.37		112.528		
0.38		109.008		
0.39		105.655		
0.4		102.457		
0.41		99.4057		
0.42		96.4913		
0.43		93.7056		
0.44		91.0408		
0.45		88.49		
0.46		86.0464		
0.47		83.704		
0.48		81.4571		
0.49		79.3004		
0.5		77.229		
0.51		75.2383		
0.52		73.324		
0.53		71.4822		
0.54		69.7092		
0.55		68.0014		
0.56		66.3555		
0.57		64.7686		
0.58		63.2377		
0.59		61.7602		
0.6		60.3334		
0.61		58.9551		
0.62		57.623		
0.63		56.335		
0.64		55.089		
0.65		53.8833		
0.66		52.716		
0.67		51.5855		
0.68		50.4901		
0.69		49.4285		
0.7		48.3991		
0.71		47.4007		
0.72		46.4319		
0.73		45.4917		
0.74		44.5787		
0.75		43.692		
0.76		42.8306		
0.77		41.9934		
0.78		41.1795		
0.79		40.3881		
0.8		39.6183		
0.81		38.8693		
0.82		38.1404		
0.83		37.4307		
0.84		36.7397		
0.85		36.0667		
0.86		35.411		
0.87		34.7721		
0.88		34.1493		
0.89		33.5422		
0.9		32.9501		
0.91		32.3726		
0.92		31.8093		
0.93		31.2596		
0.94		30.723		
0.95		30.1993		
0.96		29.688		
0.97		29.1886		
0.98		28.7009		
0.99		28.2244		
1		27.7588		
1.01		27.3039		
1.02		26.8591		
1.03		26.4244		
1.04		25.9993		
1.05		25.5836		
1.06		25.177		
1.07		24.7792		
1.08		24.39		
1.09		24.0092		
1.1		23.6365		
1.11		23.2717		
1.12		22.9145		
1.13		22.5649		
1.14		22.2224		
1.15		21.8871		
1.16		21.5586		
1.17		21.2368		
1.18		20.9214		
1.19		20.6125		
1.2		20.3097		
1.21		20.0129		
1.22		19.722		
1.23		19.4368		
1.24		19.1572		
1.25		18.883		
1.26		18.614		
1.27		18.3503		
1.28		18.0915		
1.29		17.8377		
1.3		17.5886		
1.31		17.3443		
1.32		17.1045		
1.33		16.8691		
1.34		16.6381		
1.35		16.4113		
1.36		16.1887		
1.37		15.9701		
1.38		15.7554		
1.39		15.5447		
1.4		15.3377		
1.41		15.1343		
1.42		14.9346		
1.43		14.7384		
1.44		14.5457		
1.45		14.3563		
1.46		14.1702		
1.47		13.9873		
1.48		13.8076		
1.49		13.6309		
1.5		13.4573		
1.51		13.2866		
1.52		13.1188		
1.53		12.9538		
1.54		12.7916		
1.55		12.6321		
1.56		12.4752		
1.57		12.3209		
1.58		12.1692		
1.59		12.0199		
1.6		11.8731		
1.61		11.7287		
1.62		11.5866		
1.63		11.4468		
1.64		11.3092		
1.65		11.1738		
1.66		11.0406		
1.67		10.9095		
1.68		10.7805		
1.69		10.6535		
1.7		10.5284		
1.71		10.4054		
1.72		10.2842		
1.73		10.1649		
1.74		10.0474		
1.75		9.9318		
1.76		9.81791		
1.77		9.70577		
1.78		9.59532		
1.79		9.48654		
1.8		9.37939		
1.81		9.27386		
1.82		9.1699		
1.83		9.06749		
1.84		8.96659		
1.85		8.86719		
1.86		8.76925		
1.87		8.67275		
1.88		8.57766		
1.89		8.48395		
1.9		8.3916		
1.91		8.30059		
1.92		8.21089		
1.93		8.12248		
1.94		8.03533		
1.95		7.94942		
1.96		7.86474		
1.97		7.78125		
1.98		7.69894		
1.99		7.61779		
2		7.53777		
2.01		7.45888		
2.02		7.38108		
2.03		7.30436		
2.04		7.2287		
2.05		7.15409		
2.06		7.08049		
2.07		7.00791		
2.08		6.93632		
2.09		6.8657		
2.1		6.79603		
2.11		6.72731		
2.12		6.65952		
2.13		6.59263		
2.14		6.52664		
2.15		6.46153		
2.16		6.39729		
2.17		6.33389		
2.18		6.27134		
2.19		6.20961		
2.2		6.14869		
2.21		6.08856		
2.22		6.02922		
2.23		5.97066		
2.24		5.91285		
2.25		5.85579		
2.26		5.79947		
2.27		5.74386		
2.28		5.68898		
2.29		5.63479		
2.3		5.58129		
2.31		5.52847		
2.32		5.47632		
2.33		5.42483		
2.34		5.37399		
2.35		5.32378		
2.36		5.27421		
2.37		5.22525		
2.38		5.1769		
2.39		5.12915		
2.4		5.08199		
2.41		5.03541		
2.42		4.9894		
2.43		4.94396		
2.44		4.89907		
2.45		4.85473		
2.46		4.81093		
2.47		4.76766		
2.48		4.72491		
2.49		4.68267		
2.5		4.64095		
2.51		4.59972		
2.52		4.55899		
2.53		4.51874		
2.54		4.47897		
2.55		4.43967		
2.56		4.40083		
2.57		4.36245		
2.58		4.32453		
2.59		4.28704		
2.6		4.25		
2.61		4.21339		
2.62		4.1772		
2.63		4.14143		
2.64		4.10607		
2.65		4.07113		
2.66		4.03658		
2.67		4.00243		
2.68		3.96867		
2.69		3.93529		
2.7		3.9023		
2.71		3.86967		
2.72		3.83742		
2.73		3.80553		
2.74		3.774		
2.75		3.74282		
2.76		3.712		
2.77		3.68151		
2.78		3.65137		
2.79		3.62155		
2.8		3.59207		
2.81		3.56292		
2.82		3.53408		
2.83		3.50557		
2.84		3.47736		
2.85		3.44947		
2.86		3.42187		
2.87		3.39458		
2.88		3.36758		
2.89		3.34088		
2.9		3.31446		
2.91		3.28833		
2.92		3.26247		
2.93		3.2369		
2.94		3.21159		
2.95		3.18656		
2.96		3.16179		
2.97		3.13729		
2.98		3.11304		
2.99		3.08905		
3		3.06531		
3.01		3.04182		
3.02		3.01858		
3.03		2.99557		
3.04		2.97281		
3.05		2.95029		
3.06		2.92799		
3.07		2.90593		
3.08		2.8841		
3.09		2.86248		
3.1		2.8411		
3.11		2.81993		
3.12		2.79897		
3.13		2.77823		
3.14		2.7577		
3.15		2.73738		
3.16		2.71726		
3.17		2.69734		
3.18		2.67763		
3.19		2.65811		
3.2		2.63879		
3.21		2.61966		
3.22		2.60072		
3.23		2.58197		
3.24		2.56341		
3.25		2.54502		
3.26		2.52682		
3.27		2.5088		
3.28		2.49096		
3.29		2.47329		
3.3		2.45579		
3.31		2.43846		
3.32		2.4213		
3.33		2.40431		
3.34		2.38748		
3.35		2.37082		
3.36		2.35431		
3.37		2.33796		
3.38		2.32177		
3.39		2.30574		
3.4		2.28985		
3.41		2.27412		
3.42		2.25854		
3.43		2.2431		
3.44		2.22781		
3.45		2.21267		
3.46		2.19767		
3.47		2.1828		
3.48		2.16808		
3.49		2.15349		
3.5		2.13904		
3.51		2.12473		
3.52		2.11054		
3.53		2.09649		
3.54		2.08257		
3.55		2.06877		
3.56		2.0551		
3.57		2.04156		
3.58		2.02814		
3.59		2.01484		
3.6		2.00167		
3.61		1.98861		
3.62		1.97567		
3.63		1.96285		
3.64		1.95015		
3.65		1.93755		
3.66		1.92508		
3.67		1.91271		
3.68		1.90045		
3.69		1.8883		
3.7		1.87627		
3.71		1.86433		
3.72		1.85251		
3.73		1.84078		
3.74		1.82916		
3.75		1.81765		
3.76		1.80623		
3.77		1.79491		
3.78		1.78369		
3.79		1.77257		
3.8		1.76155		
3.81		1.75062		
3.82		1.73979		
3.83		1.72905		
3.84		1.7184		
3.85		1.70785		
3.86		1.69738		
3.87		1.68701		
3.88		1.67672		
3.89		1.66652		
3.9		1.65641		
3.91		1.64638		
3.92		1.63644		
3.93		1.62658		
3.94		1.6168		
3.95		1.60711		
3.96		1.5975		
3.97		1.58796		
3.98		1.57851		
3.99		1.56914		
4		1.55984		
4.01		1.55063		
4.02		1.54148		
4.03		1.53242		
4.04		1.52342		
4.05		1.51451		
4.06		1.50566		
4.07		1.49689		
4.08		1.48819		
4.09		1.47956		
4.1		1.471		
4.11		1.46251		
4.12		1.45409		
4.13		1.44573		
4.14		1.43745		
4.15		1.42923		
4.16		1.42107		
4.17		1.41299		
4.18		1.40496		
4.19		1.397		
4.2		1.38911		
4.21		1.38127		
4.22		1.3735		
4.23		1.36579		
4.24		1.35814		
4.25		1.35055		
4.26		1.34303		
4.27		1.33555		
4.28		1.32814		
4.29		1.32079		
4.3		1.31349		
4.31		1.30625		
4.32		1.29907		
4.33		1.29194		
4.34		1.28487		
4.35		1.27785		
4.36		1.27089		
4.37		1.26397		
4.38		1.25712		
4.39		1.25031		
4.4		1.24356		
4.41		1.23686		
4.42		1.2302		
4.43		1.2236		
4.44		1.21705		
4.45		1.21055		
4.46		1.2041		
4.47		1.19769		
4.48		1.19134		
4.49		1.18503		
4.5		1.17877		
4.51		1.17255		
4.52		1.16639		
4.53		1.16026		
4.54		1.15419		
4.55		1.14816		
4.56		1.14217		
4.57		1.13622		
4.58		1.13033		
4.59		1.12447		
4.6		1.11866		
4.61		1.11288		
4.62		1.10716		
4.63		1.10147		
4.64		1.09582		
4.65		1.09022		
4.66		1.08465		
4.67		1.07913		
4.68		1.07364		
4.69		1.0682		
4.7		1.06279		
4.71		1.05743		
4.72		1.0521		
4.73		1.04681		
4.74		1.04155		
4.75		1.03634		
4.76		1.03116		
4.77		1.02602		
4.78		1.02091		
4.79		1.01584		
4.8		1.01081		
4.81		1.00581		
4.82		1.00084		
4.83		0.995914		
4.84		0.991019		
4.85		0.986159		
4.86		0.981332		
4.87		0.976538		
4.88		0.971778		
4.89		0.967051		
4.9		0.962356		
4.91		0.957694		
4.92		0.953064		
4.93		0.948465		
4.94		0.943898		
4.95		0.939362		
4.96		0.934857		
4.97		0.930383		
4.98		0.925939		
4.99		0.921526		
5		0.917142		
5.01		0.912787		
5.02		0.908462		
5.03		0.904167		
5.04		0.8999		
5.05		0.895661		
5.06		0.891451		
5.07		0.887269		
5.08		0.883115		
5.09		0.878989		
5.1		0.87489		
5.11		0.870818		
5.12		0.866773		
5.13		0.862754		
5.14		0.858763		
5.15		0.854797		
5.16		0.850858		
5.17		0.846944		
5.18		0.843056		
5.19		0.839193		
5.2		0.835355		
5.21		0.831543		
5.22		0.827755		
5.23		0.823991		
5.24		0.820252		
5.25		0.816538		
5.26		0.812847		
5.27		0.809179		
5.28		0.805536		
5.29		0.801915		
5.3		0.798318		
5.31		0.794744		
5.32		0.791192		
5.33		0.787663		
5.34		0.784157		
5.35		0.780673		
5.36		0.77721		
5.37		0.77377		
5.38		0.770351		
5.39		0.766954		
5.4		0.763578		
5.41		0.760224		
5.42		0.75689		
5.43		0.753577		
5.44		0.750285		
5.45		0.747013		
5.46		0.743761		
5.47		0.74053		
5.48		0.737319		
5.49		0.734127		
5.5		0.730956		
5.51		0.727803		
5.52		0.72467		
5.53		0.721557		
5.54		0.718462		
5.55		0.715386		
5.56		0.712329		
5.57		0.709291		
5.58		0.706271		
5.59		0.70327		
5.6		0.700286		
5.61		0.697321		
5.62		0.694374		
5.63		0.691444		
5.64		0.688532		
5.65		0.685637		
5.66		0.68276		
5.67		0.6799		
5.68		0.677057		
5.69		0.674231		
5.7		0.671422		
5.71		0.668629		
5.72		0.665854		
5.73		0.663094		
5.74		0.660351		
5.75		0.657624		
5.76		0.654913		
5.77		0.652218		
5.78		0.649539		
5.79		0.646876		
5.8		0.644228		
5.81		0.641595		
5.82		0.638978		
5.83		0.636376		
5.84		0.63379		
5.85		0.631218		
5.86		0.628661		
5.87		0.626119		
5.88		0.623592		
5.89		0.621079		
5.9		0.61858		
5.91		0.616096		
5.92		0.613627		
5.93		0.611171		
5.94		0.608729		
5.95		0.606302		
5.96		0.603888		
5.97		0.601488		
5.98		0.599101		
5.99		0.596728		
6		0.594368		
6.01		0.592022		
6.02		0.589689		
6.03		0.587369		
6.04		0.585062		
6.05		0.582768		
6.06		0.580487		
6.07		0.578219		
6.08		0.575963		
6.09		0.57372		
6.1		0.571489		
6.11		0.569271		
6.12		0.567065		
6.13		0.564871		
6.14		0.562689		
6.15		0.56052		
6.16		0.558362		
6.17		0.556216		
6.18		0.554082		
6.19		0.55196		
6.2		0.549849		
6.21		0.54775		
6.22		0.545662		
6.23		0.543586		
6.24		0.541521		
6.25		0.539467		
6.26		0.537424		
6.27		0.535392		
6.28		0.533372		
6.29		0.531362		
6.3		0.529363		
6.31		0.527375		
6.32		0.525397		
6.33		0.52343		
6.34		0.521474		
6.35		0.519527		
6.36		0.517592		
6.37		0.515667		
6.38		0.513751		
6.39		0.511846		
6.4		0.509952		
6.41		0.508067		
6.42		0.506192		
6.43		0.504327		
6.44		0.502472		
6.45		0.500626		
6.46		0.498791		
6.47		0.496965		
6.48		0.495148		
6.49		0.493341		
6.5		0.491543		
6.51		0.489755		
6.52		0.487976		
6.53		0.486207		
6.54		0.484446		
6.55		0.482695		
6.56		0.480952		
6.57		0.479219		
6.58		0.477494		
6.59		0.475779		
6.6		0.474072		
6.61		0.472374		
6.62		0.470685		
6.63		0.469004		
6.64		0.467332		
6.65		0.465668		
6.66		0.464013		
6.67		0.462367		
6.68		0.460728		
6.69		0.459098		
6.7		0.457477		
6.71		0.455863		
6.72		0.454258		
6.73		0.45266		
6.74		0.451071		
6.75		0.449489		
6.76		0.447916		
6.77		0.446351		
6.78		0.444793		
6.79		0.443243		
6.8		0.441701		
6.81		0.440166		
6.82		0.438639		
6.83		0.43712		
6.84		0.435608		
6.85		0.434104		
6.86		0.432607		
6.87		0.431117		
6.88		0.429635		
6.89		0.42816		
6.9		0.426693		
6.91		0.425232		
6.92		0.423779		
6.93		0.422333		
6.94		0.420894		
6.95		0.419461		
6.96		0.418036		
6.97		0.416618		
6.98		0.415207		
6.99		0.413802		
7		0.412405		
7.01		0.411014		
7.02		0.409629		
7.03		0.408252		
7.04		0.406881		
7.05		0.405517		
7.06		0.404159		
7.07		0.402808		
7.08		0.401463		
7.09		0.400124		
7.1		0.398792		
7.11		0.397467		
7.12		0.396147		
7.13		0.394834		
7.14		0.393527		
7.15		0.392227		
7.16		0.390932		
7.17		0.389644		
7.18		0.388361		
7.19		0.387085		
7.2		0.385815		
7.21		0.384551		
7.22		0.383292		
7.23		0.38204		
7.24		0.380793		
7.25		0.379552		
7.26		0.378317		
7.27		0.377088		
7.28		0.375864		
7.29		0.374646		
7.3		0.373434		
7.31		0.372228		
7.32		0.371027		
7.33		0.369831		
7.34		0.368641		
7.35		0.367457		
7.36		0.366277		
7.37		0.365104		
7.38		0.363936		
7.39		0.362773		
7.4		0.361615		
7.41		0.360463		
7.42		0.359316		
7.43		0.358174		
7.44		0.357037		
7.45		0.355906		
7.46		0.35478		
7.47		0.353658		
7.48		0.352542		
7.49		0.351431		
7.5		0.350325		
7.51		0.349224		
7.52		0.348128		
7.53		0.347037		
7.54		0.34595		
7.55		0.344869		
7.56		0.343792		
7.57		0.34272		
7.58		0.341653		
7.59		0.340591		
7.6		0.339534		
7.61		0.338481		
7.62		0.337433		
7.63		0.336389		
7.64		0.33535		
7.65		0.334316		
7.66		0.333286		
7.67		0.332261		
7.68		0.33124		
7.69		0.330224		
7.7		0.329212		
7.71		0.328205		
7.72		0.327202		
7.73		0.326204		
7.74		0.32521		
7.75		0.32422		
7.76		0.323234		
7.77		0.322253		
7.78		0.321276		
7.79		0.320304		
7.8		0.319335		
7.81		0.318371		
7.82		0.317411		
7.83		0.316455		
7.84		0.315503		
7.85		0.314555		
7.86		0.313612		
7.87		0.312672		
7.88		0.311737		
7.89		0.310805		
7.9		0.309878		
7.91		0.308954		
7.92		0.308034		
7.93		0.307119		
7.94		0.306207		
7.95		0.305299		
7.96		0.304395		
7.97		0.303495		
7.98		0.302598		
7.99		0.301705		
8		0.300817		
8.01		0.299931		
8.02		0.29905		
8.03		0.298172		
8.04		0.297298		
8.05		0.296428		
8.06		0.295561		
8.07		0.294698		
8.08		0.293839		
8.09		0.292983		
8.1		0.292131		
8.11		0.291282		
8.12		0.290437		
8.13		0.289595		
8.14		0.288757		
8.15		0.287922		
8.16		0.287091		
8.17		0.286263		
8.18		0.285439		
8.19		0.284618		
8.2		0.2838		
8.21		0.282986		
8.22		0.282175		
8.23		0.281368		
8.24		0.280563		
8.25		0.279762		
8.26		0.278965		
8.27		0.27817		
8.28		0.277379		
8.29		0.276591		
8.3		0.275806		
8.31		0.275025		
8.32		0.274246		
8.33		0.273471		
8.34		0.272699		
8.35		0.27193		
8.36		0.271164		
8.37		0.270401		
8.38		0.269642		
8.39		0.268885		
8.4		0.268131		
8.41		0.267381		
8.42		0.266633		
8.43		0.265889		
8.44		0.265147		
8.45		0.264409		
8.46		0.263673		
8.47		0.26294		
8.48		0.26221		
8.49		0.261483		
8.5		0.260759		
8.51		0.260038		
8.52		0.25932		
8.53		0.258605		
8.54		0.257892		
8.55		0.257182		
8.56		0.256475		
8.57		0.255771		
8.58		0.255069		
8.59		0.254371		
8.6		0.253675		
8.61		0.252982		
8.62		0.252291		
8.63		0.251603		
8.64		0.250918		
8.65		0.250236		
8.66		0.249556		
8.67		0.248879		
8.68		0.248204		
8.69		0.247532		
8.7		0.246863		
8.71		0.246196		
8.72		0.245532		
8.73		0.244871		
8.74		0.244212		
8.75		0.243555		
8.76		0.242901		
8.77		0.24225		
8.78		0.241601		
8.79		0.240955		
8.8		0.240311		
8.81		0.239669		
8.82		0.23903		
8.83		0.238394		
8.84		0.23776		
8.85		0.237128		
8.86		0.236499		
8.87		0.235872		
8.88		0.235247		
8.89		0.234625		
8.9		0.234005		
8.91		0.233388		
8.92		0.232773		
8.93		0.23216		
8.94		0.23155		
8.95		0.230941		
8.96		0.230336		
8.97		0.229732		
8.98		0.229131		
8.99		0.228532		
9		0.227935		
9.01		0.22734		
9.02		0.226748		
9.03		0.226158		
9.04		0.22557		
9.05		0.224984		
9.06		0.2244		
9.07		0.223819		
9.08		0.22324		
9.09		0.222663		
9.1		0.222088		
9.11		0.221515		
9.12		0.220944		
9.13		0.220375		
9.14		0.219809		
9.15		0.219245		
9.16		0.218682		
9.17		0.218122		
9.18		0.217564		
9.19		0.217008		
9.2		0.216453		
9.21		0.215901		
9.22		0.215351		
9.23		0.214803		
9.24		0.214257		
9.25		0.213713		
9.26		0.213171		
9.27		0.212631		
9.28		0.212093		
9.29		0.211556		
9.3		0.211022		
9.31		0.21049		
9.32		0.209959		
9.33		0.209431		
9.34		0.208904		
9.35		0.20838		
9.36		0.207857		
9.37		0.207336		
9.38		0.206817		
9.39		0.2063		
9.4		0.205785		
9.41		0.205271		
9.42		0.204759		
9.43		0.20425		
9.44		0.203742		
9.45		0.203236		
9.46		0.202731		
9.47		0.202229		
9.48		0.201728		
9.49		0.201229		
9.5		0.200732		
9.51		0.200236		
9.52		0.199742		
9.53		0.19925		
9.54		0.19876		
9.55		0.198272		
9.56		0.197785		
9.57		0.1973		
9.58		0.196817		
9.59		0.196335		
9.6		0.195855		
9.61		0.195377		
9.62		0.1949		
9.63		0.194425		
9.64		0.193952		
9.65		0.19348		
9.66		0.19301		
9.67		0.192542		
9.68		0.192075		
9.69		0.19161		
9.7		0.191147		
9.71		0.190685		
9.72		0.190225		
9.73		0.189766		
9.74		0.189309		
9.75		0.188853		
9.76		0.188399		
9.77		0.187947		
9.78		0.187496		
9.79		0.187047		
9.8		0.186599		
9.81		0.186153		
9.82		0.185708		
9.83		0.185265		
9.84		0.184824		
9.85		0.184384		
9.86		0.183945		
9.87		0.183508		
9.88		0.183072		
9.89		0.182638		
9.9		0.182206		
9.91		0.181775		
9.92		0.181345		
9.93		0.180917		
9.94		0.18049		
9.95		0.180064		
9.96		0.179641		
9.97		0.179218		
9.98		0.178797		
9.99		0.178377		
10		0.177959		
10.01		0.177542		
10.02		0.177127		
10.03		0.176713		
10.04		0.1763		
10.05		0.175889		
10.06		0.175479		
10.07		0.175071		
10.08		0.174664		
10.09		0.174258		
10.1		0.173854		
10.11		0.17345		
10.12		0.173049		
10.13		0.172648		
10.14		0.172249		
10.15		0.171852		
10.16		0.171455		
10.17		0.17106		
10.18		0.170666		
10.19		0.170274		
10.2		0.169883		
10.21		0.169493		
10.22		0.169104		
10.23		0.168717		
10.24		0.168331		
10.25		0.167946		
10.26		0.167562		
10.27		0.16718		
10.28		0.166799		
10.29		0.166419		
10.3		0.166041		
10.31		0.165663		
10.32		0.165287		
10.33		0.164913		
10.34		0.164539		
10.35		0.164166		
10.36		0.163795		
10.37		0.163425		
10.38		0.163057		
10.39		0.162689		
10.4		0.162323		
10.41		0.161957		
10.42		0.161593		
10.43		0.16123		
10.44		0.160869		
10.45		0.160508		
10.46		0.160149		
10.47		0.159791		
10.48		0.159433		
10.49		0.159078		
10.5		0.158723		
10.51		0.158369		
10.52		0.158017		
10.53		0.157665		
10.54		0.157315		
10.55		0.156966		
10.56		0.156618		
10.57		0.156271		
10.58		0.155925		
10.59		0.15558		
10.6		0.155237		
10.61		0.154894		
10.62		0.154553		
10.63		0.154212		
10.64		0.153873		
10.65		0.153535		
10.66		0.153198		
10.67		0.152862		
10.68		0.152527		
10.69		0.152193		
10.7		0.15186		
10.71		0.151528		
10.72		0.151197		
10.73		0.150867		
10.74		0.150538		
10.75		0.150211		
10.76		0.149884		
10.77		0.149558		
10.78		0.149234		
10.79		0.14891		
10.8		0.148587		
10.81		0.148266		
10.82		0.147945		
10.83		0.147625		
10.84		0.147307		
10.85		0.146989		
10.86		0.146672		
10.87		0.146357		
10.88		0.146042		
10.89		0.145728		
10.9		0.145415		
10.91		0.145104		
10.92		0.144793		
10.93		0.144483		
10.94		0.144174		
10.95		0.143866		
10.96		0.143559		
10.97		0.143253		
10.98		0.142947		
10.99		0.142643		
11		0.14234		
11.01		0.142038		
11.02		0.141736		
11.03		0.141436		
11.04		0.141136		
11.05		0.140837		
11.06		0.140539		
11.07		0.140242		
11.08		0.139946		
11.09		0.139651		
11.1		0.139357		
11.11		0.139064		
11.12		0.138771		
11.13		0.13848		
11.14		0.138189		
11.15		0.137899		
11.16		0.13761		
11.17		0.137322		
11.18		0.137035		
11.19		0.136749		
11.2		0.136463		
11.21		0.136179		
11.22		0.135895		
11.23		0.135612		
11.24		0.13533		
11.25		0.135049		
11.26		0.134769		
11.27		0.134489		
11.28		0.13421		
11.29		0.133933		
11.3		0.133655		
11.31		0.133379		
11.32		0.133104		
11.33		0.132829		
11.34		0.132556		
11.35		0.132283		
11.36		0.13201		
11.37		0.131739		
11.38		0.131469		
11.39		0.131199		
11.4		0.13093		
11.41		0.130662		
11.42		0.130394		
11.43		0.130128		
11.44		0.129862		
11.45		0.129597		
11.46		0.129333		
11.47		0.129069		
11.48		0.128807		
11.49		0.128545		
11.5		0.128283		
11.51		0.128023		
11.52		0.127763		
11.53		0.127505		
11.54		0.127246		
11.55		0.126989		
11.56		0.126732		
11.57		0.126477		
11.58		0.126221		
11.59		0.125967		
11.6		0.125713		
11.61		0.12546		
11.62		0.125208		
11.63		0.124957		
11.64		0.124706		
11.65		0.124456		
11.66		0.124207		
11.67		0.123958		
11.68		0.12371		
11.69		0.123463		
11.7		0.123217		
11.71		0.122971		
11.72		0.122726		
11.73		0.122482		
11.74		0.122238		
11.75		0.121995		
11.76		0.121753		
11.77		0.121511		
11.78		0.121271		
11.79		0.12103		
11.8		0.120791		
11.81		0.120552		
11.82		0.120314		
11.83		0.120077		
11.84		0.11984		
11.85		0.119604		
11.86		0.119368		
11.87		0.119134		
11.88		0.118899		
11.89		0.118666		
11.9		0.118433		
11.91		0.118201		
11.92		0.11797		
11.93		0.117739		
11.94		0.117509		
11.95		0.117279		
11.96		0.11705		
11.97		0.116822		
11.98		0.116594		
11.99		0.116368		
12		0.116141		
12.01		0.115916		
12.02		0.11569		
12.03		0.115466		
12.04		0.115242		
12.05		0.115019		
12.06		0.114797		
12.07		0.114575		
12.08		0.114353		
12.09		0.114133		
12.1		0.113912		
12.11		0.113693		
12.12		0.113474		
12.13		0.113256		
12.14		0.113038		
12.15		0.112821		
12.16		0.112605		
12.17		0.112389		
12.18		0.112174		
12.19		0.111959		
12.2		0.111745		
12.21		0.111531		
12.22		0.111318		
12.23		0.111106		
12.24		0.110894		
12.25		0.110683		
12.26		0.110473		
12.27		0.110263		
12.28		0.110053		
12.29		0.109844		
12.3		0.109636		
12.31		0.109428		
12.32		0.109221		
12.33		0.109015		
12.34		0.108809		
12.35		0.108603		
12.36		0.108398		
12.37		0.108194		
12.38		0.10799		
12.39		0.107787		
12.4		0.107584		
12.41		0.107382		
12.42		0.10718		
12.43		0.106979		
12.44		0.106779		
12.45		0.106579		
12.46		0.10638		
12.47		0.106181		
12.48		0.105982		
12.49		0.105784		
12.5		0.105587		
12.51		0.10539		
12.52		0.105194		
12.53		0.104998		
12.54		0.104803		
12.55		0.104609		
12.56		0.104415		
12.57		0.104221		
12.58		0.104028		
12.59		0.103835		
12.6		0.103643		
12.61		0.103452		
12.62		0.103261		
12.63		0.10307		
12.64		0.10288		
12.65		0.10269		
12.66		0.102501		
12.67		0.102313		
12.68		0.102125		
12.69		0.101937		
12.7		0.10175		
12.71		0.101564		
12.72		0.101378		
12.73		0.101192		
12.74		0.101007		
12.75		0.100822		
12.76		0.100638		
12.77		0.100455		
12.78		0.100272		
12.79		0.100089		
12.8		0.0999067		
12.81		0.099725		
12.82		0.0995438		
12.83		0.099363		
12.84		0.0991828		
12.85		0.0990029		
12.86		0.0988236		
12.87		0.0986447		
12.88		0.0984663		
12.89		0.0982884		
12.9		0.0981109		
12.91		0.0979339		
12.92		0.0977574		
12.93		0.0975813		
12.94		0.0974056		
12.95		0.0972305		
12.96		0.0970557		
12.97		0.0968814		
12.98		0.0967076		
12.99		0.0965342		
13		0.0963613		
13.01		0.0961888		
13.02		0.0960168		
13.03		0.0958452		
13.04		0.095674		
13.05		0.0955033		
13.06		0.0953331		
13.07		0.0951632		
13.08		0.0949938		
13.09		0.0948248		
13.1		0.0946563		
13.11		0.0944882		
13.12		0.0943205		
13.13		0.0941533		
13.14		0.0939865		
13.15		0.0938201		
13.16		0.0936541		
13.17		0.0934886		
13.18		0.0933234		
13.19		0.0931587		
13.2		0.0929944		
13.21		0.0928306		
13.22		0.0926671		
13.23		0.0925041		
13.24		0.0923415		
13.25		0.0921793		
13.26		0.0920174		
13.27		0.0918561		
13.28		0.0916951		
13.29		0.0915345		
13.3		0.0913743		
13.31		0.0912145		
13.32		0.0910552		
13.33		0.0908962		
13.34		0.0907376		
13.35		0.0905795		
13.36		0.0904217		
13.37		0.0902643		
13.38		0.0901073		
13.39		0.0899508		
13.4		0.0897946		
13.41		0.0896388		
13.42		0.0894833		
13.43		0.0893283		
13.44		0.0891737		
13.45		0.0890194		
13.46		0.0888655		
13.47		0.0887121		
13.48		0.088559		
13.49		0.0884062		
13.5		0.0882539		
13.51		0.0881019		
13.52		0.0879503		
13.53		0.0877991		
13.54		0.0876483		
13.55		0.0874978		
13.56		0.0873477		
13.57		0.087198		
13.58		0.0870486		
13.59		0.0868997		
13.6		0.086751		
13.61		0.0866028		
13.62		0.0864549		
13.63		0.0863074		
13.64		0.0861602		
13.65		0.0860134		
13.66		0.085867		
13.67		0.0857209		
13.68		0.0855752		
13.69		0.0854298		
13.7		0.0852848		
13.71		0.0851402		
13.72		0.0849959		
13.73		0.0848519		
13.74		0.0847083		
13.75		0.0845651		
13.76		0.0844222		
13.77		0.0842796		
13.78		0.0841374		
13.79		0.0839956		
13.8		0.0838541		
13.81		0.0837129		
13.82		0.0835721		
13.83		0.0834316		
13.84		0.0832914		
13.85		0.0831516		
13.86		0.0830122		
13.87		0.082873		
13.88		0.0827342		
13.89		0.0825958		
13.9		0.0824577		
13.91		0.0823199		
13.92		0.0821824		
13.93		0.0820453		
13.94		0.0819085		
13.95		0.081772		
13.96		0.0816359		
13.97		0.0815001		
13.98		0.0813646		
13.99		0.0812294		
14		0.0810946		
14.01		0.08096		
14.02		0.0808258		
14.03		0.080692		
14.04		0.0805584		
14.05		0.0804252		
14.06		0.0802922		
14.07		0.0801596		
14.08		0.0800274		
14.09		0.0798954		
14.1		0.0797637		
14.11		0.0796324		
14.12		0.0795013		
14.13		0.0793706		
14.14		0.0792402		
14.15		0.0791101		
14.16		0.0789803		
14.17		0.0788508		
14.18		0.0787216		
14.19		0.0785927		
14.2		0.0784642		
14.21		0.0783359		
14.22		0.0782079		
14.23		0.0780802		
14.24		0.0779529		
14.25		0.0778258		
14.26		0.077699		
14.27		0.0775726		
14.28		0.0774464		
14.29		0.0773205		
14.3		0.0771949		
14.31		0.0770696		
14.32		0.0769446		
14.33		0.0768199		
14.34		0.0766955		
14.35		0.0765714		
14.36		0.0764476		
14.37		0.076324		
14.38		0.0762008		
14.39		0.0760778		
14.4		0.0759551		
14.41		0.0758327		
14.42		0.0757106		
14.43		0.0755887		
14.44		0.0754672		
14.45		0.0753459		
14.46		0.0752249		
14.47		0.0751042		
14.48		0.0749838		
14.49		0.0748637		
14.5		0.0747438		
14.51		0.0746242		
14.52		0.0745049		
14.53		0.0743858		
14.54		0.0742671		
14.55		0.0741486		
14.56		0.0740304		
14.57		0.0739124		
14.58		0.0737947		
14.59		0.0736773		
14.6		0.0735602		
14.61		0.0734433		
14.62		0.0733267		
14.63		0.0732104		
14.64		0.0730943		
14.65		0.0729785		
14.66		0.0728629		
14.67		0.0727477		
14.68		0.0726327		
14.69		0.0725179		
14.7		0.0724034		
14.71		0.0722892		
14.72		0.0721752		
14.73		0.0720615		
14.74		0.0719481		
14.75		0.0718349		
14.76		0.0717219		
14.77		0.0716092		
14.78		0.0714968		
14.79		0.0713846		
14.8		0.0712727		
14.81		0.0711611		
14.82		0.0710496		
14.83		0.0709385		
14.84		0.0708276		
14.85		0.0707169		
14.86		0.0706065		
14.87		0.0704963		
14.88		0.0703864		
14.89		0.0702768		
14.9		0.0701673		
14.91		0.0700582		
14.92		0.0699492		
14.93		0.0698405		
14.94		0.0697321		
14.95		0.0696239		
14.96		0.0695159		
14.97		0.0694082		
14.98		0.0693008		
14.99		0.0691935		
15		0.0690865		
15.01		0.0689798		
15.02		0.0688732		
15.03		0.068767		
15.04		0.0686609		
15.05		0.0685551		
15.06		0.0684495		
15.07		0.0683442		
15.08		0.0682391		
15.09		0.0681342		
15.1		0.0680296		
15.11		0.0679252		
15.12		0.067821		
15.13		0.067717		
15.14		0.0676133		
15.15		0.0675098		
15.16		0.0674066		
15.17		0.0673036		
15.18		0.0672008		
15.19		0.0670982		
15.2		0.0669958		
15.21		0.0668937		
15.22		0.0667918		
15.23		0.0666901		
15.24		0.0665887		
15.25		0.0664874		
15.26		0.0663864		
15.27		0.0662856		
15.28		0.0661851		
15.29		0.0660847		
15.3		0.0659846		
15.31		0.0658847		
15.32		0.065785		
15.33		0.0656855		
15.34		0.0655863		
15.35		0.0654872		
15.36		0.0653884		
15.37		0.0652898		
15.38		0.0651914		
15.39		0.0650932		
15.4		0.0649952		
15.41		0.0648975		
15.42		0.0647999		
15.43		0.0647026		
15.44		0.0646055		
15.45		0.0645086		
15.46		0.0644119		
15.47		0.0643154		
15.48		0.0642191		
15.49		0.064123		
15.5		0.0640272		
15.51		0.0639315		
15.52		0.0638361		
15.53		0.0637408		
15.54		0.0636458		
15.55		0.0635509		
15.56		0.0634563		
15.57		0.0633619		
15.58		0.0632676		
15.59		0.0631736		
15.6		0.0630798		
15.61		0.0629862		
15.62		0.0628927		
15.63		0.0627995		
15.64		0.0627065		
15.65		0.0626137		
15.66		0.062521		
15.67		0.0624286		
15.68		0.0623364		
15.69		0.0622443		
15.7		0.0621525		
15.71		0.0620608		
15.72		0.0619694		
15.73		0.0618781		
15.74		0.0617871		
15.75		0.0616962		
15.76		0.0616055		
15.77		0.0615151		
15.78		0.0614248		
15.79		0.0613347		
15.8		0.0612448		
15.81		0.061155		
15.82		0.0610655		
15.83		0.0609762		
15.84		0.060887		
15.85		0.0607981		
15.86		0.0607093		
15.87		0.0606207		
15.88		0.0605323		
15.89		0.0604441		
15.9		0.0603561		
15.91		0.0602682		
15.92		0.0601806		
15.93		0.0600931		
15.94		0.0600058		
15.95		0.0599187		
15.96		0.0598317		
15.97		0.059745		
15.98		0.0596584		
15.99		0.0595721		
16		0.0594859		
16.01		0.0593998		
16.02		0.059314		
16.03		0.0592283		
16.04		0.0591428		
16.05		0.0590575		
16.06		0.0589724		
16.07		0.0588875		
16.08		0.0588027		
16.09		0.0587181		
16.1		0.0586337		
16.11		0.0585494		
16.12		0.0584653		
16.13		0.0583814		
16.14		0.0582977		
16.15		0.0582142		
16.16		0.0581308		
16.17		0.0580476		
16.18		0.0579645		
16.19		0.0578817		
16.2		0.057799		
16.21		0.0577165		
16.22		0.0576341		
16.23		0.0575519		
16.24		0.0574699		
16.25		0.0573881		
16.26		0.0573064		
16.27		0.0572249		
16.28		0.0571435		
16.29		0.0570624		
16.3		0.0569813		
16.31		0.0569005		
16.32		0.0568198		
16.33		0.0567393		
16.34		0.056659		
16.35		0.0565788		
16.36		0.0564988		
16.37		0.0564189		
16.38		0.0563392		
16.39		0.0562597		
16.4		0.0561803		
16.41		0.0561011		
16.42		0.0560221		
16.43		0.0559432		
16.44		0.0558645		
16.45		0.0557859		
16.46		0.0557075		
16.47		0.0556292		
16.48		0.0555512		
16.49		0.0554732		
16.5		0.0553955		
16.51		0.0553178		
16.52		0.0552404		
16.53		0.0551631		
16.54		0.0550859		
16.55		0.055009		
16.56		0.0549321		
16.57		0.0548554		
16.58		0.0547789		
16.59		0.0547025		
16.6		0.0546263		
16.61		0.0545503		
16.62		0.0544744		
16.63		0.0543986		
16.64		0.054323		
16.65		0.0542475		
16.66		0.0541722		
16.67		0.0540971		
16.68		0.0540221		
16.69		0.0539472		
16.7		0.0538725		
16.71		0.053798		
16.72		0.0537236		
16.73		0.0536493		
16.74		0.0535752		
16.75		0.0535013		
16.76		0.0534275		
16.77		0.0533538		
16.78		0.0532803		
16.79		0.0532069		
16.8		0.0531337		
16.81		0.0530606		
16.82		0.0529877		
16.83		0.0529149		
16.84		0.0528422		
16.85		0.0527697		
16.86		0.0526974		
16.87		0.0526252		
16.88		0.0525531		
16.89		0.0524812		
16.9		0.0524094		
16.91		0.0523377		
16.92		0.0522662		
16.93		0.0521949		
16.94		0.0521236		
16.95		0.0520525		
16.96		0.0519816		
16.97		0.0519108		
16.98		0.0518401		
16.99		0.0517696		
17		0.0516992		
17.01		0.051629		
17.02		0.0515589		
17.03		0.0514889		
17.04		0.0514191		
17.05		0.0513494		
17.06		0.0512798		
17.07		0.0512104		
17.08		0.0511411		
17.09		0.0510719		
17.1		0.0510029		
17.11		0.050934		
17.12		0.0508653		
17.13		0.0507967		
17.14		0.0507282		
17.15		0.0506598		
17.16		0.0505916		
17.17		0.0505235		
17.18		0.0504556		
17.19		0.0503877		
17.2		0.0503201		
17.21		0.0502525		
17.22		0.0501851		
17.23		0.0501178		
17.24		0.0500506		
17.25		0.0499836		
17.26		0.0499167		
17.27		0.0498499		
17.28		0.0497832		
17.29		0.0497167		
17.3		0.0496503		
17.31		0.0495841		
17.32		0.0495179		
17.33		0.0494519		
17.34		0.0493861		
17.35		0.0493203		
17.36		0.0492547		
17.37		0.0491892		
17.38		0.0491238		
17.39		0.0490585		
17.4		0.0489934		
17.41		0.0489284		
17.42		0.0488635		
17.43		0.0487988		
17.44		0.0487342		
17.45		0.0486697		
17.46		0.0486053		
17.47		0.048541		
17.48		0.0484769		
17.49		0.0484129		
17.5		0.048349		
17.51		0.0482852		
17.52		0.0482216		
17.53		0.048158		
17.54		0.0480946		
17.55		0.0480313		
17.56		0.0479682		
17.57		0.0479051		
17.58		0.0478422		
17.59		0.0477794		
17.6		0.0477167		
17.61		0.0476541		
17.62		0.0475917		
17.63		0.0475294		
17.64		0.0474671		
17.65		0.0474051		
17.66		0.0473431		
17.67		0.0472812		
17.68		0.0472195		
17.69		0.0471578		
17.7		0.0470963		
17.71		0.0470349		
17.72		0.0469736		
17.73		0.0469125		
17.74		0.0468514		
17.75		0.0467905		
17.76		0.0467297		
17.77		0.046669		
17.78		0.0466084		
17.79		0.0465479		
17.8		0.0464875		
17.81		0.0464273		
17.82		0.0463671		
17.83		0.0463071		
17.84		0.0462472		
17.85		0.0461874		
17.86		0.0461277		
17.87		0.0460681		
17.88		0.0460086		
17.89		0.0459493		
17.9		0.04589		
17.91		0.0458309		
17.92		0.0457718		
17.93		0.0457129		
17.94		0.0456541		
17.95		0.0455954		
17.96		0.0455368		
17.97		0.0454783		
17.98		0.04542		
17.99		0.0453617		
18		0.0453035		
18.01		0.0452455		
18.02		0.0451876		
18.03		0.0451297		
18.04		0.045072		
18.05		0.0450144		
18.06		0.0449568		
18.07		0.0448994		
18.08		0.0448421		
18.09		0.0447849		
18.1		0.0447278		
18.11		0.0446709		
18.12		0.044614		
18.13		0.0445572		
18.14		0.0445005		
18.15		0.0444439		
18.16		0.0443875		
18.17		0.0443311		
18.18		0.0442749		
18.19		0.0442187		
18.2		0.0441626		
18.21		0.0441067		
18.22		0.0440508		
18.23		0.0439951		
18.24		0.0439395		
18.25		0.0438839		
18.26		0.0438285		
18.27		0.0437731		
18.28		0.0437179		
18.29		0.0436627		
18.3		0.0436077		
18.31		0.0435528		
18.32		0.0434979		
18.33		0.0434432		
18.34		0.0433886		
18.35		0.043334		
18.36		0.0432796		
18.37		0.0432252		
18.38		0.043171		
18.39		0.0431168		
18.4		0.0430628		
18.41		0.0430088		
18.42		0.042955		
18.43		0.0429012		
18.44		0.0428476		
18.45		0.042794		
18.46		0.0427405		
18.47		0.0426872		
18.48		0.0426339		
18.49		0.0425807		
18.5		0.0425277		
18.51		0.0424747		
18.52		0.0424218		
18.53		0.042369		
18.54		0.0423163		
18.55		0.0422637		
18.56		0.0422112		
18.57		0.0421588		
18.58		0.0421064		
18.59		0.0420542		
18.6		0.0420021		
18.61		0.04195		
18.62		0.0418981		
18.63		0.0418462		
18.64		0.0417945		
18.65		0.0417428		
18.66		0.0416912		
18.67		0.0416397		
18.68		0.0415883		
18.69		0.041537		
18.7		0.0414858		
18.71		0.0414347		
18.72		0.0413837		
18.73		0.0413327		
18.74		0.0412819		
18.75		0.0412311		
18.76		0.0411804		
18.77		0.0411299		
18.78		0.0410794		
18.79		0.041029		
18.8		0.0409787		
18.81		0.0409284		
18.82		0.0408783		
18.83		0.0408283		
18.84		0.0407783		
18.85		0.0407285		
18.86		0.0406787		
18.87		0.040629		
18.88		0.0405794		
18.89		0.0405299		
18.9		0.0404804		
18.91		0.0404311		
18.92		0.0403818		
18.93		0.0403327		
18.94		0.0402836		
18.95		0.0402346		
18.96		0.0401857		
18.97		0.0401369		
18.98		0.0400881		
18.99		0.0400395		
19		0.0399909		
19.01		0.0399424		
19.02		0.039894		
19.03		0.0398457		
19.04		0.0397975		
19.05		0.0397493		
19.06		0.0397013		
19.07		0.0396533		
19.08		0.0396054		
19.09		0.0395576		
19.1		0.0395099		
19.11		0.0394622		
19.12		0.0394147		
19.13		0.0393672		
19.14		0.0393198		
19.15		0.0392725		
19.16		0.0392253		
19.17		0.0391781		
19.18		0.039131		
19.19		0.0390841		
19.2		0.0390371		
19.21		0.0389903		
19.22		0.0389436		
19.23		0.0388969		
19.24		0.0388503		
19.25		0.0388038		
19.26		0.0387574		
19.27		0.0387111		
19.28		0.0386648		
19.29		0.0386187		
19.3		0.0385726		
19.31		0.0385265		
19.32		0.0384806		
19.33		0.0384347		
19.34		0.0383889		
19.35		0.0383432		
19.36		0.0382976		
19.37		0.0382521		
19.38		0.0382066		
19.39		0.0381612		
19.4		0.0381159		
19.41		0.0380707		
19.42		0.0380255		
19.43		0.0379804		
19.44		0.0379354		
19.45		0.0378905		
19.46		0.0378456		
19.47		0.0378009		
19.48		0.0377562		
19.49		0.0377116		
19.5		0.037667		
19.51		0.0376225		
19.52		0.0375781		
19.53		0.0375338		
19.54		0.0374896		
19.55		0.0374454		
19.56		0.0374013		
19.57		0.0373573		
19.58		0.0373134		
19.59		0.0372695		
19.6		0.0372257		
19.61		0.037182		
19.62		0.0371384		
19.63		0.0370948		
19.64		0.0370513		
19.65		0.0370079		
19.66		0.0369645		
19.67		0.0369212		
19.68		0.036878		
19.69		0.0368349		
19.7		0.0367918		
19.71		0.0367489		
19.72		0.0367059		
19.73		0.0366631		
19.74		0.0366203		
19.75		0.0365776		
19.76		0.036535		
19.77		0.0364925		
19.78		0.03645		
19.79		0.0364076		
19.8		0.0363652		
19.81		0.036323		
19.82		0.0362808		
19.83		0.0362386		
19.84		0.0361966		
19.85		0.0361546		
19.86		0.0361127		
19.87		0.0360708		
19.88		0.0360291		
19.89		0.0359874		
19.9		0.0359457		
19.91		0.0359042		
19.92		0.0358627		
19.93		0.0358212		
19.94		0.0357799		
19.95		0.0357386		
19.96		0.0356974		
19.97		0.0356562		
19.98		0.0356151		
19.99		0.0355741		
20		0.0355332		
20.01		0.0354923		
20.02		0.0354515		
20.03		0.0354107		
20.04		0.0353701		
20.05		0.0353295		
20.06		0.0352889		
20.07		0.0352484		
20.08		0.035208		
20.09		0.0351677		
20.1		0.0351274		
20.11		0.0350872		
20.12		0.0350471		
20.13		0.035007		
20.14		0.034967		
20.15		0.034927		
20.16		0.0348872		
20.17		0.0348473		
20.18		0.0348076		
20.19		0.0347679		
20.2		0.0347283		
20.21		0.0346888		
20.22		0.0346493		
20.23		0.0346099		
20.24		0.0345705		
20.25		0.0345312		
20.26		0.034492		
20.27		0.0344528		
20.28		0.0344137		
20.29		0.0343747		
20.3		0.0343357		
20.31		0.0342968		
20.32		0.034258		
20.33		0.0342192		
20.34		0.0341805		
20.35		0.0341418		
20.36		0.0341032		
20.37		0.0340647		
20.38		0.0340262		
20.39		0.0339878		
20.4		0.0339495		
20.41		0.0339112		
20.42		0.033873		
20.43		0.0338348		
20.44		0.0337968		
20.45		0.0337587		
20.46		0.0337208		
20.47		0.0336828		
20.48		0.033645		
20.49		0.0336072		
20.5		0.0335695		
20.51		0.0335318		
20.52		0.0334942		
20.53		0.0334567		
20.54		0.0334192		
20.55		0.0333818		
20.56		0.0333444		
20.57		0.0333071		
20.58		0.0332699		
20.59		0.0332327		
20.6		0.0331956		
20.61		0.0331586		
20.62		0.0331216		
20.63		0.0330846		
20.64		0.0330477		
20.65		0.0330109		
20.66		0.0329742		
20.67		0.0329375		
20.68		0.0329008		
20.69		0.0328642		
20.7		0.0328277		
20.71		0.0327912		
20.72		0.0327548		
20.73		0.0327185		
20.74		0.0326822		
20.75		0.032646		
20.76		0.0326098		
20.77		0.0325737		
20.78		0.0325376		
20.79		0.0325016		
20.8		0.0324657		
20.81		0.0324298		
20.82		0.0323939		
20.83		0.0323582		
20.84		0.0323224		
20.85		0.0322868		
20.86		0.0322512		
20.87		0.0322156		
20.88		0.0321801		
20.89		0.0321447		
20.9		0.0321093		
20.91		0.032074		
20.92		0.0320387		
20.93		0.0320035		
20.94		0.0319684		
20.95		0.0319333		
20.96		0.0318982		
20.97		0.0318632		
20.98		0.0318283		
20.99		0.0317934		
21		0.0317586		
21.01		0.0317239		
21.02		0.0316891		
21.03		0.0316545		
21.04		0.0316199		
21.05		0.0315853		
21.06		0.0315508		
21.07		0.0315164		
21.08		0.031482		
21.09		0.0314477		
21.1		0.0314134		
21.11		0.0313792		
21.12		0.031345		
21.13		0.0313109		
21.14		0.0312768		
21.15		0.0312428		
21.16		0.0312089		
21.17		0.031175		
21.18		0.0311411		
21.19		0.0311073		
21.2		0.0310736		
21.21		0.0310399		
21.22		0.0310062		
21.23		0.0309726		
21.24		0.0309391		
21.25		0.0309056		
21.26		0.0308722		
21.27		0.0308388		
21.28		0.0308055		
21.29		0.0307722		
21.3		0.030739		
21.31		0.0307058		
21.32		0.0306727		
21.33		0.0306396		
21.34		0.0306066		
21.35		0.0305737		
21.36		0.0305408		
21.37		0.0305079		
21.38		0.0304751		
21.39		0.0304423		
21.4		0.0304096		
21.41		0.030377		
21.42		0.0303443		
21.43		0.0303118		
21.44		0.0302793		
21.45		0.0302468		
21.46		0.0302144		
21.47		0.0301821		
21.48		0.0301497		
21.49		0.0301175		
21.5		0.0300853		
21.51		0.0300531		
21.52		0.030021		
21.53		0.029989		
21.54		0.0299569		
21.55		0.029925		
21.56		0.0298931		
21.57		0.0298612		
21.58		0.0298294		
21.59		0.0297976		
21.6		0.0297659		
21.61		0.0297342		
21.62		0.0297026		
21.63		0.029671		
21.64		0.0296395		
21.65		0.029608		
21.66		0.0295766		
21.67		0.0295452		
21.68		0.0295139		
21.69		0.0294826		
21.7		0.0294514		
21.71		0.0294202		
21.72		0.0293891		
21.73		0.029358		
21.74		0.0293269		
21.75		0.0292959		
21.76		0.029265		
21.77		0.0292341		
21.78		0.0292032		
21.79		0.0291724		
21.8		0.0291416		
21.81		0.0291109		
21.82		0.0290803		
21.83		0.0290496		
21.84		0.0290191		
21.85		0.0289885		
21.86		0.028958		
21.87		0.0289276		
21.88		0.0288972		
21.89		0.0288669		
21.9		0.0288366		
21.91		0.0288063		
21.92		0.0287761		
21.93		0.0287459		
21.94		0.0287158		
21.95		0.0286858		
21.96		0.0286557		
21.97		0.0286257		
21.98		0.0285958		
21.99		0.0285659		
22		0.0285361		
22.01		0.0285063		
22.02		0.0284765		
22.03		0.0284468		
22.04		0.0284171		
22.05		0.0283875		
22.06		0.0283579		
22.07		0.0283284		
22.08		0.0282989		
22.09		0.0282695		
22.1		0.0282401		
22.11		0.0282107		
22.12		0.0281814		
22.13		0.0281521		
22.14		0.0281229		
22.15		0.0280937		
22.16		0.0280646		
22.17		0.0280355		
22.18		0.0280064		
22.19		0.0279774		
22.2		0.0279484		
22.21		0.0279195		
22.22		0.0278906		
22.23		0.0278618		
22.24		0.027833		
22.25		0.0278043		
22.26		0.0277755		
22.27		0.0277469		
22.28		0.0277183		
22.29		0.0276897		
22.3		0.0276611		
22.31		0.0276326		
22.32		0.0276042		
22.33		0.0275758		
22.34		0.0275474		
22.35		0.0275191		
22.36		0.0274908		
22.37		0.0274626		
22.38		0.0274343		
22.39		0.0274062		
22.4		0.0273781		
22.41		0.02735		
22.42		0.027322		
22.43		0.027294		
22.44		0.027266		
22.45		0.0272381		
22.46		0.0272102		
22.47		0.0271824		
22.48		0.0271546		
22.49		0.0271269		
22.5		0.0270991		
22.51		0.0270715		
22.52		0.0270439		
22.53		0.0270163		
22.54		0.0269887		
22.55		0.0269612		
22.56		0.0269338		
22.57		0.0269063		
22.58		0.0268789		
22.59		0.0268516		
22.6		0.0268243		
22.61		0.026797		
22.62		0.0267698		
22.63		0.0267426		
22.64		0.0267155		
22.65		0.0266884		
22.66		0.0266613		
22.67		0.0266343		
22.68		0.0266073		
22.69		0.0265803		
22.7		0.0265534		
22.71		0.0265266		
22.72		0.0264997		
22.73		0.0264729		
22.74		0.0264462		
22.75		0.0264195		
22.76		0.0263928		
22.77		0.0263662		
22.78		0.0263396		
22.79		0.026313		
22.8		0.0262865		
22.81		0.02626		
22.82		0.0262336		
22.83		0.0262071		
22.84		0.0261808		
22.85		0.0261545		
22.86		0.0261282		
22.87		0.0261019		
22.88		0.0260757		
22.89		0.0260495		
22.9		0.0260234		
22.91		0.0259973		
22.92		0.0259712		
22.93		0.0259452		
22.94		0.0259192		
22.95		0.0258932		
22.96		0.0258673		
22.97		0.0258414		
22.98		0.0258156		
22.99		0.0257898		
23		0.025764		
23.01		0.0257383		
23.02		0.0257126		
23.03		0.025687		
23.04		0.0256613		
23.05		0.0256358		
23.06		0.0256102		
23.07		0.0255847		
23.08		0.0255592		
23.09		0.0255338		
23.1		0.0255084		
23.11		0.025483		
23.12		0.0254577		
23.13		0.0254324		
23.14		0.0254072		
23.15		0.0253819		
23.16		0.0253567		
23.17		0.0253316		
23.18		0.0253065		
23.19		0.0252814		
23.2		0.0252564		
23.21		0.0252314		
23.22		0.0252064		
23.23		0.0251815		
23.24		0.0251566		
23.25		0.0251317		
23.26		0.0251069		
23.27		0.0250821		
23.28		0.0250573		
23.29		0.0250326		
23.3		0.0250079		
23.31		0.0249833		
23.32		0.0249586		
23.33		0.0249341		
23.34		0.0249095		
23.35		0.024885		
23.36		0.0248605		
23.37		0.0248361		
23.38		0.0248117		
23.39		0.0247873		
23.4		0.024763		
23.41		0.0247386		
23.42		0.0247144		
23.43		0.0246901		
23.44		0.0246659		
23.45		0.0246418		
23.46		0.0246176		
23.47		0.0245935		
23.48		0.0245695		
23.49		0.0245454		
23.5		0.0245214		
23.51		0.0244975		
23.52		0.0244735		
23.53		0.0244496		
23.54		0.0244258		
23.55		0.0244019		
23.56		0.0243781		
23.57		0.0243544		
23.58		0.0243306		
23.59		0.0243069		
23.6		0.0242833		
23.61		0.0242596		
23.62		0.024236		
23.63		0.0242125		
23.64		0.0241889		
23.65		0.0241654		
23.66		0.0241419		
23.67		0.0241185		
23.68		0.0240951		
23.69		0.0240717		
23.7		0.0240484		
23.71		0.0240251		
23.72		0.0240018		
23.73		0.0239786		
23.74		0.0239554		
23.75		0.0239322		
23.76		0.023909		
23.77		0.0238859		
23.78		0.0238628		
23.79		0.0238398		
23.8		0.0238168		
23.81		0.0237938		
23.82		0.0237708		
23.83		0.0237479		
23.84		0.023725		
23.85		0.0237022		
23.86		0.0236793		
23.87		0.0236565		
23.88		0.0236338		
23.89		0.0236111		
23.9		0.0235883		
23.91		0.0235657		
23.92		0.023543		
23.93		0.0235204		
23.94		0.0234979		
23.95		0.0234753		
23.96		0.0234528		
23.97		0.0234303		
23.98		0.0234079		
23.99		0.0233854		
24		0.023363		
24.01		0.0233407		
24.02		0.0233184		
24.03		0.0232961		
24.04		0.0232738		
24.05		0.0232515		
24.06		0.0232293		
24.07		0.0232072		
24.08		0.023185		
24.09		0.0231629		
24.1		0.0231408		
24.11		0.0231188		
24.12		0.0230967		
24.13		0.0230747		
24.14		0.0230528		
24.15		0.0230308		
24.16		0.0230089		
24.17		0.022987		
24.18		0.0229652		
24.19		0.0229434		
24.2		0.0229216		
24.21		0.0228998		
24.22		0.0228781		
24.23		0.0228564		
24.24		0.0228347		
24.25		0.0228131		
24.26		0.0227915		
24.27		0.0227699		
24.28		0.0227484		
24.29		0.0227268		
24.3		0.0227053		
24.31		0.0226839		
24.32		0.0226624		
24.33		0.022641		
24.34		0.0226197		
24.35		0.0225983		
24.36		0.022577		
24.37		0.0225557		
24.38		0.0225344		
24.39		0.0225132		
24.4		0.022492		
24.41		0.0224708		
24.42		0.0224497		
24.43		0.0224286		
24.44		0.0224075		
24.45		0.0223864		
24.46		0.0223654		
24.47		0.0223444		
24.48		0.0223234		
24.49		0.0223024		
24.5		0.0222815		
24.51		0.0222606		
24.52		0.0222398		
24.53		0.0222189		
24.54		0.0221981		
24.55		0.0221773		
24.56		0.0221566		
24.57		0.0221358		
24.58		0.0221151		
24.59		0.0220945		
24.6		0.0220738		
24.61		0.0220532		
24.62		0.0220326		
24.63		0.0220121		
24.64		0.0219915		
24.65		0.021971		
24.66		0.0219506		
24.67		0.0219301		
24.68		0.0219097		
24.69		0.0218893		
24.7		0.0218689		
24.71		0.0218486		
24.72		0.0218283		
24.73		0.021808		
24.74		0.0217877		
24.75		0.0217675		
24.76		0.0217473		
24.77		0.0217271		
24.78		0.0217069		
24.79		0.0216868		
24.8		0.0216667		
24.81		0.0216466		
24.82		0.0216266		
24.83		0.0216066		
24.84		0.0215866		
24.85		0.0215666		
24.86		0.0215467		
24.87		0.0215267		
24.88		0.0215069		
24.89		0.021487		
24.9		0.0214672		
24.91		0.0214473		
24.92		0.0214276		
24.93		0.0214078		
24.94		0.0213881		
24.95		0.0213684		
24.96		0.0213487		
24.97		0.021329		
24.98		0.0213094		
24.99		0.0212898		
25		0.0212702		
25.01		0.0212507		
25.02		0.0212312		
25.03		0.0212117		
25.04		0.0211922		
25.05		0.0211727		
25.06		0.0211533		
25.07		0.0211339		
25.08		0.0211145		
25.09		0.0210952		
25.1		0.0210759		
25.11		0.0210566		
25.12		0.0210373		
25.13		0.0210181		
25.14		0.0209988		
25.15		0.0209796		
25.16		0.0209605		
25.17		0.0209413		
25.18		0.0209222		
25.19		0.0209031		
25.2		0.020884		
25.21		0.020865		
25.22		0.020846		
25.23		0.020827		
25.24		0.020808		
25.25		0.0207891		
25.26		0.0207701		
25.27		0.0207512		
25.28		0.0207324		
25.29		0.0207135		
25.3		0.0206947		
25.31		0.0206759		
25.32		0.0206571		
25.33		0.0206384		
25.34		0.0206196		
25.35		0.0206009		
25.36		0.0205823		
25.37		0.0205636		
25.38		0.020545		
25.39		0.0205264		
25.4		0.0205078		
25.41		0.0204892		
25.42		0.0204707		
25.43		0.0204522		
25.44		0.0204337		
25.45		0.0204152		
25.46		0.0203968		
25.47		0.0203784		
25.48		0.02036		
25.49		0.0203416		
25.5		0.0203233		
25.51		0.0203049		
25.52		0.0202867		
25.53		0.0202684		
25.54		0.0202501		
25.55		0.0202319		
25.56		0.0202137		
25.57		0.0201955		
25.58		0.0201774		
25.59		0.0201592		
25.6		0.0201411		
25.61		0.020123		
25.62		0.020105		
25.63		0.0200869		
25.64		0.0200689		
25.65		0.0200509		
25.66		0.0200329		
25.67		0.020015		
25.68		0.0199971		
25.69		0.0199792		
25.7		0.0199613		
25.71		0.0199434		
25.72		0.0199256		
25.73		0.0199078		
25.74		0.01989		
25.75		0.0198722		
25.76		0.0198545		
25.77		0.0198368		
25.78		0.0198191		
25.79		0.0198014		
25.8		0.0197837		
25.81		0.0197661		
25.82		0.0197485		
25.83		0.0197309		
25.84		0.0197133		
25.85		0.0196958		
25.86		0.0196783		
25.87		0.0196608		
25.88		0.0196433		
25.89		0.0196259		
25.9		0.0196084		
25.91		0.019591		
25.92		0.0195736		
25.93		0.0195563		
25.94		0.0195389		
25.95		0.0195216		
25.96		0.0195043		
25.97		0.019487		
25.98		0.0194698		
25.99		0.0194525		
26		0.0194353		
26.01		0.0194181		
26.02		0.019401		
26.03		0.0193838		
26.04		0.0193667		
26.05		0.0193496		
26.06		0.0193325		
26.07		0.0193154		
26.08		0.0192984		
26.09		0.0192814		
26.1		0.0192644		
26.11		0.0192474		
26.12		0.0192305		
26.13		0.0192135		
26.14		0.0191966		
26.15		0.0191797		
26.16		0.0191629		
26.17		0.019146		
26.18		0.0191292		
26.19		0.0191124		
26.2		0.0190956		
26.21		0.0190788		
26.22		0.0190621		
26.23		0.0190454		
26.24		0.0190287		
26.25		0.019012		
26.26		0.0189953		
26.27		0.0189787		
26.28		0.0189621		
26.29		0.0189455		
26.3		0.0189289		
26.31		0.0189123		
26.32		0.0188958		
26.33		0.0188793		
26.34		0.0188628		
26.35		0.0188463		
26.36		0.0188298		
26.37		0.0188134		
26.38		0.018797		
26.39		0.0187806		
26.4		0.0187642		
26.41		0.0187479		
26.42		0.0187315		
26.43		0.0187152		
26.44		0.0186989		
26.45		0.0186827		
26.46		0.0186664		
26.47		0.0186502		
26.48		0.018634		
26.49		0.0186178		
26.5		0.0186016		
26.51		0.0185855		
26.52		0.0185693		
26.53		0.0185532		
26.54		0.0185371		
26.55		0.0185211		
26.56		0.018505		
26.57		0.018489		
26.58		0.018473		
26.59		0.018457		
26.6		0.018441		
26.61		0.018425		
26.62		0.0184091		
26.63		0.0183932		
26.64		0.0183773		
26.65		0.0183614		
26.66		0.0183456		
26.67		0.0183297		
26.68		0.0183139		
26.69		0.0182981		
26.7		0.0182823		
26.71		0.0182666		
26.72		0.0182508		
26.73		0.0182351		
26.74		0.0182194		
26.75		0.0182037		
26.76		0.0181881		
26.77		0.0181724		
26.78		0.0181568		
26.79		0.0181412		
26.8		0.0181256		
26.81		0.01811		
26.82		0.0180945		
26.83		0.018079		
26.84		0.0180634		
26.85		0.018048		
26.86		0.0180325		
26.87		0.018017		
26.88		0.0180016		
26.89		0.0179862		
26.9		0.0179708		
26.91		0.0179554		
26.92		0.01794		
26.93		0.0179247		
26.94		0.0179094		
26.95		0.0178941		
26.96		0.0178788		
26.97		0.0178635		
26.98		0.0178483		
26.99		0.017833		
27		0.0178178		
27.01		0.0178026		
27.02		0.0177874		
27.03		0.0177723		
27.04		0.0177572		
27.05		0.017742		
27.06		0.0177269		
27.07		0.0177118		
27.08		0.0176968		
27.09		0.0176817		
27.1		0.0176667		
27.11		0.0176517		
27.12		0.0176367		
27.13		0.0176217		
27.14		0.0176068		
27.15		0.0175918		
27.16		0.0175769		
27.17		0.017562		
27.18		0.0175471		
27.19		0.0175322		
27.2		0.0175174		
27.21		0.0175026		
27.22		0.0174877		
27.23		0.0174729		
27.24		0.0174582		
27.25		0.0174434		
27.26		0.0174287		
27.27		0.0174139		
27.28		0.0173992		
27.29		0.0173845		
27.3		0.0173699		
27.31		0.0173552		
27.32		0.0173406		
27.33		0.0173259		
27.34		0.0173113		
27.35		0.0172968		
27.36		0.0172822		
27.37		0.0172676		
27.38		0.0172531		
27.39		0.0172386		
27.4		0.0172241		
27.41		0.0172096		
27.42		0.0171951		
27.43		0.0171807		
27.44		0.0171663		
27.45		0.0171519		
27.46		0.0171375		
27.47		0.0171231		
27.48		0.0171087		
27.49		0.0170944		
27.5		0.01708		
27.51		0.0170657		
27.52		0.0170514		
27.53		0.0170372		
27.54		0.0170229		
27.55		0.0170087		
27.56		0.0169944		
27.57		0.0169802		
27.58		0.016966		
27.59		0.0169519		
27.6		0.0169377		
27.61		0.0169235		
27.62		0.0169094		
27.63		0.0168953		
27.64		0.0168812		
27.65		0.0168671		
27.66		0.0168531		
27.67		0.016839		
27.68		0.016825		
27.69		0.016811		
27.7		0.016797		
27.71		0.016783		
27.72		0.0167691		
27.73		0.0167551		
27.74		0.0167412		
27.75		0.0167273		
27.76		0.0167134		
27.77		0.0166995		
27.78		0.0166857		
27.79		0.0166718		
27.8		0.016658		
27.81		0.0166442		
27.82		0.0166304		
27.83		0.0166166		
27.84		0.0166028		
27.85		0.0165891		
27.86		0.0165753		
27.87		0.0165616		
27.88		0.0165479		
27.89		0.0165342		
27.9		0.0165206		
27.91		0.0165069		
27.92		0.0164933		
27.93		0.0164797		
27.94		0.0164661		
27.95		0.0164525		
27.96		0.0164389		
27.97		0.0164253		
27.98		0.0164118		
27.99		0.0163983		
28		0.0163848		
28.01		0.0163713		
28.02		0.0163578		
28.03		0.0163443		
28.04		0.0163309		
28.05		0.0163174		
28.06		0.016304		
28.07		0.0162906		
28.08		0.0162772		
28.09		0.0162639		
28.1		0.0162505		
28.11		0.0162372		
28.12		0.0162238		
28.13		0.0162105		
28.14		0.0161972		
28.15		0.016184		
28.16		0.0161707		
28.17		0.0161575		
28.18		0.0161442		
28.19		0.016131		
28.2		0.0161178		
28.21		0.0161046		
28.22		0.0160915		
28.23		0.0160783		
28.24		0.0160652		
28.25		0.016052		
28.26		0.0160389		
28.27		0.0160258		
28.28		0.0160128		
28.29		0.0159997		
28.3		0.0159866		
28.31		0.0159736		
28.32		0.0159606		
28.33		0.0159476		
28.34		0.0159346		
28.35		0.0159216		
28.36		0.0159087		
28.37		0.0158957		
28.38		0.0158828		
28.39		0.0158699		
28.4		0.015857		
28.41		0.0158441		
28.42		0.0158312		
28.43		0.0158183		
28.44		0.0158055		
28.45		0.0157927		
28.46		0.0157799		
28.47		0.0157671		
28.48		0.0157543		
28.49		0.0157415		
28.5		0.0157288		
28.51		0.015716		
28.52		0.0157033		
28.53		0.0156906		
28.54		0.0156779		
28.55		0.0156652		
28.56		0.0156525		
28.57		0.0156399		
28.58		0.0156273		
28.59		0.0156146		
28.6		0.015602		
28.61		0.0155894		
28.62		0.0155768		
28.63		0.0155643		
28.64		0.0155517		
28.65		0.0155392		
28.66		0.0155267		
28.67		0.0155141		
28.68		0.0155017		
28.69		0.0154892		
28.7		0.0154767		
28.71		0.0154643		
28.72		0.0154518		
28.73		0.0154394		
28.74		0.015427		
28.75		0.0154146		
28.76		0.0154022		
28.77		0.0153898		
28.78		0.0153775		
28.79		0.0153651		
28.8		0.0153528		
28.81		0.0153405		
28.82		0.0153282		
28.83		0.0153159		
28.84		0.0153036		
28.85		0.0152914		
28.86		0.0152791		
28.87		0.0152669		
28.88		0.0152547		
28.89		0.0152425		
28.9		0.0152303		
28.91		0.0152181		
28.92		0.015206		
28.93		0.0151938		
28.94		0.0151817		
28.95		0.0151696		
28.96		0.0151574		
28.97		0.0151454		
28.98		0.0151333		
28.99		0.0151212		
29		0.0151092		
29.01		0.0150971		
29.02		0.0150851		
29.03		0.0150731		
29.04		0.0150611		
29.05		0.0150491		
29.06		0.0150371		
29.07		0.0150252		
29.08		0.0150132		
29.09		0.0150013		
29.1		0.0149894		
29.11		0.0149775		
29.12		0.0149656		
29.13		0.0149537		
29.14		0.0149418		
29.15		0.01493		
29.16		0.0149181		
29.17		0.0149063		
29.18		0.0148945		
29.19		0.0148827		
29.2		0.0148709		
29.21		0.0148591		
29.22		0.0148474		
29.23		0.0148356		
29.24		0.0148239		
29.25		0.0148122		
29.26		0.0148004		
29.27		0.0147887		
29.28		0.0147771		
29.29		0.0147654		
29.3		0.0147537		
29.31		0.0147421		
29.32		0.0147305		
29.33		0.0147188		
29.34		0.0147072		
29.35		0.0146956		
29.36		0.0146841		
29.37		0.0146725		
29.38		0.0146609		
29.39		0.0146494		
29.4		0.0146379		
29.41		0.0146264		
29.42		0.0146149		
29.43		0.0146034		
29.44		0.0145919		
29.45		0.0145804		
29.46		0.014569		
29.47		0.0145575		
29.48		0.0145461		
29.49		0.0145347		
29.5		0.0145233		
29.51		0.0145119		
29.52		0.0145005		
29.53		0.0144891		
29.54		0.0144778		
29.55		0.0144665		
29.56		0.0144551		
29.57		0.0144438		
29.58		0.0144325		
29.59		0.0144212		
29.6		0.0144099		
29.61		0.0143987		
29.62		0.0143874		
29.63		0.0143762		
29.64		0.0143649		
29.65		0.0143537		
29.66		0.0143425		
29.67		0.0143313		
29.68		0.0143201		
29.69		0.014309		
29.7		0.0142978		
29.71		0.0142867		
29.72		0.0142756		
29.73		0.0142644		
29.74		0.0142533		
29.75		0.0142422		
29.76		0.0142311		
29.77		0.0142201		
29.78		0.014209		
29.79		0.014198		
29.8		0.0141869		
29.81		0.0141759		
29.82		0.0141649		
29.83		0.0141539		
29.84		0.0141429		
29.85		0.0141319		
29.86		0.014121		
29.87		0.01411		
29.88		0.0140991		
29.89		0.0140882		
29.9		0.0140772		
29.91		0.0140663		
29.92		0.0140554		
29.93		0.0140446		
29.94		0.0140337		
29.95		0.0140228		
29.96		0.014012		
29.97		0.0140012		
29.98		0.0139903		
29.99		0.0139795		
30		0.0139687		
30.01		0.0139579		
30.02		0.0139472		
30.03		0.0139364		
30.04		0.0139257		
30.05		0.0139149		
30.06		0.0139042		
30.07		0.0138935		
30.08		0.0138828		
30.09		0.0138721		
30.1		0.0138614		
30.11		0.0138507		
30.12		0.01384		
30.13		0.0138294		
30.14		0.0138188		
30.15		0.0138081		
30.16		0.0137975		
30.17		0.0137869		
30.18		0.0137763		
30.19		0.0137657		
30.2		0.0137552		
30.21		0.0137446		
30.22		0.0137341		
30.23		0.0137235		
30.24		0.013713		
30.25		0.0137025		
30.26		0.013692		
30.27		0.0136815		
30.28		0.013671		
30.29		0.0136606		
30.3		0.0136501		
30.31		0.0136397		
30.32		0.0136292		
30.33		0.0136188		
30.34		0.0136084		
30.35		0.013598		
30.36		0.0135876		
30.37		0.0135772		
30.38		0.0135669		
30.39		0.0135565		
30.4		0.0135462		
30.41		0.0135358		
30.42		0.0135255		
30.43		0.0135152		
30.44		0.0135049		
30.45		0.0134946		
30.46		0.0134843		
30.47		0.013474		
30.48		0.0134638		
30.49		0.0134535		
30.5		0.0134433		
30.51		0.0134331		
30.52		0.0134229		
30.53		0.0134127		
30.54		0.0134025		
30.55		0.0133923		
30.56		0.0133821		
30.57		0.013372		
30.58		0.0133618		
30.59		0.0133517		
30.6		0.0133415		
30.61		0.0133314		
30.62		0.0133213		
30.63		0.0133112		
30.64		0.0133011		
30.65		0.0132911		
30.66		0.013281		
30.67		0.0132709		
30.68		0.0132609		
30.69		0.0132509		
30.7		0.0132408		
30.71		0.0132308		
30.72		0.0132208		
30.73		0.0132108		
30.74		0.0132008		
30.75		0.0131909		
30.76		0.0131809		
30.77		0.013171		
30.78		0.013161		
30.79		0.0131511		
30.8		0.0131412		
30.81		0.0131313		
30.82		0.0131214		
30.83		0.0131115		
30.84		0.0131016		
30.85		0.0130918		
30.86		0.0130819		
30.87		0.0130721		
30.88		0.0130622		
30.89		0.0130524		
30.9		0.0130426		
30.91		0.0130328		
30.92		0.013023		
30.93		0.0130132		
30.94		0.0130034		
30.95		0.0129937		
30.96		0.0129839		
30.97		0.0129742		
30.98		0.0129644		
30.99		0.0129547		
31		0.012945		
31.01		0.0129353		
31.02		0.0129256		
31.03		0.0129159		
31.04		0.0129062		
31.05		0.0128966		
31.06		0.0128869		
31.07		0.0128773		
31.08		0.0128677		
31.09		0.012858		
31.1		0.0128484		
31.11		0.0128388		
31.12		0.0128292		
31.13		0.0128196		
31.14		0.0128101		
31.15		0.0128005		
31.16		0.012791		
31.17		0.0127814		
31.18		0.0127719		
31.19		0.0127624		
31.2		0.0127528		
31.21		0.0127433		
31.22		0.0127338		
31.23		0.0127244		
31.24		0.0127149		
31.25		0.0127054		
31.26		0.012696		
31.27		0.0126865		
31.28		0.0126771		
31.29		0.0126677		
31.3		0.0126582		
31.31		0.0126488		
31.32		0.0126394		
31.33		0.0126301		
31.34		0.0126207		
31.35		0.0126113		
31.36		0.012602		
31.37		0.0125926		
31.38		0.0125833		
31.39		0.0125739		
31.4		0.0125646		
31.41		0.0125553		
31.42		0.012546		
31.43		0.0125367		
31.44		0.0125274		
31.45		0.0125182		
31.46		0.0125089		
31.47		0.0124997		
31.48		0.0124904		
31.49		0.0124812		
31.5		0.012472		
31.51		0.0124627		
31.52		0.0124535		
31.53		0.0124443		
31.54		0.0124351		
31.55		0.012426		
31.56		0.0124168		
31.57		0.0124076		
31.58		0.0123985		
31.59		0.0123894		
31.6		0.0123802		
31.61		0.0123711		
31.62		0.012362		
31.63		0.0123529		
31.64		0.0123438		
31.65		0.0123347		
31.66		0.0123256		
31.67		0.0123166		
31.68		0.0123075		
31.69		0.0122985		
31.7		0.0122894		
31.71		0.0122804		
31.72		0.0122714		
31.73		0.0122624		
31.74		0.0122534		
31.75		0.0122444		
31.76		0.0122354		
31.77		0.0122264		
31.78		0.0122175		
31.79		0.0122085		
31.8		0.0121995		
31.81		0.0121906		
31.82		0.0121817		
31.83		0.0121728		
31.84		0.0121639		
31.85		0.0121549		
31.86		0.0121461		
31.87		0.0121372		
31.88		0.0121283		
31.89		0.0121194		
31.9		0.0121106		
31.91		0.0121017		
31.92		0.0120929		
31.93		0.012084		
31.94		0.0120752		
31.95		0.0120664		
31.96		0.0120576		
31.97		0.0120488		
31.98		0.01204		
31.99		0.0120312		
32		0.0120224		
32.01		0.0120137		
32.02		0.0120049		
32.03		0.0119962		
32.04		0.0119874		
32.05		0.0119787		
32.06		0.01197		
32.07		0.0119613		
32.08		0.0119526		
32.09		0.0119439		
32.1		0.0119352		
32.11		0.0119265		
32.12		0.0119179		
32.13		0.0119092		
32.14		0.0119006		
32.15		0.011892		
32.16		0.0118833		
32.17		0.0118747		
32.18		0.0118661		
32.19		0.0118575		
32.2		0.0118489		
32.21		0.0118404		
32.22		0.0118318		
32.23		0.0118232		
32.24		0.0118147		
32.25		0.0118062		
32.26		0.0117976		
32.27		0.0117891		
32.28		0.0117806		
32.29		0.0117721		
32.3		0.0117636		
32.31		0.0117552		
32.32		0.0117467		
32.33		0.0117382		
32.34		0.0117298		
32.35		0.0117214		
32.36		0.0117129		
32.37		0.0117045		
32.38		0.0116961		
32.39		0.0116877		
32.4		0.0116793		
32.41		0.011671		
32.42		0.0116626		
32.43		0.0116543		
32.44		0.0116459		
32.45		0.0116376		
32.46		0.0116293		
32.47		0.0116209		
32.48		0.0116126		
32.49		0.0116044		
32.5		0.0115961		
32.51		0.0115878		
32.52		0.0115795		
32.53		0.0115713		
32.54		0.011563		
32.55		0.0115548		
32.56		0.0115466		
32.57		0.0115384		
32.58		0.0115302		
32.59		0.011522		
32.6		0.0115138		
32.61		0.0115056		
32.62		0.0114975		
32.63		0.0114893		
32.64		0.0114812		
32.65		0.0114731		
32.66		0.0114649		
32.67		0.0114568		
32.68		0.0114487		
32.69		0.0114407		
32.7		0.0114326		
32.71		0.0114245		
32.72		0.0114164		
32.73		0.0114084		
32.74		0.0114004		
32.75		0.0113923		
32.76		0.0113843		
32.77		0.0113763		
32.78		0.0113683		
32.79		0.0113603		
32.8		0.0113523		
32.81		0.0113444		
32.82		0.0113364		
32.83		0.0113285		
32.84		0.0113205		
32.85		0.0113126		
32.86		0.0113047		
32.87		0.0112968		
32.88		0.0112889		
32.89		0.011281		
32.9		0.0112731		
32.91		0.0112652		
32.92		0.0112574		
32.93		0.0112495		
32.94		0.0112417		
32.95		0.0112338		
32.96		0.011226		
32.97		0.0112182		
32.98		0.0112104		
32.99		0.0112026		
33		0.0111948		
33.01		0.011187		
33.02		0.0111793		
33.03		0.0111715		
33.04		0.0111638		
33.05		0.011156		
33.06		0.0111483		
33.07		0.0111406		
33.08		0.0111329		
33.09		0.0111252		
33.1		0.0111175		
33.11		0.0111098		
33.12		0.0111021		
33.13		0.0110945		
33.14		0.0110868		
33.15		0.0110792		
33.16		0.0110715		
33.17		0.0110639		
33.18		0.0110563		
33.19		0.0110487		
33.2		0.0110411		
33.21		0.0110335		
33.22		0.0110259		
33.23		0.0110184		
33.24		0.0110108		
33.25		0.0110032		
33.26		0.0109957		
33.27		0.0109882		
33.28		0.0109806		
33.29		0.0109731		
33.3		0.0109656		
33.31		0.0109581		
33.32		0.0109506		
33.33		0.0109431		
33.34		0.0109357		
33.35		0.0109282		
33.36		0.0109208		
33.37		0.0109133		
33.38		0.0109059		
33.39		0.0108984		
33.4		0.010891		
33.41		0.0108836		
33.42		0.0108762		
33.43		0.0108688		
33.44		0.0108614		
33.45		0.0108541		
33.46		0.0108467		
33.47		0.0108393		
33.48		0.010832		
33.49		0.0108246		
33.5		0.0108173		
33.51		0.01081		
33.52		0.0108027		
33.53		0.0107954		
33.54		0.0107881		
33.55		0.0107808		
33.56		0.0107735		
33.57		0.0107662		
33.58		0.010759		
33.59		0.0107517		
33.6		0.0107445		
33.61		0.0107372		
33.62		0.01073		
33.63		0.0107228		
33.64		0.0107155		
33.65		0.0107083		
33.66		0.0107011		
33.67		0.0106939		
33.68		0.0106868		
33.69		0.0106796		
33.7		0.0106724		
33.71		0.0106653		
33.72		0.0106581		
33.73		0.010651		
33.74		0.0106438		
33.75		0.0106367		
33.76		0.0106296		
33.77		0.0106225		
33.78		0.0106154		
33.79		0.0106083		
33.8		0.0106012		
33.81		0.0105941		
33.82		0.0105871		
33.83		0.01058		
33.84		0.010573		
33.85		0.0105659		
33.86		0.0105589		
33.87		0.0105518		
33.88		0.0105448		
33.89		0.0105378		
33.9		0.0105308		
33.91		0.0105238		
33.92		0.0105168		
33.93		0.0105098		
33.94		0.0105028		
33.95		0.0104959		
33.96		0.0104889		
33.97		0.010482		
33.98		0.010475		
33.99		0.0104681		
34		0.0104611		
34.01		0.0104542		
34.02		0.0104473		
34.03		0.0104404		
34.04		0.0104335		
34.05		0.0104266		
34.06		0.0104197		
34.07		0.0104129		
34.08		0.010406		
34.09		0.0103991		
34.1		0.0103923		
34.11		0.0103854		
34.12		0.0103786		
34.13		0.0103717		
34.14		0.0103649		
34.15		0.0103581		
34.16		0.0103513		
34.17		0.0103445		
34.18		0.0103377		
34.19		0.0103309		
34.2		0.0103241		
34.21		0.0103174		
34.22		0.0103106		
34.23		0.0103038		
34.24		0.0102971		
34.25		0.0102903		
34.26		0.0102836		
34.27		0.0102769		
34.28		0.0102701		
34.29		0.0102634		
34.3		0.0102567		
34.31		0.01025		
34.32		0.0102433		
34.33		0.0102366		
34.34		0.0102299		
34.35		0.0102233		
34.36		0.0102166		
34.37		0.0102099		
34.38		0.0102033		
34.39		0.0101966		
34.4		0.01019		
34.41		0.0101834		
34.42		0.0101768		
34.43		0.0101701		
34.44		0.0101635		
34.45		0.0101569		
34.46		0.0101503		
34.47		0.0101437		
34.48		0.0101371		
34.49		0.0101306		
34.5		0.010124		
34.51		0.0101174		
34.52		0.0101109		
34.53		0.0101043		
34.54		0.0100978		
34.55		0.0100913		
34.56		0.0100847		
34.57		0.0100782		
34.58		0.0100717		
34.59		0.0100652		
34.6		0.0100587		
34.61		0.0100522		
34.62		0.0100457		
34.63		0.0100392		
34.64		0.0100327		
34.65		0.0100263		
34.66		0.0100198		
34.67		0.0100134		
34.68		0.0100069		
34.69		0.0100005		
34.7		0.00999403		
34.71		0.0099876		
34.72		0.00998118		
34.73		0.00997477		
34.74		0.00996836		
34.75		0.00996195		
34.76		0.00995556		
34.77		0.00994917		
34.78		0.00994279		
34.79		0.00993641		
34.8		0.00993004		
34.81		0.00992367		
34.82		0.00991732		
34.83		0.00991097		
34.84		0.00990462		
34.85		0.00989828		
34.86		0.00989195		
34.87		0.00988563		
34.88		0.00987931		
34.89		0.009873		
34.9		0.00986669		
34.91		0.00986039		
34.92		0.0098541		
34.93		0.00984781		
34.94		0.00984153		
34.95		0.00983526		
34.96		0.00982899		
34.97		0.00982272		
34.98		0.00981647		
34.99		0.00981022		
35		0.00980398		
35.01		0.00979774		
35.02		0.00979151		
35.03		0.00978528		
35.04		0.00977907		
35.05		0.00977285		
35.06		0.00976665		
35.07		0.00976045		
35.08		0.00975425		
35.09		0.00974807		
35.1		0.00974188		
35.11		0.00973571		
35.12		0.00972954		
35.13		0.00972338		
35.14		0.00971722		
35.15		0.00971107		
35.16		0.00970492		
35.17		0.00969879		
35.18		0.00969265		
35.19		0.00968653		
35.2		0.0096804		
35.21		0.00967429		
35.22		0.00966818		
35.23		0.00966208		
35.24		0.00965598		
35.25		0.00964989		
35.26		0.00964381		
35.27		0.00963773		
35.28		0.00963165		
35.29		0.00962559		
35.3		0.00961953		
35.31		0.00961347		
35.32		0.00960742		
35.33		0.00960138		
35.34		0.00959534		
35.35		0.00958931		
35.36		0.00958328		
35.37		0.00957726		
35.38		0.00957125		
35.39		0.00956524		
35.4		0.00955924		
35.41		0.00955324		
35.42		0.00954725		
35.43		0.00954127		
35.44		0.00953529		
35.45		0.00952931		
35.46		0.00952335		
35.47		0.00951739		
35.48		0.00951143		
35.49		0.00950548		
35.5		0.00949953		
35.51		0.0094936		
35.52		0.00948766		
35.53		0.00948173		
35.54		0.00947581		
35.55		0.0094699		
35.56		0.00946399		
35.57		0.00945808		
35.58		0.00945218		
35.59		0.00944629		
35.6		0.0094404		
35.61		0.00943452		
35.62		0.00942864		
35.63		0.00942277		
35.64		0.00941691		
35.65		0.00941105		
35.66		0.00940519		
35.67		0.00939935		
35.68		0.0093935		
35.69		0.00938766		
35.7		0.00938183		
35.71		0.00937601		
35.72		0.00937019		
35.73		0.00936437		
35.74		0.00935856		
35.75		0.00935276		
35.76		0.00934696		
35.77		0.00934117		
35.78		0.00933538		
35.79		0.0093296		
35.8		0.00932382		
35.81		0.00931805		
35.82		0.00931228		
35.83		0.00930652		
35.84		0.00930077		
35.85		0.00929502		
35.86		0.00928927		
35.87		0.00928354		
35.88		0.0092778		
35.89		0.00927208		
35.9		0.00926635		
35.91		0.00926064		
35.92		0.00925492		
35.93		0.00924922		
35.94		0.00924352		
35.95		0.00923782		
35.96		0.00923213		
35.97		0.00922645		
35.98		0.00922077		
35.99		0.00921509		
36		0.00920943		
36.01		0.00920376		
36.02		0.0091981		
36.03		0.00919245		
36.04		0.0091868		
36.05		0.00918116		
36.06		0.00917552		
36.07		0.00916989		
36.08		0.00916427		
36.09		0.00915864		
36.1		0.00915303		
36.11		0.00914742		
36.12		0.00914181		
36.13		0.00913621		
36.14		0.00913062		
36.15		0.00912503		
36.16		0.00911944		
36.17		0.00911386		
36.18		0.00910829		
36.19		0.00910272		
36.2		0.00909715		
36.21		0.0090916		
36.22		0.00908604		
36.23		0.00908049		
36.24		0.00907495		
36.25		0.00906941		
36.26		0.00906388		
36.27		0.00905835		
36.28		0.00905283		
36.29		0.00904731		
36.3		0.0090418		
36.31		0.00903629		
36.32		0.00903079		
36.33		0.00902529		
36.34		0.0090198		
36.35		0.00901431		
36.36		0.00900883		
36.37		0.00900335		
36.38		0.00899788		
36.39		0.00899241		
36.4		0.00898695		
36.41		0.00898149		
36.42		0.00897604		
36.43		0.00897059		
36.44		0.00896515		
36.45		0.00895971		
36.46		0.00895428		
36.47		0.00894885		
36.48		0.00894343		
36.49		0.00893801		
36.5		0.0089326		
36.51		0.00892719		
36.52		0.00892179		
36.53		0.00891639		
36.54		0.008911		
36.55		0.00890561		
36.56		0.00890023		
36.57		0.00889485		
36.58		0.00888948		
36.59		0.00888411		
36.6		0.00887875		
36.61		0.00887339		
36.62		0.00886804		
36.63		0.00886269		
36.64		0.00885735		
36.65		0.00885201		
36.66		0.00884667		
36.67		0.00884134		
36.68		0.00883602		
36.69		0.0088307		
36.7		0.00882539		
36.71		0.00882008		
36.72		0.00881477		
36.73		0.00880947		
36.74		0.00880418		
36.75		0.00879889		
36.76		0.0087936		
36.77		0.00878832		
36.78		0.00878304		
36.79		0.00877777		
36.8		0.0087725		
36.81		0.00876724		
36.82		0.00876199		
36.83		0.00875673		
36.84		0.00875149		
36.85		0.00874624		
36.86		0.008741		
36.87		0.00873577		
36.88		0.00873054		
36.89		0.00872532		
36.9		0.0087201		
36.91		0.00871488		
36.92		0.00870967		
36.93		0.00870447		
36.94		0.00869927		
36.95		0.00869407		
36.96		0.00868888		
36.97		0.00868369		
36.98		0.00867851		
36.99		0.00867333		
37		0.00866816		
37.01		0.00866299		
37.02		0.00865783		
37.03		0.00865267		
37.04		0.00864752		
37.05		0.00864237		
37.06		0.00863722		
37.07		0.00863208		
37.08		0.00862695		
37.09		0.00862182		
37.1		0.00861669		
37.11		0.00861157		
37.12		0.00860645		
37.13		0.00860134		
37.14		0.00859623		
37.15		0.00859112		
37.16		0.00858603		
37.17		0.00858093		
37.18		0.00857584		
37.19		0.00857076		
37.2		0.00856567		
37.21		0.0085606		
37.22		0.00855553		
37.23		0.00855046		
37.24		0.00854539		
37.25		0.00854034		
37.26		0.00853528		
37.27		0.00853023		
37.28		0.00852519		
37.29		0.00852015		
37.3		0.00851511		
37.31		0.00851008		
37.32		0.00850505		
37.33		0.00850003		
37.34		0.00849501		
37.35		0.00849		
37.36		0.00848499		
37.37		0.00847998		
37.38		0.00847498		
37.39		0.00846998		
37.4		0.00846499		
37.41		0.00846001		
37.42		0.00845502		
37.43		0.00845004		
37.44		0.00844507		
37.45		0.0084401		
37.46		0.00843513		
37.47		0.00843017		
37.48		0.00842522		
37.49		0.00842026		
37.5		0.00841532		
37.51		0.00841037		
37.52		0.00840543		
37.53		0.0084005		
37.54		0.00839557		
37.55		0.00839064		
37.56		0.00838572		
37.57		0.0083808		
37.58		0.00837589		
37.59		0.00837098		
37.6		0.00836607		
37.61		0.00836117		
37.62		0.00835628		
37.63		0.00835139		
37.64		0.0083465		
37.65		0.00834162		
37.66		0.00833674		
37.67		0.00833186		
37.68		0.00832699		
37.69		0.00832212		
37.7		0.00831726		
37.71		0.0083124		
37.72		0.00830755		
37.73		0.0083027		
37.74		0.00829786		
37.75		0.00829302		
37.76		0.00828818		
37.77		0.00828335		
37.78		0.00827852		
37.79		0.0082737		
37.8		0.00826888		
37.81		0.00826406		
37.82		0.00825925		
37.83		0.00825444		
37.84		0.00824964		
37.85		0.00824484		
37.86		0.00824004		
37.87		0.00823525		
37.88		0.00823047		
37.89		0.00822569		
37.9		0.00822091		
37.91		0.00821613		
37.92		0.00821136		
37.93		0.0082066		
37.94		0.00820184		
37.95		0.00819708		
37.96		0.00819233		
37.97		0.00818758		
37.98		0.00818283		
37.99		0.00817809		
38		0.00817335		
38.01		0.00816862		
38.02		0.00816389		
38.03		0.00815917		
38.04		0.00815445		
38.05		0.00814973		
38.06		0.00814502		
38.07		0.00814031		
38.08		0.00813561		
38.09		0.00813091		
38.1		0.00812621		
38.11		0.00812152		
38.12		0.00811683		
38.13		0.00811215		
38.14		0.00810747		
38.15		0.00810279		
38.16		0.00809812		
38.17		0.00809345		
38.18		0.00808879		
38.19		0.00808413		
38.2		0.00807947		
38.21		0.00807482		
38.22		0.00807017		
38.23		0.00806553		
38.24		0.00806089		
38.25		0.00805625		
38.26		0.00805162		
38.27		0.00804699		
38.28		0.00804237		
38.29		0.00803775		
38.3		0.00803313		
38.31		0.00802852		
38.32		0.00802391		
38.33		0.00801931		
38.34		0.00801471		
38.35		0.00801011		
38.36		0.00800552		
38.37		0.00800093		
38.38		0.00799635		
38.39		0.00799176		
38.4		0.00798719		
38.41		0.00798261		
38.42		0.00797805		
38.43		0.00797348		
38.44		0.00796892		
38.45		0.00796436		
38.46		0.00795981		
38.47		0.00795526		
38.48		0.00795071		
38.49		0.00794617		
38.5		0.00794163		
38.51		0.0079371		
38.52		0.00793257		
38.53		0.00792804		
38.54		0.00792352		
38.55		0.007919		
38.56		0.00791449		
38.57		0.00790998		
38.58		0.00790547		
38.59		0.00790097		
38.6		0.00789647		
38.61		0.00789197		
38.62		0.00788748		
38.63		0.00788299		
38.64		0.00787851		
38.65		0.00787403		
38.66		0.00786955		
38.67		0.00786508		
38.68		0.00786061		
38.69		0.00785614		
38.7		0.00785168		
38.71		0.00784722		
38.72		0.00784277		
38.73		0.00783832		
38.74		0.00783387		
38.75		0.00782943		
38.76		0.00782499		
38.77		0.00782055		
38.78		0.00781612		
38.79		0.0078117		
38.8		0.00780727		
38.81		0.00780285		
38.82		0.00779843		
38.83		0.00779402		
38.84		0.00778961		
38.85		0.00778521		
38.86		0.0077808		
38.87		0.00777641		
38.88		0.00777201		
38.89		0.00776762		
38.9		0.00776323		
38.91		0.00775885		
38.92		0.00775447		
38.93		0.0077501		
38.94		0.00774572		
38.95		0.00774136		
38.96		0.00773699		
38.97		0.00773263		
38.98		0.00772827		
38.99		0.00772392		
39		0.00771957		
39.01		0.00771522		
39.02		0.00771088		
39.03		0.00770654		
39.04		0.0077022		
39.05		0.00769787		
39.06		0.00769354		
39.07		0.00768922		
39.08		0.0076849		
39.09		0.00768058		
39.1		0.00767626		
39.11		0.00767195		
39.12		0.00766765		
39.13		0.00766334		
39.14		0.00765904		
39.15		0.00765475		
39.16		0.00765045		
39.17		0.00764617		
39.18		0.00764188		
39.19		0.0076376		
39.2		0.00763332		
39.21		0.00762905		
39.22		0.00762477		
39.23		0.00762051		
39.24		0.00761624		
39.25		0.00761198		
39.26		0.00760773		
39.27		0.00760347		
39.28		0.00759922		
39.29		0.00759498		
39.3		0.00759073		
39.31		0.00758649		
39.32		0.00758226		
39.33		0.00757803		
39.34		0.0075738		
39.35		0.00756957		
39.36		0.00756535		
39.37		0.00756113		
39.38		0.00755692		
39.39		0.00755271		
39.4		0.0075485		
39.41		0.00754429		
39.42		0.00754009		
39.43		0.0075359		
39.44		0.0075317		
39.45		0.00752751		
39.46		0.00752333		
39.47		0.00751914		
39.48		0.00751496		
39.49		0.00751079		
39.5		0.00750661		
39.51		0.00750244		
39.52		0.00749828		
39.53		0.00749411		
39.54		0.00748995		
39.55		0.0074858		
39.56		0.00748165		
39.57		0.0074775		
39.58		0.00747335		
39.59		0.00746921		
39.6		0.00746507		
39.61		0.00746093		
39.62		0.0074568		
39.63		0.00745267		
39.64		0.00744855		
39.65		0.00744443		
39.66		0.00744031		
39.67		0.00743619		
39.68		0.00743208		
39.69		0.00742797		
39.7		0.00742387		
39.71		0.00741977		
39.72		0.00741567		
39.73		0.00741157		
39.74		0.00740748		
39.75		0.00740339		
39.76		0.00739931		
39.77		0.00739523		
39.78		0.00739115		
39.79		0.00738707		
39.8		0.007383		
39.81		0.00737893		
39.82		0.00737487		
39.83		0.00737081		
39.84		0.00736675		
39.85		0.00736269		
39.86		0.00735864		
39.87		0.0073546		
39.88		0.00735055		
39.89		0.00734651		
39.9		0.00734247		
39.91		0.00733844		
39.92		0.0073344		
39.93		0.00733037		
39.94		0.00732635		
39.95		0.00732233		
39.96		0.00731831		
39.97		0.00731429		
39.98		0.00731028		
39.99		0.00730627		
40		0.00730227		
40.01		0.00729826		
40.02		0.00729427		
40.03		0.00729027		
40.04		0.00728628		
40.05		0.00728229		
40.06		0.0072783		
40.07		0.00727432		
40.08		0.00727034		
40.09		0.00726636		
40.1		0.00726239		
40.11		0.00725842		
40.12		0.00725445		
40.13		0.00725049		
40.14		0.00724653		
40.15		0.00724257		
40.16		0.00723862		
40.17		0.00723467		
40.18		0.00723072		
40.19		0.00722678		
40.2		0.00722283		
40.21		0.0072189		
40.22		0.00721496		
40.23		0.00721103		
40.24		0.0072071		
40.25		0.00720318		
40.26		0.00719925		
40.27		0.00719534		
40.28		0.00719142		
40.29		0.00718751		
40.3		0.0071836		
40.31		0.00717969		
40.32		0.00717579		
40.33		0.00717189		
40.34		0.00716799		
40.35		0.0071641		
40.36		0.00716021		
40.37		0.00715632		
40.38		0.00715244		
40.39		0.00714855		
40.4		0.00714468		
40.41		0.0071408		
40.42		0.00713693		
40.43		0.00713306		
40.44		0.0071292		
40.45		0.00712533		
40.46		0.00712147		
40.47		0.00711762		
40.48		0.00711376		
40.49		0.00710991		
40.5		0.00710607		
40.51		0.00710222		
40.52		0.00709838		
40.53		0.00709454		
40.54		0.00709071		
40.55		0.00708688		
40.56		0.00708305		
40.57		0.00707922		
40.58		0.0070754		
40.59		0.00707158		
40.6		0.00706777		
40.61		0.00706395		
40.62		0.00706014		
40.63		0.00705634		
40.64		0.00705253		
40.65		0.00704873		
40.66		0.00704493		
40.67		0.00704114		
40.68		0.00703734		
40.69		0.00703356		
40.7		0.00702977		
40.71		0.00702599		
40.72		0.00702221		
40.73		0.00701843		
40.74		0.00701466		
40.75		0.00701089		
40.76		0.00700712		
40.77		0.00700335		
40.78		0.00699959		
40.79		0.00699583		
40.8		0.00699208		
40.81		0.00698832		
40.82		0.00698457		
40.83		0.00698083		
40.84		0.00697708		
40.85		0.00697334		
40.86		0.0069696		
40.87		0.00696587		
40.88		0.00696213		
40.89		0.00695841		
40.9		0.00695468		
40.91		0.00695096		
40.92		0.00694724		
40.93		0.00694352		
40.94		0.0069398		
40.95		0.00693609		
40.96		0.00693238		
40.97		0.00692868		
40.98		0.00692498		
40.99		0.00692128		
41		0.00691758		
41.01		0.00691389		
41.02		0.00691019		
41.03		0.00690651		
41.04		0.00690282		
41.05		0.00689914		
41.06		0.00689546		
41.07		0.00689178		
41.08		0.00688811		
41.09		0.00688444		
41.1		0.00688077		
41.11		0.00687711		
41.12		0.00687344		
41.13		0.00686978		
41.14		0.00686613		
41.15		0.00686248		
41.16		0.00685882		
41.17		0.00685518		
41.18		0.00685153		
41.19		0.00684789		
41.2		0.00684425		
41.21		0.00684062		
41.22		0.00683698		
41.23		0.00683335		
41.24		0.00682972		
41.25		0.0068261		
41.26		0.00682248		
41.27		0.00681886		
41.28		0.00681524		
41.29		0.00681163		
41.3		0.00680802		
41.31		0.00680441		
41.32		0.00680081		
41.33		0.0067972		
41.34		0.0067936		
41.35		0.00679001		
41.36		0.00678642		
41.37		0.00678282		
41.38		0.00677924		
41.39		0.00677565		
41.4		0.00677207		
41.41		0.00676849		
41.42		0.00676491		
41.43		0.00676134		
41.44		0.00675777		
41.45		0.0067542		
41.46		0.00675063		
41.47		0.00674707		
41.48		0.00674351		
41.49		0.00673995		
41.5		0.0067364		
41.51		0.00673285		
41.52		0.0067293		
41.53		0.00672575		
41.54		0.00672221		
41.55		0.00671867		
41.56		0.00671513		
41.57		0.0067116		
41.58		0.00670806		
41.59		0.00670453		
41.6		0.00670101		
41.61		0.00669748		
41.62		0.00669396		
41.63		0.00669044		
41.64		0.00668693		
41.65		0.00668341		
41.66		0.0066799		
41.67		0.00667639		
41.68		0.00667289		
41.69		0.00666939		
41.7		0.00666589		
41.71		0.00666239		
41.72		0.0066589		
41.73		0.00665541		
41.74		0.00665192		
41.75		0.00664843		
41.76		0.00664495		
41.77		0.00664147		
41.78		0.00663799		
41.79		0.00663451		
41.8		0.00663104		
41.81		0.00662757		
41.82		0.0066241		
41.83		0.00662064		
41.84		0.00661718		
41.85		0.00661372		
41.86		0.00661026		
41.87		0.00660681		
41.88		0.00660336		
41.89		0.00659991		
41.9		0.00659646		
41.91		0.00659302		
41.92		0.00658958		
41.93		0.00658614		
41.94		0.00658271		
41.95		0.00657927		
41.96		0.00657584		
41.97		0.00657242		
41.98		0.00656899		
41.99		0.00656557		
42		0.00656215		
42.01		0.00655873		
42.02		0.00655532		
42.03		0.00655191		
42.04		0.0065485		
42.05		0.00654509		
42.06		0.00654169		
42.07		0.00653829		
42.08		0.00653489		
42.09		0.00653149		
42.1		0.0065281		
42.11		0.00652471		
42.12		0.00652132		
42.13		0.00651794		
42.14		0.00651455		
42.15		0.00651117		
42.16		0.0065078		
42.17		0.00650442		
42.18		0.00650105		
42.19		0.00649768		
42.2		0.00649431		
42.21		0.00649095		
42.22		0.00648758		
42.23		0.00648422		
42.24		0.00648087		
42.25		0.00647751		
42.26		0.00647416		
42.27		0.00647081		
42.28		0.00646747		
42.29		0.00646412		
42.3		0.00646078		
42.31		0.00645744		
42.32		0.0064541		
42.33		0.00645077		
42.34		0.00644744		
42.35		0.00644411		
42.36		0.00644078		
42.37		0.00643746		
42.38		0.00643414		
42.39		0.00643082		
42.4		0.0064275		
42.41		0.00642419		
42.42		0.00642088		
42.43		0.00641757		
42.44		0.00641426		
42.45		0.00641096		
42.46		0.00640766		
42.47		0.00640436		
42.48		0.00640106		
42.49		0.00639777		
42.5		0.00639448		
42.51		0.00639119		
42.52		0.0063879		
42.53		0.00638462		
42.54		0.00638134		
42.55		0.00637806		
42.56		0.00637478		
42.57		0.00637151		
42.58		0.00636824		
42.59		0.00636497		
42.6		0.0063617		
42.61		0.00635844		
42.62		0.00635518		
42.63		0.00635192		
42.64		0.00634866		
42.65		0.00634541		
42.66		0.00634216		
42.67		0.00633891		
42.68		0.00633566		
42.69		0.00633242		
42.7		0.00632918		
42.71		0.00632594		
42.72		0.0063227		
42.73		0.00631947		
42.74		0.00631624		
42.75		0.00631301		
42.76		0.00630978		
42.77		0.00630655		
42.78		0.00630333		
42.79		0.00630011		
42.8		0.0062969		
42.81		0.00629368		
42.82		0.00629047		
42.83		0.00628726		
42.84		0.00628405		
42.85		0.00628085		
42.86		0.00627764		
42.87		0.00627444		
42.88		0.00627124		
42.89		0.00626805		
42.9		0.00626486		
42.91		0.00626166		
42.92		0.00625848		
42.93		0.00625529		
42.94		0.00625211		
42.95		0.00624893		
42.96		0.00624575		
42.97		0.00624257		
42.98		0.0062394		
42.99		0.00623622		
43		0.00623306		
43.01		0.00622989		
43.02		0.00622672		
43.03		0.00622356		
43.04		0.0062204		
43.05		0.00621724		
43.06		0.00621409		
43.07		0.00621094		
43.08		0.00620779		
43.09		0.00620464		
43.1		0.00620149		
43.11		0.00619835		
43.12		0.00619521		
43.13		0.00619207		
43.14		0.00618893		
43.15		0.0061858		
43.16		0.00618267		
43.17		0.00617954		
43.18		0.00617641		
43.19		0.00617329		
43.2		0.00617017		
43.21		0.00616705		
43.22		0.00616393		
43.23		0.00616081		
43.24		0.0061577		
43.25		0.00615459		
43.26		0.00615148		
43.27		0.00614838		
43.28		0.00614527		
43.29		0.00614217		
43.3		0.00613907		
43.31		0.00613597		
43.32		0.00613288		
43.33		0.00612979		
43.34		0.0061267		
43.35		0.00612361		
43.36		0.00612052		
43.37		0.00611744		
43.38		0.00611436		
43.39		0.00611128		
43.4		0.00610821		
43.41		0.00610513		
43.42		0.00610206		
43.43		0.00609899		
43.44		0.00609593		
43.45		0.00609286		
43.46		0.0060898		
43.47		0.00608674		
43.48		0.00608368		
43.49		0.00608062		
43.5		0.00607757		
43.51		0.00607452		
43.52		0.00607147		
43.53		0.00606842		
43.54		0.00606538		
43.55		0.00606234		
43.56		0.0060593		
43.57		0.00605626		
43.58		0.00605322		
43.59		0.00605019		
43.6		0.00604716		
43.61		0.00604413		
43.62		0.00604111		
43.63		0.00603808		
43.64		0.00603506		
43.65		0.00603204		
43.66		0.00602902		
43.67		0.00602601		
43.68		0.00602299		
43.69		0.00601998		
43.7		0.00601697		
43.71		0.00601397		
43.72		0.00601096		
43.73		0.00600796		
43.74		0.00600496		
43.75		0.00600196		
43.76		0.00599897		
43.77		0.00599598		
43.78		0.00599298		
43.79		0.00599		
43.8		0.00598701		
43.81		0.00598402		
43.82		0.00598104		
43.83		0.00597806		
43.84		0.00597508		
43.85		0.00597211		
43.86		0.00596914		
43.87		0.00596616		
43.88		0.0059632		
43.89		0.00596023		
43.9		0.00595726		
43.91		0.0059543		
43.92		0.00595134		
43.93		0.00594838		
43.94		0.00594543		
43.95		0.00594247		
43.96		0.00593952		
43.97		0.00593657		
43.98		0.00593362		
43.99		0.00593068		
44		0.00592773		
44.01		0.00592479		
44.02		0.00592185		
44.03		0.00591892		
44.04		0.00591598		
44.05		0.00591305		
44.06		0.00591012		
44.07		0.00590719		
44.08		0.00590427		
44.09		0.00590134		
44.1		0.00589842		
44.11		0.0058955		
44.12		0.00589258		
44.13		0.00588967		
44.14		0.00588676		
44.15		0.00588384		
44.16		0.00588094		
44.17		0.00587803		
44.18		0.00587512		
44.19		0.00587222		
44.2		0.00586932		
44.21		0.00586642		
44.22		0.00586353		
44.23		0.00586063		
44.24		0.00585774		
44.25		0.00585485		
44.26		0.00585196		
44.27		0.00584908		
44.28		0.00584619		
44.29		0.00584331		
44.3		0.00584043		
44.31		0.00583755		
44.32		0.00583468		
44.33		0.0058318		
44.34		0.00582893		
44.35		0.00582606		
44.36		0.0058232		
44.37		0.00582033		
44.38		0.00581747		
44.39		0.00581461		
44.4		0.00581175		
44.41		0.00580889		
44.42		0.00580604		
44.43		0.00580319		
44.44		0.00580033		
44.45		0.00579749		
44.46		0.00579464		
44.47		0.0057918		
44.48		0.00578895		
44.49		0.00578611		
44.5		0.00578327		
44.51		0.00578044		
44.52		0.0057776		
44.53		0.00577477		
44.54		0.00577194		
44.55		0.00576911		
44.56		0.00576629		
44.57		0.00576346		
44.58		0.00576064		
44.59		0.00575782		
44.6		0.005755		
44.61		0.00575219		
44.62		0.00574938		
44.63		0.00574657		
44.64		0.00574378		
44.65		0.00574099		
44.66		0.00573821		
44.67		0.00573543		
44.68		0.00573266		
44.69		0.0057299		
44.7		0.00572715		
44.71		0.0057244		
44.72		0.00572166		
44.73		0.00571893		
44.74		0.0057162		
44.75		0.00571348		
44.76		0.00571076		
44.77		0.00570805		
44.78		0.00570535		
44.79		0.00570265		
44.8		0.00569996		
44.81		0.00569728		
44.82		0.0056946		
44.83		0.00569192		
44.84		0.00568925		
44.85		0.00568659		
44.86		0.00568393		
44.87		0.00568128		
44.88		0.00567863		
44.89		0.00567599		
44.9		0.00567335		
44.91		0.00567072		
44.92		0.00566809		
44.93		0.00566547		
44.94		0.00566285		
44.95		0.00566024		
44.96		0.00565763		
44.97		0.00565503		
44.98		0.00565243		
44.99		0.00564984		
45		0.00564725		
45.01		0.00564466		
45.02		0.00564208		
45.03		0.0056395		
45.04		0.00563693		
45.05		0.00563436		
45.06		0.0056318		
45.07		0.00562924		
45.08		0.00562668		
45.09		0.00562413		
45.1		0.00562158		
45.11		0.00561903		
45.12		0.00561649		
45.13		0.00561396		
45.14		0.00561142		
45.15		0.00560889		
45.16		0.00560637		
45.17		0.00560385		
45.18		0.00560133		
45.19		0.00559881		
45.2		0.0055963		
45.21		0.00559379		
45.22		0.00559129		
45.23		0.00558878		
45.24		0.00558629		
45.25		0.00558379		
45.26		0.0055813		
45.27		0.00557881		
45.28		0.00557633		
45.29		0.00557384		
45.3		0.00557136		
45.31		0.00556889		
45.32		0.00556642		
45.33		0.00556395		
45.34		0.00556148		
45.35		0.00555901		
45.36		0.00555655		
45.37		0.0055541		
45.38		0.00555164		
45.39		0.00554919		
45.4		0.00554674		
45.41		0.00554429		
45.42		0.00554185		
45.43		0.00553941		
45.44		0.00553697		
45.45		0.00553453		
45.46		0.0055321		
45.47		0.00552967		
45.48		0.00552724		
45.49		0.00552482		
45.5		0.00552239		
45.51		0.00551997		
45.52		0.00551756		
45.53		0.00551514		
45.54		0.00551273		
45.55		0.00551032		
45.56		0.00550791		
45.57		0.00550551		
45.58		0.00550311		
45.59		0.0055007		
45.6		0.00549831		
45.61		0.00549591		
45.62		0.00549352		
45.63		0.00549113		
45.64		0.00548874		
45.65		0.00548635		
45.66		0.00548397		
45.67		0.00548159		
45.68		0.00547921		
45.69		0.00547683		
45.7		0.00547446		
45.71		0.00547208		
45.72		0.00546971		
45.73		0.00546735		
45.74		0.00546498		
45.75		0.00546262		
45.76		0.00546025		
45.77		0.00545789		
45.78		0.00545554		
45.79		0.00545318		
45.8		0.00545083		
45.81		0.00544848		
45.82		0.00544613		
45.83		0.00544378		
45.84		0.00544143		
45.85		0.00543909		
45.86		0.00543675		
45.87		0.00543441		
45.88		0.00543207		
45.89		0.00542974		
45.9		0.0054274		
45.91		0.00542507		
45.92		0.00542274		
45.93		0.00542042		
45.94		0.00541809		
45.95		0.00541577		
45.96		0.00541344		
45.97		0.00541112		
45.98		0.00540881		
45.99		0.00540649		
46		0.00540418		
46.01		0.00540186		
46.02		0.00539955		
46.03		0.00539724		
46.04		0.00539494		
46.05		0.00539263		
46.06		0.00539033		
46.07		0.00538803		
46.08		0.00538573		
46.09		0.00538343		
46.1		0.00538113		
46.11		0.00537884		
46.12		0.00537655		
46.13		0.00537426		
46.14		0.00537197		
46.15		0.00536968		
46.16		0.00536739		
46.17		0.00536511		
46.18		0.00536283		
46.19		0.00536055		
46.2		0.00535827		
46.21		0.00535599		
46.22		0.00535372		
46.23		0.00535144		
46.24		0.00534917		
46.25		0.0053469		
46.26		0.00534463		
46.27		0.00534237		
46.28		0.0053401		
46.29		0.00533784		
46.3		0.00533558		
46.31		0.00533332		
46.32		0.00533106		
46.33		0.00532881		
46.34		0.00532656		
46.35		0.00532432		
46.36		0.00532207		
46.37		0.00531983		
46.38		0.0053176		
46.39		0.00531537		
46.4		0.00531314		
46.41		0.00531091		
46.42		0.00530869		
46.43		0.00530648		
46.44		0.00530426		
46.45		0.00530206		
46.46		0.00529985		
46.47		0.00529766		
46.48		0.00529546		
46.49		0.00529327		
46.5		0.00529109		
46.51		0.00528891		
46.52		0.00528674		
46.53		0.00528457		
46.54		0.0052824		
46.55		0.00528024		
46.56		0.00527809		
46.57		0.00527594		
46.58		0.0052738		
46.59		0.00527166		
46.6		0.00526953		
46.61		0.0052674		
46.62		0.00526528		
46.63		0.00526316		
46.64		0.00526105		
46.65		0.00525895		
46.66		0.00525685		
46.67		0.00525475		
46.68		0.00525266		
46.69		0.00525058		
46.7		0.0052485		
46.71		0.00524643		
46.72		0.00524437		
46.73		0.00524231		
46.74		0.00524025		
46.75		0.0052382		
46.76		0.00523616		
46.77		0.00523412		
46.78		0.00523209		
46.79		0.00523006		
46.8		0.00522804		
46.81		0.00522603		
46.82		0.00522401		
46.83		0.00522201		
46.84		0.00522001		
46.85		0.00521802		
46.86		0.00521603		
46.87		0.00521405		
46.88		0.00521207		
46.89		0.0052101		
46.9		0.00520813		
46.91		0.00520617		
46.92		0.00520421		
46.93		0.00520226		
46.94		0.00520031		
46.95		0.00519837		
46.96		0.00519644		
46.97		0.0051945		
46.98		0.00519258		
46.99		0.00519066		
47		0.00518874		
47.01		0.00518683		
47.02		0.00518492		
47.03		0.00518302		
47.04		0.00518113		
47.05		0.00517923		
47.06		0.00517735		
47.07		0.00517546		
47.08		0.00517358		
47.09		0.00517171		
47.1		0.00516984		
47.11		0.00516797		
47.12		0.00516611		
47.13		0.00516426		
47.14		0.0051624		
47.15		0.00516056		
47.16		0.00515871		
47.17		0.00515687		
47.18		0.00515504		
47.19		0.0051532		
47.2		0.00515137		
47.21		0.00514955		
47.22		0.00514773		
47.23		0.00514591		
47.24		0.0051441		
47.25		0.00514229		
47.26		0.00514048		
47.27		0.00513868		
47.28		0.00513688		
47.29		0.00513508		
47.3		0.00513329		
47.31		0.0051315		
47.32		0.00512971		
47.33		0.00512793		
47.34		0.00512615		
47.35		0.00512437		
47.36		0.0051226		
47.37		0.00512083		
47.38		0.00511906		
47.39		0.00511729		
47.4		0.00511553		
47.41		0.00511377		
47.42		0.00511201		
47.43		0.00511026		
47.44		0.00510851		
47.45		0.00510676		
47.46		0.00510501		
47.47		0.00510326		
47.48		0.00510152		
47.49		0.00509978		
47.5		0.00509804		
47.51		0.00509631		
47.52		0.00509457		
47.53		0.00509284		
47.54		0.00509111		
47.55		0.00508938		
47.56		0.00508765		
47.57		0.00508593		
47.58		0.00508421		
47.59		0.00508249		
47.6		0.00508077		
47.61		0.00507905		
47.62		0.00507733		
47.63		0.00507562		
47.64		0.00507391		
47.65		0.0050722		
47.66		0.00507049		
47.67		0.00506878		
47.68		0.00506707		
47.69		0.00506536		
47.7		0.00506366		
47.71		0.00506196		
47.72		0.00506025		
47.73		0.00505855		
47.74		0.00505685		
47.75		0.00505515		
47.76		0.00505346		
47.77		0.00505176		
47.78		0.00505006		
47.79		0.00504837		
47.8		0.00504667		
47.81		0.00504498		
47.82		0.00504329		
47.83		0.00504159		
47.84		0.0050399		
47.85		0.00503821		
47.86		0.00503652		
47.87		0.00503483		
47.88		0.00503314		
47.89		0.00503146		
47.9		0.00502977		
47.91		0.00502808		
47.92		0.00502639		
47.93		0.00502471		
47.94		0.00502302		
47.95		0.00502134		
47.96		0.00501965		
47.97		0.00501797		
47.98		0.00501628		
47.99		0.0050146		
48		0.00501291		
48.01		0.00501123		
48.02		0.00500955		
48.03		0.00500786		
48.04		0.00500618		
48.05		0.0050045		
48.06		0.00500281		
48.07		0.00500113		
48.08		0.00499945		
48.09		0.00499776		
48.1		0.00499608		
48.11		0.0049944		
48.12		0.00499271		
48.13		0.00499103		
48.14		0.00498935		
48.15		0.00498766		
48.16		0.00498598		
48.17		0.0049843		
48.18		0.00498261		
48.19		0.00498093		
48.2		0.00497924		
48.21		0.00497756		
48.22		0.00497587		
48.23		0.00497419		
48.24		0.0049725		
48.25		0.00497082		
48.26		0.00496913		
48.27		0.00496745		
48.28		0.00496576		
48.29		0.00496408		
48.3		0.00496239		
48.31		0.0049607		
48.32		0.00495901		
48.33		0.00495733		
48.34		0.00495564		
48.35		0.00495395		
48.36		0.00495226		
48.37		0.00495057		
48.38		0.00494888		
48.39		0.00494719		
48.4		0.0049455		
48.41		0.00494381		
48.42		0.00494212		
48.43		0.00494043		
48.44		0.00493874		
48.45		0.00493704		
48.46		0.00493535		
48.47		0.00493366		
48.48		0.00493196		
48.49		0.00493027		
48.5		0.00492857		
48.51		0.00492688		
48.52		0.00492518		
48.53		0.00492349		
48.54		0.00492179		
48.55		0.00492009		
48.56		0.00491839		
48.57		0.0049167		
48.58		0.004915		
48.59		0.0049133		
48.6		0.0049116		
48.61		0.0049099		
48.62		0.0049082		
48.63		0.0049065		
48.64		0.0049048		
48.65		0.00490309		
48.66		0.00490139		
48.67		0.00489969		
48.68		0.00489799		
48.69		0.00489628		
48.7		0.00489458		
48.71		0.00489287		
48.72		0.00489117		
48.73		0.00488946		
48.74		0.00488775		
48.75		0.00488605		
48.76		0.00488434		
48.77		0.00488263		
48.78		0.00488092		
48.79		0.00487921		
48.8		0.00487751		
48.81		0.0048758		
48.82		0.00487409		
48.83		0.00487237		
48.84		0.00487066		
48.85		0.00486895		
48.86		0.00486724		
48.87		0.00486553		
48.88		0.00486381		
48.89		0.0048621		
48.9		0.00486039		
48.91		0.00485867		
48.92		0.00485696		
48.93		0.00485524		
48.94		0.00485353		
48.95		0.00485181		
48.96		0.0048501		
48.97		0.00484838		
48.98		0.00484666		
48.99		0.00484495		
49		0.00484323		
49.01		0.00484151		
49.02		0.00483979		
49.03		0.00483807		
49.04		0.00483635		
49.05		0.00483463		
49.06		0.00483291		
49.07		0.00483119		
49.08		0.00482947		
49.09		0.00482775		
49.1		0.00482603		
49.11		0.00482431		
49.12		0.00482259		
49.13		0.00482087		
49.14		0.00481914		
49.15		0.00481742		
49.16		0.0048157		
49.17		0.00481397		
49.18		0.00481225		
49.19		0.00481053		
49.2		0.0048088		
49.21		0.00480708		
49.22		0.00480535		
49.23		0.00480363		
49.24		0.0048019		
49.25		0.00480018		
49.26		0.00479845		
49.27		0.00479673		
49.28		0.004795		
49.29		0.00479328		
49.3		0.00479155		
49.31		0.00478982		
49.32		0.0047881		
49.33		0.00478637		
49.34		0.00478464		
49.35		0.00478292		
49.36		0.00478119		
49.37		0.00477946		
49.38		0.00477773		
49.39		0.00477601		
49.4		0.00477428		
49.41		0.00477255		
49.42		0.00477082		
49.43		0.00476909		
49.44		0.00476737		
49.45		0.00476564		
49.46		0.00476391		
49.47		0.00476218		
49.48		0.00476045		
49.49		0.00475873		
49.5		0.004757		
49.51		0.00475527		
49.52		0.00475354		
49.53		0.00475181		
49.54		0.00475008		
49.55		0.00474835		
49.56		0.00474663		
49.57		0.0047449		
49.58		0.00474317		
49.59		0.00474144		
49.6		0.00473971		
49.61		0.00473798		
49.62		0.00473626		
49.63		0.00473453		
49.64		0.0047328		
49.65		0.00473107		
49.66		0.00472934		
49.67		0.00472762		
49.68		0.00472589		
49.69		0.00472416		
49.7		0.00472243		
49.71		0.0047207		
49.72		0.00471898		
49.73		0.00471725		
49.74		0.00471552		
49.75		0.00471379		
49.76		0.00471207		
49.77		0.00471034		
49.78		0.00470861		
49.79		0.00470689		
49.8		0.00470516		
49.81		0.00470343		
49.82		0.00470171		
49.83		0.00469998		
49.84		0.00469826		
49.85		0.00469653		
49.86		0.00469481		
49.87		0.00469308		
49.88		0.00469136		
49.89		0.00468963		
49.9		0.00468791		
49.91		0.00468618		
49.92		0.00468446		
49.93		0.00468274		
49.94		0.00468101		
49.95		0.00467929		
49.96		0.00467757		
49.97		0.00467584		
49.98		0.00467412		
49.99		0.0046724		
50		0.00467068		
