tau [fm]		pi [fm^-4]
0.25		360.262
0.26		344.837		
0.27		330.518		
0.28		317.19		
0.29		304.754		
0.3		293.122		
0.31		282.22		
0.32		271.982		
0.33		262.348		
0.34		253.267		
0.35		244.693		
0.36		236.586		
0.37		228.909		
0.38		221.628		
0.39		214.715		
0.4		208.142		
0.41		201.886		
0.42		195.925		
0.43		190.239		
0.44		184.809		
0.45		179.619		
0.46		174.655		
0.47		169.901		
0.48		165.346		
0.49		160.978		
0.5		156.785		
0.51		152.758		
0.52		148.888		
0.53		145.165		
0.54		141.583		
0.55		138.133		
0.56		134.809		
0.57		131.604		
0.58		128.512		
0.59		125.529		
0.6		122.648		
0.61		119.864		
0.62		117.173		
0.63		114.572		
0.64		112.055		
0.65		109.618		
0.66		107.259		
0.67		104.974		
0.68		102.76		
0.69		100.614		
0.7		98.5321		
0.71		96.5127		
0.72		94.5531		
0.73		92.6507		
0.74		90.8033		
0.75		89.0088		
0.76		87.2651		
0.77		85.5703		
0.78		83.9224		
0.79		82.3198		
0.8		80.7607		
0.81		79.2437		
0.82		77.767		
0.83		76.3294		
0.84		74.9294		
0.85		73.5657		
0.86		72.2371		
0.87		70.9422		
0.88		69.6801		
0.89		68.4496		
0.9		67.2496		
0.91		66.0791		
0.92		64.9372		
0.93		63.8229		
0.94		62.7353		
0.95		61.6737		
0.96		60.6371		
0.97		59.6249		
0.98		58.6361		
0.99		57.6702		
1		56.7264		
1.01		55.8041		
1.02		54.9026		
1.03		54.0213		
1.04		53.1596		
1.05		52.3169		
1.06		51.4927		
1.07		50.6864		
1.08		49.8976		
1.09		49.1257		
1.1		48.3703		
1.11		47.6309		
1.12		46.907		
1.13		46.1983		
1.14		45.5043		
1.15		44.8247		
1.16		44.1589		
1.17		43.5067		
1.18		42.8678		
1.19		42.2417		
1.2		41.6281		
1.21		41.0267		
1.22		40.4372		
1.23		39.8592		
1.24		39.2926		
1.25		38.7369		
1.26		38.192		
1.27		37.6575		
1.28		37.1332		
1.29		36.6188		
1.3		36.1142		
1.31		35.619		
1.32		35.133		
1.33		34.6561		
1.34		34.1879		
1.35		33.7284		
1.36		33.2772		
1.37		32.8342		
1.38		32.3992		
1.39		31.972		
1.4		31.5525		
1.41		31.1404		
1.42		30.7355		
1.43		30.3378		
1.44		29.9471		
1.45		29.5632		
1.46		29.1859		
1.47		28.8151		
1.48		28.4507		
1.49		28.0925		
1.5		27.7404		
1.51		27.3942		
1.52		27.0539		
1.53		26.7192		
1.54		26.3902		
1.55		26.0666		
1.56		25.7483		
1.57		25.4353		
1.58		25.1274		
1.59		24.8245		
1.6		24.5265		
1.61		24.2333		
1.62		23.9448		
1.63		23.661		
1.64		23.3817		
1.65		23.1067		
1.66		22.8362		
1.67		22.5699		
1.68		22.3077		
1.69		22.0497		
1.7		21.7956		
1.71		21.5455		
1.72		21.2992		
1.73		21.0567		
1.74		20.8179		
1.75		20.5828		
1.76		20.3511		
1.77		20.123		
1.78		19.8983		
1.79		19.677		
1.8		19.459		
1.81		19.2442		
1.82		19.0325		
1.83		18.824		
1.84		18.6186		
1.85		18.4161		
1.86		18.2166		
1.87		18.02		
1.88		17.8262		
1.89		17.6352		
1.9		17.4469		
1.91		17.2614		
1.92		17.0784		
1.93		16.8981		
1.94		16.7203		
1.95		16.545		
1.96		16.3722		
1.97		16.2018		
1.98		16.0337		
1.99		15.868		
2		15.7046		
2.01		15.5434		
2.02		15.3844		
2.03		15.2276		
2.04		15.073		
2.05		14.9204		
2.06		14.7699		
2.07		14.6214		
2.08		14.4749		
2.09		14.3304		
2.1		14.1878		
2.11		14.0471		
2.12		13.9083		
2.13		13.7713		
2.14		13.6361		
2.15		13.5027		
2.16		13.371		
2.17		13.2411		
2.18		13.1128		
2.19		12.9862		
2.2		12.8612		
2.21		12.7378		
2.22		12.6161		
2.23		12.4958		
2.24		12.3771		
2.25		12.2599		
2.26		12.1442		
2.27		12.03		
2.28		11.9172		
2.29		11.8058		
2.3		11.6958		
2.31		11.5871		
2.32		11.4799		
2.33		11.3739		
2.34		11.2692		
2.35		11.1659		
2.36		11.0638		
2.37		10.963		
2.38		10.8633		
2.39		10.7649		
2.4		10.6677		
2.41		10.5717		
2.42		10.4768		
2.43		10.3831		
2.44		10.2905		
2.45		10.199		
2.46		10.1086		
2.47		10.0192		
2.48		9.93093		
2.49		9.84369		
2.5		9.75747		
2.51		9.67227		
2.52		9.58806		
2.53		9.50484		
2.54		9.42258		
2.55		9.34128		
2.56		9.26092		
2.57		9.18149		
2.58		9.10297		
2.59		9.02535		
2.6		8.94863		
2.61		8.87277		
2.62		8.79778		
2.63		8.72364		
2.64		8.65034		
2.65		8.57787		
2.66		8.50621		
2.67		8.43536		
2.68		8.3653		
2.69		8.29602		
2.7		8.22751		
2.71		8.15976		
2.72		8.09277		
2.73		8.02651		
2.74		7.96098		
2.75		7.89617		
2.76		7.83208		
2.77		7.76868		
2.78		7.70597		
2.79		7.64395		
2.8		7.58259		
2.81		7.5219		
2.82		7.46187		
2.83		7.40248		
2.84		7.34372		
2.85		7.2856		
2.86		7.22809		
2.87		7.1712		
2.88		7.11491		
2.89		7.05922		
2.9		7.00412		
2.91		6.94959		
2.92		6.89564		
2.93		6.84226		
2.94		6.78943		
2.95		6.73715		
2.96		6.68542		
2.97		6.63422		
2.98		6.58356		
2.99		6.53341		
3		6.48378		
3.01		6.43467		
3.02		6.38605		
3.03		6.33793		
3.04		6.29031		
3.05		6.24316		
3.06		6.1965		
3.07		6.15031		
3.08		6.10458		
3.09		6.05931		
3.1		6.0145		
3.11		5.97014		
3.12		5.92622		
3.13		5.88274		
3.14		5.83969		
3.15		5.79707		
3.16		5.75487		
3.17		5.71309		
3.18		5.67172		
3.19		5.63076		
3.2		5.5902		
3.21		5.55003		
3.22		5.51026		
3.23		5.47087		
3.24		5.43187		
3.25		5.39324		
3.26		5.35499		
3.27		5.3171		
3.28		5.27958		
3.29		5.24243		
3.3		5.20562		
3.31		5.16917		
3.32		5.13307		
3.33		5.0973		
3.34		5.06188		
3.35		5.0268		
3.36		4.99204		
3.37		4.95761		
3.38		4.92351		
3.39		4.88973		
3.4		4.85626		
3.41		4.8231		
3.42		4.79025		
3.43		4.75771		
3.44		4.72547		
3.45		4.69353		
3.46		4.66188		
3.47		4.63053		
3.48		4.59946		
3.49		4.56868		
3.5		4.53817		
3.51		4.50795		
3.52		4.478		
3.53		4.44833		
3.54		4.41892		
3.55		4.38978		
3.56		4.3609		
3.57		4.33228		
3.58		4.30392		
3.59		4.27581		
3.6		4.24796		
3.61		4.22035		
3.62		4.19299		
3.63		4.16587		
3.64		4.139		
3.65		4.11236		
3.66		4.08595		
3.67		4.05978		
3.68		4.03384		
3.69		4.00812		
3.7		3.98263		
3.71		3.95736		
3.72		3.93232		
3.73		3.90749		
3.74		3.88287		
3.75		3.85847		
3.76		3.83428		
3.77		3.8103		
3.78		3.78652		
3.79		3.76295		
3.8		3.73958		
3.81		3.71641		
3.82		3.69343		
3.83		3.67066		
3.84		3.64807		
3.85		3.62568		
3.86		3.60348		
3.87		3.58146		
3.88		3.55963		
3.89		3.53798		
3.9		3.51651		
3.91		3.49523		
3.92		3.47412		
3.93		3.45318		
3.94		3.43242		
3.95		3.41184		
3.96		3.39142		
3.97		3.37117		
3.98		3.35109		
3.99		3.33117		
4		3.31142		
4.01		3.29183		
4.02		3.2724		
4.03		3.25312		
4.04		3.23401		
4.05		3.21505		
4.06		3.19624		
4.07		3.17758		
4.08		3.15908		
4.09		3.14072		
4.1		3.12252		
4.11		3.10445		
4.12		3.08654		
4.13		3.06876		
4.14		3.05113		
4.15		3.03364		
4.16		3.01628		
4.17		2.99907		
4.18		2.98199		
4.19		2.96504		
4.2		2.94823		
4.21		2.93155		
4.22		2.915		
4.23		2.89858		
4.24		2.88229		
4.25		2.86613		
4.26		2.85009		
4.27		2.83418		
4.28		2.81839		
4.29		2.80272		
4.3		2.78717		
4.31		2.77175		
4.32		2.75644		
4.33		2.74125		
4.34		2.72617		
4.35		2.71121		
4.36		2.69636		
4.37		2.68163		
4.38		2.66701		
4.39		2.6525		
4.4		2.6381		
4.41		2.62381		
4.42		2.60963		
4.43		2.59555		
4.44		2.58158		
4.45		2.56771		
4.46		2.55395		
4.47		2.54029		
4.48		2.52673		
4.49		2.51327		
4.5		2.49991		
4.51		2.48665		
4.52		2.47349		
4.53		2.46043		
4.54		2.44746		
4.55		2.43459		
4.56		2.42181		
4.57		2.40912		
4.58		2.39653		
4.59		2.38403		
4.6		2.37162		
4.61		2.3593		
4.62		2.34707		
4.63		2.33493		
4.64		2.32288		
4.65		2.31091		
4.66		2.29903		
4.67		2.28723		
4.68		2.27552		
4.69		2.2639		
4.7		2.25235		
4.71		2.24089		
4.72		2.22951		
4.73		2.21821		
4.74		2.20699		
4.75		2.19585		
4.76		2.18479		
4.77		2.1738		
4.78		2.1629		
4.79		2.15207		
4.8		2.14131		
4.81		2.13063		
4.82		2.12003		
4.83		2.1095		
4.84		2.09904		
4.85		2.08866		
4.86		2.07834		
4.87		2.0681		
4.88		2.05793		
4.89		2.04783		
4.9		2.0378		
4.91		2.02784		
4.92		2.01794		
4.93		2.00811		
4.94		1.99835		
4.95		1.98866		
4.96		1.97903		
4.97		1.96947		
4.98		1.95997		
4.99		1.95054		
5		1.94117		
5.01		1.93187		
5.02		1.92262		
5.03		1.91344		
5.04		1.90432		
5.05		1.89526		
5.06		1.88626		
5.07		1.87732		
5.08		1.86845		
5.09		1.85963		
5.1		1.85086		
5.11		1.84216		
5.12		1.83351		
5.13		1.82492		
5.14		1.81639		
5.15		1.80792		
5.16		1.79949		
5.17		1.79113		
5.18		1.78282		
5.19		1.77456		
5.2		1.76636		
5.21		1.75821		
5.22		1.75011		
5.23		1.74206		
5.24		1.73407		
5.25		1.72613		
5.26		1.71824		
5.27		1.7104		
5.28		1.70261		
5.29		1.69487		
5.3		1.68718		
5.31		1.67954		
5.32		1.67195		
5.33		1.66441		
5.34		1.65691		
5.35		1.64946		
5.36		1.64206		
5.37		1.63471		
5.38		1.6274		
5.39		1.62014		
5.4		1.61292		
5.41		1.60575		
5.42		1.59862		
5.43		1.59154		
5.44		1.5845		
5.45		1.57751		
5.46		1.57056		
5.47		1.56365		
5.48		1.55679		
5.49		1.54997		
5.5		1.54319		
5.51		1.53645		
5.52		1.52975		
5.53		1.5231		
5.54		1.51648		
5.55		1.50991		
5.56		1.50338		
5.57		1.49688		
5.58		1.49043		
5.59		1.48401		
5.6		1.47764		
5.61		1.4713		
5.62		1.465		
5.63		1.45874		
5.64		1.45252		
5.65		1.44633		
5.66		1.44018		
5.67		1.43407		
5.68		1.42799		
5.69		1.42196		
5.7		1.41595		
5.71		1.40999		
5.72		1.40405		
5.73		1.39816		
5.74		1.3923		
5.75		1.38647		
5.76		1.38068		
5.77		1.37492		
5.78		1.36919		
5.79		1.3635		
5.8		1.35785		
5.81		1.35222		
5.82		1.34663		
5.83		1.34107		
5.84		1.33555		
5.85		1.33005		
5.86		1.32459		
5.87		1.31916		
5.88		1.31376		
5.89		1.3084		
5.9		1.30306		
5.91		1.29775		
5.92		1.29248		
5.93		1.28723		
5.94		1.28202		
5.95		1.27683		
5.96		1.27168		
5.97		1.26655		
5.98		1.26146		
5.99		1.25639		
6		1.25135		
6.01		1.24634		
6.02		1.24136		
6.03		1.2364		
6.04		1.23148		
6.05		1.22658		
6.06		1.22171		
6.07		1.21687		
6.08		1.21205		
6.09		1.20726		
6.1		1.2025		
6.11		1.19776		
6.12		1.19305		
6.13		1.18837		
6.14		1.18371		
6.15		1.17908		
6.16		1.17448		
6.17		1.1699		
6.18		1.16534		
6.19		1.16081		
6.2		1.15631		
6.21		1.15183		
6.22		1.14737		
6.23		1.14294		
6.24		1.13853		
6.25		1.13415		
6.26		1.12979		
6.27		1.12546		
6.28		1.12115		
6.29		1.11686		
6.3		1.11259		
6.31		1.10835		
6.32		1.10413		
6.33		1.09993		
6.34		1.09576		
6.35		1.09161		
6.36		1.08748		
6.37		1.08337		
6.38		1.07929		
6.39		1.07523		
6.4		1.07118		
6.41		1.06716		
6.42		1.06317		
6.43		1.05919		
6.44		1.05523		
6.45		1.0513		
6.46		1.04738		
6.47		1.04349		
6.48		1.03962		
6.49		1.03576		
6.5		1.03193		
6.51		1.02812		
6.52		1.02432		
6.53		1.02055		
6.54		1.0168		
6.55		1.01306		
6.56		1.00935		
6.57		1.00566		
6.58		1.00198		
6.59		0.998324		
6.6		0.994686		
6.61		0.991067		
6.62		0.987467		
6.63		0.983885		
6.64		0.980322		
6.65		0.976777		
6.66		0.97325		
6.67		0.969741		
6.68		0.96625		
6.69		0.962777		
6.7		0.959322		
6.71		0.955884		
6.72		0.952464		
6.73		0.949061		
6.74		0.945675		
6.75		0.942307		
6.76		0.938955		
6.77		0.935621		
6.78		0.932303		
6.79		0.929002		
6.8		0.925717		
6.81		0.922449		
6.82		0.919197		
6.83		0.915962		
6.84		0.912743		
6.85		0.909539		
6.86		0.906352		
6.87		0.903181		
6.88		0.900025		
6.89		0.896885		
6.9		0.89376		
6.91		0.890651		
6.92		0.887558		
6.93		0.884479		
6.94		0.881416		
6.95		0.878368		
6.96		0.875334		
6.97		0.872316		
6.98		0.869312		
6.99		0.866323		
7		0.863349		
7.01		0.860389		
7.02		0.857443		
7.03		0.854512		
7.04		0.851595		
7.05		0.848692		
7.06		0.845803		
7.07		0.842928		
7.08		0.840067		
7.09		0.83722		
7.1		0.834387		
7.11		0.831567		
7.12		0.82876		
7.13		0.825967		
7.14		0.823188		
7.15		0.820421		
7.16		0.817668		
7.17		0.814928		
7.18		0.812201		
7.19		0.809487		
7.2		0.806786		
7.21		0.804098		
7.22		0.801422		
7.23		0.798759		
7.24		0.796109		
7.25		0.793471		
7.26		0.790845		
7.27		0.788232		
7.28		0.785631		
7.29		0.783043		
7.3		0.780466		
7.31		0.777901		
7.32		0.775349		
7.33		0.772808		
7.34		0.770279		
7.35		0.767762		
7.36		0.765256		
7.37		0.762762		
7.38		0.76028		
7.39		0.757809		
7.4		0.75535		
7.41		0.752902		
7.42		0.750465		
7.43		0.748039		
7.44		0.745625		
7.45		0.743221		
7.46		0.740829		
7.47		0.738447		
7.48		0.736076		
7.49		0.733717		
7.5		0.731368		
7.51		0.729029		
7.52		0.726701		
7.53		0.724384		
7.54		0.722077		
7.55		0.719781		
7.56		0.717495		
7.57		0.715219		
7.58		0.712954		
7.59		0.710699		
7.6		0.708454		
7.61		0.706219		
7.62		0.703994		
7.63		0.701779		
7.64		0.699574		
7.65		0.697378		
7.66		0.695193		
7.67		0.693017		
7.68		0.690851		
7.69		0.688695		
7.7		0.686548		
7.71		0.68441		
7.72		0.682282		
7.73		0.680164		
7.74		0.678055		
7.75		0.675955		
7.76		0.673864		
7.77		0.671783		
7.78		0.66971		
7.79		0.667647		
7.8		0.665593		
7.81		0.663547		
7.82		0.661511		
7.83		0.659484		
7.84		0.657465		
7.85		0.655455		
7.86		0.653454		
7.87		0.651462		
7.88		0.649478		
7.89		0.647503		
7.9		0.645536		
7.91		0.643578		
7.92		0.641628		
7.93		0.639686		
7.94		0.637753		
7.95		0.635829		
7.96		0.633912		
7.97		0.632004		
7.98		0.630104		
7.99		0.628212		
8		0.626328		
8.01		0.624452		
8.02		0.622584		
8.03		0.620724		
8.04		0.618872		
8.05		0.617028		
8.06		0.615191		
8.07		0.613363		
8.08		0.611542		
8.09		0.609729		
8.1		0.607923		
8.11		0.606125		
8.12		0.604335		
8.13		0.602552		
8.14		0.600776		
8.15		0.599008		
8.16		0.597248		
8.17		0.595494		
8.18		0.593748		
8.19		0.59201		
8.2		0.590278		
8.21		0.588554		
8.22		0.586837		
8.23		0.585127		
8.24		0.583424		
8.25		0.581728		
8.26		0.580039		
8.27		0.578357		
8.28		0.576682		
8.29		0.575014		
8.3		0.573353		
8.31		0.571699		
8.32		0.570051		
8.33		0.56841		
8.34		0.566776		
8.35		0.565149		
8.36		0.563528		
8.37		0.561914		
8.38		0.560306		
8.39		0.558705		
8.4		0.55711		
8.41		0.555522		
8.42		0.55394		
8.43		0.552365		
8.44		0.550796		
8.45		0.549234		
8.46		0.547677		
8.47		0.546127		
8.48		0.544583		
8.49		0.543046		
8.5		0.541514		
8.51		0.539989		
8.52		0.53847		
8.53		0.536957		
8.54		0.53545		
8.55		0.533949		
8.56		0.532454		
8.57		0.530964		
8.58		0.529481		
8.59		0.528004		
8.6		0.526533		
8.61		0.525067		
8.62		0.523607		
8.63		0.522153		
8.64		0.520705		
8.65		0.519262		
8.66		0.517825		
8.67		0.516394		
8.68		0.514968		
8.69		0.513548		
8.7		0.512134		
8.71		0.510725		
8.72		0.509321		
8.73		0.507923		
8.74		0.506531		
8.75		0.505144		
8.76		0.503762		
8.77		0.502386		
8.78		0.501015		
8.79		0.499649		
8.8		0.498289		
8.81		0.496934		
8.82		0.495584		
8.83		0.494239		
8.84		0.4929		
8.85		0.491565		
8.86		0.490236		
8.87		0.488912		
8.88		0.487593		
8.89		0.486279		
8.9		0.48497		
8.91		0.483666		
8.92		0.482368		
8.93		0.481074		
8.94		0.479785		
8.95		0.478501		
8.96		0.477221		
8.97		0.475947		
8.98		0.474678		
8.99		0.473413		
9		0.472153		
9.01		0.470898		
9.02		0.469647		
9.03		0.468402		
9.04		0.467161		
9.05		0.465925		
9.06		0.464693		
9.07		0.463466		
9.08		0.462243		
9.09		0.461026		
9.1		0.459812		
9.11		0.458604		
9.12		0.457399		
9.13		0.4562		
9.14		0.455004		
9.15		0.453814		
9.16		0.452627		
9.17		0.451445		
9.18		0.450268		
9.19		0.449095		
9.2		0.447926		
9.21		0.446761		
9.22		0.445601		
9.23		0.444445		
9.24		0.443293		
9.25		0.442146		
9.26		0.441003		
9.27		0.439864		
9.28		0.438729		
9.29		0.437598		
9.3		0.436472		
9.31		0.435349		
9.32		0.434231		
9.33		0.433117		
9.34		0.432007		
9.35		0.430901		
9.36		0.429799		
9.37		0.4287		
9.38		0.427606		
9.39		0.426516		
9.4		0.42543		
9.41		0.424348		
9.42		0.42327		
9.43		0.422195		
9.44		0.421125		
9.45		0.420058		
9.46		0.418995		
9.47		0.417936		
9.48		0.416881		
9.49		0.41583		
9.5		0.414782		
9.51		0.413738		
9.52		0.412698		
9.53		0.411661		
9.54		0.410629		
9.55		0.4096		
9.56		0.408574		
9.57		0.407553		
9.58		0.406534		
9.59		0.40552		
9.6		0.404509		
9.61		0.403502		
9.62		0.402498		
9.63		0.401498		
9.64		0.400501		
9.65		0.399508		
9.66		0.398518		
9.67		0.397532		
9.68		0.39655		
9.69		0.39557		
9.7		0.394595		
9.71		0.393622		
9.72		0.392653		
9.73		0.391688		
9.74		0.390726		
9.75		0.389767		
9.76		0.388811		
9.77		0.387859		
9.78		0.38691		
9.79		0.385965		
9.8		0.385022		
9.81		0.384084		
9.82		0.383148		
9.83		0.382215		
9.84		0.381286		
9.85		0.38036		
9.86		0.379437		
9.87		0.378518		
9.88		0.377601		
9.89		0.376688		
9.9		0.375778		
9.91		0.37487		
9.92		0.373967		
9.93		0.373066		
9.94		0.372168		
9.95		0.371273		
9.96		0.370382		
9.97		0.369493		
9.98		0.368608		
9.99		0.367725		
10		0.366845		
10.01		0.365969		
10.02		0.365095		
10.03		0.364225		
10.04		0.363357		
10.05		0.362492		
10.06		0.361631		
10.07		0.360772		
10.08		0.359916		
10.09		0.359063		
10.1		0.358213		
10.11		0.357365		
10.12		0.356521		
10.13		0.355679		
10.14		0.35484		
10.15		0.354004		
10.16		0.353171		
10.17		0.352341		
10.18		0.351513		
10.19		0.350688		
10.2		0.349866		
10.21		0.349047		
10.22		0.34823		
10.23		0.347416		
10.24		0.346605		
10.25		0.345796		
10.26		0.344991		
10.27		0.344187		
10.28		0.343387		
10.29		0.342589		
10.3		0.341794		
10.31		0.341001		
10.32		0.340211		
10.33		0.339424		
10.34		0.338639		
10.35		0.337857		
10.36		0.337077		
10.37		0.3363		
10.38		0.335526		
10.39		0.334754		
10.4		0.333984		
10.41		0.333217		
10.42		0.332453		
10.43		0.331691		
10.44		0.330931		
10.45		0.330174		
10.46		0.32942		
10.47		0.328668		
10.48		0.327918		
10.49		0.327171		
10.5		0.326426		
10.51		0.325684		
10.52		0.324944		
10.53		0.324206		
10.54		0.323471		
10.55		0.322738		
10.56		0.322008		
10.57		0.32128		
10.58		0.320554		
10.59		0.31983		
10.6		0.319109		
10.61		0.31839		
10.62		0.317674		
10.63		0.31696		
10.64		0.316248		
10.65		0.315538		
10.66		0.314831		
10.67		0.314126		
10.68		0.313423		
10.69		0.312722		
10.7		0.312024		
10.71		0.311328		
10.72		0.310634		
10.73		0.309942		
10.74		0.309252		
10.75		0.308565		
10.76		0.30788		
10.77		0.307196		
10.78		0.306516		
10.79		0.305837		
10.8		0.30516		
10.81		0.304486		
10.82		0.303813		
10.83		0.303143		
10.84		0.302475		
10.85		0.301809		
10.86		0.301145		
10.87		0.300483		
10.88		0.299823		
10.89		0.299165		
10.9		0.29851		
10.91		0.297856		
10.92		0.297204		
10.93		0.296555		
10.94		0.295907		
10.95		0.295262		
10.96		0.294618		
10.97		0.293977		
10.98		0.293337		
10.99		0.292699		
11		0.292064		
11.01		0.29143		
11.02		0.290798		
11.03		0.290169		
11.04		0.289541		
11.05		0.288915		
11.06		0.288291		
11.07		0.287669		
11.08		0.287049		
11.09		0.286431		
11.1		0.285814		
11.11		0.2852		
11.12		0.284587		
11.13		0.283977		
11.14		0.283368		
11.15		0.282761		
11.16		0.282156		
11.17		0.281552		
11.18		0.280951		
11.19		0.280351		
11.2		0.279753		
11.21		0.279157		
11.22		0.278563		
11.23		0.277971		
11.24		0.27738		
11.25		0.276792		
11.26		0.276205		
11.27		0.275619		
11.28		0.275036		
11.29		0.274454		
11.3		0.273874		
11.31		0.273296		
11.32		0.272719		
11.33		0.272145		
11.34		0.271572		
11.35		0.271		
11.36		0.270431		
11.37		0.269863		
11.38		0.269297		
11.39		0.268732		
11.4		0.268169		
11.41		0.267608		
11.42		0.267049		
11.43		0.266491		
11.44		0.265935		
11.45		0.26538		
11.46		0.264827		
11.47		0.264276		
11.48		0.263727		
11.49		0.263179		
11.5		0.262632		
11.51		0.262088		
11.52		0.261544		
11.53		0.261003		
11.54		0.260463		
11.55		0.259925		
11.56		0.259388		
11.57		0.258853		
11.58		0.258319		
11.59		0.257787		
11.6		0.257257		
11.61		0.256728		
11.62		0.2562		
11.63		0.255675		
11.64		0.25515		
11.65		0.254628		
11.66		0.254106		
11.67		0.253587		
11.68		0.253068		
11.69		0.252552		
11.7		0.252036		
11.71		0.251523		
11.72		0.251011		
11.73		0.2505		
11.74		0.249991		
11.75		0.249483		
11.76		0.248977		
11.77		0.248472		
11.78		0.247968		
11.79		0.247466		
11.8		0.246966		
11.81		0.246467		
11.82		0.245969		
11.83		0.245473		
11.84		0.244978		
11.85		0.244485		
11.86		0.243993		
11.87		0.243503		
11.88		0.243014		
11.89		0.242526		
11.9		0.24204		
11.91		0.241555		
11.92		0.241071		
11.93		0.240589		
11.94		0.240108		
11.95		0.239629		
11.96		0.239151		
11.97		0.238674		
11.98		0.238199		
11.99		0.237725		
12		0.237252		
12.01		0.236781		
12.02		0.236311		
12.03		0.235842		
12.04		0.235375		
12.05		0.234909		
12.06		0.234444		
12.07		0.233981		
12.08		0.233519		
12.09		0.233058		
12.1		0.232598		
12.11		0.23214		
12.12		0.231683		
12.13		0.231228		
12.14		0.230773		
12.15		0.23032		
12.16		0.229868		
12.17		0.229418		
12.18		0.228969		
12.19		0.228521		
12.2		0.228074		
12.21		0.227628		
12.22		0.227184		
12.23		0.226741		
12.24		0.226299		
12.25		0.225858		
12.26		0.225419		
12.27		0.224981		
12.28		0.224544		
12.29		0.224108		
12.3		0.223674		
12.31		0.22324		
12.32		0.222808		
12.33		0.222377		
12.34		0.221947		
12.35		0.221519		
12.36		0.221091		
12.37		0.220665		
12.38		0.22024		
12.39		0.219816		
12.4		0.219393		
12.41		0.218972		
12.42		0.218551		
12.43		0.218132		
12.44		0.217714		
12.45		0.217297		
12.46		0.216881		
12.47		0.216466		
12.48		0.216053		
12.49		0.21564		
12.5		0.215229		
12.51		0.214819		
12.52		0.21441		
12.53		0.214002		
12.54		0.213595		
12.55		0.213189		
12.56		0.212784		
12.57		0.212381		
12.58		0.211978		
12.59		0.211577		
12.6		0.211176		
12.61		0.210777		
12.62		0.210379		
12.63		0.209982		
12.64		0.209586		
12.65		0.209191		
12.66		0.208797		
12.67		0.208404		
12.68		0.208012		
12.69		0.207622		
12.7		0.207232		
12.71		0.206843		
12.72		0.206456		
12.73		0.206069		
12.74		0.205683		
12.75		0.205299		
12.76		0.204915		
12.77		0.204533		
12.78		0.204151		
12.79		0.203771		
12.8		0.203391		
12.81		0.203013		
12.82		0.202636		
12.83		0.202259		
12.84		0.201884		
12.85		0.201509		
12.86		0.201136		
12.87		0.200763		
12.88		0.200392		
12.89		0.200021		
12.9		0.199652		
12.91		0.199283		
12.92		0.198916		
12.93		0.198549		
12.94		0.198183		
12.95		0.197819		
12.96		0.197455		
12.97		0.197092		
12.98		0.19673		
12.99		0.196369		
13		0.196009		
13.01		0.19565		
13.02		0.195292		
13.03		0.194935		
13.04		0.194579		
13.05		0.194224		
13.06		0.193869		
13.07		0.193516		
13.08		0.193163		
13.09		0.192812		
13.1		0.192461		
13.11		0.192111		
13.12		0.191762		
13.13		0.191414		
13.14		0.191067		
13.15		0.190721		
13.16		0.190376		
13.17		0.190031		
13.18		0.189688		
13.19		0.189345		
13.2		0.189004		
13.21		0.188663		
13.22		0.188323		
13.23		0.187984		
13.24		0.187645		
13.25		0.187308		
13.26		0.186972		
13.27		0.186636		
13.28		0.186301		
13.29		0.185967		
13.3		0.185634		
13.31		0.185302		
13.32		0.18497		
13.33		0.18464		
13.34		0.18431		
13.35		0.183981		
13.36		0.183653		
13.37		0.183326		
13.38		0.183		
13.39		0.182674		
13.4		0.18235		
13.41		0.182026		
13.42		0.181703		
13.43		0.18138		
13.44		0.181059		
13.45		0.180738		
13.46		0.180419		
13.47		0.1801		
13.48		0.179781		
13.49		0.179464		
13.5		0.179148		
13.51		0.178832		
13.52		0.178517		
13.53		0.178203		
13.54		0.177889		
13.55		0.177576		
13.56		0.177265		
13.57		0.176954		
13.58		0.176643		
13.59		0.176334		
13.6		0.176025		
13.61		0.175717		
13.62		0.17541		
13.63		0.175103		
13.64		0.174798		
13.65		0.174493		
13.66		0.174189		
13.67		0.173885		
13.68		0.173583		
13.69		0.173281		
13.7		0.17298		
13.71		0.172679		
13.72		0.17238		
13.73		0.172081		
13.74		0.171782		
13.75		0.171485		
13.76		0.171188		
13.77		0.170892		
13.78		0.170597		
13.79		0.170303		
13.8		0.170009		
13.81		0.169716		
13.82		0.169423		
13.83		0.169132		
13.84		0.168841		
13.85		0.168551		
13.86		0.168261		
13.87		0.167972		
13.88		0.167684		
13.89		0.167397		
13.9		0.16711		
13.91		0.166824		
13.92		0.166539		
13.93		0.166254		
13.94		0.165971		
13.95		0.165687		
13.96		0.165405		
13.97		0.165123		
13.98		0.164842		
13.99		0.164562		
14		0.164282		
14.01		0.164003		
14.02		0.163724		
14.03		0.163447		
14.04		0.163169		
14.05		0.162893		
14.06		0.162617		
14.07		0.162342		
14.08		0.162068		
14.09		0.161794		
14.1		0.161521		
14.11		0.161249		
14.12		0.160977		
14.13		0.160706		
14.14		0.160435		
14.15		0.160166		
14.16		0.159896		
14.17		0.159628		
14.18		0.15936		
14.19		0.159093		
14.2		0.158826		
14.21		0.15856		
14.22		0.158295		
14.23		0.15803		
14.24		0.157766		
14.25		0.157503		
14.26		0.15724		
14.27		0.156978		
14.28		0.156716		
14.29		0.156455		
14.3		0.156195		
14.31		0.155935		
14.32		0.155676		
14.33		0.155418		
14.34		0.15516		
14.35		0.154903		
14.36		0.154646		
14.37		0.15439		
14.38		0.154135		
14.39		0.15388		
14.4		0.153626		
14.41		0.153372		
14.42		0.153119		
14.43		0.152867		
14.44		0.152615		
14.45		0.152364		
14.46		0.152113		
14.47		0.151863		
14.48		0.151613		
14.49		0.151365		
14.5		0.151116		
14.51		0.150869		
14.52		0.150621		
14.53		0.150375		
14.54		0.150129		
14.55		0.149883		
14.56		0.149639		
14.57		0.149394		
14.58		0.149151		
14.59		0.148907		
14.6		0.148665		
14.61		0.148423		
14.62		0.148181		
14.63		0.147941		
14.64		0.1477		
14.65		0.147461		
14.66		0.147221		
14.67		0.146983		
14.68		0.146745		
14.69		0.146507		
14.7		0.14627		
14.71		0.146034		
14.72		0.145798		
14.73		0.145562		
14.74		0.145327		
14.75		0.145093		
14.76		0.144859		
14.77		0.144626		
14.78		0.144393		
14.79		0.144161		
14.8		0.14393		
14.81		0.143699		
14.82		0.143468		
14.83		0.143238		
14.84		0.143009		
14.85		0.14278		
14.86		0.142551		
14.87		0.142323		
14.88		0.142096		
14.89		0.141869		
14.9		0.141643		
14.91		0.141417		
14.92		0.141191		
14.93		0.140967		
14.94		0.140742		
14.95		0.140519		
14.96		0.140295		
14.97		0.140072		
14.98		0.13985		
14.99		0.139628		
15		0.139407		
15.01		0.139186		
15.02		0.138966		
15.03		0.138746		
15.04		0.138527		
15.05		0.138308		
15.06		0.13809		
15.07		0.137872		
15.08		0.137655		
15.09		0.137438		
15.1		0.137222		
15.11		0.137006		
15.12		0.13679		
15.13		0.136575		
15.14		0.136361		
15.15		0.136147		
15.16		0.135934		
15.17		0.135721		
15.18		0.135508		
15.19		0.135296		
15.2		0.135085		
15.21		0.134874		
15.22		0.134663		
15.23		0.134453		
15.24		0.134243		
15.25		0.134034		
15.26		0.133825		
15.27		0.133617		
15.28		0.133409		
15.29		0.133202		
15.3		0.132995		
15.31		0.132789		
15.32		0.132583		
15.33		0.132377		
15.34		0.132172		
15.35		0.131967		
15.36		0.131763		
15.37		0.13156		
15.38		0.131356		
15.39		0.131154		
15.4		0.130951		
15.41		0.130749		
15.42		0.130548		
15.43		0.130347		
15.44		0.130146		
15.45		0.129946		
15.46		0.129746		
15.47		0.129547		
15.48		0.129348		
15.49		0.12915		
15.5		0.128952		
15.51		0.128754		
15.52		0.128557		
15.53		0.128361		
15.54		0.128164		
15.55		0.127969		
15.56		0.127773		
15.57		0.127578		
15.58		0.127384		
15.59		0.12719		
15.6		0.126996		
15.61		0.126803		
15.62		0.12661		
15.63		0.126417		
15.64		0.126225		
15.65		0.126034		
15.66		0.125843		
15.67		0.125652		
15.68		0.125462		
15.69		0.125272		
15.7		0.125082		
15.71		0.124893		
15.72		0.124704		
15.73		0.124516		
15.74		0.124328		
15.75		0.124141		
15.76		0.123954		
15.77		0.123767		
15.78		0.123581		
15.79		0.123395		
15.8		0.123209		
15.81		0.123024		
15.82		0.12284		
15.83		0.122655		
15.84		0.122471		
15.85		0.122288		
15.86		0.122105		
15.87		0.121922		
15.88		0.12174		
15.89		0.121558		
15.9		0.121376		
15.91		0.121195		
15.92		0.121014		
15.93		0.120834		
15.94		0.120654		
15.95		0.120474		
15.96		0.120295		
15.97		0.120116		
15.98		0.119938		
15.99		0.11976		
16		0.119582		
16.01		0.119404		
16.02		0.119228		
16.03		0.119051		
16.04		0.118875		
16.05		0.118699		
16.06		0.118523		
16.07		0.118348		
16.08		0.118174		
16.09		0.117999		
16.1		0.117825		
16.11		0.117651		
16.12		0.117478		
16.13		0.117305		
16.14		0.117133		
16.15		0.116961		
16.16		0.116789		
16.17		0.116617		
16.18		0.116446		
16.19		0.116275		
16.2		0.116105		
16.21		0.115935		
16.22		0.115765		
16.23		0.115596		
16.24		0.115427		
16.25		0.115258		
16.26		0.11509		
16.27		0.114922		
16.28		0.114755		
16.29		0.114587		
16.3		0.114421		
16.31		0.114254		
16.32		0.114088		
16.33		0.113922		
16.34		0.113757		
16.35		0.113591		
16.36		0.113427		
16.37		0.113262		
16.38		0.113098		
16.39		0.112934		
16.4		0.112771		
16.41		0.112608		
16.42		0.112445		
16.43		0.112283		
16.44		0.112121		
16.45		0.111959		
16.46		0.111797		
16.47		0.111636		
16.48		0.111475		
16.49		0.111315		
16.5		0.111155		
16.51		0.110995		
16.52		0.110836		
16.53		0.110677		
16.54		0.110518		
16.55		0.110359		
16.56		0.110201		
16.57		0.110043		
16.58		0.109886		
16.59		0.109729		
16.6		0.109572		
16.61		0.109415		
16.62		0.109259		
16.63		0.109103		
16.64		0.108948		
16.65		0.108792		
16.66		0.108637		
16.67		0.108483		
16.68		0.108329		
16.69		0.108175		
16.7		0.108021		
16.71		0.107867		
16.72		0.107714		
16.73		0.107562		
16.74		0.107409		
16.75		0.107257		
16.76		0.107105		
16.77		0.106954		
16.78		0.106802		
16.79		0.106652		
16.8		0.106501		
16.81		0.106351		
16.82		0.106201		
16.83		0.106051		
16.84		0.105902		
16.85		0.105752		
16.86		0.105604		
16.87		0.105455		
16.88		0.105307		
16.89		0.105159		
16.9		0.105011		
16.91		0.104864		
16.92		0.104717		
16.93		0.10457		
16.94		0.104424		
16.95		0.104278		
16.96		0.104132		
16.97		0.103986		
16.98		0.103841		
16.99		0.103696		
17		0.103551		
17.01		0.103407		
17.02		0.103263		
17.03		0.103119		
17.04		0.102976		
17.05		0.102832		
17.06		0.102689		
17.07		0.102547		
17.08		0.102404		
17.09		0.102262		
17.1		0.10212		
17.11		0.101979		
17.12		0.101838		
17.13		0.101697		
17.14		0.101556		
17.15		0.101415		
17.16		0.101275		
17.17		0.101135		
17.18		0.100996		
17.19		0.100856		
17.2		0.100717		
17.21		0.100579		
17.22		0.10044		
17.23		0.100302		
17.24		0.100164		
17.25		0.100026		
17.26		0.0998886		
17.27		0.0997515		
17.28		0.0996146		
17.29		0.099478		
17.3		0.0993416		
17.31		0.0992055		
17.32		0.0990697		
17.33		0.0989342		
17.34		0.0987989		
17.35		0.0986638		
17.36		0.0985291		
17.37		0.0983946		
17.38		0.0982603		
17.39		0.0981263		
17.4		0.0979926		
17.41		0.0978592		
17.42		0.097726		
17.43		0.097593		
17.44		0.0974603		
17.45		0.0973279		
17.46		0.0971958		
17.47		0.0970638		
17.48		0.0969322		
17.49		0.0968008		
17.5		0.0966696		
17.51		0.0965387		
17.52		0.0964081		
17.53		0.0962777		
17.54		0.0961476		
17.55		0.0960177		
17.56		0.0958881		
17.57		0.0957587		
17.58		0.0956295		
17.59		0.0955006		
17.6		0.095372		
17.61		0.0952436		
17.62		0.0951155		
17.63		0.0949876		
17.64		0.0948599		
17.65		0.0947325		
17.66		0.0946053		
17.67		0.0944784		
17.68		0.0943517		
17.69		0.0942253		
17.7		0.0940991		
17.71		0.0939732		
17.72		0.0938474		
17.73		0.093722		
17.74		0.0935967		
17.75		0.0934717		
17.76		0.093347		
17.77		0.0932225		
17.78		0.0930982		
17.79		0.0929741		
17.8		0.0928503		
17.81		0.0927267		
17.82		0.0926034		
17.83		0.0924803		
17.84		0.0923574		
17.85		0.0922348		
17.86		0.0921124		
17.87		0.0919902		
17.88		0.0918683		
17.89		0.0917465		
17.9		0.0916251		
17.91		0.0915038		
17.92		0.0913828		
17.93		0.091262		
17.94		0.0911414		
17.95		0.0910211		
17.96		0.090901		
17.97		0.0907811		
17.98		0.0906614		
17.99		0.090542		
18		0.0904228		
18.01		0.0903038		
18.02		0.090185		
18.03		0.0900665		
18.04		0.0899481		
18.05		0.08983		
18.06		0.0897121		
18.07		0.0895945		
18.08		0.0894771		
18.09		0.0893598		
18.1		0.0892428		
18.11		0.0891261		
18.12		0.0890095		
18.13		0.0888931		
18.14		0.088777		
18.15		0.0886611		
18.16		0.0885454		
18.17		0.0884299		
18.18		0.0883147		
18.19		0.0881996		
18.2		0.0880848		
18.21		0.0879701		
18.22		0.0878557		
18.23		0.0877415		
18.24		0.0876275		
18.25		0.0875138		
18.26		0.0874002		
18.27		0.0872868		
18.28		0.0871737		
18.29		0.0870608		
18.3		0.086948		
18.31		0.0868355		
18.32		0.0867232		
18.33		0.0866111		
18.34		0.0864992		
18.35		0.0863875		
18.36		0.086276		
18.37		0.0861647		
18.38		0.0860536		
18.39		0.0859428		
18.4		0.0858321		
18.41		0.0857216		
18.42		0.0856114		
18.43		0.0855013		
18.44		0.0853914		
18.45		0.0852818		
18.46		0.0851723		
18.47		0.0850631		
18.48		0.084954		
18.49		0.0848451		
18.5		0.0847365		
18.51		0.084628		
18.52		0.0845198		
18.53		0.0844117		
18.54		0.0843038		
18.55		0.0841962		
18.56		0.0840887		
18.57		0.0839814		
18.58		0.0838743		
18.59		0.0837674		
18.6		0.0836607		
18.61		0.0835542		
18.62		0.0834479		
18.63		0.0833418		
18.64		0.0832359		
18.65		0.0831301		
18.66		0.0830246		
18.67		0.0829192		
18.68		0.0828141		
18.69		0.0827091		
18.7		0.0826043		
18.71		0.0824997		
18.72		0.0823953		
18.73		0.0822911		
18.74		0.0821871		
18.75		0.0820832		
18.76		0.0819796		
18.77		0.0818761		
18.78		0.0817728		
18.79		0.0816698		
18.8		0.0815668		
18.81		0.0814641		
18.82		0.0813616		
18.83		0.0812592		
18.84		0.0811571		
18.85		0.0810551		
18.86		0.0809533		
18.87		0.0808516		
18.88		0.0807502		
18.89		0.0806489		
18.9		0.0805478		
18.91		0.0804469		
18.92		0.0803462		
18.93		0.0802457		
18.94		0.0801453		
18.95		0.0800451		
18.96		0.0799451		
18.97		0.0798453		
18.98		0.0797457		
18.99		0.0796462		
19		0.0795469		
19.01		0.0794478		
19.02		0.0793488		
19.03		0.0792501		
19.04		0.0791515		
19.05		0.0790531		
19.06		0.0789548		
19.07		0.0788568		
19.08		0.0787589		
19.09		0.0786611		
19.1		0.0785636		
19.11		0.0784662		
19.12		0.078369		
19.13		0.078272		
19.14		0.0781751		
19.15		0.0780784		
19.16		0.0779819		
19.17		0.0778855		
19.18		0.0777894		
19.19		0.0776934		
19.2		0.0775975		
19.21		0.0775018		
19.22		0.0774063		
19.23		0.077311		
19.24		0.0772158		
19.25		0.0771208		
19.26		0.077026		
19.27		0.0769313		
19.28		0.0768368		
19.29		0.0767424		
19.3		0.0766483		
19.31		0.0765543		
19.32		0.0764604		
19.33		0.0763667		
19.34		0.0762732		
19.35		0.0761798		
19.36		0.0760866		
19.37		0.0759936		
19.38		0.0759007		
19.39		0.075808		
19.4		0.0757155		
19.41		0.0756231		
19.42		0.0755309		
19.43		0.0754388		
19.44		0.0753469		
19.45		0.0752551		
19.46		0.0751636		
19.47		0.0750721		
19.48		0.0749809		
19.49		0.0748897		
19.5		0.0747988		
19.51		0.074708		
19.52		0.0746173		
19.53		0.0745269		
19.54		0.0744365		
19.55		0.0743464		
19.56		0.0742563		
19.57		0.0741665		
19.58		0.0740768		
19.59		0.0739872		
19.6		0.0738978		
19.61		0.0738086		
19.62		0.0737195		
19.63		0.0736305		
19.64		0.0735417		
19.65		0.0734531		
19.66		0.0733646		
19.67		0.0732763		
19.68		0.0731881		
19.69		0.0731001		
19.7		0.0730122		
19.71		0.0729245		
19.72		0.0728369		
19.73		0.0727495		
19.74		0.0726622		
19.75		0.0725751		
19.76		0.0724881		
19.77		0.0724012		
19.78		0.0723146		
19.79		0.072228		
19.8		0.0721416		
19.81		0.0720554		
19.82		0.0719693		
19.83		0.0718833		
19.84		0.0717975		
19.85		0.0717119		
19.86		0.0716264		
19.87		0.071541		
19.88		0.0714558		
19.89		0.0713707		
19.9		0.0712858		
19.91		0.071201		
19.92		0.0711163		
19.93		0.0710318		
19.94		0.0709475		
19.95		0.0708632		
19.96		0.0707792		
19.97		0.0706952		
19.98		0.0706114		
19.99		0.0705278		
20		0.0704443		
20.01		0.0703609		
20.02		0.0702777		
20.03		0.0701946		
20.04		0.0701116		
20.05		0.0700288		
20.06		0.0699461		
20.07		0.0698636		
20.08		0.0697812		
20.09		0.0696989		
20.1		0.0696168		
20.11		0.0695348		
20.12		0.069453		
20.13		0.0693713		
20.14		0.0692897		
20.15		0.0692083		
20.16		0.069127		
20.17		0.0690458		
20.18		0.0689648		
20.19		0.0688839		
20.2		0.0688031		
20.21		0.0687225		
20.22		0.068642		
20.23		0.0685617		
20.24		0.0684815		
20.25		0.0684014		
20.26		0.0683214		
20.27		0.0682416		
20.28		0.0681619		
20.29		0.0680823		
20.3		0.0680029		
20.31		0.0679236		
20.32		0.0678445		
20.33		0.0677654		
20.34		0.0676865		
20.35		0.0676078		
20.36		0.0675291		
20.37		0.0674506		
20.38		0.0673722		
20.39		0.067294		
20.4		0.0672159		
20.41		0.0671379		
20.42		0.06706		
20.43		0.0669823		
20.44		0.0669047		
20.45		0.0668272		
20.46		0.0667498		
20.47		0.0666726		
20.48		0.0665955		
20.49		0.0665185		
20.5		0.0664417		
20.51		0.066365		
20.52		0.0662884		
20.53		0.0662119		
20.54		0.0661356		
20.55		0.0660594		
20.56		0.0659833		
20.57		0.0659073		
20.58		0.0658314		
20.59		0.0657557		
20.6		0.0656801		
20.61		0.0656047		
20.62		0.0655293		
20.63		0.0654541		
20.64		0.065379		
20.65		0.065304		
20.66		0.0652291		
20.67		0.0651544		
20.68		0.0650798		
20.69		0.0650053		
20.7		0.0649309		
20.71		0.0648567		
20.72		0.0647825		
20.73		0.0647085		
20.74		0.0646346		
20.75		0.0645609		
20.76		0.0644872		
20.77		0.0644137		
20.78		0.0643403		
20.79		0.064267		
20.8		0.0641938		
20.81		0.0641207		
20.82		0.0640478		
20.83		0.063975		
20.84		0.0639022		
20.85		0.0638297		
20.86		0.0637572		
20.87		0.0636848		
20.88		0.0636126		
20.89		0.0635405		
20.9		0.0634685		
20.91		0.0633966		
20.92		0.0633248		
20.93		0.0632531		
20.94		0.0631816		
20.95		0.0631102		
20.96		0.0630389		
20.97		0.0629677		
20.98		0.0628966		
20.99		0.0628256		
21		0.0627547		
21.01		0.062684		
21.02		0.0626134		
21.03		0.0625428		
21.04		0.0624724		
21.05		0.0624021		
21.06		0.062332		
21.07		0.0622619		
21.08		0.0621919		
21.09		0.0621221		
21.1		0.0620524		
21.11		0.0619827		
21.12		0.0619132		
21.13		0.0618438		
21.14		0.0617745		
21.15		0.0617053		
21.16		0.0616363		
21.17		0.0615673		
21.18		0.0614985		
21.19		0.0614297		
21.2		0.0613611		
21.21		0.0612925		
21.22		0.0612241		
21.23		0.0611558		
21.24		0.0610876		
21.25		0.0610195		
21.26		0.0609515		
21.27		0.0608837		
21.28		0.0608159		
21.29		0.0607482		
21.3		0.0606807		
21.31		0.0606132		
21.32		0.0605459		
21.33		0.0604786		
21.34		0.0604115		
21.35		0.0603445		
21.36		0.0602776		
21.37		0.0602107		
21.38		0.060144		
21.39		0.0600774		
21.4		0.0600109		
21.41		0.0599445		
21.42		0.0598782		
21.43		0.059812		
21.44		0.0597459		
21.45		0.05968		
21.46		0.0596141		
21.47		0.0595483		
21.48		0.0594826		
21.49		0.0594171		
21.5		0.0593516		
21.51		0.0592862		
21.52		0.059221		
21.53		0.0591558		
21.54		0.0590907		
21.55		0.0590258		
21.56		0.0589609		
21.57		0.0588962		
21.58		0.0588315		
21.59		0.058767		
21.6		0.0587025		
21.61		0.0586382		
21.62		0.0585739		
21.63		0.0585097		
21.64		0.0584457		
21.65		0.0583817		
21.66		0.0583179		
21.67		0.0582541		
21.68		0.0581905		
21.69		0.0581269		
21.7		0.0580634		
21.71		0.0580001		
21.72		0.0579368		
21.73		0.0578736		
21.74		0.0578106		
21.75		0.0577476		
21.76		0.0576847		
21.77		0.0576219		
21.78		0.0575593		
21.79		0.0574967		
21.8		0.0574342		
21.81		0.0573718		
21.82		0.0573095		
21.83		0.0572473		
21.84		0.0571852		
21.85		0.0571232		
21.86		0.0570613		
21.87		0.0569994		
21.88		0.0569377		
21.89		0.0568761		
21.9		0.0568145		
21.91		0.0567531		
21.92		0.0566917		
21.93		0.0566305		
21.94		0.0565693		
21.95		0.0565083		
21.96		0.0564473		
21.97		0.0563864		
21.98		0.0563256		
21.99		0.0562649		
22		0.0562043		
22.01		0.0561438		
22.02		0.0560834		
22.03		0.0560231		
22.04		0.0559628		
22.05		0.0559027		
22.06		0.0558427		
22.07		0.0557827		
22.08		0.0557228		
22.09		0.055663		
22.1		0.0556034		
22.11		0.0555438		
22.12		0.0554843		
22.13		0.0554248		
22.14		0.0553655		
22.15		0.0553063		
22.16		0.0552471		
22.17		0.0551881		
22.18		0.0551291		
22.19		0.0550702		
22.2		0.0550115		
22.21		0.0549528		
22.22		0.0548941		
22.23		0.0548356		
22.24		0.0547772		
22.25		0.0547188		
22.26		0.0546606		
22.27		0.0546024		
22.28		0.0545443		
22.29		0.0544863		
22.3		0.0544284		
22.31		0.0543706		
22.32		0.0543129		
22.33		0.0542552		
22.34		0.0541977		
22.35		0.0541402		
22.36		0.0540828		
22.37		0.0540255		
22.38		0.0539683		
22.39		0.0539112		
22.4		0.0538542		
22.41		0.0537972		
22.42		0.0537403		
22.43		0.0536835		
22.44		0.0536269		
22.45		0.0535702		
22.46		0.0535137		
22.47		0.0534573		
22.48		0.0534009		
22.49		0.0533446		
22.5		0.0532885		
22.51		0.0532324		
22.52		0.0531763		
22.53		0.0531204		
22.54		0.0530645		
22.55		0.0530088		
22.56		0.0529531		
22.57		0.0528975		
22.58		0.052842		
22.59		0.0527865		
22.6		0.0527312		
22.61		0.0526759		
22.62		0.0526207		
22.63		0.0525656		
22.64		0.0525106		
22.65		0.0524557		
22.66		0.0524008		
22.67		0.0523461		
22.68		0.0522914		
22.69		0.0522368		
22.7		0.0521822		
22.71		0.0521278		
22.72		0.0520734		
22.73		0.0520191		
22.74		0.0519649		
22.75		0.0519108		
22.76		0.0518568		
22.77		0.0518028		
22.78		0.0517489		
22.79		0.0516951		
22.8		0.0516414		
22.81		0.0515878		
22.82		0.0515342		
22.83		0.0514807		
22.84		0.0514273		
22.85		0.051374		
22.86		0.0513207		
22.87		0.0512676		
22.88		0.0512145		
22.89		0.0511615		
22.9		0.0511086		
22.91		0.0510557		
22.92		0.0510029		
22.93		0.0509502		
22.94		0.0508976		
22.95		0.0508451		
22.96		0.0507926		
22.97		0.0507402		
22.98		0.0506879		
22.99		0.0506357		
23		0.0505836		
23.01		0.0505315		
23.02		0.0504795		
23.03		0.0504276		
23.04		0.0503757		
23.05		0.050324		
23.06		0.0502723		
23.07		0.0502207		
23.08		0.0501691		
23.09		0.0501177		
23.1		0.0500663		
23.11		0.050015		
23.12		0.0499637		
23.13		0.0499126		
23.14		0.0498615		
23.15		0.0498105		
23.16		0.0497596		
23.17		0.0497087		
23.18		0.0496579		
23.19		0.0496072		
23.2		0.0495566		
23.21		0.049506		
23.22		0.0494555		
23.23		0.0494051		
23.24		0.0493548		
23.25		0.0493045		
23.26		0.0492543		
23.27		0.0492042		
23.28		0.0491542		
23.29		0.0491042		
23.3		0.0490543		
23.31		0.0490045		
23.32		0.0489547		
23.33		0.0489051		
23.34		0.0488555		
23.35		0.0488059		
23.36		0.0487565		
23.37		0.0487071		
23.38		0.0486578		
23.39		0.0486085		
23.4		0.0485593		
23.41		0.0485102		
23.42		0.0484612		
23.43		0.0484123		
23.44		0.0483634		
23.45		0.0483145		
23.46		0.0482658		
23.47		0.0482171		
23.48		0.0481685		
23.49		0.04812		
23.5		0.0480715		
23.51		0.0480231		
23.52		0.0479748		
23.53		0.0479266		
23.54		0.0478784		
23.55		0.0478303		
23.56		0.0477822		
23.57		0.0477343		
23.58		0.0476864		
23.59		0.0476385		
23.6		0.0475908		
23.61		0.0475431		
23.62		0.0474954		
23.63		0.0474479		
23.64		0.0474004		
23.65		0.047353		
23.66		0.0473056		
23.67		0.0472583		
23.68		0.0472111		
23.69		0.047164		
23.7		0.0471169		
23.71		0.0470699		
23.72		0.047023		
23.73		0.0469761		
23.74		0.0469293		
23.75		0.0468825		
23.76		0.0468359		
23.77		0.0467893		
23.78		0.0467427		
23.79		0.0466962		
23.8		0.0466498		
23.81		0.0466035		
23.82		0.0465572		
23.83		0.046511		
23.84		0.0464649		
23.85		0.0464188		
23.86		0.0463728		
23.87		0.0463269		
23.88		0.046281		
23.89		0.0462352		
23.9		0.0461894		
23.91		0.0461437		
23.92		0.0460981		
23.93		0.0460526		
23.94		0.0460071		
23.95		0.0459617		
23.96		0.0459163		
23.97		0.045871		
23.98		0.0458258		
23.99		0.0457807		
24		0.0457356		
24.01		0.0456905		
24.02		0.0456456		
24.03		0.0456007		
24.04		0.0455558		
24.05		0.045511		
24.06		0.0454663		
24.07		0.0454217		
24.08		0.0453771		
24.09		0.0453326		
24.1		0.0452881		
24.11		0.0452437		
24.12		0.0451994		
24.13		0.0451551		
24.14		0.0451109		
24.15		0.0450668		
24.16		0.0450227		
24.17		0.0449787		
24.18		0.0449347		
24.19		0.0448908		
24.2		0.044847		
24.21		0.0448032		
24.22		0.0447595		
24.23		0.0447159		
24.24		0.0446723		
24.25		0.0446288		
24.26		0.0445853		
24.27		0.0445419		
24.28		0.0444985		
24.29		0.0444553		
24.3		0.0444121		
24.31		0.0443689		
24.32		0.0443258		
24.33		0.0442828		
24.34		0.0442398		
24.35		0.0441969		
24.36		0.044154		
24.37		0.0441112		
24.38		0.0440685		
24.39		0.0440258		
24.4		0.0439832		
24.41		0.0439407		
24.42		0.0438982		
24.43		0.0438557		
24.44		0.0438133		
24.45		0.043771		
24.46		0.0437288		
24.47		0.0436866		
24.48		0.0436444		
24.49		0.0436024		
24.5		0.0435603		
24.51		0.0435184		
24.52		0.0434765		
24.53		0.0434346		
24.54		0.0433928		
24.55		0.0433511		
24.56		0.0433094		
24.57		0.0432678		
24.58		0.0432263		
24.59		0.0431848		
24.6		0.0431433		
24.61		0.043102		
24.62		0.0430606		
24.63		0.0430194		
24.64		0.0429782		
24.65		0.042937		
24.66		0.0428959		
24.67		0.0428549		
24.68		0.0428139		
24.69		0.042773		
24.7		0.0427321		
24.71		0.0426913		
24.72		0.0426505		
24.73		0.0426098		
24.74		0.0425692		
24.75		0.0425286		
24.76		0.0424881		
24.77		0.0424476		
24.78		0.0424072		
24.79		0.0423668		
24.8		0.0423265		
24.81		0.0422863		
24.82		0.0422461		
24.83		0.042206		
24.84		0.0421659		
24.85		0.0421259		
24.86		0.0420859		
24.87		0.042046		
24.88		0.0420061		
24.89		0.0419663		
24.9		0.0419265		
24.91		0.0418868		
24.92		0.0418472		
24.93		0.0418076		
24.94		0.0417681		
24.95		0.0417286		
24.96		0.0416892		
24.97		0.0416498		
24.98		0.0416105		
24.99		0.0415712		
25		0.041532		
25.01		0.0414929		
25.02		0.0414538		
25.03		0.0414147		
25.04		0.0413757		
25.05		0.0413368		
25.06		0.0412979		
25.07		0.041259		
25.08		0.0412203		
25.09		0.0411815		
25.1		0.0411429		
25.11		0.0411042		
25.12		0.0410657		
25.13		0.0410271		
25.14		0.0409887		
25.15		0.0409503		
25.16		0.0409119		
25.17		0.0408736		
25.18		0.0408353		
25.19		0.0407971		
25.2		0.040759		
25.21		0.0407209		
25.22		0.0406828		
25.23		0.0406448		
25.24		0.0406069		
25.25		0.040569		
25.26		0.0405312		
25.27		0.0404934		
25.28		0.0404556		
25.29		0.0404179		
25.3		0.0403803		
25.31		0.0403427		
25.32		0.0403052		
25.33		0.0402677		
25.34		0.0402302		
25.35		0.0401929		
25.36		0.0401555		
25.37		0.0401182		
25.38		0.040081		
25.39		0.0400438		
25.4		0.0400067		
25.41		0.0399696		
25.42		0.0399326		
25.43		0.0398956		
25.44		0.0398587		
25.45		0.0398218		
25.46		0.039785		
25.47		0.0397482		
25.48		0.0397114		
25.49		0.0396747		
25.5		0.0396381		
25.51		0.0396015		
25.52		0.039565		
25.53		0.0395285		
25.54		0.0394921		
25.55		0.0394557		
25.56		0.0394193		
25.57		0.039383		
25.58		0.0393468		
25.59		0.0393106		
25.6		0.0392745		
25.61		0.0392384		
25.62		0.0392023		
25.63		0.0391663		
25.64		0.0391303		
25.65		0.0390944		
25.66		0.0390586		
25.67		0.0390228		
25.68		0.038987		
25.69		0.0389513		
25.7		0.0389156		
25.71		0.03888		
25.72		0.0388444		
25.73		0.0388089		
25.74		0.0387734		
25.75		0.038738		
25.76		0.0387026		
25.77		0.0386673		
25.78		0.038632		
25.79		0.0385968		
25.8		0.0385616		
25.81		0.0385264		
25.82		0.0384913		
25.83		0.0384563		
25.84		0.0384212		
25.85		0.0383863		
25.86		0.0383514		
25.87		0.0383165		
25.88		0.0382817		
25.89		0.0382469		
25.9		0.0382122		
25.91		0.0381775		
25.92		0.0381428		
25.93		0.0381083		
25.94		0.0380737		
25.95		0.0380392		
25.96		0.0380047		
25.97		0.0379703		
25.98		0.037936		
25.99		0.0379017		
26		0.0378674		
26.01		0.0378331		
26.02		0.037799		
26.03		0.0377648		
26.04		0.0377307		
26.05		0.0376967		
26.06		0.0376627		
26.07		0.0376287		
26.08		0.0375948		
26.09		0.0375609		
26.1		0.0375271		
26.11		0.0374933		
26.12		0.0374596		
26.13		0.0374259		
26.14		0.0373922		
26.15		0.0373586		
26.16		0.0373251		
26.17		0.0372916		
26.18		0.0372581		
26.19		0.0372246		
26.2		0.0371913		
26.21		0.0371579		
26.22		0.0371246		
26.23		0.0370914		
26.24		0.0370582		
26.25		0.037025		
26.26		0.0369919		
26.27		0.0369588		
26.28		0.0369257		
26.29		0.0368927		
26.3		0.0368598		
26.31		0.0368269		
26.32		0.036794		
26.33		0.0367612		
26.34		0.0367284		
26.35		0.0366957		
26.36		0.036663		
26.37		0.0366303		
26.38		0.0365977		
26.39		0.0365651		
26.4		0.0365326		
26.41		0.0365001		
26.42		0.0364677		
26.43		0.0364353		
26.44		0.0364029		
26.45		0.0363706		
26.46		0.0363383		
26.47		0.0363061		
26.48		0.0362739		
26.49		0.0362418		
26.5		0.0362097		
26.51		0.0361776		
26.52		0.0361456		
26.53		0.0361136		
26.54		0.0360817		
26.55		0.0360498		
26.56		0.0360179		
26.57		0.0359861		
26.58		0.0359543		
26.59		0.0359226		
26.6		0.0358909		
26.61		0.0358592		
26.62		0.0358276		
26.63		0.035796		
26.64		0.0357645		
26.65		0.035733		
26.66		0.0357016		
26.67		0.0356701		
26.68		0.0356388		
26.69		0.0356074		
26.7		0.0355762		
26.71		0.0355449		
26.72		0.0355137		
26.73		0.0354825		
26.74		0.0354514		
26.75		0.0354203		
26.76		0.0353893		
26.77		0.0353582		
26.78		0.0353273		
26.79		0.0352963		
26.8		0.0352655		
26.81		0.0352346		
26.82		0.0352038		
26.83		0.035173		
26.84		0.0351423		
26.85		0.0351116		
26.86		0.0350809		
26.87		0.0350503		
26.88		0.0350197		
26.89		0.0349892		
26.9		0.0349587		
26.91		0.0349282		
26.92		0.0348978		
26.93		0.0348674		
26.94		0.0348371		
26.95		0.0348068		
26.96		0.0347765		
26.97		0.0347463		
26.98		0.0347161		
26.99		0.034686		
27		0.0346558		
27.01		0.0346258		
27.02		0.0345957		
27.03		0.0345657		
27.04		0.0345358		
27.05		0.0345059		
27.06		0.034476		
27.07		0.0344461		
27.08		0.0344163		
27.09		0.0343865		
27.1		0.0343568		
27.11		0.0343271		
27.12		0.0342974		
27.13		0.0342678		
27.14		0.0342382		
27.15		0.0342087		
27.16		0.0341792		
27.17		0.0341497		
27.18		0.0341203		
27.19		0.0340909		
27.2		0.0340615		
27.21		0.0340322		
27.22		0.0340029		
27.23		0.0339737		
27.24		0.0339445		
27.25		0.0339153		
27.26		0.0338861		
27.27		0.033857		
27.28		0.033828		
27.29		0.0337989		
27.3		0.0337699		
27.31		0.033741		
27.32		0.0337121		
27.33		0.0336832		
27.34		0.0336543		
27.35		0.0336255		
27.36		0.0335967		
27.37		0.033568		
27.38		0.0335393		
27.39		0.0335106		
27.4		0.033482		
27.41		0.0334534		
27.42		0.0334248		
27.43		0.0333963		
27.44		0.0333678		
27.45		0.0333394		
27.46		0.033311		
27.47		0.0332826		
27.48		0.0332542		
27.49		0.0332259		
27.5		0.0331976		
27.51		0.0331694		
27.52		0.0331412		
27.53		0.033113		
27.54		0.0330849		
27.55		0.0330568		
27.56		0.0330287		
27.57		0.0330007		
27.58		0.0329727		
27.59		0.0329447		
27.6		0.0329168		
27.61		0.0328889		
27.62		0.0328611		
27.63		0.0328332		
27.64		0.0328054		
27.65		0.0327777		
27.66		0.03275		
27.67		0.0327223		
27.68		0.0326946		
27.69		0.032667		
27.7		0.0326394		
27.71		0.0326119		
27.72		0.0325844		
27.73		0.0325569		
27.74		0.0325294		
27.75		0.032502		
27.76		0.0324747		
27.77		0.0324473		
27.78		0.03242		
27.79		0.0323927		
27.8		0.0323655		
27.81		0.0323383		
27.82		0.0323111		
27.83		0.0322839		
27.84		0.0322568		
27.85		0.0322298		
27.86		0.0322027		
27.87		0.0321757		
27.88		0.0321487		
27.89		0.0321218		
27.9		0.0320949		
27.91		0.032068		
27.92		0.0320412		
27.93		0.0320143		
27.94		0.0319876		
27.95		0.0319608		
27.96		0.0319341		
27.97		0.0319074		
27.98		0.0318808		
27.99		0.0318542		
28		0.0318276		
28.01		0.031801		
28.02		0.0317745		
28.03		0.031748		
28.04		0.0317216		
28.05		0.0316952		
28.06		0.0316688		
28.07		0.0316424		
28.08		0.0316161		
28.09		0.0315898		
28.1		0.0315635		
28.11		0.0315373		
28.12		0.0315111		
28.13		0.031485		
28.14		0.0314588		
28.15		0.0314327		
28.16		0.0314067		
28.17		0.0313806		
28.18		0.0313546		
28.19		0.0313286		
28.2		0.0313027		
28.21		0.0312768		
28.22		0.0312509		
28.23		0.0312251		
28.24		0.0311993		
28.25		0.0311735		
28.26		0.0311477		
28.27		0.031122		
28.28		0.0310963		
28.29		0.0310706		
28.3		0.031045		
28.31		0.0310194		
28.32		0.0309938		
28.33		0.0309683		
28.34		0.0309428		
28.35		0.0309173		
28.36		0.0308919		
28.37		0.0308665		
28.38		0.0308411		
28.39		0.0308157		
28.4		0.0307904		
28.41		0.0307651		
28.42		0.0307399		
28.43		0.0307146		
28.44		0.0306895		
28.45		0.0306643		
28.46		0.0306391		
28.47		0.030614		
28.48		0.030589		
28.49		0.0305639		
28.5		0.0305389		
28.51		0.0305139		
28.52		0.030489		
28.53		0.030464		
28.54		0.0304391		
28.55		0.0304143		
28.56		0.0303894		
28.57		0.0303646		
28.58		0.0303398		
28.59		0.0303151		
28.6		0.0302904		
28.61		0.0302657		
28.62		0.030241		
28.63		0.0302164		
28.64		0.0301918		
28.65		0.0301672		
28.66		0.0301427		
28.67		0.0301182		
28.68		0.0300937		
28.69		0.0300692		
28.7		0.0300448		
28.71		0.0300204		
28.72		0.029996		
28.73		0.0299717		
28.74		0.0299474		
28.75		0.0299231		
28.76		0.0298989		
28.77		0.0298746		
28.78		0.0298505		
28.79		0.0298263		
28.8		0.0298022		
28.81		0.0297781		
28.82		0.029754		
28.83		0.0297299		
28.84		0.0297059		
28.85		0.0296819		
28.86		0.0296579		
28.87		0.029634		
28.88		0.0296101		
28.89		0.0295862		
28.9		0.0295624		
28.91		0.0295386		
28.92		0.0295148		
28.93		0.029491		
28.94		0.0294673		
28.95		0.0294436		
28.96		0.0294199		
28.97		0.0293962		
28.98		0.0293726		
28.99		0.029349		
29		0.0293254		
29.01		0.0293019		
29.02		0.0292784		
29.03		0.0292549		
29.04		0.0292314		
29.05		0.029208		
29.06		0.0291846		
29.07		0.0291612		
29.08		0.0291379		
29.09		0.0291146		
29.1		0.0290913		
29.11		0.029068		
29.12		0.0290448		
29.13		0.0290216		
29.14		0.0289984		
29.15		0.0289752		
29.16		0.0289521		
29.17		0.028929		
29.18		0.028906		
29.19		0.0288829		
29.2		0.0288599		
29.21		0.0288369		
29.22		0.028814		
29.23		0.0287911		
29.24		0.0287682		
29.25		0.0287453		
29.26		0.0287225		
29.27		0.0286997		
29.28		0.0286769		
29.29		0.0286542		
29.3		0.0286314		
29.31		0.0286087		
29.32		0.0285861		
29.33		0.0285635		
29.34		0.0285409		
29.35		0.0285183		
29.36		0.0284957		
29.37		0.0284732		
29.38		0.0284508		
29.39		0.0284283		
29.4		0.0284059		
29.41		0.0283835		
29.42		0.0283611		
29.43		0.0283388		
29.44		0.0283165		
29.45		0.0282942		
29.46		0.028272		
29.47		0.0282497		
29.48		0.0282276		
29.49		0.0282054		
29.5		0.0281833		
29.51		0.0281612		
29.52		0.0281391		
29.53		0.0281171		
29.54		0.028095		
29.55		0.0280731		
29.56		0.0280511		
29.57		0.0280292		
29.58		0.0280073		
29.59		0.0279854		
29.6		0.0279636		
29.61		0.0279418		
29.62		0.02792		
29.63		0.0278983		
29.64		0.0278766		
29.65		0.0278549		
29.66		0.0278332		
29.67		0.0278116		
29.68		0.02779		
29.69		0.0277684		
29.7		0.0277469		
29.71		0.0277254		
29.72		0.0277039		
29.73		0.0276825		
29.74		0.027661		
29.75		0.0276396		
29.76		0.0276183		
29.77		0.0275969		
29.78		0.0275756		
29.79		0.0275544		
29.8		0.0275331		
29.81		0.0275119		
29.82		0.0274907		
29.83		0.0274696		
29.84		0.0274484		
29.85		0.0274273		
29.86		0.0274063		
29.87		0.0273852		
29.88		0.0273642		
29.89		0.0273432		
29.9		0.0273223		
29.91		0.0273013		
29.92		0.0272804		
29.93		0.0272596		
29.94		0.0272387		
29.95		0.0272179		
29.96		0.0271971		
29.97		0.0271764		
29.98		0.0271556		
29.99		0.0271349		
30		0.0271143		
30.01		0.0270936		
30.02		0.027073		
30.03		0.0270524		
30.04		0.0270319		
30.05		0.0270113		
30.06		0.0269908		
30.07		0.0269703		
30.08		0.0269499		
30.09		0.0269295		
30.1		0.0269091		
30.11		0.0268887		
30.12		0.0268684		
30.13		0.0268481		
30.14		0.0268278		
30.15		0.0268076		
30.16		0.0267873		
30.17		0.0267671		
30.18		0.026747		
30.19		0.0267268		
30.2		0.0267067		
30.21		0.0266866		
30.22		0.0266666		
30.23		0.0266465		
30.24		0.0266265		
30.25		0.0266066		
30.26		0.0265866		
30.27		0.0265667		
30.28		0.0265468		
30.29		0.0265269		
30.3		0.0265071		
30.31		0.0264873		
30.32		0.0264675		
30.33		0.0264477		
30.34		0.026428		
30.35		0.0264083		
30.36		0.0263886		
30.37		0.0263689		
30.38		0.0263493		
30.39		0.0263297		
30.4		0.0263101		
30.41		0.0262906		
30.42		0.0262711		
30.43		0.0262516		
30.44		0.0262321		
30.45		0.0262127		
30.46		0.0261932		
30.47		0.0261739		
30.48		0.0261545		
30.49		0.0261352		
30.5		0.0261158		
30.51		0.0260966		
30.52		0.0260773		
30.53		0.0260581		
30.54		0.0260388		
30.55		0.0260197		
30.56		0.0260005		
30.57		0.0259814		
30.58		0.0259623		
30.59		0.0259432		
30.6		0.0259241		
30.61		0.0259051		
30.62		0.0258861		
30.63		0.0258671		
30.64		0.0258482		
30.65		0.0258292		
30.66		0.0258103		
30.67		0.0257914		
30.68		0.0257726		
30.69		0.0257538		
30.7		0.0257349		
30.71		0.0257162		
30.72		0.0256974		
30.73		0.0256787		
30.74		0.02566		
30.75		0.0256413		
30.76		0.0256226		
30.77		0.025604		
30.78		0.0255854		
30.79		0.0255668		
30.8		0.0255483		
30.81		0.0255297		
30.82		0.0255112		
30.83		0.0254927		
30.84		0.0254743		
30.85		0.0254558		
30.86		0.0254374		
30.87		0.025419		
30.88		0.0254007		
30.89		0.0253823		
30.9		0.025364		
30.91		0.0253457		
30.92		0.0253274		
30.93		0.0253092		
30.94		0.025291		
30.95		0.0252728		
30.96		0.0252546		
30.97		0.0252364		
30.98		0.0252183		
30.99		0.0252002		
31		0.0251821		
31.01		0.0251641		
31.02		0.025146		
31.03		0.025128		
31.04		0.02511		
31.05		0.0250921		
31.06		0.0250741		
31.07		0.0250562		
31.08		0.0250383		
31.09		0.0250204		
31.1		0.0250026		
31.11		0.0249848		
31.12		0.024967		
31.13		0.0249492		
31.14		0.0249314		
31.15		0.0249137		
31.16		0.024896		
31.17		0.0248783		
31.18		0.0248606		
31.19		0.024843		
31.2		0.0248254		
31.21		0.0248078		
31.22		0.0247902		
31.23		0.0247726		
31.24		0.0247551		
31.25		0.0247376		
31.26		0.0247201		
31.27		0.0247026		
31.28		0.0246852		
31.29		0.0246678		
31.3		0.0246504		
31.31		0.024633		
31.32		0.0246156		
31.33		0.0245983		
31.34		0.024581		
31.35		0.0245637		
31.36		0.0245464		
31.37		0.0245292		
31.38		0.0245119		
31.39		0.0244947		
31.4		0.0244776		
31.41		0.0244604		
31.42		0.0244433		
31.43		0.0244261		
31.44		0.024409		
31.45		0.024392		
31.46		0.0243749		
31.47		0.0243579		
31.48		0.0243409		
31.49		0.0243239		
31.5		0.0243069		
31.51		0.02429		
31.52		0.024273		
31.53		0.0242561		
31.54		0.0242392		
31.55		0.0242224		
31.56		0.0242055		
31.57		0.0241887		
31.58		0.0241719		
31.59		0.0241551		
31.6		0.0241384		
31.61		0.0241216		
31.62		0.0241049		
31.63		0.0240882		
31.64		0.0240715		
31.65		0.0240549		
31.66		0.0240383		
31.67		0.0240216		
31.68		0.024005		
31.69		0.0239885		
31.7		0.0239719		
31.71		0.0239554		
31.72		0.0239389		
31.73		0.0239224		
31.74		0.0239059		
31.75		0.0238894		
31.76		0.023873		
31.77		0.0238566		
31.78		0.0238402		
31.79		0.0238238		
31.8		0.0238075		
31.81		0.0237911		
31.82		0.0237748		
31.83		0.0237585		
31.84		0.0237423		
31.85		0.023726		
31.86		0.0237098		
31.87		0.0236936		
31.88		0.0236774		
31.89		0.0236612		
31.9		0.023645		
31.91		0.0236289		
31.92		0.0236128		
31.93		0.0235967		
31.94		0.0235806		
31.95		0.0235645		
31.96		0.0235485		
31.97		0.0235325		
31.98		0.0235165		
31.99		0.0235005		
32		0.0234845		
32.01		0.0234686		
32.02		0.0234527		
32.03		0.0234368		
32.04		0.0234209		
32.05		0.023405		
32.06		0.0233892		
32.07		0.0233733		
32.08		0.0233575		
32.09		0.0233417		
32.1		0.023326		
32.11		0.0233102		
32.12		0.0232945		
32.13		0.0232788		
32.14		0.0232631		
32.15		0.0232474		
32.16		0.0232317		
32.17		0.0232161		
32.18		0.0232005		
32.19		0.0231849		
32.2		0.0231693		
32.21		0.0231537		
32.22		0.0231382		
32.23		0.0231226		
32.24		0.0231071		
32.25		0.0230916		
32.26		0.0230761		
32.27		0.0230607		
32.28		0.0230452		
32.29		0.0230298		
32.3		0.0230144		
32.31		0.022999		
32.32		0.0229837		
32.33		0.0229683		
32.34		0.022953		
32.35		0.0229377		
32.36		0.0229224		
32.37		0.0229071		
32.38		0.0228918		
32.39		0.0228766		
32.4		0.0228614		
32.41		0.0228462		
32.42		0.022831		
32.43		0.0228158		
32.44		0.0228006		
32.45		0.0227855		
32.46		0.0227704		
32.47		0.0227553		
32.48		0.0227402		
32.49		0.0227251		
32.5		0.0227101		
32.51		0.022695		
32.52		0.02268		
32.53		0.022665		
32.54		0.0226501		
32.55		0.0226351		
32.56		0.0226201		
32.57		0.0226052		
32.58		0.0225903		
32.59		0.0225754		
32.6		0.0225605		
32.61		0.0225457		
32.62		0.0225308		
32.63		0.022516		
32.64		0.0225012		
32.65		0.0224864		
32.66		0.0224716		
32.67		0.0224569		
32.68		0.0224421		
32.69		0.0224274		
32.7		0.0224127		
32.71		0.022398		
32.72		0.0223833		
32.73		0.0223687		
32.74		0.022354		
32.75		0.0223394		
32.76		0.0223248		
32.77		0.0223102		
32.78		0.0222956		
32.79		0.0222811		
32.8		0.0222665		
32.81		0.022252		
32.82		0.0222375		
32.83		0.022223		
32.84		0.0222085		
32.85		0.0221941		
32.86		0.0221796		
32.87		0.0221652		
32.88		0.0221508		
32.89		0.0221364		
32.9		0.022122		
32.91		0.0221076		
32.92		0.0220933		
32.93		0.022079		
32.94		0.0220646		
32.95		0.0220503		
32.96		0.0220361		
32.97		0.0220218		
32.98		0.0220075		
32.99		0.0219933		
33		0.0219791		
33.01		0.0219649		
33.02		0.0219507		
33.03		0.0219365		
33.04		0.0219224		
33.05		0.0219082		
33.06		0.0218941		
33.07		0.02188		
33.08		0.0218659		
33.09		0.0218518		
33.1		0.0218377		
33.11		0.0218237		
33.12		0.0218097		
33.13		0.0217956		
33.14		0.0217816		
33.15		0.0217677		
33.16		0.0217537		
33.17		0.0217397		
33.18		0.0217258		
33.19		0.0217119		
33.2		0.0216979		
33.21		0.0216841		
33.22		0.0216702		
33.23		0.0216563		
33.24		0.0216425		
33.25		0.0216286		
33.26		0.0216148		
33.27		0.021601		
33.28		0.0215872		
33.29		0.0215734		
33.3		0.0215597		
33.31		0.0215459		
33.32		0.0215322		
33.33		0.0215185		
33.34		0.0215048		
33.35		0.0214911		
33.36		0.0214774		
33.37		0.0214638		
33.38		0.0214501		
33.39		0.0214365		
33.4		0.0214229		
33.41		0.0214093		
33.42		0.0213957		
33.43		0.0213821		
33.44		0.0213686		
33.45		0.021355		
33.46		0.0213415		
33.47		0.021328		
33.48		0.0213145		
33.49		0.021301		
33.5		0.0212876		
33.51		0.0212741		
33.52		0.0212607		
33.53		0.0212472		
33.54		0.0212338		
33.55		0.0212204		
33.56		0.0212071		
33.57		0.0211937		
33.58		0.0211803		
33.59		0.021167		
33.6		0.0211537		
33.61		0.0211404		
33.62		0.0211271		
33.63		0.0211138		
33.64		0.0211005		
33.65		0.0210872		
33.66		0.021074		
33.67		0.0210608		
33.68		0.0210476		
33.69		0.0210344		
33.7		0.0210212		
33.71		0.021008		
33.72		0.0209948		
33.73		0.0209817		
33.74		0.0209686		
33.75		0.0209554		
33.76		0.0209423		
33.77		0.0209293		
33.78		0.0209162		
33.79		0.0209031		
33.8		0.0208901		
33.81		0.020877		
33.82		0.020864		
33.83		0.020851		
33.84		0.020838		
33.85		0.020825		
33.86		0.020812		
33.87		0.0207991		
33.88		0.0207861		
33.89		0.0207732		
33.9		0.0207603		
33.91		0.0207474		
33.92		0.0207345		
33.93		0.0207216		
33.94		0.0207088		
33.95		0.0206959		
33.96		0.0206831		
33.97		0.0206703		
33.98		0.0206575		
33.99		0.0206447		
34		0.0206319		
34.01		0.0206191		
34.02		0.0206063		
34.03		0.0205936		
34.04		0.0205809		
34.05		0.0205681		
34.06		0.0205554		
34.07		0.0205427		
34.08		0.0205301		
34.09		0.0205174		
34.1		0.0205047		
34.11		0.0204921		
34.12		0.0204795		
34.13		0.0204668		
34.14		0.0204542		
34.15		0.0204416		
34.16		0.0204291		
34.17		0.0204165		
34.18		0.0204039		
34.19		0.0203914		
34.2		0.0203789		
34.21		0.0203664		
34.22		0.0203539		
34.23		0.0203414		
34.24		0.0203289		
34.25		0.0203164		
34.26		0.020304		
34.27		0.0202915		
34.28		0.0202791		
34.29		0.0202667		
34.3		0.0202543		
34.31		0.0202419		
34.32		0.0202295		
34.33		0.0202171		
34.34		0.0202048		
34.35		0.0201924		
34.36		0.0201801		
34.37		0.0201678		
34.38		0.0201555		
34.39		0.0201432		
34.4		0.0201309		
34.41		0.0201186		
34.42		0.0201063		
34.43		0.0200941		
34.44		0.0200819		
34.45		0.0200696		
34.46		0.0200574		
34.47		0.0200452		
34.48		0.020033		
34.49		0.0200209		
34.5		0.0200087		
34.51		0.0199965		
34.52		0.0199844		
34.53		0.0199723		
34.54		0.0199602		
34.55		0.0199481		
34.56		0.019936		
34.57		0.0199239		
34.58		0.0199118		
34.59		0.0198997		
34.6		0.0198877		
34.61		0.0198757		
34.62		0.0198636		
34.63		0.0198516		
34.64		0.0198396		
34.65		0.0198276		
34.66		0.0198157		
34.67		0.0198037		
34.68		0.0197917		
34.69		0.0197798		
34.7		0.0197679		
34.71		0.0197559		
34.72		0.019744		
34.73		0.0197321		
34.74		0.0197202		
34.75		0.0197084		
34.76		0.0196965		
34.77		0.0196846		
34.78		0.0196728		
34.79		0.019661		
34.8		0.0196491		
34.81		0.0196373		
34.82		0.0196255		
34.83		0.0196137		
34.84		0.019602		
34.85		0.0195902		
34.86		0.0195785		
34.87		0.0195667		
34.88		0.019555		
34.89		0.0195433		
34.9		0.0195315		
34.91		0.0195198		
34.92		0.0195082		
34.93		0.0194965		
34.94		0.0194848		
34.95		0.0194732		
34.96		0.0194615		
34.97		0.0194499		
34.98		0.0194383		
34.99		0.0194266		
35		0.019415		
35.01		0.0194034		
35.02		0.0193919		
35.03		0.0193803		
35.04		0.0193687		
35.05		0.0193572		
35.06		0.0193457		
35.07		0.0193341		
35.08		0.0193226		
35.09		0.0193111		
35.1		0.0192996		
35.11		0.0192881		
35.12		0.0192766		
35.13		0.0192652		
35.14		0.0192537		
35.15		0.0192423		
35.16		0.0192309		
35.17		0.0192194		
35.18		0.019208		
35.19		0.0191966		
35.2		0.0191852		
35.21		0.0191738		
35.22		0.0191625		
35.23		0.0191511		
35.24		0.0191398		
35.25		0.0191284		
35.26		0.0191171		
35.27		0.0191058		
35.28		0.0190945		
35.29		0.0190832		
35.3		0.0190719		
35.31		0.0190606		
35.32		0.0190493		
35.33		0.0190381		
35.34		0.0190268		
35.35		0.0190156		
35.36		0.0190044		
35.37		0.0189931		
35.38		0.0189819		
35.39		0.0189707		
35.4		0.0189595		
35.41		0.0189484		
35.42		0.0189372		
35.43		0.018926		
35.44		0.0189149		
35.45		0.0189038		
35.46		0.0188926		
35.47		0.0188815		
35.48		0.0188704		
35.49		0.0188593		
35.5		0.0188482		
35.51		0.0188371		
35.52		0.0188261		
35.53		0.018815		
35.54		0.0188039		
35.55		0.0187929		
35.56		0.0187819		
35.57		0.0187708		
35.58		0.0187598		
35.59		0.0187488		
35.6		0.0187378		
35.61		0.0187269		
35.62		0.0187159		
35.63		0.0187049		
35.64		0.018694		
35.65		0.018683		
35.66		0.0186721		
35.67		0.0186612		
35.68		0.0186502		
35.69		0.0186393		
35.7		0.0186284		
35.71		0.0186175		
35.72		0.0186067		
35.73		0.0185958		
35.74		0.0185849		
35.75		0.0185741		
35.76		0.0185632		
35.77		0.0185524		
35.78		0.0185416		
35.79		0.0185308		
35.8		0.01852		
35.81		0.0185092		
35.82		0.0184984		
35.83		0.0184876		
35.84		0.0184768		
35.85		0.0184661		
35.86		0.0184553		
35.87		0.0184446		
35.88		0.0184339		
35.89		0.0184231		
35.9		0.0184124		
35.91		0.0184017		
35.92		0.018391		
35.93		0.0183804		
35.94		0.0183697		
35.95		0.018359		
35.96		0.0183483		
35.97		0.0183377		
35.98		0.0183271		
35.99		0.0183164		
36		0.0183058		
36.01		0.0182952		
36.02		0.0182846		
36.03		0.018274		
36.04		0.0182634		
36.05		0.0182528		
36.06		0.0182423		
36.07		0.0182317		
36.08		0.0182211		
36.09		0.0182106		
36.1		0.0182001		
36.11		0.0181895		
36.12		0.018179		
36.13		0.0181685		
36.14		0.018158		
36.15		0.0181475		
36.16		0.018137		
36.17		0.0181266		
36.18		0.0181161		
36.19		0.0181057		
36.2		0.0180952		
36.21		0.0180848		
36.22		0.0180743		
36.23		0.0180639		
36.24		0.0180535		
36.25		0.0180431		
36.26		0.0180327		
36.27		0.0180223		
36.28		0.0180119		
36.29		0.0180016		
36.3		0.0179912		
36.31		0.0179809		
36.32		0.0179705		
36.33		0.0179602		
36.34		0.0179498		
36.35		0.0179395		
36.36		0.0179292		
36.37		0.0179189		
36.38		0.0179086		
36.39		0.0178983		
36.4		0.0178881		
36.41		0.0178778		
36.42		0.0178675		
36.43		0.0178573		
36.44		0.017847		
36.45		0.0178368		
36.46		0.0178266		
36.47		0.0178164		
36.48		0.0178061		
36.49		0.0177959		
36.5		0.0177857		
36.51		0.0177756		
36.52		0.0177654		
36.53		0.0177552		
36.54		0.0177451		
36.55		0.0177349		
36.56		0.0177248		
36.57		0.0177146		
36.58		0.0177045		
36.59		0.0176944		
36.6		0.0176843		
36.61		0.0176741		
36.62		0.0176641		
36.63		0.017654		
36.64		0.0176439		
36.65		0.0176338		
36.66		0.0176237		
36.67		0.0176137		
36.68		0.0176036		
36.69		0.0175936		
36.7		0.0175836		
36.71		0.0175735		
36.72		0.0175635		
36.73		0.0175535		
36.74		0.0175435		
36.75		0.0175335		
36.76		0.0175235		
36.77		0.0175136		
36.78		0.0175036		
36.79		0.0174936		
36.8		0.0174837		
36.81		0.0174737		
36.82		0.0174638		
36.83		0.0174539		
36.84		0.0174439		
36.85		0.017434		
36.86		0.0174241		
36.87		0.0174142		
36.88		0.0174043		
36.89		0.0173944		
36.9		0.0173846		
36.91		0.0173747		
36.92		0.0173648		
36.93		0.017355		
36.94		0.0173451		
36.95		0.0173353		
36.96		0.0173255		
36.97		0.0173156		
36.98		0.0173058		
36.99		0.017296		
37		0.0172862		
37.01		0.0172764		
37.02		0.0172667		
37.03		0.0172569		
37.04		0.0172471		
37.05		0.0172373		
37.06		0.0172276		
37.07		0.0172178		
37.08		0.0172081		
37.09		0.0171984		
37.1		0.0171886		
37.11		0.0171789		
37.12		0.0171692		
37.13		0.0171595		
37.14		0.0171498		
37.15		0.0171401		
37.16		0.0171305		
37.17		0.0171208		
37.18		0.0171111		
37.19		0.0171015		
37.2		0.0170918		
37.21		0.0170822		
37.22		0.0170725		
37.23		0.0170629		
37.24		0.0170533		
37.25		0.0170437		
37.26		0.0170341		
37.27		0.0170245		
37.28		0.0170149		
37.29		0.0170053		
37.3		0.0169957		
37.31		0.0169862		
37.32		0.0169766		
37.33		0.016967		
37.34		0.0169575		
37.35		0.0169479		
37.36		0.0169384		
37.37		0.0169289		
37.38		0.0169194		
37.39		0.0169099		
37.4		0.0169004		
37.41		0.0168909		
37.42		0.0168814		
37.43		0.0168719		
37.44		0.0168624		
37.45		0.0168529		
37.46		0.0168435		
37.47		0.016834		
37.48		0.0168246		
37.49		0.0168151		
37.5		0.0168057		
37.51		0.0167963		
37.52		0.0167869		
37.53		0.0167774		
37.54		0.016768		
37.55		0.0167586		
37.56		0.0167493		
37.57		0.0167399		
37.58		0.0167305		
37.59		0.0167211		
37.6		0.0167118		
37.61		0.0167024		
37.62		0.0166931		
37.63		0.0166837		
37.64		0.0166744		
37.65		0.0166651		
37.66		0.0166557		
37.67		0.0166464		
37.68		0.0166371		
37.69		0.0166278		
37.7		0.0166185		
37.71		0.0166092		
37.72		0.0165999		
37.73		0.0165907		
37.74		0.0165814		
37.75		0.0165722		
37.76		0.0165629		
37.77		0.0165537		
37.78		0.0165444		
37.79		0.0165352		
37.8		0.016526		
37.81		0.0165167		
37.82		0.0165075		
37.83		0.0164983		
37.84		0.0164891		
37.85		0.0164799		
37.86		0.0164707		
37.87		0.0164616		
37.88		0.0164524		
37.89		0.0164432		
37.9		0.0164341		
37.91		0.0164249		
37.92		0.0164158		
37.93		0.0164066		
37.94		0.0163975		
37.95		0.0163884		
37.96		0.0163793		
37.97		0.0163702		
37.98		0.0163611		
37.99		0.016352		
38		0.0163429		
38.01		0.0163338		
38.02		0.0163247		
38.03		0.0163156		
38.04		0.0163066		
38.05		0.0162975		
38.06		0.0162885		
38.07		0.0162794		
38.08		0.0162704		
38.09		0.0162614		
38.1		0.0162523		
38.11		0.0162433		
38.12		0.0162343		
38.13		0.0162253		
38.14		0.0162163		
38.15		0.0162073		
38.16		0.0161983		
38.17		0.0161893		
38.18		0.0161804		
38.19		0.0161714		
38.2		0.0161624		
38.21		0.0161535		
38.22		0.0161445		
38.23		0.0161356		
38.24		0.0161267		
38.25		0.0161177		
38.26		0.0161088		
38.27		0.0160999		
38.28		0.016091		
38.29		0.0160821		
38.3		0.0160732		
38.31		0.0160643		
38.32		0.0160554		
38.33		0.0160466		
38.34		0.0160377		
38.35		0.0160288		
38.36		0.01602		
38.37		0.0160111		
38.38		0.0160023		
38.39		0.0159934		
38.4		0.0159846		
38.41		0.0159758		
38.42		0.015967		
38.43		0.0159581		
38.44		0.0159493		
38.45		0.0159405		
38.46		0.0159317		
38.47		0.015923		
38.48		0.0159142		
38.49		0.0159054		
38.5		0.0158966		
38.51		0.0158879		
38.52		0.0158791		
38.53		0.0158704		
38.54		0.0158616		
38.55		0.0158529		
38.56		0.0158442		
38.57		0.0158354		
38.58		0.0158267		
38.59		0.015818		
38.6		0.0158093		
38.61		0.0158006		
38.62		0.0157919		
38.63		0.0157832		
38.64		0.0157745		
38.65		0.0157659		
38.66		0.0157572		
38.67		0.0157485		
38.68		0.0157399		
38.69		0.0157312		
38.7		0.0157226		
38.71		0.0157139		
38.72		0.0157053		
38.73		0.0156967		
38.74		0.0156881		
38.75		0.0156795		
38.76		0.0156708		
38.77		0.0156622		
38.78		0.0156536		
38.79		0.0156451		
38.8		0.0156365		
38.81		0.0156279		
38.82		0.0156193		
38.83		0.0156108		
38.84		0.0156022		
38.85		0.0155937		
38.86		0.0155851		
38.87		0.0155766		
38.88		0.015568		
38.89		0.0155595		
38.9		0.015551		
38.91		0.0155425		
38.92		0.015534		
38.93		0.0155254		
38.94		0.0155169		
38.95		0.0155085		
38.96		0.0155		
38.97		0.0154915		
38.98		0.015483		
38.99		0.0154745		
39		0.0154661		
39.01		0.0154576		
39.02		0.0154492		
39.03		0.0154407		
39.04		0.0154323		
39.05		0.0154239		
39.06		0.0154154		
39.07		0.015407		
39.08		0.0153986		
39.09		0.0153902		
39.1		0.0153818		
39.11		0.0153734		
39.12		0.015365		
39.13		0.0153566		
39.14		0.0153482		
39.15		0.0153399		
39.16		0.0153315		
39.17		0.0153231		
39.18		0.0153148		
39.19		0.0153064		
39.2		0.0152981		
39.21		0.0152897		
39.22		0.0152814		
39.23		0.0152731		
39.24		0.0152648		
39.25		0.0152564		
39.26		0.0152481		
39.27		0.0152398		
39.28		0.0152315		
39.29		0.0152232		
39.3		0.0152149		
39.31		0.0152067		
39.32		0.0151984		
39.33		0.0151901		
39.34		0.0151819		
39.35		0.0151736		
39.36		0.0151653		
39.37		0.0151571		
39.38		0.0151489		
39.39		0.0151406		
39.4		0.0151324		
39.41		0.0151242		
39.42		0.015116		
39.43		0.0151077		
39.44		0.0150995		
39.45		0.0150913		
39.46		0.0150831		
39.47		0.015075		
39.48		0.0150668		
39.49		0.0150586		
39.5		0.0150504		
39.51		0.0150423		
39.52		0.0150341		
39.53		0.0150259		
39.54		0.0150178		
39.55		0.0150097		
39.56		0.0150015		
39.57		0.0149934		
39.58		0.0149853		
39.59		0.0149771		
39.6		0.014969		
39.61		0.0149609		
39.62		0.0149528		
39.63		0.0149447		
39.64		0.0149366		
39.65		0.0149285		
39.66		0.0149205		
39.67		0.0149124		
39.68		0.0149043		
39.69		0.0148962		
39.7		0.0148882		
39.71		0.0148801		
39.72		0.0148721		
39.73		0.014864		
39.74		0.014856		
39.75		0.014848		
39.76		0.01484		
39.77		0.0148319		
39.78		0.0148239		
39.79		0.0148159		
39.8		0.0148079		
39.81		0.0147999		
39.82		0.0147919		
39.83		0.0147839		
39.84		0.014776		
39.85		0.014768		
39.86		0.01476		
39.87		0.014752		
39.88		0.0147441		
39.89		0.0147361		
39.9		0.0147282		
39.91		0.0147202		
39.92		0.0147123		
39.93		0.0147044		
39.94		0.0146964		
39.95		0.0146885		
39.96		0.0146806		
39.97		0.0146727		
39.98		0.0146648		
39.99		0.0146569		
40		0.014649		
40.01		0.0146411		
40.02		0.0146332		
40.03		0.0146254		
40.04		0.0146175		
40.05		0.0146096		
40.06		0.0146018		
40.07		0.0145939		
40.08		0.0145861		
40.09		0.0145782		
40.1		0.0145704		
40.11		0.0145626		
40.12		0.0145547		
40.13		0.0145469		
40.14		0.0145391		
40.15		0.0145313		
40.16		0.0145235		
40.17		0.0145157		
40.18		0.0145079		
40.19		0.0145001		
40.2		0.0144923		
40.21		0.0144845		
40.22		0.0144767		
40.23		0.014469		
40.24		0.0144612		
40.25		0.0144535		
40.26		0.0144457		
40.27		0.014438		
40.28		0.0144302		
40.29		0.0144225		
40.3		0.0144148		
40.31		0.014407		
40.32		0.0143993		
40.33		0.0143916		
40.34		0.0143839		
40.35		0.0143762		
40.36		0.0143685		
40.37		0.0143608		
40.38		0.0143531		
40.39		0.0143454		
40.4		0.0143377		
40.41		0.0143301		
40.42		0.0143224		
40.43		0.0143147		
40.44		0.0143071		
40.45		0.0142994		
40.46		0.0142918		
40.47		0.0142842		
40.48		0.0142765		
40.49		0.0142689		
40.5		0.0142613		
40.51		0.0142536		
40.52		0.014246		
40.53		0.0142384		
40.54		0.0142308		
40.55		0.0142232		
40.56		0.0142156		
40.57		0.014208		
40.58		0.0142005		
40.59		0.0141929		
40.6		0.0141853		
40.61		0.0141777		
40.62		0.0141702		
40.63		0.0141626		
40.64		0.0141551		
40.65		0.0141475		
40.66		0.01414		
40.67		0.0141325		
40.68		0.0141249		
40.69		0.0141174		
40.7		0.0141099		
40.71		0.0141024		
40.72		0.0140949		
40.73		0.0140874		
40.74		0.0140799		
40.75		0.0140724		
40.76		0.0140649		
40.77		0.0140574		
40.78		0.0140499		
40.79		0.0140424		
40.8		0.014035		
40.81		0.0140275		
40.82		0.01402		
40.83		0.0140126		
40.84		0.0140051		
40.85		0.0139977		
40.86		0.0139903		
40.87		0.0139828		
40.88		0.0139754		
40.89		0.013968		
40.9		0.0139606		
40.91		0.0139532		
40.92		0.0139458		
40.93		0.0139383		
40.94		0.013931		
40.95		0.0139236		
40.96		0.0139162		
40.97		0.0139088		
40.98		0.0139014		
40.99		0.013894		
41		0.0138867		
41.01		0.0138793		
41.02		0.013872		
41.03		0.0138646		
41.04		0.0138573		
41.05		0.0138499		
41.06		0.0138426		
41.07		0.0138353		
41.08		0.0138279		
41.09		0.0138206		
41.1		0.0138133		
41.11		0.013806		
41.12		0.0137987		
41.13		0.0137914		
41.14		0.0137841		
41.15		0.0137768		
41.16		0.0137695		
41.17		0.0137622		
41.18		0.013755		
41.19		0.0137477		
41.2		0.0137404		
41.21		0.0137332		
41.22		0.0137259		
41.23		0.0137187		
41.24		0.0137114		
41.25		0.0137042		
41.26		0.0136969		
41.27		0.0136897		
41.28		0.0136825		
41.29		0.0136753		
41.3		0.0136681		
41.31		0.0136608		
41.32		0.0136536		
41.33		0.0136464		
41.34		0.0136392		
41.35		0.0136321		
41.36		0.0136249		
41.37		0.0136177		
41.38		0.0136105		
41.39		0.0136033		
41.4		0.0135962		
41.41		0.013589		
41.42		0.0135819		
41.43		0.0135747		
41.44		0.0135676		
41.45		0.0135604		
41.46		0.0135533		
41.47		0.0135462		
41.48		0.013539		
41.49		0.0135319		
41.5		0.0135248		
41.51		0.0135177		
41.52		0.0135106		
41.53		0.0135035		
41.54		0.0134964		
41.55		0.0134893		
41.56		0.0134822		
41.57		0.0134751		
41.58		0.0134681		
41.59		0.013461		
41.6		0.0134539		
41.61		0.0134469		
41.62		0.0134398		
41.63		0.0134327		
41.64		0.0134257		
41.65		0.0134187		
41.66		0.0134116		
41.67		0.0134046		
41.68		0.0133976		
41.69		0.0133905		
41.7		0.0133835		
41.71		0.0133765		
41.72		0.0133695		
41.73		0.0133625		
41.74		0.0133555		
41.75		0.0133485		
41.76		0.0133415		
41.77		0.0133345		
41.78		0.0133275		
41.79		0.0133206		
41.8		0.0133136		
41.81		0.0133066		
41.82		0.0132997		
41.83		0.0132927		
41.84		0.0132858		
41.85		0.0132788		
41.86		0.0132719		
41.87		0.0132649		
41.88		0.013258		
41.89		0.0132511		
41.9		0.0132442		
41.91		0.0132372		
41.92		0.0132303		
41.93		0.0132234		
41.94		0.0132165		
41.95		0.0132096		
41.96		0.0132027		
41.97		0.0131958		
41.98		0.013189		
41.99		0.0131821		
42		0.0131752		
42.01		0.0131683		
42.02		0.0131615		
42.03		0.0131546		
42.04		0.0131478		
42.05		0.0131409		
42.06		0.0131341		
42.07		0.0131272		
42.08		0.0131204		
42.09		0.0131135		
42.1		0.0131067		
42.11		0.0130999		
42.12		0.0130931		
42.13		0.0130863		
42.14		0.0130795		
42.15		0.0130727		
42.16		0.0130659		
42.17		0.0130591		
42.18		0.0130523		
42.19		0.0130455		
42.2		0.0130387		
42.21		0.0130319		
42.22		0.0130252		
42.23		0.0130184		
42.24		0.0130116		
42.25		0.0130049		
42.26		0.0129981		
42.27		0.0129914		
42.28		0.0129846		
42.29		0.0129779		
42.3		0.0129712		
42.31		0.0129644		
42.32		0.0129577		
42.33		0.012951		
42.34		0.0129443		
42.35		0.0129376		
42.36		0.0129309		
42.37		0.0129242		
42.38		0.0129175		
42.39		0.0129108		
42.4		0.0129041		
42.41		0.0128974		
42.42		0.0128907		
42.43		0.0128841		
42.44		0.0128774		
42.45		0.0128707		
42.46		0.0128641		
42.47		0.0128574		
42.48		0.0128508		
42.49		0.0128441		
42.5		0.0128375		
42.51		0.0128308		
42.52		0.0128242		
42.53		0.0128176		
42.54		0.012811		
42.55		0.0128043		
42.56		0.0127977		
42.57		0.0127911		
42.58		0.0127845		
42.59		0.0127779		
42.6		0.0127713		
42.61		0.0127647		
42.62		0.0127581		
42.63		0.0127516		
42.64		0.012745		
42.65		0.0127384		
42.66		0.0127318		
42.67		0.0127253		
42.68		0.0127187		
42.69		0.0127122		
42.7		0.0127056		
42.71		0.0126991		
42.72		0.0126925		
42.73		0.012686		
42.74		0.0126795		
42.75		0.0126729		
42.76		0.0126664		
42.77		0.0126599		
42.78		0.0126534		
42.79		0.0126469		
42.8		0.0126404		
42.81		0.0126339		
42.82		0.0126274		
42.83		0.0126209		
42.84		0.0126144		
42.85		0.0126079		
42.86		0.0126014		
42.87		0.012595		
42.88		0.0125885		
42.89		0.012582		
42.9		0.0125756		
42.91		0.0125691		
42.92		0.0125627		
42.93		0.0125562		
42.94		0.0125498		
42.95		0.0125433		
42.96		0.0125369		
42.97		0.0125305		
42.98		0.012524		
42.99		0.0125176		
43		0.0125112		
43.01		0.0125048		
43.02		0.0124984		
43.03		0.012492		
43.04		0.0124856		
43.05		0.0124792		
43.06		0.0124728		
43.07		0.0124664		
43.08		0.0124601		
43.09		0.0124537		
43.1		0.0124473		
43.11		0.0124409		
43.12		0.0124346		
43.13		0.0124282		
43.14		0.0124219		
43.15		0.0124155		
43.16		0.0124092		
43.17		0.0124028		
43.18		0.0123965		
43.19		0.0123902		
43.2		0.0123838		
43.21		0.0123775		
43.22		0.0123712		
43.23		0.0123649		
43.24		0.0123586		
43.25		0.0123523		
43.26		0.012346		
43.27		0.0123397		
43.28		0.0123334		
43.29		0.0123271		
43.3		0.0123208		
43.31		0.0123145		
43.32		0.0123083		
43.33		0.012302		
43.34		0.0122957		
43.35		0.0122895		
43.36		0.0122832		
43.37		0.0122769		
43.38		0.0122707		
43.39		0.0122645		
43.4		0.0122582		
43.41		0.012252		
43.42		0.0122457		
43.43		0.0122395		
43.44		0.0122333		
43.45		0.0122271		
43.46		0.0122209		
43.47		0.0122147		
43.48		0.0122085		
43.49		0.0122023		
43.5		0.0121961		
43.51		0.0121899		
43.52		0.0121837		
43.53		0.0121775		
43.54		0.0121713		
43.55		0.0121651		
43.56		0.012159		
43.57		0.0121528		
43.58		0.0121466		
43.59		0.0121405		
43.6		0.0121343		
43.61		0.0121282		
43.62		0.012122		
43.63		0.0121159		
43.64		0.0121097		
43.65		0.0121036		
43.66		0.0120975		
43.67		0.0120914		
43.68		0.0120852		
43.69		0.0120791		
43.7		0.012073		
43.71		0.0120669		
43.72		0.0120608		
43.73		0.0120547		
43.74		0.0120486		
43.75		0.0120425		
43.76		0.0120364		
43.77		0.0120303		
43.78		0.0120243		
43.79		0.0120182		
43.8		0.0120121		
43.81		0.0120061		
43.82		0.012		
43.83		0.0119939		
43.84		0.0119879		
43.85		0.0119818		
43.86		0.0119758		
43.87		0.0119698		
43.88		0.0119637		
43.89		0.0119577		
43.9		0.0119517		
43.91		0.0119456		
43.92		0.0119396		
43.93		0.0119336		
43.94		0.0119276		
43.95		0.0119216		
43.96		0.0119156		
43.97		0.0119096		
43.98		0.0119036		
43.99		0.0118976		
44		0.0118916		
44.01		0.0118856		
44.02		0.0118796		
44.03		0.0118737		
44.04		0.0118677		
44.05		0.0118617		
44.06		0.0118558		
44.07		0.0118498		
44.08		0.0118439		
44.09		0.0118379		
44.1		0.011832		
44.11		0.011826		
44.12		0.0118201		
44.13		0.0118142		
44.14		0.0118082		
44.15		0.0118023		
44.16		0.0117964		
44.17		0.0117905		
44.18		0.0117846		
44.19		0.0117786		
44.2		0.0117727		
44.21		0.0117668		
44.22		0.0117609		
44.23		0.0117551		
44.24		0.0117492		
44.25		0.0117433		
44.26		0.0117374		
44.27		0.0117315		
44.28		0.0117257		
44.29		0.0117198		
44.3		0.0117139		
44.31		0.0117081		
44.32		0.0117022		
44.33		0.0116964		
44.34		0.0116905		
44.35		0.0116847		
44.36		0.0116788		
44.37		0.011673		
44.38		0.0116672		
44.39		0.0116613		
44.4		0.0116555		
44.41		0.0116497		
44.42		0.0116439		
44.43		0.0116381		
44.44		0.0116323		
44.45		0.0116265		
44.46		0.0116207		
44.47		0.0116149		
44.48		0.0116091		
44.49		0.0116033		
44.5		0.0115975		
44.51		0.0115917		
44.52		0.0115859		
44.53		0.0115802		
44.54		0.0115744		
44.55		0.0115686		
44.56		0.0115629		
44.57		0.0115571		
44.58		0.0115514		
44.59		0.0115456		
44.6		0.0115399		
44.61		0.0115342		
44.62		0.0115284		
44.63		0.0115227		
44.64		0.011517		
44.65		0.0115112		
44.66		0.0115055		
44.67		0.0114998		
44.68		0.0114941		
44.69		0.0114884		
44.7		0.0114827		
44.71		0.011477		
44.72		0.0114713		
44.73		0.0114656		
44.74		0.0114599		
44.75		0.0114542		
44.76		0.0114485		
44.77		0.0114429		
44.78		0.0114372		
44.79		0.0114315		
44.8		0.0114258		
44.81		0.0114202		
44.82		0.0114145		
44.83		0.0114089		
44.84		0.0114032		
44.85		0.0113976		
44.86		0.0113919		
44.87		0.0113863		
44.88		0.0113807		
44.89		0.011375		
44.9		0.0113694		
44.91		0.0113638		
44.92		0.0113582		
44.93		0.0113526		
44.94		0.011347		
44.95		0.0113413		
44.96		0.0113357		
44.97		0.0113301		
44.98		0.0113245		
44.99		0.011319		
45		0.0113134		
45.01		0.0113078		
45.02		0.0113022		
45.03		0.0112966		
45.04		0.0112911		
45.05		0.0112855		
45.06		0.0112799		
45.07		0.0112744		
45.08		0.0112688		
45.09		0.0112633		
45.1		0.0112577		
45.11		0.0112522		
45.12		0.0112466		
45.13		0.0112411		
45.14		0.0112356		
45.15		0.01123		
45.16		0.0112245		
45.17		0.011219		
45.18		0.0112135		
45.19		0.0112079		
45.2		0.0112024		
45.21		0.0111969		
45.22		0.0111914		
45.23		0.0111859		
45.24		0.0111804		
45.25		0.0111749		
45.26		0.0111694		
45.27		0.011164		
45.28		0.0111585		
45.29		0.011153		
45.3		0.0111475		
45.31		0.0111421		
45.32		0.0111366		
45.33		0.0111311		
45.34		0.0111257		
45.35		0.0111202		
45.36		0.0111148		
45.37		0.0111093		
45.38		0.0111039		
45.39		0.0110984		
45.4		0.011093		
45.41		0.0110876		
45.42		0.0110821		
45.43		0.0110767		
45.44		0.0110713		
45.45		0.0110659		
45.46		0.0110605		
45.47		0.0110551		
45.48		0.0110496		
45.49		0.0110442		
45.5		0.0110388		
45.51		0.0110335		
45.52		0.0110281		
45.53		0.0110227		
45.54		0.0110173		
45.55		0.0110119		
45.56		0.0110065		
45.57		0.0110012		
45.58		0.0109958		
45.59		0.0109904		
45.6		0.0109851		
45.61		0.0109797		
45.62		0.0109743		
45.63		0.010969		
45.64		0.0109637		
45.65		0.0109583		
45.66		0.010953		
45.67		0.0109476		
45.68		0.0109423		
45.69		0.010937		
45.7		0.0109316		
45.71		0.0109263		
45.72		0.010921		
45.73		0.0109157		
45.74		0.0109104		
45.75		0.0109051		
45.76		0.0108998		
45.77		0.0108945		
45.78		0.0108892		
45.79		0.0108839		
45.8		0.0108786		
45.81		0.0108733		
45.82		0.010868		
45.83		0.0108627		
45.84		0.0108575		
45.85		0.0108522		
45.86		0.0108469		
45.87		0.0108417		
45.88		0.0108364		
45.89		0.0108312		
45.9		0.0108259		
45.91		0.0108207		
45.92		0.0108154		
45.93		0.0108102		
45.94		0.0108049		
45.95		0.0107997		
45.96		0.0107945		
45.97		0.0107892		
45.98		0.010784		
45.99		0.0107788		
46		0.0107736		
46.01		0.0107684		
46.02		0.0107631		
46.03		0.0107579		
46.04		0.0107527		
46.05		0.0107475		
46.06		0.0107423		
46.07		0.0107372		
46.08		0.010732		
46.09		0.0107268		
46.1		0.0107216		
46.11		0.0107164		
46.12		0.0107112		
46.13		0.0107061		
46.14		0.0107009		
46.15		0.0106957		
46.16		0.0106906		
46.17		0.0106854		
46.18		0.0106803		
46.19		0.0106751		
46.2		0.01067		
46.21		0.0106648		
46.22		0.0106597		
46.23		0.0106546		
46.24		0.0106494		
46.25		0.0106443		
46.26		0.0106392		
46.27		0.010634		
46.28		0.0106289		
46.29		0.0106238		
46.3		0.0106187		
46.31		0.0106136		
46.32		0.0106085		
46.33		0.0106034		
46.34		0.0105983		
46.35		0.0105932		
46.36		0.0105881		
46.37		0.010583		
46.38		0.0105779		
46.39		0.0105729		
46.4		0.0105678		
46.41		0.0105627		
46.42		0.0105576		
46.43		0.0105526		
46.44		0.0105475		
46.45		0.0105424		
46.46		0.0105374		
46.47		0.0105323		
46.48		0.0105273		
46.49		0.0105222		
46.5		0.0105172		
46.51		0.0105122		
46.52		0.0105071		
46.53		0.0105021		
46.54		0.0104971		
46.55		0.010492		
46.56		0.010487		
46.57		0.010482		
46.58		0.010477		
46.59		0.010472		
46.6		0.010467		
46.61		0.010462		
46.62		0.010457		
46.63		0.010452		
46.64		0.010447		
46.65		0.010442		
46.66		0.010437		
46.67		0.010432		
46.68		0.010427		
46.69		0.010422		
46.7		0.0104171		
46.71		0.0104121		
46.72		0.0104071		
46.73		0.0104022		
46.74		0.0103972		
46.75		0.0103922		
46.76		0.0103873		
46.77		0.0103823		
46.78		0.0103774		
46.79		0.0103724		
46.8		0.0103675		
46.81		0.0103626		
46.82		0.0103576		
46.83		0.0103527		
46.84		0.0103478		
46.85		0.0103428		
46.86		0.0103379		
46.87		0.010333		
46.88		0.0103281		
46.89		0.0103232		
46.9		0.0103183		
46.91		0.0103134		
46.92		0.0103085		
46.93		0.0103036		
46.94		0.0102987		
46.95		0.0102938		
46.96		0.0102889		
46.97		0.010284		
46.98		0.0102791		
46.99		0.0102743		
47		0.0102694		
47.01		0.0102645		
47.02		0.0102596		
47.03		0.0102548		
47.04		0.0102499		
47.05		0.0102451		
47.06		0.0102402		
47.07		0.0102353		
47.08		0.0102305		
47.09		0.0102257		
47.1		0.0102208		
47.11		0.010216		
47.12		0.0102111		
47.13		0.0102063		
47.14		0.0102015		
47.15		0.0101966		
47.16		0.0101918		
47.17		0.010187		
47.18		0.0101822		
47.19		0.0101774		
47.2		0.0101726		
47.21		0.0101678		
47.22		0.010163		
47.23		0.0101582		
47.24		0.0101534		
47.25		0.0101486		
47.26		0.0101438		
47.27		0.010139		
47.28		0.0101342		
47.29		0.0101294		
47.3		0.0101247		
47.31		0.0101199		
47.32		0.0101151		
47.33		0.0101103		
47.34		0.0101056		
47.35		0.0101008		
47.36		0.0100961		
47.37		0.0100913		
47.38		0.0100865		
47.39		0.0100818		
47.4		0.0100771		
47.41		0.0100723		
47.42		0.0100676		
47.43		0.0100628		
47.44		0.0100581		
47.45		0.0100534		
47.46		0.0100487		
47.47		0.0100439		
47.48		0.0100392		
47.49		0.0100345		
47.5		0.0100298		
47.51		0.0100251		
47.52		0.0100204		
47.53		0.0100157		
47.54		0.010011		
47.55		0.0100063		
47.56		0.0100016		
47.57		0.00999687		
47.58		0.00999218		
47.59		0.0099875		
47.6		0.00998282		
47.61		0.00997814		
47.62		0.00997346		
47.63		0.00996879		
47.64		0.00996412		
47.65		0.00995945		
47.66		0.00995479		
47.67		0.00995013		
47.68		0.00994547		
47.69		0.00994082		
47.7		0.00993617		
47.71		0.00993152		
47.72		0.00992688		
47.73		0.00992223		
47.74		0.0099176		
47.75		0.00991296		
47.76		0.00990833		
47.77		0.0099037		
47.78		0.00989907		
47.79		0.00989445		
47.8		0.00988983		
47.81		0.00988521		
47.82		0.0098806		
47.83		0.00987599		
47.84		0.00987138		
47.85		0.00986678		
47.86		0.00986218		
47.87		0.00985758		
47.88		0.00985298		
47.89		0.00984839		
47.9		0.0098438		
47.91		0.00983922		
47.92		0.00983463		
47.93		0.00983005		
47.94		0.00982548		
47.95		0.0098209		
47.96		0.00981633		
47.97		0.00981176		
47.98		0.0098072		
47.99		0.00980264		
48		0.00979808		
48.01		0.00979352		
48.02		0.00978897		
48.03		0.00978442		
48.04		0.00977987		
48.05		0.00977533		
48.06		0.00977079		
48.07		0.00976625		
48.08		0.00976172		
48.09		0.00975719		
48.1		0.00975266		
48.11		0.00974813		
48.12		0.00974361		
48.13		0.00973909		
48.14		0.00973457		
48.15		0.00973006		
48.16		0.00972555		
48.17		0.00972104		
48.18		0.00971654		
48.19		0.00971204		
48.2		0.00970754		
48.21		0.00970304		
48.22		0.00969855		
48.23		0.00969406		
48.24		0.00968958		
48.25		0.00968509		
48.26		0.00968061		
48.27		0.00967613		
48.28		0.00967166		
48.29		0.00966719		
48.3		0.00966272		
48.31		0.00965825		
48.32		0.00965379		
48.33		0.00964933		
48.34		0.00964487		
48.35		0.00964042		
48.36		0.00963597		
48.37		0.00963152		
48.38		0.00962708		
48.39		0.00962263		
48.4		0.00961819		
48.41		0.00961376		
48.42		0.00960932		
48.43		0.00960489		
48.44		0.00960047		
48.45		0.00959604		
48.46		0.00959162		
48.47		0.0095872		
48.48		0.00958279		
48.49		0.00957837		
48.5		0.00957396		
48.51		0.00956956		
48.52		0.00956515		
48.53		0.00956075		
48.54		0.00955635		
48.55		0.00955196		
48.56		0.00954756		
48.57		0.00954317		
48.58		0.00953879		
48.59		0.0095344		
48.6		0.00953002		
48.61		0.00952564		
48.62		0.00952127		
48.63		0.0095169		
48.64		0.00951253		
48.65		0.00950816		
48.66		0.0095038		
48.67		0.00949944		
48.68		0.00949508		
48.69		0.00949072		
48.7		0.00948637		
48.71		0.00948202		
48.72		0.00947768		
48.73		0.00947333		
48.74		0.00946899		
48.75		0.00946465		
48.76		0.00946032		
48.77		0.00945599		
48.78		0.00945166		
48.79		0.00944733		
48.8		0.00944301		
48.81		0.00943869		
48.82		0.00943437		
48.83		0.00943005		
48.84		0.00942574		
48.85		0.00942143		
48.86		0.00941713		
48.87		0.00941282		
48.88		0.00940852		
48.89		0.00940422		
48.9		0.00939993		
48.91		0.00939563		
48.92		0.00939135		
48.93		0.00938706		
48.94		0.00938277		
48.95		0.00937849		
48.96		0.00937421		
48.97		0.00936994		
48.98		0.00936567		
48.99		0.0093614		
49		0.00935713		
49.01		0.00935286		
49.02		0.0093486		
49.03		0.00934434		
49.04		0.00934009		
49.05		0.00933583		
49.06		0.00933158		
49.07		0.00932734		
49.08		0.00932309		
49.09		0.00931885		
49.1		0.00931461		
49.11		0.00931037		
49.12		0.00930614		
49.13		0.00930191		
49.14		0.00929768		
49.15		0.00929345		
49.16		0.00928923		
49.17		0.00928501		
49.18		0.00928079		
49.19		0.00927658		
49.2		0.00927237		
49.21		0.00926816		
49.22		0.00926395		
49.23		0.00925975		
49.24		0.00925555		
49.25		0.00925135		
49.26		0.00924716		
49.27		0.00924296		
49.28		0.00923877		
49.29		0.00923459		
49.3		0.0092304		
49.31		0.00922622		
49.32		0.00922204		
49.33		0.00921787		
49.34		0.00921369		
49.35		0.00920952		
49.36		0.00920535		
49.37		0.00920119		
49.38		0.00919703		
49.39		0.00919287		
49.4		0.00918871		
49.41		0.00918455		
49.42		0.0091804		
49.43		0.00917625		
49.44		0.00917211		
49.45		0.00916796		
49.46		0.00916382		
49.47		0.00915968		
49.48		0.00915555		
49.49		0.00915142		
49.5		0.00914729		
49.51		0.00914316		
49.52		0.00913903		
49.53		0.00913491		
49.54		0.00913079		
49.55		0.00912668		
49.56		0.00912256		
49.57		0.00911845		
49.58		0.00911434		
49.59		0.00911023		
49.6		0.00910613		
49.61		0.00910203		
49.62		0.00909793		
49.63		0.00909384		
49.64		0.00908974		
49.65		0.00908565		
49.66		0.00908157		
49.67		0.00907748		
49.68		0.0090734		
49.69		0.00906932		
49.7		0.00906524		
49.71		0.00906117		
49.72		0.0090571		
49.73		0.00905303		
49.74		0.00904896		
49.75		0.0090449		
49.76		0.00904084		
49.77		0.00903678		
49.78		0.00903272		
49.79		0.00902867		
49.8		0.00902462		
49.81		0.00902057		
49.82		0.00901653		
49.83		0.00901248		
49.84		0.00900844		
49.85		0.00900441		
49.86		0.00900037		
49.87		0.00899634		
49.88		0.00899231		
49.89		0.00898828		
49.9		0.00898426		
49.91		0.00898023		
49.92		0.00897622		
49.93		0.0089722		
49.94		0.00896818		
49.95		0.00896417		
49.96		0.00896016		
49.97		0.00895616		
49.98		0.00895215		
49.99		0.00894815		
50		0.00894415		
