tau [fm]		PL/PT
0.25		0.01
0.26		0.0125409		
0.27		0.0150641		
0.28		0.0175703		
0.29		0.0200602		
0.3		0.0225348		
0.31		0.0249953		
0.32		0.0274427		
0.33		0.0298785		
0.34		0.0323038		
0.35		0.0347199		
0.36		0.0371282		
0.37		0.0395299		
0.38		0.0419262		
0.39		0.0443183		
0.4		0.0467075		
0.41		0.0490948		
0.42		0.0514812		
0.43		0.0538678		
0.44		0.0562556		
0.45		0.0586454		
0.46		0.0610381		
0.47		0.0634344		
0.48		0.0658351		
0.49		0.0682408		
0.5		0.0706522		
0.51		0.0730698		
0.52		0.0754941		
0.53		0.0779255		
0.54		0.0803645		
0.55		0.0828114		
0.56		0.0852664		
0.57		0.0877298		
0.58		0.0902019		
0.59		0.0926828		
0.6		0.0951725		
0.61		0.0976713		
0.62		0.100179		
0.63		0.102696		
0.64		0.105222		
0.65		0.107757		
0.66		0.1103		
0.67		0.112853		
0.68		0.115414		
0.69		0.117983		
0.7		0.120561		
0.71		0.123146		
0.72		0.12574		
0.73		0.128341		
0.74		0.130949		
0.75		0.133565		
0.76		0.136187		
0.77		0.138816		
0.78		0.14145		
0.79		0.144091		
0.8		0.146736		
0.81		0.149387		
0.82		0.152043		
0.83		0.154703		
0.84		0.157368		
0.85		0.160035		
0.86		0.162707		
0.87		0.165381		
0.88		0.168058		
0.89		0.170737		
0.9		0.173418		
0.91		0.1761		
0.92		0.178784		
0.93		0.181468		
0.94		0.184153		
0.95		0.186838		
0.96		0.189523		
0.97		0.192208		
0.98		0.194891		
0.99		0.197574		
1		0.200254		
1.01		0.202933		
1.02		0.20561		
1.03		0.208284		
1.04		0.210956		
1.05		0.213625		
1.06		0.21629		
1.07		0.218952		
1.08		0.22161		
1.09		0.224264		
1.1		0.226913		
1.11		0.229558		
1.12		0.232198		
1.13		0.234833		
1.14		0.237463		
1.15		0.240087		
1.16		0.242706		
1.17		0.245318		
1.18		0.247925		
1.19		0.250525		
1.2		0.253119		
1.21		0.255706		
1.22		0.258287		
1.23		0.26086		
1.24		0.263426		
1.25		0.265985		
1.26		0.268537		
1.27		0.271081		
1.28		0.273618		
1.29		0.276146		
1.3		0.278667		
1.31		0.28118		
1.32		0.283684		
1.33		0.286181		
1.34		0.288669		
1.35		0.291148		
1.36		0.293619		
1.37		0.296082		
1.38		0.298536		
1.39		0.300981		
1.4		0.303417		
1.41		0.305844		
1.42		0.308263		
1.43		0.310672		
1.44		0.313073		
1.45		0.315464		
1.46		0.317846		
1.47		0.320219		
1.48		0.322583		
1.49		0.324938		
1.5		0.327283		
1.51		0.329619		
1.52		0.331946		
1.53		0.334263		
1.54		0.336571		
1.55		0.338869		
1.56		0.341158		
1.57		0.343438		
1.58		0.345708		
1.59		0.347969		
1.6		0.35022		
1.61		0.352462		
1.62		0.354694		
1.63		0.356917		
1.64		0.35913		
1.65		0.361334		
1.66		0.363528		
1.67		0.365713		
1.68		0.367888		
1.69		0.370054		
1.7		0.372211		
1.71		0.374358		
1.72		0.376495		
1.73		0.378624		
1.74		0.380743		
1.75		0.382852		
1.76		0.384952		
1.77		0.387043		
1.78		0.389124		
1.79		0.391196		
1.8		0.393259		
1.81		0.395313		
1.82		0.397357		
1.83		0.399392		
1.84		0.401418		
1.85		0.403434		
1.86		0.405442		
1.87		0.40744		
1.88		0.409429		
1.89		0.41141		
1.9		0.413381		
1.91		0.415343		
1.92		0.417296		
1.93		0.41924		
1.94		0.421175		
1.95		0.423101		
1.96		0.425019		
1.97		0.426927		
1.98		0.428827		
1.99		0.430718		
2		0.4326		
2.01		0.434473		
2.02		0.436338		
2.03		0.438194		
2.04		0.440041		
2.05		0.44188		
2.06		0.44371		
2.07		0.445532		
2.08		0.447345		
2.09		0.44915		
2.1		0.450946		
2.11		0.452734		
2.12		0.454513		
2.13		0.456285		
2.14		0.458047		
2.15		0.459802		
2.16		0.461548		
2.17		0.463286		
2.18		0.465016		
2.19		0.466738		
2.2		0.468451		
2.21		0.470157		
2.22		0.471854		
2.23		0.473544		
2.24		0.475225		
2.25		0.476899		
2.26		0.478565		
2.27		0.480223		
2.28		0.481873		
2.29		0.483515		
2.3		0.485149		
2.31		0.486776		
2.32		0.488395		
2.33		0.490006		
2.34		0.49161		
2.35		0.493206		
2.36		0.494794		
2.37		0.496375		
2.38		0.497949		
2.39		0.499515		
2.4		0.501074		
2.41		0.502625		
2.42		0.504169		
2.43		0.505705		
2.44		0.507234		
2.45		0.508756		
2.46		0.510271		
2.47		0.511779		
2.48		0.513279		
2.49		0.514772		
2.5		0.516259		
2.51		0.517738		
2.52		0.51921		
2.53		0.520675		
2.54		0.522133		
2.55		0.523585		
2.56		0.525029		
2.57		0.526466		
2.58		0.527897		
2.59		0.529321		
2.6		0.530738		
2.61		0.532149		
2.62		0.533552		
2.63		0.534949		
2.64		0.53634		
2.65		0.537724		
2.66		0.539101		
2.67		0.540472		
2.68		0.541836		
2.69		0.543194		
2.7		0.544545		
2.71		0.54589		
2.72		0.547229		
2.73		0.548561		
2.74		0.549887		
2.75		0.551206		
2.76		0.55252		
2.77		0.553827		
2.78		0.555128		
2.79		0.556423		
2.8		0.557712		
2.81		0.558994		
2.82		0.560271		
2.83		0.561541		
2.84		0.562806		
2.85		0.564064		
2.86		0.565317		
2.87		0.566564		
2.88		0.567805		
2.89		0.56904		
2.9		0.570269		
2.91		0.571492		
2.92		0.57271		
2.93		0.573922		
2.94		0.575128		
2.95		0.576328		
2.96		0.577523		
2.97		0.578712		
2.98		0.579896		
2.99		0.581074		
3		0.582247		
3.01		0.583414		
3.02		0.584575		
3.03		0.585731		
3.04		0.586882		
3.05		0.588028		
3.06		0.589168		
3.07		0.590302		
3.08		0.591431		
3.09		0.592556		
3.1		0.593674		
3.11		0.594788		
3.12		0.595896		
3.13		0.597		
3.14		0.598098		
3.15		0.599191		
3.16		0.600279		
3.17		0.601361		
3.18		0.602439		
3.19		0.603512		
3.2		0.60458		
3.21		0.605643		
3.22		0.6067		
3.23		0.607753		
3.24		0.608802		
3.25		0.609845		
3.26		0.610883		
3.27		0.611917		
3.28		0.612946		
3.29		0.61397		
3.3		0.614989		
3.31		0.616004		
3.32		0.617014		
3.33		0.618019		
3.34		0.61902		
3.35		0.620016		
3.36		0.621008		
3.37		0.621995		
3.38		0.622977		
3.39		0.623955		
3.4		0.624929		
3.41		0.625898		
3.42		0.626863		
3.43		0.627823		
3.44		0.628779		
3.45		0.62973		
3.46		0.630677		
3.47		0.63162		
3.48		0.632558		
3.49		0.633493		
3.5		0.634423		
3.51		0.635348		
3.52		0.63627		
3.53		0.637187		
3.54		0.638101		
3.55		0.63901		
3.56		0.639915		
3.57		0.640816		
3.58		0.641712		
3.59		0.642605		
3.6		0.643494		
3.61		0.644379		
3.62		0.645259		
3.63		0.646136		
3.64		0.647009		
3.65		0.647878		
3.66		0.648743		
3.67		0.649604		
3.68		0.650462		
3.69		0.651315		
3.7		0.652165		
3.71		0.653011		
3.72		0.653853		
3.73		0.654691		
3.74		0.655526		
3.75		0.656357		
3.76		0.657184		
3.77		0.658008		
3.78		0.658827		
3.79		0.659644		
3.8		0.660456		
3.81		0.661265		
3.82		0.662071		
3.83		0.662873		
3.84		0.663671		
3.85		0.664466		
3.86		0.665258		
3.87		0.666045		
3.88		0.66683		
3.89		0.667611		
3.9		0.668389		
3.91		0.669163		
3.92		0.669933		
3.93		0.670701		
3.94		0.671465		
3.95		0.672226		
3.96		0.672983		
3.97		0.673737		
3.98		0.674488		
3.99		0.675236		
4		0.67598		
4.01		0.676721		
4.02		0.677459		
4.03		0.678194		
4.04		0.678926		
4.05		0.679654		
4.06		0.680379		
4.07		0.681101		
4.08		0.68182		
4.09		0.682536		
4.1		0.683249		
4.11		0.683959		
4.12		0.684666		
4.13		0.68537		
4.14		0.686071		
4.15		0.686768		
4.16		0.687463		
4.17		0.688155		
4.18		0.688844		
4.19		0.68953		
4.2		0.690213		
4.21		0.690893		
4.22		0.69157		
4.23		0.692245		
4.24		0.692916		
4.25		0.693585		
4.26		0.694251		
4.27		0.694914		
4.28		0.695575		
4.29		0.696232		
4.3		0.696887		
4.31		0.697539		
4.32		0.698189		
4.33		0.698835		
4.34		0.699479		
4.35		0.70012		
4.36		0.700759		
4.37		0.701395		
4.38		0.702028		
4.39		0.702659		
4.4		0.703287		
4.41		0.703912		
4.42		0.704535		
4.43		0.705156		
4.44		0.705773		
4.45		0.706389		
4.46		0.707001		
4.47		0.707611		
4.48		0.708219		
4.49		0.708824		
4.5		0.709427		
4.51		0.710027		
4.52		0.710625		
4.53		0.71122		
4.54		0.711813		
4.55		0.712404		
4.56		0.712992		
4.57		0.713577		
4.58		0.714161		
4.59		0.714742		
4.6		0.71532		
4.61		0.715897		
4.62		0.716471		
4.63		0.717042		
4.64		0.717612		
4.65		0.718179		
4.66		0.718744		
4.67		0.719306		
4.68		0.719867		
4.69		0.720425		
4.7		0.72098		
4.71		0.721534		
4.72		0.722085		
4.73		0.722635		
4.74		0.723182		
4.75		0.723727		
4.76		0.724269		
4.77		0.72481		
4.78		0.725348		
4.79		0.725885		
4.8		0.726419		
4.81		0.726951		
4.82		0.727481		
4.83		0.728009		
4.84		0.728535		
4.85		0.729059		
4.86		0.72958		
4.87		0.7301		
4.88		0.730618		
4.89		0.731133		
4.9		0.731647		
4.91		0.732159		
4.92		0.732669		
4.93		0.733176		
4.94		0.733682		
4.95		0.734186		
4.96		0.734688		
4.97		0.735188		
4.98		0.735686		
4.99		0.736182		
5		0.736676		
5.01		0.737168		
5.02		0.737659		
5.03		0.738147		
5.04		0.738634		
5.05		0.739119		
5.06		0.739602		
5.07		0.740083		
5.08		0.740562		
5.09		0.74104		
5.1		0.741516		
5.11		0.74199		
5.12		0.742462		
5.13		0.742932		
5.14		0.743401		
5.15		0.743868		
5.16		0.744333		
5.17		0.744796		
5.18		0.745258		
5.19		0.745717		
5.2		0.746176		
5.21		0.746632		
5.22		0.747087		
5.23		0.74754		
5.24		0.747991		
5.25		0.748441		
5.26		0.748889		
5.27		0.749336		
5.28		0.74978		
5.29		0.750223		
5.3		0.750665		
5.31		0.751105		
5.32		0.751543		
5.33		0.75198		
5.34		0.752415		
5.35		0.752848		
5.36		0.75328		
5.37		0.75371		
5.38		0.754139		
5.39		0.754566		
5.4		0.754992		
5.41		0.755416		
5.42		0.755838		
5.43		0.756259		
5.44		0.756679		
5.45		0.757097		
5.46		0.757513		
5.47		0.757928		
5.48		0.758342		
5.49		0.758754		
5.5		0.759165		
5.51		0.759574		
5.52		0.759981		
5.53		0.760387		
5.54		0.760792		
5.55		0.761195		
5.56		0.761597		
5.57		0.761998		
5.58		0.762397		
5.59		0.762794		
5.6		0.763191		
5.61		0.763585		
5.62		0.763979		
5.63		0.764371		
5.64		0.764762		
5.65		0.765151		
5.66		0.765539		
5.67		0.765925		
5.68		0.766311		
5.69		0.766694		
5.7		0.767077		
5.71		0.767458		
5.72		0.767838		
5.73		0.768217		
5.74		0.768594		
5.75		0.76897		
5.76		0.769345		
5.77		0.769718		
5.78		0.77009		
5.79		0.770461		
5.8		0.770831		
5.81		0.771199		
5.82		0.771566		
5.83		0.771932		
5.84		0.772296		
5.85		0.77266		
5.86		0.773022		
5.87		0.773382		
5.88		0.773742		
5.89		0.7741		
5.9		0.774458		
5.91		0.774814		
5.92		0.775168		
5.93		0.775522		
5.94		0.775874		
5.95		0.776226		
5.96		0.776576		
5.97		0.776924		
5.98		0.777272		
5.99		0.777619		
6		0.777964		
6.01		0.778308		
6.02		0.778651		
6.03		0.778993		
6.04		0.779334		
6.05		0.779674		
6.06		0.780012		
6.07		0.78035		
6.08		0.780686		
6.09		0.781021		
6.1		0.781356		
6.11		0.781689		
6.12		0.782021		
6.13		0.782351		
6.14		0.782681		
6.15		0.78301		
6.16		0.783338		
6.17		0.783664		
6.18		0.78399		
6.19		0.784314		
6.2		0.784637		
6.21		0.78496		
6.22		0.785281		
6.23		0.785601		
6.24		0.785921		
6.25		0.786239		
6.26		0.786556		
6.27		0.786872		
6.28		0.787187		
6.29		0.787502		
6.3		0.787815		
6.31		0.788127		
6.32		0.788438		
6.33		0.788748		
6.34		0.789057		
6.35		0.789366		
6.36		0.789673		
6.37		0.789979		
6.38		0.790284		
6.39		0.790589		
6.4		0.790892		
6.41		0.791195		
6.42		0.791496		
6.43		0.791797		
6.44		0.792096		
6.45		0.792395		
6.46		0.792692		
6.47		0.792989		
6.48		0.793285		
6.49		0.79358		
6.5		0.793874		
6.51		0.794167		
6.52		0.794459		
6.53		0.794751		
6.54		0.795041		
6.55		0.795331		
6.56		0.795619		
6.57		0.795907		
6.58		0.796194		
6.59		0.79648		
6.6		0.796765		
6.61		0.797049		
6.62		0.797332		
6.63		0.797615		
6.64		0.797897		
6.65		0.798177		
6.66		0.798457		
6.67		0.798736		
6.68		0.799015		
6.69		0.799292		
6.7		0.799569		
6.71		0.799844		
6.72		0.800119		
6.73		0.800393		
6.74		0.800666		
6.75		0.800939		
6.76		0.801211		
6.77		0.801481		
6.78		0.801751		
6.79		0.80202		
6.8		0.802289		
6.81		0.802556		
6.82		0.802823		
6.83		0.803089		
6.84		0.803354		
6.85		0.803619		
6.86		0.803882		
6.87		0.804145		
6.88		0.804407		
6.89		0.804669		
6.9		0.804929		
6.91		0.805189		
6.92		0.805448		
6.93		0.805706		
6.94		0.805964		
6.95		0.806221		
6.96		0.806477		
6.97		0.806732		
6.98		0.806987		
6.99		0.80724		
7		0.807493		
7.01		0.807746		
7.02		0.807997		
7.03		0.808248		
7.04		0.808498		
7.05		0.808748		
7.06		0.808997		
7.07		0.809245		
7.08		0.809492		
7.09		0.809738		
7.1		0.809984		
7.11		0.810229		
7.12		0.810474		
7.13		0.810718		
7.14		0.810961		
7.15		0.811203		
7.16		0.811445		
7.17		0.811686		
7.18		0.811926		
7.19		0.812166		
7.2		0.812405		
7.21		0.812643		
7.22		0.812881		
7.23		0.813118		
7.24		0.813354		
7.25		0.81359		
7.26		0.813825		
7.27		0.814059		
7.28		0.814293		
7.29		0.814526		
7.3		0.814758		
7.31		0.81499		
7.32		0.815221		
7.33		0.815452		
7.34		0.815682		
7.35		0.815911		
7.36		0.816139		
7.37		0.816367		
7.38		0.816595		
7.39		0.816821		
7.4		0.817047		
7.41		0.817273		
7.42		0.817498		
7.43		0.817722		
7.44		0.817945		
7.45		0.818168		
7.46		0.818391		
7.47		0.818613		
7.48		0.818834		
7.49		0.819054		
7.5		0.819274		
7.51		0.819494		
7.52		0.819712		
7.53		0.819931		
7.54		0.820148		
7.55		0.820365		
7.56		0.820582		
7.57		0.820798		
7.58		0.821013		
7.59		0.821228		
7.6		0.821442		
7.61		0.821655		
7.62		0.821868		
7.63		0.822081		
7.64		0.822293		
7.65		0.822504		
7.66		0.822715		
7.67		0.822925		
7.68		0.823134		
7.69		0.823343		
7.7		0.823552		
7.71		0.82376		
7.72		0.823967		
7.73		0.824174		
7.74		0.824381		
7.75		0.824586		
7.76		0.824792		
7.77		0.824996		
7.78		0.825201		
7.79		0.825404		
7.8		0.825607		
7.81		0.82581		
7.82		0.826012		
7.83		0.826214		
7.84		0.826415		
7.85		0.826615		
7.86		0.826815		
7.87		0.827015		
7.88		0.827213		
7.89		0.827412		
7.9		0.82761		
7.91		0.827807		
7.92		0.828004		
7.93		0.828201		
7.94		0.828397		
7.95		0.828592		
7.96		0.828787		
7.97		0.828981		
7.98		0.829175		
7.99		0.829369		
8		0.829562		
8.01		0.829754		
8.02		0.829946		
8.03		0.830137		
8.04		0.830328		
8.05		0.830519		
8.06		0.830709		
8.07		0.830899		
8.08		0.831088		
8.09		0.831276		
8.1		0.831464		
8.11		0.831652		
8.12		0.831839		
8.13		0.832026		
8.14		0.832212		
8.15		0.832398		
8.16		0.832583		
8.17		0.832768		
8.18		0.832953		
8.19		0.833137		
8.2		0.83332		
8.21		0.833503		
8.22		0.833686		
8.23		0.833868		
8.24		0.83405		
8.25		0.834231		
8.26		0.834412		
8.27		0.834592		
8.28		0.834772		
8.29		0.834951		
8.3		0.83513		
8.31		0.835309		
8.32		0.835487		
8.33		0.835665		
8.34		0.835842		
8.35		0.836019		
8.36		0.836195		
8.37		0.836371		
8.38		0.836547		
8.39		0.836722		
8.4		0.836897		
8.41		0.837071		
8.42		0.837245		
8.43		0.837419		
8.44		0.837592		
8.45		0.837764		
8.46		0.837937		
8.47		0.838108		
8.48		0.83828		
8.49		0.838451		
8.5		0.838621		
8.51		0.838792		
8.52		0.838961		
8.53		0.839131		
8.54		0.8393		
8.55		0.839468		
8.56		0.839636		
8.57		0.839804		
8.58		0.839972		
8.59		0.840139		
8.6		0.840305		
8.61		0.840471		
8.62		0.840637		
8.63		0.840803		
8.64		0.840968		
8.65		0.841132		
8.66		0.841297		
8.67		0.84146		
8.68		0.841624		
8.69		0.841787		
8.7		0.84195		
8.71		0.842112		
8.72		0.842274		
8.73		0.842436		
8.74		0.842597		
8.75		0.842758		
8.76		0.842918		
8.77		0.843078		
8.78		0.843238		
8.79		0.843397		
8.8		0.843556		
8.81		0.843715		
8.82		0.843873		
8.83		0.844031		
8.84		0.844189		
8.85		0.844346		
8.86		0.844503		
8.87		0.844659		
8.88		0.844815		
8.89		0.844971		
8.9		0.845127		
8.91		0.845282		
8.92		0.845436		
8.93		0.845591		
8.94		0.845745		
8.95		0.845898		
8.96		0.846052		
8.97		0.846205		
8.98		0.846357		
8.99		0.846509		
9		0.846661		
9.01		0.846813		
9.02		0.846964		
9.03		0.847115		
9.04		0.847266		
9.05		0.847416		
9.06		0.847566		
9.07		0.847715		
9.08		0.847865		
9.09		0.848014		
9.1		0.848162		
9.11		0.84831		
9.12		0.848458		
9.13		0.848606		
9.14		0.848753		
9.15		0.8489		
9.16		0.849047		
9.17		0.849193		
9.18		0.849339		
9.19		0.849484		
9.2		0.84963		
9.21		0.849775		
9.22		0.849919		
9.23		0.850064		
9.24		0.850208		
9.25		0.850352		
9.26		0.850495		
9.27		0.850638		
9.28		0.850781		
9.29		0.850923		
9.3		0.851066		
9.31		0.851207		
9.32		0.851349		
9.33		0.85149		
9.34		0.851631		
9.35		0.851772		
9.36		0.851912		
9.37		0.852052		
9.38		0.852192		
9.39		0.852331		
9.4		0.85247		
9.41		0.852609		
9.42		0.852748		
9.43		0.852886		
9.44		0.853024		
9.45		0.853162		
9.46		0.853299		
9.47		0.853436		
9.48		0.853573		
9.49		0.853709		
9.5		0.853846		
9.51		0.853981		
9.52		0.854117		
9.53		0.854252		
9.54		0.854387		
9.55		0.854522		
9.56		0.854657		
9.57		0.854791		
9.58		0.854925		
9.59		0.855058		
9.6		0.855192		
9.61		0.855325		
9.62		0.855458		
9.63		0.85559		
9.64		0.855722		
9.65		0.855854		
9.66		0.855986		
9.67		0.856117		
9.68		0.856248		
9.69		0.856379		
9.7		0.85651		
9.71		0.85664		
9.72		0.85677		
9.73		0.8569		
9.74		0.857029		
9.75		0.857159		
9.76		0.857288		
9.77		0.857416		
9.78		0.857545		
9.79		0.857673		
9.8		0.857801		
9.81		0.857928		
9.82		0.858056		
9.83		0.858183		
9.84		0.85831		
9.85		0.858436		
9.86		0.858563		
9.87		0.858689		
9.88		0.858815		
9.89		0.85894		
9.9		0.859066		
9.91		0.859191		
9.92		0.859315		
9.93		0.85944		
9.94		0.859564		
9.95		0.859688		
9.96		0.859812		
9.97		0.859936		
9.98		0.860059		
9.99		0.860182		
10		0.860305		
10.01		0.860427		
10.02		0.86055		
10.03		0.860672		
10.04		0.860794		
10.05		0.860915		
10.06		0.861037		
10.07		0.861158		
10.08		0.861278		
10.09		0.861399		
10.1		0.861519		
10.11		0.86164		
10.12		0.861759		
10.13		0.861879		
10.14		0.861999		
10.15		0.862118		
10.16		0.862237		
10.17		0.862355		
10.18		0.862474		
10.19		0.862592		
10.2		0.86271		
10.21		0.862828		
10.22		0.862945		
10.23		0.863063		
10.24		0.86318		
10.25		0.863297		
10.26		0.863413		
10.27		0.86353		
10.28		0.863646		
10.29		0.863762		
10.3		0.863877		
10.31		0.863993		
10.32		0.864108		
10.33		0.864223		
10.34		0.864338		
10.35		0.864453		
10.36		0.864567		
10.37		0.864681		
10.38		0.864795		
10.39		0.864909		
10.4		0.865022		
10.41		0.865136		
10.42		0.865249		
10.43		0.865361		
10.44		0.865474		
10.45		0.865586		
10.46		0.865699		
10.47		0.865811		
10.48		0.865922		
10.49		0.866034		
10.5		0.866145		
10.51		0.866256		
10.52		0.866367		
10.53		0.866478		
10.54		0.866588		
10.55		0.866699		
10.56		0.866809		
10.57		0.866919		
10.58		0.867028		
10.59		0.867138		
10.6		0.867247		
10.61		0.867356		
10.62		0.867465		
10.63		0.867573		
10.64		0.867682		
10.65		0.86779		
10.66		0.867898		
10.67		0.868006		
10.68		0.868113		
10.69		0.868221		
10.7		0.868328		
10.71		0.868435		
10.72		0.868542		
10.73		0.868648		
10.74		0.868755		
10.75		0.868861		
10.76		0.868967		
10.77		0.869073		
10.78		0.869178		
10.79		0.869284		
10.8		0.869389		
10.81		0.869494		
10.82		0.869599		
10.83		0.869703		
10.84		0.869808		
10.85		0.869912		
10.86		0.870016		
10.87		0.87012		
10.88		0.870224		
10.89		0.870327		
10.9		0.87043		
10.91		0.870533		
10.92		0.870636		
10.93		0.870739		
10.94		0.870842		
10.95		0.870944		
10.96		0.871046		
10.97		0.871148		
10.98		0.87125		
10.99		0.871352		
11		0.871453		
11.01		0.871554		
11.02		0.871655		
11.03		0.871756		
11.04		0.871857		
11.05		0.871957		
11.06		0.872058		
11.07		0.872158		
11.08		0.872258		
11.09		0.872357		
11.1		0.872457		
11.11		0.872556		
11.12		0.872656		
11.13		0.872755		
11.14		0.872854		
11.15		0.872952		
11.16		0.873051		
11.17		0.873149		
11.18		0.873247		
11.19		0.873345		
11.2		0.873443		
11.21		0.873541		
11.22		0.873638		
11.23		0.873736		
11.24		0.873833		
11.25		0.87393		
11.26		0.874027		
11.27		0.874123		
11.28		0.87422		
11.29		0.874316		
11.3		0.874412		
11.31		0.874508		
11.32		0.874604		
11.33		0.874699		
11.34		0.874795		
11.35		0.87489		
11.36		0.874985		
11.37		0.87508		
11.38		0.875175		
11.39		0.875269		
11.4		0.875364		
11.41		0.875458		
11.42		0.875552		
11.43		0.875646		
11.44		0.87574		
11.45		0.875834		
11.46		0.875927		
11.47		0.87602		
11.48		0.876113		
11.49		0.876206		
11.5		0.876299		
11.51		0.876392		
11.52		0.876484		
11.53		0.876577		
11.54		0.876669		
11.55		0.876761		
11.56		0.876853		
11.57		0.876944		
11.58		0.877036		
11.59		0.877127		
11.6		0.877218		
11.61		0.87731		
11.62		0.8774		
11.63		0.877491		
11.64		0.877582		
11.65		0.877672		
11.66		0.877763		
11.67		0.877853		
11.68		0.877943		
11.69		0.878032		
11.7		0.878122		
11.71		0.878212		
11.72		0.878301		
11.73		0.87839		
11.74		0.878479		
11.75		0.878568		
11.76		0.878657		
11.77		0.878746		
11.78		0.878834		
11.79		0.878922		
11.8		0.879011		
11.81		0.879099		
11.82		0.879186		
11.83		0.879274		
11.84		0.879362		
11.85		0.879449		
11.86		0.879536		
11.87		0.879624		
11.88		0.879711		
11.89		0.879797		
11.9		0.879884		
11.91		0.879971		
11.92		0.880057		
11.93		0.880143		
11.94		0.880229		
11.95		0.880315		
11.96		0.880401		
11.97		0.880487		
11.98		0.880573		
11.99		0.880658		
12		0.880743		
12.01		0.880828		
12.02		0.880913		
12.03		0.880998		
12.04		0.881083		
12.05		0.881167		
12.06		0.881252		
12.07		0.881336		
12.08		0.88142		
12.09		0.881504		
12.1		0.881588		
12.11		0.881672		
12.12		0.881756		
12.13		0.881839		
12.14		0.881922		
12.15		0.882006		
12.16		0.882089		
12.17		0.882172		
12.18		0.882254		
12.19		0.882337		
12.2		0.88242		
12.21		0.882502		
12.22		0.882584		
12.23		0.882666		
12.24		0.882748		
12.25		0.88283		
12.26		0.882912		
12.27		0.882993		
12.28		0.883075		
12.29		0.883156		
12.3		0.883237		
12.31		0.883319		
12.32		0.883399		
12.33		0.88348		
12.34		0.883561		
12.35		0.883641		
12.36		0.883722		
12.37		0.883802		
12.38		0.883882		
12.39		0.883962		
12.4		0.884042		
12.41		0.884122		
12.42		0.884202		
12.43		0.884281		
12.44		0.884361		
12.45		0.88444		
12.46		0.884519		
12.47		0.884598		
12.48		0.884677		
12.49		0.884756		
12.5		0.884834		
12.51		0.884913		
12.52		0.884991		
12.53		0.88507		
12.54		0.885148		
12.55		0.885226		
12.56		0.885304		
12.57		0.885382		
12.58		0.885459		
12.59		0.885537		
12.6		0.885614		
12.61		0.885691		
12.62		0.885769		
12.63		0.885846		
12.64		0.885923		
12.65		0.885999		
12.66		0.886076		
12.67		0.886153		
12.68		0.886229		
12.69		0.886306		
12.7		0.886382		
12.71		0.886458		
12.72		0.886534		
12.73		0.88661		
12.74		0.886685		
12.75		0.886761		
12.76		0.886837		
12.77		0.886912		
12.78		0.886987		
12.79		0.887062		
12.8		0.887138		
12.81		0.887212		
12.82		0.887287		
12.83		0.887362		
12.84		0.887437		
12.85		0.887511		
12.86		0.887585		
12.87		0.88766		
12.88		0.887734		
12.89		0.887808		
12.9		0.887882		
12.91		0.887956		
12.92		0.888029		
12.93		0.888103		
12.94		0.888176		
12.95		0.88825		
12.96		0.888323		
12.97		0.888396		
12.98		0.888469		
12.99		0.888542		
13		0.888615		
13.01		0.888687		
13.02		0.88876		
13.03		0.888832		
13.04		0.888905		
13.05		0.888977		
13.06		0.889049		
13.07		0.889121		
13.08		0.889193		
13.09		0.889265		
13.1		0.889337		
13.11		0.889408		
13.12		0.88948		
13.13		0.889551		
13.14		0.889622		
13.15		0.889694		
13.16		0.889765		
13.17		0.889836		
13.18		0.889907		
13.19		0.889977		
13.2		0.890048		
13.21		0.890118		
13.22		0.890189		
13.23		0.890259		
13.24		0.890329		
13.25		0.8904		
13.26		0.89047		
13.27		0.89054		
13.28		0.890609		
13.29		0.890679		
13.3		0.890749		
13.31		0.890818		
13.32		0.890888		
13.33		0.890957		
13.34		0.891026		
13.35		0.891095		
13.36		0.891164		
13.37		0.891233		
13.38		0.891302		
13.39		0.891371		
13.4		0.891439		
13.41		0.891508		
13.42		0.891576		
13.43		0.891644		
13.44		0.891712		
13.45		0.891781		
13.46		0.891849		
13.47		0.891916		
13.48		0.891984		
13.49		0.892052		
13.5		0.89212		
13.51		0.892187		
13.52		0.892254		
13.53		0.892322		
13.54		0.892389		
13.55		0.892456		
13.56		0.892523		
13.57		0.89259		
13.58		0.892657		
13.59		0.892724		
13.6		0.89279		
13.61		0.892857		
13.62		0.892923		
13.63		0.89299		
13.64		0.893056		
13.65		0.893122		
13.66		0.893188		
13.67		0.893254		
13.68		0.89332		
13.69		0.893386		
13.7		0.893451		
13.71		0.893517		
13.72		0.893582		
13.73		0.893648		
13.74		0.893713		
13.75		0.893778		
13.76		0.893844		
13.77		0.893909		
13.78		0.893974		
13.79		0.894038		
13.8		0.894103		
13.81		0.894168		
13.82		0.894232		
13.83		0.894297		
13.84		0.894361		
13.85		0.894426		
13.86		0.89449		
13.87		0.894554		
13.88		0.894618		
13.89		0.894682		
13.9		0.894746		
13.91		0.89481		
13.92		0.894873		
13.93		0.894937		
13.94		0.895		
13.95		0.895064		
13.96		0.895127		
13.97		0.89519		
13.98		0.895253		
13.99		0.895316		
14		0.895379		
14.01		0.895442		
14.02		0.895505		
14.03		0.895568		
14.04		0.89563		
14.05		0.895693		
14.06		0.895755		
14.07		0.895818		
14.08		0.89588		
14.09		0.895942		
14.1		0.896004		
14.11		0.896066		
14.12		0.896128		
14.13		0.89619		
14.14		0.896252		
14.15		0.896314		
14.16		0.896375		
14.17		0.896437		
14.18		0.896498		
14.19		0.896559		
14.2		0.896621		
14.21		0.896682		
14.22		0.896743		
14.23		0.896804		
14.24		0.896865		
14.25		0.896926		
14.26		0.896986		
14.27		0.897047		
14.28		0.897108		
14.29		0.897168		
14.3		0.897229		
14.31		0.897289		
14.32		0.897349		
14.33		0.897409		
14.34		0.89747		
14.35		0.89753		
14.36		0.89759		
14.37		0.897649		
14.38		0.897709		
14.39		0.897769		
14.4		0.897828		
14.41		0.897888		
14.42		0.897947		
14.43		0.898007		
14.44		0.898066		
14.45		0.898125		
14.46		0.898184		
14.47		0.898244		
14.48		0.898303		
14.49		0.898361		
14.5		0.89842		
14.51		0.898479		
14.52		0.898538		
14.53		0.898596		
14.54		0.898655		
14.55		0.898713		
14.56		0.898772		
14.57		0.89883		
14.58		0.898888		
14.59		0.898946		
14.6		0.899004		
14.61		0.899062		
14.62		0.89912		
14.63		0.899178		
14.64		0.899236		
14.65		0.899293		
14.66		0.899351		
14.67		0.899408		
14.68		0.899466		
14.69		0.899523		
14.7		0.89958		
14.71		0.899638		
14.72		0.899695		
14.73		0.899752		
14.74		0.899809		
14.75		0.899866		
14.76		0.899923		
14.77		0.899979		
14.78		0.900036		
14.79		0.900093		
14.8		0.900149		
14.81		0.900206		
14.82		0.900262		
14.83		0.900318		
14.84		0.900375		
14.85		0.900431		
14.86		0.900487		
14.87		0.900543		
14.88		0.900599		
14.89		0.900655		
14.9		0.900711		
14.91		0.900766		
14.92		0.900822		
14.93		0.900878		
14.94		0.900933		
14.95		0.900988		
14.96		0.901044		
14.97		0.901099		
14.98		0.901154		
14.99		0.90121		
15		0.901265		
15.01		0.90132		
15.02		0.901375		
15.03		0.90143		
15.04		0.901484		
15.05		0.901539		
15.06		0.901594		
15.07		0.901648		
15.08		0.901703		
15.09		0.901757		
15.1		0.901812		
15.11		0.901866		
15.12		0.90192		
15.13		0.901974		
15.14		0.902029		
15.15		0.902083		
15.16		0.902137		
15.17		0.902191		
15.18		0.902244		
15.19		0.902298		
15.2		0.902352		
15.21		0.902406		
15.22		0.902459		
15.23		0.902513		
15.24		0.902566		
15.25		0.902619		
15.26		0.902673		
15.27		0.902726		
15.28		0.902779		
15.29		0.902832		
15.3		0.902885		
15.31		0.902938		
15.32		0.902991		
15.33		0.903044		
15.34		0.903097		
15.35		0.903149		
15.36		0.903202		
15.37		0.903255		
15.38		0.903307		
15.39		0.90336		
15.4		0.903412		
15.41		0.903464		
15.42		0.903517		
15.43		0.903569		
15.44		0.903621		
15.45		0.903673		
15.46		0.903725		
15.47		0.903777		
15.48		0.903829		
15.49		0.90388		
15.5		0.903932		
15.51		0.903984		
15.52		0.904035		
15.53		0.904087		
15.54		0.904138		
15.55		0.90419		
15.56		0.904241		
15.57		0.904292		
15.58		0.904344		
15.59		0.904395		
15.6		0.904446		
15.61		0.904497		
15.62		0.904548		
15.63		0.904599		
15.64		0.90465		
15.65		0.904701		
15.66		0.904751		
15.67		0.904802		
15.68		0.904853		
15.69		0.904903		
15.7		0.904954		
15.71		0.905004		
15.72		0.905054		
15.73		0.905105		
15.74		0.905155		
15.75		0.905205		
15.76		0.905255		
15.77		0.905305		
15.78		0.905355		
15.79		0.905405		
15.8		0.905455		
15.81		0.905505		
15.82		0.905554		
15.83		0.905604		
15.84		0.905654		
15.85		0.905703		
15.86		0.905753		
15.87		0.905802		
15.88		0.905852		
15.89		0.905901		
15.9		0.90595		
15.91		0.906		
15.92		0.906049		
15.93		0.906098		
15.94		0.906147		
15.95		0.906196		
15.96		0.906245		
15.97		0.906294		
15.98		0.906342		
15.99		0.906391		
16		0.90644		
16.01		0.906488		
16.02		0.906537		
16.03		0.906585		
16.04		0.906634		
16.05		0.906682		
16.06		0.906731		
16.07		0.906779		
16.08		0.906827		
16.09		0.906875		
16.1		0.906923		
16.11		0.906972		
16.12		0.90702		
16.13		0.907067		
16.14		0.907115		
16.15		0.907163		
16.16		0.907211		
16.17		0.907259		
16.18		0.907306		
16.19		0.907354		
16.2		0.907401		
16.21		0.907449		
16.22		0.907496		
16.23		0.907544		
16.24		0.907591		
16.25		0.907638		
16.26		0.907686		
16.27		0.907733		
16.28		0.90778		
16.29		0.907827		
16.3		0.907874		
16.31		0.907921		
16.32		0.907968		
16.33		0.908015		
16.34		0.908061		
16.35		0.908108		
16.36		0.908155		
16.37		0.908201		
16.38		0.908248		
16.39		0.908294		
16.4		0.908341		
16.41		0.908387		
16.42		0.908434		
16.43		0.90848		
16.44		0.908526		
16.45		0.908572		
16.46		0.908618		
16.47		0.908665		
16.48		0.908711		
16.49		0.908757		
16.5		0.908802		
16.51		0.908848		
16.52		0.908894		
16.53		0.90894		
16.54		0.908986		
16.55		0.909031		
16.56		0.909077		
16.57		0.909122		
16.58		0.909168		
16.59		0.909213		
16.6		0.909259		
16.61		0.909304		
16.62		0.909349		
16.63		0.909395		
16.64		0.90944		
16.65		0.909485		
16.66		0.90953		
16.67		0.909575		
16.68		0.90962		
16.69		0.909665		
16.7		0.90971		
16.71		0.909755		
16.72		0.909799		
16.73		0.909844		
16.74		0.909889		
16.75		0.909934		
16.76		0.909978		
16.77		0.910023		
16.78		0.910067		
16.79		0.910112		
16.8		0.910156		
16.81		0.9102		
16.82		0.910245		
16.83		0.910289		
16.84		0.910333		
16.85		0.910377		
16.86		0.910421		
16.87		0.910465		
16.88		0.910509		
16.89		0.910553		
16.9		0.910597		
16.91		0.910641		
16.92		0.910685		
16.93		0.910728		
16.94		0.910772		
16.95		0.910816		
16.96		0.910859		
16.97		0.910903		
16.98		0.910946		
16.99		0.91099		
17		0.911033		
17.01		0.911077		
17.02		0.91112		
17.03		0.911163		
17.04		0.911206		
17.05		0.911249		
17.06		0.911293		
17.07		0.911336		
17.08		0.911379		
17.09		0.911422		
17.1		0.911465		
17.11		0.911507		
17.12		0.91155		
17.13		0.911593		
17.14		0.911636		
17.15		0.911678		
17.16		0.911721		
17.17		0.911764		
17.18		0.911806		
17.19		0.911849		
17.2		0.911891		
17.21		0.911934		
17.22		0.911976		
17.23		0.912018		
17.24		0.912061		
17.25		0.912103		
17.26		0.912145		
17.27		0.912187		
17.28		0.912229		
17.29		0.912271		
17.3		0.912313		
17.31		0.912355		
17.32		0.912397		
17.33		0.912439		
17.34		0.912481		
17.35		0.912522		
17.36		0.912564		
17.37		0.912606		
17.38		0.912647		
17.39		0.912689		
17.4		0.912731		
17.41		0.912772		
17.42		0.912814		
17.43		0.912855		
17.44		0.912896		
17.45		0.912938		
17.46		0.912979		
17.47		0.91302		
17.48		0.913061		
17.49		0.913102		
17.5		0.913144		
17.51		0.913185		
17.52		0.913226		
17.53		0.913267		
17.54		0.913307		
17.55		0.913348		
17.56		0.913389		
17.57		0.91343		
17.58		0.913471		
17.59		0.913511		
17.6		0.913552		
17.61		0.913593		
17.62		0.913633		
17.63		0.913674		
17.64		0.913714		
17.65		0.913755		
17.66		0.913795		
17.67		0.913835		
17.68		0.913876		
17.69		0.913916		
17.7		0.913956		
17.71		0.913996		
17.72		0.914037		
17.73		0.914077		
17.74		0.914117		
17.75		0.914157		
17.76		0.914197		
17.77		0.914237		
17.78		0.914277		
17.79		0.914316		
17.8		0.914356		
17.81		0.914396		
17.82		0.914436		
17.83		0.914475		
17.84		0.914515		
17.85		0.914555		
17.86		0.914594		
17.87		0.914634		
17.88		0.914673		
17.89		0.914713		
17.9		0.914752		
17.91		0.914791		
17.92		0.914831		
17.93		0.91487		
17.94		0.914909		
17.95		0.914948		
17.96		0.914988		
17.97		0.915027		
17.98		0.915066		
17.99		0.915105		
18		0.915144		
18.01		0.915183		
18.02		0.915222		
18.03		0.91526		
18.04		0.915299		
18.05		0.915338		
18.06		0.915377		
18.07		0.915415		
18.08		0.915454		
18.09		0.915493		
18.1		0.915531		
18.11		0.91557		
18.12		0.915608		
18.13		0.915647		
18.14		0.915685		
18.15		0.915724		
18.16		0.915762		
18.17		0.9158		
18.18		0.915839		
18.19		0.915877		
18.2		0.915915		
18.21		0.915953		
18.22		0.915991		
18.23		0.916029		
18.24		0.916067		
18.25		0.916105		
18.26		0.916143		
18.27		0.916181		
18.28		0.916219		
18.29		0.916257		
18.3		0.916295		
18.31		0.916332		
18.32		0.91637		
18.33		0.916408		
18.34		0.916446		
18.35		0.916483		
18.36		0.916521		
18.37		0.916558		
18.38		0.916596		
18.39		0.916633		
18.4		0.916671		
18.41		0.916708		
18.42		0.916745		
18.43		0.916783		
18.44		0.91682		
18.45		0.916857		
18.46		0.916894		
18.47		0.916932		
18.48		0.916969		
18.49		0.917006		
18.5		0.917043		
18.51		0.91708		
18.52		0.917117		
18.53		0.917154		
18.54		0.917191		
18.55		0.917227		
18.56		0.917264		
18.57		0.917301		
18.58		0.917338		
18.59		0.917374		
18.6		0.917411		
18.61		0.917448		
18.62		0.917484		
18.63		0.917521		
18.64		0.917557		
18.65		0.917594		
18.66		0.91763		
18.67		0.917667		
18.68		0.917703		
18.69		0.91774		
18.7		0.917776		
18.71		0.917812		
18.72		0.917848		
18.73		0.917885		
18.74		0.917921		
18.75		0.917957		
18.76		0.917993		
18.77		0.918029		
18.78		0.918065		
18.79		0.918101		
18.8		0.918137		
18.81		0.918173		
18.82		0.918209		
18.83		0.918245		
18.84		0.91828		
18.85		0.918316		
18.86		0.918352		
18.87		0.918388		
18.88		0.918423		
18.89		0.918459		
18.9		0.918495		
18.91		0.91853		
18.92		0.918566		
18.93		0.918601		
18.94		0.918637		
18.95		0.918672		
18.96		0.918707		
18.97		0.918743		
18.98		0.918778		
18.99		0.918813		
19		0.918849		
19.01		0.918884		
19.02		0.918919		
19.03		0.918954		
19.04		0.918989		
19.05		0.919024		
19.06		0.91906		
19.07		0.919095		
19.08		0.91913		
19.09		0.919164		
19.1		0.919199		
19.11		0.919234		
19.12		0.919269		
19.13		0.919304		
19.14		0.919339		
19.15		0.919373		
19.16		0.919408		
19.17		0.919443		
19.18		0.919477		
19.19		0.919512		
19.2		0.919547		
19.21		0.919581		
19.22		0.919616		
19.23		0.91965		
19.24		0.919685		
19.25		0.919719		
19.26		0.919753		
19.27		0.919788		
19.28		0.919822		
19.29		0.919856		
19.3		0.919891		
19.31		0.919925		
19.32		0.919959		
19.33		0.919993		
19.34		0.920027		
19.35		0.920061		
19.36		0.920095		
19.37		0.920129		
19.38		0.920163		
19.39		0.920197		
19.4		0.920231		
19.41		0.920265		
19.42		0.920299		
19.43		0.920333		
19.44		0.920367		
19.45		0.9204		
19.46		0.920434		
19.47		0.920468		
19.48		0.920502		
19.49		0.920535		
19.5		0.920569		
19.51		0.920602		
19.52		0.920636		
19.53		0.920669		
19.54		0.920703		
19.55		0.920736		
19.56		0.92077		
19.57		0.920803		
19.58		0.920836		
19.59		0.92087		
19.6		0.920903		
19.61		0.920936		
19.62		0.92097		
19.63		0.921003		
19.64		0.921036		
19.65		0.921069		
19.66		0.921102		
19.67		0.921135		
19.68		0.921168		
19.69		0.921201		
19.7		0.921234		
19.71		0.921267		
19.72		0.9213		
19.73		0.921333		
19.74		0.921366		
19.75		0.921399		
19.76		0.921431		
19.77		0.921464		
19.78		0.921497		
19.79		0.92153		
19.8		0.921562		
19.81		0.921595		
19.82		0.921628		
19.83		0.92166		
19.84		0.921693		
19.85		0.921725		
19.86		0.921758		
19.87		0.92179		
19.88		0.921823		
19.89		0.921855		
19.9		0.921887		
19.91		0.92192		
19.92		0.921952		
19.93		0.921984		
19.94		0.922017		
19.95		0.922049		
19.96		0.922081		
19.97		0.922113		
19.98		0.922145		
19.99		0.922177		
20		0.922209		
20.01		0.922242		
20.02		0.922274		
20.03		0.922306		
20.04		0.922337		
20.05		0.922369		
20.06		0.922401		
20.07		0.922433		
20.08		0.922465		
20.09		0.922497		
20.1		0.922529		
20.11		0.92256		
20.12		0.922592		
20.13		0.922624		
20.14		0.922655		
20.15		0.922687		
20.16		0.922719		
20.17		0.92275		
20.18		0.922782		
20.19		0.922813		
20.2		0.922845		
20.21		0.922876		
20.22		0.922908		
20.23		0.922939		
20.24		0.922971		
20.25		0.923002		
20.26		0.923033		
20.27		0.923065		
20.28		0.923096		
20.29		0.923127		
20.3		0.923158		
20.31		0.923189		
20.32		0.923221		
20.33		0.923252		
20.34		0.923283		
20.35		0.923314		
20.36		0.923345		
20.37		0.923376		
20.38		0.923407		
20.39		0.923438		
20.4		0.923469		
20.41		0.9235		
20.42		0.923531		
20.43		0.923561		
20.44		0.923592		
20.45		0.923623		
20.46		0.923654		
20.47		0.923685		
20.48		0.923715		
20.49		0.923746		
20.5		0.923777		
20.51		0.923807		
20.52		0.923838		
20.53		0.923868		
20.54		0.923899		
20.55		0.923929		
20.56		0.92396		
20.57		0.92399		
20.58		0.924021		
20.59		0.924051		
20.6		0.924082		
20.61		0.924112		
20.62		0.924142		
20.63		0.924173		
20.64		0.924203		
20.65		0.924233		
20.66		0.924263		
20.67		0.924294		
20.68		0.924324		
20.69		0.924354		
20.7		0.924384		
20.71		0.924414		
20.72		0.924444		
20.73		0.924474		
20.74		0.924504		
20.75		0.924534		
20.76		0.924564		
20.77		0.924594		
20.78		0.924624		
20.79		0.924654		
20.8		0.924684		
20.81		0.924714		
20.82		0.924743		
20.83		0.924773		
20.84		0.924803		
20.85		0.924833		
20.86		0.924862		
20.87		0.924892		
20.88		0.924922		
20.89		0.924951		
20.9		0.924981		
20.91		0.92501		
20.92		0.92504		
20.93		0.92507		
20.94		0.925099		
20.95		0.925128		
20.96		0.925158		
20.97		0.925187		
20.98		0.925217		
20.99		0.925246		
21		0.925275		
21.01		0.925305		
21.02		0.925334		
21.03		0.925363		
21.04		0.925393		
21.05		0.925422		
21.06		0.925451		
21.07		0.92548		
21.08		0.925509		
21.09		0.925538		
21.1		0.925567		
21.11		0.925597		
21.12		0.925626		
21.13		0.925655		
21.14		0.925684		
21.15		0.925713		
21.16		0.925741		
21.17		0.92577		
21.18		0.925799		
21.19		0.925828		
21.2		0.925857		
21.21		0.925886		
21.22		0.925915		
21.23		0.925943		
21.24		0.925972		
21.25		0.926001		
21.26		0.926029		
21.27		0.926058		
21.28		0.926087		
21.29		0.926115		
21.3		0.926144		
21.31		0.926173		
21.32		0.926201		
21.33		0.92623		
21.34		0.926258		
21.35		0.926287		
21.36		0.926315		
21.37		0.926343		
21.38		0.926372		
21.39		0.9264		
21.4		0.926429		
21.41		0.926457		
21.42		0.926485		
21.43		0.926513		
21.44		0.926542		
21.45		0.92657		
21.46		0.926598		
21.47		0.926626		
21.48		0.926655		
21.49		0.926683		
21.5		0.926711		
21.51		0.926739		
21.52		0.926767		
21.53		0.926795		
21.54		0.926823		
21.55		0.926851		
21.56		0.926879		
21.57		0.926907		
21.58		0.926935		
21.59		0.926963		
21.6		0.926991		
21.61		0.927018		
21.62		0.927046		
21.63		0.927074		
21.64		0.927102		
21.65		0.92713		
21.66		0.927157		
21.67		0.927185		
21.68		0.927213		
21.69		0.92724		
21.7		0.927268		
21.71		0.927296		
21.72		0.927323		
21.73		0.927351		
21.74		0.927378		
21.75		0.927406		
21.76		0.927434		
21.77		0.927461		
21.78		0.927488		
21.79		0.927516		
21.8		0.927543		
21.81		0.927571		
21.82		0.927598		
21.83		0.927625		
21.84		0.927653		
21.85		0.92768		
21.86		0.927707		
21.87		0.927735		
21.88		0.927762		
21.89		0.927789		
21.9		0.927816		
21.91		0.927843		
21.92		0.927871		
21.93		0.927898		
21.94		0.927925		
21.95		0.927952		
21.96		0.927979		
21.97		0.928006		
21.98		0.928033		
21.99		0.92806		
22		0.928087		
22.01		0.928114		
22.02		0.928141		
22.03		0.928168		
22.04		0.928195		
22.05		0.928222		
22.06		0.928248		
22.07		0.928275		
22.08		0.928302		
22.09		0.928329		
22.1		0.928355		
22.11		0.928382		
22.12		0.928409		
22.13		0.928436		
22.14		0.928462		
22.15		0.928489		
22.16		0.928515		
22.17		0.928542		
22.18		0.928569		
22.19		0.928595		
22.2		0.928622		
22.21		0.928648		
22.22		0.928675		
22.23		0.928701		
22.24		0.928728		
22.25		0.928754		
22.26		0.928781		
22.27		0.928807		
22.28		0.928833		
22.29		0.92886		
22.3		0.928886		
22.31		0.928913		
22.32		0.928939		
22.33		0.928965		
22.34		0.928991		
22.35		0.929018		
22.36		0.929044		
22.37		0.92907		
22.38		0.929096		
22.39		0.929123		
22.4		0.929149		
22.41		0.929175		
22.42		0.929201		
22.43		0.929227		
22.44		0.929253		
22.45		0.929279		
22.46		0.929306		
22.47		0.929332		
22.48		0.929358		
22.49		0.929384		
22.5		0.92941		
22.51		0.929436		
22.52		0.929462		
22.53		0.929488		
22.54		0.929513		
22.55		0.929539		
22.56		0.929565		
22.57		0.929591		
22.58		0.929617		
22.59		0.929643		
22.6		0.929669		
22.61		0.929694		
22.62		0.92972		
22.63		0.929746		
22.64		0.929772		
22.65		0.929797		
22.66		0.929823		
22.67		0.929849		
22.68		0.929875		
22.69		0.9299		
22.7		0.929926		
22.71		0.929951		
22.72		0.929977		
22.73		0.930003		
22.74		0.930028		
22.75		0.930054		
22.76		0.930079		
22.77		0.930105		
22.78		0.93013		
22.79		0.930156		
22.8		0.930181		
22.81		0.930207		
22.82		0.930232		
22.83		0.930257		
22.84		0.930283		
22.85		0.930308		
22.86		0.930334		
22.87		0.930359		
22.88		0.930384		
22.89		0.930409		
22.9		0.930435		
22.91		0.93046		
22.92		0.930485		
22.93		0.93051		
22.94		0.930536		
22.95		0.930561		
22.96		0.930586		
22.97		0.930611		
22.98		0.930636		
22.99		0.930661		
23		0.930687		
23.01		0.930712		
23.02		0.930737		
23.03		0.930762		
23.04		0.930787		
23.05		0.930812		
23.06		0.930837		
23.07		0.930862		
23.08		0.930887		
23.09		0.930912		
23.1		0.930937		
23.11		0.930962		
23.12		0.930986		
23.13		0.931011		
23.14		0.931036		
23.15		0.931061		
23.16		0.931086		
23.17		0.931111		
23.18		0.931135		
23.19		0.93116		
23.2		0.931185		
23.21		0.93121		
23.22		0.931234		
23.23		0.931259		
23.24		0.931284		
23.25		0.931308		
23.26		0.931333		
23.27		0.931358		
23.28		0.931382		
23.29		0.931407		
23.3		0.931432		
23.31		0.931456		
23.32		0.931481		
23.33		0.931505		
23.34		0.93153		
23.35		0.931554		
23.36		0.931579		
23.37		0.931603		
23.38		0.931628		
23.39		0.931652		
23.4		0.931676		
23.41		0.931701		
23.42		0.931725		
23.43		0.931749		
23.44		0.931774		
23.45		0.931798		
23.46		0.931822		
23.47		0.931847		
23.48		0.931871		
23.49		0.931895		
23.5		0.93192		
23.51		0.931944		
23.52		0.931968		
23.53		0.931992		
23.54		0.932016		
23.55		0.93204		
23.56		0.932065		
23.57		0.932089		
23.58		0.932113		
23.59		0.932137		
23.6		0.932161		
23.61		0.932185		
23.62		0.932209		
23.63		0.932233		
23.64		0.932257		
23.65		0.932281		
23.66		0.932305		
23.67		0.932329		
23.68		0.932353		
23.69		0.932377		
23.7		0.932401		
23.71		0.932425		
23.72		0.932449		
23.73		0.932472		
23.74		0.932496		
23.75		0.93252		
23.76		0.932544		
23.77		0.932568		
23.78		0.932591		
23.79		0.932615		
23.8		0.932639		
23.81		0.932663		
23.82		0.932686		
23.83		0.93271		
23.84		0.932734		
23.85		0.932757		
23.86		0.932781		
23.87		0.932805		
23.88		0.932828		
23.89		0.932852		
23.9		0.932875		
23.91		0.932899		
23.92		0.932923		
23.93		0.932946		
23.94		0.93297		
23.95		0.932993		
23.96		0.933017		
23.97		0.93304		
23.98		0.933063		
23.99		0.933087		
24		0.93311		
24.01		0.933134		
24.02		0.933157		
24.03		0.93318		
24.04		0.933204		
24.05		0.933227		
24.06		0.933251		
24.07		0.933274		
24.08		0.933297		
24.09		0.93332		
24.1		0.933344		
24.11		0.933367		
24.12		0.93339		
24.13		0.933413		
24.14		0.933437		
24.15		0.93346		
24.16		0.933483		
24.17		0.933506		
24.18		0.933529		
24.19		0.933552		
24.2		0.933575		
24.21		0.933598		
24.22		0.933622		
24.23		0.933645		
24.24		0.933668		
24.25		0.933691		
24.26		0.933714		
24.27		0.933737		
24.28		0.93376		
24.29		0.933783		
24.3		0.933806		
24.31		0.933828		
24.32		0.933851		
24.33		0.933874		
24.34		0.933897		
24.35		0.93392		
24.36		0.933943		
24.37		0.933966		
24.38		0.933989		
24.39		0.934011		
24.4		0.934034		
24.41		0.934057		
24.42		0.93408		
24.43		0.934102		
24.44		0.934125		
24.45		0.934148		
24.46		0.934171		
24.47		0.934193		
24.48		0.934216		
24.49		0.934239		
24.5		0.934261		
24.51		0.934284		
24.52		0.934306		
24.53		0.934329		
24.54		0.934352		
24.55		0.934374		
24.56		0.934397		
24.57		0.934419		
24.58		0.934442		
24.59		0.934464		
24.6		0.934487		
24.61		0.934509		
24.62		0.934532		
24.63		0.934554		
24.64		0.934577		
24.65		0.934599		
24.66		0.934621		
24.67		0.934644		
24.68		0.934666		
24.69		0.934689		
24.7		0.934711		
24.71		0.934733		
24.72		0.934755		
24.73		0.934778		
24.74		0.9348		
24.75		0.934822		
24.76		0.934845		
24.77		0.934867		
24.78		0.934889		
24.79		0.934911		
24.8		0.934933		
24.81		0.934956		
24.82		0.934978		
24.83		0.935		
24.84		0.935022		
24.85		0.935044		
24.86		0.935066		
24.87		0.935088		
24.88		0.93511		
24.89		0.935133		
24.9		0.935155		
24.91		0.935177		
24.92		0.935199		
24.93		0.935221		
24.94		0.935243		
24.95		0.935265		
24.96		0.935287		
24.97		0.935309		
24.98		0.93533		
24.99		0.935352		
25		0.935374		
25.01		0.935396		
25.02		0.935418		
25.03		0.93544		
25.04		0.935462		
25.05		0.935484		
25.06		0.935505		
25.07		0.935527		
25.08		0.935549		
25.09		0.935571		
25.1		0.935593		
25.11		0.935614		
25.12		0.935636		
25.13		0.935658		
25.14		0.935679		
25.15		0.935701		
25.16		0.935723		
25.17		0.935744		
25.18		0.935766		
25.19		0.935788		
25.2		0.935809		
25.21		0.935831		
25.22		0.935853		
25.23		0.935874		
25.24		0.935896		
25.25		0.935917		
25.26		0.935939		
25.27		0.93596		
25.28		0.935982		
25.29		0.936003		
25.3		0.936025		
25.31		0.936046		
25.32		0.936068		
25.33		0.936089		
25.34		0.936111		
25.35		0.936132		
25.36		0.936153		
25.37		0.936175		
25.38		0.936196		
25.39		0.936218		
25.4		0.936239		
25.41		0.93626		
25.42		0.936282		
25.43		0.936303		
25.44		0.936324		
25.45		0.936345		
25.46		0.936367		
25.47		0.936388		
25.48		0.936409		
25.49		0.93643		
25.5		0.936452		
25.51		0.936473		
25.52		0.936494		
25.53		0.936515		
25.54		0.936536		
25.55		0.936558		
25.56		0.936579		
25.57		0.9366		
25.58		0.936621		
25.59		0.936642		
25.6		0.936663		
25.61		0.936684		
25.62		0.936705		
25.63		0.936726		
25.64		0.936747		
25.65		0.936768		
25.66		0.936789		
25.67		0.93681		
25.68		0.936831		
25.69		0.936852		
25.7		0.936873		
25.71		0.936894		
25.72		0.936915		
25.73		0.936936		
25.74		0.936957		
25.75		0.936978		
25.76		0.936998		
25.77		0.937019		
25.78		0.93704		
25.79		0.937061		
25.8		0.937082		
25.81		0.937103		
25.82		0.937123		
25.83		0.937144		
25.84		0.937165		
25.85		0.937186		
25.86		0.937206		
25.87		0.937227		
25.88		0.937248		
25.89		0.937269		
25.9		0.937289		
25.91		0.93731		
25.92		0.937331		
25.93		0.937351		
25.94		0.937372		
25.95		0.937392		
25.96		0.937413		
25.97		0.937434		
25.98		0.937454		
25.99		0.937475		
26		0.937495		
26.01		0.937516		
26.02		0.937536		
26.03		0.937557		
26.04		0.937577		
26.05		0.937598		
26.06		0.937618		
26.07		0.937639		
26.08		0.937659		
26.09		0.93768		
26.1		0.9377		
26.11		0.937721		
26.12		0.937741		
26.13		0.937761		
26.14		0.937782		
26.15		0.937802		
26.16		0.937822		
26.17		0.937843		
26.18		0.937863		
26.19		0.937883		
26.2		0.937904		
26.21		0.937924		
26.22		0.937944		
26.23		0.937965		
26.24		0.937985		
26.25		0.938005		
26.26		0.938025		
26.27		0.938045		
26.28		0.938066		
26.29		0.938086		
26.3		0.938106		
26.31		0.938126		
26.32		0.938146		
26.33		0.938167		
26.34		0.938187		
26.35		0.938207		
26.36		0.938227		
26.37		0.938247		
26.38		0.938267		
26.39		0.938287		
26.4		0.938307		
26.41		0.938327		
26.42		0.938347		
26.43		0.938367		
26.44		0.938387		
26.45		0.938407		
26.46		0.938427		
26.47		0.938447		
26.48		0.938467		
26.49		0.938487		
26.5		0.938507		
26.51		0.938527		
26.52		0.938547		
26.53		0.938567		
26.54		0.938587		
26.55		0.938607		
26.56		0.938626		
26.57		0.938646		
26.58		0.938666		
26.59		0.938686		
26.6		0.938706		
26.61		0.938726		
26.62		0.938745		
26.63		0.938765		
26.64		0.938785		
26.65		0.938805		
26.66		0.938824		
26.67		0.938844		
26.68		0.938864		
26.69		0.938883		
26.7		0.938903		
26.71		0.938923		
26.72		0.938943		
26.73		0.938962		
26.74		0.938982		
26.75		0.939001		
26.76		0.939021		
26.77		0.939041		
26.78		0.93906		
26.79		0.93908		
26.8		0.939099		
26.81		0.939119		
26.82		0.939139		
26.83		0.939158		
26.84		0.939178		
26.85		0.939197		
26.86		0.939217		
26.87		0.939236		
26.88		0.939256		
26.89		0.939275		
26.9		0.939295		
26.91		0.939314		
26.92		0.939333		
26.93		0.939353		
26.94		0.939372		
26.95		0.939392		
26.96		0.939411		
26.97		0.939431		
26.98		0.93945		
26.99		0.939469		
27		0.939489		
27.01		0.939508		
27.02		0.939527		
27.03		0.939547		
27.04		0.939566		
27.05		0.939585		
27.06		0.939604		
27.07		0.939624		
27.08		0.939643		
27.09		0.939662		
27.1		0.939681		
27.11		0.939701		
27.12		0.93972		
27.13		0.939739		
27.14		0.939758		
27.15		0.939777		
27.16		0.939797		
27.17		0.939816		
27.18		0.939835		
27.19		0.939854		
27.2		0.939873		
27.21		0.939892		
27.22		0.939911		
27.23		0.93993		
27.24		0.939949		
27.25		0.939969		
27.26		0.939988		
27.27		0.940007		
27.28		0.940026		
27.29		0.940045		
27.3		0.940064		
27.31		0.940083		
27.32		0.940102		
27.33		0.940121		
27.34		0.94014		
27.35		0.940159		
27.36		0.940177		
27.37		0.940196		
27.38		0.940215		
27.39		0.940234		
27.4		0.940253		
27.41		0.940272		
27.42		0.940291		
27.43		0.94031		
27.44		0.940329		
27.45		0.940347		
27.46		0.940366		
27.47		0.940385		
27.48		0.940404		
27.49		0.940423		
27.5		0.940441		
27.51		0.94046		
27.52		0.940479		
27.53		0.940498		
27.54		0.940517		
27.55		0.940535		
27.56		0.940554		
27.57		0.940573		
27.58		0.940591		
27.59		0.94061		
27.6		0.940629		
27.61		0.940647		
27.62		0.940666		
27.63		0.940685		
27.64		0.940703		
27.65		0.940722		
27.66		0.940741		
27.67		0.940759		
27.68		0.940778		
27.69		0.940796		
27.7		0.940815		
27.71		0.940834		
27.72		0.940852		
27.73		0.940871		
27.74		0.940889		
27.75		0.940908		
27.76		0.940926		
27.77		0.940945		
27.78		0.940963		
27.79		0.940982		
27.8		0.941		
27.81		0.941019		
27.82		0.941037		
27.83		0.941055		
27.84		0.941074		
27.85		0.941092		
27.86		0.941111		
27.87		0.941129		
27.88		0.941147		
27.89		0.941166		
27.9		0.941184		
27.91		0.941203		
27.92		0.941221		
27.93		0.941239		
27.94		0.941257		
27.95		0.941276		
27.96		0.941294		
27.97		0.941312		
27.98		0.941331		
27.99		0.941349		
28		0.941367		
28.01		0.941385		
28.02		0.941404		
28.03		0.941422		
28.04		0.94144		
28.05		0.941458		
28.06		0.941477		
28.07		0.941495		
28.08		0.941513		
28.09		0.941531		
28.1		0.941549		
28.11		0.941567		
28.12		0.941585		
28.13		0.941604		
28.14		0.941622		
28.15		0.94164		
28.16		0.941658		
28.17		0.941676		
28.18		0.941694		
28.19		0.941712		
28.2		0.94173		
28.21		0.941748		
28.22		0.941766		
28.23		0.941784		
28.24		0.941802		
28.25		0.94182		
28.26		0.941838		
28.27		0.941856		
28.28		0.941874		
28.29		0.941892		
28.3		0.94191		
28.31		0.941928		
28.32		0.941946		
28.33		0.941964		
28.34		0.941982		
28.35		0.942		
28.36		0.942018		
28.37		0.942036		
28.38		0.942053		
28.39		0.942071		
28.4		0.942089		
28.41		0.942107		
28.42		0.942125		
28.43		0.942143		
28.44		0.94216		
28.45		0.942178		
28.46		0.942196		
28.47		0.942214		
28.48		0.942232		
28.49		0.942249		
28.5		0.942267		
28.51		0.942285		
28.52		0.942303		
28.53		0.94232		
28.54		0.942338		
28.55		0.942356		
28.56		0.942373		
28.57		0.942391		
28.58		0.942409		
28.59		0.942426		
28.6		0.942444		
28.61		0.942462		
28.62		0.942479		
28.63		0.942497		
28.64		0.942515		
28.65		0.942532		
28.66		0.94255		
28.67		0.942567		
28.68		0.942585		
28.69		0.942603		
28.7		0.94262		
28.71		0.942638		
28.72		0.942655		
28.73		0.942673		
28.74		0.94269		
28.75		0.942708		
28.76		0.942725		
28.77		0.942743		
28.78		0.94276		
28.79		0.942778		
28.8		0.942795		
28.81		0.942813		
28.82		0.94283		
28.83		0.942847		
28.84		0.942865		
28.85		0.942882		
28.86		0.9429		
28.87		0.942917		
28.88		0.942934		
28.89		0.942952		
28.9		0.942969		
28.91		0.942987		
28.92		0.943004		
28.93		0.943021		
28.94		0.943039		
28.95		0.943056		
28.96		0.943073		
28.97		0.943091		
28.98		0.943108		
28.99		0.943125		
29		0.943142		
29.01		0.94316		
29.02		0.943177		
29.03		0.943194		
29.04		0.943211		
29.05		0.943229		
29.06		0.943246		
29.07		0.943263		
29.08		0.94328		
29.09		0.943298		
29.1		0.943315		
29.11		0.943332		
29.12		0.94335		
29.13		0.943367		
29.14		0.943385		
29.15		0.943402		
29.16		0.943419		
29.17		0.943437		
29.18		0.943454		
29.19		0.943472		
29.2		0.943489		
29.21		0.943507		
29.22		0.943524		
29.23		0.943542		
29.24		0.943559		
29.25		0.943577		
29.26		0.943594		
29.27		0.943612		
29.28		0.943629		
29.29		0.943647		
29.3		0.943665		
29.31		0.943682		
29.32		0.9437		
29.33		0.943717		
29.34		0.943735		
29.35		0.943753		
29.36		0.94377		
29.37		0.943788		
29.38		0.943806		
29.39		0.943823		
29.4		0.943841		
29.41		0.943859		
29.42		0.943876		
29.43		0.943894		
29.44		0.943912		
29.45		0.943929		
29.46		0.943947		
29.47		0.943965		
29.48		0.943983		
29.49		0.944		
29.5		0.944018		
29.51		0.944036		
29.52		0.944054		
29.53		0.944071		
29.54		0.944089		
29.55		0.944107		
29.56		0.944125		
29.57		0.944142		
29.58		0.94416		
29.59		0.944178		
29.6		0.944196		
29.61		0.944214		
29.62		0.944231		
29.63		0.944249		
29.64		0.944267		
29.65		0.944285		
29.66		0.944302		
29.67		0.94432		
29.68		0.944338		
29.69		0.944356		
29.7		0.944374		
29.71		0.944391		
29.72		0.944409		
29.73		0.944427		
29.74		0.944445		
29.75		0.944463		
29.76		0.94448		
29.77		0.944498		
29.78		0.944516		
29.79		0.944534		
29.8		0.944552		
29.81		0.944569		
29.82		0.944587		
29.83		0.944605		
29.84		0.944623		
29.85		0.94464		
29.86		0.944658		
29.87		0.944676		
29.88		0.944694		
29.89		0.944712		
29.9		0.944729		
29.91		0.944747		
29.92		0.944765		
29.93		0.944783		
29.94		0.9448		
29.95		0.944818		
29.96		0.944836		
29.97		0.944854		
29.98		0.944871		
29.99		0.944889		
30		0.944907		
30.01		0.944924		
30.02		0.944942		
30.03		0.94496		
30.04		0.944978		
30.05		0.944995		
30.06		0.945013		
30.07		0.945031		
30.08		0.945048		
30.09		0.945066		
30.1		0.945084		
30.11		0.945101		
30.12		0.945119		
30.13		0.945137		
30.14		0.945154		
30.15		0.945172		
30.16		0.94519		
30.17		0.945207		
30.18		0.945225		
30.19		0.945243		
30.2		0.94526		
30.21		0.945278		
30.22		0.945295		
30.23		0.945313		
30.24		0.945331		
30.25		0.945348		
30.26		0.945366		
30.27		0.945383		
30.28		0.945401		
30.29		0.945419		
30.3		0.945436		
30.31		0.945454		
30.32		0.945471		
30.33		0.945489		
30.34		0.945506		
30.35		0.945524		
30.36		0.945541		
30.37		0.945559		
30.38		0.945576		
30.39		0.945594		
30.4		0.945611		
30.41		0.945629		
30.42		0.945646		
30.43		0.945664		
30.44		0.945681		
30.45		0.945699		
30.46		0.945716		
30.47		0.945734		
30.48		0.945751		
30.49		0.945768		
30.5		0.945786		
30.51		0.945803		
30.52		0.945821		
30.53		0.945838		
30.54		0.945855		
30.55		0.945873		
30.56		0.94589		
30.57		0.945908		
30.58		0.945925		
30.59		0.945942		
30.6		0.94596		
30.61		0.945977		
30.62		0.945994		
30.63		0.946012		
30.64		0.946029		
30.65		0.946046		
30.66		0.946064		
30.67		0.946081		
30.68		0.946098		
30.69		0.946115		
30.7		0.946133		
30.71		0.94615		
30.72		0.946167		
30.73		0.946184		
30.74		0.946202		
30.75		0.946219		
30.76		0.946236		
30.77		0.946253		
30.78		0.946271		
30.79		0.946288		
30.8		0.946305		
30.81		0.946322		
30.82		0.946339		
30.83		0.946356		
30.84		0.946374		
30.85		0.946391		
30.86		0.946408		
30.87		0.946425		
30.88		0.946442		
30.89		0.946459		
30.9		0.946476		
30.91		0.946493		
30.92		0.946511		
30.93		0.946528		
30.94		0.946545		
30.95		0.946562		
30.96		0.946579		
30.97		0.946596		
30.98		0.946613		
30.99		0.94663		
31		0.946647		
31.01		0.946664		
31.02		0.946681		
31.03		0.946698		
31.04		0.946715		
31.05		0.946732		
31.06		0.946749		
31.07		0.946766		
31.08		0.946783		
31.09		0.9468		
31.1		0.946817		
31.11		0.946834		
31.12		0.946851		
31.13		0.946868		
31.14		0.946885		
31.15		0.946902		
31.16		0.946918		
31.17		0.946935		
31.18		0.946952		
31.19		0.946969		
31.2		0.946986		
31.21		0.947003		
31.22		0.94702		
31.23		0.947036		
31.24		0.947053		
31.25		0.94707		
31.26		0.947087		
31.27		0.947104		
31.28		0.947121		
31.29		0.947137		
31.3		0.947154		
31.31		0.947171		
31.32		0.947188		
31.33		0.947204		
31.34		0.947221		
31.35		0.947238		
31.36		0.947255		
31.37		0.947271		
31.38		0.947288		
31.39		0.947305		
31.4		0.947322		
31.41		0.947338		
31.42		0.947355		
31.43		0.947372		
31.44		0.947388		
31.45		0.947405		
31.46		0.947422		
31.47		0.947438		
31.48		0.947455		
31.49		0.947472		
31.5		0.947488		
31.51		0.947505		
31.52		0.947521		
31.53		0.947538		
31.54		0.947555		
31.55		0.947571		
31.56		0.947588		
31.57		0.947604		
31.58		0.947621		
31.59		0.947638		
31.6		0.947654		
31.61		0.947671		
31.62		0.947687		
31.63		0.947704		
31.64		0.94772		
31.65		0.947737		
31.66		0.947753		
31.67		0.94777		
31.68		0.947786		
31.69		0.947803		
31.7		0.947819		
31.71		0.947836		
31.72		0.947852		
31.73		0.947869		
31.74		0.947885		
31.75		0.947901		
31.76		0.947918		
31.77		0.947934		
31.78		0.947951		
31.79		0.947967		
31.8		0.947983		
31.81		0.948		
31.82		0.948016		
31.83		0.948033		
31.84		0.948049		
31.85		0.948065		
31.86		0.948082		
31.87		0.948098		
31.88		0.948114		
31.89		0.948131		
31.9		0.948147		
31.91		0.948163		
31.92		0.948179		
31.93		0.948196		
31.94		0.948212		
31.95		0.948228		
31.96		0.948245		
31.97		0.948261		
31.98		0.948277		
31.99		0.948293		
32		0.94831		
32.01		0.948326		
32.02		0.948342		
32.03		0.948358		
32.04		0.948374		
32.05		0.948391		
32.06		0.948407		
32.07		0.948423		
32.08		0.948439		
32.09		0.948455		
32.1		0.948471		
32.11		0.948488		
32.12		0.948504		
32.13		0.94852		
32.14		0.948536		
32.15		0.948552		
32.16		0.948568		
32.17		0.948584		
32.18		0.9486		
32.19		0.948616		
32.2		0.948632		
32.21		0.948649		
32.22		0.948665		
32.23		0.948681		
32.24		0.948697		
32.25		0.948713		
32.26		0.948729		
32.27		0.948745		
32.28		0.948761		
32.29		0.948777		
32.3		0.948793		
32.31		0.948809		
32.32		0.948825		
32.33		0.948841		
32.34		0.948857		
32.35		0.948873		
32.36		0.948889		
32.37		0.948904		
32.38		0.94892		
32.39		0.948936		
32.4		0.948952		
32.41		0.948968		
32.42		0.948984		
32.43		0.949		
32.44		0.949016		
32.45		0.949032		
32.46		0.949047		
32.47		0.949063		
32.48		0.949079		
32.49		0.949095		
32.5		0.949111		
32.51		0.949127		
32.52		0.949142		
32.53		0.949158		
32.54		0.949174		
32.55		0.94919		
32.56		0.949206		
32.57		0.949221		
32.58		0.949237		
32.59		0.949253		
32.6		0.949269		
32.61		0.949284		
32.62		0.9493		
32.63		0.949316		
32.64		0.949332		
32.65		0.949347		
32.66		0.949363		
32.67		0.949379		
32.68		0.949394		
32.69		0.94941		
32.7		0.949426		
32.71		0.949441		
32.72		0.949457		
32.73		0.949473		
32.74		0.949488		
32.75		0.949504		
32.76		0.94952		
32.77		0.949535		
32.78		0.949551		
32.79		0.949566		
32.8		0.949582		
32.81		0.949598		
32.82		0.949613		
32.83		0.949629		
32.84		0.949644		
32.85		0.94966		
32.86		0.949675		
32.87		0.949691		
32.88		0.949706		
32.89		0.949722		
32.9		0.949737		
32.91		0.949753		
32.92		0.949768		
32.93		0.949784		
32.94		0.949799		
32.95		0.949815		
32.96		0.94983		
32.97		0.949846		
32.98		0.949861		
32.99		0.949877		
33		0.949892		
33.01		0.949907		
33.02		0.949923		
33.03		0.949938		
33.04		0.949954		
33.05		0.949969		
33.06		0.949984		
33.07		0.95		
33.08		0.950015		
33.09		0.950031		
33.1		0.950046		
33.11		0.950061		
33.12		0.950077		
33.13		0.950092		
33.14		0.950107		
33.15		0.950122		
33.16		0.950138		
33.17		0.950153		
33.18		0.950168		
33.19		0.950184		
33.2		0.950199		
33.21		0.950214		
33.22		0.950229		
33.23		0.950245		
33.24		0.95026		
33.25		0.950275		
33.26		0.95029		
33.27		0.950305		
33.28		0.950321		
33.29		0.950336		
33.3		0.950351		
33.31		0.950366		
33.32		0.950381		
33.33		0.950396		
33.34		0.950412		
33.35		0.950427		
33.36		0.950442		
33.37		0.950457		
33.38		0.950472		
33.39		0.950487		
33.4		0.950502		
33.41		0.950517		
33.42		0.950532		
33.43		0.950548		
33.44		0.950563		
33.45		0.950578		
33.46		0.950593		
33.47		0.950608		
33.48		0.950623		
33.49		0.950638		
33.5		0.950653		
33.51		0.950668		
33.52		0.950683		
33.53		0.950698		
33.54		0.950713		
33.55		0.950728		
33.56		0.950743		
33.57		0.950758		
33.58		0.950773		
33.59		0.950787		
33.6		0.950802		
33.61		0.950817		
33.62		0.950832		
33.63		0.950847		
33.64		0.950862		
33.65		0.950877		
33.66		0.950892		
33.67		0.950907		
33.68		0.950922		
33.69		0.950936		
33.7		0.950951		
33.71		0.950966		
33.72		0.950981		
33.73		0.950996		
33.74		0.951011		
33.75		0.951025		
33.76		0.95104		
33.77		0.951055		
33.78		0.95107		
33.79		0.951084		
33.8		0.951099		
33.81		0.951114		
33.82		0.951129		
33.83		0.951143		
33.84		0.951158		
33.85		0.951173		
33.86		0.951188		
33.87		0.951202		
33.88		0.951217		
33.89		0.951232		
33.9		0.951246		
33.91		0.951261		
33.92		0.951276		
33.93		0.95129		
33.94		0.951305		
33.95		0.95132		
33.96		0.951334		
33.97		0.951349		
33.98		0.951363		
33.99		0.951378		
34		0.951393		
34.01		0.951407		
34.02		0.951422		
34.03		0.951436		
34.04		0.951451		
34.05		0.951465		
34.06		0.95148		
34.07		0.951494		
34.08		0.951509		
34.09		0.951523		
34.1		0.951538		
34.11		0.951552		
34.12		0.951567		
34.13		0.951581		
34.14		0.951596		
34.15		0.95161		
34.16		0.951625		
34.17		0.951639		
34.18		0.951654		
34.19		0.951668		
34.2		0.951683		
34.21		0.951697		
34.22		0.951711		
34.23		0.951726		
34.24		0.95174		
34.25		0.951755		
34.26		0.951769		
34.27		0.951783		
34.28		0.951798		
34.29		0.951812		
34.3		0.951826		
34.31		0.951841		
34.32		0.951855		
34.33		0.951869		
34.34		0.951884		
34.35		0.951898		
34.36		0.951912		
34.37		0.951926		
34.38		0.951941		
34.39		0.951955		
34.4		0.951969		
34.41		0.951983		
34.42		0.951998		
34.43		0.952012		
34.44		0.952026		
34.45		0.95204		
34.46		0.952054		
34.47		0.952069		
34.48		0.952083		
34.49		0.952097		
34.5		0.952111		
34.51		0.952125		
34.52		0.952139		
34.53		0.952154		
34.54		0.952168		
34.55		0.952182		
34.56		0.952196		
34.57		0.95221		
34.58		0.952224		
34.59		0.952238		
34.6		0.952252		
34.61		0.952266		
34.62		0.95228		
34.63		0.952294		
34.64		0.952309		
34.65		0.952323		
34.66		0.952337		
34.67		0.952351		
34.68		0.952365		
34.69		0.952379		
34.7		0.952393		
34.71		0.952407		
34.72		0.952421		
34.73		0.952435		
34.74		0.952448		
34.75		0.952462		
34.76		0.952476		
34.77		0.95249		
34.78		0.952504		
34.79		0.952518		
34.8		0.952532		
34.81		0.952546		
34.82		0.95256		
34.83		0.952574		
34.84		0.952588		
34.85		0.952601		
34.86		0.952615		
34.87		0.952629		
34.88		0.952643		
34.89		0.952657		
34.9		0.952671		
34.91		0.952684		
34.92		0.952698		
34.93		0.952712		
34.94		0.952726		
34.95		0.95274		
34.96		0.952753		
34.97		0.952767		
34.98		0.952781		
34.99		0.952795		
35		0.952808		
35.01		0.952822		
35.02		0.952836		
35.03		0.95285		
35.04		0.952863		
35.05		0.952877		
35.06		0.952891		
35.07		0.952904		
35.08		0.952918		
35.09		0.952932		
35.1		0.952945		
35.11		0.952959		
35.12		0.952973		
35.13		0.952986		
35.14		0.953		
35.15		0.953013		
35.16		0.953027		
35.17		0.953041		
35.18		0.953054		
35.19		0.953068		
35.2		0.953081		
35.21		0.953095		
35.22		0.953108		
35.23		0.953122		
35.24		0.953136		
35.25		0.953149		
35.26		0.953163		
35.27		0.953176		
35.28		0.95319		
35.29		0.953203		
35.3		0.953217		
35.31		0.95323		
35.32		0.953244		
35.33		0.953257		
35.34		0.95327		
35.35		0.953284		
35.36		0.953297		
35.37		0.953311		
35.38		0.953324		
35.39		0.953338		
35.4		0.953351		
35.41		0.953364		
35.42		0.953378		
35.43		0.953391		
35.44		0.953404		
35.45		0.953418		
35.46		0.953431		
35.47		0.953445		
35.48		0.953458		
35.49		0.953471		
35.5		0.953484		
35.51		0.953498		
35.52		0.953511		
35.53		0.953524		
35.54		0.953538		
35.55		0.953551		
35.56		0.953564		
35.57		0.953577		
35.58		0.953591		
35.59		0.953604		
35.6		0.953617		
35.61		0.95363		
35.62		0.953644		
35.63		0.953657		
35.64		0.95367		
35.65		0.953683		
35.66		0.953696		
35.67		0.95371		
35.68		0.953723		
35.69		0.953736		
35.7		0.953749		
35.71		0.953762		
35.72		0.953775		
35.73		0.953788		
35.74		0.953802		
35.75		0.953815		
35.76		0.953828		
35.77		0.953841		
35.78		0.953854		
35.79		0.953867		
35.8		0.95388		
35.81		0.953893		
35.82		0.953906		
35.83		0.953919		
35.84		0.953932		
35.85		0.953945		
35.86		0.953958		
35.87		0.953971		
35.88		0.953984		
35.89		0.953997		
35.9		0.95401		
35.91		0.954023		
35.92		0.954036		
35.93		0.954049		
35.94		0.954062		
35.95		0.954075		
35.96		0.954088		
35.97		0.954101		
35.98		0.954114		
35.99		0.954127		
36		0.95414		
36.01		0.954153		
36.02		0.954165		
36.03		0.954178		
36.04		0.954191		
36.05		0.954204		
36.06		0.954217		
36.07		0.95423		
36.08		0.954243		
36.09		0.954255		
36.1		0.954268		
36.11		0.954281		
36.12		0.954294		
36.13		0.954307		
36.14		0.954319		
36.15		0.954332		
36.16		0.954345		
36.17		0.954358		
36.18		0.954371		
36.19		0.954383		
36.2		0.954396		
36.21		0.954409		
36.22		0.954422		
36.23		0.954434		
36.24		0.954447		
36.25		0.95446		
36.26		0.954472		
36.27		0.954485		
36.28		0.954498		
36.29		0.95451		
36.3		0.954523		
36.31		0.954536		
36.32		0.954548		
36.33		0.954561		
36.34		0.954574		
36.35		0.954586		
36.36		0.954599		
36.37		0.954611		
36.38		0.954624		
36.39		0.954637		
36.4		0.954649		
36.41		0.954662		
36.42		0.954674		
36.43		0.954687		
36.44		0.954699		
36.45		0.954712		
36.46		0.954725		
36.47		0.954737		
36.48		0.95475		
36.49		0.954762		
36.5		0.954775		
36.51		0.954787		
36.52		0.9548		
36.53		0.954812		
36.54		0.954825		
36.55		0.954837		
36.56		0.954849		
36.57		0.954862		
36.58		0.954874		
36.59		0.954887		
36.6		0.954899		
36.61		0.954912		
36.62		0.954924		
36.63		0.954936		
36.64		0.954949		
36.65		0.954961		
36.66		0.954974		
36.67		0.954986		
36.68		0.954998		
36.69		0.955011		
36.7		0.955023		
36.71		0.955035		
36.72		0.955048		
36.73		0.95506		
36.74		0.955072		
36.75		0.955085		
36.76		0.955097		
36.77		0.955109		
36.78		0.955122		
36.79		0.955134		
36.8		0.955146		
36.81		0.955158		
36.82		0.955171		
36.83		0.955183		
36.84		0.955195		
36.85		0.955207		
36.86		0.95522		
36.87		0.955232		
36.88		0.955244		
36.89		0.955256		
36.9		0.955268		
36.91		0.955281		
36.92		0.955293		
36.93		0.955305		
36.94		0.955317		
36.95		0.955329		
36.96		0.955342		
36.97		0.955354		
36.98		0.955366		
36.99		0.955378		
37		0.95539		
37.01		0.955402		
37.02		0.955414		
37.03		0.955426		
37.04		0.955438		
37.05		0.955451		
37.06		0.955463		
37.07		0.955475		
37.08		0.955487		
37.09		0.955499		
37.1		0.955511		
37.11		0.955523		
37.12		0.955535		
37.13		0.955547		
37.14		0.955559		
37.15		0.955571		
37.16		0.955583		
37.17		0.955595		
37.18		0.955607		
37.19		0.955619		
37.2		0.955631		
37.21		0.955643		
37.22		0.955655		
37.23		0.955667		
37.24		0.955679		
37.25		0.955691		
37.26		0.955703		
37.27		0.955715		
37.28		0.955726		
37.29		0.955738		
37.3		0.95575		
37.31		0.955762		
37.32		0.955774		
37.33		0.955786		
37.34		0.955798		
37.35		0.95581		
37.36		0.955822		
37.37		0.955833		
37.38		0.955845		
37.39		0.955857		
37.4		0.955869		
37.41		0.955881		
37.42		0.955893		
37.43		0.955904		
37.44		0.955916		
37.45		0.955928		
37.46		0.95594		
37.47		0.955952		
37.48		0.955963		
37.49		0.955975		
37.5		0.955987		
37.51		0.955999		
37.52		0.95601		
37.53		0.956022		
37.54		0.956034		
37.55		0.956046		
37.56		0.956057		
37.57		0.956069		
37.58		0.956081		
37.59		0.956092		
37.6		0.956104		
37.61		0.956116		
37.62		0.956127		
37.63		0.956139		
37.64		0.956151		
37.65		0.956162		
37.66		0.956174		
37.67		0.956186		
37.68		0.956197		
37.69		0.956209		
37.7		0.956221		
37.71		0.956232		
37.72		0.956244		
37.73		0.956255		
37.74		0.956267		
37.75		0.956279		
37.76		0.95629		
37.77		0.956302		
37.78		0.956313		
37.79		0.956325		
37.8		0.956336		
37.81		0.956348		
37.82		0.956359		
37.83		0.956371		
37.84		0.956383		
37.85		0.956394		
37.86		0.956406		
37.87		0.956417		
37.88		0.956429		
37.89		0.95644		
37.9		0.956452		
37.91		0.956463		
37.92		0.956474		
37.93		0.956486		
37.94		0.956497		
37.95		0.956509		
37.96		0.95652		
37.97		0.956532		
37.98		0.956543		
37.99		0.956555		
38		0.956566		
38.01		0.956577		
38.02		0.956589		
38.03		0.9566		
38.04		0.956612		
38.05		0.956623		
38.06		0.956634		
38.07		0.956646		
38.08		0.956657		
38.09		0.956668		
38.1		0.95668		
38.11		0.956691		
38.12		0.956702		
38.13		0.956714		
38.14		0.956725		
38.15		0.956736		
38.16		0.956748		
38.17		0.956759		
38.18		0.95677		
38.19		0.956782		
38.2		0.956793		
38.21		0.956804		
38.22		0.956815		
38.23		0.956827		
38.24		0.956838		
38.25		0.956849		
38.26		0.95686		
38.27		0.956872		
38.28		0.956883		
38.29		0.956894		
38.3		0.956905		
38.31		0.956917		
38.32		0.956928		
38.33		0.956939		
38.34		0.95695		
38.35		0.956961		
38.36		0.956973		
38.37		0.956984		
38.38		0.956995		
38.39		0.957006		
38.4		0.957017		
38.41		0.957028		
38.42		0.95704		
38.43		0.957051		
38.44		0.957062		
38.45		0.957073		
38.46		0.957084		
38.47		0.957095		
38.48		0.957106		
38.49		0.957117		
38.5		0.957128		
38.51		0.95714		
38.52		0.957151		
38.53		0.957162		
38.54		0.957173		
38.55		0.957184		
38.56		0.957195		
38.57		0.957206		
38.58		0.957217		
38.59		0.957228		
38.6		0.957239		
38.61		0.95725		
38.62		0.957261		
38.63		0.957272		
38.64		0.957283		
38.65		0.957294		
38.66		0.957305		
38.67		0.957316		
38.68		0.957327		
38.69		0.957338		
38.7		0.957349		
38.71		0.95736		
38.72		0.957371		
38.73		0.957382		
38.74		0.957393		
38.75		0.957404		
38.76		0.957415		
38.77		0.957426		
38.78		0.957437		
38.79		0.957447		
38.8		0.957458		
38.81		0.957469		
38.82		0.95748		
38.83		0.957491		
38.84		0.957502		
38.85		0.957513		
38.86		0.957524		
38.87		0.957535		
38.88		0.957545		
38.89		0.957556		
38.9		0.957567		
38.91		0.957578		
38.92		0.957589		
38.93		0.9576		
38.94		0.95761		
38.95		0.957621		
38.96		0.957632		
38.97		0.957643		
38.98		0.957654		
38.99		0.957665		
39		0.957675		
39.01		0.957686		
39.02		0.957697		
39.03		0.957708		
39.04		0.957718		
39.05		0.957729		
39.06		0.95774		
39.07		0.957751		
39.08		0.957761		
39.09		0.957772		
39.1		0.957783		
39.11		0.957794		
39.12		0.957804		
39.13		0.957815		
39.14		0.957826		
39.15		0.957836		
39.16		0.957847		
39.17		0.957858		
39.18		0.957869		
39.19		0.957879		
39.2		0.95789		
39.21		0.957901		
39.22		0.957911		
39.23		0.957922		
39.24		0.957933		
39.25		0.957943		
39.26		0.957954		
39.27		0.957964		
39.28		0.957975		
39.29		0.957986		
39.3		0.957996		
39.31		0.958007		
39.32		0.958018		
39.33		0.958028		
39.34		0.958039		
39.35		0.958049		
39.36		0.95806		
39.37		0.958071		
39.38		0.958081		
39.39		0.958092		
39.4		0.958102		
39.41		0.958113		
39.42		0.958123		
39.43		0.958134		
39.44		0.958144		
39.45		0.958155		
39.46		0.958165		
39.47		0.958176		
39.48		0.958187		
39.49		0.958197		
39.5		0.958208		
39.51		0.958218		
39.52		0.958229		
39.53		0.958239		
39.54		0.95825		
39.55		0.95826		
39.56		0.95827		
39.57		0.958281		
39.58		0.958291		
39.59		0.958302		
39.6		0.958312		
39.61		0.958323		
39.62		0.958333		
39.63		0.958344		
39.64		0.958354		
39.65		0.958364		
39.66		0.958375		
39.67		0.958385		
39.68		0.958396		
39.69		0.958406		
39.7		0.958417		
39.71		0.958427		
39.72		0.958437		
39.73		0.958448		
39.74		0.958458		
39.75		0.958468		
39.76		0.958479		
39.77		0.958489		
39.78		0.9585		
39.79		0.95851		
39.8		0.95852		
39.81		0.958531		
39.82		0.958541		
39.83		0.958551		
39.84		0.958562		
39.85		0.958572		
39.86		0.958582		
39.87		0.958592		
39.88		0.958603		
39.89		0.958613		
39.9		0.958623		
39.91		0.958634		
39.92		0.958644		
39.93		0.958654		
39.94		0.958665		
39.95		0.958675		
39.96		0.958685		
39.97		0.958695		
39.98		0.958706		
39.99		0.958716		
40		0.958726		
40.01		0.958736		
40.02		0.958746		
40.03		0.958757		
40.04		0.958767		
40.05		0.958777		
40.06		0.958787		
40.07		0.958798		
40.08		0.958808		
40.09		0.958818		
40.1		0.958828		
40.11		0.958838		
40.12		0.958849		
40.13		0.958859		
40.14		0.958869		
40.15		0.958879		
40.16		0.958889		
40.17		0.958899		
40.18		0.958909		
40.19		0.95892		
40.2		0.95893		
40.21		0.95894		
40.22		0.95895		
40.23		0.95896		
40.24		0.95897		
40.25		0.95898		
40.26		0.958991		
40.27		0.959001		
40.28		0.959011		
40.29		0.959021		
40.3		0.959031		
40.31		0.959041		
40.32		0.959051		
40.33		0.959061		
40.34		0.959071		
40.35		0.959081		
40.36		0.959091		
40.37		0.959101		
40.38		0.959111		
40.39		0.959121		
40.4		0.959132		
40.41		0.959142		
40.42		0.959152		
40.43		0.959162		
40.44		0.959172		
40.45		0.959182		
40.46		0.959192		
40.47		0.959202		
40.48		0.959212		
40.49		0.959222		
40.5		0.959232		
40.51		0.959242		
40.52		0.959252		
40.53		0.959262		
40.54		0.959272		
40.55		0.959282		
40.56		0.959291		
40.57		0.959301		
40.58		0.959311		
40.59		0.959321		
40.6		0.959331		
40.61		0.959341		
40.62		0.959351		
40.63		0.959361		
40.64		0.959371		
40.65		0.959381		
40.66		0.959391		
40.67		0.959401		
40.68		0.959411		
40.69		0.959421		
40.7		0.95943		
40.71		0.95944		
40.72		0.95945		
40.73		0.95946		
40.74		0.95947		
40.75		0.95948		
40.76		0.95949		
40.77		0.9595		
40.78		0.959509		
40.79		0.959519		
40.8		0.959529		
40.81		0.959539		
40.82		0.959549		
40.83		0.959559		
40.84		0.959569		
40.85		0.959578		
40.86		0.959588		
40.87		0.959598		
40.88		0.959608		
40.89		0.959618		
40.9		0.959627		
40.91		0.959637		
40.92		0.959647		
40.93		0.959657		
40.94		0.959667		
40.95		0.959676		
40.96		0.959686		
40.97		0.959696		
40.98		0.959706		
40.99		0.959715		
41		0.959725		
41.01		0.959735		
41.02		0.959745		
41.03		0.959754		
41.04		0.959764		
41.05		0.959774		
41.06		0.959784		
41.07		0.959793		
41.08		0.959803		
41.09		0.959813		
41.1		0.959822		
41.11		0.959832		
41.12		0.959842		
41.13		0.959852		
41.14		0.959861		
41.15		0.959871		
41.16		0.959881		
41.17		0.95989		
41.18		0.9599		
41.19		0.95991		
41.2		0.959919		
41.21		0.959929		
41.22		0.959939		
41.23		0.959948		
41.24		0.959958		
41.25		0.959968		
41.26		0.959977		
41.27		0.959987		
41.28		0.959997		
41.29		0.960006		
41.3		0.960016		
41.31		0.960025		
41.32		0.960035		
41.33		0.960045		
41.34		0.960054		
41.35		0.960064		
41.36		0.960073		
41.37		0.960083		
41.38		0.960093		
41.39		0.960102		
41.4		0.960112		
41.41		0.960121		
41.42		0.960131		
41.43		0.96014		
41.44		0.96015		
41.45		0.96016		
41.46		0.960169		
41.47		0.960179		
41.48		0.960188		
41.49		0.960198		
41.5		0.960207		
41.51		0.960217		
41.52		0.960226		
41.53		0.960236		
41.54		0.960245		
41.55		0.960255		
41.56		0.960264		
41.57		0.960274		
41.58		0.960283		
41.59		0.960293		
41.6		0.960302		
41.61		0.960312		
41.62		0.960321		
41.63		0.960331		
41.64		0.96034		
41.65		0.96035		
41.66		0.960359		
41.67		0.960369		
41.68		0.960378		
41.69		0.960388		
41.7		0.960397		
41.71		0.960406		
41.72		0.960416		
41.73		0.960425		
41.74		0.960435		
41.75		0.960444		
41.76		0.960454		
41.77		0.960463		
41.78		0.960472		
41.79		0.960482		
41.8		0.960491		
41.81		0.960501		
41.82		0.96051		
41.83		0.960519		
41.84		0.960529		
41.85		0.960538		
41.86		0.960548		
41.87		0.960557		
41.88		0.960566		
41.89		0.960576		
41.9		0.960585		
41.91		0.960594		
41.92		0.960604		
41.93		0.960613		
41.94		0.960623		
41.95		0.960632		
41.96		0.960641		
41.97		0.960651		
41.98		0.96066		
41.99		0.960669		
42		0.960679		
42.01		0.960688		
42.02		0.960697		
42.03		0.960707		
42.04		0.960716		
42.05		0.960725		
42.06		0.960734		
42.07		0.960744		
42.08		0.960753		
42.09		0.960762		
42.1		0.960772		
42.11		0.960781		
42.12		0.96079		
42.13		0.960799		
42.14		0.960809		
42.15		0.960818		
42.16		0.960827		
42.17		0.960836		
42.18		0.960846		
42.19		0.960855		
42.2		0.960864		
42.21		0.960873		
42.22		0.960883		
42.23		0.960892		
42.24		0.960901		
42.25		0.96091		
42.26		0.96092		
42.27		0.960929		
42.28		0.960938		
42.29		0.960947		
42.3		0.960956		
42.31		0.960966		
42.32		0.960975		
42.33		0.960984		
42.34		0.960993		
42.35		0.961002		
42.36		0.961011		
42.37		0.961021		
42.38		0.96103		
42.39		0.961039		
42.4		0.961048		
42.41		0.961057		
42.42		0.961066		
42.43		0.961076		
42.44		0.961085		
42.45		0.961094		
42.46		0.961103		
42.47		0.961112		
42.48		0.961121		
42.49		0.96113		
42.5		0.96114		
42.51		0.961149		
42.52		0.961158		
42.53		0.961167		
42.54		0.961176		
42.55		0.961185		
42.56		0.961194		
42.57		0.961203		
42.58		0.961212		
42.59		0.961222		
42.6		0.961231		
42.61		0.96124		
42.62		0.961249		
42.63		0.961258		
42.64		0.961267		
42.65		0.961276		
42.66		0.961285		
42.67		0.961294		
42.68		0.961303		
42.69		0.961312		
42.7		0.961321		
42.71		0.96133		
42.72		0.961339		
42.73		0.961348		
42.74		0.961357		
42.75		0.961366		
42.76		0.961375		
42.77		0.961384		
42.78		0.961393		
42.79		0.961402		
42.8		0.961411		
42.81		0.96142		
42.82		0.961429		
42.83		0.961438		
42.84		0.961447		
42.85		0.961456		
42.86		0.961465		
42.87		0.961474		
42.88		0.961483		
42.89		0.961492		
42.9		0.961501		
42.91		0.96151		
42.92		0.961519		
42.93		0.961528		
42.94		0.961537		
42.95		0.961546		
42.96		0.961555		
42.97		0.961564		
42.98		0.961573		
42.99		0.961582		
43		0.961591		
43.01		0.9616		
43.02		0.961609		
43.03		0.961618		
43.04		0.961626		
43.05		0.961635		
43.06		0.961644		
43.07		0.961653		
43.08		0.961662		
43.09		0.961671		
43.1		0.96168		
43.11		0.961689		
43.12		0.961698		
43.13		0.961707		
43.14		0.961715		
43.15		0.961724		
43.16		0.961733		
43.17		0.961742		
43.18		0.961751		
43.19		0.96176		
43.2		0.961769		
43.21		0.961778		
43.22		0.961786		
43.23		0.961795		
43.24		0.961804		
43.25		0.961813		
43.26		0.961822		
43.27		0.961831		
43.28		0.961839		
43.29		0.961848		
43.3		0.961857		
43.31		0.961866		
43.32		0.961875		
43.33		0.961883		
43.34		0.961892		
43.35		0.961901		
43.36		0.96191		
43.37		0.961919		
43.38		0.961927		
43.39		0.961936		
43.4		0.961945		
43.41		0.961954		
43.42		0.961963		
43.43		0.961971		
43.44		0.96198		
43.45		0.961989		
43.46		0.961998		
43.47		0.962006		
43.48		0.962015		
43.49		0.962024		
43.5		0.962033		
43.51		0.962041		
43.52		0.96205		
43.53		0.962059		
43.54		0.962068		
43.55		0.962076		
43.56		0.962085		
43.57		0.962094		
43.58		0.962103		
43.59		0.962111		
43.6		0.96212		
43.61		0.962129		
43.62		0.962137		
43.63		0.962146		
43.64		0.962155		
43.65		0.962163		
43.66		0.962172		
43.67		0.962181		
43.68		0.962189		
43.69		0.962198		
43.7		0.962207		
43.71		0.962216		
43.72		0.962224		
43.73		0.962233		
43.74		0.962242		
43.75		0.96225		
43.76		0.962259		
43.77		0.962267		
43.78		0.962276		
43.79		0.962285		
43.8		0.962293		
43.81		0.962302		
43.82		0.962311		
43.83		0.962319		
43.84		0.962328		
43.85		0.962337		
43.86		0.962345		
43.87		0.962354		
43.88		0.962362		
43.89		0.962371		
43.9		0.96238		
43.91		0.962388		
43.92		0.962397		
43.93		0.962405		
43.94		0.962414		
43.95		0.962423		
43.96		0.962431		
43.97		0.96244		
43.98		0.962448		
43.99		0.962457		
44		0.962465		
44.01		0.962474		
44.02		0.962483		
44.03		0.962491		
44.04		0.9625		
44.05		0.962508		
44.06		0.962517		
44.07		0.962525		
44.08		0.962534		
44.09		0.962542		
44.1		0.962551		
44.11		0.96256		
44.12		0.962568		
44.13		0.962577		
44.14		0.962585		
44.15		0.962594		
44.16		0.962602		
44.17		0.962611		
44.18		0.962619		
44.19		0.962628		
44.2		0.962636		
44.21		0.962645		
44.22		0.962653		
44.23		0.962662		
44.24		0.96267		
44.25		0.962679		
44.26		0.962687		
44.27		0.962696		
44.28		0.962704		
44.29		0.962713		
44.3		0.962721		
44.31		0.962729		
44.32		0.962738		
44.33		0.962746		
44.34		0.962755		
44.35		0.962763		
44.36		0.962772		
44.37		0.96278		
44.38		0.962789		
44.39		0.962797		
44.4		0.962805		
44.41		0.962814		
44.42		0.962822		
44.43		0.962831		
44.44		0.962839		
44.45		0.962848		
44.46		0.962856		
44.47		0.962864		
44.48		0.962873		
44.49		0.962881		
44.5		0.96289		
44.51		0.962898		
44.52		0.962906		
44.53		0.962915		
44.54		0.962923		
44.55		0.962932		
44.56		0.96294		
44.57		0.962948		
44.58		0.962957		
44.59		0.962965		
44.6		0.962973		
44.61		0.962982		
44.62		0.96299		
44.63		0.962999		
44.64		0.963007		
44.65		0.963015		
44.66		0.963024		
44.67		0.963032		
44.68		0.96304		
44.69		0.963049		
44.7		0.963057		
44.71		0.963065		
44.72		0.963074		
44.73		0.963082		
44.74		0.96309		
44.75		0.963099		
44.76		0.963107		
44.77		0.963115		
44.78		0.963124		
44.79		0.963132		
44.8		0.96314		
44.81		0.963148		
44.82		0.963157		
44.83		0.963165		
44.84		0.963173		
44.85		0.963182		
44.86		0.96319		
44.87		0.963198		
44.88		0.963206		
44.89		0.963215		
44.9		0.963223		
44.91		0.963231		
44.92		0.963239		
44.93		0.963248		
44.94		0.963256		
44.95		0.963264		
44.96		0.963272		
44.97		0.963281		
44.98		0.963289		
44.99		0.963297		
45		0.963305		
45.01		0.963314		
45.02		0.963322		
45.03		0.96333		
45.04		0.963338		
45.05		0.963347		
45.06		0.963355		
45.07		0.963363		
45.08		0.963371		
45.09		0.963379		
45.1		0.963388		
45.11		0.963396		
45.12		0.963404		
45.13		0.963412		
45.14		0.96342		
45.15		0.963429		
45.16		0.963437		
45.17		0.963445		
45.18		0.963453		
45.19		0.963461		
45.2		0.963469		
45.21		0.963478		
45.22		0.963486		
45.23		0.963494		
45.24		0.963502		
45.25		0.96351		
45.26		0.963518		
45.27		0.963527		
45.28		0.963535		
45.29		0.963543		
45.3		0.963551		
45.31		0.963559		
45.32		0.963567		
45.33		0.963575		
45.34		0.963584		
45.35		0.963592		
45.36		0.9636		
45.37		0.963608		
45.38		0.963616		
45.39		0.963624		
45.4		0.963632		
45.41		0.96364		
45.42		0.963648		
45.43		0.963657		
45.44		0.963665		
45.45		0.963673		
45.46		0.963681		
45.47		0.963689		
45.48		0.963697		
45.49		0.963705		
45.5		0.963713		
45.51		0.963721		
45.52		0.963729		
45.53		0.963737		
45.54		0.963745		
45.55		0.963753		
45.56		0.963761		
45.57		0.96377		
45.58		0.963778		
45.59		0.963786		
45.6		0.963794		
45.61		0.963802		
45.62		0.96381		
45.63		0.963818		
45.64		0.963826		
45.65		0.963834		
45.66		0.963842		
45.67		0.96385		
45.68		0.963858		
45.69		0.963866		
45.7		0.963874		
45.71		0.963882		
45.72		0.96389		
45.73		0.963898		
45.74		0.963906		
45.75		0.963914		
45.76		0.963922		
45.77		0.96393		
45.78		0.963938		
45.79		0.963946		
45.8		0.963954		
45.81		0.963962		
45.82		0.96397		
45.83		0.963978		
45.84		0.963986		
45.85		0.963994		
45.86		0.964002		
45.87		0.96401		
45.88		0.964018		
45.89		0.964026		
45.9		0.964034		
45.91		0.964042		
45.92		0.964049		
45.93		0.964057		
45.94		0.964065		
45.95		0.964073		
45.96		0.964081		
45.97		0.964089		
45.98		0.964097		
45.99		0.964105		
46		0.964113		
46.01		0.964121		
46.02		0.964129		
46.03		0.964137		
46.04		0.964145		
46.05		0.964152		
46.06		0.96416		
46.07		0.964168		
46.08		0.964176		
46.09		0.964184		
46.1		0.964192		
46.11		0.9642		
46.12		0.964208		
46.13		0.964216		
46.14		0.964223		
46.15		0.964231		
46.16		0.964239		
46.17		0.964247		
46.18		0.964255		
46.19		0.964263		
46.2		0.964271		
46.21		0.964279		
46.22		0.964286		
46.23		0.964294		
46.24		0.964302		
46.25		0.96431		
46.26		0.964318		
46.27		0.964326		
46.28		0.964333		
46.29		0.964341		
46.3		0.964349		
46.31		0.964357		
46.32		0.964365		
46.33		0.964373		
46.34		0.96438		
46.35		0.964388		
46.36		0.964396		
46.37		0.964404		
46.38		0.964412		
46.39		0.964419		
46.4		0.964427		
46.41		0.964435		
46.42		0.964443		
46.43		0.964451		
46.44		0.964458		
46.45		0.964466		
46.46		0.964474		
46.47		0.964482		
46.48		0.96449		
46.49		0.964497		
46.5		0.964505		
46.51		0.964513		
46.52		0.964521		
46.53		0.964528		
46.54		0.964536		
46.55		0.964544		
46.56		0.964552		
46.57		0.964559		
46.58		0.964567		
46.59		0.964575		
46.6		0.964583		
46.61		0.96459		
46.62		0.964598		
46.63		0.964606		
46.64		0.964614		
46.65		0.964621		
46.66		0.964629		
46.67		0.964637		
46.68		0.964644		
46.69		0.964652		
46.7		0.96466		
46.71		0.964668		
46.72		0.964675		
46.73		0.964683		
46.74		0.964691		
46.75		0.964698		
46.76		0.964706		
46.77		0.964714		
46.78		0.964721		
46.79		0.964729		
46.8		0.964737		
46.81		0.964745		
46.82		0.964752		
46.83		0.96476		
46.84		0.964768		
46.85		0.964775		
46.86		0.964783		
46.87		0.964791		
46.88		0.964798		
46.89		0.964806		
46.9		0.964814		
46.91		0.964821		
46.92		0.964829		
46.93		0.964836		
46.94		0.964844		
46.95		0.964852		
46.96		0.964859		
46.97		0.964867		
46.98		0.964875		
46.99		0.964882		
47		0.96489		
47.01		0.964898		
47.02		0.964905		
47.03		0.964913		
47.04		0.96492		
47.05		0.964928		
47.06		0.964936		
47.07		0.964943		
47.08		0.964951		
47.09		0.964958		
47.1		0.964966		
47.11		0.964974		
47.12		0.964981		
47.13		0.964989		
47.14		0.964996		
47.15		0.965004		
47.16		0.965011		
47.17		0.965019		
47.18		0.965027		
47.19		0.965034		
47.2		0.965042		
47.21		0.965049		
47.22		0.965057		
47.23		0.965064		
47.24		0.965072		
47.25		0.96508		
47.26		0.965087		
47.27		0.965095		
47.28		0.965102		
47.29		0.96511		
47.3		0.965117		
47.31		0.965125		
47.32		0.965132		
47.33		0.96514		
47.34		0.965147		
47.35		0.965155		
47.36		0.965162		
47.37		0.96517		
47.38		0.965178		
47.39		0.965185		
47.4		0.965193		
47.41		0.9652		
47.42		0.965208		
47.43		0.965215		
47.44		0.965223		
47.45		0.96523		
47.46		0.965238		
47.47		0.965245		
47.48		0.965253		
47.49		0.96526		
47.5		0.965267		
47.51		0.965275		
47.52		0.965282		
47.53		0.96529		
47.54		0.965297		
47.55		0.965305		
47.56		0.965312		
47.57		0.96532		
47.58		0.965327		
47.59		0.965335		
47.6		0.965342		
47.61		0.96535		
47.62		0.965357		
47.63		0.965365		
47.64		0.965372		
47.65		0.965379		
47.66		0.965387		
47.67		0.965394		
47.68		0.965402		
47.69		0.965409		
47.7		0.965417		
47.71		0.965424		
47.72		0.965431		
47.73		0.965439		
47.74		0.965446		
47.75		0.965454		
47.76		0.965461		
47.77		0.965468		
47.78		0.965476		
47.79		0.965483		
47.8		0.965491		
47.81		0.965498		
47.82		0.965505		
47.83		0.965513		
47.84		0.96552		
47.85		0.965528		
47.86		0.965535		
47.87		0.965542		
47.88		0.96555		
47.89		0.965557		
47.9		0.965565		
47.91		0.965572		
47.92		0.965579		
47.93		0.965587		
47.94		0.965594		
47.95		0.965601		
47.96		0.965609		
47.97		0.965616		
47.98		0.965623		
47.99		0.965631		
48		0.965638		
48.01		0.965645		
48.02		0.965653		
48.03		0.96566		
48.04		0.965667		
48.05		0.965675		
48.06		0.965682		
48.07		0.965689		
48.08		0.965697		
48.09		0.965704		
48.1		0.965711		
48.11		0.965719		
48.12		0.965726		
48.13		0.965733		
48.14		0.965741		
48.15		0.965748		
48.16		0.965755		
48.17		0.965763		
48.18		0.96577		
48.19		0.965777		
48.2		0.965784		
48.21		0.965792		
48.22		0.965799		
48.23		0.965806		
48.24		0.965814		
48.25		0.965821		
48.26		0.965828		
48.27		0.965835		
48.28		0.965843		
48.29		0.96585		
48.3		0.965857		
48.31		0.965864		
48.32		0.965872		
48.33		0.965879		
48.34		0.965886		
48.35		0.965893		
48.36		0.965901		
48.37		0.965908		
48.38		0.965915		
48.39		0.965922		
48.4		0.96593		
48.41		0.965937		
48.42		0.965944		
48.43		0.965951		
48.44		0.965959		
48.45		0.965966		
48.46		0.965973		
48.47		0.96598		
48.48		0.965987		
48.49		0.965995		
48.5		0.966002		
48.51		0.966009		
48.52		0.966016		
48.53		0.966023		
48.54		0.966031		
48.55		0.966038		
48.56		0.966045		
48.57		0.966052		
48.58		0.966059		
48.59		0.966067		
48.6		0.966074		
48.61		0.966081		
48.62		0.966088		
48.63		0.966095		
48.64		0.966103		
48.65		0.96611		
48.66		0.966117		
48.67		0.966124		
48.68		0.966131		
48.69		0.966138		
48.7		0.966145		
48.71		0.966153		
48.72		0.96616		
48.73		0.966167		
48.74		0.966174		
48.75		0.966181		
48.76		0.966188		
48.77		0.966196		
48.78		0.966203		
48.79		0.96621		
48.8		0.966217		
48.81		0.966224		
48.82		0.966231		
48.83		0.966238		
48.84		0.966245		
48.85		0.966253		
48.86		0.96626		
48.87		0.966267		
48.88		0.966274		
48.89		0.966281		
48.9		0.966288		
48.91		0.966295		
48.92		0.966302		
48.93		0.966309		
48.94		0.966316		
48.95		0.966324		
48.96		0.966331		
48.97		0.966338		
48.98		0.966345		
48.99		0.966352		
49		0.966359		
49.01		0.966366		
49.02		0.966373		
49.03		0.96638		
49.04		0.966387		
49.05		0.966394		
49.06		0.966401		
49.07		0.966408		
49.08		0.966416		
49.09		0.966423		
49.1		0.96643		
49.11		0.966437		
49.12		0.966444		
49.13		0.966451		
49.14		0.966458		
49.15		0.966465		
49.16		0.966472		
49.17		0.966479		
49.18		0.966486		
49.19		0.966493		
49.2		0.9665		
49.21		0.966507		
49.22		0.966514		
49.23		0.966521		
49.24		0.966528		
49.25		0.966535		
49.26		0.966542		
49.27		0.966549		
49.28		0.966556		
49.29		0.966563		
49.3		0.96657		
49.31		0.966577		
49.32		0.966584		
49.33		0.966591		
49.34		0.966598		
49.35		0.966605		
49.36		0.966612		
49.37		0.966619		
49.38		0.966626		
49.39		0.966633		
49.4		0.96664		
49.41		0.966647		
49.42		0.966654		
49.43		0.966661		
49.44		0.966668		
49.45		0.966675		
49.46		0.966682		
49.47		0.966689		
49.48		0.966696		
49.49		0.966703		
49.5		0.96671		
49.51		0.966717		
49.52		0.966724		
49.53		0.966731		
49.54		0.966737		
49.55		0.966744		
49.56		0.966751		
49.57		0.966758		
49.58		0.966765		
49.59		0.966772		
49.6		0.966779		
49.61		0.966786		
49.62		0.966793		
49.63		0.9668		
49.64		0.966807		
49.65		0.966814		
49.66		0.966821		
49.67		0.966827		
49.68		0.966834		
49.69		0.966841		
49.7		0.966848		
49.71		0.966855		
49.72		0.966862		
49.73		0.966869		
49.74		0.966876		
49.75		0.966883		
49.76		0.96689		
49.77		0.966896		
49.78		0.966903		
49.79		0.96691		
49.8		0.966917		
49.81		0.966924		
49.82		0.966931		
49.83		0.966938		
49.84		0.966945		
49.85		0.966951		
49.86		0.966958		
49.87		0.966965		
49.88		0.966972		
49.89		0.966979		
49.9		0.966986		
49.91		0.966993		
49.92		0.966999		
49.93		0.967006		
49.94		0.967013		
49.95		0.96702		
49.96		0.967027		
49.97		0.967034		
49.98		0.96704		
49.99		0.967047		
50		0.967054		
