tau [fm]		R_pi^-1
0.25		1.32388
0.26		1.32102		
0.27		1.31789		
0.28		1.31451		
0.29		1.31091		
0.3		1.3071		
0.31		1.3031		
0.32		1.29893		
0.33		1.29459		
0.34		1.29011		
0.35		1.28548		
0.36		1.28073		
0.37		1.27586		
0.38		1.27089		
0.39		1.26581		
0.4		1.26065		
0.41		1.25541		
0.42		1.25009		
0.43		1.2447		
0.44		1.23926		
0.45		1.23376		
0.46		1.2282		
0.47		1.22261		
0.48		1.21698		
0.49		1.21131		
0.5		1.20561		
0.51		1.19989		
0.52		1.19415		
0.53		1.18839		
0.54		1.18262		
0.55		1.17684		
0.56		1.17105		
0.57		1.16526		
0.58		1.15947		
0.59		1.15368		
0.6		1.14789		
0.61		1.14211		
0.62		1.13634		
0.63		1.13058		
0.64		1.12483		
0.65		1.11909		
0.66		1.11338		
0.67		1.10768		
0.68		1.10199		
0.69		1.09633		
0.7		1.09069		
0.71		1.08508		
0.72		1.07948		
0.73		1.07392		
0.74		1.06837		
0.75		1.06286		
0.76		1.05737		
0.77		1.05191		
0.78		1.04648		
0.79		1.04107		
0.8		1.0357		
0.81		1.03036		
0.82		1.02505		
0.83		1.01976		
0.84		1.01451		
0.85		1.0093		
0.86		1.00411		
0.87		0.998954		
0.88		0.993831		
0.89		0.988741		
0.9		0.983683		
0.91		0.978658		
0.92		0.973665		
0.93		0.968705		
0.94		0.963778		
0.95		0.958883		
0.96		0.954021		
0.97		0.949191		
0.98		0.944394		
0.99		0.93963		
1		0.934897		
1.01		0.930198		
1.02		0.92553		
1.03		0.920894		
1.04		0.91629		
1.05		0.911718		
1.06		0.907177		
1.07		0.902668		
1.08		0.89819		
1.09		0.893743		
1.1		0.889327		
1.11		0.884942		
1.12		0.880587		
1.13		0.876263		
1.14		0.871969		
1.15		0.867704		
1.16		0.86347		
1.17		0.859264		
1.18		0.855089		
1.19		0.850942		
1.2		0.846824		
1.21		0.842735		
1.22		0.838674		
1.23		0.834641		
1.24		0.830637		
1.25		0.82666		
1.26		0.822711		
1.27		0.818789		
1.28		0.814894		
1.29		0.811026		
1.3		0.807185		
1.31		0.803371		
1.32		0.799583		
1.33		0.795821		
1.34		0.792084		
1.35		0.788374		
1.36		0.784688		
1.37		0.781029		
1.38		0.777394		
1.39		0.773784		
1.4		0.770198		
1.41		0.766637		
1.42		0.763101		
1.43		0.759588		
1.44		0.756099		
1.45		0.752634		
1.46		0.749192		
1.47		0.745774		
1.48		0.742378		
1.49		0.739006		
1.5		0.735656		
1.51		0.732329		
1.52		0.729024		
1.53		0.725741		
1.54		0.72248		
1.55		0.719241		
1.56		0.716024		
1.57		0.712828		
1.58		0.709653		
1.59		0.7065		
1.6		0.703367		
1.61		0.700255		
1.62		0.697164		
1.63		0.694093		
1.64		0.691042		
1.65		0.688012		
1.66		0.685002		
1.67		0.682011		
1.68		0.67904		
1.69		0.676088		
1.7		0.673156		
1.71		0.670243		
1.72		0.667349		
1.73		0.664474		
1.74		0.661618		
1.75		0.65878		
1.76		0.655961		
1.77		0.65316		
1.78		0.650377		
1.79		0.647612		
1.8		0.644865		
1.81		0.642136		
1.82		0.639424		
1.83		0.63673		
1.84		0.634054		
1.85		0.631394		
1.86		0.628752		
1.87		0.626126		
1.88		0.623517		
1.89		0.620925		
1.9		0.61835		
1.91		0.615791		
1.92		0.613248		
1.93		0.610722		
1.94		0.608211		
1.95		0.605717		
1.96		0.603238		
1.97		0.600775		
1.98		0.598328		
1.99		0.595896		
2		0.59348		
2.01		0.591078		
2.02		0.588692		
2.03		0.586321		
2.04		0.583964		
2.05		0.581623		
2.06		0.579296		
2.07		0.576984		
2.08		0.574686		
2.09		0.572403		
2.1		0.570134		
2.11		0.567879		
2.12		0.565638		
2.13		0.563411		
2.14		0.561198		
2.15		0.558998		
2.16		0.556813		
2.17		0.55464		
2.18		0.552481		
2.19		0.550336		
2.2		0.548204		
2.21		0.546085		
2.22		0.543979		
2.23		0.541886		
2.24		0.539806		
2.25		0.537738		
2.26		0.535683		
2.27		0.533641		
2.28		0.531612		
2.29		0.529594		
2.3		0.527589		
2.31		0.525597		
2.32		0.523616		
2.33		0.521647		
2.34		0.519691		
2.35		0.517746		
2.36		0.515813		
2.37		0.513892		
2.38		0.511982		
2.39		0.510084		
2.4		0.508198		
2.41		0.506322		
2.42		0.504458		
2.43		0.502606		
2.44		0.500764		
2.45		0.498933		
2.46		0.497114		
2.47		0.495305		
2.48		0.493507		
2.49		0.49172		
2.5		0.489943		
2.51		0.488177		
2.52		0.486422		
2.53		0.484677		
2.54		0.482942		
2.55		0.481218		
2.56		0.479504		
2.57		0.4778		
2.58		0.476106		
2.59		0.474422		
2.6		0.472748		
2.61		0.471083		
2.62		0.469429		
2.63		0.467784		
2.64		0.466149		
2.65		0.464524		
2.66		0.462908		
2.67		0.461301		
2.68		0.459704		
2.69		0.458117		
2.7		0.456538		
2.71		0.454969		
2.72		0.453408		
2.73		0.451857		
2.74		0.450315		
2.75		0.448782		
2.76		0.447257		
2.77		0.445741		
2.78		0.444235		
2.79		0.442736		
2.8		0.441247		
2.81		0.439766		
2.82		0.438293		
2.83		0.436829		
2.84		0.435373		
2.85		0.433926		
2.86		0.432487		
2.87		0.431056		
2.88		0.429633		
2.89		0.428218		
2.9		0.426811		
2.91		0.425413		
2.92		0.424022		
2.93		0.422639		
2.94		0.421264		
2.95		0.419897		
2.96		0.418537		
2.97		0.417185		
2.98		0.415841		
2.99		0.414504		
3		0.413174		
3.01		0.411853		
3.02		0.410538		
3.03		0.409231		
3.04		0.407931		
3.05		0.406638		
3.06		0.405353		
3.07		0.404075		
3.08		0.402803		
3.09		0.401539		
3.1		0.400282		
3.11		0.399032		
3.12		0.397788		
3.13		0.396552		
3.14		0.395322		
3.15		0.394099		
3.16		0.392883		
3.17		0.391673		
3.18		0.390471		
3.19		0.389274		
3.2		0.388084		
3.21		0.386901		
3.22		0.385724		
3.23		0.384554		
3.24		0.383389		
3.25		0.382232		
3.26		0.38108		
3.27		0.379935		
3.28		0.378795		
3.29		0.377662		
3.3		0.376535		
3.31		0.375415		
3.32		0.3743		
3.33		0.373191		
3.34		0.372088		
3.35		0.370991		
3.36		0.3699		
3.37		0.368814		
3.38		0.367735		
3.39		0.366661		
3.4		0.365593		
3.41		0.36453		
3.42		0.363473		
3.43		0.362422		
3.44		0.361376		
3.45		0.360336		
3.46		0.359301		
3.47		0.358272		
3.48		0.357248		
3.49		0.356229		
3.5		0.355216		
3.51		0.354208		
3.52		0.353205		
3.53		0.352208		
3.54		0.351216		
3.55		0.350229		
3.56		0.349247		
3.57		0.34827		
3.58		0.347298		
3.59		0.346331		
3.6		0.345369		
3.61		0.344412		
3.62		0.34346		
3.63		0.342513		
3.64		0.341571		
3.65		0.340633		
3.66		0.339701		
3.67		0.338773		
3.68		0.33785		
3.69		0.336931		
3.7		0.336017		
3.71		0.335108		
3.72		0.334203		
3.73		0.333303		
3.74		0.332408		
3.75		0.331517		
3.76		0.330631		
3.77		0.329749		
3.78		0.328871		
3.79		0.327998		
3.8		0.327129		
3.81		0.326265		
3.82		0.325404		
3.83		0.324548		
3.84		0.323697		
3.85		0.322849		
3.86		0.322006		
3.87		0.321167		
3.88		0.320332		
3.89		0.319502		
3.9		0.318675		
3.91		0.317852		
3.92		0.317034		
3.93		0.316219		
3.94		0.315409		
3.95		0.314602		
3.96		0.313799		
3.97		0.313001		
3.98		0.312206		
3.99		0.311415		
4		0.310627		
4.01		0.309844		
4.02		0.309065		
4.03		0.308289		
4.04		0.307517		
4.05		0.306748		
4.06		0.305984		
4.07		0.305223		
4.08		0.304465		
4.09		0.303711		
4.1		0.302961		
4.11		0.302215		
4.12		0.301472		
4.13		0.300732		
4.14		0.299996		
4.15		0.299264		
4.16		0.298535		
4.17		0.297809		
4.18		0.297087		
4.19		0.296368		
4.2		0.295653		
4.21		0.294941		
4.22		0.294232		
4.23		0.293527		
4.24		0.292824		
4.25		0.292126		
4.26		0.29143		
4.27		0.290738		
4.28		0.290049		
4.29		0.289363		
4.3		0.28868		
4.31		0.288		
4.32		0.287324		
4.33		0.28665		
4.34		0.28598		
4.35		0.285313		
4.36		0.284649		
4.37		0.283987		
4.38		0.283329		
4.39		0.282674		
4.4		0.282022		
4.41		0.281373		
4.42		0.280727		
4.43		0.280083		
4.44		0.279443		
4.45		0.278805		
4.46		0.278171		
4.47		0.277539		
4.48		0.27691		
4.49		0.276284		
4.5		0.275661		
4.51		0.27504		
4.52		0.274422		
4.53		0.273807		
4.54		0.273195		
4.55		0.272585		
4.56		0.271978		
4.57		0.271374		
4.58		0.270773		
4.59		0.270174		
4.6		0.269578		
4.61		0.268984		
4.62		0.268393		
4.63		0.267805		
4.64		0.267219		
4.65		0.266635		
4.66		0.266055		
4.67		0.265476		
4.68		0.264901		
4.69		0.264327		
4.7		0.263757		
4.71		0.263188		
4.72		0.262623		
4.73		0.262059		
4.74		0.261498		
4.75		0.26094		
4.76		0.260383		
4.77		0.25983		
4.78		0.259278		
4.79		0.258729		
4.8		0.258182		
4.81		0.257638		
4.82		0.257096		
4.83		0.256556		
4.84		0.256019		
4.85		0.255483		
4.86		0.25495		
4.87		0.25442		
4.88		0.253891		
4.89		0.253365		
4.9		0.252841		
4.91		0.252319		
4.92		0.251799		
4.93		0.251281		
4.94		0.250766		
4.95		0.250253		
4.96		0.249742		
4.97		0.249233		
4.98		0.248726		
4.99		0.248221		
5		0.247718		
5.01		0.247217		
5.02		0.246719		
5.03		0.246222		
5.04		0.245728		
5.05		0.245235		
5.06		0.244744		
5.07		0.244256		
5.08		0.243769		
5.09		0.243285		
5.1		0.242802		
5.11		0.242321		
5.12		0.241843		
5.13		0.241366		
5.14		0.240891		
5.15		0.240418		
5.16		0.239947		
5.17		0.239478		
5.18		0.23901		
5.19		0.238545		
5.2		0.238081		
5.21		0.237619		
5.22		0.237159		
5.23		0.236701		
5.24		0.236245		
5.25		0.23579		
5.26		0.235338		
5.27		0.234887		
5.28		0.234438		
5.29		0.23399		
5.3		0.233545		
5.31		0.233101		
5.32		0.232658		
5.33		0.232218		
5.34		0.231779		
5.35		0.231342		
5.36		0.230907		
5.37		0.230473		
5.38		0.230041		
5.39		0.229611		
5.4		0.229182		
5.41		0.228755		
5.42		0.22833		
5.43		0.227906		
5.44		0.227484		
5.45		0.227063		
5.46		0.226644		
5.47		0.226227		
5.48		0.225811		
5.49		0.225397		
5.5		0.224985		
5.51		0.224574		
5.52		0.224164		
5.53		0.223756		
5.54		0.22335		
5.55		0.222945		
5.56		0.222541		
5.57		0.22214		
5.58		0.221739		
5.59		0.22134		
5.6		0.220943		
5.61		0.220547		
5.62		0.220153		
5.63		0.21976		
5.64		0.219368		
5.65		0.218978		
5.66		0.218589		
5.67		0.218202		
5.68		0.217816		
5.69		0.217432		
5.7		0.217049		
5.71		0.216668		
5.72		0.216287		
5.73		0.215909		
5.74		0.215531		
5.75		0.215155		
5.76		0.21478		
5.77		0.214407		
5.78		0.214035		
5.79		0.213665		
5.8		0.213295		
5.81		0.212927		
5.82		0.212561		
5.83		0.212195		
5.84		0.211831		
5.85		0.211469		
5.86		0.211107		
5.87		0.210747		
5.88		0.210388		
5.89		0.21003		
5.9		0.209674		
5.91		0.209319		
5.92		0.208965		
5.93		0.208613		
5.94		0.208261		
5.95		0.207911		
5.96		0.207562		
5.97		0.207215		
5.98		0.206868		
5.99		0.206523		
6		0.206179		
6.01		0.205836		
6.02		0.205495		
6.03		0.205154		
6.04		0.204815		
6.05		0.204477		
6.06		0.20414		
6.07		0.203804		
6.08		0.20347		
6.09		0.203136		
6.1		0.202804		
6.11		0.202473		
6.12		0.202143		
6.13		0.201814		
6.14		0.201486		
6.15		0.201159		
6.16		0.200834		
6.17		0.200509		
6.18		0.200186		
6.19		0.199864		
6.2		0.199542		
6.21		0.199222		
6.22		0.198903		
6.23		0.198585		
6.24		0.198268		
6.25		0.197952		
6.26		0.197638		
6.27		0.197324		
6.28		0.197011		
6.29		0.1967		
6.3		0.196389		
6.31		0.196079		
6.32		0.195771		
6.33		0.195463		
6.34		0.195157		
6.35		0.194851		
6.36		0.194547		
6.37		0.194243		
6.38		0.193941		
6.39		0.193639		
6.4		0.193338		
6.41		0.193039		
6.42		0.19274		
6.43		0.192443		
6.44		0.192146		
6.45		0.19185		
6.46		0.191556		
6.47		0.191262		
6.48		0.190969		
6.49		0.190677		
6.5		0.190386		
6.51		0.190096		
6.52		0.189807		
6.53		0.189519		
6.54		0.189231		
6.55		0.188945		
6.56		0.18866		
6.57		0.188375		
6.58		0.188092		
6.59		0.187809		
6.6		0.187527		
6.61		0.187246		
6.62		0.186966		
6.63		0.186687		
6.64		0.186409		
6.65		0.186131		
6.66		0.185855		
6.67		0.185579		
6.68		0.185304		
6.69		0.18503		
6.7		0.184757		
6.71		0.184485		
6.72		0.184213		
6.73		0.183943		
6.74		0.183673		
6.75		0.183404		
6.76		0.183136		
6.77		0.182869		
6.78		0.182602		
6.79		0.182337		
6.8		0.182072		
6.81		0.181808		
6.82		0.181545		
6.83		0.181282		
6.84		0.181021		
6.85		0.18076		
6.86		0.1805		
6.87		0.180241		
6.88		0.179982		
6.89		0.179725		
6.9		0.179468		
6.91		0.179212		
6.92		0.178956		
6.93		0.178702		
6.94		0.178448		
6.95		0.178195		
6.96		0.177943		
6.97		0.177691		
6.98		0.177441		
6.99		0.17719		
7		0.176941		
7.01		0.176693		
7.02		0.176445		
7.03		0.176198		
7.04		0.175951		
7.05		0.175706		
7.06		0.175461		
7.07		0.175217		
7.08		0.174973		
7.09		0.174731		
7.1		0.174489		
7.11		0.174247		
7.12		0.174007		
7.13		0.173767		
7.14		0.173528		
7.15		0.173289		
7.16		0.173051		
7.17		0.172814		
7.18		0.172578		
7.19		0.172342		
7.2		0.172107		
7.21		0.171872		
7.22		0.171639		
7.23		0.171406		
7.24		0.171173		
7.25		0.170941		
7.26		0.17071		
7.27		0.17048		
7.28		0.17025		
7.29		0.170021		
7.3		0.169793		
7.31		0.169565		
7.32		0.169338		
7.33		0.169111		
7.34		0.168885		
7.35		0.16866		
7.36		0.168435		
7.37		0.168211		
7.38		0.167988		
7.39		0.167765		
7.4		0.167543		
7.41		0.167322		
7.42		0.167101		
7.43		0.166881		
7.44		0.166661		
7.45		0.166442		
7.46		0.166224		
7.47		0.166006		
7.48		0.165789		
7.49		0.165572		
7.5		0.165356		
7.51		0.165141		
7.52		0.164926		
7.53		0.164712		
7.54		0.164498		
7.55		0.164285		
7.56		0.164072		
7.57		0.16386		
7.58		0.163649		
7.59		0.163438		
7.6		0.163228		
7.61		0.163019		
7.62		0.16281		
7.63		0.162601		
7.64		0.162393		
7.65		0.162186		
7.66		0.161979		
7.67		0.161773		
7.68		0.161567		
7.69		0.161362		
7.7		0.161158		
7.71		0.160954		
7.72		0.16075		
7.73		0.160547		
7.74		0.160345		
7.75		0.160143		
7.76		0.159942		
7.77		0.159741		
7.78		0.159541		
7.79		0.159341		
7.8		0.159142		
7.81		0.158943		
7.82		0.158745		
7.83		0.158547		
7.84		0.15835		
7.85		0.158154		
7.86		0.157957		
7.87		0.157762		
7.88		0.157567		
7.89		0.157372		
7.9		0.157178		
7.91		0.156985		
7.92		0.156792		
7.93		0.156599		
7.94		0.156407		
7.95		0.156216		
7.96		0.156025		
7.97		0.155834		
7.98		0.155644		
7.99		0.155454		
8		0.155265		
8.01		0.155077		
8.02		0.154889		
8.03		0.154701		
8.04		0.154514		
8.05		0.154327		
8.06		0.154141		
8.07		0.153955		
8.08		0.15377		
8.09		0.153585		
8.1		0.153401		
8.11		0.153217		
8.12		0.153034		
8.13		0.152851		
8.14		0.152668		
8.15		0.152486		
8.16		0.152305		
8.17		0.152124		
8.18		0.151943		
8.19		0.151763		
8.2		0.151583		
8.21		0.151404		
8.22		0.151225		
8.23		0.151047		
8.24		0.150869		
8.25		0.150691		
8.26		0.150514		
8.27		0.150338		
8.28		0.150161		
8.29		0.149986		
8.3		0.14981		
8.31		0.149635		
8.32		0.149461		
8.33		0.149287		
8.34		0.149113		
8.35		0.14894		
8.36		0.148767		
8.37		0.148595		
8.38		0.148423		
8.39		0.148252		
8.4		0.148081		
8.41		0.14791		
8.42		0.14774		
8.43		0.14757		
8.44		0.1474		
8.45		0.147231		
8.46		0.147063		
8.47		0.146895		
8.48		0.146727		
8.49		0.146559		
8.5		0.146392		
8.51		0.146226		
8.52		0.14606		
8.53		0.145894		
8.54		0.145728		
8.55		0.145563		
8.56		0.145399		
8.57		0.145235		
8.58		0.145071		
8.59		0.144907		
8.6		0.144744		
8.61		0.144582		
8.62		0.144419		
8.63		0.144257		
8.64		0.144096		
8.65		0.143935		
8.66		0.143774		
8.67		0.143614		
8.68		0.143454		
8.69		0.143294		
8.7		0.143135		
8.71		0.142976		
8.72		0.142817		
8.73		0.142659		
8.74		0.142501		
8.75		0.142344		
8.76		0.142187		
8.77		0.14203		
8.78		0.141874		
8.79		0.141718		
8.8		0.141562		
8.81		0.141407		
8.82		0.141252		
8.83		0.141098		
8.84		0.140944		
8.85		0.14079		
8.86		0.140636		
8.87		0.140483		
8.88		0.14033		
8.89		0.140178		
8.9		0.140026		
8.91		0.139874		
8.92		0.139723		
8.93		0.139572		
8.94		0.139421		
8.95		0.139271		
8.96		0.139121		
8.97		0.138971		
8.98		0.138822		
8.99		0.138673		
9		0.138524		
9.01		0.138376		
9.02		0.138228		
9.03		0.13808		
9.04		0.137933		
9.05		0.137786		
9.06		0.137639		
9.07		0.137493		
9.08		0.137347		
9.09		0.137201		
9.1		0.137056		
9.11		0.136911		
9.12		0.136766		
9.13		0.136622		
9.14		0.136477		
9.15		0.136334		
9.16		0.13619		
9.17		0.136047		
9.18		0.135904		
9.19		0.135762		
9.2		0.13562		
9.21		0.135478		
9.22		0.135336		
9.23		0.135195		
9.24		0.135054		
9.25		0.134913		
9.26		0.134773		
9.27		0.134633		
9.28		0.134493		
9.29		0.134354		
9.3		0.134215		
9.31		0.134076		
9.32		0.133937		
9.33		0.133799		
9.34		0.133661		
9.35		0.133524		
9.36		0.133386		
9.37		0.133249		
9.38		0.133112		
9.39		0.132976		
9.4		0.13284		
9.41		0.132704		
9.42		0.132568		
9.43		0.132433		
9.44		0.132298		
9.45		0.132163		
9.46		0.132029		
9.47		0.131895		
9.48		0.131761		
9.49		0.131627		
9.5		0.131494		
9.51		0.131361		
9.52		0.131228		
9.53		0.131096		
9.54		0.130964		
9.55		0.130832		
9.56		0.1307		
9.57		0.130569		
9.58		0.130438		
9.59		0.130307		
9.6		0.130177		
9.61		0.130047		
9.62		0.129917		
9.63		0.129787		
9.64		0.129657		
9.65		0.129528		
9.66		0.129399		
9.67		0.129271		
9.68		0.129142		
9.69		0.129014		
9.7		0.128887		
9.71		0.128759		
9.72		0.128632		
9.73		0.128505		
9.74		0.128378		
9.75		0.128251		
9.76		0.128125		
9.77		0.127999		
9.78		0.127873		
9.79		0.127748		
9.8		0.127623		
9.81		0.127498		
9.82		0.127373		
9.83		0.127249		
9.84		0.127124		
9.85		0.127		
9.86		0.126877		
9.87		0.126753		
9.88		0.12663		
9.89		0.126507		
9.9		0.126385		
9.91		0.126262		
9.92		0.12614		
9.93		0.126018		
9.94		0.125896		
9.95		0.125775		
9.96		0.125654		
9.97		0.125533		
9.98		0.125412		
9.99		0.125291		
10		0.125171		
10.01		0.125051		
10.02		0.124931		
10.03		0.124812		
10.04		0.124692		
10.05		0.124573		
10.06		0.124455		
10.07		0.124336		
10.08		0.124218		
10.09		0.124099		
10.1		0.123982		
10.11		0.123864		
10.12		0.123747		
10.13		0.123629		
10.14		0.123512		
10.15		0.123396		
10.16		0.123279		
10.17		0.123163		
10.18		0.123047		
10.19		0.122931		
10.2		0.122815		
10.21		0.1227		
10.22		0.122585		
10.23		0.12247		
10.24		0.122355		
10.25		0.122241		
10.26		0.122127		
10.27		0.122013		
10.28		0.121899		
10.29		0.121785		
10.3		0.121672		
10.31		0.121559		
10.32		0.121446		
10.33		0.121333		
10.34		0.12122		
10.35		0.121108		
10.36		0.120996		
10.37		0.120884		
10.38		0.120773		
10.39		0.120661		
10.4		0.12055		
10.41		0.120439		
10.42		0.120328		
10.43		0.120218		
10.44		0.120107		
10.45		0.119997		
10.46		0.119887		
10.47		0.119777		
10.48		0.119668		
10.49		0.119559		
10.5		0.119449		
10.51		0.119341		
10.52		0.119232		
10.53		0.119123		
10.54		0.119015		
10.55		0.118907		
10.56		0.118799		
10.57		0.118691		
10.58		0.118584		
10.59		0.118477		
10.6		0.11837		
10.61		0.118263		
10.62		0.118156		
10.63		0.118049		
10.64		0.117943		
10.65		0.117837		
10.66		0.117731		
10.67		0.117626		
10.68		0.11752		
10.69		0.117415		
10.7		0.11731		
10.71		0.117205		
10.72		0.1171		
10.73		0.116995		
10.74		0.116891		
10.75		0.116787		
10.76		0.116683		
10.77		0.116579		
10.78		0.116476		
10.79		0.116372		
10.8		0.116269		
10.81		0.116166		
10.82		0.116063		
10.83		0.115961		
10.84		0.115858		
10.85		0.115756		
10.86		0.115654		
10.87		0.115552		
10.88		0.11545		
10.89		0.115349		
10.9		0.115248		
10.91		0.115146		
10.92		0.115045		
10.93		0.114945		
10.94		0.114844		
10.95		0.114744		
10.96		0.114643		
10.97		0.114543		
10.98		0.114443		
10.99		0.114344		
11		0.114244		
11.01		0.114145		
11.02		0.114046		
11.03		0.113947		
11.04		0.113848		
11.05		0.113749		
11.06		0.113651		
11.07		0.113553		
11.08		0.113454		
11.09		0.113357		
11.1		0.113259		
11.11		0.113161		
11.12		0.113064		
11.13		0.112967		
11.14		0.11287		
11.15		0.112773		
11.16		0.112676		
11.17		0.112579		
11.18		0.112483		
11.19		0.112387		
11.2		0.112291		
11.21		0.112195		
11.22		0.112099		
11.23		0.112004		
11.24		0.111908		
11.25		0.111813		
11.26		0.111718		
11.27		0.111623		
11.28		0.111528		
11.29		0.111434		
11.3		0.111339		
11.31		0.111245		
11.32		0.111151		
11.33		0.111057		
11.34		0.110964		
11.35		0.11087		
11.36		0.110777		
11.37		0.110683		
11.38		0.11059		
11.39		0.110497		
11.4		0.110405		
11.41		0.110312		
11.42		0.11022		
11.43		0.110127		
11.44		0.110035		
11.45		0.109943		
11.46		0.109851		
11.47		0.10976		
11.48		0.109668		
11.49		0.109577		
11.5		0.109486		
11.51		0.109395		
11.52		0.109304		
11.53		0.109213		
11.54		0.109123		
11.55		0.109032		
11.56		0.108942		
11.57		0.108852		
11.58		0.108762		
11.59		0.108672		
11.6		0.108582		
11.61		0.108493		
11.62		0.108404		
11.63		0.108314		
11.64		0.108225		
11.65		0.108136		
11.66		0.108048		
11.67		0.107959		
11.68		0.107871		
11.69		0.107782		
11.7		0.107694		
11.71		0.107606		
11.72		0.107518		
11.73		0.107431		
11.74		0.107343		
11.75		0.107256		
11.76		0.107168		
11.77		0.107081		
11.78		0.106994		
11.79		0.106907		
11.8		0.106821		
11.81		0.106734		
11.82		0.106648		
11.83		0.106561		
11.84		0.106475		
11.85		0.106389		
11.86		0.106303		
11.87		0.106218		
11.88		0.106132		
11.89		0.106047		
11.9		0.105962		
11.91		0.105876		
11.92		0.105791		
11.93		0.105707		
11.94		0.105622		
11.95		0.105537		
11.96		0.105453		
11.97		0.105368		
11.98		0.105284		
11.99		0.1052		
12		0.105116		
12.01		0.105033		
12.02		0.104949		
12.03		0.104865		
12.04		0.104782		
12.05		0.104699		
12.06		0.104616		
12.07		0.104533		
12.08		0.10445		
12.09		0.104367		
12.1		0.104285		
12.11		0.104202		
12.12		0.10412		
12.13		0.104038		
12.14		0.103956		
12.15		0.103874		
12.16		0.103792		
12.17		0.103711		
12.18		0.103629		
12.19		0.103548		
12.2		0.103467		
12.21		0.103385		
12.22		0.103304		
12.23		0.103224		
12.24		0.103143		
12.25		0.103062		
12.26		0.102982		
12.27		0.102901		
12.28		0.102821		
12.29		0.102741		
12.3		0.102661		
12.31		0.102581		
12.32		0.102502		
12.33		0.102422		
12.34		0.102343		
12.35		0.102263		
12.36		0.102184		
12.37		0.102105		
12.38		0.102026		
12.39		0.101947		
12.4		0.101869		
12.41		0.10179		
12.42		0.101712		
12.43		0.101633		
12.44		0.101555		
12.45		0.101477		
12.46		0.101399		
12.47		0.101321		
12.48		0.101243		
12.49		0.101166		
12.5		0.101088		
12.51		0.101011		
12.52		0.100934		
12.53		0.100856		
12.54		0.100779		
12.55		0.100703		
12.56		0.100626		
12.57		0.100549		
12.58		0.100473		
12.59		0.100396		
12.6		0.10032		
12.61		0.100244		
12.62		0.100168		
12.63		0.100092		
12.64		0.100016		
12.65		0.0999401		
12.66		0.0998645		
12.67		0.099789		
12.68		0.0997137		
12.69		0.0996384		
12.7		0.0995633		
12.71		0.0994882		
12.72		0.0994133		
12.73		0.0993385		
12.74		0.0992638		
12.75		0.0991893		
12.76		0.0991148		
12.77		0.0990405		
12.78		0.0989662		
12.79		0.0988921		
12.8		0.0988181		
12.81		0.0987442		
12.82		0.0986704		
12.83		0.0985968		
12.84		0.0985232		
12.85		0.0984497		
12.86		0.0983764		
12.87		0.0983032		
12.88		0.0982301		
12.89		0.098157		
12.9		0.0980841		
12.91		0.0980113		
12.92		0.0979387		
12.93		0.0978661		
12.94		0.0977936		
12.95		0.0977213		
12.96		0.097649		
12.97		0.0975769		
12.98		0.0975048		
12.99		0.0974329		
13		0.0973611		
13.01		0.0972894		
13.02		0.0972178		
13.03		0.0971462		
13.04		0.0970749		
13.05		0.0970036		
13.06		0.0969324		
13.07		0.0968613		
13.08		0.0967903		
13.09		0.0967194		
13.1		0.0966487		
13.11		0.096578		
13.12		0.0965075		
13.13		0.096437		
13.14		0.0963666		
13.15		0.0962964		
13.16		0.0962263		
13.17		0.0961562		
13.18		0.0960863		
13.19		0.0960164		
13.2		0.0959467		
13.21		0.0958771		
13.22		0.0958075		
13.23		0.0957381		
13.24		0.0956688		
13.25		0.0955995		
13.26		0.0955304		
13.27		0.0954614		
13.28		0.0953924		
13.29		0.0953236		
13.3		0.0952549		
13.31		0.0951863		
13.32		0.0951177		
13.33		0.0950493		
13.34		0.094981		
13.35		0.0949127		
13.36		0.0948446		
13.37		0.0947766		
13.38		0.0947086		
13.39		0.0946408		
13.4		0.094573		
13.41		0.0945054		
13.42		0.0944378		
13.43		0.0943704		
13.44		0.094303		
13.45		0.0942358		
13.46		0.0941686		
13.47		0.0941015		
13.48		0.0940345		
13.49		0.0939677		
13.5		0.0939009		
13.51		0.0938342		
13.52		0.0937676		
13.53		0.0937011		
13.54		0.0936347		
13.55		0.0935684		
13.56		0.0935022		
13.57		0.0934361		
13.58		0.09337		
13.59		0.0933041		
13.6		0.0932383		
13.61		0.0931725		
13.62		0.0931068		
13.63		0.0930413		
13.64		0.0929758		
13.65		0.0929104		
13.66		0.0928451		
13.67		0.09278		
13.68		0.0927148		
13.69		0.0926498		
13.7		0.0925849		
13.71		0.0925201		
13.72		0.0924553		
13.73		0.0923907		
13.74		0.0923261		
13.75		0.0922617		
13.76		0.0921973		
13.77		0.092133		
13.78		0.0920688		
13.79		0.0920047		
13.8		0.0919407		
13.81		0.0918767		
13.82		0.0918129		
13.83		0.0917491		
13.84		0.0916855		
13.85		0.0916219		
13.86		0.0915584		
13.87		0.091495		
13.88		0.0914317		
13.89		0.0913684		
13.9		0.0913053		
13.91		0.0912423		
13.92		0.0911793		
13.93		0.0911164		
13.94		0.0910536		
13.95		0.0909909		
13.96		0.0909283		
13.97		0.0908657		
13.98		0.0908033		
13.99		0.0907409		
14		0.0906786		
14.01		0.0906165		
14.02		0.0905543		
14.03		0.0904923		
14.04		0.0904304		
14.05		0.0903685		
14.06		0.0903067		
14.07		0.0902451		
14.08		0.0901835		
14.09		0.0901219		
14.1		0.0900605		
14.11		0.0899991		
14.12		0.0899379		
14.13		0.0898767		
14.14		0.0898156		
14.15		0.0897546		
14.16		0.0896936		
14.17		0.0896328		
14.18		0.089572		
14.19		0.0895113		
14.2		0.0894507		
14.21		0.0893902		
14.22		0.0893297		
14.23		0.0892693		
14.24		0.089209		
14.25		0.0891488		
14.26		0.0890887		
14.27		0.0890287		
14.28		0.0889687		
14.29		0.0889088		
14.3		0.088849		
14.31		0.0887893		
14.32		0.0887296		
14.33		0.0886701		
14.34		0.0886106		
14.35		0.0885512		
14.36		0.0884919		
14.37		0.0884326		
14.38		0.0883734		
14.39		0.0883144		
14.4		0.0882553		
14.41		0.0881964		
14.42		0.0881375		
14.43		0.0880788		
14.44		0.0880201		
14.45		0.0879614		
14.46		0.0879029		
14.47		0.0878444		
14.48		0.087786		
14.49		0.0877277		
14.5		0.0876695		
14.51		0.0876113		
14.52		0.0875532		
14.53		0.0874952		
14.54		0.0874373		
14.55		0.0873794		
14.56		0.0873216		
14.57		0.0872639		
14.58		0.0872063		
14.59		0.0871488		
14.6		0.0870913		
14.61		0.0870339		
14.62		0.0869765		
14.63		0.0869193		
14.64		0.0868621		
14.65		0.086805		
14.66		0.086748		
14.67		0.086691		
14.68		0.0866341		
14.69		0.0865773		
14.7		0.0865206		
14.71		0.0864639		
14.72		0.0864073		
14.73		0.0863508		
14.74		0.0862943		
14.75		0.086238		
14.76		0.0861817		
14.77		0.0861254		
14.78		0.0860693		
14.79		0.0860132		
14.8		0.0859572		
14.81		0.0859013		
14.82		0.0858454		
14.83		0.0857896		
14.84		0.0857339		
14.85		0.0856782		
14.86		0.0856226		
14.87		0.0855671		
14.88		0.0855117		
14.89		0.0854563		
14.9		0.085401		
14.91		0.0853458		
14.92		0.0852907		
14.93		0.0852356		
14.94		0.0851806		
14.95		0.0851256		
14.96		0.0850707		
14.97		0.0850159		
14.98		0.0849612		
14.99		0.0849065		
15		0.0848519		
15.01		0.0847974		
15.02		0.0847429		
15.03		0.0846885		
15.04		0.0846342		
15.05		0.08458		
15.06		0.0845258		
15.07		0.0844717		
15.08		0.0844176		
15.09		0.0843636		
15.1		0.0843097		
15.11		0.0842559		
15.12		0.0842021		
15.13		0.0841484		
15.14		0.0840948		
15.15		0.0840412		
15.16		0.0839877		
15.17		0.0839342		
15.18		0.0838809		
15.19		0.0838275		
15.2		0.0837743		
15.21		0.0837211		
15.22		0.083668		
15.23		0.083615		
15.24		0.083562		
15.25		0.0835091		
15.26		0.0834562		
15.27		0.0834035		
15.28		0.0833508		
15.29		0.0832981		
15.3		0.0832455		
15.31		0.083193		
15.32		0.0831406		
15.33		0.0830882		
15.34		0.0830358		
15.35		0.0829836		
15.36		0.0829314		
15.37		0.0828793		
15.38		0.0828272		
15.39		0.0827752		
15.4		0.0827233		
15.41		0.0826714		
15.42		0.0826196		
15.43		0.0825678		
15.44		0.0825161		
15.45		0.0824645		
15.46		0.082413		
15.47		0.0823615		
15.48		0.08231		
15.49		0.0822587		
15.5		0.0822074		
15.51		0.0821561		
15.52		0.082105		
15.53		0.0820538		
15.54		0.0820028		
15.55		0.0819518		
15.56		0.0819009		
15.57		0.08185		
15.58		0.0817992		
15.59		0.0817484		
15.6		0.0816978		
15.61		0.0816471		
15.62		0.0815966		
15.63		0.0815461		
15.64		0.0814956		
15.65		0.0814453		
15.66		0.0813949		
15.67		0.0813447		
15.68		0.0812945		
15.69		0.0812444		
15.7		0.0811943		
15.71		0.0811443		
15.72		0.0810943		
15.73		0.0810444		
15.74		0.0809946		
15.75		0.0809448		
15.76		0.0808951		
15.77		0.0808455		
15.78		0.0807959		
15.79		0.0807463		
15.8		0.0806968		
15.81		0.0806474		
15.82		0.0805981		
15.83		0.0805488		
15.84		0.0804995		
15.85		0.0804503		
15.86		0.0804012		
15.87		0.0803522		
15.88		0.0803032		
15.89		0.0802542		
15.9		0.0802053		
15.91		0.0801565		
15.92		0.0801077		
15.93		0.080059		
15.94		0.0800103		
15.95		0.0799617		
15.96		0.0799132		
15.97		0.0798647		
15.98		0.0798163		
15.99		0.0797679		
16		0.0797196		
16.01		0.0796713		
16.02		0.0796231		
16.03		0.079575		
16.04		0.0795269		
16.05		0.0794789		
16.06		0.0794309		
16.07		0.079383		
16.08		0.0793351		
16.09		0.0792873		
16.1		0.0792396		
16.11		0.0791919		
16.12		0.0791442		
16.13		0.0790966		
16.14		0.0790491		
16.15		0.0790016		
16.16		0.0789542		
16.17		0.0789069		
16.18		0.0788596		
16.19		0.0788123		
16.2		0.0787651		
16.21		0.078718		
16.22		0.0786709		
16.23		0.0786239		
16.24		0.0785769		
16.25		0.07853		
16.26		0.0784831		
16.27		0.0784363		
16.28		0.0783895		
16.29		0.0783428		
16.3		0.0782962		
16.31		0.0782496		
16.32		0.078203		
16.33		0.0781565		
16.34		0.0781101		
16.35		0.0780637		
16.36		0.0780174		
16.37		0.0779711		
16.38		0.0779249		
16.39		0.0778787		
16.4		0.0778326		
16.41		0.0777865		
16.42		0.0777405		
16.43		0.0776946		
16.44		0.0776487		
16.45		0.0776028		
16.46		0.077557		
16.47		0.0775113		
16.48		0.0774656		
16.49		0.0774199		
16.5		0.0773743		
16.51		0.0773288		
16.52		0.0772833		
16.53		0.0772379		
16.54		0.0771925		
16.55		0.0771471		
16.56		0.0771019		
16.57		0.0770566		
16.58		0.0770115		
16.59		0.0769663		
16.6		0.0769213		
16.61		0.0768762		
16.62		0.0768312		
16.63		0.0767863		
16.64		0.0767415		
16.65		0.0766966		
16.66		0.0766519		
16.67		0.0766071		
16.68		0.0765625		
16.69		0.0765178		
16.7		0.0764733		
16.71		0.0764288		
16.72		0.0763843		
16.73		0.0763399		
16.74		0.0762955		
16.75		0.0762512		
16.76		0.0762069		
16.77		0.0761627		
16.78		0.0761185		
16.79		0.0760744		
16.8		0.0760303		
16.81		0.0759863		
16.82		0.0759423		
16.83		0.0758984		
16.84		0.0758545		
16.85		0.0758107		
16.86		0.0757669		
16.87		0.0757232		
16.88		0.0756795		
16.89		0.0756358		
16.9		0.0755923		
16.91		0.0755487		
16.92		0.0755052		
16.93		0.0754618		
16.94		0.0754184		
16.95		0.0753751		
16.96		0.0753318		
16.97		0.0752885		
16.98		0.0752453		
16.99		0.0752022		
17		0.0751591		
17.01		0.075116		
17.02		0.075073		
17.03		0.07503		
17.04		0.0749871		
17.05		0.0749442		
17.06		0.0749014		
17.07		0.0748586		
17.08		0.0748159		
17.09		0.0747732		
17.1		0.0747306		
17.11		0.074688		
17.12		0.0746455		
17.13		0.074603		
17.14		0.0745605		
17.15		0.0745181		
17.16		0.0744758		
17.17		0.0744335		
17.18		0.0743912		
17.19		0.074349		
17.2		0.0743068		
17.21		0.0742647		
17.22		0.0742226		
17.23		0.0741806		
17.24		0.0741386		
17.25		0.0740966		
17.26		0.0740548		
17.27		0.0740129		
17.28		0.0739711		
17.29		0.0739293		
17.3		0.0738876		
17.31		0.0738459		
17.32		0.0738043		
17.33		0.0737627		
17.34		0.0737212		
17.35		0.0736797		
17.36		0.0736383		
17.37		0.0735969		
17.38		0.0735555		
17.39		0.0735142		
17.4		0.0734729		
17.41		0.0734317		
17.42		0.0733905		
17.43		0.0733494		
17.44		0.0733083		
17.45		0.0732673		
17.46		0.0732263		
17.47		0.0731853		
17.48		0.0731444		
17.49		0.0731035		
17.5		0.0730627		
17.51		0.0730219		
17.52		0.0729812		
17.53		0.0729405		
17.54		0.0728998		
17.55		0.0728592		
17.56		0.0728186		
17.57		0.0727781		
17.58		0.0727376		
17.59		0.0726972		
17.6		0.0726568		
17.61		0.0726164		
17.62		0.0725761		
17.63		0.0725359		
17.64		0.0724956		
17.65		0.0724554		
17.66		0.0724153		
17.67		0.0723752		
17.68		0.0723352		
17.69		0.0722951		
17.7		0.0722552		
17.71		0.0722152		
17.72		0.0721754		
17.73		0.0721355		
17.74		0.0720957		
17.75		0.0720559		
17.76		0.0720162		
17.77		0.0719766		
17.78		0.0719369		
17.79		0.0718973		
17.8		0.0718578		
17.81		0.0718183		
17.82		0.0717788		
17.83		0.0717394		
17.84		0.0717		
17.85		0.0716606		
17.86		0.0716213		
17.87		0.0715821		
17.88		0.0715428		
17.89		0.0715037		
17.9		0.0714645		
17.91		0.0714254		
17.92		0.0713864		
17.93		0.0713473		
17.94		0.0713084		
17.95		0.0712694		
17.96		0.0712305		
17.97		0.0711917		
17.98		0.0711528		
17.99		0.0711141		
18		0.0710753		
18.01		0.0710366		
18.02		0.070998		
18.03		0.0709594		
18.04		0.0709208		
18.05		0.0708822		
18.06		0.0708438		
18.07		0.0708053		
18.08		0.0707669		
18.09		0.0707285		
18.1		0.0706902		
18.11		0.0706519		
18.12		0.0706136		
18.13		0.0705754		
18.14		0.0705372		
18.15		0.0704991		
18.16		0.0704609		
18.17		0.0704229		
18.18		0.0703849		
18.19		0.0703469		
18.2		0.0703089		
18.21		0.070271		
18.22		0.0702331		
18.23		0.0701953		
18.24		0.0701575		
18.25		0.0701198		
18.26		0.070082		
18.27		0.0700444		
18.28		0.0700067		
18.29		0.0699691		
18.3		0.0699316		
18.31		0.069894		
18.32		0.0698566		
18.33		0.0698191		
18.34		0.0697817		
18.35		0.0697443		
18.36		0.069707		
18.37		0.0696697		
18.38		0.0696324		
18.39		0.0695952		
18.4		0.069558		
18.41		0.0695209		
18.42		0.0694838		
18.43		0.0694467		
18.44		0.0694097		
18.45		0.0693727		
18.46		0.0693357		
18.47		0.0692988		
18.48		0.0692619		
18.49		0.069225		
18.5		0.0691882		
18.51		0.0691515		
18.52		0.0691147		
18.53		0.069078		
18.54		0.0690414		
18.55		0.0690047		
18.56		0.0689681		
18.57		0.0689316		
18.58		0.0688951		
18.59		0.0688586		
18.6		0.0688221		
18.61		0.0687857		
18.62		0.0687494		
18.63		0.068713		
18.64		0.0686767		
18.65		0.0686404		
18.66		0.0686042		
18.67		0.068568		
18.68		0.0685319		
18.69		0.0684958		
18.7		0.0684597		
18.71		0.0684236		
18.72		0.0683876		
18.73		0.0683516		
18.74		0.0683157		
18.75		0.0682798		
18.76		0.0682439		
18.77		0.0682081		
18.78		0.0681723		
18.79		0.0681365		
18.8		0.0681008		
18.81		0.0680651		
18.82		0.0680294		
18.83		0.0679938		
18.84		0.0679582		
18.85		0.0679227		
18.86		0.0678871		
18.87		0.0678517		
18.88		0.0678162		
18.89		0.0677808		
18.9		0.0677454		
18.91		0.0677101		
18.92		0.0676748		
18.93		0.0676395		
18.94		0.0676042		
18.95		0.067569		
18.96		0.0675339		
18.97		0.0674987		
18.98		0.0674636		
18.99		0.0674285		
19		0.0673935		
19.01		0.0673585		
19.02		0.0673235		
19.03		0.0672886		
19.04		0.0672537		
19.05		0.0672188		
19.06		0.067184		
19.07		0.0671492		
19.08		0.0671144		
19.09		0.0670797		
19.1		0.067045		
19.11		0.0670103		
19.12		0.0669757		
19.13		0.0669411		
19.14		0.0669065		
19.15		0.066872		
19.16		0.0668375		
19.17		0.0668031		
19.18		0.0667686		
19.19		0.0667342		
19.2		0.0666999		
19.21		0.0666655		
19.22		0.0666312		
19.23		0.066597		
19.24		0.0665627		
19.25		0.0665285		
19.26		0.0664944		
19.27		0.0664602		
19.28		0.0664261		
19.29		0.0663921		
19.3		0.066358		
19.31		0.066324		
19.32		0.0662901		
19.33		0.0662561		
19.34		0.0662222		
19.35		0.0661883		
19.36		0.0661545		
19.37		0.0661207		
19.38		0.0660869		
19.39		0.0660532		
19.4		0.0660194		
19.41		0.0659858		
19.42		0.0659521		
19.43		0.0659185		
19.44		0.0658849		
19.45		0.0658514		
19.46		0.0658178		
19.47		0.0657843		
19.48		0.0657509		
19.49		0.0657175		
19.5		0.0656841		
19.51		0.0656507		
19.52		0.0656174		
19.53		0.0655841		
19.54		0.0655508		
19.55		0.0655176		
19.56		0.0654844		
19.57		0.0654512		
19.58		0.065418		
19.59		0.0653849		
19.6		0.0653518		
19.61		0.0653188		
19.62		0.0652858		
19.63		0.0652528		
19.64		0.0652198		
19.65		0.0651869		
19.66		0.065154		
19.67		0.0651211		
19.68		0.0650883		
19.69		0.0650555		
19.7		0.0650227		
19.71		0.06499		
19.72		0.0649573		
19.73		0.0649246		
19.74		0.0648919		
19.75		0.0648593		
19.76		0.0648267		
19.77		0.0647942		
19.78		0.0647616		
19.79		0.0647291		
19.8		0.0646967		
19.81		0.0646642		
19.82		0.0646318		
19.83		0.0645994		
19.84		0.0645671		
19.85		0.0645348		
19.86		0.0645025		
19.87		0.0644702		
19.88		0.064438		
19.89		0.0644058		
19.9		0.0643736		
19.91		0.0643415		
19.92		0.0643094		
19.93		0.0642773		
19.94		0.0642452		
19.95		0.0642132		
19.96		0.0641812		
19.97		0.0641493		
19.98		0.0641173		
19.99		0.0640854		
20		0.0640536		
20.01		0.0640217		
20.02		0.0639899		
20.03		0.0639581		
20.04		0.0639263		
20.05		0.0638946		
20.06		0.0638629		
20.07		0.0638312		
20.08		0.0637996		
20.09		0.063768		
20.1		0.0637364		
20.11		0.0637049		
20.12		0.0636733		
20.13		0.0636418		
20.14		0.0636104		
20.15		0.0635789		
20.16		0.0635475		
20.17		0.0635161		
20.18		0.0634848		
20.19		0.0634534		
20.2		0.0634221		
20.21		0.0633909		
20.22		0.0633596		
20.23		0.0633284		
20.24		0.0632972		
20.25		0.0632661		
20.26		0.0632349		
20.27		0.0632038		
20.28		0.0631728		
20.29		0.0631417		
20.3		0.0631107		
20.31		0.0630797		
20.32		0.0630488		
20.33		0.0630178		
20.34		0.0629869		
20.35		0.0629561		
20.36		0.0629252		
20.37		0.0628944		
20.38		0.0628636		
20.39		0.0628328		
20.4		0.0628021		
20.41		0.0627714		
20.42		0.0627407		
20.43		0.06271		
20.44		0.0626794		
20.45		0.0626488		
20.46		0.0626182		
20.47		0.0625877		
20.48		0.0625572		
20.49		0.0625267		
20.5		0.0624962		
20.51		0.0624658		
20.52		0.0624354		
20.53		0.062405		
20.54		0.0623746		
20.55		0.0623443		
20.56		0.062314		
20.57		0.0622837		
20.58		0.0622535		
20.59		0.0622232		
20.6		0.062193		
20.61		0.0621629		
20.62		0.0621327		
20.63		0.0621026		
20.64		0.0620725		
20.65		0.0620425		
20.66		0.0620124		
20.67		0.0619824		
20.68		0.0619524		
20.69		0.0619225		
20.7		0.0618926		
20.71		0.0618627		
20.72		0.0618328		
20.73		0.0618029		
20.74		0.0617731		
20.75		0.0617433		
20.76		0.0617135		
20.77		0.0616838		
20.78		0.0616541		
20.79		0.0616244		
20.8		0.0615947		
20.81		0.0615651		
20.82		0.0615355		
20.83		0.0615059		
20.84		0.0614763		
20.85		0.0614468		
20.86		0.0614173		
20.87		0.0613878		
20.88		0.0613583		
20.89		0.0613289		
20.9		0.0612995		
20.91		0.0612701		
20.92		0.0612407		
20.93		0.0612114		
20.94		0.0611821		
20.95		0.0611528		
20.96		0.0611236		
20.97		0.0610943		
20.98		0.0610651		
20.99		0.0610359		
21		0.0610068		
21.01		0.0609777		
21.02		0.0609486		
21.03		0.0609195		
21.04		0.0608904		
21.05		0.0608614		
21.06		0.0608324		
21.07		0.0608034		
21.08		0.0607745		
21.09		0.0607455		
21.1		0.0607166		
21.11		0.0606878		
21.12		0.0606589		
21.13		0.0606301		
21.14		0.0606013		
21.15		0.0605725		
21.16		0.0605437		
21.17		0.060515		
21.18		0.0604863		
21.19		0.0604576		
21.2		0.060429		
21.21		0.0604003		
21.22		0.0603717		
21.23		0.0603431		
21.24		0.0603146		
21.25		0.0602861		
21.26		0.0602576		
21.27		0.0602291		
21.28		0.0602006		
21.29		0.0601722		
21.3		0.0601438		
21.31		0.0601154		
21.32		0.060087		
21.33		0.0600587		
21.34		0.0600304		
21.35		0.0600021		
21.36		0.0599738		
21.37		0.0599456		
21.38		0.0599173		
21.39		0.0598891		
21.4		0.059861		
21.41		0.0598328		
21.42		0.0598047		
21.43		0.0597766		
21.44		0.0597485		
21.45		0.0597205		
21.46		0.0596924		
21.47		0.0596644		
21.48		0.0596365		
21.49		0.0596085		
21.5		0.0595806		
21.51		0.0595527		
21.52		0.0595248		
21.53		0.0594969		
21.54		0.0594691		
21.55		0.0594412		
21.56		0.0594135		
21.57		0.0593857		
21.58		0.0593579		
21.59		0.0593302		
21.6		0.0593025		
21.61		0.0592748		
21.62		0.0592472		
21.63		0.0592196		
21.64		0.0591919		
21.65		0.0591644		
21.66		0.0591368		
21.67		0.0591093		
21.68		0.0590817		
21.69		0.0590543		
21.7		0.0590268		
21.71		0.0589993		
21.72		0.0589719		
21.73		0.0589445		
21.74		0.0589171		
21.75		0.0588898		
21.76		0.0588624		
21.77		0.0588351		
21.78		0.0588079		
21.79		0.0587806		
21.8		0.0587533		
21.81		0.0587261		
21.82		0.0586989		
21.83		0.0586718		
21.84		0.0586446		
21.85		0.0586175		
21.86		0.0585904		
21.87		0.0585633		
21.88		0.0585362		
21.89		0.0585092		
21.9		0.0584822		
21.91		0.0584552		
21.92		0.0584282		
21.93		0.0584012		
21.94		0.0583743		
21.95		0.0583474		
21.96		0.0583205		
21.97		0.0582937		
21.98		0.0582668		
21.99		0.05824		
22		0.0582132		
22.01		0.0581864		
22.02		0.0581597		
22.03		0.0581329		
22.04		0.0581062		
22.05		0.0580795		
22.06		0.0580529		
22.07		0.0580262		
22.08		0.0579996		
22.09		0.057973		
22.1		0.0579464		
22.11		0.0579199		
22.12		0.0578933		
22.13		0.0578668		
22.14		0.0578403		
22.15		0.0578139		
22.16		0.0577874		
22.17		0.057761		
22.18		0.0577346		
22.19		0.0577082		
22.2		0.0576818		
22.21		0.0576555		
22.22		0.0576292		
22.23		0.0576029		
22.24		0.0575766		
22.25		0.0575503		
22.26		0.0575241		
22.27		0.0574979		
22.28		0.0574717		
22.29		0.0574455		
22.3		0.0574194		
22.31		0.0573933		
22.32		0.0573671		
22.33		0.0573411		
22.34		0.057315		
22.35		0.0572889		
22.36		0.0572629		
22.37		0.0572369		
22.38		0.0572109		
22.39		0.057185		
22.4		0.057159		
22.41		0.0571331		
22.42		0.0571072		
22.43		0.0570813		
22.44		0.0570555		
22.45		0.0570296		
22.46		0.0570038		
22.47		0.056978		
22.48		0.0569522		
22.49		0.0569265		
22.5		0.0569008		
22.51		0.056875		
22.52		0.0568493		
22.53		0.0568237		
22.54		0.056798		
22.55		0.0567724		
22.56		0.0567468		
22.57		0.0567212		
22.58		0.0566956		
22.59		0.0566701		
22.6		0.0566445		
22.61		0.056619		
22.62		0.0565935		
22.63		0.0565681		
22.64		0.0565426		
22.65		0.0565172		
22.66		0.0564918		
22.67		0.0564664		
22.68		0.056441		
22.69		0.0564157		
22.7		0.0563903		
22.71		0.056365		
22.72		0.0563397		
22.73		0.0563145		
22.74		0.0562892		
22.75		0.056264		
22.76		0.0562388		
22.77		0.0562136		
22.78		0.0561884		
22.79		0.0561633		
22.8		0.0561381		
22.81		0.056113		
22.82		0.0560879		
22.83		0.0560629		
22.84		0.0560378		
22.85		0.0560128		
22.86		0.0559878		
22.87		0.0559628		
22.88		0.0559378		
22.89		0.0559128		
22.9		0.0558879		
22.91		0.055863		
22.92		0.0558381		
22.93		0.0558132		
22.94		0.0557884		
22.95		0.0557635		
22.96		0.0557387		
22.97		0.0557139		
22.98		0.0556891		
22.99		0.0556644		
23		0.0556396		
23.01		0.0556149		
23.02		0.0555902		
23.03		0.0555655		
23.04		0.0555408		
23.05		0.0555162		
23.06		0.0554916		
23.07		0.055467		
23.08		0.0554424		
23.09		0.0554178		
23.1		0.0553933		
23.11		0.0553687		
23.12		0.0553442		
23.13		0.0553197		
23.14		0.0552952		
23.15		0.0552708		
23.16		0.0552463		
23.17		0.0552219		
23.18		0.0551975		
23.19		0.0551731		
23.2		0.0551488		
23.21		0.0551244		
23.22		0.0551001		
23.23		0.0550758		
23.24		0.0550515		
23.25		0.0550272		
23.26		0.055003		
23.27		0.0549788		
23.28		0.0549546		
23.29		0.0549304		
23.3		0.0549062		
23.31		0.054882		
23.32		0.0548579		
23.33		0.0548338		
23.34		0.0548097		
23.35		0.0547856		
23.36		0.0547615		
23.37		0.0547375		
23.38		0.0547134		
23.39		0.0546894		
23.4		0.0546654		
23.41		0.0546414		
23.42		0.0546175		
23.43		0.0545936		
23.44		0.0545696		
23.45		0.0545457		
23.46		0.0545218		
23.47		0.054498		
23.48		0.0544741		
23.49		0.0544503		
23.5		0.0544265		
23.51		0.0544027		
23.52		0.0543789		
23.53		0.0543552		
23.54		0.0543314		
23.55		0.0543077		
23.56		0.054284		
23.57		0.0542603		
23.58		0.0542366		
23.59		0.054213		
23.6		0.0541894		
23.61		0.0541657		
23.62		0.0541421		
23.63		0.0541186		
23.64		0.054095		
23.65		0.0540714		
23.66		0.0540479		
23.67		0.0540244		
23.68		0.0540009		
23.69		0.0539774		
23.7		0.053954		
23.71		0.0539305		
23.72		0.0539071		
23.73		0.0538837		
23.74		0.0538603		
23.75		0.053837		
23.76		0.0538136		
23.77		0.0537903		
23.78		0.053767		
23.79		0.0537437		
23.8		0.0537204		
23.81		0.0536971		
23.82		0.0536739		
23.83		0.0536506		
23.84		0.0536274		
23.85		0.0536042		
23.86		0.053581		
23.87		0.0535579		
23.88		0.0535347		
23.89		0.0535116		
23.9		0.0534885		
23.91		0.0534654		
23.92		0.0534423		
23.93		0.0534193		
23.94		0.0533962		
23.95		0.0533732		
23.96		0.0533502		
23.97		0.0533272		
23.98		0.0533042		
23.99		0.0532813		
24		0.0532583		
24.01		0.0532354		
24.02		0.0532125		
24.03		0.0531896		
24.04		0.0531667		
24.05		0.0531439		
24.06		0.053121		
24.07		0.0530982		
24.08		0.0530754		
24.09		0.0530526		
24.1		0.0530298		
24.11		0.0530071		
24.12		0.0529843		
24.13		0.0529616		
24.14		0.0529389		
24.15		0.0529162		
24.16		0.0528936		
24.17		0.0528709		
24.18		0.0528483		
24.19		0.0528256		
24.2		0.052803		
24.21		0.0527804		
24.22		0.0527579		
24.23		0.0527353		
24.24		0.0527128		
24.25		0.0526902		
24.26		0.0526677		
24.27		0.0526452		
24.28		0.0526228		
24.29		0.0526003		
24.3		0.0525779		
24.31		0.0525554		
24.32		0.052533		
24.33		0.0525106		
24.34		0.0524882		
24.35		0.0524659		
24.36		0.0524435		
24.37		0.0524212		
24.38		0.0523989		
24.39		0.0523766		
24.4		0.0523543		
24.41		0.052332		
24.42		0.0523098		
24.43		0.0522876		
24.44		0.0522653		
24.45		0.0522431		
24.46		0.0522209		
24.47		0.0521988		
24.48		0.0521766		
24.49		0.0521545		
24.5		0.0521324		
24.51		0.0521103		
24.52		0.0520882		
24.53		0.0520661		
24.54		0.052044		
24.55		0.052022		
24.56		0.052		
24.57		0.0519779		
24.58		0.0519559		
24.59		0.051934		
24.6		0.051912		
24.61		0.0518901		
24.62		0.0518681		
24.63		0.0518462		
24.64		0.0518243		
24.65		0.0518024		
24.66		0.0517805		
24.67		0.0517587		
24.68		0.0517368		
24.69		0.051715		
24.7		0.0516932		
24.71		0.0516714		
24.72		0.0516496		
24.73		0.0516279		
24.74		0.0516061		
24.75		0.0515844		
24.76		0.0515627		
24.77		0.051541		
24.78		0.0515193		
24.79		0.0514976		
24.8		0.051476		
24.81		0.0514543		
24.82		0.0514327		
24.83		0.0514111		
24.84		0.0513895		
24.85		0.0513679		
24.86		0.0513463		
24.87		0.0513248		
24.88		0.0513033		
24.89		0.0512817		
24.9		0.0512602		
24.91		0.0512388		
24.92		0.0512173		
24.93		0.0511958		
24.94		0.0511744		
24.95		0.0511529		
24.96		0.0511315		
24.97		0.0511101		
24.98		0.0510887		
24.99		0.0510674		
25		0.051046		
25.01		0.0510247		
25.02		0.0510034		
25.03		0.0509821		
25.04		0.0509608		
25.05		0.0509395		
25.06		0.0509182		
25.07		0.050897		
25.08		0.0508757		
25.09		0.0508545		
25.1		0.0508333		
25.11		0.0508121		
25.12		0.0507909		
25.13		0.0507698		
25.14		0.0507486		
25.15		0.0507275		
25.16		0.0507064		
25.17		0.0506853		
25.18		0.0506642		
25.19		0.0506431		
25.2		0.0506221		
25.21		0.050601		
25.22		0.05058		
25.23		0.050559		
25.24		0.050538		
25.25		0.050517		
25.26		0.050496		
25.27		0.0504751		
25.28		0.0504541		
25.29		0.0504332		
25.3		0.0504123		
25.31		0.0503914		
25.32		0.0503705		
25.33		0.0503496		
25.34		0.0503288		
25.35		0.0503079		
25.36		0.0502871		
25.37		0.0502663		
25.38		0.0502455		
25.39		0.0502247		
25.4		0.0502039		
25.41		0.0501832		
25.42		0.0501624		
25.43		0.0501417		
25.44		0.050121		
25.45		0.0501003		
25.46		0.0500796		
25.47		0.0500589		
25.48		0.0500383		
25.49		0.0500176		
25.5		0.049997		
25.51		0.0499764		
25.52		0.0499558		
25.53		0.0499352		
25.54		0.0499146		
25.55		0.049894		
25.56		0.0498735		
25.57		0.049853		
25.58		0.0498324		
25.59		0.0498119		
25.6		0.0497914		
25.61		0.049771		
25.62		0.0497505		
25.63		0.0497301		
25.64		0.0497096		
25.65		0.0496892		
25.66		0.0496688		
25.67		0.0496484		
25.68		0.049628		
25.69		0.0496077		
25.7		0.0495873		
25.71		0.049567		
25.72		0.0495466		
25.73		0.0495263		
25.74		0.049506		
25.75		0.0494857		
25.76		0.0494655		
25.77		0.0494452		
25.78		0.049425		
25.79		0.0494047		
25.8		0.0493845		
25.81		0.0493643		
25.82		0.0493441		
25.83		0.049324		
25.84		0.0493038		
25.85		0.0492837		
25.86		0.0492635		
25.87		0.0492434		
25.88		0.0492233		
25.89		0.0492032		
25.9		0.0491831		
25.91		0.0491631		
25.92		0.049143		
25.93		0.049123		
25.94		0.0491029		
25.95		0.0490829		
25.96		0.0490629		
25.97		0.0490429		
25.98		0.049023		
25.99		0.049003		
26		0.048983		
26.01		0.0489631		
26.02		0.0489432		
26.03		0.0489233		
26.04		0.0489034		
26.05		0.0488835		
26.06		0.0488636		
26.07		0.0488438		
26.08		0.0488239		
26.09		0.0488041		
26.1		0.0487843		
26.11		0.0487645		
26.12		0.0487447		
26.13		0.0487249		
26.14		0.0487052		
26.15		0.0486854		
26.16		0.0486657		
26.17		0.0486459		
26.18		0.0486262		
26.19		0.0486065		
26.2		0.0485869		
26.21		0.0485672		
26.22		0.0485475		
26.23		0.0485279		
26.24		0.0485082		
26.25		0.0484886		
26.26		0.048469		
26.27		0.0484494		
26.28		0.0484298		
26.29		0.0484103		
26.3		0.0483907		
26.31		0.0483712		
26.32		0.0483516		
26.33		0.0483321		
26.34		0.0483126		
26.35		0.0482931		
26.36		0.0482736		
26.37		0.0482542		
26.38		0.0482347		
26.39		0.0482153		
26.4		0.0481958		
26.41		0.0481764		
26.42		0.048157		
26.43		0.0481376		
26.44		0.0481182		
26.45		0.0480989		
26.46		0.0480795		
26.47		0.0480602		
26.48		0.0480409		
26.49		0.0480215		
26.5		0.0480022		
26.51		0.0479829		
26.52		0.0479637		
26.53		0.0479444		
26.54		0.0479251		
26.55		0.0479059		
26.56		0.0478867		
26.57		0.0478675		
26.58		0.0478483		
26.59		0.0478291		
26.6		0.0478099		
26.61		0.0477907		
26.62		0.0477716		
26.63		0.0477524		
26.64		0.0477333		
26.65		0.0477142		
26.66		0.0476951		
26.67		0.047676		
26.68		0.0476569		
26.69		0.0476378		
26.7		0.0476188		
26.71		0.0475997		
26.72		0.0475807		
26.73		0.0475617		
26.74		0.0475427		
26.75		0.0475237		
26.76		0.0475047		
26.77		0.0474857		
26.78		0.0474668		
26.79		0.0474478		
26.8		0.0474289		
26.81		0.04741		
26.82		0.0473911		
26.83		0.0473722		
26.84		0.0473533		
26.85		0.0473344		
26.86		0.0473155		
26.87		0.0472967		
26.88		0.0472778		
26.89		0.047259		
26.9		0.0472402		
26.91		0.0472214		
26.92		0.0472026		
26.93		0.0471838		
26.94		0.0471651		
26.95		0.0471463		
26.96		0.0471276		
26.97		0.0471088		
26.98		0.0470901		
26.99		0.0470714		
27		0.0470527		
27.01		0.047034		
27.02		0.0470154		
27.03		0.0469967		
27.04		0.0469781		
27.05		0.0469594		
27.06		0.0469408		
27.07		0.0469222		
27.08		0.0469036		
27.09		0.046885		
27.1		0.0468664		
27.11		0.0468479		
27.12		0.0468293		
27.13		0.0468108		
27.14		0.0467922		
27.15		0.0467737		
27.16		0.0467552		
27.17		0.0467367		
27.18		0.0467182		
27.19		0.0466998		
27.2		0.0466813		
27.21		0.0466628		
27.22		0.0466444		
27.23		0.046626		
27.24		0.0466076		
27.25		0.0465892		
27.26		0.0465708		
27.27		0.0465524		
27.28		0.046534		
27.29		0.0465157		
27.3		0.0464973		
27.31		0.046479		
27.32		0.0464607		
27.33		0.0464424		
27.34		0.0464241		
27.35		0.0464058		
27.36		0.0463875		
27.37		0.0463692		
27.38		0.046351		
27.39		0.0463327		
27.4		0.0463145		
27.41		0.0462963		
27.42		0.0462781		
27.43		0.0462599		
27.44		0.0462417		
27.45		0.0462235		
27.46		0.0462053		
27.47		0.0461872		
27.48		0.0461691		
27.49		0.0461509		
27.5		0.0461328		
27.51		0.0461147		
27.52		0.0460966		
27.53		0.0460785		
27.54		0.0460604		
27.55		0.0460424		
27.56		0.0460243		
27.57		0.0460063		
27.58		0.0459883		
27.59		0.0459702		
27.6		0.0459522		
27.61		0.0459342		
27.62		0.0459163		
27.63		0.0458983		
27.64		0.0458803		
27.65		0.0458624		
27.66		0.0458444		
27.67		0.0458265		
27.68		0.0458086		
27.69		0.0457907		
27.7		0.0457728		
27.71		0.0457549		
27.72		0.045737		
27.73		0.0457192		
27.74		0.0457013		
27.75		0.0456835		
27.76		0.0456656		
27.77		0.0456478		
27.78		0.04563		
27.79		0.0456122		
27.8		0.0455944		
27.81		0.0455766		
27.82		0.0455589		
27.83		0.0455411		
27.84		0.0455234		
27.85		0.0455056		
27.86		0.0454879		
27.87		0.0454702		
27.88		0.0454525		
27.89		0.0454348		
27.9		0.0454171		
27.91		0.0453995		
27.92		0.0453818		
27.93		0.0453642		
27.94		0.0453465		
27.95		0.0453289		
27.96		0.0453113		
27.97		0.0452937		
27.98		0.0452761		
27.99		0.0452585		
28		0.0452409		
28.01		0.0452234		
28.02		0.0452058		
28.03		0.0451883		
28.04		0.0451708		
28.05		0.0451532		
28.06		0.0451357		
28.07		0.0451182		
28.08		0.0451007		
28.09		0.0450833		
28.1		0.0450658		
28.11		0.0450483		
28.12		0.0450309		
28.13		0.0450135		
28.14		0.044996		
28.15		0.0449786		
28.16		0.0449612		
28.17		0.0449438		
28.18		0.0449264		
28.19		0.0449091		
28.2		0.0448917		
28.21		0.0448744		
28.22		0.044857		
28.23		0.0448397		
28.24		0.0448224		
28.25		0.0448051		
28.26		0.0447878		
28.27		0.0447705		
28.28		0.0447532		
28.29		0.0447359		
28.3		0.0447187		
28.31		0.0447014		
28.32		0.0446842		
28.33		0.044667		
28.34		0.0446497		
28.35		0.0446325		
28.36		0.0446153		
28.37		0.0445982		
28.38		0.044581		
28.39		0.0445638		
28.4		0.0445467		
28.41		0.0445295		
28.42		0.0445124		
28.43		0.0444953		
28.44		0.0444781		
28.45		0.044461		
28.46		0.0444439		
28.47		0.0444269		
28.48		0.0444098		
28.49		0.0443927		
28.5		0.0443757		
28.51		0.0443586		
28.52		0.0443416		
28.53		0.0443246		
28.54		0.0443076		
28.55		0.0442906		
28.56		0.0442736		
28.57		0.0442566		
28.58		0.0442396		
28.59		0.0442226		
28.6		0.0442057		
28.61		0.0441887		
28.62		0.0441718		
28.63		0.0441549		
28.64		0.044138		
28.65		0.0441211		
28.66		0.0441042		
28.67		0.0440873		
28.68		0.0440704		
28.69		0.0440536		
28.7		0.0440367		
28.71		0.0440199		
28.72		0.044003		
28.73		0.0439862		
28.74		0.0439694		
28.75		0.0439526		
28.76		0.0439358		
28.77		0.043919		
28.78		0.0439022		
28.79		0.0438855		
28.8		0.0438687		
28.81		0.043852		
28.82		0.0438352		
28.83		0.0438185		
28.84		0.0438018		
28.85		0.0437851		
28.86		0.0437684		
28.87		0.0437517		
28.88		0.043735		
28.89		0.0437184		
28.9		0.0437017		
28.91		0.0436851		
28.92		0.0436684		
28.93		0.0436518		
28.94		0.0436352		
28.95		0.0436186		
28.96		0.043602		
28.97		0.0435854		
28.98		0.0435688		
28.99		0.0435522		
29		0.0435357		
29.01		0.0435191		
29.02		0.0435026		
29.03		0.0434861		
29.04		0.0434695		
29.05		0.043453		
29.06		0.0434365		
29.07		0.04342		
29.08		0.0434036		
29.09		0.0433871		
29.1		0.0433706		
29.11		0.0433542		
29.12		0.0433377		
29.13		0.0433213		
29.14		0.0433049		
29.15		0.0432884		
29.16		0.043272		
29.17		0.0432556		
29.18		0.0432392		
29.19		0.0432229		
29.2		0.0432065		
29.21		0.0431901		
29.22		0.0431738		
29.23		0.0431574		
29.24		0.0431411		
29.25		0.0431248		
29.26		0.0431085		
29.27		0.0430922		
29.28		0.0430759		
29.29		0.0430596		
29.3		0.0430433		
29.31		0.0430271		
29.32		0.0430108		
29.33		0.0429946		
29.34		0.0429783		
29.35		0.0429621		
29.36		0.0429459		
29.37		0.0429297		
29.38		0.0429135		
29.39		0.0428973		
29.4		0.0428811		
29.41		0.0428649		
29.42		0.0428487		
29.43		0.0428326		
29.44		0.0428164		
29.45		0.0428003		
29.46		0.0427842		
29.47		0.0427681		
29.48		0.042752		
29.49		0.0427359		
29.5		0.0427198		
29.51		0.0427037		
29.52		0.0426876		
29.53		0.0426716		
29.54		0.0426555		
29.55		0.0426395		
29.56		0.0426234		
29.57		0.0426074		
29.58		0.0425914		
29.59		0.0425754		
29.6		0.0425594		
29.61		0.0425434		
29.62		0.0425274		
29.63		0.0425114		
29.64		0.0424955		
29.65		0.0424795		
29.66		0.0424636		
29.67		0.0424476		
29.68		0.0424317		
29.69		0.0424158		
29.7		0.0423999		
29.71		0.042384		
29.72		0.0423681		
29.73		0.0423522		
29.74		0.0423363		
29.75		0.0423205		
29.76		0.0423046		
29.77		0.0422888		
29.78		0.0422729		
29.79		0.0422571		
29.8		0.0422413		
29.81		0.0422255		
29.82		0.0422097		
29.83		0.0421939		
29.84		0.0421781		
29.85		0.0421623		
29.86		0.0421466		
29.87		0.0421308		
29.88		0.0421151		
29.89		0.0420993		
29.9		0.0420836		
29.91		0.0420679		
29.92		0.0420522		
29.93		0.0420365		
29.94		0.0420208		
29.95		0.0420051		
29.96		0.0419894		
29.97		0.0419737		
29.98		0.0419581		
29.99		0.0419424		
30		0.0419268		
30.01		0.0419111		
30.02		0.0418955		
30.03		0.0418799		
30.04		0.0418643		
30.05		0.0418487		
30.06		0.0418331		
30.07		0.0418175		
30.08		0.041802		
30.09		0.0417864		
30.1		0.0417708		
30.11		0.0417553		
30.12		0.0417398		
30.13		0.0417242		
30.14		0.0417087		
30.15		0.0416932		
30.16		0.0416777		
30.17		0.0416622		
30.18		0.0416467		
30.19		0.0416312		
30.2		0.0416158		
30.21		0.0416003		
30.22		0.0415849		
30.23		0.0415694		
30.24		0.041554		
30.25		0.0415386		
30.26		0.0415231		
30.27		0.0415077		
30.28		0.0414923		
30.29		0.0414769		
30.3		0.0414616		
30.31		0.0414462		
30.32		0.0414308		
30.33		0.0414155		
30.34		0.0414001		
30.35		0.0413848		
30.36		0.0413694		
30.37		0.0413541		
30.38		0.0413388		
30.39		0.0413235		
30.4		0.0413082		
30.41		0.0412929		
30.42		0.0412776		
30.43		0.0412624		
30.44		0.0412471		
30.45		0.0412318		
30.46		0.0412166		
30.47		0.0412014		
30.48		0.0411861		
30.49		0.0411709		
30.5		0.0411557		
30.51		0.0411405		
30.52		0.0411253		
30.53		0.0411101		
30.54		0.0410949		
30.55		0.0410797		
30.56		0.0410646		
30.57		0.0410494		
30.58		0.0410343		
30.59		0.0410191		
30.6		0.041004		
30.61		0.0409889		
30.62		0.0409738		
30.63		0.0409587		
30.64		0.0409436		
30.65		0.0409285		
30.66		0.0409134		
30.67		0.0408983		
30.68		0.0408833		
30.69		0.0408682		
30.7		0.0408532		
30.71		0.0408381		
30.72		0.0408231		
30.73		0.0408081		
30.74		0.0407931		
30.75		0.040778		
30.76		0.0407631		
30.77		0.0407481		
30.78		0.0407331		
30.79		0.0407181		
30.8		0.0407031		
30.81		0.0406882		
30.82		0.0406732		
30.83		0.0406583		
30.84		0.0406434		
30.85		0.0406284		
30.86		0.0406135		
30.87		0.0405986		
30.88		0.0405837		
30.89		0.0405688		
30.9		0.0405539		
30.91		0.0405391		
30.92		0.0405242		
30.93		0.0405093		
30.94		0.0404945		
30.95		0.0404796		
30.96		0.0404648		
30.97		0.04045		
30.98		0.0404351		
30.99		0.0404203		
31		0.0404055		
31.01		0.0403907		
31.02		0.0403759		
31.03		0.0403612		
31.04		0.0403464		
31.05		0.0403316		
31.06		0.0403169		
31.07		0.0403021		
31.08		0.0402874		
31.09		0.0402727		
31.1		0.0402579		
31.11		0.0402432		
31.12		0.0402285		
31.13		0.0402138		
31.14		0.0401991		
31.15		0.0401844		
31.16		0.0401698		
31.17		0.0401551		
31.18		0.0401404		
31.19		0.0401258		
31.2		0.0401111		
31.21		0.0400965		
31.22		0.0400819		
31.23		0.0400672		
31.24		0.0400526		
31.25		0.040038		
31.26		0.0400234		
31.27		0.0400088		
31.28		0.0399942		
31.29		0.0399797		
31.3		0.0399651		
31.31		0.0399505		
31.32		0.039936		
31.33		0.0399215		
31.34		0.0399069		
31.35		0.0398924		
31.36		0.0398779		
31.37		0.0398634		
31.38		0.0398488		
31.39		0.0398344		
31.4		0.0398199		
31.41		0.0398054		
31.42		0.0397909		
31.43		0.0397764		
31.44		0.039762		
31.45		0.0397475		
31.46		0.0397331		
31.47		0.0397187		
31.48		0.0397042		
31.49		0.0396898		
31.5		0.0396754		
31.51		0.039661		
31.52		0.0396466		
31.53		0.0396322		
31.54		0.0396178		
31.55		0.0396035		
31.56		0.0395891		
31.57		0.0395747		
31.58		0.0395604		
31.59		0.0395461		
31.6		0.0395317		
31.61		0.0395174		
31.62		0.0395031		
31.63		0.0394888		
31.64		0.0394745		
31.65		0.0394602		
31.66		0.0394459		
31.67		0.0394316		
31.68		0.0394174		
31.69		0.0394031		
31.7		0.0393889		
31.71		0.0393746		
31.72		0.0393604		
31.73		0.0393461		
31.74		0.0393319		
31.75		0.0393177		
31.76		0.0393035		
31.77		0.0392893		
31.78		0.0392751		
31.79		0.0392609		
31.8		0.0392468		
31.81		0.0392326		
31.82		0.0392185		
31.83		0.0392043		
31.84		0.0391902		
31.85		0.039176		
31.86		0.0391619		
31.87		0.0391478		
31.88		0.0391337		
31.89		0.0391196		
31.9		0.0391055		
31.91		0.0390914		
31.92		0.0390773		
31.93		0.0390633		
31.94		0.0390492		
31.95		0.0390352		
31.96		0.0390211		
31.97		0.0390071		
31.98		0.038993		
31.99		0.038979		
32		0.038965		
32.01		0.038951		
32.02		0.038937		
32.03		0.038923		
32.04		0.038909		
32.05		0.0388951		
32.06		0.0388811		
32.07		0.0388672		
32.08		0.0388532		
32.09		0.0388393		
32.1		0.0388253		
32.11		0.0388114		
32.12		0.0387975		
32.13		0.0387836		
32.14		0.0387697		
32.15		0.0387558		
32.16		0.0387419		
32.17		0.038728		
32.18		0.0387142		
32.19		0.0387003		
32.2		0.0386865		
32.21		0.0386726		
32.22		0.0386588		
32.23		0.0386449		
32.24		0.0386311		
32.25		0.0386173		
32.26		0.0386035		
32.27		0.0385897		
32.28		0.0385759		
32.29		0.0385621		
32.3		0.0385484		
32.31		0.0385346		
32.32		0.0385209		
32.33		0.0385071		
32.34		0.0384934		
32.35		0.0384796		
32.36		0.0384659		
32.37		0.0384522		
32.38		0.0384385		
32.39		0.0384248		
32.4		0.0384111		
32.41		0.0383974		
32.42		0.0383837		
32.43		0.0383701		
32.44		0.0383564		
32.45		0.0383427		
32.46		0.0383291		
32.47		0.0383155		
32.48		0.0383018		
32.49		0.0382882		
32.5		0.0382746		
32.51		0.038261		
32.52		0.0382474		
32.53		0.0382338		
32.54		0.0382202		
32.55		0.0382066		
32.56		0.0381931		
32.57		0.0381795		
32.58		0.038166		
32.59		0.0381524		
32.6		0.0381389		
32.61		0.0381254		
32.62		0.0381118		
32.63		0.0380983		
32.64		0.0380848		
32.65		0.0380713		
32.66		0.0380578		
32.67		0.0380444		
32.68		0.0380309		
32.69		0.0380174		
32.7		0.038004		
32.71		0.0379905		
32.72		0.0379771		
32.73		0.0379637		
32.74		0.0379502		
32.75		0.0379368		
32.76		0.0379234		
32.77		0.03791		
32.78		0.0378966		
32.79		0.0378832		
32.8		0.0378698		
32.81		0.0378565		
32.82		0.0378431		
32.83		0.0378298		
32.84		0.0378164		
32.85		0.0378031		
32.86		0.0377897		
32.87		0.0377764		
32.88		0.0377631		
32.89		0.0377498		
32.9		0.0377365		
32.91		0.0377232		
32.92		0.0377099		
32.93		0.0376966		
32.94		0.0376834		
32.95		0.0376701		
32.96		0.0376568		
32.97		0.0376436		
32.98		0.0376304		
32.99		0.0376171		
33		0.0376039		
33.01		0.0375907		
33.02		0.0375775		
33.03		0.0375643		
33.04		0.0375511		
33.05		0.0375379		
33.06		0.0375247		
33.07		0.0375116		
33.08		0.0374984		
33.09		0.0374852		
33.1		0.0374721		
33.11		0.037459		
33.12		0.0374458		
33.13		0.0374327		
33.14		0.0374196		
33.15		0.0374065		
33.16		0.0373934		
33.17		0.0373803		
33.18		0.0373672		
33.19		0.0373541		
33.2		0.037341		
33.21		0.037328		
33.22		0.0373149		
33.23		0.0373019		
33.24		0.0372888		
33.25		0.0372758		
33.26		0.0372628		
33.27		0.0372498		
33.28		0.0372368		
33.29		0.0372238		
33.3		0.0372108		
33.31		0.0371978		
33.32		0.0371848		
33.33		0.0371718		
33.34		0.0371589		
33.35		0.0371459		
33.36		0.037133		
33.37		0.03712		
33.38		0.0371071		
33.39		0.0370941		
33.4		0.0370812		
33.41		0.0370683		
33.42		0.0370554		
33.43		0.0370425		
33.44		0.0370296		
33.45		0.0370167		
33.46		0.0370039		
33.47		0.036991		
33.48		0.0369781		
33.49		0.0369653		
33.5		0.0369524		
33.51		0.0369396		
33.52		0.0369268		
33.53		0.036914		
33.54		0.0369011		
33.55		0.0368883		
33.56		0.0368755		
33.57		0.0368627		
33.58		0.03685		
33.59		0.0368372		
33.6		0.0368244		
33.61		0.0368116		
33.62		0.0367989		
33.63		0.0367861		
33.64		0.0367734		
33.65		0.0367607		
33.66		0.0367479		
33.67		0.0367352		
33.68		0.0367225		
33.69		0.0367098		
33.7		0.0366971		
33.71		0.0366844		
33.72		0.0366717		
33.73		0.0366591		
33.74		0.0366464		
33.75		0.0366337		
33.76		0.0366211		
33.77		0.0366084		
33.78		0.0365958		
33.79		0.0365832		
33.8		0.0365705		
33.81		0.0365579		
33.82		0.0365453		
33.83		0.0365327		
33.84		0.0365201		
33.85		0.0365075		
33.86		0.036495		
33.87		0.0364824		
33.88		0.0364698		
33.89		0.0364573		
33.9		0.0364447		
33.91		0.0364322		
33.92		0.0364196		
33.93		0.0364071		
33.94		0.0363946		
33.95		0.0363821		
33.96		0.0363696		
33.97		0.0363571		
33.98		0.0363446		
33.99		0.0363321		
34		0.0363196		
34.01		0.0363071		
34.02		0.0362947		
34.03		0.0362822		
34.04		0.0362697		
34.05		0.0362573		
34.06		0.0362449		
34.07		0.0362324		
34.08		0.03622		
34.09		0.0362076		
34.1		0.0361952		
34.11		0.0361828		
34.12		0.0361704		
34.13		0.036158		
34.14		0.0361456		
34.15		0.0361333		
34.16		0.0361209		
34.17		0.0361085		
34.18		0.0360962		
34.19		0.0360839		
34.2		0.0360715		
34.21		0.0360592		
34.22		0.0360469		
34.23		0.0360346		
34.24		0.0360222		
34.25		0.0360099		
34.26		0.0359976		
34.27		0.0359854		
34.28		0.0359731		
34.29		0.0359608		
34.3		0.0359485		
34.31		0.0359363		
34.32		0.035924		
34.33		0.0359118		
34.34		0.0358995		
34.35		0.0358873		
34.36		0.0358751		
34.37		0.0358629		
34.38		0.0358507		
34.39		0.0358385		
34.4		0.0358263		
34.41		0.0358141		
34.42		0.0358019		
34.43		0.0357897		
34.44		0.0357776		
34.45		0.0357654		
34.46		0.0357532		
34.47		0.0357411		
34.48		0.035729		
34.49		0.0357168		
34.5		0.0357047		
34.51		0.0356926		
34.52		0.0356805		
34.53		0.0356684		
34.54		0.0356563		
34.55		0.0356442		
34.56		0.0356321		
34.57		0.03562		
34.58		0.0356079		
34.59		0.0355959		
34.6		0.0355838		
34.61		0.0355718		
34.62		0.0355597		
34.63		0.0355477		
34.64		0.0355357		
34.65		0.0355236		
34.66		0.0355116		
34.67		0.0354996		
34.68		0.0354876		
34.69		0.0354756		
34.7		0.0354636		
34.71		0.0354516		
34.72		0.0354397		
34.73		0.0354277		
34.74		0.0354157		
34.75		0.0354038		
34.76		0.0353918		
34.77		0.0353799		
34.78		0.0353679		
34.79		0.035356		
34.8		0.0353441		
34.81		0.0353322		
34.82		0.0353203		
34.83		0.0353084		
34.84		0.0352965		
34.85		0.0352846		
34.86		0.0352727		
34.87		0.0352608		
34.88		0.035249		
34.89		0.0352371		
34.9		0.0352253		
34.91		0.0352134		
34.92		0.0352016		
34.93		0.0351897		
34.94		0.0351779		
34.95		0.0351661		
34.96		0.0351543		
34.97		0.0351425		
34.98		0.0351307		
34.99		0.0351189		
35		0.0351071		
35.01		0.0350953		
35.02		0.0350835		
35.03		0.0350718		
35.04		0.03506		
35.05		0.0350483		
35.06		0.0350365		
35.07		0.0350248		
35.08		0.035013		
35.09		0.0350013		
35.1		0.0349896		
35.11		0.0349779		
35.12		0.0349662		
35.13		0.0349545		
35.14		0.0349428		
35.15		0.0349311		
35.16		0.0349194		
35.17		0.0349077		
35.18		0.0348961		
35.19		0.0348844		
35.2		0.0348727		
35.21		0.0348611		
35.22		0.0348495		
35.23		0.0348378		
35.24		0.0348262		
35.25		0.0348146		
35.26		0.034803		
35.27		0.0347914		
35.28		0.0347797		
35.29		0.0347682		
35.3		0.0347566		
35.31		0.034745		
35.32		0.0347334		
35.33		0.0347218		
35.34		0.0347103		
35.35		0.0346987		
35.36		0.0346872		
35.37		0.0346756		
35.38		0.0346641		
35.39		0.0346526		
35.4		0.034641		
35.41		0.0346295		
35.42		0.034618		
35.43		0.0346065		
35.44		0.034595		
35.45		0.0345835		
35.46		0.034572		
35.47		0.0345605		
35.48		0.0345491		
35.49		0.0345376		
35.5		0.0345261		
35.51		0.0345147		
35.52		0.0345032		
35.53		0.0344918		
35.54		0.0344804		
35.55		0.0344689		
35.56		0.0344575		
35.57		0.0344461		
35.58		0.0344347		
35.59		0.0344233		
35.6		0.0344119		
35.61		0.0344005		
35.62		0.0343891		
35.63		0.0343777		
35.64		0.0343664		
35.65		0.034355		
35.66		0.0343437		
35.67		0.0343323		
35.68		0.034321		
35.69		0.0343096		
35.7		0.0342983		
35.71		0.034287		
35.72		0.0342756		
35.73		0.0342643		
35.74		0.034253		
35.75		0.0342417		
35.76		0.0342304		
35.77		0.0342191		
35.78		0.0342079		
35.79		0.0341966		
35.8		0.0341853		
35.81		0.034174		
35.82		0.0341628		
35.83		0.0341515		
35.84		0.0341403		
35.85		0.0341291		
35.86		0.0341178		
35.87		0.0341066		
35.88		0.0340954		
35.89		0.0340842		
35.9		0.034073		
35.91		0.0340618		
35.92		0.0340506		
35.93		0.0340394		
35.94		0.0340282		
35.95		0.034017		
35.96		0.0340058		
35.97		0.0339947		
35.98		0.0339835		
35.99		0.0339724		
36		0.0339612		
36.01		0.0339501		
36.02		0.033939		
36.03		0.0339278		
36.04		0.0339167		
36.05		0.0339056		
36.06		0.0338945		
36.07		0.0338834		
36.08		0.0338723		
36.09		0.0338612		
36.1		0.0338501		
36.11		0.033839		
36.12		0.033828		
36.13		0.0338169		
36.14		0.0338058		
36.15		0.0337948		
36.16		0.0337837		
36.17		0.0337727		
36.18		0.0337617		
36.19		0.0337506		
36.2		0.0337396		
36.21		0.0337286		
36.22		0.0337176		
36.23		0.0337066		
36.24		0.0336956		
36.25		0.0336846		
36.26		0.0336736		
36.27		0.0336626		
36.28		0.0336517		
36.29		0.0336407		
36.3		0.0336297		
36.31		0.0336188		
36.32		0.0336078		
36.33		0.0335969		
36.34		0.0335859		
36.35		0.033575		
36.36		0.0335641		
36.37		0.0335532		
36.38		0.0335423		
36.39		0.0335313		
36.4		0.0335204		
36.41		0.0335096		
36.42		0.0334987		
36.43		0.0334878		
36.44		0.0334769		
36.45		0.033466		
36.46		0.0334552		
36.47		0.0334443		
36.48		0.0334335		
36.49		0.0334226		
36.5		0.0334118		
36.51		0.0334009		
36.52		0.0333901		
36.53		0.0333793		
36.54		0.0333685		
36.55		0.0333576		
36.56		0.0333468		
36.57		0.033336		
36.58		0.0333252		
36.59		0.0333145		
36.6		0.0333037		
36.61		0.0332929		
36.62		0.0332821		
36.63		0.0332714		
36.64		0.0332606		
36.65		0.0332498		
36.66		0.0332391		
36.67		0.0332284		
36.68		0.0332176		
36.69		0.0332069		
36.7		0.0331962		
36.71		0.0331855		
36.72		0.0331747		
36.73		0.033164		
36.74		0.0331533		
36.75		0.0331426		
36.76		0.033132		
36.77		0.0331213		
36.78		0.0331106		
36.79		0.0330999		
36.8		0.0330893		
36.81		0.0330786		
36.82		0.0330679		
36.83		0.0330573		
36.84		0.0330467		
36.85		0.033036		
36.86		0.0330254		
36.87		0.0330148		
36.88		0.0330042		
36.89		0.0329935		
36.9		0.0329829		
36.91		0.0329723		
36.92		0.0329617		
36.93		0.0329511		
36.94		0.0329406		
36.95		0.03293		
36.96		0.0329194		
36.97		0.0329088		
36.98		0.0328983		
36.99		0.0328877		
37		0.0328772		
37.01		0.0328666		
37.02		0.0328561		
37.03		0.0328456		
37.04		0.032835		
37.05		0.0328245		
37.06		0.032814		
37.07		0.0328035		
37.08		0.032793		
37.09		0.0327825		
37.1		0.032772		
37.11		0.0327615		
37.12		0.032751		
37.13		0.0327406		
37.14		0.0327301		
37.15		0.0327196		
37.16		0.0327092		
37.17		0.0326987		
37.18		0.0326883		
37.19		0.0326778		
37.2		0.0326674		
37.21		0.032657		
37.22		0.0326465		
37.23		0.0326361		
37.24		0.0326257		
37.25		0.0326153		
37.26		0.0326049		
37.27		0.0325945		
37.28		0.0325841		
37.29		0.0325737		
37.3		0.0325634		
37.31		0.032553		
37.32		0.0325426		
37.33		0.0325323		
37.34		0.0325219		
37.35		0.0325115		
37.36		0.0325012		
37.37		0.0324909		
37.38		0.0324805		
37.39		0.0324702		
37.4		0.0324599		
37.41		0.0324496		
37.42		0.0324392		
37.43		0.0324289		
37.44		0.0324186		
37.45		0.0324083		
37.46		0.0323981		
37.47		0.0323878		
37.48		0.0323775		
37.49		0.0323672		
37.5		0.032357		
37.51		0.0323467		
37.52		0.0323364		
37.53		0.0323262		
37.54		0.0323159		
37.55		0.0323057		
37.56		0.0322955		
37.57		0.0322852		
37.58		0.032275		
37.59		0.0322648		
37.6		0.0322546		
37.61		0.0322444		
37.62		0.0322342		
37.63		0.032224		
37.64		0.0322138		
37.65		0.0322036		
37.66		0.0321934		
37.67		0.0321833		
37.68		0.0321731		
37.69		0.0321629		
37.7		0.0321528		
37.71		0.0321426		
37.72		0.0321325		
37.73		0.0321223		
37.74		0.0321122		
37.75		0.0321021		
37.76		0.0320919		
37.77		0.0320818		
37.78		0.0320717		
37.79		0.0320616		
37.8		0.0320515		
37.81		0.0320414		
37.82		0.0320313		
37.83		0.0320212		
37.84		0.0320111		
37.85		0.0320011		
37.86		0.031991		
37.87		0.0319809		
37.88		0.0319709		
37.89		0.0319608		
37.9		0.0319508		
37.91		0.0319407		
37.92		0.0319307		
37.93		0.0319206		
37.94		0.0319106		
37.95		0.0319006		
37.96		0.0318906		
37.97		0.0318806		
37.98		0.0318706		
37.99		0.0318606		
38		0.0318506		
38.01		0.0318406		
38.02		0.0318306		
38.03		0.0318206		
38.04		0.0318106		
38.05		0.0318007		
38.06		0.0317907		
38.07		0.0317807		
38.08		0.0317708		
38.09		0.0317608		
38.1		0.0317509		
38.11		0.031741		
38.12		0.031731		
38.13		0.0317211		
38.14		0.0317112		
38.15		0.0317013		
38.16		0.0316914		
38.17		0.0316815		
38.18		0.0316716		
38.19		0.0316617		
38.2		0.0316518		
38.21		0.0316419		
38.22		0.031632		
38.23		0.0316221		
38.24		0.0316123		
38.25		0.0316024		
38.26		0.0315925		
38.27		0.0315827		
38.28		0.0315728		
38.29		0.031563		
38.3		0.0315532		
38.31		0.0315433		
38.32		0.0315335		
38.33		0.0315237		
38.34		0.0315139		
38.35		0.0315041		
38.36		0.0314943		
38.37		0.0314845		
38.38		0.0314747		
38.39		0.0314649		
38.4		0.0314551		
38.41		0.0314453		
38.42		0.0314355		
38.43		0.0314258		
38.44		0.031416		
38.45		0.0314062		
38.46		0.0313965		
38.47		0.0313867		
38.48		0.031377		
38.49		0.0313673		
38.5		0.0313575		
38.51		0.0313478		
38.52		0.0313381		
38.53		0.0313284		
38.54		0.0313187		
38.55		0.0313089		
38.56		0.0312992		
38.57		0.0312895		
38.58		0.0312799		
38.59		0.0312702		
38.6		0.0312605		
38.61		0.0312508		
38.62		0.0312411		
38.63		0.0312315		
38.64		0.0312218		
38.65		0.0312122		
38.66		0.0312025		
38.67		0.0311929		
38.68		0.0311832		
38.69		0.0311736		
38.7		0.031164		
38.71		0.0311543		
38.72		0.0311447		
38.73		0.0311351		
38.74		0.0311255		
38.75		0.0311159		
38.76		0.0311063		
38.77		0.0310967		
38.78		0.0310871		
38.79		0.0310775		
38.8		0.0310679		
38.81		0.0310584		
38.82		0.0310488		
38.83		0.0310392		
38.84		0.0310297		
38.85		0.0310201		
38.86		0.0310106		
38.87		0.031001		
38.88		0.0309915		
38.89		0.0309819		
38.9		0.0309724		
38.91		0.0309629		
38.92		0.0309534		
38.93		0.0309439		
38.94		0.0309343		
38.95		0.0309248		
38.96		0.0309153		
38.97		0.0309058		
38.98		0.0308964		
38.99		0.0308869		
39		0.0308774		
39.01		0.0308679		
39.02		0.0308585		
39.03		0.030849		
39.04		0.0308395		
39.05		0.0308301		
39.06		0.0308206		
39.07		0.0308112		
39.08		0.0308017		
39.09		0.0307923		
39.1		0.0307829		
39.11		0.0307735		
39.12		0.030764		
39.13		0.0307546		
39.14		0.0307452		
39.15		0.0307358		
39.16		0.0307264		
39.17		0.030717		
39.18		0.0307076		
39.19		0.0306982		
39.2		0.0306889		
39.21		0.0306795		
39.22		0.0306701		
39.23		0.0306607		
39.24		0.0306514		
39.25		0.030642		
39.26		0.0306327		
39.27		0.0306233		
39.28		0.030614		
39.29		0.0306047		
39.3		0.0305953		
39.31		0.030586		
39.32		0.0305767		
39.33		0.0305674		
39.34		0.030558		
39.35		0.0305487		
39.36		0.0305394		
39.37		0.0305301		
39.38		0.0305208		
39.39		0.0305116		
39.4		0.0305023		
39.41		0.030493		
39.42		0.0304837		
39.43		0.0304745		
39.44		0.0304652		
39.45		0.0304559		
39.46		0.0304467		
39.47		0.0304374		
39.48		0.0304282		
39.49		0.0304189		
39.5		0.0304097		
39.51		0.0304005		
39.52		0.0303913		
39.53		0.030382		
39.54		0.0303728		
39.55		0.0303636		
39.56		0.0303544		
39.57		0.0303452		
39.58		0.030336		
39.59		0.0303268		
39.6		0.0303176		
39.61		0.0303085		
39.62		0.0302993		
39.63		0.0302901		
39.64		0.0302809		
39.65		0.0302718		
39.66		0.0302626		
39.67		0.0302535		
39.68		0.0302443		
39.69		0.0302352		
39.7		0.030226		
39.71		0.0302169		
39.72		0.0302078		
39.73		0.0301986		
39.74		0.0301895		
39.75		0.0301804		
39.76		0.0301713		
39.77		0.0301622		
39.78		0.0301531		
39.79		0.030144		
39.8		0.0301349		
39.81		0.0301258		
39.82		0.0301167		
39.83		0.0301077		
39.84		0.0300986		
39.85		0.0300895		
39.86		0.0300805		
39.87		0.0300714		
39.88		0.0300623		
39.89		0.0300533		
39.9		0.0300443		
39.91		0.0300352		
39.92		0.0300262		
39.93		0.0300171		
39.94		0.0300081		
39.95		0.0299991		
39.96		0.0299901		
39.97		0.0299811		
39.98		0.0299721		
39.99		0.0299631		
40		0.0299541		
40.01		0.0299451		
40.02		0.0299361		
40.03		0.0299271		
40.04		0.0299181		
40.05		0.0299091		
40.06		0.0299002		
40.07		0.0298912		
40.08		0.0298823		
40.09		0.0298733		
40.1		0.0298643		
40.11		0.0298554		
40.12		0.0298465		
40.13		0.0298375		
40.14		0.0298286		
40.15		0.0298197		
40.16		0.0298107		
40.17		0.0298018		
40.18		0.0297929		
40.19		0.029784		
40.2		0.0297751		
40.21		0.0297662		
40.22		0.0297573		
40.23		0.0297484		
40.24		0.0297395		
40.25		0.0297306		
40.26		0.0297218		
40.27		0.0297129		
40.28		0.029704		
40.29		0.0296951		
40.3		0.0296863		
40.31		0.0296774		
40.32		0.0296686		
40.33		0.0296597		
40.34		0.0296509		
40.35		0.0296421		
40.36		0.0296332		
40.37		0.0296244		
40.38		0.0296156		
40.39		0.0296068		
40.4		0.0295979		
40.41		0.0295891		
40.42		0.0295803		
40.43		0.0295715		
40.44		0.0295627		
40.45		0.0295539		
40.46		0.0295452		
40.47		0.0295364		
40.48		0.0295276		
40.49		0.0295188		
40.5		0.0295101		
40.51		0.0295013		
40.52		0.0294925		
40.53		0.0294838		
40.54		0.029475		
40.55		0.0294663		
40.56		0.0294575		
40.57		0.0294488		
40.58		0.0294401		
40.59		0.0294313		
40.6		0.0294226		
40.61		0.0294139		
40.62		0.0294052		
40.63		0.0293965		
40.64		0.0293878		
40.65		0.0293791		
40.66		0.0293704		
40.67		0.0293617		
40.68		0.029353		
40.69		0.0293443		
40.7		0.0293356		
40.71		0.0293269		
40.72		0.0293183		
40.73		0.0293096		
40.74		0.0293009		
40.75		0.0292923		
40.76		0.0292836		
40.77		0.029275		
40.78		0.0292663		
40.79		0.0292577		
40.8		0.0292491		
40.81		0.0292404		
40.82		0.0292318		
40.83		0.0292232		
40.84		0.0292146		
40.85		0.029206		
40.86		0.0291973		
40.87		0.0291887		
40.88		0.0291801		
40.89		0.0291715		
40.9		0.029163		
40.91		0.0291544		
40.92		0.0291458		
40.93		0.0291372		
40.94		0.0291286		
40.95		0.0291201		
40.96		0.0291115		
40.97		0.0291029		
40.98		0.0290944		
40.99		0.0290858		
41		0.0290773		
41.01		0.0290687		
41.02		0.0290602		
41.03		0.0290517		
41.04		0.0290431		
41.05		0.0290346		
41.06		0.0290261		
41.07		0.0290176		
41.08		0.0290091		
41.09		0.0290005		
41.1		0.028992		
41.11		0.0289835		
41.12		0.028975		
41.13		0.0289666		
41.14		0.0289581		
41.15		0.0289496		
41.16		0.0289411		
41.17		0.0289326		
41.18		0.0289242		
41.19		0.0289157		
41.2		0.0289072		
41.21		0.0288988		
41.22		0.0288903		
41.23		0.0288819		
41.24		0.0288734		
41.25		0.028865		
41.26		0.0288566		
41.27		0.0288481		
41.28		0.0288397		
41.29		0.0288313		
41.3		0.0288229		
41.31		0.0288144		
41.32		0.028806		
41.33		0.0287976		
41.34		0.0287892		
41.35		0.0287808		
41.36		0.0287724		
41.37		0.028764		
41.38		0.0287557		
41.39		0.0287473		
41.4		0.0287389		
41.41		0.0287305		
41.42		0.0287222		
41.43		0.0287138		
41.44		0.0287054		
41.45		0.0286971		
41.46		0.0286887		
41.47		0.0286804		
41.48		0.0286721		
41.49		0.0286637		
41.5		0.0286554		
41.51		0.0286471		
41.52		0.0286387		
41.53		0.0286304		
41.54		0.0286221		
41.55		0.0286138		
41.56		0.0286055		
41.57		0.0285972		
41.58		0.0285889		
41.59		0.0285806		
41.6		0.0285723		
41.61		0.028564		
41.62		0.0285557		
41.63		0.0285474		
41.64		0.0285392		
41.65		0.0285309		
41.66		0.0285226		
41.67		0.0285144		
41.68		0.0285061		
41.69		0.0284978		
41.7		0.0284896		
41.71		0.0284813		
41.72		0.0284731		
41.73		0.0284649		
41.74		0.0284566		
41.75		0.0284484		
41.76		0.0284402		
41.77		0.028432		
41.78		0.0284237		
41.79		0.0284155		
41.8		0.0284073		
41.81		0.0283991		
41.82		0.0283909		
41.83		0.0283827		
41.84		0.0283745		
41.85		0.0283663		
41.86		0.0283582		
41.87		0.02835		
41.88		0.0283418		
41.89		0.0283336		
41.9		0.0283255		
41.91		0.0283173		
41.92		0.0283091		
41.93		0.028301		
41.94		0.0282928		
41.95		0.0282847		
41.96		0.0282765		
41.97		0.0282684		
41.98		0.0282603		
41.99		0.0282521		
42		0.028244		
42.01		0.0282359		
42.02		0.0282278		
42.03		0.0282197		
42.04		0.0282115		
42.05		0.0282034		
42.06		0.0281953		
42.07		0.0281872		
42.08		0.0281791		
42.09		0.0281711		
42.1		0.028163		
42.11		0.0281549		
42.12		0.0281468		
42.13		0.0281387		
42.14		0.0281307		
42.15		0.0281226		
42.16		0.0281145		
42.17		0.0281065		
42.18		0.0280984		
42.19		0.0280904		
42.2		0.0280823		
42.21		0.0280743		
42.22		0.0280663		
42.23		0.0280582		
42.24		0.0280502		
42.25		0.0280422		
42.26		0.0280341		
42.27		0.0280261		
42.28		0.0280181		
42.29		0.0280101		
42.3		0.0280021		
42.31		0.0279941		
42.32		0.0279861		
42.33		0.0279781		
42.34		0.0279701		
42.35		0.0279621		
42.36		0.0279541		
42.37		0.0279462		
42.38		0.0279382		
42.39		0.0279302		
42.4		0.0279223		
42.41		0.0279143		
42.42		0.0279063		
42.43		0.0278984		
42.44		0.0278904		
42.45		0.0278825		
42.46		0.0278745		
42.47		0.0278666		
42.48		0.0278587		
42.49		0.0278507		
42.5		0.0278428		
42.51		0.0278349		
42.52		0.027827		
42.53		0.0278191		
42.54		0.0278112		
42.55		0.0278032		
42.56		0.0277953		
42.57		0.0277874		
42.58		0.0277795		
42.59		0.0277717		
42.6		0.0277638		
42.61		0.0277559		
42.62		0.027748		
42.63		0.0277401		
42.64		0.0277323		
42.65		0.0277244		
42.66		0.0277165		
42.67		0.0277087		
42.68		0.0277008		
42.69		0.027693		
42.7		0.0276851		
42.71		0.0276773		
42.72		0.0276694		
42.73		0.0276616		
42.74		0.0276538		
42.75		0.0276459		
42.76		0.0276381		
42.77		0.0276303		
42.78		0.0276225		
42.79		0.0276147		
42.8		0.0276069		
42.81		0.027599		
42.82		0.0275912		
42.83		0.0275834		
42.84		0.0275757		
42.85		0.0275679		
42.86		0.0275601		
42.87		0.0275523		
42.88		0.0275445		
42.89		0.0275367		
42.9		0.027529		
42.91		0.0275212		
42.92		0.0275134		
42.93		0.0275057		
42.94		0.0274979		
42.95		0.0274902		
42.96		0.0274824		
42.97		0.0274747		
42.98		0.0274669		
42.99		0.0274592		
43		0.0274515		
43.01		0.0274438		
43.02		0.027436		
43.03		0.0274283		
43.04		0.0274206		
43.05		0.0274129		
43.06		0.0274052		
43.07		0.0273975		
43.08		0.0273898		
43.09		0.0273821		
43.1		0.0273744		
43.11		0.0273667		
43.12		0.027359		
43.13		0.0273513		
43.14		0.0273436		
43.15		0.027336		
43.16		0.0273283		
43.17		0.0273206		
43.18		0.027313		
43.19		0.0273053		
43.2		0.0272976		
43.21		0.02729		
43.22		0.0272823		
43.23		0.0272747		
43.24		0.027267		
43.25		0.0272594		
43.26		0.0272518		
43.27		0.0272441		
43.28		0.0272365		
43.29		0.0272289		
43.3		0.0272213		
43.31		0.0272137		
43.32		0.0272061		
43.33		0.0271984		
43.34		0.0271908		
43.35		0.0271832		
43.36		0.0271756		
43.37		0.0271681		
43.38		0.0271605		
43.39		0.0271529		
43.4		0.0271453		
43.41		0.0271377		
43.42		0.0271301		
43.43		0.0271226		
43.44		0.027115		
43.45		0.0271074		
43.46		0.0270999		
43.47		0.0270923		
43.48		0.0270848		
43.49		0.0270772		
43.5		0.0270697		
43.51		0.0270621		
43.52		0.0270546		
43.53		0.0270471		
43.54		0.0270395		
43.55		0.027032		
43.56		0.0270245		
43.57		0.027017		
43.58		0.0270095		
43.59		0.027002		
43.6		0.0269944		
43.61		0.0269869		
43.62		0.0269794		
43.63		0.0269719		
43.64		0.0269645		
43.65		0.026957		
43.66		0.0269495		
43.67		0.0269421		
43.68		0.0269347		
43.69		0.0269273		
43.7		0.0269199		
43.71		0.0269125		
43.72		0.0269052		
43.73		0.0268979		
43.74		0.0268906		
43.75		0.0268833		
43.76		0.026876		
43.77		0.0268688		
43.78		0.0268615		
43.79		0.0268543		
43.8		0.0268471		
43.81		0.02684		
43.82		0.0268328		
43.83		0.0268257		
43.84		0.0268186		
43.85		0.0268115		
43.86		0.0268044		
43.87		0.0267973		
43.88		0.0267902		
43.89		0.0267832		
43.9		0.0267762		
43.91		0.0267692		
43.92		0.0267622		
43.93		0.0267552		
43.94		0.0267483		
43.95		0.0267413		
43.96		0.0267344		
43.97		0.0267275		
43.98		0.0267206		
43.99		0.0267137		
44		0.0267068		
44.01		0.0267		
44.02		0.0266931		
44.03		0.0266863		
44.04		0.0266795		
44.05		0.0266727		
44.06		0.0266659		
44.07		0.0266591		
44.08		0.0266524		
44.09		0.0266456		
44.1		0.0266389		
44.11		0.0266322		
44.12		0.0266255		
44.13		0.0266188		
44.14		0.0266121		
44.15		0.0266054		
44.16		0.0265988		
44.17		0.0265921		
44.18		0.0265855		
44.19		0.0265789		
44.2		0.0265722		
44.21		0.0265656		
44.22		0.0265591		
44.23		0.0265525		
44.24		0.0265459		
44.25		0.0265394		
44.26		0.0265328		
44.27		0.0265263		
44.28		0.0265198		
44.29		0.0265133		
44.3		0.0265068		
44.31		0.0265003		
44.32		0.0264938		
44.33		0.0264873		
44.34		0.0264809		
44.35		0.0264744		
44.36		0.026468		
44.37		0.0264615		
44.38		0.0264551		
44.39		0.0264487		
44.4		0.0264423		
44.41		0.0264359		
44.42		0.0264295		
44.43		0.0264232		
44.44		0.0264168		
44.45		0.0264105		
44.46		0.0264041		
44.47		0.0263978		
44.48		0.0263914		
44.49		0.0263851		
44.5		0.0263788		
44.51		0.0263725		
44.52		0.0263662		
44.53		0.0263599		
44.54		0.0263537		
44.55		0.0263474		
44.56		0.0263411		
44.57		0.0263349		
44.58		0.0263286		
44.59		0.0263224		
44.6		0.0263162		
44.61		0.02631		
44.62		0.0263038		
44.63		0.0262975		
44.64		0.0262914		
44.65		0.0262852		
44.66		0.026279		
44.67		0.0262728		
44.68		0.0262666		
44.69		0.0262605		
44.7		0.0262543		
44.71		0.0262482		
44.72		0.0262421		
44.73		0.0262359		
44.74		0.0262298		
44.75		0.0262237		
44.76		0.0262176		
44.77		0.0262115		
44.78		0.0262054		
44.79		0.0261993		
44.8		0.0261932		
44.81		0.0261871		
44.82		0.0261811		
44.83		0.026175		
44.84		0.0261689		
44.85		0.0261629		
44.86		0.0261568		
44.87		0.0261508		
44.88		0.0261448		
44.89		0.0261388		
44.9		0.0261327		
44.91		0.0261267		
44.92		0.0261207		
44.93		0.0261147		
44.94		0.0261087		
44.95		0.0261027		
44.96		0.0260967		
44.97		0.0260908		
44.98		0.0260848		
44.99		0.0260788		
45		0.0260729		
45.01		0.0260669		
45.02		0.026061		
45.03		0.026055		
45.04		0.0260491		
45.05		0.0260432		
45.06		0.0260372		
45.07		0.0260313		
45.08		0.0260254		
45.09		0.0260195		
45.1		0.0260136		
45.11		0.0260077		
45.12		0.0260018		
45.13		0.0259959		
45.14		0.02599		
45.15		0.0259841		
45.16		0.0259782		
45.17		0.0259724		
45.18		0.0259665		
45.19		0.0259607		
45.2		0.0259548		
45.21		0.0259489		
45.22		0.0259431		
45.23		0.0259373		
45.24		0.0259314		
45.25		0.0259256		
45.26		0.0259198		
45.27		0.0259139		
45.28		0.0259081		
45.29		0.0259023		
45.3		0.0258965		
45.31		0.0258907		
45.32		0.0258849		
45.33		0.0258791		
45.34		0.0258733		
45.35		0.0258675		
45.36		0.0258618		
45.37		0.025856		
45.38		0.0258502		
45.39		0.0258445		
45.4		0.0258387		
45.41		0.025833		
45.42		0.0258272		
45.43		0.0258215		
45.44		0.0258157		
45.45		0.02581		
45.46		0.0258043		
45.47		0.0257986		
45.48		0.0257929		
45.49		0.0257871		
45.5		0.0257814		
45.51		0.0257757		
45.52		0.0257701		
45.53		0.0257644		
45.54		0.0257587		
45.55		0.025753		
45.56		0.0257473		
45.57		0.0257417		
45.58		0.025736		
45.59		0.0257304		
45.6		0.0257247		
45.61		0.0257191		
45.62		0.0257135		
45.63		0.0257078		
45.64		0.0257022		
45.65		0.0256966		
45.66		0.025691		
45.67		0.0256854		
45.68		0.0256798		
45.69		0.0256742		
45.7		0.0256686		
45.71		0.025663		
45.72		0.0256574		
45.73		0.0256519		
45.74		0.0256463		
45.75		0.0256408		
45.76		0.0256352		
45.77		0.0256297		
45.78		0.0256241		
45.79		0.0256186		
45.8		0.0256131		
45.81		0.0256075		
45.82		0.025602		
45.83		0.0255965		
45.84		0.025591		
45.85		0.0255855		
45.86		0.02558		
45.87		0.0255745		
45.88		0.0255691		
45.89		0.0255636		
45.9		0.0255581		
45.91		0.0255527		
45.92		0.0255472		
45.93		0.0255418		
45.94		0.0255363		
45.95		0.0255309		
45.96		0.0255255		
45.97		0.02552		
45.98		0.0255146		
45.99		0.0255092		
46		0.0255038		
46.01		0.0254984		
46.02		0.025493		
46.03		0.0254876		
46.04		0.0254823		
46.05		0.0254769		
46.06		0.0254715		
46.07		0.0254662		
46.08		0.0254608		
46.09		0.0254555		
46.1		0.0254501		
46.11		0.0254448		
46.12		0.0254395		
46.13		0.0254341		
46.14		0.0254288		
46.15		0.0254235		
46.16		0.0254182		
46.17		0.0254129		
46.18		0.0254076		
46.19		0.0254023		
46.2		0.0253971		
46.21		0.0253918		
46.22		0.0253865		
46.23		0.0253813		
46.24		0.025376		
46.25		0.0253708		
46.26		0.0253655		
46.27		0.0253603		
46.28		0.0253551		
46.29		0.0253498		
46.3		0.0253446		
46.31		0.0253394		
46.32		0.0253342		
46.33		0.025329		
46.34		0.0253238		
46.35		0.0253186		
46.36		0.0253135		
46.37		0.0253083		
46.38		0.0253031		
46.39		0.025298		
46.4		0.0252928		
46.41		0.0252877		
46.42		0.0252825		
46.43		0.0252774		
46.44		0.0252723		
46.45		0.0252671		
46.46		0.025262		
46.47		0.0252569		
46.48		0.0252518		
46.49		0.0252467		
46.5		0.0252416		
46.51		0.0252365		
46.52		0.0252314		
46.53		0.0252264		
46.54		0.0252213		
46.55		0.0252162		
46.56		0.0252112		
46.57		0.0252061		
46.58		0.0252011		
46.59		0.025196		
46.6		0.025191		
46.61		0.025186		
46.62		0.025181		
46.63		0.025176		
46.64		0.0251709		
46.65		0.0251659		
46.66		0.0251609		
46.67		0.025156		
46.68		0.025151		
46.69		0.025146		
46.7		0.025141		
46.71		0.025136		
46.72		0.0251311		
46.73		0.0251261		
46.74		0.0251212		
46.75		0.0251162		
46.76		0.0251113		
46.77		0.0251064		
46.78		0.0251014		
46.79		0.0250965		
46.8		0.0250916		
46.81		0.0250867		
46.82		0.0250818		
46.83		0.0250769		
46.84		0.025072		
46.85		0.0250671		
46.86		0.0250622		
46.87		0.0250574		
46.88		0.0250525		
46.89		0.0250476		
46.9		0.0250428		
46.91		0.0250379		
46.92		0.0250331		
46.93		0.0250282		
46.94		0.0250234		
46.95		0.0250186		
46.96		0.0250137		
46.97		0.0250089		
46.98		0.0250041		
46.99		0.0249993		
47		0.0249945		
47.01		0.0249897		
47.02		0.0249849		
47.03		0.0249801		
47.04		0.0249753		
47.05		0.0249706		
47.06		0.0249658		
47.07		0.024961		
47.08		0.0249563		
47.09		0.0249515		
47.1		0.0249468		
47.11		0.024942		
47.12		0.0249373		
47.13		0.0249326		
47.14		0.0249278		
47.15		0.0249231		
47.16		0.0249184		
47.17		0.0249137		
47.18		0.024909		
47.19		0.0249043		
47.2		0.0248996		
47.21		0.0248949		
47.22		0.0248902		
47.23		0.0248855		
47.24		0.0248808		
47.25		0.0248762		
47.26		0.0248715		
47.27		0.0248668		
47.28		0.0248622		
47.29		0.0248575		
47.3		0.0248529		
47.31		0.0248483		
47.32		0.0248436		
47.33		0.024839		
47.34		0.0248344		
47.35		0.0248297		
47.36		0.0248251		
47.37		0.0248205		
47.38		0.0248159		
47.39		0.0248113		
47.4		0.0248067		
47.41		0.0248021		
47.42		0.0247975		
47.43		0.024793		
47.44		0.0247884		
47.45		0.0247838		
47.46		0.0247792		
47.47		0.0247747		
47.48		0.0247701		
47.49		0.0247656		
47.5		0.024761		
47.51		0.0247565		
47.52		0.0247519		
47.53		0.0247474		
47.54		0.0247429		
47.55		0.0247384		
47.56		0.0247338		
47.57		0.0247293		
47.58		0.0247248		
47.59		0.0247203		
47.6		0.0247158		
47.61		0.0247113		
47.62		0.0247068		
47.63		0.0247023		
47.64		0.0246979		
47.65		0.0246934		
47.66		0.0246889		
47.67		0.0246844		
47.68		0.02468		
47.69		0.0246755		
47.7		0.0246711		
47.71		0.0246666		
47.72		0.0246622		
47.73		0.0246577		
47.74		0.0246533		
47.75		0.0246488		
47.76		0.0246444		
47.77		0.02464		
47.78		0.0246356		
47.79		0.0246311		
47.8		0.0246267		
47.81		0.0246223		
47.82		0.0246179		
47.83		0.0246135		
47.84		0.0246091		
47.85		0.0246047		
47.86		0.0246004		
47.87		0.024596		
47.88		0.0245916		
47.89		0.0245872		
47.9		0.0245828		
47.91		0.0245785		
47.92		0.0245741		
47.93		0.0245698		
47.94		0.0245654		
47.95		0.0245611		
47.96		0.0245567		
47.97		0.0245524		
47.98		0.024548		
47.99		0.0245437		
48		0.0245394		
48.01		0.024535		
48.02		0.0245307		
48.03		0.0245264		
48.04		0.0245221		
48.05		0.0245178		
48.06		0.0245135		
48.07		0.0245092		
48.08		0.0245049		
48.09		0.0245006		
48.1		0.0244963		
48.11		0.024492		
48.12		0.0244877		
48.13		0.0244834		
48.14		0.0244792		
48.15		0.0244749		
48.16		0.0244706		
48.17		0.0244664		
48.18		0.0244621		
48.19		0.0244579		
48.2		0.0244536		
48.21		0.0244494		
48.22		0.0244451		
48.23		0.0244409		
48.24		0.0244366		
48.25		0.0244324		
48.26		0.0244282		
48.27		0.0244239		
48.28		0.0244197		
48.29		0.0244155		
48.3		0.0244113		
48.31		0.0244071		
48.32		0.0244029		
48.33		0.0243987		
48.34		0.0243945		
48.35		0.0243903		
48.36		0.0243861		
48.37		0.0243819		
48.38		0.0243777		
48.39		0.0243735		
48.4		0.0243693		
48.41		0.0243652		
48.42		0.024361		
48.43		0.0243568		
48.44		0.0243527		
48.45		0.0243485		
48.46		0.0243443		
48.47		0.0243402		
48.48		0.024336		
48.49		0.0243319		
48.5		0.0243277		
48.51		0.0243236		
48.52		0.0243194		
48.53		0.0243153		
48.54		0.0243112		
48.55		0.0243071		
48.56		0.0243029		
48.57		0.0242988		
48.58		0.0242947		
48.59		0.0242906		
48.6		0.0242865		
48.61		0.0242823		
48.62		0.0242782		
48.63		0.0242741		
48.64		0.02427		
48.65		0.0242659		
48.66		0.0242619		
48.67		0.0242578		
48.68		0.0242537		
48.69		0.0242496		
48.7		0.0242455		
48.71		0.0242414		
48.72		0.0242374		
48.73		0.0242333		
48.74		0.0242292		
48.75		0.0242252		
48.76		0.0242211		
48.77		0.024217		
48.78		0.024213		
48.79		0.0242089		
48.8		0.0242049		
48.81		0.0242008		
48.82		0.0241968		
48.83		0.0241927		
48.84		0.0241887		
48.85		0.0241847		
48.86		0.0241806		
48.87		0.0241766		
48.88		0.0241726		
48.89		0.0241686		
48.9		0.0241645		
48.91		0.0241605		
48.92		0.0241565		
48.93		0.0241525		
48.94		0.0241485		
48.95		0.0241445		
48.96		0.0241405		
48.97		0.0241365		
48.98		0.0241325		
48.99		0.0241285		
49		0.0241245		
49.01		0.0241205		
49.02		0.0241165		
49.03		0.0241126		
49.04		0.0241086		
49.05		0.0241046		
49.06		0.0241006		
49.07		0.0240967		
49.08		0.0240927		
49.09		0.0240887		
49.1		0.0240848		
49.11		0.0240808		
49.12		0.0240768		
49.13		0.0240729		
49.14		0.0240689		
49.15		0.024065		
49.16		0.024061		
49.17		0.0240571		
49.18		0.0240532		
49.19		0.0240492		
49.2		0.0240453		
49.21		0.0240414		
49.22		0.0240374		
49.23		0.0240335		
49.24		0.0240296		
49.25		0.0240256		
49.26		0.0240217		
49.27		0.0240178		
49.28		0.0240139		
49.29		0.02401		
49.3		0.0240061		
49.31		0.0240022		
49.32		0.0239983		
49.33		0.0239944		
49.34		0.0239905		
49.35		0.0239866		
49.36		0.0239827		
49.37		0.0239788		
49.38		0.0239749		
49.39		0.023971		
49.4		0.0239671		
49.41		0.0239632		
49.42		0.0239594		
49.43		0.0239555		
49.44		0.0239516		
49.45		0.0239477		
49.46		0.0239439		
49.47		0.02394		
49.48		0.0239361		
49.49		0.0239323		
49.5		0.0239284		
49.51		0.0239246		
49.52		0.0239207		
49.53		0.0239168		
49.54		0.023913		
49.55		0.0239091		
49.56		0.0239053		
49.57		0.0239015		
49.58		0.0238976		
49.59		0.0238938		
49.6		0.0238899		
49.61		0.0238861		
49.62		0.0238823		
49.63		0.0238785		
49.64		0.0238746		
49.65		0.0238708		
49.66		0.023867		
49.67		0.0238632		
49.68		0.0238593		
49.69		0.0238555		
49.7		0.0238517		
49.71		0.0238479		
49.72		0.0238441		
49.73		0.0238403		
49.74		0.0238365		
49.75		0.0238327		
49.76		0.0238289		
49.77		0.0238251		
49.78		0.0238213		
49.79		0.0238175		
49.8		0.0238137		
49.81		0.0238099		
49.82		0.0238061		
49.83		0.0238023		
49.84		0.0237986		
49.85		0.0237948		
49.86		0.023791		
49.87		0.0237872		
49.88		0.0237835		
49.89		0.0237797		
49.9		0.0237759		
49.91		0.0237721		
49.92		0.0237684		
49.93		0.0237646		
49.94		0.0237609		
49.95		0.0237571		
49.96		0.0237533		
49.97		0.0237496		
49.98		0.0237458		
49.99		0.0237421		
50		0.0237383		
