tau [fm]		R_pi^-1
0.25		1.32388
0.26		1.32527		
0.27		1.32573		
0.28		1.32537		
0.29		1.32429		
0.3		1.32257		
0.31		1.32029		
0.32		1.31752		
0.33		1.31431		
0.34		1.31071		
0.35		1.30677		
0.36		1.30253		
0.37		1.29803		
0.38		1.2933		
0.39		1.28836		
0.4		1.28325		
0.41		1.27798		
0.42		1.27258		
0.43		1.26706		
0.44		1.26145		
0.45		1.25576		
0.46		1.24999		
0.47		1.24417		
0.48		1.2383		
0.49		1.2324		
0.5		1.22646		
0.51		1.22051		
0.52		1.21453		
0.53		1.20855		
0.54		1.20257		
0.55		1.19659		
0.56		1.19061		
0.57		1.18464		
0.58		1.17869		
0.59		1.17274		
0.6		1.16682		
0.61		1.16092		
0.62		1.15503		
0.63		1.14917		
0.64		1.14333		
0.65		1.13752		
0.66		1.13174		
0.67		1.12598		
0.68		1.12025		
0.69		1.11455		
0.7		1.10888		
0.71		1.10323		
0.72		1.09762		
0.73		1.09204		
0.74		1.08649		
0.75		1.08097		
0.76		1.07548		
0.77		1.07002		
0.78		1.06459		
0.79		1.05919		
0.8		1.05383		
0.81		1.04849		
0.82		1.04319		
0.83		1.03791		
0.84		1.03267		
0.85		1.02746		
0.86		1.02228		
0.87		1.01713		
0.88		1.01201		
0.89		1.00692		
0.9		1.00186		
0.91		0.996829		
0.92		0.99183		
0.93		0.986861		
0.94		0.981921		
0.95		0.977012		
0.96		0.972132		
0.97		0.967281		
0.98		0.962459		
0.99		0.957667		
1		0.952903		
1.01		0.948169		
1.02		0.943463		
1.03		0.938786		
1.04		0.934137		
1.05		0.929517		
1.06		0.924924		
1.07		0.92036		
1.08		0.915824		
1.09		0.911315		
1.1		0.906835		
1.11		0.902381		
1.12		0.897955		
1.13		0.893557		
1.14		0.889185		
1.15		0.884841		
1.16		0.880523		
1.17		0.876232		
1.18		0.871967		
1.19		0.867729		
1.2		0.863517		
1.21		0.859332		
1.22		0.855172		
1.23		0.851038		
1.24		0.84693		
1.25		0.842848		
1.26		0.838791		
1.27		0.834759		
1.28		0.830753		
1.29		0.826771		
1.3		0.822815		
1.31		0.818883		
1.32		0.814976		
1.33		0.811094		
1.34		0.807235		
1.35		0.803402		
1.36		0.799592		
1.37		0.795806		
1.38		0.792044		
1.39		0.788306		
1.4		0.784591		
1.41		0.7809		
1.42		0.777232		
1.43		0.773587		
1.44		0.769965		
1.45		0.766367		
1.46		0.762791		
1.47		0.759237		
1.48		0.755706		
1.49		0.752198		
1.5		0.748712		
1.51		0.745248		
1.52		0.741805		
1.53		0.738385		
1.54		0.734987		
1.55		0.73161		
1.56		0.728254		
1.57		0.72492		
1.58		0.721607		
1.59		0.718315		
1.6		0.715044		
1.61		0.711794		
1.62		0.708565		
1.63		0.705356		
1.64		0.702168		
1.65		0.699		
1.66		0.695852		
1.67		0.692724		
1.68		0.689617		
1.69		0.686529		
1.7		0.683461		
1.71		0.680412		
1.72		0.677383		
1.73		0.674373		
1.74		0.671382		
1.75		0.668411		
1.76		0.665458		
1.77		0.662524		
1.78		0.659609		
1.79		0.656713		
1.8		0.653835		
1.81		0.650975		
1.82		0.648134		
1.83		0.645311		
1.84		0.642506		
1.85		0.639719		
1.86		0.636949		
1.87		0.634197		
1.88		0.631463		
1.89		0.628747		
1.9		0.626047		
1.91		0.623365		
1.92		0.6207		
1.93		0.618052		
1.94		0.615421		
1.95		0.612806		
1.96		0.610208		
1.97		0.607627		
1.98		0.605062		
1.99		0.602514		
2		0.599982		
2.01		0.597466		
2.02		0.594965		
2.03		0.592481		
2.04		0.590013		
2.05		0.58756		
2.06		0.585123		
2.07		0.582701		
2.08		0.580295		
2.09		0.577904		
2.1		0.575528		
2.11		0.573167		
2.12		0.570821		
2.13		0.56849		
2.14		0.566174		
2.15		0.563873		
2.16		0.561586		
2.17		0.559313		
2.18		0.557055		
2.19		0.554811		
2.2		0.552581		
2.21		0.550366		
2.22		0.548164		
2.23		0.545976		
2.24		0.543802		
2.25		0.541642		
2.26		0.539495		
2.27		0.537362		
2.28		0.535242		
2.29		0.533135		
2.3		0.531042		
2.31		0.528962		
2.32		0.526895		
2.33		0.524841		
2.34		0.522799		
2.35		0.520771		
2.36		0.518755		
2.37		0.516752		
2.38		0.514761		
2.39		0.512782		
2.4		0.510816		
2.41		0.508863		
2.42		0.506921		
2.43		0.504992		
2.44		0.503074		
2.45		0.501168		
2.46		0.499274		
2.47		0.497392		
2.48		0.495522		
2.49		0.493663		
2.5		0.491816		
2.51		0.48998		
2.52		0.488155		
2.53		0.486342		
2.54		0.48454		
2.55		0.482749		
2.56		0.480969		
2.57		0.479199		
2.58		0.477441		
2.59		0.475694		
2.6		0.473957		
2.61		0.472231		
2.62		0.470515		
2.63		0.46881		
2.64		0.467116		
2.65		0.465431		
2.66		0.463757		
2.67		0.462093		
2.68		0.46044		
2.69		0.458796		
2.7		0.457162		
2.71		0.455538		
2.72		0.453924		
2.73		0.45232		
2.74		0.450726		
2.75		0.449141		
2.76		0.447565		
2.77		0.446		
2.78		0.444443		
2.79		0.442896		
2.8		0.441358		
2.81		0.43983		
2.82		0.43831		
2.83		0.4368		
2.84		0.435299		
2.85		0.433806		
2.86		0.432323		
2.87		0.430848		
2.88		0.429383		
2.89		0.427926		
2.9		0.426477		
2.91		0.425037		
2.92		0.423606		
2.93		0.422183		
2.94		0.420769		
2.95		0.419363		
2.96		0.417965		
2.97		0.416575		
2.98		0.415194		
2.99		0.413821		
3		0.412455		
3.01		0.411098		
3.02		0.409749		
3.03		0.408407		
3.04		0.407074		
3.05		0.405748		
3.06		0.40443		
3.07		0.403119		
3.08		0.401816		
3.09		0.400521		
3.1		0.399233		
3.11		0.397953		
3.12		0.39668		
3.13		0.395415		
3.14		0.394156		
3.15		0.392905		
3.16		0.391661		
3.17		0.390424		
3.18		0.389195		
3.19		0.387972		
3.2		0.386756		
3.21		0.385548		
3.22		0.384346		
3.23		0.383151		
3.24		0.381963		
3.25		0.380781		
3.26		0.379606		
3.27		0.378438		
3.28		0.377277		
3.29		0.376122		
3.3		0.374973		
3.31		0.373831		
3.32		0.372696		
3.33		0.371566		
3.34		0.370443		
3.35		0.369327		
3.36		0.368216		
3.37		0.367112		
3.38		0.366014		
3.39		0.364922		
3.4		0.363836		
3.41		0.362756		
3.42		0.361682		
3.43		0.360614		
3.44		0.359552		
3.45		0.358496		
3.46		0.357446		
3.47		0.356401		
3.48		0.355362		
3.49		0.354329		
3.5		0.353301		
3.51		0.352279		
3.52		0.351263		
3.53		0.350252		
3.54		0.349246		
3.55		0.348246		
3.56		0.347252		
3.57		0.346263		
3.58		0.345279		
3.59		0.3443		
3.6		0.343327		
3.61		0.342359		
3.62		0.341396		
3.63		0.340438		
3.64		0.339486		
3.65		0.338538		
3.66		0.337596		
3.67		0.336659		
3.68		0.335726		
3.69		0.334799		
3.7		0.333876		
3.71		0.332958		
3.72		0.332045		
3.73		0.331137		
3.74		0.330234		
3.75		0.329336		
3.76		0.328442		
3.77		0.327553		
3.78		0.326668		
3.79		0.325788		
3.8		0.324913		
3.81		0.324042		
3.82		0.323176		
3.83		0.322314		
3.84		0.321457		
3.85		0.320604		
3.86		0.319756		
3.87		0.318912		
3.88		0.318072		
3.89		0.317236		
3.9		0.316405		
3.91		0.315578		
3.92		0.314756		
3.93		0.313937		
3.94		0.313123		
3.95		0.312313		
3.96		0.311507		
3.97		0.310705		
3.98		0.309907		
3.99		0.309113		
4		0.308323		
4.01		0.307537		
4.02		0.306755		
4.03		0.305977		
4.04		0.305202		
4.05		0.304432		
4.06		0.303665		
4.07		0.302903		
4.08		0.302144		
4.09		0.301389		
4.1		0.300637		
4.11		0.299889		
4.12		0.299145		
4.13		0.298405		
4.14		0.297668		
4.15		0.296935		
4.16		0.296206		
4.17		0.29548		
4.18		0.294757		
4.19		0.294038		
4.2		0.293323		
4.21		0.292611		
4.22		0.291903		
4.23		0.291197		
4.24		0.290496		
4.25		0.289798		
4.26		0.289103		
4.27		0.288411		
4.28		0.287723		
4.29		0.287038		
4.3		0.286356		
4.31		0.285678		
4.32		0.285002		
4.33		0.28433		
4.34		0.283661		
4.35		0.282996		
4.36		0.282333		
4.37		0.281674		
4.38		0.281018		
4.39		0.280364		
4.4		0.279714		
4.41		0.279067		
4.42		0.278423		
4.43		0.277782		
4.44		0.277144		
4.45		0.276509		
4.46		0.275876		
4.47		0.275247		
4.48		0.274621		
4.49		0.273997		
4.5		0.273377		
4.51		0.272759		
4.52		0.272144		
4.53		0.271532		
4.54		0.270923		
4.55		0.270316		
4.56		0.269712		
4.57		0.269111		
4.58		0.268513		
4.59		0.267918		
4.6		0.267325		
4.61		0.266734		
4.62		0.266147		
4.63		0.265562		
4.64		0.26498		
4.65		0.2644		
4.66		0.263823		
4.67		0.263249		
4.68		0.262677		
4.69		0.262107		
4.7		0.26154		
4.71		0.260976		
4.72		0.260414		
4.73		0.259855		
4.74		0.259298		
4.75		0.258743		
4.76		0.258191		
4.77		0.257642		
4.78		0.257094		
4.79		0.25655		
4.8		0.256007		
4.81		0.255467		
4.82		0.254929		
4.83		0.254394		
4.84		0.253861		
4.85		0.25333		
4.86		0.252802		
4.87		0.252275		
4.88		0.251751		
4.89		0.25123		
4.9		0.25071		
4.91		0.250193		
4.92		0.249678		
4.93		0.249165		
4.94		0.248654		
4.95		0.248146		
4.96		0.247639		
4.97		0.247135		
4.98		0.246633		
4.99		0.246133		
5		0.245635		
5.01		0.245139		
5.02		0.244646		
5.03		0.244154		
5.04		0.243664		
5.05		0.243177		
5.06		0.242691		
5.07		0.242208		
5.08		0.241726		
5.09		0.241246		
5.1		0.240769		
5.11		0.240293		
5.12		0.23982		
5.13		0.239348		
5.14		0.238878		
5.15		0.23841		
5.16		0.237944		
5.17		0.23748		
5.18		0.237018		
5.19		0.236558		
5.2		0.236099		
5.21		0.235643		
5.22		0.235188		
5.23		0.234735		
5.24		0.234284		
5.25		0.233835		
5.26		0.233387		
5.27		0.232942		
5.28		0.232498		
5.29		0.232055		
5.3		0.231615		
5.31		0.231176		
5.32		0.23074		
5.33		0.230304		
5.34		0.229871		
5.35		0.229439		
5.36		0.229009		
5.37		0.228581		
5.38		0.228154		
5.39		0.227729		
5.4		0.227306		
5.41		0.226884		
5.42		0.226464		
5.43		0.226045		
5.44		0.225629		
5.45		0.225213		
5.46		0.2248		
5.47		0.224388		
5.48		0.223977		
5.49		0.223569		
5.5		0.223161		
5.51		0.222756		
5.52		0.222351		
5.53		0.221949		
5.54		0.221548		
5.55		0.221148		
5.56		0.22075		
5.57		0.220353		
5.58		0.219958		
5.59		0.219565		
5.6		0.219173		
5.61		0.218782		
5.62		0.218393		
5.63		0.218005		
5.64		0.217619		
5.65		0.217234		
5.66		0.216851		
5.67		0.216469		
5.68		0.216088		
5.69		0.215709		
5.7		0.215332		
5.71		0.214955		
5.72		0.21458		
5.73		0.214207		
5.74		0.213835		
5.75		0.213464		
5.76		0.213094		
5.77		0.212726		
5.78		0.212359		
5.79		0.211994		
5.8		0.21163		
5.81		0.211267		
5.82		0.210906		
5.83		0.210546		
5.84		0.210187		
5.85		0.209829		
5.86		0.209473		
5.87		0.209118		
5.88		0.208764		
5.89		0.208412		
5.9		0.20806		
5.91		0.20771		
5.92		0.207362		
5.93		0.207014		
5.94		0.206668		
5.95		0.206323		
5.96		0.205979		
5.97		0.205636		
5.98		0.205295		
5.99		0.204955		
6		0.204616		
6.01		0.204278		
6.02		0.203941		
6.03		0.203606		
6.04		0.203272		
6.05		0.202939		
6.06		0.202607		
6.07		0.202276		
6.08		0.201946		
6.09		0.201618		
6.1		0.20129		
6.11		0.200964		
6.12		0.200639		
6.13		0.200315		
6.14		0.199992		
6.15		0.19967		
6.16		0.199349		
6.17		0.199029		
6.18		0.198711		
6.19		0.198393		
6.2		0.198077		
6.21		0.197762		
6.22		0.197447		
6.23		0.197134		
6.24		0.196822		
6.25		0.196511		
6.26		0.196201		
6.27		0.195892		
6.28		0.195584		
6.29		0.195277		
6.3		0.194971		
6.31		0.194666		
6.32		0.194362		
6.33		0.194059		
6.34		0.193757		
6.35		0.193456		
6.36		0.193157		
6.37		0.192858		
6.38		0.19256		
6.39		0.192263		
6.4		0.191967		
6.41		0.191672		
6.42		0.191378		
6.43		0.191084		
6.44		0.190792		
6.45		0.190501		
6.46		0.190211		
6.47		0.189922		
6.48		0.189633		
6.49		0.189346		
6.5		0.189059		
6.51		0.188774		
6.52		0.188489		
6.53		0.188205		
6.54		0.187922		
6.55		0.18764		
6.56		0.187359		
6.57		0.187079		
6.58		0.1868		
6.59		0.186521		
6.6		0.186244		
6.61		0.185967		
6.62		0.185691		
6.63		0.185416		
6.64		0.185142		
6.65		0.184869		
6.66		0.184597		
6.67		0.184325		
6.68		0.184055		
6.69		0.183785		
6.7		0.183516		
6.71		0.183248		
6.72		0.182981		
6.73		0.182714		
6.74		0.182449		
6.75		0.182184		
6.76		0.18192		
6.77		0.181657		
6.78		0.181395		
6.79		0.181133		
6.8		0.180872		
6.81		0.180612		
6.82		0.180353		
6.83		0.180095		
6.84		0.179837		
6.85		0.17958		
6.86		0.179324		
6.87		0.179069		
6.88		0.178815		
6.89		0.178561		
6.9		0.178308		
6.91		0.178056		
6.92		0.177805		
6.93		0.177554		
6.94		0.177304		
6.95		0.177055		
6.96		0.176807		
6.97		0.176559		
6.98		0.176312		
6.99		0.176066		
7		0.17582		
7.01		0.175576		
7.02		0.175332		
7.03		0.175088		
7.04		0.174846		
7.05		0.174604		
7.06		0.174363		
7.07		0.174122		
7.08		0.173883		
7.09		0.173644		
7.1		0.173405		
7.11		0.173168		
7.12		0.172931		
7.13		0.172694		
7.14		0.172459		
7.15		0.172224		
7.16		0.17199		
7.17		0.171756		
7.18		0.171523		
7.19		0.171291		
7.2		0.17106		
7.21		0.170829		
7.22		0.170599		
7.23		0.170369		
7.24		0.17014		
7.25		0.169912		
7.26		0.169685		
7.27		0.169458		
7.28		0.169231		
7.29		0.169006		
7.3		0.168781		
7.31		0.168556		
7.32		0.168333		
7.33		0.16811		
7.34		0.167887		
7.35		0.167665		
7.36		0.167444		
7.37		0.167224		
7.38		0.167004		
7.39		0.166784		
7.4		0.166566		
7.41		0.166348		
7.42		0.16613		
7.43		0.165913		
7.44		0.165697		
7.45		0.165481		
7.46		0.165266		
7.47		0.165051		
7.48		0.164838		
7.49		0.164624		
7.5		0.164411		
7.51		0.164199		
7.52		0.163988		
7.53		0.163777		
7.54		0.163566		
7.55		0.163356		
7.56		0.163147		
7.57		0.162938		
7.58		0.16273		
7.59		0.162523		
7.6		0.162316		
7.61		0.162109		
7.62		0.161903		
7.63		0.161698		
7.64		0.161493		
7.65		0.161289		
7.66		0.161085		
7.67		0.160882		
7.68		0.16068		
7.69		0.160478		
7.7		0.160276		
7.71		0.160075		
7.72		0.159875		
7.73		0.159675		
7.74		0.159475		
7.75		0.159277		
7.76		0.159078		
7.77		0.15888		
7.78		0.158683		
7.79		0.158486		
7.8		0.15829		
7.81		0.158094		
7.82		0.157899		
7.83		0.157705		
7.84		0.15751		
7.85		0.157317		
7.86		0.157124		
7.87		0.156931		
7.88		0.156739		
7.89		0.156547		
7.9		0.156356		
7.91		0.156165		
7.92		0.155975		
7.93		0.155785		
7.94		0.155596		
7.95		0.155408		
7.96		0.155219		
7.97		0.155032		
7.98		0.154844		
7.99		0.154658		
8		0.154471		
8.01		0.154285		
8.02		0.1541		
8.03		0.153915		
8.04		0.153731		
8.05		0.153547		
8.06		0.153363		
8.07		0.15318		
8.08		0.152998		
8.09		0.152816		
8.1		0.152634		
8.11		0.152453		
8.12		0.152272		
8.13		0.152092		
8.14		0.151912		
8.15		0.151733		
8.16		0.151554		
8.17		0.151376		
8.18		0.151198		
8.19		0.15102		
8.2		0.150843		
8.21		0.150666		
8.22		0.15049		
8.23		0.150314		
8.24		0.150139		
8.25		0.149964		
8.26		0.14979		
8.27		0.149615		
8.28		0.149442		
8.29		0.149269		
8.3		0.149096		
8.31		0.148924		
8.32		0.148752		
8.33		0.14858		
8.34		0.148409		
8.35		0.148238		
8.36		0.148068		
8.37		0.147898		
8.38		0.147729		
8.39		0.14756		
8.4		0.147391		
8.41		0.147223		
8.42		0.147055		
8.43		0.146888		
8.44		0.146721		
8.45		0.146554		
8.46		0.146388		
8.47		0.146222		
8.48		0.146057		
8.49		0.145892		
8.5		0.145727		
8.51		0.145563		
8.52		0.145399		
8.53		0.145236		
8.54		0.145073		
8.55		0.14491		
8.56		0.144748		
8.57		0.144586		
8.58		0.144424		
8.59		0.144263		
8.6		0.144103		
8.61		0.143942		
8.62		0.143782		
8.63		0.143623		
8.64		0.143463		
8.65		0.143305		
8.66		0.143146		
8.67		0.142988		
8.68		0.14283		
8.69		0.142673		
8.7		0.142516		
8.71		0.142359		
8.72		0.142203		
8.73		0.142047		
8.74		0.141892		
8.75		0.141736		
8.76		0.141582		
8.77		0.141427		
8.78		0.141273		
8.79		0.141119		
8.8		0.140966		
8.81		0.140813		
8.82		0.14066		
8.83		0.140508		
8.84		0.140356		
8.85		0.140204		
8.86		0.140053		
8.87		0.139902		
8.88		0.139751		
8.89		0.139601		
8.9		0.139451		
8.91		0.139301		
8.92		0.139152		
8.93		0.139003		
8.94		0.138855		
8.95		0.138706		
8.96		0.138558		
8.97		0.138411		
8.98		0.138264		
8.99		0.138117		
9		0.13797		
9.01		0.137824		
9.02		0.137678		
9.03		0.137532		
9.04		0.137387		
9.05		0.137242		
9.06		0.137097		
9.07		0.136953		
9.08		0.136809		
9.09		0.136665		
9.1		0.136522		
9.11		0.136379		
9.12		0.136236		
9.13		0.136094		
9.14		0.135952		
9.15		0.13581		
9.16		0.135668		
9.17		0.135527		
9.18		0.135386		
9.19		0.135246		
9.2		0.135106		
9.21		0.134966		
9.22		0.134826		
9.23		0.134687		
9.24		0.134548		
9.25		0.134409		
9.26		0.134271		
9.27		0.134133		
9.28		0.133995		
9.29		0.133857		
9.3		0.13372		
9.31		0.133583		
9.32		0.133447		
9.33		0.13331		
9.34		0.133174		
9.35		0.133038		
9.36		0.132903		
9.37		0.132768		
9.38		0.132633		
9.39		0.132498		
9.4		0.132364		
9.41		0.13223		
9.42		0.132096		
9.43		0.131963		
9.44		0.13183		
9.45		0.131697		
9.46		0.131564		
9.47		0.131432		
9.48		0.1313		
9.49		0.131168		
9.5		0.131037		
9.51		0.130906		
9.52		0.130775		
9.53		0.130644		
9.54		0.130514		
9.55		0.130384		
9.56		0.130254		
9.57		0.130124		
9.58		0.129995		
9.59		0.129866		
9.6		0.129737		
9.61		0.129609		
9.62		0.129481		
9.63		0.129353		
9.64		0.129225		
9.65		0.129098		
9.66		0.12897		
9.67		0.128843		
9.68		0.128717		
9.69		0.128591		
9.7		0.128464		
9.71		0.128339		
9.72		0.128213		
9.73		0.128088		
9.74		0.127963		
9.75		0.127838		
9.76		0.127713		
9.77		0.127589		
9.78		0.127465		
9.79		0.127341		
9.8		0.127218		
9.81		0.127094		
9.82		0.126971		
9.83		0.126849		
9.84		0.126726		
9.85		0.126604		
9.86		0.126482		
9.87		0.12636		
9.88		0.126238		
9.89		0.126117		
9.9		0.125996		
9.91		0.125875		
9.92		0.125755		
9.93		0.125634		
9.94		0.125514		
9.95		0.125394		
9.96		0.125275		
9.97		0.125155		
9.98		0.125036		
9.99		0.124917		
10		0.124799		
10.01		0.12468		
10.02		0.124562		
10.03		0.124444		
10.04		0.124326		
10.05		0.124209		
10.06		0.124092		
10.07		0.123975		
10.08		0.123858		
10.09		0.123741		
10.1		0.123625		
10.11		0.123509		
10.12		0.123393		
10.13		0.123277		
10.14		0.123162		
10.15		0.123047		
10.16		0.122932		
10.17		0.122817		
10.18		0.122703		
10.19		0.122588		
10.2		0.122474		
10.21		0.12236		
10.22		0.122247		
10.23		0.122133		
10.24		0.12202		
10.25		0.121907		
10.26		0.121795		
10.27		0.121682		
10.28		0.12157		
10.29		0.121458		
10.3		0.121346		
10.31		0.121234		
10.32		0.121123		
10.33		0.121011		
10.34		0.1209		
10.35		0.12079		
10.36		0.120679		
10.37		0.120569		
10.38		0.120458		
10.39		0.120349		
10.4		0.120239		
10.41		0.120129		
10.42		0.12002		
10.43		0.119911		
10.44		0.119802		
10.45		0.119693		
10.46		0.119585		
10.47		0.119476		
10.48		0.119368		
10.49		0.11926		
10.5		0.119153		
10.51		0.119045		
10.52		0.118938		
10.53		0.118831		
10.54		0.118724		
10.55		0.118617		
10.56		0.118511		
10.57		0.118404		
10.58		0.118298		
10.59		0.118193		
10.6		0.118087		
10.61		0.117981		
10.62		0.117876		
10.63		0.117771		
10.64		0.117666		
10.65		0.117561		
10.66		0.117457		
10.67		0.117353		
10.68		0.117248		
10.69		0.117144		
10.7		0.117041		
10.71		0.116937		
10.72		0.116834		
10.73		0.116731		
10.74		0.116628		
10.75		0.116525		
10.76		0.116422		
10.77		0.11632		
10.78		0.116218		
10.79		0.116116		
10.8		0.116014		
10.81		0.115912		
10.82		0.115811		
10.83		0.115709		
10.84		0.115608		
10.85		0.115507		
10.86		0.115407		
10.87		0.115306		
10.88		0.115206		
10.89		0.115105		
10.9		0.115005		
10.91		0.114906		
10.92		0.114806		
10.93		0.114706		
10.94		0.114607		
10.95		0.114508		
10.96		0.114409		
10.97		0.11431		
10.98		0.114212		
10.99		0.114113		
11		0.114015		
11.01		0.113917		
11.02		0.113819		
11.03		0.113721		
11.04		0.113624		
11.05		0.113527		
11.06		0.113429		
11.07		0.113332		
11.08		0.113235		
11.09		0.113139		
11.1		0.113042		
11.11		0.112946		
11.12		0.11285		
11.13		0.112754		
11.14		0.112658		
11.15		0.112562		
11.16		0.112467		
11.17		0.112372		
11.18		0.112276		
11.19		0.112181		
11.2		0.112087		
11.21		0.111992		
11.22		0.111897		
11.23		0.111803		
11.24		0.111709		
11.25		0.111615		
11.26		0.111521		
11.27		0.111428		
11.28		0.111334		
11.29		0.111241		
11.3		0.111148		
11.31		0.111055		
11.32		0.110962		
11.33		0.110869		
11.34		0.110776		
11.35		0.110684		
11.36		0.110592		
11.37		0.1105		
11.38		0.110408		
11.39		0.110316		
11.4		0.110225		
11.41		0.110133		
11.42		0.110042		
11.43		0.109951		
11.44		0.10986		
11.45		0.109769		
11.46		0.109679		
11.47		0.109588		
11.48		0.109498		
11.49		0.109408		
11.5		0.109318		
11.51		0.109228		
11.52		0.109138		
11.53		0.109048		
11.54		0.108959		
11.55		0.10887		
11.56		0.108781		
11.57		0.108692		
11.58		0.108603		
11.59		0.108514		
11.6		0.108426		
11.61		0.108337		
11.62		0.108249		
11.63		0.108161		
11.64		0.108073		
11.65		0.107985		
11.66		0.107898		
11.67		0.10781		
11.68		0.107723		
11.69		0.107636		
11.7		0.107549		
11.71		0.107462		
11.72		0.107375		
11.73		0.107288		
11.74		0.107202		
11.75		0.107116		
11.76		0.10703		
11.77		0.106944		
11.78		0.106858		
11.79		0.106772		
11.8		0.106686		
11.81		0.106601		
11.82		0.106516		
11.83		0.10643		
11.84		0.106345		
11.85		0.10626		
11.86		0.106176		
11.87		0.106091		
11.88		0.106007		
11.89		0.105922		
11.9		0.105838		
11.91		0.105754		
11.92		0.10567		
11.93		0.105586		
11.94		0.105503		
11.95		0.105419		
11.96		0.105336		
11.97		0.105252		
11.98		0.105169		
11.99		0.105086		
12		0.105004		
12.01		0.104921		
12.02		0.104838		
12.03		0.104756		
12.04		0.104674		
12.05		0.104591		
12.06		0.104509		
12.07		0.104427		
12.08		0.104346		
12.09		0.104264		
12.1		0.104182		
12.11		0.104101		
12.12		0.10402		
12.13		0.103939		
12.14		0.103858		
12.15		0.103777		
12.16		0.103696		
12.17		0.103616		
12.18		0.103535		
12.19		0.103455		
12.2		0.103374		
12.21		0.103294		
12.22		0.103214		
12.23		0.103135		
12.24		0.103055		
12.25		0.102975		
12.26		0.102896		
12.27		0.102817		
12.28		0.102737		
12.29		0.102658		
12.3		0.102579		
12.31		0.1025		
12.32		0.102422		
12.33		0.102343		
12.34		0.102265		
12.35		0.102186		
12.36		0.102108		
12.37		0.10203		
12.38		0.101952		
12.39		0.101874		
12.4		0.101797		
12.41		0.101719		
12.42		0.101641		
12.43		0.101564		
12.44		0.101487		
12.45		0.10141		
12.46		0.101333		
12.47		0.101256		
12.48		0.101179		
12.49		0.101102		
12.5		0.101026		
12.51		0.10095		
12.52		0.100873		
12.53		0.100797		
12.54		0.100721		
12.55		0.100645		
12.56		0.100569		
12.57		0.100494		
12.58		0.100418		
12.59		0.100343		
12.6		0.100267		
12.61		0.100192		
12.62		0.100117		
12.63		0.100042		
12.64		0.0999669		
12.65		0.0998922		
12.66		0.0998175		
12.67		0.099743		
12.68		0.0996685		
12.69		0.0995942		
12.7		0.09952		
12.71		0.0994459		
12.72		0.0993719		
12.73		0.0992981		
12.74		0.0992243		
12.75		0.0991507		
12.76		0.0990771		
12.77		0.0990037		
12.78		0.0989304		
12.79		0.0988572		
12.8		0.0987841		
12.81		0.0987111		
12.82		0.0986383		
12.83		0.0985655		
12.84		0.0984929		
12.85		0.0984203		
12.86		0.0983479		
12.87		0.0982756		
12.88		0.0982034		
12.89		0.0981313		
12.9		0.0980593		
12.91		0.0979874		
12.92		0.0979156		
12.93		0.0978439		
12.94		0.0977723		
12.95		0.0977009		
12.96		0.0976295		
12.97		0.0975583		
12.98		0.0974871		
12.99		0.0974161		
13		0.0973452		
13.01		0.0972743		
13.02		0.0972036		
13.03		0.097133		
13.04		0.0970625		
13.05		0.0969921		
13.06		0.0969218		
13.07		0.0968516		
13.08		0.0967815		
13.09		0.0967115		
13.1		0.0966416		
13.11		0.0965718		
13.12		0.0965021		
13.13		0.0964325		
13.14		0.096363		
13.15		0.0962936		
13.16		0.0962244		
13.17		0.0961552		
13.18		0.0960861		
13.19		0.0960171		
13.2		0.0959483		
13.21		0.0958795		
13.22		0.0958108		
13.23		0.0957422		
13.24		0.0956738		
13.25		0.0956054		
13.26		0.0955371		
13.27		0.0954689		
13.28		0.0954008		
13.29		0.0953329		
13.3		0.095265		
13.31		0.0951972		
13.32		0.0951295		
13.33		0.0950619		
13.34		0.0949944		
13.35		0.094927		
13.36		0.0948597		
13.37		0.0947925		
13.38		0.0947254		
13.39		0.0946584		
13.4		0.0945915		
13.41		0.0945247		
13.42		0.094458		
13.43		0.0943913		
13.44		0.0943248		
13.45		0.0942584		
13.46		0.094192		
13.47		0.0941258		
13.48		0.0940596		
13.49		0.0939936		
13.5		0.0939276		
13.51		0.0938618		
13.52		0.093796		
13.53		0.0937303		
13.54		0.0936647		
13.55		0.0935992		
13.56		0.0935338		
13.57		0.0934685		
13.58		0.0934033		
13.59		0.0933382		
13.6		0.0932731		
13.61		0.0932082		
13.62		0.0931433		
13.63		0.0930786		
13.64		0.0930139		
13.65		0.0929493		
13.66		0.0928848		
13.67		0.0928204		
13.68		0.0927561		
13.69		0.0926919		
13.7		0.0926278		
13.71		0.0925637		
13.72		0.0924998		
13.73		0.0924359		
13.74		0.0923722		
13.75		0.0923085		
13.76		0.0922449		
13.77		0.0921814		
13.78		0.092118		
13.79		0.0920546		
13.8		0.0919914		
13.81		0.0919283		
13.82		0.0918652		
13.83		0.0918022		
13.84		0.0917393		
13.85		0.0916765		
13.86		0.0916138		
13.87		0.0915512		
13.88		0.0914886		
13.89		0.0914262		
13.9		0.0913638		
13.91		0.0913015		
13.92		0.0912393		
13.93		0.0911772		
13.94		0.0911152		
13.95		0.0910532		
13.96		0.0909914		
13.97		0.0909296		
13.98		0.0908679		
13.99		0.0908063		
14		0.0907448		
14.01		0.0906833		
14.02		0.090622		
14.03		0.0905607		
14.04		0.0904995		
14.05		0.0904384		
14.06		0.0903774		
14.07		0.0903164		
14.08		0.0902556		
14.09		0.0901948		
14.1		0.0901341		
14.11		0.0900735		
14.12		0.090013		
14.13		0.0899525		
14.14		0.0898922		
14.15		0.0898319		
14.16		0.0897717		
14.17		0.0897116		
14.18		0.0896515		
14.19		0.0895916		
14.2		0.0895317		
14.21		0.0894719		
14.22		0.0894122		
14.23		0.0893526		
14.24		0.089293		
14.25		0.0892335		
14.26		0.0891741		
14.27		0.0891148		
14.28		0.0890556		
14.29		0.0889964		
14.3		0.0889373		
14.31		0.0888783		
14.32		0.0888194		
14.33		0.0887606		
14.34		0.0887018		
14.35		0.0886431		
14.36		0.0885845		
14.37		0.088526		
14.38		0.0884675		
14.39		0.0884091		
14.4		0.0883508		
14.41		0.0882926		
14.42		0.0882345		
14.43		0.0881764		
14.44		0.0881184		
14.45		0.0880605		
14.46		0.0880026		
14.47		0.0879449		
14.48		0.0878872		
14.49		0.0878296		
14.5		0.087772		
14.51		0.0877146		
14.52		0.0876572		
14.53		0.0875999		
14.54		0.0875426		
14.55		0.0874855		
14.56		0.0874284		
14.57		0.0873714		
14.58		0.0873144		
14.59		0.0872576		
14.6		0.0872008		
14.61		0.0871441		
14.62		0.0870874		
14.63		0.0870308		
14.64		0.0869744		
14.65		0.0869179		
14.66		0.0868616		
14.67		0.0868053		
14.68		0.0867491		
14.69		0.086693		
14.7		0.0866369		
14.71		0.0865809		
14.72		0.086525		
14.73		0.0864692		
14.74		0.0864134		
14.75		0.0863577		
14.76		0.0863021		
14.77		0.0862465		
14.78		0.0861911		
14.79		0.0861356		
14.8		0.0860803		
14.81		0.086025		
14.82		0.0859698		
14.83		0.0859147		
14.84		0.0858597		
14.85		0.0858047		
14.86		0.0857498		
14.87		0.0856949		
14.88		0.0856401		
14.89		0.0855854		
14.9		0.0855308		
14.91		0.0854762		
14.92		0.0854217		
14.93		0.0853673		
14.94		0.0853129		
14.95		0.0852587		
14.96		0.0852044		
14.97		0.0851503		
14.98		0.0850962		
14.99		0.0850422		
15		0.0849882		
15.01		0.0849344		
15.02		0.0848805		
15.03		0.0848268		
15.04		0.0847731		
15.05		0.0847195		
15.06		0.084666		
15.07		0.0846125		
15.08		0.0845591		
15.09		0.0845058		
15.1		0.0844525		
15.11		0.0843993		
15.12		0.0843461		
15.13		0.0842931		
15.14		0.0842401		
15.15		0.0841871		
15.16		0.0841342		
15.17		0.0840814		
15.18		0.0840287		
15.19		0.083976		
15.2		0.0839234		
15.21		0.0838709		
15.22		0.0838184		
15.23		0.083766		
15.24		0.0837136		
15.25		0.0836613		
15.26		0.0836091		
15.27		0.083557		
15.28		0.0835049		
15.29		0.0834529		
15.3		0.0834009		
15.31		0.083349		
15.32		0.0832972		
15.33		0.0832454		
15.34		0.0831937		
15.35		0.0831421		
15.36		0.0830905		
15.37		0.083039		
15.38		0.0829875		
15.39		0.0829361		
15.4		0.0828848		
15.41		0.0828335		
15.42		0.0827823		
15.43		0.0827312		
15.44		0.0826801		
15.45		0.0826291		
15.46		0.0825782		
15.47		0.0825273		
15.48		0.0824765		
15.49		0.0824257		
15.5		0.082375		
15.51		0.0823244		
15.52		0.0822738		
15.53		0.0822233		
15.54		0.0821728		
15.55		0.0821224		
15.56		0.0820721		
15.57		0.0820218		
15.58		0.0819716		
15.59		0.0819215		
15.6		0.0818714		
15.61		0.0818213		
15.62		0.0817714		
15.63		0.0817215		
15.64		0.0816716		
15.65		0.0816218		
15.66		0.0815721		
15.67		0.0815224		
15.68		0.0814728		
15.69		0.0814233		
15.7		0.0813738		
15.71		0.0813244		
15.72		0.081275		
15.73		0.0812257		
15.74		0.0811764		
15.75		0.0811272		
15.76		0.0810781		
15.77		0.081029		
15.78		0.08098		
15.79		0.0809311		
15.8		0.0808822		
15.81		0.0808333		
15.82		0.0807845		
15.83		0.0807358		
15.84		0.0806872		
15.85		0.0806385		
15.86		0.08059		
15.87		0.0805415		
15.88		0.0804931		
15.89		0.0804447		
15.9		0.0803964		
15.91		0.0803481		
15.92		0.0802999		
15.93		0.0802517		
15.94		0.0802037		
15.95		0.0801556		
15.96		0.0801076		
15.97		0.0800597		
15.98		0.0800118		
15.99		0.079964		
16		0.0799163		
16.01		0.0798686		
16.02		0.0798209		
16.03		0.0797734		
16.04		0.0797258		
16.05		0.0796784		
16.06		0.0796309		
16.07		0.0795836		
16.08		0.0795363		
16.09		0.079489		
16.1		0.0794418		
16.11		0.0793947		
16.12		0.0793476		
16.13		0.0793006		
16.14		0.0792536		
16.15		0.0792067		
16.16		0.0791598		
16.17		0.079113		
16.18		0.0790662		
16.19		0.0790195		
16.2		0.0789729		
16.21		0.0789263		
16.22		0.0788797		
16.23		0.0788332		
16.24		0.0787868		
16.25		0.0787404		
16.26		0.0786941		
16.27		0.0786478		
16.28		0.0786016		
16.29		0.0785554		
16.3		0.0785093		
16.31		0.0784632		
16.32		0.0784172		
16.33		0.0783713		
16.34		0.0783254		
16.35		0.0782795		
16.36		0.0782337		
16.37		0.078188		
16.38		0.0781423		
16.39		0.0780966		
16.4		0.0780511		
16.41		0.0780055		
16.42		0.07796		
16.43		0.0779146		
16.44		0.0778692		
16.45		0.0778239		
16.46		0.0777786		
16.47		0.0777334		
16.48		0.0776882		
16.49		0.0776431		
16.5		0.077598		
16.51		0.077553		
16.52		0.077508		
16.53		0.0774631		
16.54		0.0774183		
16.55		0.0773734		
16.56		0.0773287		
16.57		0.077284		
16.58		0.0772393		
16.59		0.0771947		
16.6		0.0771501		
16.61		0.0771056		
16.62		0.0770611		
16.63		0.0770167		
16.64		0.0769724		
16.65		0.076928		
16.66		0.0768838		
16.67		0.0768396		
16.68		0.0767954		
16.69		0.0767513		
16.7		0.0767072		
16.71		0.0766632		
16.72		0.0766192		
16.73		0.0765753		
16.74		0.0765315		
16.75		0.0764876		
16.76		0.0764439		
16.77		0.0764001		
16.78		0.0763565		
16.79		0.0763128		
16.8		0.0762693		
16.81		0.0762257		
16.82		0.0761823		
16.83		0.0761388		
16.84		0.0760954		
16.85		0.0760521		
16.86		0.0760088		
16.87		0.0759656		
16.88		0.0759224		
16.89		0.0758793		
16.9		0.0758362		
16.91		0.0757931		
16.92		0.0757501		
16.93		0.0757072		
16.94		0.0756643		
16.95		0.0756214		
16.96		0.0755786		
16.97		0.0755358		
16.98		0.0754931		
16.99		0.0754504		
17		0.0754078		
17.01		0.0753652		
17.02		0.0753227		
17.03		0.0752802		
17.04		0.0752378		
17.05		0.0751954		
17.06		0.0751531		
17.07		0.0751108		
17.08		0.0750685		
17.09		0.0750263		
17.1		0.0749842		
17.11		0.074942		
17.12		0.0749		
17.13		0.074858		
17.14		0.074816		
17.15		0.0747741		
17.16		0.0747322		
17.17		0.0746903		
17.18		0.0746485		
17.19		0.0746068		
17.2		0.0745651		
17.21		0.0745234		
17.22		0.0744818		
17.23		0.0744403		
17.24		0.0743987		
17.25		0.0743573		
17.26		0.0743158		
17.27		0.0742744		
17.28		0.0742331		
17.29		0.0741918		
17.3		0.0741506		
17.31		0.0741093		
17.32		0.0740682		
17.33		0.0740271		
17.34		0.073986		
17.35		0.0739449		
17.36		0.073904		
17.37		0.073863		
17.38		0.0738221		
17.39		0.0737813		
17.4		0.0737404		
17.41		0.0736997		
17.42		0.073659		
17.43		0.0736183		
17.44		0.0735776		
17.45		0.073537		
17.46		0.0734965		
17.47		0.073456		
17.48		0.0734155		
17.49		0.0733751		
17.5		0.0733347		
17.51		0.0732944		
17.52		0.0732541		
17.53		0.0732138		
17.54		0.0731736		
17.55		0.0731334		
17.56		0.0730933		
17.57		0.0730532		
17.58		0.0730132		
17.59		0.0729732		
17.6		0.0729333		
17.61		0.0728933		
17.62		0.0728535		
17.63		0.0728136		
17.64		0.0727739		
17.65		0.0727341		
17.66		0.0726944		
17.67		0.0726548		
17.68		0.0726151		
17.69		0.0725756		
17.7		0.072536		
17.71		0.0724965		
17.72		0.0724571		
17.73		0.0724177		
17.74		0.0723783		
17.75		0.072339		
17.76		0.0722997		
17.77		0.0722604		
17.78		0.0722212		
17.79		0.0721821		
17.8		0.0721429		
17.81		0.0721039		
17.82		0.0720648		
17.83		0.0720258		
17.84		0.0719868		
17.85		0.0719479		
17.86		0.071909		
17.87		0.0718702		
17.88		0.0718314		
17.89		0.0717926		
17.9		0.0717539		
17.91		0.0717152		
17.92		0.0716766		
17.93		0.071638		
17.94		0.0715994		
17.95		0.0715609		
17.96		0.0715224		
17.97		0.071484		
17.98		0.0714456		
17.99		0.0714072		
18		0.0713689		
18.01		0.0713306		
18.02		0.0712924		
18.03		0.0712542		
18.04		0.071216		
18.05		0.0711779		
18.06		0.0711398		
18.07		0.0711018		
18.08		0.0710638		
18.09		0.0710258		
18.1		0.0709879		
18.11		0.07095		
18.12		0.0709121		
18.13		0.0708743		
18.14		0.0708365		
18.15		0.0707988		
18.16		0.0707611		
18.17		0.0707234		
18.18		0.0706858		
18.19		0.0706482		
18.2		0.0706107		
18.21		0.0705732		
18.22		0.0705357		
18.23		0.0704983		
18.24		0.0704609		
18.25		0.0704235		
18.26		0.0703862		
18.27		0.0703489		
18.28		0.0703117		
18.29		0.0702745		
18.3		0.0702373		
18.31		0.0702002		
18.32		0.0701631		
18.33		0.070126		
18.34		0.070089		
18.35		0.070052		
18.36		0.0700151		
18.37		0.0699782		
18.38		0.0699413		
18.39		0.0699045		
18.4		0.0698677		
18.41		0.0698309		
18.42		0.0697942		
18.43		0.0697575		
18.44		0.0697209		
18.45		0.0696843		
18.46		0.0696477		
18.47		0.0696112		
18.48		0.0695747		
18.49		0.0695382		
18.5		0.0695018		
18.51		0.0694654		
18.52		0.069429		
18.53		0.0693927		
18.54		0.0693564		
18.55		0.0693202		
18.56		0.069284		
18.57		0.0692478		
18.58		0.0692117		
18.59		0.0691756		
18.6		0.0691395		
18.61		0.0691035		
18.62		0.0690675		
18.63		0.0690315		
18.64		0.0689956		
18.65		0.0689597		
18.66		0.0689238		
18.67		0.068888		
18.68		0.0688522		
18.69		0.0688165		
18.7		0.0687808		
18.71		0.0687451		
18.72		0.0687095		
18.73		0.0686738		
18.74		0.0686383		
18.75		0.0686027		
18.76		0.0685672		
18.77		0.0685318		
18.78		0.0684963		
18.79		0.0684609		
18.8		0.0684256		
18.81		0.0683902		
18.82		0.0683549		
18.83		0.0683197		
18.84		0.0682845		
18.85		0.0682493		
18.86		0.0682141		
18.87		0.068179		
18.88		0.0681439		
18.89		0.0681088		
18.9		0.0680738		
18.91		0.0680388		
18.92		0.0680039		
18.93		0.067969		
18.94		0.0679341		
18.95		0.0678992		
18.96		0.0678644		
18.97		0.0678296		
18.98		0.0677949		
18.99		0.0677602		
19		0.0677255		
19.01		0.0676908		
19.02		0.0676562		
19.03		0.0676216		
19.04		0.0675871		
19.05		0.0675526		
19.06		0.0675181		
19.07		0.0674837		
19.08		0.0674492		
19.09		0.0674149		
19.1		0.0673805		
19.11		0.0673462		
19.12		0.0673119		
19.13		0.0672777		
19.14		0.0672434		
19.15		0.0672093		
19.16		0.0671751		
19.17		0.067141		
19.18		0.0671069		
19.19		0.0670728		
19.2		0.0670388		
19.21		0.0670048		
19.22		0.0669709		
19.23		0.0669369		
19.24		0.0669031		
19.25		0.0668692		
19.26		0.0668354		
19.27		0.0668016		
19.28		0.0667678		
19.29		0.0667341		
19.3		0.0667004		
19.31		0.0666667		
19.32		0.0666331		
19.33		0.0665995		
19.34		0.0665659		
19.35		0.0665324		
19.36		0.0664989		
19.37		0.0664654		
19.38		0.0664319		
19.39		0.0663985		
19.4		0.0663651		
19.41		0.0663318		
19.42		0.0662985		
19.43		0.0662652		
19.44		0.0662319		
19.45		0.0661987		
19.46		0.0661655		
19.47		0.0661323		
19.48		0.0660992		
19.49		0.0660661		
19.5		0.066033		
19.51		0.066		
19.52		0.065967		
19.53		0.065934		
19.54		0.0659011		
19.55		0.0658682		
19.56		0.0658353		
19.57		0.0658024		
19.58		0.0657696		
19.59		0.0657368		
19.6		0.0657041		
19.61		0.0656713		
19.62		0.0656386		
19.63		0.065606		
19.64		0.0655733		
19.65		0.0655407		
19.66		0.0655081		
19.67		0.0654756		
19.68		0.0654431		
19.69		0.0654106		
19.7		0.0653781		
19.71		0.0653457		
19.72		0.0653133		
19.73		0.0652809		
19.74		0.0652486		
19.75		0.0652163		
19.76		0.065184		
19.77		0.0651517		
19.78		0.0651195		
19.79		0.0650873		
19.8		0.0650552		
19.81		0.065023		
19.82		0.0649909		
19.83		0.0649589		
19.84		0.0649268		
19.85		0.0648948		
19.86		0.0648628		
19.87		0.0648309		
19.88		0.064799		
19.89		0.0647671		
19.9		0.0647352		
19.91		0.0647034		
19.92		0.0646716		
19.93		0.0646398		
19.94		0.064608		
19.95		0.0645763		
19.96		0.0645446		
19.97		0.064513		
19.98		0.0644813		
19.99		0.0644497		
20		0.0644181		
20.01		0.0643866		
20.02		0.0643551		
20.03		0.0643236		
20.04		0.0642921		
20.05		0.0642607		
20.06		0.0642293		
20.07		0.0641979		
20.08		0.0641666		
20.09		0.0641352		
20.1		0.0641039		
20.11		0.0640727		
20.12		0.0640415		
20.13		0.0640102		
20.14		0.0639791		
20.15		0.0639479		
20.16		0.0639168		
20.17		0.0638857		
20.18		0.0638546		
20.19		0.0638236		
20.2		0.0637926		
20.21		0.0637616		
20.22		0.0637306		
20.23		0.0636997		
20.24		0.0636688		
20.25		0.063638		
20.26		0.0636071		
20.27		0.0635763		
20.28		0.0635455		
20.29		0.0635147		
20.3		0.063484		
20.31		0.0634533		
20.32		0.0634226		
20.33		0.063392		
20.34		0.0633614		
20.35		0.0633308		
20.36		0.0633002		
20.37		0.0632696		
20.38		0.0632391		
20.39		0.0632086		
20.4		0.0631782		
20.41		0.0631477		
20.42		0.0631173		
20.43		0.063087		
20.44		0.0630566		
20.45		0.0630263		
20.46		0.062996		
20.47		0.0629657		
20.48		0.0629355		
20.49		0.0629052		
20.5		0.0628751		
20.51		0.0628449		
20.52		0.0628147		
20.53		0.0627846		
20.54		0.0627546		
20.55		0.0627245		
20.56		0.0626945		
20.57		0.0626645		
20.58		0.0626345		
20.59		0.0626045		
20.6		0.0625746		
20.61		0.0625447		
20.62		0.0625148		
20.63		0.062485		
20.64		0.0624551		
20.65		0.0624253		
20.66		0.0623956		
20.67		0.0623658		
20.68		0.0623361		
20.69		0.0623064		
20.7		0.0622768		
20.71		0.0622471		
20.72		0.0622175		
20.73		0.0621879		
20.74		0.0621583		
20.75		0.0621288		
20.76		0.0620993		
20.77		0.0620698		
20.78		0.0620404		
20.79		0.0620109		
20.8		0.0619815		
20.81		0.0619521		
20.82		0.0619228		
20.83		0.0618934		
20.84		0.0618641		
20.85		0.0618348		
20.86		0.0618056		
20.87		0.0617764		
20.88		0.0617471		
20.89		0.061718		
20.9		0.0616888		
20.91		0.0616597		
20.92		0.0616306		
20.93		0.0616015		
20.94		0.0615724		
20.95		0.0615434		
20.96		0.0615144		
20.97		0.0614854		
20.98		0.0614565		
20.99		0.0614275		
21		0.0613986		
21.01		0.0613697		
21.02		0.0613409		
21.03		0.061312		
21.04		0.0612832		
21.05		0.0612545		
21.06		0.0612257		
21.07		0.061197		
21.08		0.0611683		
21.09		0.0611396		
21.1		0.0611109		
21.11		0.0610823		
21.12		0.0610537		
21.13		0.0610251		
21.14		0.0609965		
21.15		0.060968		
21.16		0.0609395		
21.17		0.060911		
21.18		0.0608825		
21.19		0.0608541		
21.2		0.0608256		
21.21		0.0607972		
21.22		0.0607689		
21.23		0.0607405		
21.24		0.0607122		
21.25		0.0606839		
21.26		0.0606556		
21.27		0.0606274		
21.28		0.0605992		
21.29		0.060571		
21.3		0.0605428		
21.31		0.0605146		
21.32		0.0604865		
21.33		0.0604584		
21.34		0.0604303		
21.35		0.0604022		
21.36		0.0603742		
21.37		0.0603462		
21.38		0.0603182		
21.39		0.0602902		
21.4		0.0602623		
21.41		0.0602344		
21.42		0.0602065		
21.43		0.0601786		
21.44		0.0601507		
21.45		0.0601229		
21.46		0.0600951		
21.47		0.0600673		
21.48		0.0600396		
21.49		0.0600118		
21.5		0.0599841		
21.51		0.0599564		
21.52		0.0599288		
21.53		0.0599011		
21.54		0.0598735		
21.55		0.0598459		
21.56		0.0598183		
21.57		0.0597908		
21.58		0.0597633		
21.59		0.0597358		
21.6		0.0597083		
21.61		0.0596808		
21.62		0.0596534		
21.63		0.059626		
21.64		0.0595986		
21.65		0.0595712		
21.66		0.0595439		
21.67		0.0595165		
21.68		0.0594892		
21.69		0.0594619		
21.7		0.0594347		
21.71		0.0594075		
21.72		0.0593802		
21.73		0.0593531		
21.74		0.0593259		
21.75		0.0592987		
21.76		0.0592716		
21.77		0.0592445		
21.78		0.0592174		
21.79		0.0591904		
21.8		0.0591634		
21.81		0.0591363		
21.82		0.0591094		
21.83		0.0590824		
21.84		0.0590554		
21.85		0.0590285		
21.86		0.0590016		
21.87		0.0589747		
21.88		0.0589479		
21.89		0.058921		
21.9		0.0588942		
21.91		0.0588674		
21.92		0.0588407		
21.93		0.0588139		
21.94		0.0587872		
21.95		0.0587605		
21.96		0.0587338		
21.97		0.0587071		
21.98		0.0586805		
21.99		0.0586539		
22		0.0586273		
22.01		0.0586007		
22.02		0.0585741		
22.03		0.0585476		
22.04		0.0585211		
22.05		0.0584946		
22.06		0.0584681		
22.07		0.0584417		
22.08		0.0584153		
22.09		0.0583889		
22.1		0.0583625		
22.11		0.0583361		
22.12		0.0583098		
22.13		0.0582834		
22.14		0.0582571		
22.15		0.0582309		
22.16		0.0582046		
22.17		0.0581784		
22.18		0.0581522		
22.19		0.058126		
22.2		0.0580998		
22.21		0.0580736		
22.22		0.0580475		
22.23		0.0580214		
22.24		0.0579953		
22.25		0.0579692		
22.26		0.0579432		
22.27		0.0579171		
22.28		0.0578911		
22.29		0.0578652		
22.3		0.0578392		
22.31		0.0578132		
22.32		0.0577873		
22.33		0.0577614		
22.34		0.0577355		
22.35		0.0577097		
22.36		0.0576838		
22.37		0.057658		
22.38		0.0576322		
22.39		0.0576064		
22.4		0.0575806		
22.41		0.0575549		
22.42		0.0575292		
22.43		0.0575035		
22.44		0.0574778		
22.45		0.0574521		
22.46		0.0574265		
22.47		0.0574009		
22.48		0.0573753		
22.49		0.0573497		
22.5		0.0573241		
22.51		0.0572986		
22.52		0.0572731		
22.53		0.0572476		
22.54		0.0572221		
22.55		0.0571966		
22.56		0.0571712		
22.57		0.0571458		
22.58		0.0571204		
22.59		0.057095		
22.6		0.0570696		
22.61		0.0570443		
22.62		0.057019		
22.63		0.0569937		
22.64		0.0569684		
22.65		0.0569431		
22.66		0.0569179		
22.67		0.0568927		
22.68		0.0568675		
22.69		0.0568423		
22.7		0.0568171		
22.71		0.056792		
22.72		0.0567669		
22.73		0.0567417		
22.74		0.0567167		
22.75		0.0566916		
22.76		0.0566665		
22.77		0.0566415		
22.78		0.0566165		
22.79		0.0565915		
22.8		0.0565666		
22.81		0.0565416		
22.82		0.0565167		
22.83		0.0564918		
22.84		0.0564669		
22.85		0.056442		
22.86		0.0564171		
22.87		0.0563923		
22.88		0.0563675		
22.89		0.0563427		
22.9		0.0563179		
22.91		0.0562931		
22.92		0.0562684		
22.93		0.0562437		
22.94		0.056219		
22.95		0.0561943		
22.96		0.0561696		
22.97		0.056145		
22.98		0.0561204		
22.99		0.0560957		
23		0.0560712		
23.01		0.0560466		
23.02		0.056022		
23.03		0.0559975		
23.04		0.055973		
23.05		0.0559485		
23.06		0.055924		
23.07		0.0558995		
23.08		0.0558751		
23.09		0.0558507		
23.1		0.0558263		
23.11		0.0558019		
23.12		0.0557775		
23.13		0.0557532		
23.14		0.0557288		
23.15		0.0557045		
23.16		0.0556802		
23.17		0.055656		
23.18		0.0556317		
23.19		0.0556075		
23.2		0.0555832		
23.21		0.055559		
23.22		0.0555349		
23.23		0.0555107		
23.24		0.0554865		
23.25		0.0554624		
23.26		0.0554383		
23.27		0.0554142		
23.28		0.0553901		
23.29		0.0553661		
23.3		0.055342		
23.31		0.055318		
23.32		0.055294		
23.33		0.05527		
23.34		0.0552461		
23.35		0.0552221		
23.36		0.0551982		
23.37		0.0551743		
23.38		0.0551504		
23.39		0.0551265		
23.4		0.0551026		
23.41		0.0550788		
23.42		0.055055		
23.43		0.0550312		
23.44		0.0550074		
23.45		0.0549836		
23.46		0.0549598		
23.47		0.0549361		
23.48		0.0549124		
23.49		0.0548887		
23.5		0.054865		
23.51		0.0548413		
23.52		0.0548177		
23.53		0.0547941		
23.54		0.0547704		
23.55		0.0547468		
23.56		0.0547233		
23.57		0.0546997		
23.58		0.0546762		
23.59		0.0546526		
23.6		0.0546291		
23.61		0.0546056		
23.62		0.0545822		
23.63		0.0545587		
23.64		0.0545353		
23.65		0.0545118		
23.66		0.0544884		
23.67		0.054465		
23.68		0.0544417		
23.69		0.0544183		
23.7		0.054395		
23.71		0.0543716		
23.72		0.0543483		
23.73		0.0543251		
23.74		0.0543018		
23.75		0.0542785		
23.76		0.0542553		
23.77		0.0542321		
23.78		0.0542089		
23.79		0.0541857		
23.8		0.0541625		
23.81		0.0541394		
23.82		0.0541162		
23.83		0.0540931		
23.84		0.05407		
23.85		0.0540469		
23.86		0.0540239		
23.87		0.0540008		
23.88		0.0539778		
23.89		0.0539548		
23.9		0.0539318		
23.91		0.0539088		
23.92		0.0538858		
23.93		0.0538629		
23.94		0.0538399		
23.95		0.053817		
23.96		0.0537941		
23.97		0.0537712		
23.98		0.0537484		
23.99		0.0537255		
24		0.0537027		
24.01		0.0536798		
24.02		0.053657		
24.03		0.0536343		
24.04		0.0536115		
24.05		0.0535887		
24.06		0.053566		
24.07		0.0535433		
24.08		0.0535206		
24.09		0.0534979		
24.1		0.0534752		
24.11		0.0534526		
24.12		0.0534299		
24.13		0.0534073		
24.14		0.0533847		
24.15		0.0533621		
24.16		0.0533395		
24.17		0.053317		
24.18		0.0532944		
24.19		0.0532719		
24.2		0.0532494		
24.21		0.0532269		
24.22		0.0532044		
24.23		0.0531819		
24.24		0.0531595		
24.25		0.0531371		
24.26		0.0531146		
24.27		0.0530922		
24.28		0.0530699		
24.29		0.0530475		
24.3		0.0530251		
24.31		0.0530028		
24.32		0.0529805		
24.33		0.0529582		
24.34		0.0529359		
24.35		0.0529136		
24.36		0.0528913		
24.37		0.0528691		
24.38		0.0528469		
24.39		0.0528247		
24.4		0.0528025		
24.41		0.0527803		
24.42		0.0527581		
24.43		0.052736		
24.44		0.0527138		
24.45		0.0526917		
24.46		0.0526696		
24.47		0.0526475		
24.48		0.0526255		
24.49		0.0526034		
24.5		0.0525814		
24.51		0.0525593		
24.52		0.0525373		
24.53		0.0525153		
24.54		0.0524934		
24.55		0.0524714		
24.56		0.0524494		
24.57		0.0524275		
24.58		0.0524056		
24.59		0.0523837		
24.6		0.0523618		
24.61		0.0523399		
24.62		0.0523181		
24.63		0.0522962		
24.64		0.0522744		
24.65		0.0522526		
24.66		0.0522308		
24.67		0.052209		
24.68		0.0521872		
24.69		0.0521655		
24.7		0.0521438		
24.71		0.052122		
24.72		0.0521003		
24.73		0.0520786		
24.74		0.052057		
24.75		0.0520353		
24.76		0.0520137		
24.77		0.051992		
24.78		0.0519704		
24.79		0.0519488		
24.8		0.0519272		
24.81		0.0519056		
24.82		0.0518841		
24.83		0.0518625		
24.84		0.051841		
24.85		0.0518195		
24.86		0.051798		
24.87		0.0517765		
24.88		0.051755		
24.89		0.0517336		
24.9		0.0517121		
24.91		0.0516907		
24.92		0.0516693		
24.93		0.0516479		
24.94		0.0516265		
24.95		0.0516052		
24.96		0.0515838		
24.97		0.0515625		
24.98		0.0515411		
24.99		0.0515198		
25		0.0514985		
25.01		0.0514773		
25.02		0.051456		
25.03		0.0514347		
25.04		0.0514135		
25.05		0.0513923		
25.06		0.0513711		
25.07		0.0513499		
25.08		0.0513287		
25.09		0.0513075		
25.1		0.0512864		
25.11		0.0512652		
25.12		0.0512441		
25.13		0.051223		
25.14		0.0512019		
25.15		0.0511808		
25.16		0.0511598		
25.17		0.0511387		
25.18		0.0511177		
25.19		0.0510967		
25.2		0.0510757		
25.21		0.0510547		
25.22		0.0510337		
25.23		0.0510127		
25.24		0.0509918		
25.25		0.0509708		
25.26		0.0509499		
25.27		0.050929		
25.28		0.0509081		
25.29		0.0508872		
25.3		0.0508663		
25.31		0.0508455		
25.32		0.0508246		
25.33		0.0508038		
25.34		0.050783		
25.35		0.0507622		
25.36		0.0507414		
25.37		0.0507206		
25.38		0.0506999		
25.39		0.0506791		
25.4		0.0506584		
25.41		0.0506377		
25.42		0.050617		
25.43		0.0505963		
25.44		0.0505756		
25.45		0.0505549		
25.46		0.0505343		
25.47		0.0505137		
25.48		0.050493		
25.49		0.0504724		
25.5		0.0504518		
25.51		0.0504313		
25.52		0.0504107		
25.53		0.0503901		
25.54		0.0503696		
25.55		0.0503491		
25.56		0.0503286		
25.57		0.0503081		
25.58		0.0502876		
25.59		0.0502671		
25.6		0.0502466		
25.61		0.0502262		
25.62		0.0502058		
25.63		0.0501853		
25.64		0.0501649		
25.65		0.0501445		
25.66		0.0501242		
25.67		0.0501038		
25.68		0.0500834		
25.69		0.0500631		
25.7		0.0500428		
25.71		0.0500225		
25.72		0.0500022		
25.73		0.0499819		
25.74		0.0499616		
25.75		0.0499413		
25.76		0.0499211		
25.77		0.0499009		
25.78		0.0498806		
25.79		0.0498604		
25.8		0.0498402		
25.81		0.0498201		
25.82		0.0497999		
25.83		0.0497797		
25.84		0.0497596		
25.85		0.0497395		
25.86		0.0497193		
25.87		0.0496992		
25.88		0.0496791		
25.89		0.0496591		
25.9		0.049639		
25.91		0.049619		
25.92		0.0495989		
25.93		0.0495789		
25.94		0.0495589		
25.95		0.0495389		
25.96		0.0495189		
25.97		0.0494989		
25.98		0.049479		
25.99		0.049459		
26		0.0494391		
26.01		0.0494191		
26.02		0.0493992		
26.03		0.0493793		
26.04		0.0493594		
26.05		0.0493396		
26.06		0.0493197		
26.07		0.0492999		
26.08		0.04928		
26.09		0.0492602		
26.1		0.0492404		
26.11		0.0492206		
26.12		0.0492008		
26.13		0.0491811		
26.14		0.0491613		
26.15		0.0491415		
26.16		0.0491218		
26.17		0.0491021		
26.18		0.0490824		
26.19		0.0490627		
26.2		0.049043		
26.21		0.0490233		
26.22		0.0490037		
26.23		0.048984		
26.24		0.0489644		
26.25		0.0489448		
26.26		0.0489252		
26.27		0.0489056		
26.28		0.048886		
26.29		0.0488664		
26.3		0.0488469		
26.31		0.0488273		
26.32		0.0488078		
26.33		0.0487882		
26.34		0.0487687		
26.35		0.0487492		
26.36		0.0487298		
26.37		0.0487103		
26.38		0.0486908		
26.39		0.0486714		
26.4		0.0486519		
26.41		0.0486325		
26.42		0.0486131		
26.43		0.0485937		
26.44		0.0485743		
26.45		0.0485549		
26.46		0.0485356		
26.47		0.0485162		
26.48		0.0484969		
26.49		0.0484775		
26.5		0.0484582		
26.51		0.0484389		
26.52		0.0484196		
26.53		0.0484003		
26.54		0.0483811		
26.55		0.0483618		
26.56		0.0483426		
26.57		0.0483233		
26.58		0.0483041		
26.59		0.0482849		
26.6		0.0482657		
26.61		0.0482465		
26.62		0.0482274		
26.63		0.0482082		
26.64		0.0481891		
26.65		0.0481699		
26.66		0.0481508		
26.67		0.0481317		
26.68		0.0481126		
26.69		0.0480935		
26.7		0.0480744		
26.71		0.0480553		
26.72		0.0480363		
26.73		0.0480172		
26.74		0.0479982		
26.75		0.0479792		
26.76		0.0479602		
26.77		0.0479412		
26.78		0.0479222		
26.79		0.0479032		
26.8		0.0478843		
26.81		0.0478653		
26.82		0.0478464		
26.83		0.0478275		
26.84		0.0478085		
26.85		0.0477896		
26.86		0.0477707		
26.87		0.0477519		
26.88		0.047733		
26.89		0.0477141		
26.9		0.0476953		
26.91		0.0476765		
26.92		0.0476576		
26.93		0.0476388		
26.94		0.04762		
26.95		0.0476012		
26.96		0.0475825		
26.97		0.0475637		
26.98		0.0475449		
26.99		0.0475262		
27		0.0475075		
27.01		0.0474887		
27.02		0.04747		
27.03		0.0474513		
27.04		0.0474326		
27.05		0.047414		
27.06		0.0473953		
27.07		0.0473767		
27.08		0.047358		
27.09		0.0473394		
27.1		0.0473208		
27.11		0.0473022		
27.12		0.0472836		
27.13		0.047265		
27.14		0.0472464		
27.15		0.0472278		
27.16		0.0472093		
27.17		0.0471907		
27.18		0.0471722		
27.19		0.0471537		
27.2		0.0471352		
27.21		0.0471167		
27.22		0.0470982		
27.23		0.0470797		
27.24		0.0470613		
27.25		0.0470428		
27.26		0.0470244		
27.27		0.0470059		
27.28		0.0469875		
27.29		0.0469691		
27.3		0.0469507		
27.31		0.0469323		
27.32		0.046914		
27.33		0.0468956		
27.34		0.0468772		
27.35		0.0468589		
27.36		0.0468406		
27.37		0.0468222		
27.38		0.0468039		
27.39		0.0467856		
27.4		0.0467673		
27.41		0.0467491		
27.42		0.0467308		
27.43		0.0467125		
27.44		0.0466943		
27.45		0.0466761		
27.46		0.0466578		
27.47		0.0466396		
27.48		0.0466214		
27.49		0.0466032		
27.5		0.0465851		
27.51		0.0465669		
27.52		0.0465487		
27.53		0.0465306		
27.54		0.0465124		
27.55		0.0464943		
27.56		0.0464762		
27.57		0.0464581		
27.58		0.04644		
27.59		0.0464219		
27.6		0.0464038		
27.61		0.0463858		
27.62		0.0463677		
27.63		0.0463497		
27.64		0.0463316		
27.65		0.0463136		
27.66		0.0462956		
27.67		0.0462776		
27.68		0.0462596		
27.69		0.0462416		
27.7		0.0462237		
27.71		0.0462057		
27.72		0.0461878		
27.73		0.0461698		
27.74		0.0461519		
27.75		0.046134		
27.76		0.0461161		
27.77		0.0460982		
27.78		0.0460803		
27.79		0.0460624		
27.8		0.0460446		
27.81		0.0460267		
27.82		0.0460089		
27.83		0.045991		
27.84		0.0459732		
27.85		0.0459554		
27.86		0.0459376		
27.87		0.0459198		
27.88		0.045902		
27.89		0.0458842		
27.9		0.0458665		
27.91		0.0458487		
27.92		0.045831		
27.93		0.0458133		
27.94		0.0457955		
27.95		0.0457778		
27.96		0.0457601		
27.97		0.0457424		
27.98		0.0457248		
27.99		0.0457071		
28		0.0456894		
28.01		0.0456718		
28.02		0.0456541		
28.03		0.0456365		
28.04		0.0456189		
28.05		0.0456013		
28.06		0.0455837		
28.07		0.0455661		
28.08		0.0455485		
28.09		0.0455309		
28.1		0.0455134		
28.11		0.0454958		
28.12		0.0454783		
28.13		0.0454608		
28.14		0.0454432		
28.15		0.0454257		
28.16		0.0454082		
28.17		0.0453907		
28.18		0.0453733		
28.19		0.0453558		
28.2		0.0453383		
28.21		0.0453209		
28.22		0.0453035		
28.23		0.045286		
28.24		0.0452686		
28.25		0.0452512		
28.26		0.0452338		
28.27		0.0452164		
28.28		0.045199		
28.29		0.0451817		
28.3		0.0451643		
28.31		0.0451469		
28.32		0.0451296		
28.33		0.0451123		
28.34		0.0450949		
28.35		0.0450776		
28.36		0.0450603		
28.37		0.045043		
28.38		0.0450258		
28.39		0.0450085		
28.4		0.0449912		
28.41		0.044974		
28.42		0.0449567		
28.43		0.0449395		
28.44		0.0449223		
28.45		0.044905		
28.46		0.0448878		
28.47		0.0448706		
28.48		0.0448535		
28.49		0.0448363		
28.5		0.0448191		
28.51		0.044802		
28.52		0.0447848		
28.53		0.0447677		
28.54		0.0447505		
28.55		0.0447334		
28.56		0.0447163		
28.57		0.0446992		
28.58		0.0446821		
28.59		0.044665		
28.6		0.044648		
28.61		0.0446309		
28.62		0.0446139		
28.63		0.0445968		
28.64		0.0445798		
28.65		0.0445628		
28.66		0.0445457		
28.67		0.0445287		
28.68		0.0445117		
28.69		0.0444948		
28.7		0.0444778		
28.71		0.0444608		
28.72		0.0444438		
28.73		0.0444269		
28.74		0.04441		
28.75		0.044393		
28.76		0.0443761		
28.77		0.0443592		
28.78		0.0443423		
28.79		0.0443254		
28.8		0.0443085		
28.81		0.0442916		
28.82		0.0442748		
28.83		0.0442579		
28.84		0.0442411		
28.85		0.0442242		
28.86		0.0442074		
28.87		0.0441906		
28.88		0.0441738		
28.89		0.044157		
28.9		0.0441402		
28.91		0.0441234		
28.92		0.0441066		
28.93		0.0440899		
28.94		0.0440731		
28.95		0.0440564		
28.96		0.0440396		
28.97		0.0440229		
28.98		0.0440062		
28.99		0.0439895		
29		0.0439728		
29.01		0.0439561		
29.02		0.0439394		
29.03		0.0439227		
29.04		0.0439061		
29.05		0.0438894		
29.06		0.0438728		
29.07		0.0438561		
29.08		0.0438395		
29.09		0.0438229		
29.1		0.0438063		
29.11		0.0437897		
29.12		0.0437731		
29.13		0.0437565		
29.14		0.0437399		
29.15		0.0437234		
29.16		0.0437068		
29.17		0.0436902		
29.18		0.0436737		
29.19		0.0436572		
29.2		0.0436407		
29.21		0.0436241		
29.22		0.0436076		
29.23		0.0435912		
29.24		0.0435747		
29.25		0.0435582		
29.26		0.0435417		
29.27		0.0435253		
29.28		0.0435088		
29.29		0.0434924		
29.3		0.0434759		
29.31		0.0434595		
29.32		0.0434431		
29.33		0.0434267		
29.34		0.0434103		
29.35		0.0433939		
29.36		0.0433775		
29.37		0.0433612		
29.38		0.0433448		
29.39		0.0433285		
29.4		0.0433121		
29.41		0.0432958		
29.42		0.0432794		
29.43		0.0432631		
29.44		0.0432468		
29.45		0.0432305		
29.46		0.0432142		
29.47		0.0431979		
29.48		0.0431817		
29.49		0.0431654		
29.5		0.0431491		
29.51		0.0431329		
29.52		0.0431167		
29.53		0.0431004		
29.54		0.0430842		
29.55		0.043068		
29.56		0.0430518		
29.57		0.0430356		
29.58		0.0430194		
29.59		0.0430032		
29.6		0.042987		
29.61		0.0429709		
29.62		0.0429547		
29.63		0.0429386		
29.64		0.0429224		
29.65		0.0429063		
29.66		0.0428902		
29.67		0.0428741		
29.68		0.042858		
29.69		0.0428419		
29.7		0.0428258		
29.71		0.0428097		
29.72		0.0427936		
29.73		0.0427776		
29.74		0.0427615		
29.75		0.0427455		
29.76		0.0427294		
29.77		0.0427134		
29.78		0.0426974		
29.79		0.0426814		
29.8		0.0426654		
29.81		0.0426494		
29.82		0.0426334		
29.83		0.0426174		
29.84		0.0426015		
29.85		0.0425855		
29.86		0.0425695		
29.87		0.0425536		
29.88		0.0425377		
29.89		0.0425217		
29.9		0.0425058		
29.91		0.0424899		
29.92		0.042474		
29.93		0.0424581		
29.94		0.0424422		
29.95		0.0424263		
29.96		0.0424105		
29.97		0.0423946		
29.98		0.0423788		
29.99		0.0423629		
30		0.0423471		
30.01		0.0423313		
30.02		0.0423154		
30.03		0.0422996		
30.04		0.0422838		
30.05		0.042268		
30.06		0.0422522		
30.07		0.0422364		
30.08		0.0422207		
30.09		0.0422049		
30.1		0.0421892		
30.11		0.0421734		
30.12		0.0421577		
30.13		0.0421419		
30.14		0.0421262		
30.15		0.0421105		
30.16		0.0420948		
30.17		0.0420791		
30.18		0.0420634		
30.19		0.0420477		
30.2		0.0420321		
30.21		0.0420164		
30.22		0.0420007		
30.23		0.0419851		
30.24		0.0419694		
30.25		0.0419538		
30.26		0.0419382		
30.27		0.0419226		
30.28		0.0419069		
30.29		0.0418913		
30.3		0.0418757		
30.31		0.0418602		
30.32		0.0418446		
30.33		0.041829		
30.34		0.0418134		
30.35		0.0417979		
30.36		0.0417823		
30.37		0.0417668		
30.38		0.0417513		
30.39		0.0417358		
30.4		0.0417202		
30.41		0.0417047		
30.42		0.0416892		
30.43		0.0416737		
30.44		0.0416583		
30.45		0.0416428		
30.46		0.0416273		
30.47		0.0416118		
30.48		0.0415964		
30.49		0.041581		
30.5		0.0415655		
30.51		0.0415501		
30.52		0.0415347		
30.53		0.0415192		
30.54		0.0415038		
30.55		0.0414884		
30.56		0.0414731		
30.57		0.0414577		
30.58		0.0414423		
30.59		0.0414269		
30.6		0.0414116		
30.61		0.0413962		
30.62		0.0413809		
30.63		0.0413655		
30.64		0.0413502		
30.65		0.0413349		
30.66		0.0413196		
30.67		0.0413043		
30.68		0.041289		
30.69		0.0412737		
30.7		0.0412584		
30.71		0.0412431		
30.72		0.0412279		
30.73		0.0412126		
30.74		0.0411974		
30.75		0.0411821		
30.76		0.0411669		
30.77		0.0411516		
30.78		0.0411364		
30.79		0.0411212		
30.8		0.041106		
30.81		0.0410908		
30.82		0.0410756		
30.83		0.0410604		
30.84		0.0410453		
30.85		0.0410301		
30.86		0.0410149		
30.87		0.0409998		
30.88		0.0409846		
30.89		0.0409695		
30.9		0.0409544		
30.91		0.0409392		
30.92		0.0409241		
30.93		0.040909		
30.94		0.0408939		
30.95		0.0408788		
30.96		0.0408637		
30.97		0.0408487		
30.98		0.0408336		
30.99		0.0408185		
31		0.0408035		
31.01		0.0407884		
31.02		0.0407734		
31.03		0.0407583		
31.04		0.0407433		
31.05		0.0407283		
31.06		0.0407133		
31.07		0.0406983		
31.08		0.0406833		
31.09		0.0406683		
31.1		0.0406533		
31.11		0.0406383		
31.12		0.0406234		
31.13		0.0406084		
31.14		0.0405935		
31.15		0.0405785		
31.16		0.0405636		
31.17		0.0405486		
31.18		0.0405337		
31.19		0.0405188		
31.2		0.0405039		
31.21		0.040489		
31.22		0.0404741		
31.23		0.0404592		
31.24		0.0404443		
31.25		0.0404295		
31.26		0.0404146		
31.27		0.0403997		
31.28		0.0403849		
31.29		0.04037		
31.3		0.0403552		
31.31		0.0403404		
31.32		0.0403256		
31.33		0.0403108		
31.34		0.0402959		
31.35		0.0402811		
31.36		0.0402664		
31.37		0.0402516		
31.38		0.0402368		
31.39		0.040222		
31.4		0.0402073		
31.41		0.0401925		
31.42		0.0401777		
31.43		0.040163		
31.44		0.0401483		
31.45		0.0401335		
31.46		0.0401188		
31.47		0.0401041		
31.48		0.0400894		
31.49		0.0400747		
31.5		0.04006		
31.51		0.0400453		
31.52		0.0400306		
31.53		0.040016		
31.54		0.0400013		
31.55		0.0399867		
31.56		0.039972		
31.57		0.0399574		
31.58		0.0399427		
31.59		0.0399281		
31.6		0.0399135		
31.61		0.0398989		
31.62		0.0398843		
31.63		0.0398697		
31.64		0.0398551		
31.65		0.0398405		
31.66		0.0398259		
31.67		0.0398113		
31.68		0.0397968		
31.69		0.0397822		
31.7		0.0397676		
31.71		0.0397531		
31.72		0.0397386		
31.73		0.039724		
31.74		0.0397095		
31.75		0.039695		
31.76		0.0396805		
31.77		0.039666		
31.78		0.0396515		
31.79		0.039637		
31.8		0.0396225		
31.81		0.039608		
31.82		0.0395936		
31.83		0.0395791		
31.84		0.0395647		
31.85		0.0395502		
31.86		0.0395358		
31.87		0.0395213		
31.88		0.0395069		
31.89		0.0394925		
31.9		0.0394781		
31.91		0.0394637		
31.92		0.0394492		
31.93		0.0394348		
31.94		0.0394204		
31.95		0.039406		
31.96		0.0393917		
31.97		0.0393773		
31.98		0.0393629		
31.99		0.0393485		
32		0.0393342		
32.01		0.0393198		
32.02		0.0393055		
32.03		0.0392911		
32.04		0.0392768		
32.05		0.0392625		
32.06		0.0392482		
32.07		0.0392339		
32.08		0.0392196		
32.09		0.0392053		
32.1		0.039191		
32.11		0.0391767		
32.12		0.0391625		
32.13		0.0391482		
32.14		0.039134		
32.15		0.0391197		
32.16		0.0391055		
32.17		0.0390913		
32.18		0.0390771		
32.19		0.0390629		
32.2		0.0390488		
32.21		0.0390346		
32.22		0.0390204		
32.23		0.0390063		
32.24		0.0389922		
32.25		0.038978		
32.26		0.0389639		
32.27		0.0389498		
32.28		0.0389357		
32.29		0.0389217		
32.3		0.0389076		
32.31		0.0388936		
32.32		0.0388795		
32.33		0.0388655		
32.34		0.0388515		
32.35		0.0388375		
32.36		0.0388235		
32.37		0.0388095		
32.38		0.0387956		
32.39		0.0387816		
32.4		0.0387677		
32.41		0.0387537		
32.42		0.0387398		
32.43		0.0387259		
32.44		0.038712		
32.45		0.0386982		
32.46		0.0386843		
32.47		0.0386705		
32.48		0.0386566		
32.49		0.0386428		
32.5		0.038629		
32.51		0.0386152		
32.52		0.0386014		
32.53		0.0385877		
32.54		0.0385739		
32.55		0.0385602		
32.56		0.0385464		
32.57		0.0385327		
32.58		0.038519		
32.59		0.0385053		
32.6		0.0384917		
32.61		0.038478		
32.62		0.0384643		
32.63		0.0384507		
32.64		0.0384371		
32.65		0.0384235		
32.66		0.0384099		
32.67		0.0383963		
32.68		0.0383827		
32.69		0.0383692		
32.7		0.0383556		
32.71		0.0383421		
32.72		0.0383286		
32.73		0.0383151		
32.74		0.0383016		
32.75		0.0382882		
32.76		0.0382747		
32.77		0.0382612		
32.78		0.0382478		
32.79		0.0382344		
32.8		0.038221		
32.81		0.0382076		
32.82		0.0381942		
32.83		0.0381809		
32.84		0.0381675		
32.85		0.0381542		
32.86		0.0381408		
32.87		0.0381275		
32.88		0.0381142		
32.89		0.0381009		
32.9		0.0380877		
32.91		0.0380744		
32.92		0.0380612		
32.93		0.0380479		
32.94		0.0380347		
32.95		0.0380215		
32.96		0.0380083		
32.97		0.0379951		
32.98		0.037982		
32.99		0.0379688		
33		0.0379557		
33.01		0.0379425		
33.02		0.0379294		
33.03		0.0379163		
33.04		0.0379032		
33.05		0.0378901		
33.06		0.0378771		
33.07		0.037864		
33.08		0.037851		
33.09		0.0378379		
33.1		0.0378249		
33.11		0.0378119		
33.12		0.0377989		
33.13		0.037786		
33.14		0.037773		
33.15		0.03776		
33.16		0.0377471		
33.17		0.0377342		
33.18		0.0377213		
33.19		0.0377084		
33.2		0.0376955		
33.21		0.0376826		
33.22		0.0376697		
33.23		0.0376569		
33.24		0.037644		
33.25		0.0376312		
33.26		0.0376184		
33.27		0.0376056		
33.28		0.0375928		
33.29		0.03758		
33.3		0.0375672		
33.31		0.0375545		
33.32		0.0375417		
33.33		0.037529		
33.34		0.0375163		
33.35		0.0375035		
33.36		0.0374908		
33.37		0.0374782		
33.38		0.0374655		
33.39		0.0374528		
33.4		0.0374402		
33.41		0.0374275		
33.42		0.0374149		
33.43		0.0374023		
33.44		0.0373897		
33.45		0.0373771		
33.46		0.0373645		
33.47		0.0373519		
33.48		0.0373393		
33.49		0.0373268		
33.5		0.0373143		
33.51		0.0373017		
33.52		0.0372892		
33.53		0.0372767		
33.54		0.0372642		
33.55		0.0372517		
33.56		0.0372392		
33.57		0.0372268		
33.58		0.0372143		
33.59		0.0372019		
33.6		0.0371895		
33.61		0.037177		
33.62		0.0371646		
33.63		0.0371522		
33.64		0.0371398		
33.65		0.0371275		
33.66		0.0371151		
33.67		0.0371027		
33.68		0.0370904		
33.69		0.0370781		
33.7		0.0370657		
33.71		0.0370534		
33.72		0.0370411		
33.73		0.0370288		
33.74		0.0370165		
33.75		0.0370043		
33.76		0.036992		
33.77		0.0369798		
33.78		0.0369675		
33.79		0.0369553		
33.8		0.0369431		
33.81		0.0369308		
33.82		0.0369186		
33.83		0.0369064		
33.84		0.0368943		
33.85		0.0368821		
33.86		0.0368699		
33.87		0.0368578		
33.88		0.0368456		
33.89		0.0368335		
33.9		0.0368214		
33.91		0.0368093		
33.92		0.0367972		
33.93		0.0367851		
33.94		0.036773		
33.95		0.0367609		
33.96		0.0367488		
33.97		0.0367368		
33.98		0.0367247		
33.99		0.0367127		
34		0.0367007		
34.01		0.0366886		
34.02		0.0366766		
34.03		0.0366646		
34.04		0.0366526		
34.05		0.0366407		
34.06		0.0366287		
34.07		0.0366167		
34.08		0.0366048		
34.09		0.0365928		
34.1		0.0365809		
34.11		0.036569		
34.12		0.0365571		
34.13		0.0365451		
34.14		0.0365333		
34.15		0.0365214		
34.16		0.0365095		
34.17		0.0364976		
34.18		0.0364857		
34.19		0.0364739		
34.2		0.036462		
34.21		0.0364502		
34.22		0.0364384		
34.23		0.0364266		
34.24		0.0364148		
34.25		0.0364029		
34.26		0.0363912		
34.27		0.0363794		
34.28		0.0363676		
34.29		0.0363558		
34.3		0.0363441		
34.31		0.0363323		
34.32		0.0363206		
34.33		0.0363088		
34.34		0.0362971		
34.35		0.0362854		
34.36		0.0362737		
34.37		0.036262		
34.38		0.0362503		
34.39		0.0362386		
34.4		0.036227		
34.41		0.0362153		
34.42		0.0362036		
34.43		0.036192		
34.44		0.0361803		
34.45		0.0361687		
34.46		0.0361571		
34.47		0.0361455		
34.48		0.0361339		
34.49		0.0361223		
34.5		0.0361107		
34.51		0.0360991		
34.52		0.0360875		
34.53		0.0360759		
34.54		0.0360644		
34.55		0.0360528		
34.56		0.0360413		
34.57		0.0360297		
34.58		0.0360182		
34.59		0.0360067		
34.6		0.0359952		
34.61		0.0359837		
34.62		0.0359722		
34.63		0.0359607		
34.64		0.0359492		
34.65		0.0359377		
34.66		0.0359263		
34.67		0.0359148		
34.68		0.0359034		
34.69		0.0358919		
34.7		0.0358805		
34.71		0.0358691		
34.72		0.0358576		
34.73		0.0358462		
34.74		0.0358348		
34.75		0.0358234		
34.76		0.035812		
34.77		0.0358006		
34.78		0.0357893		
34.79		0.0357779		
34.8		0.0357665		
34.81		0.0357552		
34.82		0.0357439		
34.83		0.0357325		
34.84		0.0357212		
34.85		0.0357099		
34.86		0.0356985		
34.87		0.0356872		
34.88		0.0356759		
34.89		0.0356646		
34.9		0.0356534		
34.91		0.0356421		
34.92		0.0356308		
34.93		0.0356195		
34.94		0.0356083		
34.95		0.035597		
34.96		0.0355858		
34.97		0.0355746		
34.98		0.0355633		
34.99		0.0355521		
35		0.0355409		
35.01		0.0355297		
35.02		0.0355185		
35.03		0.0355073		
35.04		0.0354961		
35.05		0.0354849		
35.06		0.0354738		
35.07		0.0354626		
35.08		0.0354514		
35.09		0.0354403		
35.1		0.0354291		
35.11		0.035418		
35.12		0.0354069		
35.13		0.0353958		
35.14		0.0353846		
35.15		0.0353735		
35.16		0.0353624		
35.17		0.0353513		
35.18		0.0353402		
35.19		0.0353292		
35.2		0.0353181		
35.21		0.035307		
35.22		0.035296		
35.23		0.0352849		
35.24		0.0352739		
35.25		0.0352628		
35.26		0.0352518		
35.27		0.0352407		
35.28		0.0352297		
35.29		0.0352187		
35.3		0.0352077		
35.31		0.0351967		
35.32		0.0351857		
35.33		0.0351747		
35.34		0.0351637		
35.35		0.0351528		
35.36		0.0351418		
35.37		0.0351308		
35.38		0.0351199		
35.39		0.0351089		
35.4		0.035098		
35.41		0.0350871		
35.42		0.0350761		
35.43		0.0350652		
35.44		0.0350543		
35.45		0.0350434		
35.46		0.0350325		
35.47		0.0350216		
35.48		0.0350107		
35.49		0.0349998		
35.5		0.0349889		
35.51		0.0349781		
35.52		0.0349672		
35.53		0.0349563		
35.54		0.0349455		
35.55		0.0349346		
35.56		0.0349238		
35.57		0.034913		
35.58		0.0349021		
35.59		0.0348913		
35.6		0.0348805		
35.61		0.0348697		
35.62		0.0348589		
35.63		0.0348481		
35.64		0.0348373		
35.65		0.0348265		
35.66		0.0348158		
35.67		0.034805		
35.68		0.0347942		
35.69		0.0347835		
35.7		0.0347727		
35.71		0.034762		
35.72		0.0347512		
35.73		0.0347405		
35.74		0.0347298		
35.75		0.0347191		
35.76		0.0347083		
35.77		0.0346976		
35.78		0.0346869		
35.79		0.0346762		
35.8		0.0346655		
35.81		0.0346549		
35.82		0.0346442		
35.83		0.0346335		
35.84		0.0346228		
35.85		0.0346122		
35.86		0.0346015		
35.87		0.0345909		
35.88		0.0345802		
35.89		0.0345696		
35.9		0.034559		
35.91		0.0345483		
35.92		0.0345377		
35.93		0.0345271		
35.94		0.0345165		
35.95		0.0345059		
35.96		0.0344953		
35.97		0.0344847		
35.98		0.0344741		
35.99		0.0344636		
36		0.034453		
36.01		0.0344424		
36.02		0.0344319		
36.03		0.0344213		
36.04		0.0344108		
36.05		0.0344002		
36.06		0.0343897		
36.07		0.0343792		
36.08		0.0343686		
36.09		0.0343581		
36.1		0.0343476		
36.11		0.0343371		
36.12		0.0343266		
36.13		0.0343161		
36.14		0.0343056		
36.15		0.0342951		
36.16		0.0342847		
36.17		0.0342742		
36.18		0.0342637		
36.19		0.0342533		
36.2		0.0342428		
36.21		0.0342324		
36.22		0.0342219		
36.23		0.0342115		
36.24		0.0342011		
36.25		0.0341906		
36.26		0.0341802		
36.27		0.0341698		
36.28		0.0341594		
36.29		0.034149		
36.3		0.0341386		
36.31		0.0341282		
36.32		0.0341178		
36.33		0.0341074		
36.34		0.0340971		
36.35		0.0340867		
36.36		0.0340763		
36.37		0.034066		
36.38		0.0340556		
36.39		0.0340453		
36.4		0.0340349		
36.41		0.0340246		
36.42		0.0340143		
36.43		0.0340039		
36.44		0.0339936		
36.45		0.0339833		
36.46		0.033973		
36.47		0.0339627		
36.48		0.0339524		
36.49		0.0339421		
36.5		0.0339318		
36.51		0.0339215		
36.52		0.0339113		
36.53		0.033901		
36.54		0.0338907		
36.55		0.0338805		
36.56		0.0338702		
36.57		0.03386		
36.58		0.0338497		
36.59		0.0338395		
36.6		0.0338293		
36.61		0.033819		
36.62		0.0338088		
36.63		0.0337986		
36.64		0.0337884		
36.65		0.0337782		
36.66		0.033768		
36.67		0.0337578		
36.68		0.0337476		
36.69		0.0337374		
36.7		0.0337273		
36.71		0.0337171		
36.72		0.0337069		
36.73		0.0336968		
36.74		0.0336866		
36.75		0.0336765		
36.76		0.0336663		
36.77		0.0336562		
36.78		0.033646		
36.79		0.0336359		
36.8		0.0336258		
36.81		0.0336157		
36.82		0.0336055		
36.83		0.0335954		
36.84		0.0335853		
36.85		0.0335752		
36.86		0.0335652		
36.87		0.0335551		
36.88		0.033545		
36.89		0.0335349		
36.9		0.0335248		
36.91		0.0335148		
36.92		0.0335047		
36.93		0.0334947		
36.94		0.0334846		
36.95		0.0334746		
36.96		0.0334645		
36.97		0.0334545		
36.98		0.0334445		
36.99		0.0334344		
37		0.0334244		
37.01		0.0334144		
37.02		0.0334044		
37.03		0.0333944		
37.04		0.0333844		
37.05		0.0333744		
37.06		0.0333644		
37.07		0.0333544		
37.08		0.0333445		
37.09		0.0333345		
37.1		0.0333245		
37.11		0.0333146		
37.12		0.0333046		
37.13		0.0332947		
37.14		0.0332847		
37.15		0.0332748		
37.16		0.0332648		
37.17		0.0332549		
37.18		0.033245		
37.19		0.0332351		
37.2		0.0332251		
37.21		0.0332152		
37.22		0.0332053		
37.23		0.0331954		
37.24		0.0331855		
37.25		0.0331756		
37.26		0.0331658		
37.27		0.0331559		
37.28		0.033146		
37.29		0.0331361		
37.3		0.0331263		
37.31		0.0331164		
37.32		0.0331066		
37.33		0.0330967		
37.34		0.0330869		
37.35		0.033077		
37.36		0.0330672		
37.37		0.0330574		
37.38		0.0330475		
37.39		0.0330377		
37.4		0.0330279		
37.41		0.0330181		
37.42		0.0330083		
37.43		0.0329985		
37.44		0.0329887		
37.45		0.0329789		
37.46		0.0329691		
37.47		0.0329593		
37.48		0.0329496		
37.49		0.0329398		
37.5		0.03293		
37.51		0.0329203		
37.52		0.0329105		
37.53		0.0329008		
37.54		0.032891		
37.55		0.0328813		
37.56		0.0328715		
37.57		0.0328618		
37.58		0.0328521		
37.59		0.0328424		
37.6		0.0328327		
37.61		0.0328229		
37.62		0.0328132		
37.63		0.0328035		
37.64		0.0327938		
37.65		0.0327841		
37.66		0.0327745		
37.67		0.0327648		
37.68		0.0327551		
37.69		0.0327454		
37.7		0.0327358		
37.71		0.0327261		
37.72		0.0327164		
37.73		0.0327068		
37.74		0.0326971		
37.75		0.0326875		
37.76		0.0326779		
37.77		0.0326682		
37.78		0.0326586		
37.79		0.032649		
37.8		0.0326394		
37.81		0.0326298		
37.82		0.0326201		
37.83		0.0326105		
37.84		0.0326009		
37.85		0.0325913		
37.86		0.0325818		
37.87		0.0325722		
37.88		0.0325626		
37.89		0.032553		
37.9		0.0325435		
37.91		0.0325339		
37.92		0.0325243		
37.93		0.0325148		
37.94		0.0325052		
37.95		0.0324957		
37.96		0.0324861		
37.97		0.0324766		
37.98		0.0324671		
37.99		0.0324575		
38		0.032448		
38.01		0.0324385		
38.02		0.032429		
38.03		0.0324195		
38.04		0.03241		
38.05		0.0324005		
38.06		0.032391		
38.07		0.0323815		
38.08		0.032372		
38.09		0.0323625		
38.1		0.032353		
38.11		0.0323436		
38.12		0.0323341		
38.13		0.0323246		
38.14		0.0323152		
38.15		0.0323057		
38.16		0.0322963		
38.17		0.0322868		
38.18		0.0322774		
38.19		0.032268		
38.2		0.0322585		
38.21		0.0322491		
38.22		0.0322397		
38.23		0.0322303		
38.24		0.0322209		
38.25		0.0322115		
38.26		0.0322021		
38.27		0.0321927		
38.28		0.0321833		
38.29		0.0321739		
38.3		0.0321645		
38.31		0.0321551		
38.32		0.0321458		
38.33		0.0321364		
38.34		0.032127		
38.35		0.0321177		
38.36		0.0321083		
38.37		0.032099		
38.38		0.0320896		
38.39		0.0320803		
38.4		0.0320709		
38.41		0.0320616		
38.42		0.0320523		
38.43		0.032043		
38.44		0.0320336		
38.45		0.0320243		
38.46		0.032015		
38.47		0.0320057		
38.48		0.0319964		
38.49		0.0319871		
38.5		0.0319778		
38.51		0.0319686		
38.52		0.0319593		
38.53		0.03195		
38.54		0.0319407		
38.55		0.0319315		
38.56		0.0319222		
38.57		0.0319129		
38.58		0.0319037		
38.59		0.0318944		
38.6		0.0318852		
38.61		0.0318759		
38.62		0.0318667		
38.63		0.0318575		
38.64		0.0318482		
38.65		0.031839		
38.66		0.0318298		
38.67		0.0318206		
38.68		0.0318114		
38.69		0.0318022		
38.7		0.031793		
38.71		0.0317838		
38.72		0.0317746		
38.73		0.0317654		
38.74		0.0317562		
38.75		0.031747		
38.76		0.0317379		
38.77		0.0317287		
38.78		0.0317195		
38.79		0.0317104		
38.8		0.0317012		
38.81		0.0316921		
38.82		0.0316829		
38.83		0.0316738		
38.84		0.0316646		
38.85		0.0316555		
38.86		0.0316464		
38.87		0.0316373		
38.88		0.0316281		
38.89		0.031619		
38.9		0.0316099		
38.91		0.0316008		
38.92		0.0315917		
38.93		0.0315826		
38.94		0.0315735		
38.95		0.0315644		
38.96		0.0315553		
38.97		0.0315462		
38.98		0.0315372		
38.99		0.0315281		
39		0.031519		
39.01		0.03151		
39.02		0.0315009		
39.03		0.0314919		
39.04		0.0314828		
39.05		0.0314738		
39.06		0.0314647		
39.07		0.0314557		
39.08		0.0314466		
39.09		0.0314376		
39.1		0.0314286		
39.11		0.0314196		
39.12		0.0314106		
39.13		0.0314015		
39.14		0.0313925		
39.15		0.0313835		
39.16		0.0313745		
39.17		0.0313655		
39.18		0.0313566		
39.19		0.0313476		
39.2		0.0313386		
39.21		0.0313296		
39.22		0.0313206		
39.23		0.0313117		
39.24		0.0313027		
39.25		0.0312938		
39.26		0.0312848		
39.27		0.0312758		
39.28		0.0312669		
39.29		0.031258		
39.3		0.031249		
39.31		0.0312401		
39.32		0.0312312		
39.33		0.0312222		
39.34		0.0312133		
39.35		0.0312044		
39.36		0.0311955		
39.37		0.0311866		
39.38		0.0311777		
39.39		0.0311688		
39.4		0.0311599		
39.41		0.031151		
39.42		0.0311421		
39.43		0.0311332		
39.44		0.0311243		
39.45		0.0311155		
39.46		0.0311066		
39.47		0.0310977		
39.48		0.0310889		
39.49		0.03108		
39.5		0.0310712		
39.51		0.0310623		
39.52		0.0310535		
39.53		0.0310446		
39.54		0.0310358		
39.55		0.031027		
39.56		0.0310181		
39.57		0.0310093		
39.58		0.0310005		
39.59		0.0309917		
39.6		0.0309829		
39.61		0.0309741		
39.62		0.0309653		
39.63		0.0309565		
39.64		0.0309477		
39.65		0.0309389		
39.66		0.0309301		
39.67		0.0309213		
39.68		0.0309125		
39.69		0.0309038		
39.7		0.030895		
39.71		0.0308862		
39.72		0.0308775		
39.73		0.0308687		
39.74		0.03086		
39.75		0.0308512		
39.76		0.0308425		
39.77		0.0308337		
39.78		0.030825		
39.79		0.0308163		
39.8		0.0308075		
39.81		0.0307988		
39.82		0.0307901		
39.83		0.0307814		
39.84		0.0307727		
39.85		0.030764		
39.86		0.0307553		
39.87		0.0307466		
39.88		0.0307379		
39.89		0.0307292		
39.9		0.0307205		
39.91		0.0307118		
39.92		0.0307031		
39.93		0.0306945		
39.94		0.0306858		
39.95		0.0306771		
39.96		0.0306685		
39.97		0.0306598		
39.98		0.0306511		
39.99		0.0306425		
40		0.0306339		
40.01		0.0306252		
40.02		0.0306166		
40.03		0.0306079		
40.04		0.0305993		
40.05		0.0305907		
40.06		0.0305821		
40.07		0.0305734		
40.08		0.0305648		
40.09		0.0305562		
40.1		0.0305476		
40.11		0.030539		
40.12		0.0305304		
40.13		0.0305218		
40.14		0.0305132		
40.15		0.0305047		
40.16		0.0304961		
40.17		0.0304875		
40.18		0.0304789		
40.19		0.0304704		
40.2		0.0304618		
40.21		0.0304532		
40.22		0.0304447		
40.23		0.0304361		
40.24		0.0304276		
40.25		0.030419		
40.26		0.0304105		
40.27		0.030402		
40.28		0.0303934		
40.29		0.0303849		
40.3		0.0303764		
40.31		0.0303679		
40.32		0.0303593		
40.33		0.0303508		
40.34		0.0303423		
40.35		0.0303338		
40.36		0.0303253		
40.37		0.0303168		
40.38		0.0303083		
40.39		0.0302998		
40.4		0.0302914		
40.41		0.0302829		
40.42		0.0302744		
40.43		0.0302659		
40.44		0.0302575		
40.45		0.030249		
40.46		0.0302405		
40.47		0.0302321		
40.48		0.0302236		
40.49		0.0302152		
40.5		0.0302067		
40.51		0.0301983		
40.52		0.0301899		
40.53		0.0301814		
40.54		0.030173		
40.55		0.0301646		
40.56		0.0301561		
40.57		0.0301477		
40.58		0.0301393		
40.59		0.0301309		
40.6		0.0301225		
40.61		0.0301141		
40.62		0.0301057		
40.63		0.0300973		
40.64		0.0300889		
40.65		0.0300805		
40.66		0.0300721		
40.67		0.0300638		
40.68		0.0300554		
40.69		0.030047		
40.7		0.0300387		
40.71		0.0300303		
40.72		0.0300219		
40.73		0.0300136		
40.74		0.0300052		
40.75		0.0299969		
40.76		0.0299885		
40.77		0.0299802		
40.78		0.0299719		
40.79		0.0299635		
40.8		0.0299552		
40.81		0.0299469		
40.82		0.0299386		
40.83		0.0299302		
40.84		0.0299219		
40.85		0.0299136		
40.86		0.0299053		
40.87		0.029897		
40.88		0.0298887		
40.89		0.0298804		
40.9		0.0298721		
40.91		0.0298639		
40.92		0.0298556		
40.93		0.0298473		
40.94		0.029839		
40.95		0.0298308		
40.96		0.0298225		
40.97		0.0298142		
40.98		0.029806		
40.99		0.0297977		
41		0.0297895		
41.01		0.0297812		
41.02		0.029773		
41.03		0.0297647		
41.04		0.0297565		
41.05		0.0297483		
41.06		0.02974		
41.07		0.0297318		
41.08		0.0297236		
41.09		0.0297154		
41.1		0.0297072		
41.11		0.0296989		
41.12		0.0296907		
41.13		0.0296825		
41.14		0.0296743		
41.15		0.0296662		
41.16		0.029658		
41.17		0.0296498		
41.18		0.0296416		
41.19		0.0296334		
41.2		0.0296252		
41.21		0.0296171		
41.22		0.0296089		
41.23		0.0296007		
41.24		0.0295926		
41.25		0.0295844		
41.26		0.0295763		
41.27		0.0295681		
41.28		0.02956		
41.29		0.0295518		
41.3		0.0295437		
41.31		0.0295356		
41.32		0.0295274		
41.33		0.0295193		
41.34		0.0295112		
41.35		0.0295031		
41.36		0.0294949		
41.37		0.0294868		
41.38		0.0294787		
41.39		0.0294706		
41.4		0.0294625		
41.41		0.0294544		
41.42		0.0294463		
41.43		0.0294382		
41.44		0.0294302		
41.45		0.0294221		
41.46		0.029414		
41.47		0.0294059		
41.48		0.0293979		
41.49		0.0293898		
41.5		0.0293817		
41.51		0.0293737		
41.52		0.0293656		
41.53		0.0293576		
41.54		0.0293495		
41.55		0.0293415		
41.56		0.0293334		
41.57		0.0293254		
41.58		0.0293173		
41.59		0.0293093		
41.6		0.0293013		
41.61		0.0292933		
41.62		0.0292853		
41.63		0.0292772		
41.64		0.0292692		
41.65		0.0292612		
41.66		0.0292532		
41.67		0.0292452		
41.68		0.0292372		
41.69		0.0292292		
41.7		0.0292212		
41.71		0.0292132		
41.72		0.0292053		
41.73		0.0291973		
41.74		0.0291893		
41.75		0.0291813		
41.76		0.0291734		
41.77		0.0291654		
41.78		0.0291574		
41.79		0.0291495		
41.8		0.0291415		
41.81		0.0291336		
41.82		0.0291256		
41.83		0.0291177		
41.84		0.0291098		
41.85		0.0291018		
41.86		0.0290939		
41.87		0.029086		
41.88		0.029078		
41.89		0.0290701		
41.9		0.0290622		
41.91		0.0290543		
41.92		0.0290464		
41.93		0.0290385		
41.94		0.0290306		
41.95		0.0290227		
41.96		0.0290148		
41.97		0.0290069		
41.98		0.028999		
41.99		0.0289911		
42		0.0289832		
42.01		0.0289753		
42.02		0.0289675		
42.03		0.0289596		
42.04		0.0289517		
42.05		0.0289439		
42.06		0.028936		
42.07		0.0289281		
42.08		0.0289203		
42.09		0.0289124		
42.1		0.0289046		
42.11		0.0288968		
42.12		0.0288889		
42.13		0.0288811		
42.14		0.0288733		
42.15		0.0288654		
42.16		0.0288576		
42.17		0.0288498		
42.18		0.028842		
42.19		0.0288341		
42.2		0.0288263		
42.21		0.0288185		
42.22		0.0288107		
42.23		0.0288029		
42.24		0.0287951		
42.25		0.0287873		
42.26		0.0287796		
42.27		0.0287718		
42.28		0.028764		
42.29		0.0287562		
42.3		0.0287484		
42.31		0.0287407		
42.32		0.0287329		
42.33		0.0287251		
42.34		0.0287174		
42.35		0.0287096		
42.36		0.0287019		
42.37		0.0286941		
42.38		0.0286864		
42.39		0.0286786		
42.4		0.0286709		
42.41		0.0286631		
42.42		0.0286554		
42.43		0.0286477		
42.44		0.0286399		
42.45		0.0286322		
42.46		0.0286245		
42.47		0.0286168		
42.48		0.0286091		
42.49		0.0286014		
42.5		0.0285937		
42.51		0.028586		
42.52		0.0285783		
42.53		0.0285706		
42.54		0.0285629		
42.55		0.0285552		
42.56		0.0285475		
42.57		0.0285398		
42.58		0.0285321		
42.59		0.0285245		
42.6		0.0285168		
42.61		0.0285091		
42.62		0.0285015		
42.63		0.0284938		
42.64		0.0284862		
42.65		0.0284785		
42.66		0.0284709		
42.67		0.0284632		
42.68		0.0284556		
42.69		0.0284479		
42.7		0.0284403		
42.71		0.0284327		
42.72		0.028425		
42.73		0.0284174		
42.74		0.0284098		
42.75		0.0284022		
42.76		0.0283945		
42.77		0.0283869		
42.78		0.0283793		
42.79		0.0283717		
42.8		0.0283641		
42.81		0.0283565		
42.82		0.0283489		
42.83		0.0283413		
42.84		0.0283337		
42.85		0.0283262		
42.86		0.0283186		
42.87		0.028311		
42.88		0.0283034		
42.89		0.0282958		
42.9		0.0282883		
42.91		0.0282807		
42.92		0.0282732		
42.93		0.0282656		
42.94		0.028258		
42.95		0.0282505		
42.96		0.0282429		
42.97		0.0282354		
42.98		0.0282279		
42.99		0.0282203		
43		0.0282128		
43.01		0.0282053		
43.02		0.0281977		
43.03		0.0281902		
43.04		0.0281827		
43.05		0.0281752		
43.06		0.0281676		
43.07		0.0281601		
43.08		0.0281526		
43.09		0.0281451		
43.1		0.0281376		
43.11		0.0281301		
43.12		0.0281226		
43.13		0.0281151		
43.14		0.0281077		
43.15		0.0281002		
43.16		0.0280927		
43.17		0.0280852		
43.18		0.0280777		
43.19		0.0280703		
43.2		0.0280628		
43.21		0.0280553		
43.22		0.0280479		
43.23		0.0280404		
43.24		0.028033		
43.25		0.0280255		
43.26		0.0280181		
43.27		0.0280106		
43.28		0.0280032		
43.29		0.0279957		
43.3		0.0279883		
43.31		0.0279809		
43.32		0.0279735		
43.33		0.027966		
43.34		0.0279586		
43.35		0.0279512		
43.36		0.0279438		
43.37		0.0279364		
43.38		0.027929		
43.39		0.0279216		
43.4		0.0279142		
43.41		0.0279068		
43.42		0.0278994		
43.43		0.027892		
43.44		0.0278846		
43.45		0.0278772		
43.46		0.0278698		
43.47		0.0278624		
43.48		0.0278551		
43.49		0.0278477		
43.5		0.0278403		
43.51		0.027833		
43.52		0.0278256		
43.53		0.0278182		
43.54		0.0278109		
43.55		0.0278035		
43.56		0.0277962		
43.57		0.0277888		
43.58		0.0277815		
43.59		0.0277742		
43.6		0.0277668		
43.61		0.0277595		
43.62		0.0277522		
43.63		0.0277448		
43.64		0.0277375		
43.65		0.0277302		
43.66		0.0277229		
43.67		0.0277156		
43.68		0.0277082		
43.69		0.0277009		
43.7		0.0276936		
43.71		0.0276863		
43.72		0.027679		
43.73		0.0276717		
43.74		0.0276645		
43.75		0.0276572		
43.76		0.0276499		
43.77		0.0276426		
43.78		0.0276353		
43.79		0.0276281		
43.8		0.0276208		
43.81		0.0276135		
43.82		0.0276062		
43.83		0.027599		
43.84		0.0275917		
43.85		0.0275845		
43.86		0.0275772		
43.87		0.02757		
43.88		0.0275627		
43.89		0.0275555		
43.9		0.0275482		
43.91		0.027541		
43.92		0.0275338		
43.93		0.0275265		
43.94		0.0275193		
43.95		0.0275121		
43.96		0.0275049		
43.97		0.0274977		
43.98		0.0274904		
43.99		0.0274832		
44		0.027476		
44.01		0.0274688		
44.02		0.0274616		
44.03		0.0274544		
44.04		0.0274472		
44.05		0.02744		
44.06		0.0274328		
44.07		0.0274257		
44.08		0.0274185		
44.09		0.0274113		
44.1		0.0274041		
44.11		0.027397		
44.12		0.0273898		
44.13		0.0273826		
44.14		0.0273755		
44.15		0.0273683		
44.16		0.0273611		
44.17		0.027354		
44.18		0.0273468		
44.19		0.0273397		
44.2		0.0273325		
44.21		0.0273254		
44.22		0.0273183		
44.23		0.0273111		
44.24		0.027304		
44.25		0.0272969		
44.26		0.0272897		
44.27		0.0272826		
44.28		0.0272755		
44.29		0.0272684		
44.3		0.0272613		
44.31		0.0272542		
44.32		0.0272471		
44.33		0.02724		
44.34		0.0272329		
44.35		0.0272258		
44.36		0.0272187		
44.37		0.0272116		
44.38		0.0272045		
44.39		0.0271974		
44.4		0.0271903		
44.41		0.0271832		
44.42		0.0271762		
44.43		0.0271691		
44.44		0.027162		
44.45		0.0271549		
44.46		0.0271479		
44.47		0.0271408		
44.48		0.0271338		
44.49		0.0271267		
44.5		0.0271197		
44.51		0.0271126		
44.52		0.0271056		
44.53		0.0270985		
44.54		0.0270915		
44.55		0.0270845		
44.56		0.0270774		
44.57		0.0270704		
44.58		0.0270634		
44.59		0.0270563		
44.6		0.0270493		
44.61		0.0270423		
44.62		0.0270353		
44.63		0.0270283		
44.64		0.0270214		
44.65		0.0270145		
44.66		0.0270076		
44.67		0.0270007		
44.68		0.0269939		
44.69		0.0269871		
44.7		0.0269803		
44.71		0.0269735		
44.72		0.0269668		
44.73		0.0269601		
44.74		0.0269534		
44.75		0.0269467		
44.76		0.0269401		
44.77		0.0269335		
44.78		0.0269269		
44.79		0.0269203		
44.8		0.0269138		
44.81		0.0269072		
44.82		0.0269007		
44.83		0.0268942		
44.84		0.0268878		
44.85		0.0268813		
44.86		0.0268749		
44.87		0.0268685		
44.88		0.0268621		
44.89		0.0268557		
44.9		0.0268494		
44.91		0.026843		
44.92		0.0268367		
44.93		0.0268304		
44.94		0.0268241		
44.95		0.0268178		
44.96		0.0268116		
44.97		0.0268053		
44.98		0.0267991		
44.99		0.0267929		
45		0.0267867		
45.01		0.0267805		
45.02		0.0267744		
45.03		0.0267682		
45.04		0.0267621		
45.05		0.026756		
45.06		0.0267499		
45.07		0.0267438		
45.08		0.0267377		
45.09		0.0267316		
45.1		0.0267256		
45.11		0.0267195		
45.12		0.0267135		
45.13		0.0267075		
45.14		0.0267015		
45.15		0.0266955		
45.16		0.0266895		
45.17		0.0266835		
45.18		0.0266776		
45.19		0.0266716		
45.2		0.0266657		
45.21		0.0266597		
45.22		0.0266538		
45.23		0.0266479		
45.24		0.026642		
45.25		0.0266361		
45.26		0.0266303		
45.27		0.0266244		
45.28		0.0266185		
45.29		0.0266127		
45.3		0.0266069		
45.31		0.026601		
45.32		0.0265952		
45.33		0.0265894		
45.34		0.0265836		
45.35		0.0265778		
45.36		0.026572		
45.37		0.0265662		
45.38		0.0265605		
45.39		0.0265547		
45.4		0.0265489		
45.41		0.0265432		
45.42		0.0265375		
45.43		0.0265317		
45.44		0.026526		
45.45		0.0265203		
45.46		0.0265146		
45.47		0.0265089		
45.48		0.0265032		
45.49		0.0264975		
45.5		0.0264918		
45.51		0.0264861		
45.52		0.0264805		
45.53		0.0264748		
45.54		0.0264692		
45.55		0.0264635		
45.56		0.0264579		
45.57		0.0264522		
45.58		0.0264466		
45.59		0.026441		
45.6		0.0264354		
45.61		0.0264297		
45.62		0.0264241		
45.63		0.0264185		
45.64		0.0264129		
45.65		0.0264074		
45.66		0.0264018		
45.67		0.0263962		
45.68		0.0263906		
45.69		0.0263851		
45.7		0.0263795		
45.71		0.0263739		
45.72		0.0263684		
45.73		0.0263628		
45.74		0.0263573		
45.75		0.0263518		
45.76		0.0263462		
45.77		0.0263407		
45.78		0.0263352		
45.79		0.0263297		
45.8		0.0263242		
45.81		0.0263187		
45.82		0.0263131		
45.83		0.0263077		
45.84		0.0263022		
45.85		0.0262967		
45.86		0.0262912		
45.87		0.0262857		
45.88		0.0262802		
45.89		0.0262748		
45.9		0.0262693		
45.91		0.0262638		
45.92		0.0262584		
45.93		0.0262529		
45.94		0.0262474		
45.95		0.026242		
45.96		0.0262366		
45.97		0.0262311		
45.98		0.0262257		
45.99		0.0262202		
46		0.0262148		
46.01		0.0262094		
46.02		0.026204		
46.03		0.0261986		
46.04		0.0261931		
46.05		0.0261877		
46.06		0.0261823		
46.07		0.0261769		
46.08		0.0261715		
46.09		0.0261661		
46.1		0.0261607		
46.11		0.0261553		
46.12		0.0261499		
46.13		0.0261446		
46.14		0.0261392		
46.15		0.0261338		
46.16		0.0261284		
46.17		0.0261231		
46.18		0.0261177		
46.19		0.0261123		
46.2		0.026107		
46.21		0.0261016		
46.22		0.0260963		
46.23		0.0260909		
46.24		0.0260856		
46.25		0.0260802		
46.26		0.0260749		
46.27		0.0260695		
46.28		0.0260642		
46.29		0.0260589		
46.3		0.0260535		
46.31		0.0260482		
46.32		0.0260429		
46.33		0.0260376		
46.34		0.0260323		
46.35		0.0260271		
46.36		0.0260218		
46.37		0.0260165		
46.38		0.0260113		
46.39		0.026006		
46.4		0.0260008		
46.41		0.0259956		
46.42		0.0259904		
46.43		0.0259853		
46.44		0.0259801		
46.45		0.025975		
46.46		0.0259699		
46.47		0.0259647		
46.48		0.0259597		
46.49		0.0259546		
46.5		0.0259495		
46.51		0.0259445		
46.52		0.0259395		
46.53		0.0259345		
46.54		0.0259295		
46.55		0.0259246		
46.56		0.0259197		
46.57		0.0259147		
46.58		0.0259099		
46.59		0.025905		
46.6		0.0259001		
46.61		0.0258953		
46.62		0.0258905		
46.63		0.0258857		
46.64		0.025881		
46.65		0.0258763		
46.66		0.0258715		
46.67		0.0258669		
46.68		0.0258622		
46.69		0.0258575		
46.7		0.0258529		
46.71		0.0258483		
46.72		0.0258438		
46.73		0.0258392		
46.74		0.0258347		
46.75		0.0258302		
46.76		0.0258257		
46.77		0.0258212		
46.78		0.0258168		
46.79		0.0258124		
46.8		0.025808		
46.81		0.0258036		
46.82		0.0257993		
46.83		0.025795		
46.84		0.0257907		
46.85		0.0257864		
46.86		0.0257821		
46.87		0.0257779		
46.88		0.0257737		
46.89		0.0257695		
46.9		0.0257653		
46.91		0.0257612		
46.92		0.0257571		
46.93		0.025753		
46.94		0.0257489		
46.95		0.0257448		
46.96		0.0257408		
46.97		0.0257368		
46.98		0.0257328		
46.99		0.0257288		
47		0.0257249		
47.01		0.0257209		
47.02		0.025717		
47.03		0.0257131		
47.04		0.0257092		
47.05		0.0257054		
47.06		0.0257015		
47.07		0.0256977		
47.08		0.0256939		
47.09		0.0256901		
47.1		0.0256864		
47.11		0.0256826		
47.12		0.0256789		
47.13		0.0256752		
47.14		0.0256715		
47.15		0.0256678		
47.16		0.0256641		
47.17		0.0256605		
47.18		0.0256568		
47.19		0.0256532		
47.2		0.0256496		
47.21		0.025646		
47.22		0.0256424		
47.23		0.0256389		
47.24		0.0256353		
47.25		0.0256318		
47.26		0.0256283		
47.27		0.0256248		
47.28		0.0256213		
47.29		0.0256178		
47.3		0.0256144		
47.31		0.0256109		
47.32		0.0256075		
47.33		0.025604		
47.34		0.0256006		
47.35		0.0255972		
47.36		0.0255938		
47.37		0.0255904		
47.38		0.0255871		
47.39		0.0255837		
47.4		0.0255803		
47.41		0.025577		
47.42		0.0255737		
47.43		0.0255703		
47.44		0.025567		
47.45		0.0255637		
47.46		0.0255604		
47.47		0.0255571		
47.48		0.0255538		
47.49		0.0255506		
47.5		0.0255473		
47.51		0.025544		
47.52		0.0255408		
47.53		0.0255375		
47.54		0.0255343		
47.55		0.025531		
47.56		0.0255278		
47.57		0.0255246		
47.58		0.0255214		
47.59		0.0255181		
47.6		0.0255149		
47.61		0.0255117		
47.62		0.0255085		
47.63		0.0255053		
47.64		0.0255021		
47.65		0.0254989		
47.66		0.0254957		
47.67		0.0254926		
47.68		0.0254894		
47.69		0.0254862		
47.7		0.025483		
47.71		0.0254798		
47.72		0.0254767		
47.73		0.0254735		
47.74		0.0254703		
47.75		0.0254672		
47.76		0.025464		
47.77		0.0254608		
47.78		0.0254577		
47.79		0.0254545		
47.8		0.0254514		
47.81		0.0254482		
47.82		0.025445		
47.83		0.0254419		
47.84		0.0254387		
47.85		0.0254355		
47.86		0.0254324		
47.87		0.0254292		
47.88		0.0254261		
47.89		0.0254229		
47.9		0.0254197		
47.91		0.0254166		
47.92		0.0254134		
47.93		0.0254102		
47.94		0.0254071		
47.95		0.0254039		
47.96		0.0254007		
47.97		0.0253975		
47.98		0.0253943		
47.99		0.0253912		
48		0.025388		
48.01		0.0253848		
48.02		0.0253816		
48.03		0.0253784		
48.04		0.0253752		
48.05		0.025372		
48.06		0.0253688		
48.07		0.0253656		
48.08		0.0253624		
48.09		0.0253592		
48.1		0.025356		
48.11		0.0253527		
48.12		0.0253495		
48.13		0.0253463		
48.14		0.0253431		
48.15		0.0253398		
48.16		0.0253366		
48.17		0.0253333		
48.18		0.0253301		
48.19		0.0253268		
48.2		0.0253236		
48.21		0.0253203		
48.22		0.025317		
48.23		0.0253138		
48.24		0.0253105		
48.25		0.0253072		
48.26		0.0253039		
48.27		0.0253006		
48.28		0.0252973		
48.29		0.025294		
48.3		0.0252907		
48.31		0.0252874		
48.32		0.0252841		
48.33		0.0252807		
48.34		0.0252774		
48.35		0.0252741		
48.36		0.0252707		
48.37		0.0252674		
48.38		0.025264		
48.39		0.0252607		
48.4		0.0252573		
48.41		0.0252539		
48.42		0.0252506		
48.43		0.0252472		
48.44		0.0252438		
48.45		0.0252404		
48.46		0.025237		
48.47		0.0252336		
48.48		0.0252302		
48.49		0.0252267		
48.5		0.0252233		
48.51		0.0252199		
48.52		0.0252165		
48.53		0.025213		
48.54		0.0252096		
48.55		0.0252061		
48.56		0.0252026		
48.57		0.0251992		
48.58		0.0251957		
48.59		0.0251922		
48.6		0.0251887		
48.61		0.0251852		
48.62		0.0251817		
48.63		0.0251782		
48.64		0.0251747		
48.65		0.0251712		
48.66		0.0251677		
48.67		0.0251641		
48.68		0.0251606		
48.69		0.0251571		
48.7		0.0251535		
48.71		0.0251499		
48.72		0.0251464		
48.73		0.0251428		
48.74		0.0251392		
48.75		0.0251357		
48.76		0.0251321		
48.77		0.0251285		
48.78		0.0251249		
48.79		0.0251213		
48.8		0.0251177		
48.81		0.025114		
48.82		0.0251104		
48.83		0.0251068		
48.84		0.0251031		
48.85		0.0250995		
48.86		0.0250958		
48.87		0.0250922		
48.88		0.0250885		
48.89		0.0250849		
48.9		0.0250812		
48.91		0.0250775		
48.92		0.0250738		
48.93		0.0250701		
48.94		0.0250664		
48.95		0.0250627		
48.96		0.025059		
48.97		0.0250553		
48.98		0.0250516		
48.99		0.0250479		
49		0.0250441		
49.01		0.0250404		
49.02		0.0250366		
49.03		0.0250329		
49.04		0.0250291		
49.05		0.0250254		
49.06		0.0250216		
49.07		0.0250178		
49.08		0.0250141		
49.09		0.0250103		
49.1		0.0250065		
49.11		0.0250027		
49.12		0.0249989		
49.13		0.0249951		
49.14		0.0249913		
49.15		0.0249875		
49.16		0.0249836		
49.17		0.0249798		
49.18		0.024976		
49.19		0.0249722		
49.2		0.0249683		
49.21		0.0249645		
49.22		0.0249606		
49.23		0.0249568		
49.24		0.0249529		
49.25		0.024949		
49.26		0.0249452		
49.27		0.0249413		
49.28		0.0249374		
49.29		0.0249335		
49.3		0.0249296		
49.31		0.0249257		
49.32		0.0249218		
49.33		0.0249179		
49.34		0.024914		
49.35		0.0249101		
49.36		0.0249062		
49.37		0.0249023		
49.38		0.0248983		
49.39		0.0248944		
49.4		0.0248905		
49.41		0.0248865		
49.42		0.0248826		
49.43		0.0248786		
49.44		0.0248747		
49.45		0.0248707		
49.46		0.0248668		
49.47		0.0248628		
49.48		0.0248588		
49.49		0.0248548		
49.5		0.0248509		
49.51		0.0248469		
49.52		0.0248429		
49.53		0.0248389		
49.54		0.0248349		
49.55		0.0248309		
49.56		0.0248269		
49.57		0.0248229		
49.58		0.0248189		
49.59		0.0248149		
49.6		0.0248109		
49.61		0.0248068		
49.62		0.0248028		
49.63		0.0247988		
49.64		0.0247948		
49.65		0.0247907		
49.66		0.0247867		
49.67		0.0247826		
49.68		0.0247786		
49.69		0.0247746		
49.7		0.0247705		
49.71		0.0247664		
49.72		0.0247624		
49.73		0.0247583		
49.74		0.0247543		
49.75		0.0247502		
49.76		0.0247461		
49.77		0.024742		
49.78		0.024738		
49.79		0.0247339		
49.8		0.0247298		
49.81		0.0247257		
49.82		0.0247216		
49.83		0.0247175		
49.84		0.0247135		
49.85		0.0247094		
49.86		0.0247053		
49.87		0.0247012		
49.88		0.024697		
49.89		0.0246929		
49.9		0.0246888		
49.91		0.0246847		
49.92		0.0246806		
49.93		0.0246765		
49.94		0.0246724		
49.95		0.0246682		
49.96		0.0246641		
49.97		0.02466		
49.98		0.0246559		
49.99		0.0246517		
50		0.0246476		
