tau [fm]		tau_Pi
0.25		0.264312
0.26		0.262436		
0.27		0.260607		
0.28		0.258829		
0.29		0.257099		
0.3		0.255412		
0.31		0.253766		
0.32		0.252156		
0.33		0.250582		
0.34		0.249041		
0.35		0.247532		
0.36		0.246052		
0.37		0.244601		
0.38		0.243177		
0.39		0.24178		
0.4		0.240409		
0.41		0.239062		
0.42		0.23774		
0.43		0.23644		
0.44		0.235164		
0.45		0.23391		
0.46		0.232677		
0.47		0.231466		
0.48		0.230276		
0.49		0.229106		
0.5		0.227955		
0.51		0.226825		
0.52		0.225713		
0.53		0.22462		
0.54		0.223546		
0.55		0.222489		
0.56		0.221451		
0.57		0.220429		
0.58		0.219425		
0.59		0.218438		
0.6		0.217466		
0.61		0.216511		
0.62		0.215572		
0.63		0.214649		
0.64		0.21374		
0.65		0.212847		
0.66		0.211968		
0.67		0.211104		
0.68		0.210255		
0.69		0.209419		
0.7		0.208597		
0.71		0.207788		
0.72		0.206993		
0.73		0.206211		
0.74		0.205442		
0.75		0.204685		
0.76		0.203941		
0.77		0.203209		
0.78		0.202489		
0.79		0.201781		
0.8		0.201084		
0.81		0.200399		
0.82		0.199726		
0.83		0.199063		
0.84		0.198412		
0.85		0.197771		
0.86		0.197141		
0.87		0.196522		
0.88		0.195913		
0.89		0.195314		
0.9		0.194725		
0.91		0.194146		
0.92		0.193577		
0.93		0.193018		
0.94		0.192468		
0.95		0.191927		
0.96		0.191396		
0.97		0.190874		
0.98		0.190362		
0.99		0.189858		
1		0.189363		
1.01		0.188877		
1.02		0.1884		
1.03		0.187931		
1.04		0.187471		
1.05		0.187019		
1.06		0.186576		
1.07		0.186141		
1.08		0.185714		
1.09		0.185295		
1.1		0.184884		
1.11		0.184482		
1.12		0.184087		
1.13		0.1837		
1.14		0.183321		
1.15		0.182949		
1.16		0.182586		
1.17		0.18223		
1.18		0.181881		
1.19		0.18154		
1.2		0.181207		
1.21		0.180881		
1.22		0.180563		
1.23		0.180251		
1.24		0.179947		
1.25		0.179651		
1.26		0.179362		
1.27		0.179079		
1.28		0.178804		
1.29		0.178537		
1.3		0.178276		
1.31		0.178022		
1.32		0.177776		
1.33		0.177536		
1.34		0.177304		
1.35		0.177078		
1.36		0.17686		
1.37		0.176649		
1.38		0.176444		
1.39		0.176246		
1.4		0.176056		
1.41		0.175872		
1.42		0.175695		
1.43		0.175525		
1.44		0.175362		
1.45		0.175205		
1.46		0.175056		
1.47		0.174913		
1.48		0.174777		
1.49		0.174648		
1.5		0.174526		
1.51		0.174411		
1.52		0.174302		
1.53		0.1742		
1.54		0.174106		
1.55		0.174017		
1.56		0.173936		
1.57		0.173862		
1.58		0.173794		
1.59		0.173733		
1.6		0.173679		
1.61		0.173632		
1.62		0.173591		
1.63		0.173558		
1.64		0.173531		
1.65		0.173511		
1.66		0.173498		
1.67		0.173491		
1.68		0.173492		
1.69		0.173499		
1.7		0.173514		
1.71		0.173535		
1.72		0.173563		
1.73		0.173598		
1.74		0.17364		
1.75		0.173688		
1.76		0.173744		
1.77		0.173807		
1.78		0.173876		
1.79		0.173953		
1.8		0.174036		
1.81		0.174127		
1.82		0.174224		
1.83		0.174329		
1.84		0.17444		
1.85		0.174559		
1.86		0.174684		
1.87		0.174817		
1.88		0.174956		
1.89		0.175103		
1.9		0.175257		
1.91		0.175418		
1.92		0.175586		
1.93		0.175761		
1.94		0.175943		
1.95		0.176133		
1.96		0.176329		
1.97		0.176533		
1.98		0.176744		
1.99		0.176962		
2		0.177188		
2.01		0.17742		
2.02		0.17766		
2.03		0.177908		
2.04		0.178162		
2.05		0.178424		
2.06		0.178693		
2.07		0.17897		
2.08		0.179254		
2.09		0.179545		
2.1		0.179843		
2.11		0.180149		
2.12		0.180463		
2.13		0.180784		
2.14		0.181112		
2.15		0.181448		
2.16		0.181791		
2.17		0.182142		
2.18		0.1825		
2.19		0.182866		
2.2		0.183239		
2.21		0.18362		
2.22		0.184008		
2.23		0.184404		
2.24		0.184808		
2.25		0.185219		
2.26		0.185638		
2.27		0.186064		
2.28		0.186498		
2.29		0.18694		
2.3		0.18739		
2.31		0.187847		
2.32		0.188312		
2.33		0.188784		
2.34		0.189265		
2.35		0.189753		
2.36		0.190249		
2.37		0.190752		
2.38		0.191264		
2.39		0.191783		
2.4		0.19231		
2.41		0.192845		
2.42		0.193388		
2.43		0.193939		
2.44		0.194497		
2.45		0.195064		
2.46		0.195638		
2.47		0.196221		
2.48		0.196811		
2.49		0.197409		
2.5		0.198015		
2.51		0.19863		
2.52		0.199252		
2.53		0.199882		
2.54		0.20052		
2.55		0.201167		
2.56		0.201821		
2.57		0.202483		
2.58		0.203154		
2.59		0.203832		
2.6		0.204519		
2.61		0.205214		
2.62		0.205916		
2.63		0.206627		
2.64		0.207347		
2.65		0.208074		
2.66		0.208809		
2.67		0.209553		
2.68		0.210305		
2.69		0.211065		
2.7		0.211833		
2.71		0.21261		
2.72		0.213394		
2.73		0.214187		
2.74		0.214989		
2.75		0.215798		
2.76		0.216616		
2.77		0.217442		
2.78		0.218276		
2.79		0.219119		
2.8		0.21997		
2.81		0.220829		
2.82		0.221697		
2.83		0.222573		
2.84		0.223458		
2.85		0.22435		
2.86		0.225251		
2.87		0.226161		
2.88		0.227079		
2.89		0.228005		
2.9		0.22894		
2.91		0.229883		
2.92		0.230835		
2.93		0.231795		
2.94		0.232764		
2.95		0.233741		
2.96		0.234726		
2.97		0.23572		
2.98		0.236723		
2.99		0.237734		
3		0.238753		
3.01		0.239781		
3.02		0.240818		
3.03		0.241863		
3.04		0.242916		
3.05		0.243978		
3.06		0.245049		
3.07		0.246128		
3.08		0.247216		
3.09		0.248313		
3.1		0.249418		
3.11		0.250531		
3.12		0.251653		
3.13		0.252784		
3.14		0.253924		
3.15		0.255072		
3.16		0.256228		
3.17		0.257393		
3.18		0.258567		
3.19		0.25975		
3.2		0.260941		
3.21		0.262141		
3.22		0.26335		
3.23		0.264567		
3.24		0.265793		
3.25		0.267027		
3.26		0.26827		
3.27		0.269522		
3.28		0.270783		
3.29		0.272052		
3.3		0.27333		
3.31		0.274617		
3.32		0.275913		
3.33		0.277217		
3.34		0.27853		
3.35		0.279852		
3.36		0.281182		
3.37		0.282521		
3.38		0.283869		
3.39		0.285226		
3.4		0.286591		
3.41		0.287965		
3.42		0.289348		
3.43		0.29074		
3.44		0.292141		
3.45		0.29355		
3.46		0.294968		
3.47		0.296395		
3.48		0.297831		
3.49		0.299275		
3.5		0.300729		
3.51		0.302191		
3.52		0.303662		
3.53		0.305141		
3.54		0.30663		
3.55		0.308127		
3.56		0.309633		
3.57		0.311148		
3.58		0.312672		
3.59		0.314205		
3.6		0.315746		
3.61		0.317297		
3.62		0.318856		
3.63		0.320424		
3.64		0.322001		
3.65		0.323587		
3.66		0.325181		
3.67		0.326785		
3.68		0.328397		
3.69		0.330018		
3.7		0.331648		
3.71		0.333287		
3.72		0.334935		
3.73		0.336591		
3.74		0.338257		
3.75		0.339931		
3.76		0.341615		
3.77		0.343307		
3.78		0.345008		
3.79		0.346718		
3.8		0.348437		
3.81		0.350164		
3.82		0.351901		
3.83		0.353646		
3.84		0.355401		
3.85		0.357164		
3.86		0.358936		
3.87		0.360717		
3.88		0.362507		
3.89		0.364306		
3.9		0.366114		
3.91		0.36793		
3.92		0.369756		
3.93		0.37159		
3.94		0.373434		
3.95		0.375286		
3.96		0.377147		
3.97		0.379017		
3.98		0.380896		
3.99		0.382784		
4		0.384681		
4.01		0.386586		
4.02		0.388501		
4.03		0.390424		
4.04		0.392357		
4.05		0.394298		
4.06		0.396248		
4.07		0.398208		
4.08		0.400176		
4.09		0.402153		
4.1		0.404139		
4.11		0.406133		
4.12		0.408137		
4.13		0.41015		
4.14		0.412171		
4.15		0.414202		
4.16		0.416241		
4.17		0.418289		
4.18		0.420346		
4.19		0.422413		
4.2		0.424488		
4.21		0.426571		
4.22		0.428664		
4.23		0.430766		
4.24		0.432877		
4.25		0.434996		
4.26		0.437125		
4.27		0.439262		
4.28		0.441408		
4.29		0.443563		
4.3		0.445727		
4.31		0.4479		
4.32		0.450082		
4.33		0.452273		
4.34		0.454473		
4.35		0.456681		
4.36		0.458899		
4.37		0.461125		
4.38		0.46336		
4.39		0.465604		
4.4		0.467858		
4.41		0.470119		
4.42		0.47239		
4.43		0.47467		
4.44		0.476959		
4.45		0.479256		
4.46		0.481562		
4.47		0.483878		
4.48		0.486202		
4.49		0.488535		
4.5		0.490876		
4.51		0.493227		
4.52		0.495587		
4.53		0.497955		
4.54		0.500333		
4.55		0.502719		
4.56		0.505114		
4.57		0.507518		
4.58		0.50993		
4.59		0.512352		
4.6		0.514783		
4.61		0.517222		
4.62		0.51967		
4.63		0.522127		
4.64		0.524593		
4.65		0.527068		
4.66		0.529551		
4.67		0.532044		
4.68		0.534545		
4.69		0.537055		
4.7		0.539574		
4.71		0.542101		
4.72		0.544638		
4.73		0.547183		
4.74		0.549737		
4.75		0.5523		
4.76		0.554872		
4.77		0.557453		
4.78		0.560042		
4.79		0.56264		
4.8		0.565247		
4.81		0.567863		
4.82		0.570488		
4.83		0.573121		
4.84		0.575763		
4.85		0.578414		
4.86		0.581074		
4.87		0.583742		
4.88		0.586419		
4.89		0.589106		
4.9		0.5918		
4.91		0.594504		
4.92		0.597216		
4.93		0.599937		
4.94		0.602667		
4.95		0.605406		
4.96		0.608153		
4.97		0.610909		
4.98		0.613674		
4.99		0.616447		
5		0.619229		
5.01		0.62202		
5.02		0.62482		
5.03		0.627628		
5.04		0.630445		
5.05		0.633271		
5.06		0.636106		
5.07		0.638949		
5.08		0.641801		
5.09		0.644661		
5.1		0.647531		
5.11		0.650409		
5.12		0.653295		
5.13		0.65619		
5.14		0.659094		
5.15		0.662007		
5.16		0.664928		
5.17		0.667858		
5.18		0.670797		
5.19		0.673744		
5.2		0.6767		
5.21		0.679664		
5.22		0.682637		
5.23		0.685619		
5.24		0.68861		
5.25		0.691609		
5.26		0.694616		
5.27		0.697632		
5.28		0.700657		
5.29		0.70369		
5.3		0.706732		
5.31		0.709783		
5.32		0.712842		
5.33		0.71591		
5.34		0.718986		
5.35		0.722071		
5.36		0.725164		
5.37		0.728266		
5.38		0.731377		
5.39		0.734496		
5.4		0.737623		
5.41		0.740759		
5.42		0.743904		
5.43		0.747057		
5.44		0.750219		
5.45		0.753389		
5.46		0.756567		
5.47		0.759755		
5.48		0.76295		
5.49		0.766154		
5.5		0.769367		
5.51		0.772588		
5.52		0.775817		
5.53		0.779055		
5.54		0.782302		
5.55		0.785557		
5.56		0.78882		
5.57		0.792092		
5.58		0.795372		
5.59		0.798661		
5.6		0.801958		
5.61		0.805263		
5.62		0.808577		
5.63		0.811899		
5.64		0.81523		
5.65		0.818569		
5.66		0.821916		
5.67		0.825272		
5.68		0.828636		
5.69		0.832008		
5.7		0.835389		
5.71		0.838778		
5.72		0.842176		
5.73		0.845582		
5.74		0.848996		
5.75		0.852418		
5.76		0.855849		
5.77		0.859288		
5.78		0.862735		
5.79		0.866191		
5.8		0.869655		
5.81		0.873127		
5.82		0.876608		
5.83		0.880096		
5.84		0.883593		
5.85		0.887099		
5.86		0.890612		
5.87		0.894134		
5.88		0.897664		
5.89		0.901202		
5.9		0.904748		
5.91		0.908303		
5.92		0.911865		
5.93		0.915436		
5.94		0.919015		
5.95		0.922603		
5.96		0.926198		
5.97		0.929802		
5.98		0.933413		
5.99		0.937033		
6		0.940661		
6.01		0.944297		
6.02		0.947941		
6.03		0.951594		
6.04		0.955254		
6.05		0.958923		
6.06		0.962599		
6.07		0.966284		
6.08		0.969977		
6.09		0.973678		
6.1		0.977386		
6.11		0.981103		
6.12		0.984828		
6.13		0.988561		
6.14		0.992302		
6.15		0.996051		
6.16		0.999808		
6.17		1.00357		
6.18		1.00735		
6.19		1.01113		
6.2		1.01492		
6.21		1.01871		
6.22		1.02252		
6.23		1.02633		
6.24		1.03015		
6.25		1.03398		
6.26		1.03782		
6.27		1.04166		
6.28		1.04551		
6.29		1.04937		
6.3		1.05324		
6.31		1.05712		
6.32		1.061		
6.33		1.06489		
6.34		1.06879		
6.35		1.0727		
6.36		1.07661		
6.37		1.08054		
6.38		1.08447		
6.39		1.08841		
6.4		1.09235		
6.41		1.09631		
6.42		1.10027		
6.43		1.10424		
6.44		1.10822		
6.45		1.1122		
6.46		1.11619		
6.47		1.1202		
6.48		1.1242		
6.49		1.12822		
6.5		1.13224		
6.51		1.13627		
6.52		1.14031		
6.53		1.14436		
6.54		1.14841		
6.55		1.15248		
6.56		1.15655		
6.57		1.16062		
6.58		1.16471		
6.59		1.1688		
6.6		1.1729		
6.61		1.17701		
6.62		1.18112		
6.63		1.18525		
6.64		1.18938		
6.65		1.19352		
6.66		1.19766		
6.67		1.20181		
6.68		1.20598		
6.69		1.21014		
6.7		1.21432		
6.71		1.2185		
6.72		1.22269		
6.73		1.22689		
6.74		1.2311		
6.75		1.23531		
6.76		1.23953		
6.77		1.24376		
6.78		1.24799		
6.79		1.25223		
6.8		1.25648		
6.81		1.26074		
6.82		1.26501		
6.83		1.26928		
6.84		1.27356		
6.85		1.27784		
6.86		1.28214		
6.87		1.28644		
6.88		1.29075		
6.89		1.29506		
6.9		1.29939		
6.91		1.30372		
6.92		1.30806		
6.93		1.3124		
6.94		1.31675		
6.95		1.32111		
6.96		1.32548		
6.97		1.32985		
6.98		1.33424		
6.99		1.33862		
7		1.34302		
7.01		1.34742		
7.02		1.35183		
7.03		1.35625		
7.04		1.36067		
7.05		1.3651		
7.06		1.36954		
7.07		1.37399		
7.08		1.37844		
7.09		1.3829		
7.1		1.38737		
7.11		1.39184		
7.12		1.39632		
7.13		1.40081		
7.14		1.4053		
7.15		1.40981		
7.16		1.41432		
7.17		1.41883		
7.18		1.42335		
7.19		1.42788		
7.2		1.43242		
7.21		1.43696		
7.22		1.44151		
7.23		1.44607		
7.24		1.45064		
7.25		1.45521		
7.26		1.45979		
7.27		1.46437		
7.28		1.46896		
7.29		1.47356		
7.3		1.47817		
7.31		1.48278		
7.32		1.4874		
7.33		1.49203		
7.34		1.49666		
7.35		1.5013		
7.36		1.50594		
7.37		1.5106		
7.38		1.51526		
7.39		1.51992		
7.4		1.5246		
7.41		1.52928		
7.42		1.53396		
7.43		1.53866		
7.44		1.54336		
7.45		1.54806		
7.46		1.55278		
7.47		1.5575		
7.48		1.56222		
7.49		1.56696		
7.5		1.5717		
7.51		1.57644		
7.52		1.5812		
7.53		1.58595		
7.54		1.59072		
7.55		1.59549		
7.56		1.60027		
7.57		1.60506		
7.58		1.60985		
7.59		1.61465		
7.6		1.61945		
7.61		1.62426		
7.62		1.62908		
7.63		1.63391		
7.64		1.63874		
7.65		1.64358		
7.66		1.64842		
7.67		1.65327		
7.68		1.65812		
7.69		1.66299		
7.7		1.66786		
7.71		1.67273		
7.72		1.67761		
7.73		1.6825		
7.74		1.6874		
7.75		1.6923		
7.76		1.6972		
7.77		1.70212		
7.78		1.70704		
7.79		1.71196		
7.8		1.71689		
7.81		1.72183		
7.82		1.72678		
7.83		1.73173		
7.84		1.73668		
7.85		1.74164		
7.86		1.74661		
7.87		1.75159		
7.88		1.75657		
7.89		1.76156		
7.9		1.76655		
7.91		1.77155		
7.92		1.77655		
7.93		1.78157		
7.94		1.78658		
7.95		1.79161		
7.96		1.79664		
7.97		1.80167		
7.98		1.80671		
7.99		1.81176		
8		1.81682		
8.01		1.82187		
8.02		1.82694		
8.03		1.83201		
8.04		1.83709		
8.05		1.84217		
8.06		1.84726		
8.07		1.85236		
8.08		1.85746		
8.09		1.86256		
8.1		1.86768		
8.11		1.87279		
8.12		1.87792		
8.13		1.88305		
8.14		1.88818		
8.15		1.89332		
8.16		1.89847		
8.17		1.90362		
8.18		1.90878		
8.19		1.91395		
8.2		1.91912		
8.21		1.92429		
8.22		1.92947		
8.23		1.93466		
8.24		1.93985		
8.25		1.94505		
8.26		1.95026		
8.27		1.95547		
8.28		1.96068		
8.29		1.9659		
8.3		1.97113		
8.31		1.97636		
8.32		1.9816		
8.33		1.98684		
8.34		1.99209		
8.35		1.99734		
8.36		2.0026		
8.37		2.00787		
8.38		2.01314		
8.39		2.01841		
8.4		2.0237		
8.41		2.02898		
8.42		2.03427		
8.43		2.03957		
8.44		2.04487		
8.45		2.05018		
8.46		2.0555		
8.47		2.06082		
8.48		2.06614		
8.49		2.07147		
8.5		2.07681		
8.51		2.08215		
8.52		2.08749		
8.53		2.09284		
8.54		2.0982		
8.55		2.10356		
8.56		2.10893		
8.57		2.1143		
8.58		2.11968		
8.59		2.12506		
8.6		2.13044		
8.61		2.13584		
8.62		2.14123		
8.63		2.14664		
8.64		2.15205		
8.65		2.15746		
8.66		2.16288		
8.67		2.1683		
8.68		2.17373		
8.69		2.17916		
8.7		2.1846		
8.71		2.19004		
8.72		2.19549		
8.73		2.20095		
8.74		2.2064		
8.75		2.21187		
8.76		2.21734		
8.77		2.22281		
8.78		2.22829		
8.79		2.23377		
8.8		2.23926		
8.81		2.24475		
8.82		2.25025		
8.83		2.25575		
8.84		2.26126		
8.85		2.26678		
8.86		2.27229		
8.87		2.27781		
8.88		2.28334		
8.89		2.28887		
8.9		2.29441		
8.91		2.29995		
8.92		2.3055		
8.93		2.31105		
8.94		2.31661		
8.95		2.32217		
8.96		2.32773		
8.97		2.3333		
8.98		2.33888		
8.99		2.34445		
9		2.35004		
9.01		2.35563		
9.02		2.36122		
9.03		2.36682		
9.04		2.37242		
9.05		2.37803		
9.06		2.38364		
9.07		2.38925		
9.08		2.39488		
9.09		2.4005		
9.1		2.40613		
9.11		2.41177		
9.12		2.4174		
9.13		2.42305		
9.14		2.42869		
9.15		2.43435		
9.16		2.44		
9.17		2.44567		
9.18		2.45133		
9.19		2.457		
9.2		2.46268		
9.21		2.46835		
9.22		2.47404		
9.23		2.47972		
9.24		2.48542		
9.25		2.49111		
9.26		2.49681		
9.27		2.50252		
9.28		2.50823		
9.29		2.51394		
9.3		2.51966		
9.31		2.52538		
9.32		2.53111		
9.33		2.53684		
9.34		2.54257		
9.35		2.54831		
9.36		2.55405		
9.37		2.5598		
9.38		2.56555		
9.39		2.57131		
9.4		2.57707		
9.41		2.58283		
9.42		2.5886		
9.43		2.59437		
9.44		2.60015		
9.45		2.60593		
9.46		2.61172		
9.47		2.6175		
9.48		2.6233		
9.49		2.62909		
9.5		2.6349		
9.51		2.6407		
9.52		2.64651		
9.53		2.65232		
9.54		2.65814		
9.55		2.66396		
9.56		2.66978		
9.57		2.67561		
9.58		2.68145		
9.59		2.68728		
9.6		2.69312		
9.61		2.69897		
9.62		2.70482		
9.63		2.71067		
9.64		2.71653		
9.65		2.72239		
9.66		2.72825		
9.67		2.73412		
9.68		2.73999		
9.69		2.74586		
9.7		2.75174		
9.71		2.75763		
9.72		2.76351		
9.73		2.7694		
9.74		2.7753		
9.75		2.7812		
9.76		2.7871		
9.77		2.793		
9.78		2.79891		
9.79		2.80483		
9.8		2.81074		
9.81		2.81666		
9.82		2.82259		
9.83		2.82851		
9.84		2.83445		
9.85		2.84038		
9.86		2.84632		
9.87		2.85226		
9.88		2.85821		
9.89		2.86416		
9.9		2.87011		
9.91		2.87607		
9.92		2.88203		
9.93		2.88799		
9.94		2.89396		
9.95		2.89993		
9.96		2.9059		
9.97		2.91188		
9.98		2.91786		
9.99		2.92385		
10		2.92983		
10.01		2.93583		
10.02		2.94182		
10.03		2.94782		
10.04		2.95382		
10.05		2.95983		
10.06		2.96584		
10.07		2.97185		
10.08		2.97786		
10.09		2.98388		
10.1		2.98991		
10.11		2.99593		
10.12		3.00196		
10.13		3.00799		
10.14		3.01403		
10.15		3.02007		
10.16		3.02611		
10.17		3.03216		
10.18		3.03821		
10.19		3.04426		
10.2		3.05031		
10.21		3.05637		
10.22		3.06244		
10.23		3.0685		
10.24		3.07457		
10.25		3.08064		
10.26		3.08672		
10.27		3.09279		
10.28		3.09888		
10.29		3.10496		
10.3		3.11105		
10.31		3.11714		
10.32		3.12323		
10.33		3.12933		
10.34		3.13543		
10.35		3.14154		
10.36		3.14764		
10.37		3.15375		
10.38		3.15987		
10.39		3.16598		
10.4		3.1721		
10.41		3.17822		
10.42		3.18435		
10.43		3.19048		
10.44		3.19661		
10.45		3.20274		
10.46		3.20888		
10.47		3.21502		
10.48		3.22116		
10.49		3.22731		
10.5		3.23346		
10.51		3.23961		
10.52		3.24577		
10.53		3.25193		
10.54		3.25809		
10.55		3.26425		
10.56		3.27042		
10.57		3.27659		
10.58		3.28277		
10.59		3.28894		
10.6		3.29512		
10.61		3.3013		
10.62		3.30749		
10.63		3.31368		
10.64		3.31987		
10.65		3.32606		
10.66		3.33226		
10.67		3.33846		
10.68		3.34466		
10.69		3.35086		
10.7		3.35707		
10.71		3.36328		
10.72		3.3695		
10.73		3.37571		
10.74		3.38193		
10.75		3.38815		
10.76		3.39438		
10.77		3.40061		
10.78		3.40684		
10.79		3.41307		
10.8		3.41931		
10.81		3.42555		
10.82		3.43179		
10.83		3.43803		
10.84		3.44428		
10.85		3.45053		
10.86		3.45678		
10.87		3.46304		
10.88		3.46929		
10.89		3.47555		
10.9		3.48182		
10.91		3.48808		
10.92		3.49435		
10.93		3.50062		
10.94		3.5069		
10.95		3.51317		
10.96		3.51945		
10.97		3.52574		
10.98		3.53202		
10.99		3.53831		
11		3.5446		
11.01		3.55089		
11.02		3.55719		
11.03		3.56348		
11.04		3.56979		
11.05		3.57609		
11.06		3.58239		
11.07		3.5887		
11.08		3.59501		
11.09		3.60133		
11.1		3.60764		
11.11		3.61396		
11.12		3.62028		
11.13		3.62661		
11.14		3.63293		
11.15		3.63926		
11.16		3.6456		
11.17		3.65193		
11.18		3.65827		
11.19		3.66461		
11.2		3.67095		
11.21		3.67729		
11.22		3.68364		
11.23		3.68999		
11.24		3.69634		
11.25		3.70269		
11.26		3.70905		
11.27		3.71541		
11.28		3.72177		
11.29		3.72814		
11.3		3.7345		
11.31		3.74087		
11.32		3.74725		
11.33		3.75362		
11.34		3.76		
11.35		3.76638		
11.36		3.77276		
11.37		3.77914		
11.38		3.78553		
11.39		3.79192		
11.4		3.79831		
11.41		3.8047		
11.42		3.8111		
11.43		3.8175		
11.44		3.8239		
11.45		3.83031		
11.46		3.83671		
11.47		3.84312		
11.48		3.84953		
11.49		3.85595		
11.5		3.86236		
11.51		3.86878		
11.52		3.8752		
11.53		3.88162		
11.54		3.88805		
11.55		3.89448		
11.56		3.90091		
11.57		3.90734		
11.58		3.91378		
11.59		3.92022		
11.6		3.92666		
11.61		3.9331		
11.62		3.93954		
11.63		3.94599		
11.64		3.95244		
11.65		3.95889		
11.66		3.96535		
11.67		3.97181		
11.68		3.97826		
11.69		3.98473		
11.7		3.99119		
11.71		3.99766		
11.72		4.00413		
11.73		4.0106		
11.74		4.01707		
11.75		4.02355		
11.76		4.03003		
11.77		4.03651		
11.78		4.04299		
11.79		4.04948		
11.8		4.05596		
11.81		4.06245		
11.82		4.06895		
11.83		4.07544		
11.84		4.08194		
11.85		4.08844		
11.86		4.09494		
11.87		4.10145		
11.88		4.10795		
11.89		4.11446		
11.9		4.12098		
11.91		4.12749		
11.92		4.13401		
11.93		4.14052		
11.94		4.14705		
11.95		4.15357		
11.96		4.1601		
11.97		4.16662		
11.98		4.17316		
11.99		4.17969		
12		4.18622		
12.01		4.19276		
12.02		4.1993		
12.03		4.20585		
12.04		4.21239		
12.05		4.21894		
12.06		4.22549		
12.07		4.23204		
12.08		4.2386		
12.09		4.24515		
12.1		4.25171		
12.11		4.25827		
12.12		4.26484		
12.13		4.2714		
12.14		4.27797		
12.15		4.28455		
12.16		4.29112		
12.17		4.2977		
12.18		4.30427		
12.19		4.31086		
12.2		4.31744		
12.21		4.32403		
12.22		4.33061		
12.23		4.33721		
12.24		4.3438		
12.25		4.35039		
12.26		4.35699		
12.27		4.36359		
12.28		4.3702		
12.29		4.3768		
12.3		4.38341		
12.31		4.39002		
12.32		4.39663		
12.33		4.40325		
12.34		4.40987		
12.35		4.41649		
12.36		4.42311		
12.37		4.42974		
12.38		4.43636		
12.39		4.44299		
12.4		4.44963		
12.41		4.45626		
12.42		4.4629		
12.43		4.46954		
12.44		4.47618		
12.45		4.48283		
12.46		4.48948		
12.47		4.49613		
12.48		4.50278		
12.49		4.50943		
12.5		4.51609		
12.51		4.52275		
12.52		4.52942		
12.53		4.53608		
12.54		4.54275		
12.55		4.54942		
12.56		4.55609		
12.57		4.56277		
12.58		4.56945		
12.59		4.57613		
12.6		4.58281		
12.61		4.5895		
12.62		4.59619		
12.63		4.60288		
12.64		4.60957		
12.65		4.61627		
12.66		4.62297		
12.67		4.62967		
12.68		4.63638		
12.69		4.64308		
12.7		4.64979		
12.71		4.65651		
12.72		4.66322		
12.73		4.66994		
12.74		4.67666		
12.75		4.68338		
12.76		4.69011		
12.77		4.69684		
12.78		4.70357		
12.79		4.7103		
12.8		4.71704		
12.81		4.72378		
12.82		4.73052		
12.83		4.73727		
12.84		4.74402		
12.85		4.75077		
12.86		4.75752		
12.87		4.76428		
12.88		4.77104		
12.89		4.7778		
12.9		4.78457		
12.91		4.79133		
12.92		4.7981		
12.93		4.80488		
12.94		4.81165		
12.95		4.81843		
12.96		4.82522		
12.97		4.832		
12.98		4.83879		
12.99		4.84558		
13		4.85237		
13.01		4.85917		
13.02		4.86597		
13.03		4.87277		
13.04		4.87958		
13.05		4.88639		
13.06		4.8932		
13.07		4.90001		
13.08		4.90683		
13.09		4.91365		
13.1		4.92048		
13.11		4.9273		
13.12		4.93413		
13.13		4.94096		
13.14		4.9478		
13.15		4.95464		
13.16		4.96148		
13.17		4.96833		
13.18		4.97518		
13.19		4.98203		
13.2		4.98888		
13.21		4.99574		
13.22		5.0026		
13.23		5.00946		
13.24		5.01633		
13.25		5.0232		
13.26		5.03008		
13.27		5.03695		
13.28		5.04383		
13.29		5.05072		
13.3		5.0576		
13.31		5.06449		
13.32		5.07139		
13.33		5.07828		
13.34		5.08518		
13.35		5.09209		
13.36		5.09899		
13.37		5.10591		
13.38		5.11282		
13.39		5.11974		
13.4		5.12666		
13.41		5.13358		
13.42		5.14051		
13.43		5.14744		
13.44		5.15437		
13.45		5.16131		
13.46		5.16825		
13.47		5.1752		
13.48		5.18214		
13.49		5.1891		
13.5		5.19605		
13.51		5.20301		
13.52		5.20997		
13.53		5.21694		
13.54		5.22391		
13.55		5.23088		
13.56		5.23786		
13.57		5.24484		
13.58		5.25183		
13.59		5.25881		
13.6		5.26581		
13.61		5.2728		
13.62		5.2798		
13.63		5.28681		
13.64		5.29381		
13.65		5.30082		
13.66		5.30784		
13.67		5.31486		
13.68		5.32188		
13.69		5.32891		
13.7		5.33594		
13.71		5.34297		
13.72		5.35001		
13.73		5.35705		
13.74		5.3641		
13.75		5.37115		
13.76		5.3782		
13.77		5.38526		
13.78		5.39232		
13.79		5.39939		
13.8		5.40646		
13.81		5.41353		
13.82		5.42061		
13.83		5.42769		
13.84		5.43478		
13.85		5.44187		
13.86		5.44897		
13.87		5.45607		
13.88		5.46317		
13.89		5.47028		
13.9		5.47739		
13.91		5.48451		
13.92		5.49163		
13.93		5.49875		
13.94		5.50588		
13.95		5.51302		
13.96		5.52016		
13.97		5.5273		
13.98		5.53445		
13.99		5.5416		
14		5.54876		
14.01		5.55592		
14.02		5.56308		
14.03		5.57025		
14.04		5.57743		
14.05		5.58461		
14.06		5.59179		
14.07		5.59898		
14.08		5.60617		
14.09		5.61337		
14.1		5.62057		
14.11		5.62778		
14.12		5.63499		
14.13		5.64221		
14.14		5.64943		
14.15		5.65666		
14.16		5.66389		
14.17		5.67113		
14.18		5.67837		
14.19		5.68561		
14.2		5.69287		
14.21		5.70012		
14.22		5.70738		
14.23		5.71465		
14.24		5.72192		
14.25		5.7292		
14.26		5.73648		
14.27		5.74376		
14.28		5.75106		
14.29		5.75835		
14.3		5.76566		
14.31		5.77296		
14.32		5.78028		
14.33		5.78759		
14.34		5.79492		
14.35		5.80225		
14.36		5.80958		
14.37		5.81692		
14.38		5.82426		
14.39		5.83161		
14.4		5.83897		
14.41		5.84633		
14.42		5.8537		
14.43		5.86107		
14.44		5.86845		
14.45		5.87583		
14.46		5.88322		
14.47		5.89061		
14.48		5.89802		
14.49		5.90542		
14.5		5.91283		
14.51		5.92025		
14.52		5.92767		
14.53		5.9351		
14.54		5.94254		
14.55		5.94998		
14.56		5.95743		
14.57		5.96488		
14.58		5.97234		
14.59		5.9798		
14.6		5.98727		
14.61		5.99475		
14.62		6.00223		
14.63		6.00972		
14.64		6.01722		
14.65		6.02472		
14.66		6.03223		
14.67		6.03974		
14.68		6.04726		
14.69		6.05479		
14.7		6.06232		
14.71		6.06986		
14.72		6.07741		
14.73		6.08496		
14.74		6.09252		
14.75		6.10008		
14.76		6.10766		
14.77		6.11523		
14.78		6.12282		
14.79		6.13041		
14.8		6.13801		
14.81		6.14561		
14.82		6.15322		
14.83		6.16084		
14.84		6.16847		
14.85		6.1761		
14.86		6.18374		
14.87		6.19138		
14.88		6.19904		
14.89		6.2067		
14.9		6.21436		
14.91		6.22204		
14.92		6.22972		
14.93		6.2374		
14.94		6.2451		
14.95		6.2528		
14.96		6.26051		
14.97		6.26823		
14.98		6.27595		
14.99		6.28368		
15		6.29142		
15.01		6.29916		
15.02		6.30692		
15.03		6.31468		
15.04		6.32245		
15.05		6.33022		
15.06		6.338		
15.07		6.3458		
15.08		6.35359		
15.09		6.3614		
15.1		6.36921		
15.11		6.37703		
15.12		6.38486		
15.13		6.3927		
15.14		6.40054		
15.15		6.4084		
15.16		6.41626		
15.17		6.42413		
15.18		6.432		
15.19		6.43989		
15.2		6.44778		
15.21		6.45568		
15.22		6.46359		
15.23		6.47151		
15.24		6.47943		
15.25		6.48737		
15.26		6.49531		
15.27		6.50326		
15.28		6.51122		
15.29		6.51918		
15.3		6.52716		
15.31		6.53514		
15.32		6.54314		
15.33		6.55114		
15.34		6.55915		
15.35		6.56717		
15.36		6.57519		
15.37		6.58323		
15.38		6.59127		
15.39		6.59933		
15.4		6.60739		
15.41		6.61546		
15.42		6.62354		
15.43		6.63163		
15.44		6.63973		
15.45		6.64784		
15.46		6.65595		
15.47		6.66408		
15.48		6.67221		
15.49		6.68036		
15.5		6.68851		
15.51		6.69667		
15.52		6.70485		
15.53		6.71303		
15.54		6.72122		
15.55		6.72942		
15.56		6.73763		
15.57		6.74585		
15.58		6.75408		
15.59		6.76232		
15.6		6.77057		
15.61		6.77882		
15.62		6.78709		
15.63		6.79537		
15.64		6.80366		
15.65		6.81196		
15.66		6.82027		
15.67		6.82858		
15.68		6.83691		
15.69		6.84525		
15.7		6.8536		
15.71		6.86196		
15.72		6.87033		
15.73		6.87871		
15.74		6.8871		
15.75		6.8955		
15.76		6.90391		
15.77		6.91233		
15.78		6.92076		
15.79		6.9292		
15.8		6.93766		
15.81		6.94612		
15.82		6.9546		
15.83		6.96308		
15.84		6.97158		
15.85		6.98008		
15.86		6.9886		
15.87		6.99713		
15.88		7.00567		
15.89		7.01422		
15.9		7.02279		
15.91		7.03136		
15.92		7.03994		
15.93		7.04854		
15.94		7.05715		
15.95		7.06577		
15.96		7.0744		
15.97		7.08304		
15.98		7.09169		
15.99		7.10036		
16		7.10904		
16.01		7.11772		
16.02		7.12642		
16.03		7.13514		
16.04		7.14386		
16.05		7.1526		
16.06		7.16134		
16.07		7.1701		
16.08		7.17887		
16.09		7.18766		
16.1		7.19646		
16.11		7.20526		
16.12		7.21408		
16.13		7.22292		
16.14		7.23176		
16.15		7.24062		
16.16		7.24949		
16.17		7.25837		
16.18		7.26727		
16.19		7.27618		
16.2		7.2851		
16.21		7.29403		
16.22		7.30298		
16.23		7.31194		
16.24		7.32091		
16.25		7.3299		
16.26		7.33889		
16.27		7.34791		
16.28		7.35693		
16.29		7.36597		
16.3		7.37502		
16.31		7.38408		
16.32		7.39316		
16.33		7.40225		
16.34		7.41136		
16.35		7.42048		
16.36		7.42961		
16.37		7.43875		
16.38		7.44791		
16.39		7.45709		
16.4		7.46627		
16.41		7.47547		
16.42		7.48469		
16.43		7.49392		
16.44		7.50316		
16.45		7.51242		
16.46		7.52169		
16.47		7.53098		
16.48		7.54028		
16.49		7.54959		
16.5		7.55892		
16.51		7.56826		
16.52		7.57762		
16.53		7.58699		
16.54		7.59638		
16.55		7.60578		
16.56		7.6152		
16.57		7.62463		
16.58		7.63408		
16.59		7.64354		
16.6		7.65301		
16.61		7.66251		
16.62		7.67201		
16.63		7.68154		
16.64		7.69107		
16.65		7.70063		
16.66		7.71019		
16.67		7.71978		
16.68		7.72938		
16.69		7.73899		
16.7		7.74862		
16.71		7.75827		
16.72		7.76793		
16.73		7.77761		
16.74		7.7873		
16.75		7.79701		
16.76		7.80674		
16.77		7.81648		
16.78		7.82624		
16.79		7.83601		
16.8		7.8458		
16.81		7.85561		
16.82		7.86543		
16.83		7.87528		
16.84		7.88513		
16.85		7.89501		
16.86		7.9049		
16.87		7.9148		
16.88		7.92473		
16.89		7.93467		
16.9		7.94463		
16.91		7.9546		
16.92		7.96459		
16.93		7.9746		
16.94		7.98463		
16.95		7.99467		
16.96		8.00473		
16.97		8.01481		
16.98		8.02491		
16.99		8.03502		
17		8.04515		
17.01		8.0553		
17.02		8.06547		
17.03		8.07565		
17.04		8.08586		
17.05		8.09608		
17.06		8.10632		
17.07		8.11657		
17.08		8.12685		
17.09		8.13714		
17.1		8.14746		
17.11		8.15779		
17.12		8.16814		
17.13		8.1785		
17.14		8.18889		
17.15		8.19929		
17.16		8.20972		
17.17		8.22016		
17.18		8.23062		
17.19		8.2411		
17.2		8.2516		
17.21		8.26212		
17.22		8.27266		
17.23		8.28322		
17.24		8.2938		
17.25		8.30439		
17.26		8.31501		
17.27		8.32564		
17.28		8.3363		
17.29		8.34698		
17.3		8.35767		
17.31		8.36839		
17.32		8.37912		
17.33		8.38988		
17.34		8.40065		
17.35		8.41145		
17.36		8.42226		
17.37		8.4331		
17.38		8.44395		
17.39		8.45483		
17.4		8.46573		
17.41		8.47665		
17.42		8.48759		
17.43		8.49855		
17.44		8.50953		
17.45		8.52053		
17.46		8.53155		
17.47		8.5426		
17.48		8.55366		
17.49		8.56475		
17.5		8.57586		
17.51		8.58699		
17.52		8.59814		
17.53		8.60931		
17.54		8.6205		
17.55		8.63172		
17.56		8.64296		
17.57		8.65422		
17.58		8.6655		
17.59		8.6768		
17.6		8.68813		
17.61		8.69948		
17.62		8.71085		
17.63		8.72224		
17.64		8.73366		
17.65		8.7451		
17.66		8.75656		
17.67		8.76804		
17.68		8.77955		
17.69		8.79108		
17.7		8.80263		
17.71		8.81421		
17.72		8.82581		
17.73		8.83743		
17.74		8.84908		
17.75		8.86075		
17.76		8.87244		
17.77		8.88415		
17.78		8.89589		
17.79		8.90766		
17.8		8.91944		
17.81		8.93126		
17.82		8.94309		
17.83		8.95495		
17.84		8.96684		
17.85		8.97874		
17.86		8.99068		
17.87		9.00263		
17.88		9.01461		
17.89		9.02662		
17.9		9.03865		
17.91		9.05071		
17.92		9.06279		
17.93		9.07489		
17.94		9.08702		
17.95		9.09918		
17.96		9.11136		
17.97		9.12357		
17.98		9.1358		
17.99		9.14805		
18		9.16034		
18.01		9.17265		
18.02		9.18498		
18.03		9.19734		
18.04		9.20973		
18.05		9.22214		
18.06		9.23458		
18.07		9.24704		
18.08		9.25953		
18.09		9.27205		
18.1		9.28459		
18.11		9.29716		
18.12		9.30976		
18.13		9.32238		
18.14		9.33503		
18.15		9.34771		
18.16		9.36042		
18.17		9.37315		
18.18		9.38591		
18.19		9.39869		
18.2		9.41151		
18.21		9.42435		
18.22		9.43722		
18.23		9.45011		
18.24		9.46304		
18.25		9.47599		
18.26		9.48897		
18.27		9.50198		
18.28		9.51502		
18.29		9.52808		
18.3		9.54118		
18.31		9.5543		
18.32		9.56745		
18.33		9.58063		
18.34		9.59383		
18.35		9.60707		
18.36		9.62034		
18.37		9.63363		
18.38		9.64695		
18.39		9.66031		
18.4		9.67369		
18.41		9.6871		
18.42		9.70054		
18.43		9.71401		
18.44		9.72751		
18.45		9.74104		
18.46		9.7546		
18.47		9.7682		
18.48		9.78182		
18.49		9.79547		
18.5		9.80915		
18.51		9.82286		
18.52		9.8366		
18.53		9.85037		
18.54		9.86418		
18.55		9.87801		
18.56		9.89188		
18.57		9.90577		
18.58		9.9197		
18.59		9.93366		
18.6		9.94765		
18.61		9.96167		
18.62		9.97572		
18.63		9.98981		
18.64		10.0039		
18.65		10.0181		
18.66		10.0323		
18.67		10.0465		
18.68		10.0607		
18.69		10.075		
18.7		10.0893		
18.71		10.1036		
18.72		10.118		
18.73		10.1324		
18.74		10.1469		
18.75		10.1613		
18.76		10.1758		
18.77		10.1904		
18.78		10.2049		
18.79		10.2195		
18.8		10.2342		
18.81		10.2489		
18.82		10.2636		
18.83		10.2783		
18.84		10.2931		
18.85		10.3079		
18.86		10.3227		
18.87		10.3376		
18.88		10.3525		
18.89		10.3675		
18.9		10.3824		
18.91		10.3974		
18.92		10.4125		
18.93		10.4276		
18.94		10.4427		
18.95		10.4578		
18.96		10.473		
18.97		10.4883		
18.98		10.5035		
18.99		10.5188		
19		10.5341		
19.01		10.5495		
19.02		10.5649		
19.03		10.5803		
19.04		10.5958		
19.05		10.6113		
19.06		10.6269		
19.07		10.6424		
19.08		10.6581		
19.09		10.6737		
19.1		10.6894		
19.11		10.7051		
19.12		10.7209		
19.13		10.7367		
19.14		10.7525		
19.15		10.7684		
19.16		10.7843		
19.17		10.8003		
19.18		10.8163		
19.19		10.8323		
19.2		10.8484		
19.21		10.8645		
19.22		10.8806		
19.23		10.8968		
19.24		10.913		
19.25		10.9293		
19.26		10.9456		
19.27		10.9619		
19.28		10.9783		
19.29		10.9947		
19.3		11.0111		
19.31		11.0276		
19.32		11.0441		
19.33		11.0607		
19.34		11.0773		
19.35		11.094		
19.36		11.1107		
19.37		11.1274		
19.38		11.1441		
19.39		11.161		
19.4		11.1778		
19.41		11.1947		
19.42		11.2116		
19.43		11.2286		
19.44		11.2456		
19.45		11.2626		
19.46		11.2797		
19.47		11.2969		
19.48		11.314		
19.49		11.3312		
19.5		11.3485		
19.51		11.3658		
19.52		11.3831		
19.53		11.4005		
19.54		11.4179		
19.55		11.4354		
19.56		11.4529		
19.57		11.4705		
19.58		11.4881		
19.59		11.5057		
19.6		11.5234		
19.61		11.5411		
19.62		11.5588		
19.63		11.5766		
19.64		11.5945		
19.65		11.6124		
19.66		11.6303		
19.67		11.6483		
19.68		11.6663		
19.69		11.6844		
19.7		11.7025		
19.71		11.7206		
19.72		11.7388		
19.73		11.7571		
19.74		11.7754		
19.75		11.7937		
19.76		11.8121		
19.77		11.8305		
19.78		11.849		
19.79		11.8675		
19.8		11.886		
19.81		11.9046		
19.82		11.9233		
19.83		11.942		
19.84		11.9607		
19.85		11.9795		
19.86		11.9983		
19.87		12.0172		
19.88		12.0361		
19.89		12.0551		
19.9		12.0741		
19.91		12.0932		
19.92		12.1123		
19.93		12.1314		
19.94		12.1506		
19.95		12.1699		
19.96		12.1892		
19.97		12.2085		
19.98		12.2279		
19.99		12.2473		
20		12.2668		
20.01		12.2864		
20.02		12.3059		
20.03		12.3256		
20.04		12.3453		
20.05		12.365		
20.06		12.3848		
20.07		12.4046		
20.08		12.4245		
20.09		12.4444		
20.1		12.4644		
20.11		12.4844		
20.12		12.5044		
20.13		12.5246		
20.14		12.5447		
20.15		12.565		
20.16		12.5852		
20.17		12.6055		
20.18		12.6259		
20.19		12.6463		
20.2		12.6668		
20.21		12.6873		
20.22		12.7079		
20.23		12.7285		
20.24		12.7492		
20.25		12.7699		
20.26		12.7907		
20.27		12.8115		
20.28		12.8324		
20.29		12.8533		
20.3		12.8743		
20.31		12.8954		
20.32		12.9165		
20.33		12.9376		
20.34		12.9588		
20.35		12.98		
20.36		13.0013		
20.37		13.0227		
20.38		13.0441		
20.39		13.0655		
20.4		13.0871		
20.41		13.1086		
20.42		13.1302		
20.43		13.1519		
20.44		13.1736		
20.45		13.1954		
20.46		13.2172		
20.47		13.2391		
20.48		13.2611		
20.49		13.2831		
20.5		13.3051		
20.51		13.3272		
20.52		13.3494		
20.53		13.3716		
20.54		13.3939		
20.55		13.4162		
20.56		13.4386		
20.57		13.461		
20.58		13.4835		
20.59		13.5061		
20.6		13.5287		
20.61		13.5514		
20.62		13.5741		
20.63		13.5969		
20.64		13.6197		
20.65		13.6426		
20.66		13.6655		
20.67		13.6885		
20.68		13.7116		
20.69		13.7347		
20.7		13.7579		
20.71		13.7811		
20.72		13.8044		
20.73		13.8278		
20.74		13.8512		
20.75		13.8747		
20.76		13.8982		
20.77		13.9218		
20.78		13.9454		
20.79		13.9691		
20.8		13.9929		
20.81		14.0167		
20.82		14.0406		
20.83		14.0646		
20.84		14.0886		
20.85		14.1126		
20.86		14.1367		
20.87		14.1609		
20.88		14.1852		
20.89		14.2095		
20.9		14.2338		
20.91		14.2583		
20.92		14.2828		
20.93		14.3073		
20.94		14.3319		
20.95		14.3566		
20.96		14.3813		
20.97		14.4061		
20.98		14.431		
20.99		14.4559		
21		14.4809		
21.01		14.5059		
21.02		14.531		
21.03		14.5562		
21.04		14.5814		
21.05		14.6067		
21.06		14.6321		
21.07		14.6575		
21.08		14.683		
21.09		14.7085		
21.1		14.7342		
21.11		14.7598		
21.12		14.7856		
21.13		14.8114		
21.14		14.8373		
21.15		14.8632		
21.16		14.8892		
21.17		14.9153		
21.18		14.9414		
21.19		14.9676		
21.2		14.9939		
21.21		15.0202		
21.22		15.0466		
21.23		15.073		
21.24		15.0996		
21.25		15.1262		
21.26		15.1528		
21.27		15.1795		
21.28		15.2063		
21.29		15.2332		
21.3		15.2601		
21.31		15.2871		
21.32		15.3142		
21.33		15.3413		
21.34		15.3685		
21.35		15.3958		
21.36		15.4231		
21.37		15.4505		
21.38		15.478		
21.39		15.5055		
21.4		15.5331		
21.41		15.5608		
21.42		15.5885		
21.43		15.6164		
21.44		15.6442		
21.45		15.6722		
21.46		15.7002		
21.47		15.7283		
21.48		15.7565		
21.49		15.7847		
21.5		15.813		
21.51		15.8414		
21.52		15.8698		
21.53		15.8984		
21.54		15.927		
21.55		15.9556		
21.56		15.9843		
21.57		16.0132		
21.58		16.042		
21.59		16.071		
21.6		16.1		
21.61		16.1291		
21.62		16.1583		
21.63		16.1875		
21.64		16.2168		
21.65		16.2462		
21.66		16.2756		
21.67		16.3052		
21.68		16.3348		
21.69		16.3645		
21.7		16.3942		
21.71		16.424		
21.72		16.4539		
21.73		16.4839		
21.74		16.514		
21.75		16.5441		
21.76		16.5743		
21.77		16.6046		
21.78		16.6349		
21.79		16.6653		
21.8		16.6958		
21.81		16.7264		
21.82		16.7571		
21.83		16.7878		
21.84		16.8186		
21.85		16.8495		
21.86		16.8805		
21.87		16.9115		
21.88		16.9426		
21.89		16.9738		
21.9		17.0051		
21.91		17.0364		
21.92		17.0678		
21.93		17.0993		
21.94		17.1309		
21.95		17.1626		
21.96		17.1943		
21.97		17.2261		
21.98		17.258		
21.99		17.29		
22		17.3221		
22.01		17.3542		
22.02		17.3864		
22.03		17.4187		
22.04		17.4511		
22.05		17.4835		
22.06		17.5161		
22.07		17.5487		
22.08		17.5814		
22.09		17.6141		
22.1		17.647		
22.11		17.8417		
22.12		17.846		
22.13		17.8502		
22.14		17.8544		
22.15		17.8587		
22.16		17.8628		
22.17		17.867		
22.18		17.8711		
22.19		17.8753		
22.2		17.8794		
22.21		17.8834		
22.22		17.8875		
22.23		17.8915		
22.24		17.8955		
22.25		17.8995		
22.26		17.9035		
22.27		17.9075		
22.28		17.9114		
22.29		17.9153		
22.3		17.9192		
22.31		17.9231		
22.32		17.9269		
22.33		17.9307		
22.34		17.9345		
22.35		17.9383		
22.36		17.9421		
22.37		17.9458		
22.38		17.9496		
22.39		17.9533		
22.4		17.9569		
22.41		17.9606		
22.42		17.9642		
22.43		17.9679		
22.44		17.9715		
22.45		17.9751		
22.46		17.9786		
22.47		17.9822		
22.48		17.9857		
22.49		17.9892		
22.5		17.9927		
22.51		17.9961		
22.52		17.9996		
22.53		18.003		
22.54		18.0064		
22.55		18.0098		
22.56		18.0131		
22.57		18.0165		
22.58		18.0198		
22.59		18.0231		
22.6		18.0264		
22.61		18.0297		
22.62		18.0329		
22.63		18.0362		
22.64		18.0394		
22.65		18.0426		
22.66		18.0457		
22.67		18.0489		
22.68		18.052		
22.69		18.0551		
22.7		18.0582		
22.71		18.0613		
22.72		18.0644		
22.73		18.0674		
22.74		18.0704		
22.75		18.0734		
22.76		18.0764		
22.77		18.0794		
22.78		18.0823		
22.79		18.0853		
22.8		18.0882		
22.81		18.0911		
22.82		18.0939		
22.83		18.0968		
22.84		18.0996		
22.85		18.1025		
22.86		18.1053		
22.87		18.108		
22.88		18.1108		
22.89		18.1136		
22.9		18.1163		
22.91		18.119		
22.92		18.1217		
22.93		18.1244		
22.94		18.127		
22.95		18.1297		
22.96		18.1323		
22.97		18.1349		
22.98		18.1375		
22.99		18.1401		
23		18.1426		
23.01		18.1452		
23.02		18.1477		
23.03		18.1502		
23.04		18.1527		
23.05		18.1551		
23.06		18.1576		
23.07		18.16		
23.08		18.1624		
23.09		18.1648		
23.1		18.1672		
23.11		18.1696		
23.12		18.1719		
23.13		18.1743		
23.14		18.1766		
23.15		18.1789		
23.16		18.1812		
23.17		18.1834		
23.18		18.1857		
23.19		18.1879		
23.2		18.1901		
23.21		18.1923		
23.22		18.1945		
23.23		18.1967		
23.24		18.1988		
23.25		18.201		
23.26		18.2031		
23.27		18.2052		
23.28		18.2073		
23.29		18.2093		
23.3		18.2114		
23.31		18.2134		
23.32		18.2155		
23.33		18.2175		
23.34		18.2194		
23.35		18.2214		
23.36		18.2234		
23.37		18.2253		
23.38		18.2272		
23.39		18.2292		
23.4		18.231		
23.41		18.2329		
23.42		18.2348		
23.43		18.2366		
23.44		18.2385		
23.45		18.2403		
23.46		18.2421		
23.47		18.2439		
23.48		18.2456		
23.49		18.2474		
23.5		18.2491		
23.51		18.2509		
23.52		18.2526		
23.53		18.2543		
23.54		18.2559		
23.55		18.2576		
23.56		18.2592		
23.57		18.2609		
23.58		18.2625		
23.59		18.2641		
23.6		18.2657		
23.61		18.2673		
23.62		18.2688		
23.63		18.2704		
23.64		18.2719		
23.65		18.2734		
23.66		18.2749		
23.67		18.2764		
23.68		18.2779		
23.69		18.2793		
23.7		18.2807		
23.71		18.2822		
23.72		18.2836		
23.73		18.285		
23.74		18.2864		
23.75		18.2877		
23.76		18.2891		
23.77		18.2904		
23.78		18.2918		
23.79		18.2931		
23.8		18.2944		
23.81		18.2956		
23.82		18.2969		
23.83		18.2982		
23.84		18.2994		
23.85		18.3006		
23.86		18.3019		
23.87		18.3031		
23.88		18.3042		
23.89		18.3054		
23.9		18.3066		
23.91		18.3077		
23.92		18.3088		
23.93		18.31		
23.94		18.3111		
23.95		18.3122		
23.96		18.3132		
23.97		18.3143		
23.98		18.3153		
23.99		18.3164		
24		18.3174		
24.01		18.3184		
24.02		18.3194		
24.03		18.3204		
24.04		18.3213		
24.05		18.3223		
24.06		18.3232		
24.07		18.3242		
24.08		18.3251		
24.09		18.326		
24.1		18.3269		
24.11		18.3277		
24.12		18.3286		
24.13		18.3295		
24.14		18.3303		
24.15		18.3311		
24.16		18.3319		
24.17		18.3327		
24.18		18.3335		
24.19		18.3343		
24.2		18.335		
24.21		18.3358		
24.22		18.3365		
24.23		18.3372		
24.24		18.338		
24.25		18.3386		
24.26		18.3393		
24.27		18.34		
24.28		18.3407		
24.29		18.3413		
24.3		18.3419		
24.31		18.3426		
24.32		18.3432		
24.33		18.3438		
24.34		18.3443		
24.35		18.3449		
24.36		18.3455		
24.37		18.346		
24.38		18.3466		
24.39		18.3471		
24.4		18.3476		
24.41		18.3481		
24.42		18.3486		
24.43		18.349		
24.44		18.3495		
24.45		18.35		
24.46		18.3504		
24.47		18.3508		
24.48		18.3512		
24.49		18.3516		
24.5		18.352		
24.51		18.3524		
24.52		18.3528		
24.53		18.3531		
24.54		18.3535		
24.55		18.3538		
24.56		18.3541		
24.57		18.3544		
24.58		18.3547		
24.59		18.355		
24.6		18.3553		
24.61		18.3555		
24.62		18.3558		
24.63		18.356		
24.64		18.3563		
24.65		18.3565		
24.66		18.3567		
24.67		18.3569		
24.68		18.3571		
24.69		18.3572		
24.7		18.3574		
24.71		18.3575		
24.72		18.3577		
24.73		18.3578		
24.74		18.3579		
24.75		18.358		
24.76		18.3581		
24.77		18.3582		
24.78		18.3583		
24.79		18.3583		
24.8		18.3584		
24.81		18.3584		
24.82		18.3584		
24.83		18.3585		
24.84		18.3585		
24.85		18.3584		
24.86		18.3584		
24.87		18.3584		
24.88		18.3584		
24.89		18.3583		
24.9		18.3583		
24.91		18.3582		
24.92		18.3581		
24.93		18.358		
24.94		18.3579		
24.95		18.3578		
24.96		18.3577		
24.97		18.3575		
24.98		18.3574		
24.99		18.3572		
25		18.3571		
25.01		18.3569		
25.02		18.3567		
25.03		18.3565		
25.04		18.3563		
25.05		18.3561		
25.06		18.3559		
25.07		18.3556		
25.08		18.3554		
25.09		18.3551		
25.1		18.3549		
25.11		18.3546		
25.12		18.3543		
25.13		18.354		
25.14		18.3537		
25.15		18.3534		
25.16		18.353		
25.17		18.3527		
25.18		18.3524		
25.19		18.352		
25.2		18.3516		
25.21		18.3512		
25.22		18.3509		
25.23		18.3505		
25.24		18.3501		
25.25		18.3496		
25.26		18.3492		
25.27		18.3488		
25.28		18.3483		
25.29		18.3479		
25.3		18.3474		
25.31		18.3469		
25.32		18.3464		
25.33		18.346		
25.34		18.3454		
25.35		18.3449		
25.36		18.3444		
25.37		18.3439		
25.38		18.3433		
25.39		18.3428		
25.4		18.3422		
25.41		18.3417		
25.42		18.3411		
25.43		18.3405		
25.44		18.3399		
25.45		18.3393		
25.46		18.3387		
25.47		18.338		
25.48		18.3374		
25.49		18.3368		
25.5		18.3361		
25.51		18.3354		
25.52		18.3348		
25.53		18.3341		
25.54		18.3334		
25.55		18.3327		
25.56		18.332		
25.57		18.3313		
25.58		18.3305		
25.59		18.3298		
25.6		18.3291		
25.61		18.3283		
25.62		18.3276		
25.63		18.3268		
25.64		18.326		
25.65		18.3252		
25.66		18.3244		
25.67		18.3236		
25.68		18.3228		
25.69		18.322		
25.7		18.3211		
25.71		18.3203		
25.72		18.3194		
25.73		18.3186		
25.74		18.3177		
25.75		18.3168		
25.76		18.316		
25.77		18.3151		
25.78		18.3142		
25.79		18.3133		
25.8		18.3123		
25.81		18.3114		
25.82		18.3105		
25.83		18.3095		
25.84		18.3086		
25.85		18.3076		
25.86		18.3067		
25.87		18.3057		
25.88		18.3047		
25.89		18.3037		
25.9		18.3027		
25.91		18.3017		
25.92		18.3007		
25.93		18.2996		
25.94		18.2986		
25.95		18.2976		
25.96		18.2965		
25.97		18.2955		
25.98		18.2944		
25.99		18.2933		
26		18.2922		
26.01		18.2911		
26.02		18.29		
26.03		18.2889		
26.04		18.2878		
26.05		18.2867		
26.06		18.2856		
26.07		18.2844		
26.08		18.2833		
26.09		18.2821		
26.1		18.281		
26.11		18.2798		
26.12		18.2786		
26.13		18.2774		
26.14		18.2762		
26.15		18.275		
26.16		18.2738		
26.17		18.2726		
26.18		18.2714		
26.19		18.2701		
26.2		18.2689		
26.21		18.2677		
26.22		18.2664		
26.23		18.2651		
26.24		18.2639		
26.25		18.2626		
26.26		18.2613		
26.27		18.26		
26.28		18.2587		
26.29		18.2574		
26.3		18.2561		
26.31		18.2548		
26.32		18.2534		
26.33		18.2521		
26.34		18.2508		
26.35		18.2494		
26.36		18.248		
26.37		18.2467		
26.38		18.2453		
26.39		18.2439		
26.4		18.2425		
26.41		18.2411		
26.42		18.2397		
26.43		18.2383		
26.44		18.2369		
26.45		18.2355		
26.46		18.234		
26.47		18.2326		
26.48		18.2312		
26.49		18.2297		
26.5		18.2282		
26.51		18.2268		
26.52		18.2253		
26.53		18.2238		
26.54		18.2223		
26.55		18.2208		
26.56		18.2193		
26.57		18.2178		
26.58		18.2163		
26.59		18.2148		
26.6		18.2132		
26.61		18.2117		
26.62		18.2102		
26.63		18.2086		
26.64		18.2071		
26.65		18.2055		
26.66		18.2039		
26.67		18.2023		
26.68		18.2008		
26.69		18.1992		
26.7		18.1976		
26.71		18.196		
26.72		18.1943		
26.73		18.1927		
26.74		18.1911		
26.75		18.1895		
26.76		18.1878		
26.77		18.1862		
26.78		18.1845		
26.79		18.1829		
26.8		18.1812		
26.81		18.1795		
26.82		18.1779		
26.83		18.1762		
26.84		18.1745		
26.85		18.1728		
26.86		18.1711		
26.87		18.1694		
26.88		18.1677		
26.89		18.1659		
26.9		18.1642		
26.91		18.1625		
26.92		18.1607		
26.93		18.159		
26.94		18.1572		
26.95		18.1555		
26.96		18.1537		
26.97		18.1519		
26.98		18.1501		
26.99		18.1484		
27		18.1466		
27.01		18.1448		
27.02		18.143		
27.03		18.1411		
27.04		18.1393		
27.05		18.1375		
27.06		18.1357		
27.07		18.1338		
27.08		18.132		
27.09		18.1301		
27.1		18.1283		
27.11		18.1264		
27.12		18.1246		
27.13		18.1227		
27.14		18.1208		
27.15		18.1189		
27.16		18.117		
27.17		18.1152		
27.18		18.1132		
27.19		18.1113		
27.2		18.1094		
27.21		18.1075		
27.22		18.1056		
27.23		18.1037		
27.24		18.1017		
27.25		18.0998		
27.26		18.0978		
27.27		18.0959		
27.28		18.0939		
27.29		18.0919		
27.3		18.09		
27.31		18.088		
27.32		18.086		
27.33		18.084		
27.34		18.082		
27.35		18.08		
27.36		18.078		
27.37		18.076		
27.38		18.074		
27.39		18.072		
27.4		18.0699		
27.41		18.0679		
27.42		18.0659		
27.43		18.0638		
27.44		18.0618		
27.45		18.0597		
27.46		18.0577		
27.47		18.0556		
27.48		18.0535		
27.49		18.0514		
27.5		18.0493		
27.51		18.0473		
27.52		18.0452		
27.53		18.0431		
27.54		18.041		
27.55		18.0388		
27.56		18.0367		
27.57		18.0346		
27.58		18.0325		
27.59		18.0304		
27.6		18.0282		
27.61		18.0261		
27.62		18.0239		
27.63		18.0218		
27.64		18.0196		
27.65		18.0174		
27.66		18.0153		
27.67		18.0131		
27.68		18.0109		
27.69		18.0087		
27.7		18.0066		
27.71		18.0044		
27.72		18.0022		
27.73		18		
27.74		17.9977		
27.75		17.9955		
27.76		17.9933		
27.77		17.9911		
27.78		17.9888		
27.79		17.9866		
27.8		17.9844		
27.81		17.9821		
27.82		17.9799		
27.83		17.9776		
27.84		17.9754		
27.85		17.9731		
27.86		17.9708		
27.87		17.9685		
27.88		17.9663		
27.89		17.964		
27.9		17.9617		
27.91		17.9594		
27.92		17.9571		
27.93		17.9548		
27.94		17.9525		
27.95		17.9502		
27.96		17.9478		
27.97		17.9455		
27.98		17.9432		
27.99		17.9409		
28		17.9385		
28.01		17.9362		
28.02		17.9338		
28.03		17.9315		
28.04		17.9291		
28.05		17.9267		
28.06		17.9244		
28.07		17.922		
28.08		17.9196		
28.09		17.9173		
28.1		17.9149		
28.11		17.9125		
28.12		17.9101		
28.13		17.9077		
28.14		17.9053		
28.15		17.9029		
28.16		17.9005		
28.17		17.898		
28.18		17.8956		
28.19		17.8932		
28.2		17.8907		
28.21		17.8883		
28.22		17.8859		
28.23		17.8834		
28.24		17.881		
28.25		17.8785		
28.26		17.8761		
28.27		17.8736		
28.28		17.8711		
28.29		17.8687		
28.3		17.8662		
28.31		17.8637		
28.32		17.8612		
28.33		17.8587		
28.34		17.8562		
28.35		17.8537		
28.36		17.8512		
28.37		17.8487		
28.38		17.8462		
28.39		17.8437		
28.4		17.8412		
28.41		17.8387		
28.42		17.8361		
28.43		17.8336		
28.44		17.8311		
28.45		17.8285		
28.46		17.826		
28.47		17.8234		
28.48		17.8209		
28.49		17.8183		
28.5		17.8157		
28.51		17.8132		
28.52		17.8106		
28.53		17.808		
28.54		17.8054		
28.55		17.8029		
28.56		17.8003		
28.57		17.7977		
28.58		17.7951		
28.59		17.7925		
28.6		17.7899		
28.61		17.7873		
28.62		17.7847		
28.63		17.7821		
28.64		17.7794		
28.65		17.7768		
28.66		17.7742		
28.67		17.7715		
28.68		17.7689		
28.69		17.7663		
28.7		17.7636		
28.71		17.761		
28.72		17.7583		
28.73		17.7557		
28.74		17.753		
28.75		17.7504		
28.76		17.7477		
28.77		17.745		
28.78		17.7423		
28.79		17.7397		
28.8		17.737		
28.81		17.7343		
28.82		17.7316		
28.83		17.7289		
28.84		17.7262		
28.85		17.7235		
28.86		17.7208		
28.87		17.7181		
28.88		17.7154		
28.89		17.7127		
28.9		17.7099		
28.91		17.7072		
28.92		17.7045		
28.93		17.7017		
28.94		17.699		
28.95		17.6963		
28.96		17.6935		
28.97		17.6908		
28.98		17.688		
28.99		17.6853		
29		17.6825		
29.01		17.6798		
29.02		17.677		
29.03		17.6742		
29.04		17.6715		
29.05		17.4591		
29.06		17.2664		
29.07		17.0782		
29.08		16.8941		
29.09		16.7142		
29.1		16.5383		
29.11		16.3663		
29.12		16.1981		
29.13		16.0337		
29.14		15.8729		
29.15		15.7156		
29.16		15.5617		
29.17		15.4112		
29.18		15.2639		
29.19		15.1198		
29.2		14.9788		
29.21		14.8409		
29.22		14.7059		
29.23		14.5737		
29.24		14.4443		
29.25		14.3177		
29.26		14.1937		
29.27		14.0723		
29.28		13.9534		
29.29		13.837		
29.3		13.723		
29.31		13.6113		
29.32		13.5019		
29.33		13.3947		
29.34		13.2897		
29.35		13.1867		
29.36		13.0859		
29.37		12.987		
29.38		12.8901		
29.39		12.7951		
29.4		12.7019		
29.41		12.6106		
29.42		12.521		
29.43		12.4332		
29.44		12.347		
29.45		12.2625		
29.46		12.1795		
29.47		12.0982		
29.48		12.0183		
29.49		11.9399		
29.5		11.863		
29.51		11.7875		
29.52		11.7134		
29.53		11.6406		
29.54		11.5691		
29.55		11.4989		
29.56		11.4299		
29.57		11.3622		
29.58		11.2956		
29.59		11.2302		
29.6		11.1659		
29.61		11.1028		
29.62		11.0407		
29.63		10.9796		
29.64		10.9196		
29.65		10.8606		
29.66		10.8026		
29.67		10.7455		
29.68		10.6893		
29.69		10.6341		
29.7		10.5797		
29.71		10.5262		
29.72		10.4736		
29.73		10.4218		
29.74		10.3708		
29.75		10.3205		
29.76		10.2711		
29.77		10.2224		
29.78		10.1744		
29.79		10.1272		
29.8		10.0806		
29.81		10.0347		
29.82		9.98954		
29.83		9.94499		
29.84		9.90109		
29.85		9.8578		
29.86		9.81513		
29.87		9.77305		
29.88		9.73155		
29.89		9.69063		
29.9		9.65026		
29.91		9.61043		
29.92		9.57113		
29.93		9.53235		
29.94		9.49408		
29.95		9.45631		
29.96		9.41902		
29.97		9.38221		
29.98		9.34586		
29.99		9.30997		
30		9.27452		
30.01		9.23951		
30.02		9.20492		
30.03		9.17074		
30.04		9.13698		
30.05		9.10361		
30.06		9.07063		
30.07		9.03803		
30.08		9.00581		
30.09		8.97395		
30.1		8.94245		
30.11		8.9113		
30.12		8.88049		
30.13		8.85002		
30.14		8.81987		
30.15		8.79005		
30.16		8.76054		
30.17		8.73134		
30.18		8.70245		
30.19		8.67385		
30.2		8.64554		
30.21		8.61751		
30.22		8.58977		
30.23		8.56229		
30.24		8.53509		
30.25		8.50814		
30.26		8.48146		
30.27		8.45502		
30.28		8.42884		
30.29		8.40289		
30.3		8.37718		
30.31		8.35171		
30.32		8.32646		
30.33		8.30144		
30.34		8.27664		
30.35		8.25205		
30.36		8.22768		
30.37		8.20351		
30.38		8.17955		
30.39		8.15579		
30.4		8.13222		
30.41		8.10885		
30.42		8.08567		
30.43		8.06267		
30.44		8.03986		
30.45		8.01722		
30.46		7.99476		
30.47		7.97247		
30.48		7.95036		
30.49		7.92841		
30.5		7.90662		
30.51		7.885		
30.52		7.86354		
30.53		7.84223		
30.54		7.82107		
30.55		7.80007		
30.56		7.77921		
30.57		7.7585		
30.58		7.73793		
30.59		7.7175		
30.6		7.69721		
30.61		7.67706		
30.62		7.65704		
30.63		7.63716		
30.64		7.6174		
30.65		7.59777		
30.66		7.57827		
30.67		7.55889		
30.68		7.53964		
30.69		7.5205		
30.7		7.50148		
30.71		7.48258		
30.72		7.4638		
30.73		7.44513		
30.74		7.42657		
30.75		7.40811		
30.76		7.38977		
30.77		7.37154		
30.78		7.35341		
30.79		7.33538		
30.8		7.31746		
30.81		7.29963		
30.82		7.28191		
30.83		7.26428		
30.84		7.24675		
30.85		7.22932		
30.86		7.21198		
30.87		7.19474		
30.88		7.17758		
30.89		7.16052		
30.9		7.14355		
30.91		7.12666		
30.92		7.10986		
30.93		7.09315		
30.94		7.07652		
30.95		7.05998		
30.96		7.04352		
30.97		7.02714		
30.98		7.01084		
30.99		6.99463		
31		6.97849		
31.01		6.96243		
31.02		6.94645		
31.03		6.93054		
31.04		6.91471		
31.05		6.89895		
31.06		6.88327		
31.07		6.86766		
31.08		6.85212		
31.09		6.83666		
31.1		6.82126		
31.11		6.80593		
31.12		6.79068		
31.13		6.77549		
31.14		6.76037		
31.15		6.74532		
31.16		6.73033		
31.17		6.71541		
31.18		6.70055		
31.19		6.68576		
31.2		6.67103		
31.21		6.65637		
31.22		6.64176		
31.23		6.62722		
31.24		6.61274		
31.25		6.59832		
31.26		6.58397		
31.27		6.56967		
31.28		6.55543		
31.29		6.54124		
31.3		6.52712		
31.31		6.51305		
31.32		6.49905		
31.33		6.48509		
31.34		6.4712		
31.35		6.45736		
31.36		6.44357		
31.37		6.42984		
31.38		6.41616		
31.39		6.40254		
31.4		6.38897		
31.41		6.37545		
31.42		6.36198		
31.43		6.34857		
31.44		6.33521		
31.45		6.3219		
31.46		6.30864		
31.47		6.29543		
31.48		6.28227		
31.49		6.26916		
31.5		6.2561		
31.51		6.24309		
31.52		6.23013		
31.53		6.21721		
31.54		6.20434		
31.55		6.19153		
31.56		6.17875		
31.57		6.16603		
31.58		6.15335		
31.59		6.14072		
31.6		6.12813		
31.61		6.11559		
31.62		6.10309		
31.63		6.09064		
31.64		6.07823		
31.65		6.06587		
31.66		6.05355		
31.67		6.04128		
31.68		6.02905		
31.69		6.01686		
31.7		6.00471		
31.71		5.99261		
31.72		5.98055		
31.73		5.96853		
31.74		5.95656		
31.75		5.94462		
31.76		5.93273		
31.77		5.92088		
31.78		5.90907		
31.79		5.8973		
31.8		5.88557		
31.81		5.87388		
31.82		5.86223		
31.83		5.85062		
31.84		5.83905		
31.85		5.82751		
31.86		5.81602		
31.87		5.80457		
31.88		5.79315		
31.89		5.78178		
31.9		5.77044		
31.91		5.75914		
31.92		5.74787		
31.93		5.73665		
31.94		5.72546		
31.95		5.71431		
31.96		5.7032		
31.97		5.69212		
31.98		5.68108		
31.99		5.67008		
32		5.65911		
32.01		5.64818		
32.02		5.63728		
32.03		5.62642		
32.04		5.61559		
32.05		5.60481		
32.06		5.59405		
32.07		5.58333		
32.08		5.57265		
32.09		5.562		
32.1		5.55138		
32.11		5.5408		
32.12		5.53025		
32.13		5.51974		
32.14		5.50926		
32.15		5.49881		
32.16		5.4884		
32.17		5.47802		
32.18		5.46768		
32.19		5.45736		
32.2		5.44708		
32.21		5.43683		
32.22		5.42662		
32.23		5.41644		
32.24		5.40629		
32.25		5.39617		
32.26		5.38608		
32.27		5.37603		
32.28		5.366		
32.29		5.35601		
32.3		5.34605		
32.31		5.33613		
32.32		5.32623		
32.33		5.31636		
32.34		5.30653		
32.35		5.29672		
32.36		5.28695		
32.37		5.2772		
32.38		5.26749		
32.39		5.25781		
32.4		5.24815		
32.41		5.23853		
32.42		5.22894		
32.43		5.21937		
32.44		5.20984		
32.45		5.20033		
32.46		5.19086		
32.47		5.18141		
32.48		5.17199		
32.49		5.16261		
32.5		5.15325		
32.51		5.14392		
32.52		5.13461		
32.53		5.12534		
32.54		5.1161		
32.55		5.10688		
32.56		5.09769		
32.57		5.08853		
32.58		5.0794		
32.59		5.07029		
32.6		5.06121		
32.61		5.05216		
32.62		5.04314		
32.63		5.03415		
32.64		5.02518		
32.65		5.01624		
32.66		5.00733		
32.67		4.99844		
32.68		4.98958		
32.69		4.98075		
32.7		4.97194		
32.71		4.96316		
32.72		4.95441		
32.73		4.94568		
32.74		4.93698		
32.75		4.92831		
32.76		4.91966		
32.77		4.91103		
32.78		4.90244		
32.79		4.89387		
32.8		4.88532		
32.81		4.8768		
32.82		4.86831		
32.83		4.85984		
32.84		4.85139		
32.85		4.84298		
32.86		4.83458		
32.87		4.82621		
32.88		4.81787		
32.89		4.80955		
32.9		4.80126		
32.91		4.79299		
32.92		4.78474		
32.93		4.77652		
32.94		4.76833		
32.95		4.76015		
32.96		4.75201		
32.97		4.74388		
32.98		4.73578		
32.99		4.72771		
33		4.71965		
33.01		4.71163		
33.02		4.70362		
33.03		4.69564		
33.04		4.68768		
33.05		4.67975		
33.06		4.67184		
33.07		4.66395		
33.08		4.65608		
33.09		4.64824		
33.1		4.64042		
33.11		4.63263		
33.12		4.62486		
33.13		4.61711		
33.14		4.60938		
33.15		4.60167		
33.16		4.59399		
33.17		4.58633		
33.18		4.57869		
33.19		4.57108		
33.2		4.56348		
33.21		4.55591		
33.22		4.54836		
33.23		4.54083		
33.24		4.53333		
33.25		4.52584		
33.26		4.51838		
33.27		4.51094		
33.28		4.50352		
33.29		4.49613		
33.3		4.48875		
33.31		4.4814		
33.32		4.47406		
33.33		4.46675		
33.34		4.45946		
33.35		4.45219		
33.36		4.44494		
33.37		4.43771		
33.38		4.4305		
33.39		4.42332		
33.4		4.41615		
33.41		4.409		
33.42		4.40188		
33.43		4.39477		
33.44		4.38769		
33.45		4.38063		
33.46		4.37358		
33.47		4.36656		
33.48		4.35956		
33.49		4.35257		
33.5		4.34561		
33.51		4.33867		
33.52		4.33174		
33.53		4.32484		
33.54		4.31795		
33.55		4.31109		
33.56		4.30425		
33.57		4.29742		
33.58		4.29061		
33.59		4.28383		
33.6		4.27706		
33.61		4.27031		
33.62		4.26358		
33.63		4.25687		
33.64		4.25018		
33.65		4.24351		
33.66		4.23686		
33.67		4.23022		
33.68		4.22361		
33.69		4.21701		
33.7		4.21043		
33.71		4.20388		
33.72		4.19734		
33.73		4.19081		
33.74		4.18431		
33.75		4.17782		
33.76		4.17136		
33.77		4.16491		
33.78		4.15848		
33.79		4.15206		
33.8		4.14567		
33.81		4.13929		
33.82		4.13293		
33.83		4.12659		
33.84		4.12027		
33.85		4.11397		
33.86		4.10768		
33.87		4.10141		
33.88		4.09516		
33.89		4.08892		
33.9		4.0827		
33.91		4.0765		
33.92		4.07032		
33.93		4.06416		
33.94		4.05801		
33.95		4.05188		
33.96		4.04576		
33.97		4.03967		
33.98		4.03359		
33.99		4.02753		
34		4.02148		
34.01		4.01545		
34.02		4.00944		
34.03		4.00344		
34.04		3.99746		
34.05		3.9915		
34.06		3.98556		
34.07		3.97963		
34.08		3.97371		
34.09		3.96782		
34.1		3.96194		
34.11		3.95608		
34.12		3.95023		
34.13		3.9444		
34.14		3.93858		
34.15		3.93278		
34.16		3.927		
34.17		3.92123		
34.18		3.91548		
34.19		3.90975		
34.2		3.90403		
34.21		3.89832		
34.22		3.89264		
34.23		3.88696		
34.24		3.88131		
34.25		3.87567		
34.26		3.87004		
34.27		3.86443		
34.28		3.85884		
34.29		3.85326		
34.3		3.84769		
34.31		3.84215		
34.32		3.83661		
34.33		3.83109		
34.34		3.82559		
34.35		3.8201		
34.36		3.81463		
34.37		3.80917		
34.38		3.80373		
34.39		3.7983		
34.4		3.79289		
34.41		3.78749		
34.42		3.78211		
34.43		3.77674		
34.44		3.77138		
34.45		3.76604		
34.46		3.76072		
34.47		3.75541		
34.48		3.75011		
34.49		3.74483		
34.5		3.73956		
34.51		3.73431		
34.52		3.72907		
34.53		3.72385		
34.54		3.71863		
34.55		3.71344		
34.56		3.70826		
34.57		3.70309		
34.58		3.69793		
34.59		3.69279		
34.6		3.68767		
34.61		3.68256		
34.62		3.67746		
34.63		3.67237		
34.64		3.6673		
34.65		3.66224		
34.66		3.6572		
34.67		3.65217		
34.68		3.64715		
34.69		3.64215		
34.7		3.63716		
34.71		3.63219		
34.72		3.62722		
34.73		3.62227		
34.74		3.61734		
34.75		3.61241		
34.76		3.60751		
34.77		3.60261		
34.78		3.59773		
34.79		3.59286		
34.8		3.588		
34.81		3.58316		
34.82		3.57832		
34.83		3.57351		
34.84		3.5687		
34.85		3.56391		
34.86		3.55913		
34.87		3.55436		
34.88		3.54961		
34.89		3.54487		
34.9		3.54014		
34.91		3.53542		
34.92		3.53072		
34.93		3.52603		
34.94		3.52135		
34.95		3.51669		
34.96		3.51203		
34.97		3.50739		
34.98		3.50276		
34.99		3.49815		
35		3.49354		
35.01		3.48895		
35.02		3.48437		
35.03		3.4798		
35.04		3.47525		
35.05		3.4707		
35.06		3.46617		
35.07		3.46165		
35.08		3.45715		
35.09		3.45265		
35.1		3.44817		
35.11		3.4437		
35.12		3.43924		
35.13		3.43479		
35.14		3.43035		
35.15		3.42593		
35.16		3.42152		
35.17		3.41711		
35.18		3.41273		
35.19		3.40835		
35.2		3.40398		
35.21		3.39963		
35.22		3.39528		
35.23		3.39095		
35.24		3.38663		
35.25		3.38232		
35.26		3.37802		
35.27		3.37374		
35.28		3.36946		
35.29		3.3652		
35.3		3.36094		
35.31		3.3567		
35.32		3.35247		
35.33		3.34825		
35.34		3.34404		
35.35		3.33984		
35.36		3.33566		
35.37		3.33148		
35.38		3.32732		
35.39		3.32316		
35.4		3.31902		
35.41		3.31489		
35.42		3.31077		
35.43		3.30666		
35.44		3.30256		
35.45		3.29847		
35.46		3.29439		
35.47		3.29032		
35.48		3.28626		
35.49		3.28222		
35.5		3.27818		
35.51		3.27415		
35.52		3.27014		
35.53		3.26613		
35.54		3.26214		
35.55		3.25815		
35.56		3.25418		
35.57		3.25022		
35.58		3.24626		
35.59		3.24232		
35.6		3.23839		
35.61		3.23446		
35.62		3.23055		
35.63		3.22665		
35.64		3.22276		
35.65		3.21887		
35.66		3.215		
35.67		3.21114		
35.68		3.20729		
35.69		3.20344		
35.7		3.19961		
35.71		3.19579		
35.72		3.19198		
35.73		3.18817		
35.74		3.18438		
35.75		3.1806		
35.76		3.17682		
35.77		3.17306		
35.78		3.1693		
35.79		3.16556		
35.8		3.16182		
35.81		3.1581		
35.82		3.15438		
35.83		3.15068		
35.84		3.14698		
35.85		3.14329		
35.86		3.13961		
35.87		3.13594		
35.88		3.13228		
35.89		3.12863		
35.9		3.12499		
35.91		3.12136		
35.92		3.11774		
35.93		3.11413		
35.94		3.11052		
35.95		3.10693		
35.96		3.10334		
35.97		3.09977		
35.98		3.0962		
35.99		3.09264		
36		3.08909		
36.01		3.08555		
36.02		3.08202		
36.03		3.0785		
36.04		3.07499		
36.05		3.07148		
36.06		3.06799		
36.07		3.0645		
36.08		3.06102		
36.09		3.05755		
36.1		3.05409		
36.11		3.05064		
36.12		3.0472		
36.13		3.04377		
36.14		3.04034		
36.15		3.03692		
36.16		3.03352		
36.17		3.03012		
36.18		3.02673		
36.19		3.02334		
36.2		3.01997		
36.21		3.01661		
36.22		3.01325		
36.23		3.0099		
36.24		3.00656		
36.25		3.00323		
36.26		2.99991		
36.27		2.99659		
36.28		2.99329		
36.29		2.98999		
36.3		2.9867		
36.31		2.98342		
36.32		2.98014		
36.33		2.97688		
36.34		2.97362		
36.35		2.97037		
36.36		2.96713		
36.37		2.9639		
36.38		2.96067		
36.39		2.95746		
36.4		2.95425		
36.41		2.95105		
36.42		2.94786		
36.43		2.94467		
36.44		2.9415		
36.45		2.93833		
36.46		2.93517		
36.47		2.93201		
36.48		2.92887		
36.49		2.92573		
36.5		2.9226		
36.51		2.91948		
36.52		2.91637		
36.53		2.91326		
36.54		2.91016		
36.55		2.90707		
36.56		2.90399		
36.57		2.90091		
36.58		2.89785		
36.59		2.89479		
36.6		2.89173		
36.61		2.88869		
36.62		2.88565		
36.63		2.88262		
36.64		2.8796		
36.65		2.87658		
36.66		2.87358		
36.67		2.87058		
36.68		2.86758		
36.69		2.8646		
36.7		2.86162		
36.71		2.85865		
36.72		2.85569		
36.73		2.85273		
36.74		2.84978		
36.75		2.84684		
36.76		2.84391		
36.77		2.84098		
36.78		2.83806		
36.79		2.83515		
36.8		2.83224		
36.81		2.82934		
36.82		2.82645		
36.83		2.82357		
36.84		2.82069		
36.85		2.81782		
36.86		2.81496		
36.87		2.8121		
36.88		2.80925		
36.89		2.80641		
36.9		2.80358		
36.91		2.80075		
36.92		2.79793		
36.93		2.79511		
36.94		2.79231		
36.95		2.78951		
36.96		2.78671		
36.97		2.78393		
36.98		2.78114		
36.99		2.77837		
37		2.7756		
37.01		2.77285		
37.02		2.77009		
37.03		2.76735		
37.04		2.76461		
37.05		2.76187		
37.06		2.75915		
37.07		2.75643		
37.08		2.75371		
37.09		2.75101		
37.1		2.74831		
37.11		2.74561		
37.12		2.74293		
37.13		2.74024		
37.14		2.73757		
37.15		2.7349		
37.16		2.73224		
37.17		2.72959		
37.18		2.72694		
37.19		2.7243		
37.2		2.72166		
37.21		2.71903		
37.22		2.71641		
37.23		2.71379		
37.24		2.71118		
37.25		2.70858		
37.26		2.70598		
37.27		2.70339		
37.28		2.7008		
37.29		2.69823		
37.3		2.69565		
37.31		2.69309		
37.32		2.69053		
37.33		2.68797		
37.34		2.68542		
37.35		2.68288		
37.36		2.68035		
37.37		2.67782		
37.38		2.67529		
37.39		2.67277		
37.4		2.67026		
37.41		2.66776		
37.42		2.66526		
37.43		2.66276		
37.44		2.66028		
37.45		2.65779		
37.46		2.65532		
37.47		2.65285		
37.48		2.65038		
37.49		2.64792		
37.5		2.64547		
37.51		2.64303		
37.52		2.64059		
37.53		2.63815		
37.54		2.63572		
37.55		2.6333		
37.56		2.63088		
37.57		2.62847		
37.58		2.62606		
37.59		2.62366		
37.6		2.62127		
37.61		2.61888		
37.62		2.6165		
37.63		2.61412		
37.64		2.61175		
37.65		2.60938		
37.66		2.60702		
37.67		2.60466		
37.68		2.60231		
37.69		2.59997		
37.7		2.59763		
37.71		2.5953		
37.72		2.59297		
37.73		2.59065		
37.74		2.58833		
37.75		2.58602		
37.76		2.58371		
37.77		2.58141		
37.78		2.57912		
37.79		2.57683		
37.8		2.57455		
37.81		2.57227		
37.82		2.56999		
37.83		2.56773		
37.84		2.56546		
37.85		2.56321		
37.86		2.56095		
37.87		2.55871		
37.88		2.55647		
37.89		2.55423		
37.9		2.552		
37.91		2.54977		
37.92		2.54755		
37.93		2.54534		
37.94		2.54313		
37.95		2.54092		
37.96		2.53872		
37.97		2.53653		
37.98		2.53434		
37.99		2.53215		
38		2.52997		
38.01		2.5278		
38.02		2.52563		
38.03		2.52347		
38.04		2.52131		
38.05		2.51915		
38.06		2.51701		
38.07		2.51486		
38.08		2.51272		
38.09		2.51059		
38.1		2.50846		
38.11		2.50633		
38.12		2.50422		
38.13		2.5021		
38.14		2.49999		
38.15		2.49789		
38.16		2.49579		
38.17		2.49369		
38.18		2.4916		
38.19		2.48952		
38.2		2.48744		
38.21		2.48536		
38.22		2.48329		
38.23		2.48123		
38.24		2.47916		
38.25		2.47711		
38.26		2.47506		
38.27		2.47301		
38.28		2.47097		
38.29		2.46893		
38.3		2.4669		
38.31		2.46487		
38.32		2.46285		
38.33		2.46083		
38.34		2.45881		
38.35		2.4568		
38.36		2.4548		
38.37		2.4528		
38.38		2.4508		
38.39		2.44881		
38.4		2.44683		
38.41		2.44484		
38.42		2.44287		
38.43		2.44089		
38.44		2.43893		
38.45		2.43696		
38.46		2.435		
38.47		2.43305		
38.48		2.4311		
38.49		2.42915		
38.5		2.42721		
38.51		2.42527		
38.52		2.42334		
38.53		2.42141		
38.54		2.41949		
38.55		2.41757		
38.56		2.41565		
38.57		2.41374		
38.58		2.41184		
38.59		2.40994		
38.6		2.40804		
38.61		2.40615		
38.62		2.40426		
38.63		2.40237		
38.64		2.40049		
38.65		2.39862		
38.66		2.39674		
38.67		2.39488		
38.68		2.39301		
38.69		2.39115		
38.7		2.3893		
38.71		2.38745		
38.72		2.3856		
38.73		2.38376		
38.74		2.38192		
38.75		2.38009		
38.76		2.37826		
38.77		2.37643		
38.78		2.37461		
38.79		2.37279		
38.8		2.37098		
38.81		2.36917		
38.82		2.36736		
38.83		2.36556		
38.84		2.36377		
38.85		2.36197		
38.86		2.36018		
38.87		2.3584		
38.88		2.35662		
38.89		2.35484		
38.9		2.35307		
38.91		2.3513		
38.92		2.34953		
38.93		2.34777		
38.94		2.34602		
38.95		2.34426		
38.96		2.34251		
38.97		2.34077		
38.98		2.33903		
38.99		2.33729		
39		2.33556		
39.01		2.33383		
39.02		2.3321		
39.03		2.33038		
39.04		2.32866		
39.05		2.32695		
39.06		2.32524		
39.07		2.32353		
39.08		2.32183		
39.09		2.32013		
39.1		2.31843		
39.11		2.31674		
39.12		2.31505		
39.13		2.31337		
39.14		2.31169		
39.15		2.31001		
39.16		2.30834		
39.17		2.30667		
39.18		2.30501		
39.19		2.30334		
39.2		2.30169		
39.21		2.30003		
39.22		2.29838		
39.23		2.29674		
39.24		2.29509		
39.25		2.29345		
39.26		2.29182		
39.27		2.29018		
39.28		2.28856		
39.29		2.28693		
39.3		2.28531		
39.31		2.28369		
39.32		2.28208		
39.33		2.28047		
39.34		2.27886		
39.35		2.27726		
39.36		2.27566		
39.37		2.27406		
39.38		2.27247		
39.39		2.27088		
39.4		2.26929		
39.41		2.26771		
39.42		2.26613		
39.43		2.26455		
39.44		2.26298		
39.45		2.26141		
39.46		2.25985		
39.47		2.25829		
39.48		2.25673		
39.49		2.25517		
39.5		2.25362		
39.51		2.25207		
39.52		2.25053		
39.53		2.24899		
39.54		2.24745		
39.55		2.24591		
39.56		2.24438		
39.57		2.24285		
39.58		2.24133		
39.59		2.23981		
39.6		2.23829		
39.61		2.23678		
39.62		2.23527		
39.63		2.23376		
39.64		2.23225		
39.65		2.23075		
39.66		2.22925		
39.67		2.22776		
39.68		2.22627		
39.69		2.22478		
39.7		2.22329		
39.71		2.22181		
39.72		2.22033		
39.73		2.21886		
39.74		2.21739		
39.75		2.21592		
39.76		2.21445		
39.77		2.21299		
39.78		2.21153		
39.79		2.21007		
39.8		2.20862		
39.81		2.20717		
39.82		2.20572		
39.83		2.20428		
39.84		2.20284		
39.85		2.2014		
39.86		2.19997		
39.87		2.19853		
39.88		2.19711		
39.89		2.19568		
39.9		2.19426		
39.91		2.19284		
39.92		2.19142		
39.93		2.19001		
39.94		2.1886		
39.95		2.18719		
39.96		2.18579		
39.97		2.18439		
39.98		2.18299		
39.99		2.1816		
40		2.18021		
40.01		2.17882		
40.02		2.17743		
40.03		2.17605		
40.04		2.17467		
40.05		2.17329		
40.06		2.17192		
40.07		2.17055		
40.08		2.16918		
40.09		2.16782		
40.1		2.16645		
40.11		2.16509		
40.12		2.16374		
40.13		2.16238		
40.14		2.16103		
40.15		2.15969		
40.16		2.15834		
40.17		2.157		
40.18		2.15566		
40.19		2.15432		
40.2		2.15299		
40.21		2.15166		
40.22		2.15033		
40.23		2.14901		
40.24		2.14769		
40.25		2.14637		
40.26		2.14505		
40.27		2.14374		
40.28		2.14243		
40.29		2.14112		
40.3		2.13981		
40.31		2.13851		
40.32		2.13721		
40.33		2.13592		
40.34		2.13462		
40.35		2.13333		
40.36		2.13204		
40.37		2.13076		
40.38		2.12947		
40.39		2.12819		
40.4		2.12691		
40.41		2.12564		
40.42		2.12437		
40.43		2.1231		
40.44		2.12183		
40.45		2.12057		
40.46		2.1193		
40.47		2.11805		
40.48		2.11679		
40.49		2.11554		
40.5		2.11428		
40.51		2.11304		
40.52		2.11179		
40.53		2.11055		
40.54		2.10931		
40.55		2.10807		
40.56		2.10683		
40.57		2.1056		
40.58		2.10437		
40.59		2.10314		
40.6		2.10192		
40.61		2.1007		
40.62		2.09948		
40.63		2.09826		
40.64		2.09705		
40.65		2.09583		
40.66		2.09462		
40.67		2.09342		
40.68		2.09221		
40.69		2.09101		
40.7		2.08981		
40.71		2.08861		
40.72		2.08742		
40.73		2.08623		
40.74		2.08504		
40.75		2.08385		
40.76		2.08267		
40.77		2.08148		
40.78		2.0803		
40.79		2.07913		
40.8		2.07795		
40.81		2.07678		
40.82		2.07561		
40.83		2.07444		
40.84		2.07328		
40.85		2.07212		
40.86		2.07096		
40.87		2.0698		
40.88		2.06864		
40.89		2.06749		
40.9		2.06634		
40.91		2.06519		
40.92		2.06405		
40.93		2.0629		
40.94		2.06176		
40.95		2.06062		
40.96		2.05949		
40.97		2.05835		
40.98		2.05722		
40.99		2.05609		
41		2.05497		
41.01		2.05384		
41.02		2.05272		
41.03		2.0516		
41.04		2.05048		
41.05		2.04937		
41.06		2.04825		
41.07		2.04714		
41.08		2.04603		
41.09		2.04493		
41.1		2.04382		
41.11		2.04272		
41.12		2.04162		
41.13		2.04053		
41.14		2.03943		
41.15		2.03834		
41.16		2.03725		
41.17		2.03616		
41.18		2.03507		
41.19		2.03399		
41.2		2.03291		
41.21		2.03183		
41.22		2.03075		
41.23		2.02968		
41.24		2.02861		
41.25		2.02754		
41.26		2.02647		
41.27		2.0254		
41.28		2.02434		
41.29		2.02328		
41.3		2.02222		
41.31		2.02116		
41.32		2.02011		
41.33		2.01905		
41.34		2.018		
41.35		2.01695		
41.36		2.01591		
41.37		2.01486		
41.38		2.01382		
41.39		2.01278		
41.4		2.01174		
41.41		2.01071		
41.42		2.00967		
41.43		2.00864		
41.44		2.00761		
41.45		2.00658		
41.46		2.00556		
41.47		2.00453		
41.48		2.00351		
41.49		2.00249		
41.5		2.00148		
41.51		2.00046		
41.52		1.99945		
41.53		1.99844		
41.54		1.99743		
41.55		1.99642		
41.56		1.99542		
41.57		1.99442		
41.58		1.99341		
41.59		1.99242		
41.6		1.99142		
41.61		1.99042		
41.62		1.98943		
41.63		1.98844		
41.64		1.98745		
41.65		1.98647		
41.66		1.98548		
41.67		1.9845		
41.68		1.98352		
41.69		1.98254		
41.7		1.98156		
41.71		1.98059		
41.72		1.97961		
41.73		1.97864		
41.74		1.97767		
41.75		1.97671		
41.76		1.97574		
41.77		1.97478		
41.78		1.97382		
41.79		1.97286		
41.8		1.9719		
41.81		1.97095		
41.82		1.96999		
41.83		1.96904		
41.84		1.96809		
41.85		1.96714		
41.86		1.9662		
41.87		1.96525		
41.88		1.96431		
41.89		1.96337		
41.9		1.96243		
41.91		1.9615		
41.92		1.96056		
41.93		1.95963		
41.94		1.9587		
41.95		1.95777		
41.96		1.95684		
41.97		1.95592		
41.98		1.95499		
41.99		1.95407		
42		1.95315		
42.01		1.95223		
42.02		1.95132		
42.03		1.9504		
42.04		1.94949		
42.05		1.94858		
42.06		1.94767		
42.07		1.94676		
42.08		1.94586		
42.09		1.94495		
42.1		1.94405		
42.11		1.94315		
42.12		1.94226		
42.13		1.94136		
42.14		1.94046		
42.15		1.93957		
42.16		1.93868		
42.17		1.93779		
42.18		1.9369		
42.19		1.93602		
42.2		1.93513		
42.21		1.93425		
42.22		1.93337		
42.23		1.93249		
42.24		1.93161		
42.25		1.93074		
42.26		1.92987		
42.27		1.92899		
42.28		1.92812		
42.29		1.92726		
42.3		1.92639		
42.31		1.92552		
42.32		1.92466		
42.33		1.9238		
42.34		1.92294		
42.35		1.92208		
42.36		1.92122		
42.37		1.92037		
42.38		1.91952		
42.39		1.91866		
42.4		1.91781		
42.41		1.91697		
42.42		1.91612		
42.43		1.91527		
42.44		1.91443		
42.45		1.91359		
42.46		1.91275		
42.47		1.91191		
42.48		1.91107		
42.49		1.91024		
42.5		1.90941		
42.51		1.90857		
42.52		1.90774		
42.53		1.90692		
42.54		1.90609		
42.55		1.90526		
42.56		1.90444		
42.57		1.90362		
42.58		1.9028		
42.59		1.90198		
42.6		1.90116		
42.61		1.90034		
42.62		1.89953		
42.63		1.89872		
42.64		1.89791		
42.65		1.8971		
42.66		1.89629		
42.67		1.89548		
42.68		1.89468		
42.69		1.89388		
42.7		1.89307		
42.71		1.89227		
42.72		1.89148		
42.73		1.89068		
42.74		1.88988		
42.75		1.88909		
42.76		1.8883		
42.77		1.88751		
42.78		1.88672		
42.79		1.88593		
42.8		1.88514		
42.81		1.88436		
42.82		1.88358		
42.83		1.88279		
42.84		1.88201		
42.85		1.88123		
42.86		1.88046		
42.87		1.87968		
42.88		1.87891		
42.89		1.87814		
42.9		1.87736		
42.91		1.87659		
42.92		1.87583		
42.93		1.87506		
42.94		1.87429		
42.95		1.87353		
42.96		1.87277		
42.97		1.87201		
42.98		1.87125		
42.99		1.87049		
43		1.86973		
43.01		1.86898		
43.02		1.86822		
43.03		1.86747		
43.04		1.86672		
43.05		1.86597		
43.06		1.86522		
43.07		1.86448		
43.08		1.86373		
43.09		1.86299		
43.1		1.86225		
43.11		1.86151		
43.12		1.86077		
43.13		1.86003		
43.14		1.85929		
43.15		1.85856		
43.16		1.85782		
43.17		1.85709		
43.18		1.85636		
43.19		1.85563		
43.2		1.8549		
43.21		1.85418		
43.22		1.85345		
43.23		1.85273		
43.24		1.852		
43.25		1.85128		
43.26		1.85056		
43.27		1.84984		
43.28		1.84913		
43.29		1.84841		
43.3		1.8477		
43.31		1.84698		
43.32		1.84627		
43.33		1.84556		
43.34		1.84485		
43.35		1.84415		
43.36		1.84344		
43.37		1.84273		
43.38		1.84203		
43.39		1.84133		
43.4		1.84063		
43.41		1.83993		
43.42		1.83923		
43.43		1.83853		
43.44		1.83784		
43.45		1.83714		
43.46		1.83645		
43.47		1.83576		
43.48		1.83507		
43.49		1.83438		
43.5		1.83369		
43.51		1.833		
43.52		1.83232		
43.53		1.83163		
43.54		1.83095		
43.55		1.83027		
43.56		1.82959		
43.57		1.82891		
43.58		1.82823		
43.59		1.82756		
43.6		1.82688		
43.61		1.82621		
43.62		1.82553		
43.63		1.82486		
43.64		1.82419		
43.65		1.82352		
43.66		1.82286		
43.67		1.82219		
43.68		1.82152		
43.69		1.82086		
43.7		1.8202		
43.71		1.81954		
43.72		1.81888		
43.73		1.81822		
43.74		1.81756		
43.75		1.8169		
43.76		1.81625		
43.77		1.81559		
43.78		1.81494		
43.79		1.81429		
43.8		1.81364		
43.81		1.81299		
43.82		1.81234		
43.83		1.8117		
43.84		1.81105		
43.85		1.81041		
43.86		1.80976		
43.87		1.80912		
43.88		1.80848		
43.89		1.80784		
43.9		1.8072		
43.91		1.80657		
43.92		1.80593		
43.93		1.8053		
43.94		1.80466		
43.95		1.80403		
43.96		1.8034		
43.97		1.80277		
43.98		1.80214		
43.99		1.80151		
44		1.80088		
44.01		1.80026		
44.02		1.79963		
44.03		1.79901		
44.04		1.79839		
44.05		1.79777		
44.06		1.79715		
44.07		1.79653		
44.08		1.79591		
44.09		1.7953		
44.1		1.79468		
44.11		1.79407		
44.12		1.79345		
44.13		1.79284		
44.14		1.79223		
44.15		1.79162		
44.16		1.79101		
44.17		1.79041		
44.18		1.7898		
44.19		1.7892		
44.2		1.78859		
44.21		1.78799		
44.22		1.78739		
44.23		1.78679		
44.24		1.78619		
44.25		1.78559		
44.26		1.78499		
44.27		1.7844		
44.28		1.7838		
44.29		1.78321		
44.3		1.78261		
44.31		1.78202		
44.32		1.78143		
44.33		1.78084		
44.34		1.78025		
44.35		1.77966		
44.36		1.77908		
44.37		1.77849		
44.38		1.77791		
44.39		1.77733		
44.4		1.77674		
44.41		1.77616		
44.42		1.77558		
44.43		1.775		
44.44		1.77443		
44.45		1.77385		
44.46		1.77327		
44.47		1.7727		
44.48		1.77212		
44.49		1.77155		
44.5		1.77098		
44.51		1.77041		
44.52		1.76984		
44.53		1.76927		
44.54		1.7687		
44.55		1.76814		
44.56		1.76757		
44.57		1.76701		
44.58		1.76644		
44.59		1.76588		
44.6		1.76532		
44.61		1.76476		
44.62		1.7642		
44.63		1.76364		
44.64		1.76308		
44.65		1.76253		
44.66		1.76197		
44.67		1.76142		
44.68		1.76086		
44.69		1.76031		
44.7		1.75976		
44.71		1.75921		
44.72		1.75866		
44.73		1.75811		
44.74		1.75756		
44.75		1.75702		
44.76		1.75647		
44.77		1.75593		
44.78		1.75538		
44.79		1.75484		
44.8		1.7543		
44.81		1.75376		
44.82		1.75322		
44.83		1.75268		
44.84		1.75214		
44.85		1.75161		
44.86		1.75107		
44.87		1.75054		
44.88		1.75		
44.89		1.74947		
44.9		1.74894		
44.91		1.74841		
44.92		1.74788		
44.93		1.74735		
44.94		1.74682		
44.95		1.74629		
44.96		1.74577		
44.97		1.74524		
44.98		1.74472		
44.99		1.74419		
45		1.74367		
45.01		1.74315		
45.02		1.74263		
45.03		1.74211		
45.04		1.74159		
45.05		1.74107		
45.06		1.74056		
45.07		1.74004		
45.08		1.73953		
45.09		1.73901		
45.1		1.7385		
45.11		1.73799		
45.12		1.73747		
45.13		1.73696		
45.14		1.73645		
45.15		1.73595		
45.16		1.73544		
45.17		1.73493		
45.18		1.73443		
45.19		1.73392		
45.2		1.73342		
45.21		1.73291		
45.22		1.73241		
45.23		1.73191		
45.24		1.73141		
45.25		1.73091		
45.26		1.73041		
45.27		1.72991		
45.28		1.72942		
45.29		1.72892		
45.3		1.72842		
45.31		1.72793		
45.32		1.72744		
45.33		1.72694		
45.34		1.72645		
45.35		1.72596		
45.36		1.72547		
45.37		1.72498		
45.38		1.72449		
45.39		1.72401		
45.4		1.72352		
45.41		1.72303		
45.42		1.72255		
45.43		1.72206		
45.44		1.72158		
45.45		1.7211		
45.46		1.72062		
45.47		1.72014		
45.48		1.71966		
45.49		1.71918		
45.5		1.7187		
45.51		1.71822		
45.52		1.71775		
45.53		1.71727		
45.54		1.71679		
45.55		1.71632		
45.56		1.71585		
45.57		1.71538		
45.58		1.7149		
45.59		1.71443		
45.6		1.71396		
45.61		1.71349		
45.62		1.71303		
45.63		1.71256		
45.64		1.71209		
45.65		1.71163		
45.66		1.71116		
45.67		1.7107		
45.68		1.71023		
45.69		1.70977		
45.7		1.70931		
45.71		1.70885		
45.72		1.70839		
45.73		1.70793		
45.74		1.70747		
45.75		1.70701		
45.76		1.70656		
45.77		1.7061		
45.78		1.70565		
45.79		1.70519		
45.8		1.70474		
45.81		1.70428		
45.82		1.70383		
45.83		1.70338		
45.84		1.70293		
45.85		1.70248		
45.86		1.70203		
45.87		1.70158		
45.88		1.70114		
45.89		1.70069		
45.9		1.70024		
45.91		1.6998		
45.92		1.69935		
45.93		1.69891		
45.94		1.69847		
45.95		1.69802		
45.96		1.69758		
45.97		1.69714		
45.98		1.6967		
45.99		1.69626		
46		1.69583		
46.01		1.69539		
46.02		1.69495		
46.03		1.69452		
46.04		1.69408		
46.05		1.69365		
46.06		1.69321		
46.07		1.69278		
46.08		1.69235		
46.09		1.69192		
46.1		1.69148		
46.11		1.69105		
46.12		1.69063		
46.13		1.6902		
46.14		1.68977		
46.15		1.68934		
46.16		1.68892		
46.17		1.68849		
46.18		1.68807		
46.19		1.68764		
46.2		1.68722		
46.21		1.68679		
46.22		1.68637		
46.23		1.68595		
46.24		1.68553		
46.25		1.68511		
46.26		1.68469		
46.27		1.68427		
46.28		1.68386		
46.29		1.68344		
46.3		1.68302		
46.31		1.68261		
46.32		1.68219		
46.33		1.68178		
46.34		1.68137		
46.35		1.68095		
46.36		1.68054		
46.37		1.68013		
46.38		1.67972		
46.39		1.67931		
46.4		1.6789		
46.41		1.67849		
46.42		1.67808		
46.43		1.67768		
46.44		1.67727		
46.45		1.67686		
46.46		1.67646		
46.47		1.67605		
46.48		1.67565		
46.49		1.67525		
46.5		1.67485		
46.51		1.67444		
46.52		1.67404		
46.53		1.67364		
46.54		1.67324		
46.55		1.67284		
46.56		1.67245		
46.57		1.67205		
46.58		1.67165		
46.59		1.67126		
46.6		1.67086		
46.61		1.67047		
46.62		1.67007		
46.63		1.66968		
46.64		1.66929		
46.65		1.66889		
46.66		1.6685		
46.67		1.66811		
46.68		1.66772		
46.69		1.66733		
46.7		1.66694		
46.71		1.66655		
46.72		1.66617		
46.73		1.66578		
46.74		1.66539		
46.75		1.66501		
46.76		1.66462		
46.77		1.66424		
46.78		1.66386		
46.79		1.66347		
46.8		1.66309		
46.81		1.66271		
46.82		1.66233		
46.83		1.66195		
46.84		1.66157		
46.85		1.66119		
46.86		1.66081		
46.87		1.66043		
46.88		1.66005		
46.89		1.65968		
46.9		1.6593		
46.91		1.65893		
46.92		1.65855		
46.93		1.65818		
46.94		1.6578		
46.95		1.65743		
46.96		1.65706		
46.97		1.65669		
46.98		1.65632		
46.99		1.65595		
47		1.65558		
47.01		1.65521		
47.02		1.65484		
47.03		1.65447		
47.04		1.6541		
47.05		1.65374		
47.06		1.65337		
47.07		1.65301		
47.08		1.65264		
47.09		1.65228		
47.1		1.65191		
47.11		1.65155		
47.12		1.65119		
47.13		1.65083		
47.14		1.65046		
47.15		1.6501		
47.16		1.64974		
47.17		1.64938		
47.18		1.64903		
47.19		1.64867		
47.2		1.64831		
47.21		1.64795		
47.22		1.6476		
47.23		1.64724		
47.24		1.64689		
47.25		1.64653		
47.26		1.64618		
47.27		1.64582		
47.28		1.64547		
47.29		1.64512		
47.3		1.64477		
47.31		1.64442		
47.32		1.64406		
47.33		1.64371		
47.34		1.64337		
47.35		1.64302		
47.36		1.64267		
47.37		1.64232		
47.38		1.64197		
47.39		1.64163		
47.4		1.64128		
47.41		1.64094		
47.42		1.64059		
47.43		1.64025		
47.44		1.6399		
47.45		1.63956		
47.46		1.63922		
47.47		1.63888		
47.48		1.63853		
47.49		1.63819		
47.5		1.63785		
47.51		1.63751		
47.52		1.63717		
47.53		1.63684		
47.54		1.6365		
47.55		1.63616		
47.56		1.63582		
47.57		1.63549		
47.58		1.63515		
47.59		1.63482		
47.6		1.63448		
47.61		1.63415		
47.62		1.63381		
47.63		1.63348		
47.64		1.63315		
47.65		1.63282		
47.66		1.63248		
47.67		1.63215		
47.68		1.63182		
47.69		1.63149		
47.7		1.63116		
47.71		1.63084		
47.72		1.63051		
47.73		1.63018		
47.74		1.62985		
47.75		1.62953		
47.76		1.6292		
47.77		1.62887		
47.78		1.62855		
47.79		1.62822		
47.8		1.6279		
47.81		1.62758		
47.82		1.62725		
47.83		1.62693		
47.84		1.62661		
47.85		1.62629		
47.86		1.62597		
47.87		1.62565		
47.88		1.62533		
47.89		1.62501		
47.9		1.62469		
47.91		1.62437		
47.92		1.62405		
47.93		1.62374		
47.94		1.62342		
47.95		1.6231		
47.96		1.62279		
47.97		1.62247		
47.98		1.62216		
47.99		1.62185		
48		1.62153		
48.01		1.62122		
48.02		1.62091		
48.03		1.62059		
48.04		1.62028		
48.05		1.61997		
48.06		1.61966		
48.07		1.61935		
48.08		1.61904		
48.09		1.61873		
48.1		1.61842		
48.11		1.61812		
48.12		1.61781		
48.13		1.6175		
48.14		1.6172		
48.15		1.61689		
48.16		1.61658		
48.17		1.61628		
48.18		1.61597		
48.19		1.61567		
48.2		1.61537		
48.21		1.61506		
48.22		1.61476		
48.23		1.61446		
48.24		1.61416		
48.25		1.61386		
48.26		1.61356		
48.27		1.61326		
48.28		1.61296		
48.29		1.61266		
48.3		1.61236		
48.31		1.61206		
48.32		1.61176		
48.33		1.61146		
48.34		1.61117		
48.35		1.61087		
48.36		1.61058		
48.37		1.61028		
48.38		1.60999		
48.39		1.60969		
48.4		1.6094		
48.41		1.6091		
48.42		1.60881		
48.43		1.60852		
48.44		1.60823		
48.45		1.60793		
48.46		1.60764		
48.47		1.60735		
48.48		1.60706		
48.49		1.60677		
48.5		1.60648		
48.51		1.60619		
48.52		1.60591		
48.53		1.60562		
48.54		1.60533		
48.55		1.60504		
48.56		1.60476		
48.57		1.60447		
48.58		1.60419		
48.59		1.6039		
48.6		1.60362		
48.61		1.60333		
48.62		1.60305		
48.63		1.60276		
48.64		1.60248		
48.65		1.6022		
48.66		1.60192		
48.67		1.60164		
48.68		1.60135		
48.69		1.60107		
48.7		1.60079		
48.71		1.60051		
48.72		1.60023		
48.73		1.59996		
48.74		1.59968		
48.75		1.5994		
48.76		1.59912		
48.77		1.59884		
48.78		1.59857		
48.79		1.59829		
48.8		1.59802		
48.81		1.59774		
48.82		1.59747		
48.83		1.59719		
48.84		1.59692		
48.85		1.59664		
48.86		1.59637		
48.87		1.5961		
48.88		1.59583		
48.89		1.59555		
48.9		1.59528		
48.91		1.59501		
48.92		1.59474		
48.93		1.59447		
48.94		1.5942		
48.95		1.59393		
48.96		1.59366		
48.97		1.59339		
48.98		1.59313		
48.99		1.59286		
49		1.59259		
49.01		1.59233		
49.02		1.59206		
49.03		1.59179		
49.04		1.59153		
49.05		1.59126		
49.06		1.591		
49.07		1.59073		
49.08		1.59047		
49.09		1.59021		
49.1		1.58994		
49.11		1.58968		
49.12		1.58942		
49.13		1.58916		
49.14		1.5889		
49.15		1.58863		
49.16		1.58837		
49.17		1.58811		
49.18		1.58785		
49.19		1.58759		
49.2		1.58734		
49.21		1.58708		
49.22		1.58682		
49.23		1.58656		
49.24		1.5863		
49.25		1.58605		
49.26		1.58579		
49.27		1.58553		
49.28		1.58528		
49.29		1.58502		
49.3		1.58477		
49.31		1.58451		
49.32		1.58426		
49.33		1.58401		
49.34		1.58375		
49.35		1.5835		
49.36		1.58325		
49.37		1.583		
49.38		1.58274		
49.39		1.58249		
49.4		1.58224		
49.41		1.58199		
49.42		1.58174		
49.43		1.58149		
49.44		1.58124		
49.45		1.58099		
49.46		1.58074		
49.47		1.5805		
49.48		1.58025		
49.49		1.58		
49.5		1.57975		
49.51		1.57951		
49.52		1.57926		
49.53		1.57902		
49.54		1.57877		
49.55		1.57852		
49.56		1.57828		
49.57		1.57804		
49.58		1.57779		
49.59		1.57755		
49.6		1.5773		
49.61		1.57706		
49.62		1.57682		
49.63		1.57658		
49.64		1.57634		
49.65		1.57609		
49.66		1.57585		
49.67		1.57561		
49.68		1.57537		
49.69		1.57513		
49.7		1.57489		
49.71		1.57465		
49.72		1.57442		
49.73		1.57418		
49.74		1.57394		
49.75		1.5737		
49.76		1.57346		
49.77		1.57323		
49.78		1.57299		
49.79		1.57275		
49.8		1.57252		
49.81		1.57228		
49.82		1.57205		
49.83		1.57181		
49.84		1.57158		
49.85		1.57134		
49.86		1.57111		
49.87		1.57088		
49.88		1.57065		
49.89		1.57041		
49.9		1.57018		
49.91		1.56995		
49.92		1.56972		
49.93		1.56949		
49.94		1.56926		
49.95		1.56902		
49.96		1.56879		
49.97		1.56856		
49.98		1.56834		
49.99		1.56811		
50		1.56788		
