t [fm]		tau_Pi
0.25		0.24219
0.26		0.23925		
0.27		0.23643		
0.28		0.23372		
0.29		0.2311		
0.3		0.22857		
0.31		0.22612		
0.32		0.22375		
0.33		0.22145		
0.34		0.21923		
0.35		0.21706		
0.36		0.21496		
0.37		0.21292		
0.38		0.21093		
0.39		0.209		
0.4		0.20711		
0.41		0.20528		
0.42		0.20349		
0.43		0.20174		
0.44		0.20004		
0.45		0.19838		
0.46		0.19676		
0.47		0.19518		
0.48		0.19363		
0.49		0.19212		
0.5		0.19064		
0.51		0.1892		
0.52		0.18779		
0.53		0.18641		
0.54		0.18506		
0.55		0.18374		
0.56		0.18244		
0.57		0.18118		
0.58		0.17994		
0.59		0.17872		
0.6		0.17753		
0.61		0.17637		
0.62		0.17522		
0.63		0.17411		
0.64		0.17301		
0.65		0.17193		
0.66		0.17088		
0.67		0.16985		
0.68		0.16883		
0.69		0.16784		
0.7		0.16686		
0.71		0.16591		
0.72		0.16497		
0.73		0.16405		
0.74		0.16315		
0.75		0.16226		
0.76		0.16139		
0.77		0.16054		
0.78		0.1597		
0.79		0.15888		
0.8		0.15807		
0.81		0.15728		
0.82		0.15651		
0.83		0.15574		
0.84		0.155		
0.85		0.15426		
0.86		0.15354		
0.87		0.15283		
0.88		0.15214		
0.89		0.15146		
0.9		0.15079		
0.91		0.15013		
0.92		0.14948		
0.93		0.14885		
0.94		0.14823		
0.95		0.14762		
0.96		0.14702		
0.97		0.14644		
0.98		0.14586		
0.99		0.1453		
1		0.14474		
1.01		0.1442		
1.02		0.14367		
1.03		0.14314		
1.04		0.14263		
1.05		0.14213		
1.06		0.14164		
1.07		0.14115		
1.08		0.14068		
1.09		0.14022		
1.1		0.13976		
1.11		0.13932		
1.12		0.13888		
1.13		0.13846		
1.14		0.13804		
1.15		0.13763		
1.16		0.13723		
1.17		0.13684		
1.18		0.13646		
1.19		0.13608		
1.2		0.13572		
1.21		0.13536		
1.22		0.13501		
1.23		0.13467		
1.24		0.13434		
1.25		0.13401		
1.26		0.1337		
1.27		0.13339		
1.28		0.13309		
1.29		0.1328		
1.3		0.13251		
1.31		0.13224		
1.32		0.13197		
1.33		0.13171		
1.34		0.13145		
1.35		0.1312		
1.36		0.13097		
1.37		0.13073		
1.38		0.13051		
1.39		0.13029		
1.4		0.13008		
1.41		0.12988		
1.42		0.12968		
1.43		0.1295		
1.44		0.12931		
1.45		0.12914		
1.46		0.12897		
1.47		0.12881		
1.48		0.12866		
1.49		0.12851		
1.5		0.12837		
1.51		0.12824		
1.52		0.12811		
1.53		0.12799		
1.54		0.12788		
1.55		0.12778		
1.56		0.12768		
1.57		0.12758		
1.58		0.1275		
1.59		0.12742		
1.6		0.12735		
1.61		0.12728		
1.62		0.12722		
1.63		0.12717		
1.64		0.12712		
1.65		0.12708		
1.66		0.12705		
1.67		0.12702		
1.68		0.127		
1.69		0.12699		
1.7		0.12698		
1.71		0.12698		
1.72		0.12698		
1.73		0.12699		
1.74		0.12701		
1.75		0.12703		
1.76		0.12706		
1.77		0.1271		
1.78		0.12714		
1.79		0.12719		
1.8		0.12724		
1.81		0.1273		
1.82		0.12737		
1.83		0.12744		
1.84		0.12752		
1.85		0.12761		
1.86		0.1277		
1.87		0.12779		
1.88		0.1279		
1.89		0.12801		
1.9		0.12812		
1.91		0.12824		
1.92		0.12837		
1.93		0.12851		
1.94		0.12865		
1.95		0.12879		
1.96		0.12894		
1.97		0.1291		
1.98		0.12926		
1.99		0.12943		
2		0.12961		
2.01		0.12979		
2.02		0.12998		
2.03		0.13017		
2.04		0.13037		
2.05		0.13058		
2.06		0.13079		
2.07		0.131		
2.08		0.13123		
2.09		0.13146		
2.1		0.13169		
2.11		0.13193		
2.12		0.13218		
2.13		0.13243		
2.14		0.13269		
2.15		0.13295		
2.16		0.13322		
2.17		0.1335		
2.18		0.13378		
2.19		0.13407		
2.2		0.13436		
2.21		0.13466		
2.22		0.13496		
2.23		0.13528		
2.24		0.13559		
2.25		0.13591		
2.26		0.13624		
2.27		0.13658		
2.28		0.13692		
2.29		0.13726		
2.3		0.13761		
2.31		0.13797		
2.32		0.13833		
2.33		0.1387		
2.34		0.13907		
2.35		0.13945		
2.36		0.13984		
2.37		0.14023		
2.38		0.14063		
2.39		0.14103		
2.4		0.14144		
2.41		0.14185		
2.42		0.14227		
2.43		0.1427		
2.44		0.14313		
2.45		0.14357		
2.46		0.14401		
2.47		0.14446		
2.48		0.14491		
2.49		0.14537		
2.5		0.14584		
2.51		0.14631		
2.52		0.14679		
2.53		0.14727		
2.54		0.14776		
2.55		0.14825		
2.56		0.14875		
2.57		0.14926		
2.58		0.14977		
2.59		0.15029		
2.6		0.15081		
2.61		0.15134		
2.62		0.15187		
2.63		0.15241		
2.64		0.15295		
2.65		0.1535		
2.66		0.15406		
2.67		0.15462		
2.68		0.15519		
2.69		0.15576		
2.7		0.15634		
2.71		0.15693		
2.72		0.15752		
2.73		0.15811		
2.74		0.15871		
2.75		0.15932		
2.76		0.15993		
2.77		0.16055		
2.78		0.16117		
2.79		0.1618		
2.8		0.16244		
2.81		0.16308		
2.82		0.16372		
2.83		0.16437		
2.84		0.16503		
2.85		0.16569		
2.86		0.16636		
2.87		0.16704		
2.88		0.16772		
2.89		0.1684		
2.9		0.16909		
2.91		0.16979		
2.92		0.17049		
2.93		0.1712		
2.94		0.17191		
2.95		0.17263		
2.96		0.17335		
2.97		0.17408		
2.98		0.17481		
2.99		0.17555		
3		0.1763		
3.01		0.17705		
3.02		0.17781		
3.03		0.17857		
3.04		0.17934		
3.05		0.18011		
3.06		0.18089		
3.07		0.18167		
3.08		0.18246		
3.09		0.18326		
3.1		0.18406		
3.11		0.18487		
3.12		0.18568		
3.13		0.1865		
3.14		0.18732		
3.15		0.18815		
3.16		0.18898		
3.17		0.18982		
3.18		0.19066		
3.19		0.19151		
3.2		0.19237		
3.21		0.19323		
3.22		0.1941		
3.23		0.19497		
3.24		0.19585		
3.25		0.19673		
3.26		0.19762		
3.27		0.19851		
3.28		0.19941		
3.29		0.20031		
3.3		0.20122		
3.31		0.20214		
3.32		0.20306		
3.33		0.20398		
3.34		0.20492		
3.35		0.20585		
3.36		0.20679		
3.37		0.20774		
3.38		0.2087		
3.39		0.20965		
3.4		0.21062		
3.41		0.21159		
3.42		0.21256		
3.43		0.21354		
3.44		0.21453		
3.45		0.21552		
3.46		0.21651		
3.47		0.21751		
3.48		0.21852		
3.49		0.21953		
3.5		0.22055		
3.51		0.22157		
3.52		0.2226		
3.53		0.22363		
3.54		0.22467		
3.55		0.22571		
3.56		0.22676		
3.57		0.22782		
3.58		0.22888		
3.59		0.22994		
3.6		0.23101		
3.61		0.23209		
3.62		0.23317		
3.63		0.23425		
3.64		0.23534		
3.65		0.23644		
3.66		0.23754		
3.67		0.23865		
3.68		0.23976		
3.69		0.24088		
3.7		0.242		
3.71		0.24313		
3.72		0.24426		
3.73		0.2454		
3.74		0.24654		
3.75		0.24769		
3.76		0.24885		
3.77		0.25001		
3.78		0.25117		
3.79		0.25234		
3.8		0.25351		
3.81		0.25469		
3.82		0.25588		
3.83		0.25707		
3.84		0.25826		
3.85		0.25947		
3.86		0.26067		
3.87		0.26188		
3.88		0.2631		
3.89		0.26432		
3.9		0.26555		
3.91		0.26678		
3.92		0.26801		
3.93		0.26926		
3.94		0.2705		
3.95		0.27175		
3.96		0.27301		
3.97		0.27427		
3.98		0.27554		
3.99		0.27681		
4		0.27809		
4.01		0.27937		
4.02		0.28066		
4.03		0.28195		
4.04		0.28325		
4.05		0.28456		
4.06		0.28586		
4.07		0.28718		
4.08		0.2885		
4.09		0.28982		
4.1		0.29115		
4.11		0.29248		
4.12		0.29382		
4.13		0.29516		
4.14		0.29651		
4.15		0.29786		
4.16		0.29922		
4.17		0.30059		
4.18		0.30196		
4.19		0.30333		
4.2		0.30471		
4.21		0.30609		
4.22		0.30748		
4.23		0.30888		
4.24		0.31027		
4.25		0.31168		
4.26		0.31309		
4.27		0.3145		
4.28		0.31592		
4.29		0.31734		
4.3		0.31877		
4.31		0.32021		
4.32		0.32165		
4.33		0.32309		
4.34		0.32454		
4.35		0.32599		
4.36		0.32745		
4.37		0.32892		
4.38		0.33039		
4.39		0.33186		
4.4		0.33334		
4.41		0.33483		
4.42		0.33632		
4.43		0.33781		
4.44		0.33931		
4.45		0.34082		
4.46		0.34233		
4.47		0.34384		
4.48		0.34536		
4.49		0.34689		
4.5		0.34842		
4.51		0.34996		
4.52		0.3515		
4.53		0.35305		
4.54		0.3546		
4.55		0.35616		
4.56		0.35772		
4.57		0.35929		
4.58		0.36086		
4.59		0.36244		
4.6		0.36403		
4.61		0.36562		
4.62		0.36722		
4.63		0.36882		
4.64		0.37043		
4.65		0.37205		
4.66		0.37367		
4.67		0.3753		
4.68		0.37693		
4.69		0.37857		
4.7		0.38022		
4.71		0.38187		
4.72		0.38353		
4.73		0.3852		
4.74		0.38687		
4.75		0.38855		
4.76		0.39023		
4.77		0.39191		
4.78		0.39359		
4.79		0.39526		
4.8		0.39692		
4.81		0.39857		
4.82		0.40018		
4.83		0.40175		
4.84		0.40328		
4.85		0.40477		
4.86		0.40621		
4.87		0.40763		
4.88		0.40906		
4.89		0.41052		
4.9		0.41202		
4.91		0.41358		
4.92		0.41518		
4.93		0.41684		
4.94		0.41852		
4.95		0.42023		
4.96		0.42197		
4.97		0.42372		
4.98		0.42548		
4.99		0.42725		
5		0.42902		
5.01		0.4308		
5.02		0.43259		
5.03		0.43438		
5.04		0.43617		
5.05		0.43797		
5.06		0.43977		
5.07		0.44157		
5.08		0.44338		
5.09		0.44519		
5.1		0.447		
5.11		0.44882		
5.12		0.45064		
5.13		0.45246		
5.14		0.45429		
5.15		0.45612		
5.16		0.45795		
5.17		0.45979		
5.18		0.46163		
5.19		0.46347		
5.2		0.46532		
5.21		0.46717		
5.22		0.46903		
5.23		0.47088		
5.24		0.47275		
5.25		0.47461		
5.26		0.47648		
5.27		0.47836		
5.28		0.48023		
5.29		0.48211		
5.3		0.484		
5.31		0.48589		
5.32		0.48778		
5.33		0.48968		
5.34		0.49158		
5.35		0.49348		
5.36		0.49539		
5.37		0.4973		
5.38		0.49922		
5.39		0.50114		
5.4		0.50306		
5.41		0.50499		
5.42		0.50692		
5.43		0.50886		
5.44		0.5108		
5.45		0.51274		
5.46		0.51469		
5.47		0.51664		
5.48		0.5186		
5.49		0.52056		
5.5		0.52252		
5.51		0.52449		
5.52		0.52646		
5.53		0.52843		
5.54		0.53041		
5.55		0.53239		
5.56		0.53438		
5.57		0.53637		
5.58		0.53837		
5.59		0.54036		
5.6		0.54237		
5.61		0.54437		
5.62		0.54638		
5.63		0.5484		
5.64		0.55041		
5.65		0.55243		
5.66		0.55446		
5.67		0.55649		
5.68		0.55852		
5.69		0.56056		
5.7		0.5626		
5.71		0.56464		
5.72		0.56669		
5.73		0.56874		
5.74		0.5708		
5.75		0.57286		
5.76		0.57492		
5.77		0.57699		
5.78		0.57906		
5.79		0.58114		
5.8		0.58322		
5.81		0.5853		
5.82		0.58738		
5.83		0.58947		
5.84		0.59157		
5.85		0.59367		
5.86		0.59577		
5.87		0.59787		
5.88		0.59998		
5.89		0.60209		
5.9		0.60421		
5.91		0.60633		
5.92		0.60845		
5.93		0.61058		
5.94		0.61271		
5.95		0.61484		
5.96		0.61698		
5.97		0.61912		
5.98		0.62127		
5.99		0.62342		
6		0.62557		
6.01		0.62773		
6.02		0.62989		
6.03		0.63205		
6.04		0.63422		
6.05		0.63639		
6.06		0.63856		
6.07		0.64074		
6.08		0.64292		
6.09		0.64511		
6.1		0.6473		
6.11		0.64949		
6.12		0.65168		
6.13		0.65388		
6.14		0.65609		
6.15		0.65829		
6.16		0.6605		
6.17		0.66272		
6.18		0.66493		
6.19		0.66715		
6.2		0.66938		
6.21		0.67161		
6.22		0.67384		
6.23		0.67607		
6.24		0.67831		
6.25		0.68055		
6.26		0.68279		
6.27		0.68504		
6.28		0.6873		
6.29		0.68955		
6.3		0.69181		
6.31		0.69407		
6.32		0.69634		
6.33		0.69861		
6.34		0.70088		
6.35		0.70315		
6.36		0.70543		
6.37		0.70771		
6.38		0.71		
6.39		0.71229		
6.4		0.71458		
6.41		0.71688		
6.42		0.71918		
6.43		0.72148		
6.44		0.72379		
6.45		0.7261		
6.46		0.72841		
6.47		0.73072		
6.48		0.73304		
6.49		0.73537		
6.5		0.73769		
6.51		0.74002		
6.52		0.74235		
6.53		0.74469		
6.54		0.74703		
6.55		0.74937		
6.56		0.75171		
6.57		0.75406		
6.58		0.75641		
6.59		0.75877		
6.6		0.76113		
6.61		0.76349		
6.62		0.76585		
6.63		0.76822		
6.64		0.77059		
6.65		0.77297		
6.66		0.77534		
6.67		0.77773		
6.68		0.78011		
6.69		0.7825		
6.7		0.78489		
6.71		0.78728		
6.72		0.78968		
6.73		0.79208		
6.74		0.79448		
6.75		0.79688		
6.76		0.79929		
6.77		0.8017		
6.78		0.80412		
6.79		0.80654		
6.8		0.80896		
6.81		0.81138		
6.82		0.81381		
6.83		0.81624		
6.84		0.81867		
6.85		0.82111		
6.86		0.82355		
6.87		0.82599		
6.88		0.82844		
6.89		0.83089		
6.9		0.83334		
6.91		0.83579		
6.92		0.83825		
6.93		0.84071		
6.94		0.84317		
6.95		0.84564		
6.96		0.84811		
6.97		0.85058		
6.98		0.85306		
6.99		0.85554		
7		0.85802		
7.01		0.8605		
7.02		0.86299		
7.03		0.86548		
7.04		0.86797		
7.05		0.87047		
7.06		0.87296		
7.07		0.87547		
7.08		0.87797		
7.09		0.88048		
7.1		0.88299		
7.11		0.8855		
7.12		0.88802		
7.13		0.89054		
7.14		0.89306		
7.15		0.89558		
7.16		0.89811		
7.17		0.90064		
7.18		0.90317		
7.19		0.90571		
7.2		0.90825		
7.21		0.91079		
7.22		0.91333		
7.23		0.91588		
7.24		0.91843		
7.25		0.92098		
7.26		0.92354		
7.27		0.92609		
7.28		0.92866		
7.29		0.93122		
7.3		0.93379		
7.31		0.93635		
7.32		0.93893		
7.33		0.9415		
7.34		0.94408		
7.35		0.94666		
7.36		0.94924		
7.37		0.95182		
7.38		0.95441		
7.39		0.957		
7.4		0.9596		
7.41		0.96219		
7.42		0.96479		
7.43		0.96739		
7.44		0.97		
7.45		0.9726		
7.46		0.97521		
7.47		0.97782		
7.48		0.98044		
7.49		0.98305		
7.5		0.98567		
7.51		0.9883		
7.52		0.99092		
7.53		0.99355		
7.54		0.99618		
7.55		0.99881		
7.56		1.0014		
7.57		1.0041		
7.58		1.0067		
7.59		1.0094		
7.6		1.012		
7.61		1.0147		
7.62		1.0173		
7.63		1.02		
7.64		1.0226		
7.65		1.0253		
7.66		1.0279		
7.67		1.0306		
7.68		1.0333		
7.69		1.0359		
7.7		1.0386		
7.71		1.0413		
7.72		1.0439		
7.73		1.0466		
7.74		1.0493		
7.75		1.052		
7.76		1.0547		
7.77		1.0574		
7.78		1.0601		
7.79		1.0627		
7.8		1.0654		
7.81		1.0681		
7.82		1.0708		
7.83		1.0735		
7.84		1.0762		
7.85		1.0789		
7.86		1.0817		
7.87		1.0844		
7.88		1.0871		
7.89		1.0898		
7.9		1.0925		
7.91		1.0952		
7.92		1.098		
7.93		1.1007		
7.94		1.1034		
7.95		1.1061		
7.96		1.1089		
7.97		1.1116		
7.98		1.1143		
7.99		1.1171		
8		1.1198		
8.01		1.1226		
8.02		1.1253		
8.03		1.1281		
8.04		1.1308		
8.05		1.1336		
8.06		1.1363		
8.07		1.1391		
8.08		1.1418		
8.09		1.1446		
8.1		1.1474		
8.11		1.1501		
8.12		1.1529		
8.13		1.1557		
8.14		1.1584		
8.15		1.1612		
8.16		1.164		
8.17		1.1668		
8.18		1.1696		
8.19		1.1723		
8.2		1.1751		
8.21		1.1779		
8.22		1.1807		
8.23		1.1835		
8.24		1.1863		
8.25		1.1891		
8.26		1.1919		
8.27		1.1947		
8.28		1.1975		
8.29		1.2003		
8.3		1.2031		
8.31		1.2059		
8.32		1.2087		
8.33		1.2116		
8.34		1.2144		
8.35		1.2172		
8.36		1.22		
8.37		1.2228		
8.38		1.2257		
8.39		1.2285		
8.4		1.2313		
8.41		1.2341		
8.42		1.237		
8.43		1.2398		
8.44		1.2426		
8.45		1.2455		
8.46		1.2483		
8.47		1.2512		
8.48		1.254		
8.49		1.2569		
8.5		1.2597		
8.51		1.2626		
8.52		1.2654		
8.53		1.2683		
8.54		1.2711		
8.55		1.274		
8.56		1.2768		
8.57		1.2797		
8.58		1.2826		
8.59		1.2854		
8.6		1.2883		
8.61		1.2912		
8.62		1.294		
8.63		1.2969		
8.64		1.2998		
8.65		1.3027		
8.66		1.3055		
8.67		1.3084		
8.68		1.3113		
8.69		1.3142		
8.7		1.3171		
8.71		1.32		
8.72		1.3229		
8.73		1.3258		
8.74		1.3287		
8.75		1.3316		
8.76		1.3345		
8.77		1.3374		
8.78		1.3403		
8.79		1.3432		
8.8		1.3461		
8.81		1.349		
8.82		1.3519		
8.83		1.3548		
8.84		1.3577		
8.85		1.3606		
8.86		1.3635		
8.87		1.3665		
8.88		1.3694		
8.89		1.3723		
8.9		1.3752		
8.91		1.3782		
8.92		1.3811		
8.93		1.384		
8.94		1.3869		
8.95		1.3899		
8.96		1.3928		
8.97		1.3958		
8.98		1.3987		
8.99		1.4016		
9		1.4046		
9.01		1.4075		
9.02		1.4105		
9.03		1.4134		
9.04		1.4164		
9.05		1.4193		
9.06		1.4223		
9.07		1.4252		
9.08		1.4282		
9.09		1.4311		
9.1		1.4341		
9.11		1.437		
9.12		1.44		
9.13		1.443		
9.14		1.4459		
9.15		1.4489		
9.16		1.4519		
9.17		1.4548		
9.18		1.4578		
9.19		1.4608		
9.2		1.4638		
9.21		1.4667		
9.22		1.4697		
9.23		1.4727		
9.24		1.4757		
9.25		1.4787		
9.26		1.4817		
9.27		1.4846		
9.28		1.4876		
9.29		1.4906		
9.3		1.4936		
9.31		1.4966		
9.32		1.4996		
9.33		1.5026		
9.34		1.5056		
9.35		1.5086		
9.36		1.5116		
9.37		1.5146		
9.38		1.5176		
9.39		1.5206		
9.4		1.5236		
9.41		1.5266		
9.42		1.5296		
9.43		1.5327		
9.44		1.5357		
9.45		1.5387		
9.46		1.5417		
9.47		1.5447		
9.48		1.5477		
9.49		1.5508		
9.5		1.5538		
9.51		1.5568		
9.52		1.5598		
9.53		1.5629		
9.54		1.5659		
9.55		1.5689		
9.56		1.572		
9.57		1.575		
9.58		1.578		
9.59		1.5811		
9.6		1.5841		
9.61		1.5871		
9.62		1.5902		
9.63		1.5932		
9.64		1.5963		
9.65		1.5993		
9.66		1.6024		
9.67		1.6054		
9.68		1.6085		
9.69		1.6115		
9.7		1.6146		
9.71		1.6176		
9.72		1.6207		
9.73		1.6237		
9.74		1.6268		
9.75		1.6298		
9.76		1.6329		
9.77		1.636		
9.78		1.639		
9.79		1.6421		
9.8		1.6452		
9.81		1.6482		
9.82		1.6513		
9.83		1.6544		
9.84		1.6574		
9.85		1.6605		
9.86		1.6636		
9.87		1.6667		
9.88		1.6697		
9.89		1.6728		
9.9		1.6759		
9.91		1.679		
9.92		1.6821		
9.93		1.6852		
9.94		1.6882		
9.95		1.6913		
9.96		1.6944		
9.97		1.6975		
9.98		1.7006		
9.99		1.7037		
10		1.7068		
10.01		1.7099		
10.02		1.713		
10.03		1.7161		
10.04		1.7192		
10.05		1.7223		
10.06		1.7254		
10.07		1.7285		
10.08		1.7316		
10.09		1.7347		
10.1		1.7378		
10.11		1.7409		
10.12		1.744		
10.13		1.7471		
10.14		1.7502		
10.15		1.7533		
10.16		1.7565		
10.17		1.7596		
10.18		1.7627		
10.19		1.7658		
10.2		1.7689		
10.21		1.772		
10.22		1.7752		
10.23		1.7783		
10.24		1.7814		
10.25		1.7845		
10.26		1.7877		
10.27		1.7908		
10.28		1.7939		
10.29		1.797		
10.3		1.8002		
10.31		1.8033		
10.32		1.8064		
10.33		1.8096		
10.34		1.8127		
10.35		1.8159		
10.36		1.819		
10.37		1.8221		
10.38		1.8253		
10.39		1.8284		
10.4		1.8316		
10.41		1.8347		
10.42		1.8378		
10.43		1.841		
10.44		1.8441		
10.45		1.8473		
10.46		1.8504		
10.47		1.8536		
10.48		1.8567		
10.49		1.8599		
10.5		1.8631		
10.51		1.8662		
10.52		1.8694		
10.53		1.8725		
10.54		1.8757		
10.55		1.8788		
10.56		1.882		
10.57		1.8852		
10.58		1.8883		
10.59		1.8915		
10.6		1.8947		
10.61		1.8978		
10.62		1.901		
10.63		1.9042		
10.64		1.9073		
10.65		1.9105		
10.66		1.9137		
10.67		1.9169		
10.68		1.92		
10.69		1.9232		
10.7		1.9264		
10.71		1.9296		
10.72		1.9327		
10.73		1.9359		
10.74		1.9391		
10.75		1.9423		
10.76		1.9455		
10.77		1.9487		
10.78		1.9518		
10.79		1.955		
10.8		1.9582		
10.81		1.9614		
10.82		1.9646		
10.83		1.9678		
10.84		1.971		
10.85		1.9742		
10.86		1.9774		
10.87		1.9806		
10.88		1.9837		
10.89		1.9869		
10.9		1.9901		
10.91		1.9933		
10.92		1.9965		
10.93		1.9997		
10.94		2.0029		
10.95		2.0062		
10.96		2.0094		
10.97		2.0126		
10.98		2.0158		
10.99		2.019		
11		2.0222		
11.01		2.0254		
11.02		2.0286		
11.03		2.0318		
11.04		2.035		
11.05		2.0382		
11.06		2.0415		
11.07		2.0447		
11.08		2.0479		
11.09		2.0511		
11.1		2.0543		
11.11		2.0575		
11.12		2.0608		
11.13		2.064		
11.14		2.0672		
11.15		2.0704		
11.16		2.0737		
11.17		2.0769		
11.18		2.0801		
11.19		2.0833		
11.2		2.0866		
11.21		2.0898		
11.22		2.093		
11.23		2.0963		
11.24		2.0995		
11.25		2.1027		
11.26		2.106		
11.27		2.1092		
11.28		2.1124		
11.29		2.1157		
11.3		2.1189		
11.31		2.1221		
11.32		2.1254		
11.33		2.1286		
11.34		2.1319		
11.35		2.1351		
11.36		2.1383		
11.37		2.1416		
11.38		2.1448		
11.39		2.1481		
11.4		2.1513		
11.41		2.1546		
11.42		2.1578		
11.43		2.1611		
11.44		2.1643		
11.45		2.1676		
11.46		2.1708		
11.47		2.1741		
11.48		2.1773		
11.49		2.1806		
11.5		2.1838		
11.51		2.1871		
11.52		2.1904		
11.53		2.1936		
11.54		2.1969		
11.55		2.2001		
11.56		2.2034		
11.57		2.2067		
11.58		2.2099		
11.59		2.2132		
11.6		2.2165		
11.61		2.2197		
11.62		2.223		
11.63		2.2263		
11.64		2.2295		
11.65		2.2328		
11.66		2.2361		
11.67		2.2393		
11.68		2.2426		
11.69		2.2459		
11.7		2.2492		
11.71		2.2524		
11.72		2.2557		
11.73		2.259		
11.74		2.2623		
11.75		2.2655		
11.76		2.2688		
11.77		2.2721		
11.78		2.2754		
11.79		2.2787		
11.8		2.282		
11.81		2.2852		
11.82		2.2885		
11.83		2.2918		
11.84		2.2951		
11.85		2.2984		
11.86		2.3017		
11.87		2.305		
11.88		2.3083		
11.89		2.3115		
11.9		2.3148		
11.91		2.3181		
11.92		2.3214		
11.93		2.3247		
11.94		2.328		
11.95		2.3313		
11.96		2.3346		
11.97		2.3379		
11.98		2.3412		
11.99		2.3445		
12		2.3478		
12.01		2.3511		
12.02		2.3544		
12.03		2.3577		
12.04		2.361		
12.05		2.3643		
12.06		2.3676		
12.07		2.3709		
12.08		2.3742		
12.09		2.3775		
12.1		2.3808		
12.11		2.3842		
12.12		2.3875		
12.13		2.3908		
12.14		2.3941		
12.15		2.3974		
12.16		2.4007		
12.17		2.404		
12.18		2.4073		
12.19		2.4107		
12.2		2.414		
12.21		2.4173		
12.22		2.4206		
12.23		2.4239		
12.24		2.4273		
12.25		2.4306		
12.26		2.4339		
12.27		2.4372		
12.28		2.4405		
12.29		2.4439		
12.3		2.4472		
12.31		2.4505		
12.32		2.4538		
12.33		2.4572		
12.34		2.4605		
12.35		2.4638		
12.36		2.4672		
12.37		2.4705		
12.38		2.4738		
12.39		2.4772		
12.4		2.4805		
12.41		2.4838		
12.42		2.4872		
12.43		2.4905		
12.44		2.4938		
12.45		2.4972		
12.46		2.5005		
12.47		2.5039		
12.48		2.5072		
12.49		2.5105		
12.5		2.5139		
12.51		2.5172		
12.52		2.5206		
12.53		2.5239		
12.54		2.5273		
12.55		2.5306		
12.56		2.5339		
12.57		2.5373		
12.58		2.5406		
12.59		2.544		
12.6		2.5473		
12.61		2.5507		
12.62		2.554		
12.63		2.5574		
12.64		2.5607		
12.65		2.5641		
12.66		2.5675		
12.67		2.5708		
12.68		2.5742		
12.69		2.5775		
12.7		2.5809		
12.71		2.5842		
12.72		2.5876		
12.73		2.591		
12.74		2.5943		
12.75		2.5977		
12.76		2.601		
12.77		2.6044		
12.78		2.6078		
12.79		2.6111		
12.8		2.6145		
12.81		2.6179		
12.82		2.6212		
12.83		2.6246		
12.84		2.628		
12.85		2.6313		
12.86		2.6347		
12.87		2.6381		
12.88		2.6415		
12.89		2.6448		
12.9		2.6482		
12.91		2.6516		
12.92		2.655		
12.93		2.6583		
12.94		2.6617		
12.95		2.6651		
12.96		2.6685		
12.97		2.6719		
12.98		2.6752		
12.99		2.6786		
13		2.682		
13.01		2.6854		
13.02		2.6888		
13.03		2.6921		
13.04		2.6955		
13.05		2.6989		
13.06		2.7023		
13.07		2.7057		
13.08		2.7091		
13.09		2.7125		
13.1		2.7159		
13.11		2.7193		
13.12		2.7226		
13.13		2.726		
13.14		2.7294		
13.15		2.7328		
13.16		2.7362		
13.17		2.7396		
13.18		2.743		
13.19		2.7464		
13.2		2.7498		
13.21		2.7532		
13.22		2.7566		
13.23		2.76		
13.24		2.7634		
13.25		2.7668		
13.26		2.7702		
13.27		2.7736		
13.28		2.777		
13.29		2.7804		
13.3		2.7838		
13.31		2.7873		
13.32		2.7907		
13.33		2.7941		
13.34		2.7975		
13.35		2.8009		
13.36		2.8043		
13.37		2.8077		
13.38		2.8111		
13.39		2.8145		
13.4		2.818		
13.41		2.8214		
13.42		2.8248		
13.43		2.8282		
13.44		2.8316		
13.45		2.8351		
13.46		2.8385		
13.47		2.8419		
13.48		2.8453		
13.49		2.8487		
13.5		2.8522		
13.51		2.8556		
13.52		2.859		
13.53		2.8624		
13.54		2.8659		
13.55		2.8693		
13.56		2.8727		
13.57		2.8762		
13.58		2.8796		
13.59		2.883		
13.6		2.8864		
13.61		2.8899		
13.62		2.8933		
13.63		2.8967		
13.64		2.9002		
13.65		2.9036		
13.66		2.9071		
13.67		2.9105		
13.68		2.9139		
13.69		2.9174		
13.7		2.9208		
13.71		2.9243		
13.72		2.9277		
13.73		2.9311		
13.74		2.9346		
13.75		2.938		
13.76		2.9415		
13.77		2.9449		
13.78		2.9484		
13.79		2.9518		
13.8		2.9553		
13.81		2.9587		
13.82		2.9622		
13.83		2.9656		
13.84		2.9691		
13.85		2.9725		
13.86		2.976		
13.87		2.9794		
13.88		2.9829		
13.89		2.9864		
13.9		2.9898		
13.91		2.9933		
13.92		2.9967		
13.93		3.0002		
13.94		3.0037		
13.95		3.0071		
13.96		3.0106		
13.97		3.014		
13.98		3.0175		
13.99		3.021		
14		3.0244		
14.01		3.0279		
14.02		3.0314		
14.03		3.0348		
14.04		3.0383		
14.05		3.0418		
14.06		3.0453		
14.07		3.0487		
14.08		3.0522		
14.09		3.0557		
14.1		3.0592		
14.11		3.0626		
14.12		3.0661		
14.13		3.0696		
14.14		3.0731		
14.15		3.0766		
14.16		3.08		
14.17		3.0835		
14.18		3.087		
14.19		3.0905		
14.2		3.094		
14.21		3.0975		
14.22		3.1009		
14.23		3.1044		
14.24		3.1079		
14.25		3.1114		
14.26		3.1149		
14.27		3.1184		
14.28		3.1219		
14.29		3.1254		
14.3		3.1289		
14.31		3.1324		
14.32		3.1359		
14.33		3.1394		
14.34		3.1429		
14.35		3.1464		
14.36		3.1499		
14.37		3.1534		
14.38		3.1569		
14.39		3.1604		
14.4		3.1639		
14.41		3.1674		
14.42		3.1709		
14.43		3.1744		
14.44		3.1779		
14.45		3.1814		
14.46		3.1849		
14.47		3.1884		
14.48		3.1919		
14.49		3.1955		
14.5		3.199		
14.51		3.2025		
14.52		3.206		
14.53		3.2095		
14.54		3.213		
14.55		3.2166		
14.56		3.2201		
14.57		3.2236		
14.58		3.2271		
14.59		3.2306		
14.6		3.2342		
14.61		3.2377		
14.62		3.2412		
14.63		3.2447		
14.64		3.2483		
14.65		3.2518		
14.66		3.2553		
14.67		3.2589		
14.68		3.2624		
14.69		3.2659		
14.7		3.2695		
14.71		3.273		
14.72		3.2765		
14.73		3.2801		
14.74		3.2836		
14.75		3.2871		
14.76		3.2907		
14.77		3.2942		
14.78		3.2978		
14.79		3.3013		
14.8		3.3049		
14.81		3.3084		
14.82		3.3119		
14.83		3.3155		
14.84		3.319		
14.85		3.3226		
14.86		3.3261		
14.87		3.3297		
14.88		3.3332		
14.89		3.3368		
14.9		3.3404		
14.91		3.3439		
14.92		3.3475		
14.93		3.351		
14.94		3.3546		
14.95		3.3581		
14.96		3.3617		
14.97		3.3653		
14.98		3.3688		
14.99		3.3724		
15		3.376		
15.01		3.3795		
15.02		3.3831		
15.03		3.3867		
15.04		3.3902		
15.05		3.3938		
15.06		3.3974		
15.07		3.401		
15.08		3.4045		
15.09		3.4081		
15.1		3.4117		
15.11		3.4153		
15.12		3.4188		
15.13		3.4224		
15.14		3.426		
15.15		3.4296		
15.16		3.4332		
15.17		3.4367		
15.18		3.4403		
15.19		3.4439		
15.2		3.4475		
15.21		3.4511		
15.22		3.4547		
15.23		3.4583		
15.24		3.4619		
15.25		3.4655		
15.26		3.4691		
15.27		3.4727		
15.28		3.4762		
15.29		3.4798		
15.3		3.4834		
15.31		3.487		
15.32		3.4906		
15.33		3.4943		
15.34		3.4979		
15.35		3.5015		
15.36		3.5051		
15.37		3.5087		
15.38		3.5123		
15.39		3.5159		
15.4		3.5195		
15.41		3.5231		
15.42		3.5267		
15.43		3.5303		
15.44		3.534		
15.45		3.5376		
15.46		3.5412		
15.47		3.5448		
15.48		3.5484		
15.49		3.5521		
15.5		3.5557		
15.51		3.5593		
15.52		3.5629		
15.53		3.5666		
15.54		3.5702		
15.55		3.5738		
15.56		3.5774		
15.57		3.5811		
15.58		3.5847		
15.59		3.5883		
15.6		3.592		
15.61		3.5956		
15.62		3.5993		
15.63		3.6029		
15.64		3.6065		
15.65		3.6102		
15.66		3.6138		
15.67		3.6175		
15.68		3.6211		
15.69		3.6248		
15.7		3.6284		
15.71		3.632		
15.72		3.6357		
15.73		3.6393		
15.74		3.643		
15.75		3.6467		
15.76		3.6503		
15.77		3.654		
15.78		3.6576		
15.79		3.6613		
15.8		3.6649		
15.81		3.6686		
15.82		3.6723		
15.83		3.6759		
15.84		3.6796		
15.85		3.6833		
15.86		3.6869		
15.87		3.6906		
15.88		3.6943		
15.89		3.698		
15.9		3.7016		
15.91		3.7053		
15.92		3.709		
15.93		3.7127		
15.94		3.7163		
15.95		3.72		
15.96		3.7237		
15.97		3.7274		
15.98		3.7311		
15.99		3.7348		
16		3.7384		
16.01		3.7421		
16.02		3.7458		
16.03		3.7495		
16.04		3.7532		
16.05		3.7569		
16.06		3.7606		
16.07		3.7643		
16.08		3.768		
16.09		3.7717		
16.1		3.7754		
16.11		3.7791		
16.12		3.7828		
16.13		3.7865		
16.14		3.7902		
16.15		3.7939		
16.16		3.7976		
16.17		3.8013		
16.18		3.8051		
16.19		3.8088		
16.2		3.8125		
16.21		3.8162		
16.22		3.8199		
16.23		3.8236		
16.24		3.8274		
16.25		3.8311		
16.26		3.8348		
16.27		3.8385		
16.28		3.8423		
16.29		3.846		
16.3		3.8497		
16.31		3.8535		
16.32		3.8572		
16.33		3.8609		
16.34		3.8647		
16.35		3.8684		
16.36		3.8721		
16.37		3.8759		
16.38		3.8796		
16.39		3.8834		
16.4		3.8871		
16.41		3.8908		
16.42		3.8946		
16.43		3.8983		
16.44		3.9021		
16.45		3.9059		
16.46		3.9096		
16.47		3.9134		
16.48		3.9171		
16.49		3.9209		
16.5		3.9246		
16.51		3.9284		
16.52		3.9322		
16.53		3.9359		
16.54		3.9397		
16.55		3.9435		
16.56		3.9472		
16.57		3.951		
16.58		3.9548		
16.59		3.9585		
16.6		3.9623		
16.61		3.9661		
16.62		3.9699		
16.63		3.9737		
16.64		3.9774		
16.65		3.9812		
16.66		3.985		
16.67		3.9888		
16.68		3.9926		
16.69		3.9964		
16.7		4.0002		
16.71		4.004		
16.72		4.0078		
16.73		4.0116		
16.74		4.0154		
16.75		4.0192		
16.76		4.023		
16.77		4.0268		
16.78		4.0306		
16.79		4.0344		
16.8		4.0382		
16.81		4.042		
16.82		4.0458		
16.83		4.0496		
16.84		4.0534		
16.85		4.0572		
16.86		4.0611		
16.87		4.0649		
16.88		4.0687		
16.89		4.0725		
16.9		4.0764		
16.91		4.0802		
16.92		4.084		
16.93		4.0878		
16.94		4.0917		
16.95		4.0955		
16.96		4.0993		
16.97		4.1032		
16.98		4.107		
16.99		4.1109		
17		4.1147		
17.01		4.1186		
17.02		4.1224		
17.03		4.1262		
17.04		4.1301		
17.05		4.1339		
17.06		4.1378		
17.07		4.1417		
17.08		4.1455		
17.09		4.1494		
17.1		4.1532		
17.11		4.1571		
17.12		4.161		
17.13		4.1648		
17.14		4.1687		
17.15		4.1726		
17.16		4.1764		
17.17		4.1803		
17.18		4.1842		
17.19		4.1881		
17.2		4.1919		
17.21		4.1958		
17.22		4.1997		
17.23		4.2036		
17.24		4.2075		
17.25		4.2114		
17.26		4.2152		
17.27		4.2191		
17.28		4.223		
17.29		4.2269		
17.3		4.2308		
17.31		4.2347		
17.32		4.2386		
17.33		4.2425		
17.34		4.2464		
17.35		4.2503		
17.36		4.2542		
17.37		4.2582		
17.38		4.2621		
17.39		4.266		
17.4		4.2699		
17.41		4.2738		
17.42		4.2777		
17.43		4.2817		
17.44		4.2856		
17.45		4.2895		
17.46		4.2934		
17.47		4.2974		
17.48		4.3013		
17.49		4.3052		
17.5		4.3092		
17.51		4.3131		
17.52		4.317		
17.53		4.321		
17.54		4.3249		
17.55		4.3289		
17.56		4.3328		
17.57		4.3368		
17.58		4.3407		
17.59		4.3447		
17.6		4.3486		
17.61		4.3526		
17.62		4.3565		
17.63		4.3605		
17.64		4.3645		
17.65		4.3684		
17.66		4.3724		
17.67		4.3764		
17.68		4.3803		
17.69		4.3843		
17.7		4.3883		
17.71		4.3923		
17.72		4.3963		
17.73		4.4002		
17.74		4.4042		
17.75		4.4082		
17.76		4.4122		
17.77		4.4162		
17.78		4.4202		
17.79		4.4242		
17.8		4.4282		
17.81		4.4322		
17.82		4.4362		
17.83		4.4402		
17.84		4.4442		
17.85		4.4482		
17.86		4.4522		
17.87		4.4562		
17.88		4.4602		
17.89		4.4643		
17.9		4.4683		
17.91		4.4723		
17.92		4.4763		
17.93		4.4803		
17.94		4.4844		
17.95		4.4884		
17.96		4.4924		
17.97		4.4965		
17.98		4.5005		
17.99		4.5045		
18		4.5086		
18.01		4.5126		
18.02		4.5167		
18.03		4.5207		
18.04		4.5248		
18.05		4.5288		
18.06		4.5329		
18.07		4.5369		
18.08		4.541		
18.09		4.5451		
18.1		4.5491		
18.11		4.5532		
18.12		4.5573		
18.13		4.5613		
18.14		4.5654		
18.15		4.5695		
18.16		4.5735		
18.17		4.5776		
18.18		4.5817		
18.19		4.5858		
18.2		4.5899		
18.21		4.594		
18.22		4.5981		
18.23		4.6022		
18.24		4.6063		
18.25		4.6104		
18.26		4.6145		
18.27		4.6186		
18.28		4.6227		
18.29		4.6268		
18.3		4.6309		
18.31		4.635		
18.32		4.6391		
18.33		4.6432		
18.34		4.6474		
18.35		4.6515		
18.36		4.6556		
18.37		4.6597		
18.38		4.6639		
18.39		4.668		
18.4		4.6721		
18.41		4.6763		
18.42		4.6804		
18.43		4.6845		
18.44		4.6887		
18.45		4.6928		
18.46		4.697		
18.47		4.7011		
18.48		4.7053		
18.49		4.7095		
18.5		4.7136		
18.51		4.7178		
18.52		4.7219		
18.53		4.7261		
18.54		4.7303		
18.55		4.7345		
18.56		4.7386		
18.57		4.7428		
18.58		4.747		
18.59		4.7512		
18.6		4.7554		
18.61		4.7595		
18.62		4.7637		
18.63		4.7679		
18.64		4.7721		
18.65		4.7763		
18.66		4.7805		
18.67		4.7847		
18.68		4.7889		
18.69		4.7932		
18.7		4.7974		
18.71		4.8016		
18.72		4.8058		
18.73		4.81		
18.74		4.8142		
18.75		4.8185		
18.76		4.8227		
18.77		4.8269		
18.78		4.8312		
18.79		4.8354		
18.8		4.8396		
18.81		4.8439		
18.82		4.8481		
18.83		4.8524		
18.84		4.8566		
18.85		4.8609		
18.86		4.8651		
18.87		4.8694		
18.88		4.8736		
18.89		4.8779		
18.9		4.8822		
18.91		4.8864		
18.92		4.8907		
18.93		4.895		
18.94		4.8993		
18.95		4.9036		
18.96		4.9078		
18.97		4.9121		
18.98		4.9164		
18.99		4.9207		
19		4.925		
19.01		4.9293		
19.02		4.9336		
19.03		4.9379		
19.04		4.9422		
19.05		4.9465		
19.06		4.9508		
19.07		4.9551		
19.08		4.9595		
19.09		4.9638		
19.1		4.9681		
19.11		4.9724		
19.12		4.9768		
19.13		4.9811		
19.14		4.9854		
19.15		4.9898		
19.16		4.9941		
19.17		4.9985		
19.18		5.0028		
19.19		5.0072		
19.2		5.0115		
19.21		5.0159		
19.22		5.0202		
19.23		5.0246		
19.24		5.029		
19.25		5.0333		
19.26		5.0377		
19.27		5.0421		
19.28		5.0464		
19.29		5.0508		
19.3		5.0552		
19.31		5.0596		
19.32		5.064		
19.33		5.0684		
19.34		5.0728		
19.35		5.0772		
19.36		5.0816		
19.37		5.086		
19.38		5.0904		
19.39		5.0948		
19.4		5.0992		
19.41		5.1036		
19.42		5.1081		
19.43		5.1125		
19.44		5.1169		
19.45		5.1213		
19.46		5.1258		
19.47		5.1302		
19.48		5.1347		
19.49		5.1391		
19.5		5.1435		
19.51		5.148		
19.52		5.1524		
19.53		5.1569		
19.54		5.1614		
19.55		5.1658		
19.56		5.1703		
19.57		5.1748		
19.58		5.1792		
19.59		5.1837		
19.6		5.1882		
19.61		5.1927		
19.62		5.1972		
19.63		5.2016		
19.64		5.2061		
19.65		5.2106		
19.66		5.2151		
19.67		5.2196		
19.68		5.2241		
19.69		5.2287		
19.7		5.2332		
19.71		5.2377		
19.72		5.2422		
19.73		5.2467		
19.74		5.2513		
19.75		5.2558		
19.76		5.2603		
19.77		5.2649		
19.78		5.2694		
19.79		5.2739		
19.8		5.2785		
19.81		5.283		
19.82		5.2876		
19.83		5.2921		
19.84		5.2967		
19.85		5.3013		
19.86		5.3058		
19.87		5.3104		
19.88		5.315		
19.89		5.3196		
19.9		5.3241		
19.91		5.3287		
19.92		5.3333		
19.93		5.3379		
19.94		5.3425		
19.95		5.3471		
19.96		5.3517		
19.97		5.3563		
19.98		5.3609		
19.99		5.3655		
20		5.3702		
20.01		5.3748		
20.02		5.3794		
20.03		5.384		
20.04		5.3887		
20.05		5.3933		
20.06		5.3979		
20.07		5.4026		
20.08		5.4072		
20.09		5.4119		
20.1		5.4165		
20.11		5.4212		
20.12		5.4259		
20.13		5.4305		
20.14		5.4352		
20.15		5.4399		
20.16		5.4445		
20.17		5.4492		
20.18		5.4539		
20.19		5.4586		
20.2		5.4633		
20.21		5.468		
20.22		5.4727		
20.23		5.4774		
20.24		5.4821		
20.25		5.4868		
20.26		5.4915		
20.27		5.4962		
20.28		5.501		
20.29		5.5057		
20.3		5.5104		
20.31		5.5151		
20.32		5.5199		
20.33		5.5246		
20.34		5.5294		
20.35		5.5341		
20.36		5.5389		
20.37		5.5436		
20.38		5.5484		
20.39		5.5532		
20.4		5.5579		
20.41		5.5627		
20.42		5.5675		
20.43		5.5723		
20.44		5.577		
20.45		5.5818		
20.46		5.5866		
20.47		5.5914		
20.48		5.5962		
20.49		5.601		
20.5		5.6058		
20.51		5.6106		
20.52		5.6155		
20.53		5.6203		
20.54		5.6251		
20.55		5.6299		
20.56		5.6348		
20.57		5.6396		
20.58		5.6445		
20.59		5.6493		
20.6		5.6542		
20.61		5.659		
20.62		5.6639		
20.63		5.6687		
20.64		5.6736		
20.65		5.6785		
20.66		5.6833		
20.67		5.6882		
20.68		5.6931		
20.69		5.698		
20.7		5.7029		
20.71		5.7078		
20.72		5.7127		
20.73		5.7176		
20.74		5.7225		
20.75		5.7274		
20.76		5.7323		
20.77		5.7372		
20.78		5.7422		
20.79		5.7471		
20.8		5.752		
20.81		5.757		
20.82		5.7619		
20.83		5.7669		
20.84		5.7718		
20.85		5.7768		
20.86		5.7817		
20.87		5.7867		
20.88		5.7917		
20.89		5.7966		
20.9		5.8016		
20.91		5.8066		
20.92		5.8116		
20.93		5.8166		
20.94		5.8216		
20.95		5.8266		
20.96		5.8316		
20.97		5.8366		
20.98		5.8416		
20.99		5.8466		
21		5.8517		
21.01		5.8567		
21.02		5.8617		
21.03		5.8668		
21.04		5.8718		
21.05		5.8768		
21.06		5.8819		
21.07		5.887		
21.08		5.892		
21.09		5.8971		
21.1		5.9021		
21.11		5.9072		
21.12		5.9123		
21.13		5.9174		
21.14		5.9225		
21.15		5.9276		
21.16		5.9327		
21.17		5.9378		
21.18		5.9429		
21.19		5.948		
21.2		5.9531		
21.21		5.9582		
21.22		5.9633		
21.23		5.9685		
21.24		5.9736		
21.25		5.9787		
21.26		5.9839		
21.27		5.989		
21.28		5.9942		
21.29		5.9994		
21.3		6.0045		
21.31		6.0097		
21.32		6.0149		
21.33		6.02		
21.34		6.0252		
21.35		6.0304		
21.36		6.0356		
21.37		6.0408		
21.38		6.046		
21.39		6.0512		
21.4		6.0564		
21.41		6.0616		
21.42		6.0669		
21.43		6.0721		
21.44		6.0773		
21.45		6.0826		
21.46		6.0878		
21.47		6.093		
21.48		6.0983		
21.49		6.1036		
21.5		6.1088		
21.51		6.1141		
21.52		6.1194		
21.53		6.1246		
21.54		6.1299		
21.55		6.1352		
21.56		6.1405		
21.57		6.1458		
21.58		6.1511		
21.59		6.1564		
21.6		6.1617		
21.61		6.167		
21.62		6.1724		
21.63		6.1777		
21.64		6.183		
21.65		6.1884		
21.66		6.1937		
21.67		6.1991		
21.68		6.2044		
21.69		6.2098		
21.7		6.2151		
21.71		6.2205		
21.72		6.2259		
21.73		6.2313		
21.74		6.2367		
21.75		6.242		
21.76		6.2474		
21.77		6.2528		
21.78		6.2583		
21.79		6.2637		
21.8		6.2691		
21.81		6.2745		
21.82		6.2799		
21.83		6.2854		
21.84		6.2908		
21.85		6.2963		
21.86		6.3017		
21.87		6.3072		
21.88		6.3126		
21.89		6.3181		
21.9		6.3236		
21.91		6.329		
21.92		6.3345		
21.93		6.34		
21.94		6.3455		
21.95		6.351		
21.96		6.3565		
21.97		6.362		
21.98		6.3675		
21.99		6.3731		
22		6.3786		
22.01		6.3841		
22.02		6.3897		
22.03		6.3952		
22.04		6.4008		
22.05		6.4063		
22.06		6.4119		
22.07		6.4174		
22.08		6.423		
22.09		6.4286		
22.1		6.4342		
22.11		6.4398		
22.12		6.4454		
22.13		6.451		
22.14		6.4566		
22.15		6.4622		
22.16		6.4678		
22.17		6.4734		
22.18		6.4791		
22.19		6.4847		
22.2		6.4903		
22.21		6.496		
22.22		6.5016		
22.23		6.5073		
22.24		6.513		
22.25		6.5186		
22.26		6.5243		
22.27		6.53		
22.28		6.5357		
22.29		6.5414		
22.3		6.5471		
22.31		6.5528		
22.32		6.5585		
22.33		6.5642		
22.34		6.5699		
22.35		6.5757		
22.36		6.5814		
22.37		6.5871		
22.38		6.5929		
22.39		6.5986		
22.4		6.6044		
22.41		6.6102		
22.42		6.6159		
22.43		6.6217		
22.44		6.6275		
22.45		6.6333		
22.46		6.6391		
22.47		6.6449		
22.48		6.6507		
22.49		6.6565		
22.5		6.6623		
22.51		6.6682		
22.52		6.674		
22.53		6.6798		
22.54		6.6857		
22.55		6.6915		
22.56		6.6974		
22.57		6.7033		
22.58		6.7091		
22.59		6.715		
22.6		6.7209		
22.61		6.7268		
22.62		6.7327		
22.63		6.7386		
22.64		6.7445		
22.65		6.7504		
22.66		6.7563		
22.67		6.7622		
22.68		6.7682		
22.69		6.7741		
22.7		6.7801		
22.71		6.786		
22.72		6.792		
22.73		6.7979		
22.74		6.8039		
22.75		6.8099		
22.76		6.8159		
22.77		6.8219		
22.78		6.8279		
22.79		6.8339		
22.8		6.8399		
22.81		6.8459		
22.82		6.8519		
22.83		6.858		
22.84		6.864		
22.85		6.87		
22.86		6.8761		
22.87		6.8822		
22.88		6.8882		
22.89		6.8943		
22.9		6.9004		
22.91		6.9065		
22.92		6.9125		
22.93		6.9186		
22.94		6.9247		
22.95		6.9309		
22.96		6.937		
22.97		6.9431		
22.98		6.9492		
22.99		6.9554		
23		6.9615		
23.01		6.9677		
23.02		6.9738		
23.03		6.98		
23.04		6.9862		
23.05		6.9923		
23.06		6.9985		
23.07		7.0047		
23.08		7.0109		
23.09		7.0171		
23.1		7.0233		
23.11		7.0296		
23.12		7.0358		
23.13		7.042		
23.14		7.0483		
23.15		7.0545		
23.16		7.0608		
23.17		7.067		
23.18		7.0733		
23.19		7.0796		
23.2		7.0859		
23.21		7.0921		
23.22		7.0984		
23.23		7.1047		
23.24		7.1111		
23.25		7.1174		
23.26		7.1237		
23.27		7.13		
23.28		7.1364		
23.29		7.1427		
23.3		7.1491		
23.31		7.1554		
23.32		7.1618		
23.33		7.1682		
23.34		7.1746		
23.35		7.181		
23.36		7.1873		
23.37		7.1938		
23.38		7.2002		
23.39		7.2066		
23.4		7.213		
23.41		7.2194		
23.42		7.2259		
23.43		7.2323		
23.44		7.2388		
23.45		7.2453		
23.46		7.2517		
23.47		7.2582		
23.48		7.2647		
23.49		7.2712		
23.5		7.2777		
23.51		7.2842		
23.52		7.2907		
23.53		7.2972		
23.54		7.3038		
23.55		7.3103		
23.56		7.3168		
23.57		7.3234		
23.58		7.3299		
23.59		7.3365		
23.6		7.3431		
23.61		7.3497		
23.62		7.3563		
23.63		7.3629		
23.64		7.3695		
23.65		7.3761		
23.66		7.3827		
23.67		7.3893		
23.68		7.396		
23.69		7.4026		
23.7		7.4093		
23.71		7.4159		
23.72		7.4226		
23.73		7.4293		
23.74		7.4359		
23.75		7.4426		
23.76		7.4493		
23.77		7.456		
23.78		7.4628		
23.79		7.4695		
23.8		7.4762		
23.81		7.4829		
23.82		7.4897		
23.83		7.4964		
23.84		7.5032		
23.85		7.51		
23.86		7.5167		
23.87		7.5235		
23.88		7.5303		
23.89		7.5371		
23.9		7.5439		
23.91		7.5507		
23.92		7.5576		
23.93		7.5644		
23.94		7.5712		
23.95		7.5781		
23.96		7.5849		
23.97		7.5918		
23.98		7.5987		
23.99		7.6056		
24		7.6125		
24.01		7.6194		
24.02		7.6263		
24.03		7.6332		
24.04		7.6401		
24.05		7.647		
24.06		7.654		
24.07		7.6609		
24.08		7.6679		
24.09		7.6748		
24.1		7.6818		
24.11		7.6888		
24.12		7.6958		
24.13		7.7028		
24.14		7.7098		
24.15		7.7168		
24.16		7.7238		
24.17		7.7308		
24.18		7.7379		
24.19		7.7449		
24.2		7.752		
24.21		7.759		
24.22		7.7661		
24.23		7.7732		
24.24		7.7803		
24.25		7.7874		
24.26		7.7945		
24.27		7.8016		
24.28		7.8087		
24.29		7.8158		
24.3		7.823		
24.31		7.8301		
24.32		7.8373		
24.33		7.8444		
24.34		7.8516		
24.35		7.8588		
24.36		7.866		
24.37		7.8732		
24.38		7.8804		
24.39		7.8876		
24.4		7.8948		
24.41		7.9021		
24.42		7.9093		
24.43		7.9166		
24.44		7.9238		
24.45		7.9311		
24.46		7.9384		
24.47		7.9457		
24.48		7.9529		
24.49		7.9603		
24.5		7.9676		
24.51		7.9749		
24.52		7.9822		
24.53		7.9896		
24.54		7.9969		
24.55		8.0043		
24.56		8.0116		
24.57		8.019		
24.58		8.0264		
24.59		8.0338		
24.6		8.0412		
24.61		8.0486		
24.62		8.056		
24.63		8.0634		
24.64		8.0709		
24.65		8.0783		
24.66		8.0858		
24.67		8.0932		
24.68		8.1007		
24.69		8.1082		
24.7		8.1157		
24.71		8.1232		
24.72		8.1307		
24.73		8.1382		
24.74		8.1458		
24.75		8.1533		
24.76		8.1608		
24.77		8.1684		
24.78		8.176		
24.79		8.1835		
24.8		8.1911		
24.81		8.1987		
24.82		8.2063		
24.83		8.2139		
24.84		8.2216		
24.85		8.2292		
24.86		8.2368		
24.87		8.2445		
24.88		8.2521		
24.89		8.2598		
24.9		8.2675		
24.91		8.2752		
24.92		8.2829		
24.93		8.2906		
24.94		8.2983		
24.95		8.306		
24.96		8.3138		
24.97		8.3215		
24.98		8.3293		
24.99		8.337		
25		8.3448		
25.01		8.3526		
25.02		8.3604		
25.03		8.3682		
25.04		8.376		
25.05		8.3838		
25.06		8.3916		
25.07		8.3995		
25.08		8.4073		
25.09		8.4152		
25.1		8.4231		
25.11		8.4309		
25.12		8.4388		
25.13		8.4467		
25.14		8.4546		
25.15		8.4626		
25.16		8.4705		
25.17		8.4784		
25.18		8.4864		
25.19		8.4943		
25.2		8.5023		
25.21		8.5103		
25.22		8.5183		
25.23		8.5263		
25.24		8.5343		
25.25		8.5423		
25.26		8.5503		
25.27		8.5584		
25.28		8.5664		
25.29		8.5745		
25.3		8.5825		
25.31		8.5906		
25.32		8.5987		
25.33		8.6068		
25.34		8.6149		
25.35		8.623		
25.36		8.6312		
25.37		8.6393		
25.38		8.6474		
25.39		8.6556		
25.4		8.6638		
25.41		8.6719		
25.42		8.6801		
25.43		8.6883		
25.44		8.6965		
25.45		8.7048		
25.46		8.713		
25.47		8.7212		
25.48		8.7295		
25.49		8.7378		
25.5		8.746		
25.51		8.7543		
25.52		8.7626		
25.53		8.7709		
25.54		8.7792		
25.55		8.7875		
25.56		8.7959		
25.57		8.8042		
25.58		8.8126		
25.59		8.8209		
25.6		8.8293		
25.61		8.8377		
25.62		8.8461		
25.63		8.8545		
25.64		8.8629		
25.65		8.8714		
25.66		8.8798		
25.67		8.8883		
25.68		8.8967		
25.69		8.9052		
25.7		8.9137		
25.71		8.9222		
25.72		8.9307		
25.73		8.9392		
25.74		8.9477		
25.75		8.9562		
25.76		8.9648		
25.77		8.9733		
25.78		8.9819		
25.79		8.9905		
25.8		8.9991		
25.81		9.0077		
25.82		9.0163		
25.83		9.0249		
25.84		9.0336		
25.85		9.0422		
25.86		9.0509		
25.87		9.0595		
25.88		9.0682		
25.89		9.0769		
25.9		9.0856		
25.91		9.0943		
25.92		9.103		
25.93		9.1117		
25.94		9.1205		
25.95		9.1292		
25.96		9.138		
25.97		9.1468		
25.98		9.1556		
25.99		9.1644		
26		9.1732		
26.01		9.182		
26.02		9.1908		
26.03		9.1997		
26.04		9.2085		
26.05		9.2174		
26.06		9.2263		
26.07		9.2352		
26.08		9.2441		
26.09		9.253		
26.1		9.2619		
26.11		9.2708		
26.12		9.2798		
26.13		9.2887		
26.14		9.2977		
26.15		9.3067		
26.16		9.3157		
26.17		9.3247		
26.18		9.3337		
26.19		9.3427		
26.2		9.3518		
26.21		9.3608		
26.22		9.3699		
26.23		9.3789		
26.24		9.388		
26.25		9.3971		
26.26		9.4062		
26.27		9.4153		
26.28		9.4245		
26.29		9.4336		
26.3		9.4428		
26.31		9.4519		
26.32		9.4611		
26.33		9.4703		
26.34		9.4795		
26.35		9.4887		
26.36		9.4979		
26.37		9.5072		
26.38		9.5164		
26.39		9.5257		
26.4		9.5349		
26.41		9.5442		
26.42		9.5535		
26.43		9.5628		
26.44		9.5721		
26.45		9.5815		
26.46		9.5908		
26.47		9.6002		
26.48		9.6095		
26.49		9.6189		
26.5		9.6283		
26.51		9.6377		
26.52		9.6471		
26.53		9.6565		
26.54		9.666		
26.55		9.6754		
26.56		9.6849		
26.57		9.6944		
26.58		9.7038		
26.59		9.7133		
26.6		9.7229		
26.61		9.7324		
26.62		9.7419		
26.63		9.7515		
26.64		9.761		
26.65		9.7706		
26.66		9.7802		
26.67		9.7898		
26.68		9.7994		
26.69		9.809		
26.7		9.8186		
26.71		9.8283		
26.72		9.8379		
26.73		9.8476		
26.74		9.8573		
26.75		9.867		
26.76		9.8767		
26.77		9.8864		
26.78		9.8961		
26.79		9.9059		
26.8		9.9156		
26.81		9.9254		
26.82		9.9352		
26.83		9.945		
26.84		9.9548		
26.85		9.9646		
26.86		9.9744		
26.87		9.9843		
26.88		9.9941		
26.89		10.004		
26.9		10.014		
26.91		10.024		
26.92		10.034		
26.93		10.044		
26.94		10.054		
26.95		10.064		
26.96		10.073		
26.97		10.083		
26.98		10.093		
26.99		10.103		
27		10.113		
27.01		10.123		
27.02		10.133		
27.03		10.144		
27.04		10.154		
27.05		10.164		
27.06		10.174		
27.07		10.184		
27.08		10.194		
27.09		10.204		
27.1		10.214		
27.11		10.224		
27.12		10.235		
27.13		10.245		
27.14		10.255		
27.15		10.265		
27.16		10.275		
27.17		10.286		
27.18		10.296		
27.19		10.306		
27.2		10.316		
27.21		10.327		
27.22		10.337		
27.23		10.347		
27.24		10.358		
27.25		10.368		
27.26		10.378		
27.27		10.389		
27.28		10.399		
27.29		10.409		
27.3		10.42		
27.31		10.43		
27.32		10.441		
27.33		10.451		
27.34		10.462		
27.35		10.472		
27.36		10.483		
27.37		10.493		
27.38		10.504		
27.39		10.514		
27.4		10.525		
27.41		10.535		
27.42		10.546		
27.43		10.556		
27.44		10.567		
27.45		10.577		
27.46		10.588		
27.47		10.599		
27.48		10.609		
27.49		10.62		
27.5		10.631		
27.51		10.641		
27.52		10.652		
27.53		10.663		
27.54		10.674		
27.55		10.684		
27.56		10.695		
27.57		10.706		
27.58		10.717		
27.59		10.727		
27.6		10.738		
27.61		10.749		
27.62		10.76		
27.63		10.771		
27.64		10.782		
27.65		10.793		
27.66		10.803		
27.67		10.814		
27.68		10.825		
27.69		10.836		
27.7		10.847		
27.71		10.858		
27.72		10.869		
27.73		10.88		
27.74		10.891		
27.75		10.902		
27.76		10.913		
27.77		10.924		
27.78		10.935		
27.79		10.946		
27.8		10.957		
27.81		10.969		
27.82		10.98		
27.83		10.991		
27.84		11.002		
27.85		11.013		
27.86		11.024		
27.87		11.036		
27.88		11.047		
27.89		11.058		
27.9		11.069		
27.91		11.08		
27.92		11.092		
27.93		11.103		
27.94		11.114		
27.95		11.126		
27.96		11.137		
27.97		11.148		
27.98		11.16		
27.99		11.171		
28		11.182		
28.01		11.194		
28.02		11.205		
28.03		11.217		
28.04		11.228		
28.05		11.24		
28.06		11.251		
28.07		11.263		
28.08		11.274		
28.09		11.286		
28.1		11.297		
28.11		11.309		
28.12		11.32		
28.13		11.332		
28.14		11.343		
28.15		11.355		
28.16		11.367		
28.17		11.378		
28.18		11.39		
28.19		11.402		
28.2		11.413		
28.21		11.425		
28.22		11.437		
28.23		11.448		
28.24		11.46		
28.25		11.472		
28.26		11.484		
28.27		11.495		
28.28		11.507		
28.29		11.519		
28.3		11.531		
28.31		11.543		
28.32		11.555		
28.33		11.566		
28.34		11.578		
28.35		11.59		
28.36		11.602		
28.37		11.614		
28.38		11.626		
28.39		11.638		
28.4		11.65		
28.41		11.662		
28.42		11.674		
28.43		11.686		
28.44		11.698		
28.45		11.71		
28.46		11.722		
28.47		11.734		
28.48		11.746		
28.49		11.759		
28.5		11.771		
28.51		11.783		
28.52		11.795		
28.53		11.807		
28.54		11.819		
28.55		11.832		
28.56		11.844		
28.57		11.856		
28.58		11.868		
28.59		11.881		
28.6		11.893		
28.61		11.905		
28.62		11.918		
28.63		11.93		
28.64		11.942		
28.65		11.955		
28.66		11.967		
28.67		11.979		
28.68		11.992		
28.69		12.004		
28.7		12.017		
28.71		12.029		
28.72		12.042		
28.73		12.054		
28.74		12.067		
28.75		12.079		
28.76		12.092		
28.77		12.104		
28.78		12.117		
28.79		12.13		
28.8		12.142		
28.81		12.155		
28.82		12.168		
28.83		12.18		
28.84		12.193		
28.85		12.206		
28.86		12.218		
28.87		12.231		
28.88		12.244		
28.89		12.256		
28.9		12.269		
28.91		12.282		
28.92		12.295		
28.93		12.308		
28.94		12.321		
28.95		12.333		
28.96		12.346		
28.97		12.359		
28.98		12.372		
28.99		12.385		
29		12.398		
29.01		12.411		
29.02		12.424		
29.03		12.437		
29.04		12.45		
29.05		12.463		
29.06		12.476		
29.07		12.489		
29.08		12.502		
29.09		12.515		
29.1		12.528		
29.11		12.541		
29.12		12.555		
29.13		12.568		
29.14		12.581		
29.15		12.594		
29.16		12.607		
29.17		12.621		
29.18		12.634		
29.19		12.647		
29.2		12.66		
29.21		12.674		
29.22		12.687		
29.23		12.7		
29.24		12.714		
29.25		12.727		
29.26		12.74		
29.27		12.754		
29.28		12.767		
29.29		12.781		
29.3		12.794		
29.31		12.807		
29.32		12.821		
29.33		12.834		
29.34		12.848		
29.35		12.861		
29.36		12.875		
29.37		12.889		
29.38		12.902		
29.39		12.916		
29.4		12.929		
29.41		12.943		
29.42		12.957		
29.43		12.97		
29.44		12.984		
29.45		12.998		
29.46		13.011		
29.47		13.025		
29.48		13.039		
29.49		13.053		
29.5		13.067		
29.51		13.08		
29.52		13.094		
29.53		13.108		
29.54		13.122		
29.55		13.136		
29.56		13.15		
29.57		13.164		
29.58		13.178		
29.59		13.191		
29.6		13.205		
29.61		13.219		
29.62		13.233		
29.63		13.247		
29.64		13.262		
29.65		13.276		
29.66		13.29		
29.67		13.304		
29.68		13.318		
29.69		13.332		
29.7		13.346		
29.71		13.36		
29.72		13.374		
29.73		13.389		
29.74		13.403		
29.75		13.417		
29.76		13.431		
29.77		13.446		
29.78		13.46		
29.79		13.474		
29.8		13.489		
29.81		13.503		
29.82		13.517		
29.83		13.532		
29.84		13.546		
29.85		13.56		
29.86		13.575		
29.87		13.589		
29.88		13.604		
29.89		13.618		
29.9		13.633		
29.91		13.647		
29.92		13.662		
29.93		13.676		
29.94		13.691		
29.95		13.706		
29.96		13.72		
29.97		13.735		
29.98		13.75		
29.99		13.764		
30		13.779		
30.01		13.794		
30.02		13.808		
30.03		13.823		
30.04		13.838		
30.05		13.853		
30.06		13.868		
30.07		13.882		
30.08		13.897		
30.09		13.912		
30.1		13.927		
30.11		13.942		
30.12		13.957		
30.13		13.972		
30.14		13.987		
30.15		14.002		
30.16		14.017		
30.17		14.032		
30.18		14.047		
30.19		14.062		
30.2		14.077		
30.21		14.092		
30.22		14.107		
30.23		14.122		
30.24		14.137		
30.25		14.152		
30.26		14.168		
30.27		14.328		
30.28		14.331		
30.29		14.334		
30.3		14.336		
30.31		14.339		
30.32		14.341		
30.33		14.344		
30.34		14.346		
30.35		14.349		
30.36		14.352		
30.37		14.354		
30.38		14.357		
30.39		14.359		
30.4		14.362		
30.41		14.364		
30.42		14.367		
30.43		14.369		
30.44		14.372		
30.45		14.374		
30.46		14.377		
30.47		14.379		
30.48		14.382		
30.49		14.384		
30.5		14.387		
30.51		14.389		
30.52		14.392		
30.53		14.394		
30.54		14.397		
30.55		14.399		
30.56		14.402		
30.57		14.404		
30.58		14.407		
30.59		14.409		
30.6		14.411		
30.61		14.414		
30.62		14.416		
30.63		14.419		
30.64		14.421		
30.65		14.424		
30.66		14.426		
30.67		14.428		
30.68		14.431		
30.69		14.433		
30.7		14.435		
30.71		14.438		
30.72		14.44		
30.73		14.443		
30.74		14.445		
30.75		14.447		
30.76		14.45		
30.77		14.452		
30.78		14.454		
30.79		14.457		
30.8		14.459		
30.81		14.461		
30.82		14.464		
30.83		14.466		
30.84		14.468		
30.85		14.471		
30.86		14.473		
30.87		14.475		
30.88		14.478		
30.89		14.48		
30.9		14.482		
30.91		14.484		
30.92		14.487		
30.93		14.489		
30.94		14.491		
30.95		14.493		
30.96		14.496		
30.97		14.498		
30.98		14.5		
30.99		14.502		
31		14.505		
31.01		14.507		
31.02		14.509		
31.03		14.511		
31.04		14.514		
31.05		14.516		
31.06		14.518		
31.07		14.52		
31.08		14.522		
31.09		14.525		
31.1		14.527		
31.11		14.529		
31.12		14.531		
31.13		14.533		
31.14		14.535		
31.15		14.538		
31.16		14.54		
31.17		14.542		
31.18		14.544		
31.19		14.546		
31.2		14.548		
31.21		14.55		
31.22		14.553		
31.23		14.555		
31.24		14.557		
31.25		14.559		
31.26		14.561		
31.27		14.563		
31.28		14.565		
31.29		14.567		
31.3		14.569		
31.31		14.572		
31.32		14.574		
31.33		14.576		
31.34		14.578		
31.35		14.58		
31.36		14.582		
31.37		14.584		
31.38		14.586		
31.39		14.588		
31.4		14.59		
31.41		14.592		
31.42		14.594		
31.43		14.596		
31.44		14.598		
31.45		14.6		
31.46		14.602		
31.47		14.604		
31.48		14.606		
31.49		14.608		
31.5		14.61		
31.51		14.612		
31.52		14.614		
31.53		14.616		
31.54		14.618		
31.55		14.62		
31.56		14.622		
31.57		14.624		
31.58		14.626		
31.59		14.628		
31.6		14.63		
31.61		14.632		
31.62		14.634		
31.63		14.636		
31.64		14.638		
31.65		14.64		
31.66		14.642		
31.67		14.644		
31.68		14.646		
31.69		14.648		
31.7		14.65		
31.71		14.652		
31.72		14.653		
31.73		14.655		
31.74		14.657		
31.75		14.659		
31.76		14.661		
31.77		14.663		
31.78		14.665		
31.79		14.667		
31.8		14.669		
31.81		14.67		
31.82		14.672		
31.83		14.674		
31.84		14.676		
31.85		14.678		
31.86		14.68		
31.87		14.682		
31.88		14.683		
31.89		14.685		
31.9		14.687		
31.91		14.689		
31.92		14.691		
31.93		14.693		
31.94		14.694		
31.95		14.696		
31.96		14.698		
31.97		14.7		
31.98		14.702		
31.99		14.703		
32		14.705		
32.01		14.707		
32.02		14.709		
32.03		14.711		
32.04		14.712		
32.05		14.714		
32.06		14.716		
32.07		14.718		
32.08		14.719		
32.09		14.721		
32.1		14.723		
32.11		14.725		
32.12		14.726		
32.13		14.728		
32.14		14.73		
32.15		14.732		
32.16		14.733		
32.17		14.735		
32.18		14.737		
32.19		14.739		
32.2		14.74		
32.21		14.742		
32.22		14.744		
32.23		14.745		
32.24		14.747		
32.25		14.749		
32.26		14.751		
32.27		14.752		
32.28		14.754		
32.29		14.756		
32.3		14.757		
32.31		14.759		
32.32		14.761		
32.33		14.762		
32.34		14.764		
32.35		14.766		
32.36		14.767		
32.37		14.769		
32.38		14.771		
32.39		14.772		
32.4		14.774		
32.41		14.775		
32.42		14.777		
32.43		14.779		
32.44		14.78		
32.45		14.782		
32.46		14.784		
32.47		14.785		
32.48		14.787		
32.49		14.788		
32.5		14.79		
32.51		14.792		
32.52		14.793		
32.53		14.795		
32.54		14.796		
32.55		14.798		
32.56		14.8		
32.57		14.801		
32.58		14.803		
32.59		14.804		
32.6		14.806		
32.61		14.807		
32.62		14.809		
32.63		14.811		
32.64		14.812		
32.65		14.814		
32.66		14.815		
32.67		14.817		
32.68		14.818		
32.69		14.82		
32.7		14.821		
32.71		14.823		
32.72		14.824		
32.73		14.826		
32.74		14.827		
32.75		14.829		
32.76		14.831		
32.77		14.832		
32.78		14.834		
32.79		14.835		
32.8		14.837		
32.81		14.838		
32.82		14.84		
32.83		14.841		
32.84		14.842		
32.85		14.844		
32.86		14.845		
32.87		14.847		
32.88		14.848		
32.89		14.85		
32.9		14.851		
32.91		14.853		
32.92		14.854		
32.93		14.856		
32.94		14.857		
32.95		14.859		
32.96		14.86		
32.97		14.861		
32.98		14.863		
32.99		14.864		
33		14.866		
33.01		14.867		
33.02		14.869		
33.03		14.87		
33.04		14.871		
33.05		14.873		
33.06		14.874		
33.07		14.876		
33.08		14.877		
33.09		14.879		
33.1		14.88		
33.11		14.881		
33.12		14.883		
33.13		14.884		
33.14		14.885		
33.15		14.887		
33.16		14.888		
33.17		14.89		
33.18		14.891		
33.19		14.892		
33.2		14.894		
33.21		14.895		
33.22		14.896		
33.23		14.898		
33.24		14.899		
33.25		14.9		
33.26		14.902		
33.27		14.903		
33.28		14.905		
33.29		14.906		
33.3		14.907		
33.31		14.909		
33.32		14.91		
33.33		14.911		
33.34		14.912		
33.35		14.914		
33.36		14.915		
33.37		14.916		
33.38		14.918		
33.39		14.919		
33.4		14.92		
33.41		14.922		
33.42		14.923		
33.43		14.924		
33.44		14.926		
33.45		14.927		
33.46		14.928		
33.47		14.929		
33.48		14.931		
33.49		14.932		
33.5		14.933		
33.51		14.934		
33.52		14.936		
33.53		14.937		
33.54		14.938		
33.55		14.94		
33.56		14.941		
33.57		14.942		
33.58		14.943		
33.59		14.945		
33.6		14.946		
33.61		14.947		
33.62		14.948		
33.63		14.949		
33.64		14.951		
33.65		14.952		
33.66		14.953		
33.67		14.954		
33.68		14.956		
33.69		14.957		
33.7		14.958		
33.71		14.959		
33.72		14.96		
33.73		14.962		
33.74		14.963		
33.75		14.964		
33.76		14.965		
33.77		14.966		
33.78		14.968		
33.79		14.969		
33.8		14.97		
33.81		14.971		
33.82		14.972		
33.83		14.974		
33.84		14.975		
33.85		14.976		
33.86		14.977		
33.87		14.978		
33.88		14.979		
33.89		14.981		
33.9		14.982		
33.91		14.983		
33.92		14.984		
33.93		14.985		
33.94		14.986		
33.95		14.987		
33.96		14.989		
33.97		14.99		
33.98		14.991		
33.99		14.992		
34		14.993		
34.01		14.994		
34.02		14.995		
34.03		14.996		
34.04		14.998		
34.05		14.999		
34.06		15		
34.07		15.001		
34.08		15.002		
34.09		15.003		
34.1		15.004		
34.11		15.005		
34.12		15.006		
34.13		15.008		
34.14		15.009		
34.15		15.01		
34.16		15.011		
34.17		15.012		
34.18		15.013		
34.19		15.014		
34.2		15.015		
34.21		15.016		
34.22		15.017		
34.23		15.018		
34.24		15.019		
34.25		15.02		
34.26		15.022		
34.27		15.023		
34.28		15.024		
34.29		15.025		
34.3		15.026		
34.31		15.027		
34.32		15.028		
34.33		15.029		
34.34		15.03		
34.35		15.031		
34.36		15.032		
34.37		15.033		
34.38		15.034		
34.39		15.035		
34.4		15.036		
34.41		15.037		
34.42		15.038		
34.43		15.039		
34.44		15.04		
34.45		15.041		
34.46		15.042		
34.47		15.043		
34.48		15.044		
34.49		15.045		
34.5		15.046		
34.51		15.047		
34.52		15.048		
34.53		15.049		
34.54		15.05		
34.55		15.051		
34.56		15.052		
34.57		15.053		
34.58		15.054		
34.59		15.055		
34.6		15.056		
34.61		15.057		
34.62		15.058		
34.63		15.059		
34.64		15.06		
34.65		15.061		
34.66		15.062		
34.67		15.063		
34.68		15.064		
34.69		15.065		
34.7		15.066		
34.71		15.067		
34.72		15.068		
34.73		15.068		
34.74		15.069		
34.75		15.07		
34.76		15.071		
34.77		15.072		
34.78		15.073		
34.79		15.074		
34.8		15.075		
34.81		15.076		
34.82		15.077		
34.83		15.078		
34.84		15.079		
34.85		15.08		
34.86		15.08		
34.87		15.081		
34.88		15.082		
34.89		15.083		
34.9		15.084		
34.91		15.085		
34.92		15.086		
34.93		15.087		
34.94		15.088		
34.95		15.089		
34.96		15.089		
34.97		15.09		
34.98		15.091		
34.99		15.092		
35		15.093		
35.01		15.094		
35.02		15.095		
35.03		15.096		
35.04		15.097		
35.05		15.097		
35.06		15.098		
35.07		15.099		
35.08		15.1		
35.09		15.101		
35.1		15.102		
35.11		15.103		
35.12		15.103		
35.13		15.104		
35.14		15.105		
35.15		15.106		
35.16		15.107		
35.17		15.108		
35.18		15.108		
35.19		15.109		
35.2		15.11		
35.21		15.111		
35.22		15.112		
35.23		15.113		
35.24		15.113		
35.25		15.114		
35.26		15.115		
35.27		15.116		
35.28		15.117		
35.29		15.118		
35.3		15.118		
35.31		15.119		
35.32		15.12		
35.33		15.121		
35.34		15.122		
35.35		15.122		
35.36		15.123		
35.37		15.124		
35.38		15.125		
35.39		15.126		
35.4		15.126		
35.41		15.127		
35.42		15.128		
35.43		15.129		
35.44		15.13		
35.45		15.13		
35.46		15.131		
35.47		15.132		
35.48		15.133		
35.49		15.133		
35.5		15.134		
35.51		15.135		
35.52		15.136		
35.53		15.137		
35.54		15.137		
35.55		15.138		
35.56		15.139		
35.57		15.14		
35.58		15.14		
35.59		15.141		
35.6		15.142		
35.61		15.143		
35.62		15.143		
35.63		15.144		
35.64		15.145		
35.65		15.146		
35.66		15.146		
35.67		15.147		
35.68		15.148		
35.69		15.149		
35.7		15.149		
35.71		15.15		
35.72		15.151		
35.73		15.151		
35.74		15.152		
35.75		15.153		
35.76		15.154		
35.77		15.154		
35.78		15.155		
35.79		15.156		
35.8		15.157		
35.81		15.157		
35.82		15.158		
35.83		15.159		
35.84		15.159		
35.85		15.16		
35.86		15.161		
35.87		15.161		
35.88		15.162		
35.89		15.163		
35.9		15.164		
35.91		15.164		
35.92		15.165		
35.93		15.166		
35.94		15.166		
35.95		15.167		
35.96		15.168		
35.97		15.168		
35.98		15.169		
35.99		15.17		
36		15.17		
36.01		15.171		
36.02		15.172		
36.03		15.172		
36.04		15.173		
36.05		15.174		
36.06		15.174		
36.07		15.175		
36.08		15.176		
36.09		15.176		
36.1		15.177		
36.11		15.178		
36.12		15.178		
36.13		15.179		
36.14		15.18		
36.15		15.18		
36.16		15.181		
36.17		15.182		
36.18		15.182		
36.19		15.183		
36.2		15.184		
36.21		15.184		
36.22		15.185		
36.23		15.185		
36.24		15.186		
36.25		15.187		
36.26		15.187		
36.27		15.188		
36.28		15.189		
36.29		15.189		
36.3		15.19		
36.31		15.19		
36.32		15.191		
36.33		15.192		
36.34		15.192		
36.35		15.193		
36.36		15.194		
36.37		15.194		
36.38		15.195		
36.39		15.195		
36.4		15.196		
36.41		15.197		
36.42		15.197		
36.43		15.198		
36.44		15.198		
36.45		15.199		
36.46		15.2		
36.47		15.2		
36.48		15.201		
36.49		15.201		
36.5		15.202		
36.51		15.203		
36.52		15.203		
36.53		15.204		
36.54		15.204		
36.55		15.205		
36.56		15.205		
36.57		15.206		
36.58		15.207		
36.59		15.207		
36.6		15.208		
36.61		15.208		
36.62		15.209		
36.63		15.209		
36.64		15.21		
36.65		15.211		
36.66		15.211		
36.67		15.212		
36.68		15.212		
36.69		15.213		
36.7		15.213		
36.71		15.214		
36.72		15.214		
36.73		15.215		
36.74		15.216		
36.75		15.216		
36.76		15.217		
36.77		15.217		
36.78		15.218		
36.79		15.218		
36.8		15.219		
36.81		15.219		
36.82		15.22		
36.83		15.22		
36.84		15.221		
36.85		15.221		
36.86		15.222		
36.87		15.223		
36.88		15.223		
36.89		15.224		
36.9		15.224		
36.91		15.225		
36.92		15.225		
36.93		15.226		
36.94		15.226		
36.95		15.227		
36.96		15.227		
36.97		15.228		
36.98		15.228		
36.99		15.229		
37		15.229		
37.01		15.23		
37.02		15.23		
37.03		15.231		
37.04		15.231		
37.05		15.232		
37.06		15.232		
37.07		15.233		
37.08		15.233		
37.09		15.234		
37.1		15.234		
37.11		15.235		
37.12		15.235		
37.13		15.236		
37.14		15.236		
37.15		15.237		
37.16		15.237		
37.17		15.238		
37.18		15.238		
37.19		15.239		
37.2		15.239		
37.21		15.24		
37.22		15.24		
37.23		15.241		
37.24		15.241		
37.25		15.242		
37.26		15.242		
37.27		15.242		
37.28		15.243		
37.29		15.243		
37.3		15.244		
37.31		15.244		
37.32		15.245		
37.33		15.245		
37.34		15.246		
37.35		15.246		
37.36		15.247		
37.37		15.247		
37.38		15.248		
37.39		15.248		
37.4		15.248		
37.41		15.249		
37.42		15.249		
37.43		15.25		
37.44		15.25		
37.45		15.251		
37.46		15.251		
37.47		15.252		
37.48		15.252		
37.49		15.252		
37.5		15.253		
37.51		15.253		
37.52		15.254		
37.53		15.254		
37.54		15.255		
37.55		15.255		
37.56		15.255		
37.57		15.256		
37.58		15.256		
37.59		15.257		
37.6		15.257		
37.61		15.258		
37.62		15.258		
37.63		15.258		
37.64		15.259		
37.65		15.259		
37.66		15.26		
37.67		15.26		
37.68		15.26		
37.69		15.261		
37.7		15.261		
37.71		15.262		
37.72		15.262		
37.73		15.263		
37.74		15.263		
37.75		15.263		
37.76		15.264		
37.77		15.264		
37.78		15.265		
37.79		15.265		
37.8		15.265		
37.81		15.266		
37.82		15.266		
37.83		15.266		
37.84		15.267		
37.85		15.267		
37.86		15.268		
37.87		15.268		
37.88		15.268		
37.89		15.269		
37.9		15.269		
37.91		15.27		
37.92		15.27		
37.93		15.27		
37.94		15.271		
37.95		15.271		
37.96		15.271		
37.97		15.272		
37.98		15.272		
37.99		15.273		
38		15.273		
38.01		15.273		
38.02		15.274		
38.03		15.274		
38.04		15.274		
38.05		15.275		
38.06		15.275		
38.07		15.276		
38.08		15.276		
38.09		15.276		
38.1		15.277		
38.11		15.277		
38.12		15.277		
38.13		15.278		
38.14		15.278		
38.15		15.278		
38.16		15.279		
38.17		15.279		
38.18		15.279		
38.19		15.28		
38.2		15.28		
38.21		15.281		
38.22		15.281		
38.23		15.281		
38.24		15.282		
38.25		15.282		
38.26		15.282		
38.27		15.283		
38.28		15.283		
38.29		15.283		
38.3		15.284		
38.31		15.284		
38.32		15.284		
38.33		15.285		
38.34		15.285		
38.35		15.285		
38.36		15.286		
38.37		15.286		
38.38		15.286		
38.39		15.287		
38.4		15.287		
38.41		15.287		
38.42		15.287		
38.43		15.288		
38.44		15.288		
38.45		15.288		
38.46		15.289		
38.47		15.289		
38.48		15.289		
38.49		15.29		
38.5		15.29		
38.51		15.29		
38.52		15.291		
38.53		15.291		
38.54		15.291		
38.55		15.292		
38.56		15.292		
38.57		15.292		
38.58		15.292		
38.59		15.293		
38.6		15.293		
38.61		15.293		
38.62		15.294		
38.63		15.294		
38.64		15.294		
38.65		15.295		
38.66		15.295		
38.67		15.295		
38.68		15.295		
38.69		15.296		
38.7		15.296		
38.71		15.296		
38.72		15.297		
38.73		15.297		
38.74		15.297		
38.75		15.297		
38.76		15.298		
38.77		15.298		
38.78		15.298		
38.79		15.299		
38.8		15.299		
38.81		15.299		
38.82		15.299		
38.83		15.3		
38.84		15.3		
38.85		15.3		
38.86		15.301		
38.87		15.301		
38.88		15.301		
38.89		15.301		
38.9		15.302		
38.91		15.302		
38.92		15.302		
38.93		15.302		
38.94		15.303		
38.95		15.303		
38.96		15.303		
38.97		15.303		
38.98		15.304		
38.99		15.304		
39		15.304		
39.01		15.305		
39.02		15.305		
39.03		15.305		
39.04		15.305		
39.05		15.306		
39.06		15.306		
39.07		15.306		
39.08		15.306		
39.09		15.307		
39.1		15.307		
39.11		15.307		
39.12		15.307		
39.13		15.308		
39.14		15.308		
39.15		15.308		
39.16		15.308		
39.17		15.309		
39.18		15.309		
39.19		15.309		
39.2		15.309		
39.21		15.309		
39.22		15.31		
39.23		15.31		
39.24		15.31		
39.25		15.31		
39.26		15.311		
39.27		15.311		
39.28		15.311		
39.29		15.311		
39.3		15.312		
39.31		15.312		
39.32		15.312		
39.33		15.312		
39.34		15.312		
39.35		15.313		
39.36		15.313		
39.37		15.313		
39.38		15.313		
39.39		15.314		
39.4		15.314		
39.41		15.314		
39.42		15.314		
39.43		15.314		
39.44		15.315		
39.45		15.315		
39.46		15.315		
39.47		15.315		
39.48		15.316		
39.49		15.316		
39.5		15.316		
39.51		15.316		
39.52		15.316		
39.53		15.317		
39.54		15.317		
39.55		15.317		
39.56		15.317		
39.57		15.317		
39.58		15.318		
39.59		15.318		
39.6		15.318		
39.61		15.318		
39.62		15.318		
39.63		15.319		
39.64		15.319		
39.65		15.319		
39.66		15.319		
39.67		15.319		
39.68		15.32		
39.69		15.32		
39.7		15.32		
39.71		15.32		
39.72		15.32		
39.73		15.321		
39.74		15.321		
39.75		15.321		
39.76		15.321		
39.77		15.321		
39.78		15.321		
39.79		15.322		
39.8		15.322		
39.81		15.322		
39.82		15.322		
39.83		15.322		
39.84		15.323		
39.85		15.323		
39.86		15.323		
39.87		15.323		
39.88		15.323		
39.89		15.323		
39.9		15.324		
39.91		15.324		
39.92		15.324		
39.93		15.324		
39.94		15.324		
39.95		15.324		
39.96		15.325		
39.97		15.325		
39.98		15.325		
39.99		15.325		
40		15.325		
40.01		15.325		
40.02		15.326		
40.03		15.326		
40.04		15.326		
40.05		15.326		
40.06		15.326		
40.07		15.326		
40.08		15.327		
40.09		15.327		
40.1		15.327		
40.11		15.327		
40.12		15.327		
40.13		15.327		
40.14		15.328		
40.15		15.328		
40.16		15.328		
40.17		15.328		
40.18		15.328		
40.19		15.328		
40.2		15.328		
40.21		15.329		
40.22		15.329		
40.23		15.329		
40.24		15.329		
40.25		15.329		
40.26		15.329		
40.27		15.329		
40.28		15.33		
40.29		15.33		
40.3		15.33		
40.31		15.33		
40.32		15.33		
40.33		15.33		
40.34		15.33		
40.35		15.331		
40.36		15.331		
40.37		15.331		
40.38		15.331		
40.39		15.331		
40.4		15.331		
40.41		15.331		
40.42		15.332		
40.43		15.332		
40.44		15.332		
40.45		15.332		
40.46		15.332		
40.47		15.332		
40.48		15.332		
40.49		15.332		
40.5		15.333		
40.51		15.333		
40.52		15.333		
40.53		15.333		
40.54		15.333		
40.55		15.333		
40.56		15.333		
40.57		15.333		
40.58		15.334		
40.59		15.334		
40.6		15.334		
40.61		15.334		
40.62		15.334		
40.63		15.334		
40.64		15.334		
40.65		15.334		
40.66		15.334		
40.67		15.335		
40.68		15.335		
40.69		15.335		
40.7		15.335		
40.71		15.335		
40.72		15.335		
40.73		15.335		
40.74		15.335		
40.75		15.335		
40.76		15.336		
40.77		15.336		
40.78		15.336		
40.79		15.336		
40.8		15.336		
40.81		15.336		
40.82		15.336		
40.83		15.336		
40.84		15.336		
40.85		15.337		
40.86		15.337		
40.87		15.337		
40.88		15.337		
40.89		15.337		
40.9		15.337		
40.91		15.337		
40.92		15.337		
40.93		15.337		
40.94		15.337		
40.95		15.337		
40.96		15.338		
40.97		15.338		
40.98		15.338		
40.99		15.338		
41		15.338		
41.01		15.338		
41.02		15.338		
41.03		15.338		
41.04		15.338		
41.05		15.338		
41.06		15.338		
41.07		15.339		
41.08		15.339		
41.09		15.339		
41.1		15.339		
41.11		15.339		
41.12		15.339		
41.13		15.339		
41.14		15.339		
41.15		15.339		
41.16		15.339		
41.17		15.339		
41.18		15.339		
41.19		15.339		
41.2		15.34		
41.21		15.34		
41.22		15.34		
41.23		15.34		
41.24		15.34		
41.25		15.34		
41.26		15.34		
41.27		15.34		
41.28		15.34		
41.29		15.34		
41.3		15.34		
41.31		15.34		
41.32		15.34		
41.33		15.34		
41.34		15.341		
41.35		15.341		
41.36		15.341		
41.37		15.341		
41.38		15.341		
41.39		15.341		
41.4		15.341		
41.41		15.341		
41.42		15.341		
41.43		15.341		
41.44		15.341		
41.45		15.341		
41.46		15.341		
41.47		15.341		
41.48		15.341		
41.49		15.341		
41.5		15.342		
41.51		15.342		
41.52		15.342		
41.53		15.342		
41.54		15.342		
41.55		15.342		
41.56		15.342		
41.57		15.342		
41.58		15.342		
41.59		15.342		
41.6		15.342		
41.61		15.342		
41.62		15.342		
41.63		15.342		
41.64		15.342		
41.65		15.342		
41.66		15.342		
41.67		15.342		
41.68		15.342		
41.69		15.342		
41.7		15.342		
41.71		15.343		
41.72		15.343		
41.73		15.343		
41.74		15.343		
41.75		15.343		
41.76		15.343		
41.77		15.343		
41.78		15.343		
41.79		15.343		
41.8		15.343		
41.81		15.343		
41.82		15.343		
41.83		15.343		
41.84		15.343		
41.85		15.343		
41.86		15.343		
41.87		15.343		
41.88		15.343		
41.89		15.343		
41.9		15.343		
41.91		15.343		
41.92		15.343		
41.93		15.343		
41.94		15.343		
41.95		15.343		
41.96		15.343		
41.97		15.343		
41.98		15.343		
41.99		15.343		
42		15.343		
42.01		15.344		
42.02		15.344		
42.03		15.344		
42.04		15.344		
42.05		15.344		
42.06		15.344		
42.07		15.344		
42.08		15.344		
42.09		15.344		
42.1		15.344		
42.11		15.344		
42.12		15.344		
42.13		15.344		
42.14		15.344		
42.15		15.344		
42.16		15.344		
42.17		15.344		
42.18		15.344		
42.19		15.344		
42.2		15.344		
42.21		15.344		
42.22		15.344		
42.23		15.344		
42.24		15.344		
42.25		15.344		
42.26		15.344		
42.27		15.344		
42.28		15.344		
42.29		15.344		
42.3		15.344		
42.31		15.344		
42.32		15.344		
42.33		15.344		
42.34		15.344		
42.35		15.344		
42.36		15.344		
42.37		15.344		
42.38		15.344		
42.39		15.344		
42.4		15.344		
42.41		15.344		
42.42		15.344		
42.43		15.344		
42.44		15.344		
42.45		15.344		
42.46		15.344		
42.47		15.344		
42.48		15.344		
42.49		15.344		
42.5		15.344		
42.51		15.344		
42.52		15.344		
42.53		15.344		
42.54		15.344		
42.55		15.344		
42.56		15.344		
42.57		15.344		
42.58		15.344		
42.59		15.344		
42.6		15.344		
42.61		15.344		
42.62		15.344		
42.63		15.344		
42.64		15.344		
42.65		15.344		
42.66		15.344		
42.67		15.344		
42.68		15.344		
42.69		15.344		
42.7		15.344		
42.71		15.344		
42.72		15.344		
42.73		15.344		
42.74		15.344		
42.75		15.344		
42.76		15.344		
42.77		15.344		
42.78		15.344		
42.79		15.344		
42.8		15.344		
42.81		15.344		
42.82		15.344		
42.83		15.344		
42.84		15.344		
42.85		15.344		
42.86		15.343		
42.87		15.343		
42.88		15.343		
42.89		15.343		
42.9		15.343		
42.91		15.343		
42.92		15.343		
42.93		15.343		
42.94		15.343		
42.95		15.343		
42.96		15.343		
42.97		15.343		
42.98		15.343		
42.99		15.343		
43		15.343		
43.01		15.343		
43.02		15.343		
43.03		15.343		
43.04		15.343		
43.05		15.343		
43.06		15.343		
43.07		15.343		
43.08		15.343		
43.09		15.343		
43.1		15.343		
43.11		15.343		
43.12		15.343		
43.13		15.343		
43.14		15.343		
43.15		15.343		
43.16		15.343		
43.17		15.342		
43.18		15.342		
43.19		15.342		
43.2		15.342		
43.21		15.342		
43.22		15.342		
43.23		15.342		
43.24		15.342		
43.25		15.342		
43.26		15.342		
43.27		15.342		
43.28		15.342		
43.29		15.342		
43.3		15.342		
43.31		15.342		
43.32		15.342		
43.33		15.342		
43.34		15.342		
43.35		15.342		
43.36		15.342		
43.37		15.342		
43.38		15.342		
43.39		15.342		
43.4		15.341		
43.41		15.341		
43.42		15.341		
43.43		15.341		
43.44		15.341		
43.45		15.341		
43.46		15.341		
43.47		15.341		
43.48		15.341		
43.49		15.341		
43.5		15.341		
43.51		15.341		
43.52		15.341		
43.53		15.341		
43.54		15.341		
43.55		15.341		
43.56		15.341		
43.57		15.341		
43.58		15.34		
43.59		15.34		
43.6		15.34		
43.61		15.34		
43.62		15.34		
43.63		15.34		
43.64		15.34		
43.65		15.34		
43.66		15.34		
43.67		15.34		
43.68		15.34		
43.69		15.34		
43.7		15.34		
43.71		15.34		
43.72		15.34		
43.73		15.34		
43.74		15.339		
43.75		15.339		
43.76		15.339		
43.77		15.339		
43.78		15.339		
43.79		15.339		
43.8		15.339		
43.81		15.339		
43.82		15.339		
43.83		15.339		
43.84		15.339		
43.85		15.339		
43.86		15.339		
43.87		15.174		
43.88		15.093		
43.89		15.013		
43.9		14.934		
43.91		14.855		
43.92		14.778		
43.93		14.701		
43.94		14.626		
43.95		14.551		
43.96		14.477		
43.97		14.404		
43.98		14.331		
43.99		14.26		
44		14.189		
44.01		14.119		
44.02		14.049		
44.03		13.981		
44.04		13.913		
44.05		13.846		
44.06		13.779		
44.07		13.714		
44.08		13.649		
44.09		13.585		
44.1		13.521		
44.11		13.458		
44.12		13.396		
44.13		13.334		
44.14		13.273		
44.15		13.213		
44.16		13.154		
44.17		13.095		
44.18		13.036		
44.19		12.978		
44.2		12.921		
44.21		12.865		
44.22		12.809		
44.23		12.753		
44.24		12.699		
44.25		12.644		
44.26		12.591		
44.27		12.538		
44.28		12.485		
44.29		12.433		
44.3		12.382		
44.31		12.331		
44.32		12.28		
44.33		12.23		
44.34		12.181		
44.35		12.132		
44.36		12.084		
44.37		12.036		
44.38		11.988		
44.39		11.941		
44.4		11.895		
44.41		11.849		
44.42		11.803		
44.43		11.758		
44.44		11.713		
44.45		11.669		
44.46		11.625		
44.47		11.582		
44.48		11.539		
44.49		11.497		
44.5		11.455		
44.51		11.413		
44.52		11.372		
44.53		11.331		
44.54		11.29		
44.55		11.25		
44.56		11.211		
44.57		11.171		
44.58		11.133		
44.59		11.094		
44.6		11.056		
44.61		11.018		
44.62		10.981		
44.63		10.944		
44.64		10.907		
44.65		10.87		
44.66		10.834		
44.67		10.799		
44.68		10.763		
44.69		10.728		
44.7		10.694		
44.71		10.659		
44.72		10.625		
44.73		10.591		
44.74		10.558		
44.75		10.525		
44.76		10.492		
44.77		10.459		
44.78		10.427		
44.79		10.395		
44.8		10.364		
44.81		10.332		
44.82		10.301		
44.83		10.27		
44.84		10.24		
44.85		10.21		
44.86		10.18		
44.87		10.15		
44.88		10.12		
44.89		10.091		
44.9		10.062		
44.91		10.034		
44.92		10.005		
44.93		9.9769		
44.94		9.949		
44.95		9.9213		
44.96		9.8938		
44.97		9.8666		
44.98		9.8396		
44.99		9.8128		
45		9.7863		
45.01		9.7599		
45.02		9.7338		
45.03		9.708		
45.04		9.6823		
45.05		9.6569		
45.06		9.6317		
45.07		9.6066		
45.08		9.5818		
45.09		9.5572		
45.1		9.5328		
45.11		9.5086		
45.12		9.4846		
45.13		9.4608		
45.14		9.4372		
45.15		9.4138		
45.16		9.3905		
45.17		9.3675		
45.18		9.3446		
45.19		9.3219		
45.2		9.2994		
45.21		9.2771		
45.22		9.2549		
45.23		9.233		
45.24		9.2111		
45.25		9.1895		
45.26		9.168		
45.27		9.1467		
45.28		9.1256		
45.29		9.1046		
45.3		9.0838		
45.31		9.0632		
45.32		9.0427		
45.33		9.0223		
45.34		9.0021		
45.35		8.9821		
45.36		8.9622		
45.37		8.9425		
45.38		8.9229		
45.39		8.9034		
45.4		8.8841		
45.41		8.8649		
45.42		8.8459		
45.43		8.827		
45.44		8.8083		
45.45		8.7897		
45.46		8.7712		
45.47		8.7528		
45.48		8.7346		
45.49		8.7165		
45.5		8.6985		
45.51		8.6807		
45.52		8.663		
45.53		8.6454		
45.54		8.6279		
45.55		8.6106		
45.56		8.5934		
45.57		8.5763		
45.58		8.5593		
45.59		8.5424		
45.6		8.5256		
45.61		8.509		
45.62		8.4924		
45.63		8.476		
45.64		8.4597		
45.65		8.4435		
45.66		8.4274		
45.67		8.4114		
45.68		8.3955		
45.69		8.3797		
45.7		8.364		
45.71		8.3484		
45.72		8.333		
45.73		8.3176		
45.74		8.3023		
45.75		8.2871		
45.76		8.272		
45.77		8.257		
45.78		8.2421		
45.79		8.2273		
45.8		8.2126		
45.81		8.1979		
45.82		8.1834		
45.83		8.1689		
45.84		8.1546		
45.85		8.1403		
45.86		8.1261		
45.87		8.112		
45.88		8.098		
45.89		8.084		
45.9		8.0702		
45.91		8.0564		
45.92		8.0427		
45.93		8.0291		
45.94		8.0156		
45.95		8.0021		
45.96		7.9887		
45.97		7.9754		
45.98		7.9622		
45.99		7.949		
46		7.936		
46.01		7.9229		
46.02		7.91		
46.03		7.8972		
46.04		7.8844		
46.05		7.8716		
46.06		7.859		
46.07		7.8464		
46.08		7.8339		
46.09		7.8215		
46.1		7.8091		
46.11		7.7968		
46.12		7.7845		
46.13		7.7724		
46.14		7.7602		
46.15		7.7482		
46.16		7.7362		
46.17		7.7243		
46.18		7.7124		
46.19		7.7006		
46.2		7.6889		
46.21		7.6772		
46.22		7.6655		
46.23		7.654		
46.24		7.6425		
46.25		7.631		
46.26		7.6196		
46.27		7.6083		
46.28		7.597		
46.29		7.5858		
46.3		7.5746		
46.31		7.5635		
46.32		7.5524		
46.33		7.5414		
46.34		7.5305		
46.35		7.5196		
46.36		7.5087		
46.37		7.4979		
46.38		7.4871		
46.39		7.4764		
46.4		7.4658		
46.41		7.4552		
46.42		7.4446		
46.43		7.4341		
46.44		7.4237		
46.45		7.4133		
46.46		7.4029		
46.47		7.3926		
46.48		7.3823		
46.49		7.3721		
46.5		7.3619		
46.51		7.3518		
46.52		7.3417		
46.53		7.3316		
46.54		7.3216		
46.55		7.3116		
46.56		7.3017		
46.57		7.2918		
46.58		7.282		
46.59		7.2722		
46.6		7.2625		
46.61		7.2528		
46.62		7.2431		
46.63		7.2335		
46.64		7.2239		
46.65		7.2143		
46.66		7.2048		
46.67		7.1953		
46.68		7.1859		
46.69		7.1765		
46.7		7.1671		
46.71		7.1578		
46.72		7.1485		
46.73		7.1393		
46.74		7.13		
46.75		7.1209		
46.76		7.1117		
46.77		7.1026		
46.78		7.0935		
46.79		7.0845		
46.8		7.0755		
46.81		7.0665		
46.82		7.0576		
46.83		7.0487		
46.84		7.0398		
46.85		7.031		
46.86		7.0222		
46.87		7.0134		
46.88		7.0047		
46.89		6.996		
46.9		6.9873		
46.91		6.9787		
46.92		6.97		
46.93		6.9615		
46.94		6.9529		
46.95		6.9444		
46.96		6.9359		
46.97		6.9274		
46.98		6.919		
46.99		6.9106		
47		6.9022		
47.01		6.8939		
47.02		6.8856		
47.03		6.8773		
47.04		6.869		
47.05		6.8608		
47.06		6.8526		
47.07		6.8444		
47.08		6.8363		
47.09		6.8281		
47.1		6.82		
47.11		6.812		
47.12		6.8039		
47.13		6.7959		
47.14		6.7879		
47.15		6.78		
47.16		6.772		
47.17		6.7641		
47.18		6.7562		
47.19		6.7483		
47.2		6.7405		
47.21		6.7327		
47.22		6.7249		
47.23		6.7171		
47.24		6.7094		
47.25		6.7017		
47.26		6.694		
47.27		6.6863		
47.28		6.6787		
47.29		6.671		
47.3		6.6634		
47.31		6.6559		
47.32		6.6483		
47.33		6.6408		
47.34		6.6333		
47.35		6.6258		
47.36		6.6183		
47.37		6.6109		
47.38		6.6034		
47.39		6.596		
47.4		6.5887		
47.41		6.5813		
47.42		6.574		
47.43		6.5666		
47.44		6.5593		
47.45		6.5521		
47.46		6.5448		
47.47		6.5376		
47.48		6.5304		
47.49		6.5232		
47.5		6.516		
47.51		6.5088		
47.52		6.5017		
47.53		6.4946		
47.54		6.4875		
47.55		6.4804		
47.56		6.4733		
47.57		6.4663		
47.58		6.4593		
47.59		6.4523		
47.6		6.4453		
47.61		6.4383		
47.62		6.4314		
47.63		6.4245		
47.64		6.4175		
47.65		6.4107		
47.66		6.4038		
47.67		6.3969		
47.68		6.3901		
47.69		6.3833		
47.7		6.3765		
47.71		6.3697		
47.72		6.3629		
47.73		6.3562		
47.74		6.3494		
47.75		6.3427		
47.76		6.336		
47.77		6.3293		
47.78		6.3226		
47.79		6.316		
47.8		6.3094		
47.81		6.3027		
47.82		6.2961		
47.83		6.2896		
47.84		6.283		
47.85		6.2764		
47.86		6.2699		
47.87		6.2634		
47.88		6.2569		
47.89		6.2504		
47.9		6.2439		
47.91		6.2374		
47.92		6.231		
47.93		6.2246		
47.94		6.2181		
47.95		6.2117		
47.96		6.2053		
47.97		6.199		
47.98		6.1926		
47.99		6.1863		
48		6.18		
48.01		6.1736		
48.02		6.1673		
48.03		6.1611		
48.04		6.1548		
48.05		6.1485		
48.06		6.1423		
48.07		6.1361		
48.08		6.1299		
48.09		6.1237		
48.1		6.1175		
48.11		6.1113		
48.12		6.1051		
48.13		6.099		
48.14		6.0929		
48.15		6.0867		
48.16		6.0806		
48.17		6.0745		
48.18		6.0685		
48.19		6.0624		
48.2		6.0564		
48.21		6.0503		
48.22		6.0443		
48.23		6.0383		
48.24		6.0323		
48.25		6.0263		
48.26		6.0203		
48.27		6.0144		
48.28		6.0084		
48.29		6.0025		
48.3		5.9965		
48.31		5.9906		
48.32		5.9847		
48.33		5.9789		
48.34		5.973		
48.35		5.9671		
48.36		5.9613		
48.37		5.9554		
48.38		5.9496		
48.39		5.9438		
48.4		5.938		
48.41		5.9322		
48.42		5.9264		
48.43		5.9206		
48.44		5.9149		
48.45		5.9091		
48.46		5.9034		
48.47		5.8977		
48.48		5.892		
48.49		5.8863		
48.5		5.8806		
48.51		5.8749		
48.52		5.8693		
48.53		5.8636		
48.54		5.858		
48.55		5.8523		
48.56		5.8467		
48.57		5.8411		
48.58		5.8355		
48.59		5.8299		
48.6		5.8243		
48.61		5.8188		
48.62		5.8132		
48.63		5.8077		
48.64		5.8021		
48.65		5.7966		
48.66		5.7911		
48.67		5.7856		
48.68		5.7801		
48.69		5.7746		
48.7		5.7692		
48.71		5.7637		
48.72		5.7583		
48.73		5.7528		
48.74		5.7474		
48.75		5.742		
48.76		5.7366		
48.77		5.7312		
48.78		5.7258		
48.79		5.7204		
48.8		5.715		
48.81		5.7097		
48.82		5.7043		
48.83		5.699		
48.84		5.6937		
48.85		5.6883		
48.86		5.683		
48.87		5.6777		
48.88		5.6724		
48.89		5.6672		
48.9		5.6619		
48.91		5.6566		
48.92		5.6514		
48.93		5.6461		
48.94		5.6409		
48.95		5.6357		
48.96		5.6305		
48.97		5.6253		
48.98		5.6201		
48.99		5.6149		
49		5.6097		
49.01		5.6045		
49.02		5.5994		
49.03		5.5942		
49.04		5.5891		
49.05		5.584		
49.06		5.5788		
49.07		5.5737		
49.08		5.5686		
49.09		5.5635		
49.1		5.5584		
49.11		5.5534		
49.12		5.5483		
49.13		5.5432		
49.14		5.5382		
49.15		5.5331		
49.16		5.5281		
49.17		5.5231		
49.18		5.5181		
49.19		5.5131		
49.2		5.5081		
49.21		5.5031		
49.22		5.4981		
49.23		5.4931		
49.24		5.4882		
49.25		5.4832		
49.26		5.4783		
49.27		5.4733		
49.28		5.4684		
49.29		5.4635		
49.3		5.4586		
49.31		5.4537		
49.32		5.4488		
49.33		5.4439		
49.34		5.439		
49.35		5.4341		
49.36		5.4293		
49.37		5.4244		
49.38		5.4196		
49.39		5.4147		
49.4		5.4099		
49.41		5.4051		
49.42		5.4003		
49.43		5.3955		
49.44		5.3907		
49.45		5.3859		
49.46		5.3811		
49.47		5.3763		
49.48		5.3715		
49.49		5.3668		
49.5		5.362		
49.51		5.3573		
49.52		5.3526		
49.53		5.3478		
49.54		5.3431		
49.55		5.3384		
49.56		5.3337		
49.57		5.329		
49.58		5.3243		
49.59		5.3196		
49.6		5.315		
49.61		5.3103		
49.62		5.3056		
49.63		5.301		
49.64		5.2963		
49.65		5.2917		
49.66		5.2871		
49.67		5.2825		
49.68		5.2779		
49.69		5.2733		
49.7		5.2687		
49.71		5.2641		
49.72		5.2595		
49.73		5.2549		
49.74		5.2503		
49.75		5.2458		
49.76		5.2412		
49.77		5.2367		
49.78		5.2321		
49.79		5.2276		
49.8		5.2231		
49.81		5.2186		
49.82		5.2141		
49.83		5.2096		
49.84		5.2051		
49.85		5.2006		
49.86		5.1961		
49.87		5.1916		
49.88		5.1871		
49.89		5.1827		
49.9		5.1782		
49.91		5.1738		
49.92		5.1694		
49.93		5.1649		
49.94		5.1605		
49.95		5.1561		
49.96		5.1517		
49.97		5.1473		
49.98		5.1429		
49.99		5.1385		
50		5.1341		
