tau [fm]		tau_pi
0.25		0.7382
0.26		0.73723		
0.27		0.73629		
0.28		0.735377		
0.29		0.734491		
0.3		0.733628		
0.31		0.732788		
0.32		0.73197		
0.33		0.731171		
0.34		0.730391		
0.35		0.729629		
0.36		0.728884		
0.37		0.728154		
0.38		0.72744		
0.39		0.72674		
0.4		0.726053		
0.41		0.72538		
0.42		0.724718		
0.43		0.724069		
0.44		0.723431		
0.45		0.722803		
0.46		0.722186		
0.47		0.721579		
0.48		0.720981		
0.49		0.720393		
0.5		0.719813		
0.51		0.719241		
0.52		0.718678		
0.53		0.718122		
0.54		0.717574		
0.55		0.717034		
0.56		0.7165		
0.57		0.715973		
0.58		0.715453		
0.59		0.714939		
0.6		0.714431		
0.61		0.713929		
0.62		0.713433		
0.63		0.712943		
0.64		0.712458		
0.65		0.711978		
0.66		0.711504		
0.67		0.711034		
0.68		0.71057		
0.69		0.71011		
0.7		0.709655		
0.71		0.709205		
0.72		0.708759		
0.73		0.708317		
0.74		0.707879		
0.75		0.707446		
0.76		0.707016		
0.77		0.706591		
0.78		0.706169		
0.79		0.705751		
0.8		0.705337		
0.81		0.704927		
0.82		0.70452		
0.83		0.704116		
0.84		0.703716		
0.85		0.703319		
0.86		0.702925		
0.87		0.702534		
0.88		0.702147		
0.89		0.701762		
0.9		0.701381		
0.91		0.701002		
0.92		0.700627		
0.93		0.700254		
0.94		0.699884		
0.95		0.699517		
0.96		0.699152		
0.97		0.69879		
0.98		0.698431		
0.99		0.698074		
1		0.69772		
1.01		0.697368		
1.02		0.697019		
1.03		0.696672		
1.04		0.696327		
1.05		0.695985		
1.06		0.695644		
1.07		0.695306		
1.08		0.694971		
1.09		0.694637		
1.1		0.694306		
1.11		0.693976		
1.12		0.693649		
1.13		0.693324		
1.14		0.693001		
1.15		0.69268		
1.16		0.69236		
1.17		0.692043		
1.18		0.691727		
1.19		0.691414		
1.2		0.691102		
1.21		0.690792		
1.22		0.690484		
1.23		0.690178		
1.24		0.689873		
1.25		0.68957		
1.26		0.689269		
1.27		0.688969		
1.28		0.688671		
1.29		0.688375		
1.3		0.68808		
1.31		0.687787		
1.32		0.687496		
1.33		0.687206		
1.34		0.686917		
1.35		0.686631		
1.36		0.686345		
1.37		0.686061		
1.38		0.685779		
1.39		0.685498		
1.4		0.685218		
1.41		0.68494		
1.42		0.684663		
1.43		0.684388		
1.44		0.684114		
1.45		0.683841		
1.46		0.68357		
1.47		0.6833		
1.48		0.683031		
1.49		0.682763		
1.5		0.682497		
1.51		0.682232		
1.52		0.681969		
1.53		0.681706		
1.54		0.681445		
1.55		0.681185		
1.56		0.680926		
1.57		0.680669		
1.58		0.680412		
1.59		0.680157		
1.6		0.679903		
1.61		0.67965		
1.62		0.679398		
1.63		0.679147		
1.64		0.678897		
1.65		0.678649		
1.66		0.678401		
1.67		0.678155		
1.68		0.677909		
1.69		0.677665		
1.7		0.677422		
1.71		0.67718		
1.72		0.676938		
1.73		0.676698		
1.74		0.676459		
1.75		0.676221		
1.76		0.675983		
1.77		0.675747		
1.78		0.675512		
1.79		0.675277		
1.8		0.675044		
1.81		0.674812		
1.82		0.67458		
1.83		0.674349		
1.84		0.67412		
1.85		0.673891		
1.86		0.673663		
1.87		0.673436		
1.88		0.67321		
1.89		0.672985		
1.9		0.67276		
1.91		0.672537		
1.92		0.672314		
1.93		0.672093		
1.94		0.671872		
1.95		0.671651		
1.96		0.671432		
1.97		0.671214		
1.98		0.670996		
1.99		0.670779		
2		0.670563		
2.01		0.670348		
2.02		0.670133		
2.03		0.66992		
2.04		0.669707		
2.05		0.669495		
2.06		0.669283		
2.07		0.669073		
2.08		0.668863		
2.09		0.668654		
2.1		0.668445		
2.11		0.668238		
2.12		0.668031		
2.13		0.667825		
2.14		0.667619		
2.15		0.667414		
2.16		0.66721		
2.17		0.667007		
2.18		0.666804		
2.19		0.666602		
2.2		0.666401		
2.21		0.666201		
2.22		0.666001		
2.23		0.665801		
2.24		0.665603		
2.25		0.665405		
2.26		0.665208		
2.27		0.665011		
2.28		0.664815		
2.29		0.66462		
2.3		0.664425		
2.31		0.664231		
2.32		0.664038		
2.33		0.663845		
2.34		0.663653		
2.35		0.663461		
2.36		0.66327		
2.37		0.66308		
2.38		0.66289		
2.39		0.662701		
2.4		0.662513		
2.41		0.662325		
2.42		0.662138		
2.43		0.661951		
2.44		0.661765		
2.45		0.661579		
2.46		0.661394		
2.47		0.66121		
2.48		0.661026		
2.49		0.660843		
2.5		0.66066		
2.51		0.660478		
2.52		0.660296		
2.53		0.660115		
2.54		0.659935		
2.55		0.659755		
2.56		0.659575		
2.57		0.659396		
2.58		0.659218		
2.59		0.65904		
2.6		0.658863		
2.61		0.658686		
2.62		0.65851		
2.63		0.658334		
2.64		0.658159		
2.65		0.657984		
2.66		0.65781		
2.67		0.657636		
2.68		0.657463		
2.69		0.65729		
2.7		0.657118		
2.71		0.656946		
2.72		0.656775		
2.73		0.656604		
2.74		0.656434		
2.75		0.656264		
2.76		0.656095		
2.77		0.655926		
2.78		0.655758		
2.79		0.65559		
2.8		0.655422		
2.81		0.655255		
2.82		0.655089		
2.83		0.654923		
2.84		0.654757		
2.85		0.654592		
2.86		0.654428		
2.87		0.654263		
2.88		0.6541		
2.89		0.653936		
2.9		0.653773		
2.91		0.653611		
2.92		0.653449		
2.93		0.653287		
2.94		0.653126		
2.95		0.652965		
2.96		0.652805		
2.97		0.652645		
2.98		0.652486		
2.99		0.652327		
3		0.652168		
3.01		0.65201		
3.02		0.651852		
3.03		0.651695		
3.04		0.651538		
3.05		0.651381		
3.06		0.651225		
3.07		0.651069		
3.08		0.650914		
3.09		0.650759		
3.1		0.650604		
3.11		0.65045		
3.12		0.650296		
3.13		0.650143		
3.14		0.64999		
3.15		0.649837		
3.16		0.649685		
3.17		0.649533		
3.18		0.649382		
3.19		0.649231		
3.2		0.64908		
3.21		0.64893		
3.22		0.64878		
3.23		0.64863		
3.24		0.648481		
3.25		0.648332		
3.26		0.648184		
3.27		0.648036		
3.28		0.647888		
3.29		0.64774		
3.3		0.647593		
3.31		0.647447		
3.32		0.6473		
3.33		0.647154		
3.34		0.647009		
3.35		0.646864		
3.36		0.646719		
3.37		0.646574		
3.38		0.64643		
3.39		0.646286		
3.4		0.646142		
3.41		0.645999		
3.42		0.645856		
3.43		0.645714		
3.44		0.645571		
3.45		0.64543		
3.46		0.645288		
3.47		0.645147		
3.48		0.645006		
3.49		0.644865		
3.5		0.644725		
3.51		0.644585		
3.52		0.644446		
3.53		0.644306		
3.54		0.644167		
3.55		0.644029		
3.56		0.643891		
3.57		0.643753		
3.58		0.643615		
3.59		0.643477		
3.6		0.64334		
3.61		0.643204		
3.62		0.643067		
3.63		0.642931		
3.64		0.642795		
3.65		0.64266		
3.66		0.642524		
3.67		0.64239		
3.68		0.642255		
3.69		0.642121		
3.7		0.641987		
3.71		0.641853		
3.72		0.641719		
3.73		0.641586		
3.74		0.641453		
3.75		0.641321		
3.76		0.641189		
3.77		0.641057		
3.78		0.640925		
3.79		0.640793		
3.8		0.640662		
3.81		0.640531		
3.82		0.640401		
3.83		0.640271		
3.84		0.640141		
3.85		0.640011		
3.86		0.639881		
3.87		0.639752		
3.88		0.639623		
3.89		0.639495		
3.9		0.639366		
3.91		0.639238		
3.92		0.63911		
3.93		0.638983		
3.94		0.638856		
3.95		0.638729		
3.96		0.638602		
3.97		0.638475		
3.98		0.638349		
3.99		0.638223		
4		0.638097		
4.01		0.637972		
4.02		0.637847		
4.03		0.637722		
4.04		0.637597		
4.05		0.637473		
4.06		0.637349		
4.07		0.637225		
4.08		0.637101		
4.09		0.636978		
4.1		0.636855		
4.11		0.636732		
4.12		0.636609		
4.13		0.636487		
4.14		0.636365		
4.15		0.636243		
4.16		0.636121		
4.17		0.636		
4.18		0.635878		
4.19		0.635757		
4.2		0.635637		
4.21		0.635516		
4.22		0.635396		
4.23		0.635276		
4.24		0.635156		
4.25		0.635037		
4.26		0.634918		
4.27		0.634799		
4.28		0.63468		
4.29		0.634561		
4.3		0.634443		
4.31		0.634325		
4.32		0.634207		
4.33		0.634089		
4.34		0.633972		
4.35		0.633855		
4.36		0.633738		
4.37		0.633621		
4.38		0.633504		
4.39		0.633388		
4.4		0.633272		
4.41		0.633156		
4.42		0.633041		
4.43		0.632925		
4.44		0.63281		
4.45		0.632695		
4.46		0.63258		
4.47		0.632466		
4.48		0.632351		
4.49		0.632237		
4.5		0.632123		
4.51		0.63201		
4.52		0.631896		
4.53		0.631783		
4.54		0.63167		
4.55		0.631557		
4.56		0.631445		
4.57		0.631332		
4.58		0.63122		
4.59		0.631108		
4.6		0.630996		
4.61		0.630885		
4.62		0.630773		
4.63		0.630662		
4.64		0.630551		
4.65		0.63044		
4.66		0.63033		
4.67		0.630219		
4.68		0.630109		
4.69		0.629999		
4.7		0.629889		
4.71		0.62978		
4.72		0.629671		
4.73		0.629561		
4.74		0.629452		
4.75		0.629344		
4.76		0.629235		
4.77		0.629127		
4.78		0.629019		
4.79		0.628911		
4.8		0.628803		
4.81		0.628695		
4.82		0.628588		
4.83		0.62848		
4.84		0.628373		
4.85		0.628267		
4.86		0.62816		
4.87		0.628053		
4.88		0.627947		
4.89		0.627841		
4.9		0.627735		
4.91		0.627629		
4.92		0.627524		
4.93		0.627419		
4.94		0.627313		
4.95		0.627208		
4.96		0.627104		
4.97		0.626999		
4.98		0.626894		
4.99		0.62679		
5		0.626686		
5.01		0.626582		
5.02		0.626479		
5.03		0.626375		
5.04		0.626272		
5.05		0.626168		
5.06		0.626065		
5.07		0.625963		
5.08		0.62586		
5.09		0.625757		
5.1		0.625655		
5.11		0.625553		
5.12		0.625451		
5.13		0.625349		
5.14		0.625247		
5.15		0.625146		
5.16		0.625045		
5.17		0.624944		
5.18		0.624843		
5.19		0.624742		
5.2		0.624641		
5.21		0.624541		
5.22		0.624441		
5.23		0.62434		
5.24		0.62424		
5.25		0.624141		
5.26		0.624041		
5.27		0.623942		
5.28		0.623842		
5.29		0.623743		
5.3		0.623644		
5.31		0.623545		
5.32		0.623447		
5.33		0.623348		
5.34		0.62325		
5.35		0.623152		
5.36		0.623054		
5.37		0.622956		
5.38		0.622858		
5.39		0.622761		
5.4		0.622663		
5.41		0.622566		
5.42		0.622469		
5.43		0.622372		
5.44		0.622276		
5.45		0.622179		
5.46		0.622083		
5.47		0.621986		
5.48		0.62189		
5.49		0.621794		
5.5		0.621698		
5.51		0.621603		
5.52		0.621507		
5.53		0.621412		
5.54		0.621317		
5.55		0.621222		
5.56		0.621127		
5.57		0.621032		
5.58		0.620937		
5.59		0.620843		
5.6		0.620749		
5.61		0.620655		
5.62		0.62056		
5.63		0.620467		
5.64		0.620373		
5.65		0.620279		
5.66		0.620186		
5.67		0.620093		
5.68		0.619999		
5.69		0.619907		
5.7		0.619814		
5.71		0.619721		
5.72		0.619628		
5.73		0.619536		
5.74		0.619444		
5.75		0.619352		
5.76		0.61926		
5.77		0.619168		
5.78		0.619076		
5.79		0.618984		
5.8		0.618893		
5.81		0.618802		
5.82		0.618711		
5.83		0.61862		
5.84		0.618529		
5.85		0.618438		
5.86		0.618347		
5.87		0.618257		
5.88		0.618167		
5.89		0.618076		
5.9		0.617986		
5.91		0.617896		
5.92		0.617807		
5.93		0.617717		
5.94		0.617627		
5.95		0.617538		
5.96		0.617449		
5.97		0.61736		
5.98		0.617271		
5.99		0.617182		
6		0.617093		
6.01		0.617005		
6.02		0.616916		
6.03		0.616828		
6.04		0.61674		
6.05		0.616651		
6.06		0.616564		
6.07		0.616476		
6.08		0.616388		
6.09		0.616301		
6.1		0.616213		
6.11		0.616126		
6.12		0.616039		
6.13		0.615952		
6.14		0.615865		
6.15		0.615778		
6.16		0.615691		
6.17		0.615605		
6.18		0.615518		
6.19		0.615432		
6.2		0.615346		
6.21		0.61526		
6.22		0.615174		
6.23		0.615088		
6.24		0.615002		
6.25		0.614917		
6.26		0.614831		
6.27		0.614746		
6.28		0.614661		
6.29		0.614576		
6.3		0.614491		
6.31		0.614406		
6.32		0.614322		
6.33		0.614237		
6.34		0.614153		
6.35		0.614068		
6.36		0.613984		
6.37		0.6139		
6.38		0.613816		
6.39		0.613732		
6.4		0.613648		
6.41		0.613565		
6.42		0.613481		
6.43		0.613398		
6.44		0.613315		
6.45		0.613231		
6.46		0.613148		
6.47		0.613065		
6.48		0.612983		
6.49		0.6129		
6.5		0.612817		
6.51		0.612735		
6.52		0.612653		
6.53		0.61257		
6.54		0.612488		
6.55		0.612406		
6.56		0.612324		
6.57		0.612243		
6.58		0.612161		
6.59		0.612079		
6.6		0.611998		
6.61		0.611917		
6.62		0.611835		
6.63		0.611754		
6.64		0.611673		
6.65		0.611592		
6.66		0.611512		
6.67		0.611431		
6.68		0.61135		
6.69		0.61127		
6.7		0.61119		
6.71		0.611109		
6.72		0.611029		
6.73		0.610949		
6.74		0.610869		
6.75		0.61079		
6.76		0.61071		
6.77		0.61063		
6.78		0.610551		
6.79		0.610471		
6.8		0.610392		
6.81		0.610313		
6.82		0.610234		
6.83		0.610155		
6.84		0.610076		
6.85		0.609997		
6.86		0.609919		
6.87		0.60984		
6.88		0.609762		
6.89		0.609684		
6.9		0.609605		
6.91		0.609527		
6.92		0.609449		
6.93		0.609371		
6.94		0.609294		
6.95		0.609216		
6.96		0.609138		
6.97		0.609061		
6.98		0.608983		
6.99		0.608906		
7		0.608829		
7.01		0.608752		
7.02		0.608675		
7.03		0.608598		
7.04		0.608521		
7.05		0.608445		
7.06		0.608368		
7.07		0.608291		
7.08		0.608215		
7.09		0.608139		
7.1		0.608063		
7.11		0.607986		
7.12		0.607911		
7.13		0.607835		
7.14		0.607759		
7.15		0.607683		
7.16		0.607608		
7.17		0.607532		
7.18		0.607457		
7.19		0.607381		
7.2		0.607306		
7.21		0.607231		
7.22		0.607156		
7.23		0.607081		
7.24		0.607006		
7.25		0.606931		
7.26		0.606857		
7.27		0.606782		
7.28		0.606708		
7.29		0.606633		
7.3		0.606559		
7.31		0.606485		
7.32		0.606411		
7.33		0.606337		
7.34		0.606263		
7.35		0.606189		
7.36		0.606116		
7.37		0.606042		
7.38		0.605968		
7.39		0.605895		
7.4		0.605822		
7.41		0.605748		
7.42		0.605675		
7.43		0.605602		
7.44		0.605529		
7.45		0.605456		
7.46		0.605384		
7.47		0.605311		
7.48		0.605238		
7.49		0.605166		
7.5		0.605093		
7.51		0.605021		
7.52		0.604949		
7.53		0.604877		
7.54		0.604805		
7.55		0.604733		
7.56		0.604661		
7.57		0.604589		
7.58		0.604517		
7.59		0.604446		
7.6		0.604374		
7.61		0.604303		
7.62		0.604231		
7.63		0.60416		
7.64		0.604089		
7.65		0.604018		
7.66		0.603947		
7.67		0.603876		
7.68		0.603805		
7.69		0.603734		
7.7		0.603663		
7.71		0.603593		
7.72		0.603522		
7.73		0.603452		
7.74		0.603382		
7.75		0.603311		
7.76		0.603241		
7.77		0.603171		
7.78		0.603101		
7.79		0.603031		
7.8		0.602961		
7.81		0.602892		
7.82		0.602822		
7.83		0.602752		
7.84		0.602683		
7.85		0.602614		
7.86		0.602544		
7.87		0.602475		
7.88		0.602406		
7.89		0.602337		
7.9		0.602268		
7.91		0.602199		
7.92		0.60213		
7.93		0.602061		
7.94		0.601993		
7.95		0.601924		
7.96		0.601856		
7.97		0.601787		
7.98		0.601719		
7.99		0.601651		
8		0.601582		
8.01		0.601514		
8.02		0.601446		
8.03		0.601378		
8.04		0.60131		
8.05		0.601243		
8.06		0.601175		
8.07		0.601107		
8.08		0.60104		
8.09		0.600972		
8.1		0.600905		
8.11		0.600838		
8.12		0.60077		
8.13		0.600703		
8.14		0.600636		
8.15		0.600569		
8.16		0.600502		
8.17		0.600435		
8.18		0.600369		
8.19		0.600302		
8.2		0.600235		
8.21		0.600169		
8.22		0.600102		
8.23		0.600036		
8.24		0.59997		
8.25		0.599903		
8.26		0.599837		
8.27		0.599771		
8.28		0.599705		
8.29		0.599639		
8.3		0.599573		
8.31		0.599508		
8.32		0.599442		
8.33		0.599376		
8.34		0.599311		
8.35		0.599245		
8.36		0.59918		
8.37		0.599115		
8.38		0.599049		
8.39		0.598984		
8.4		0.598919		
8.41		0.598854		
8.42		0.598789		
8.43		0.598724		
8.44		0.598659		
8.45		0.598595		
8.46		0.59853		
8.47		0.598465		
8.48		0.598401		
8.49		0.598336		
8.5		0.598272		
8.51		0.598208		
8.52		0.598143		
8.53		0.598079		
8.54		0.598015		
8.55		0.597951		
8.56		0.597887		
8.57		0.597823		
8.58		0.59776		
8.59		0.597696		
8.6		0.597632		
8.61		0.597569		
8.62		0.597505		
8.63		0.597442		
8.64		0.597378		
8.65		0.597315		
8.66		0.597252		
8.67		0.597189		
8.68		0.597125		
8.69		0.597062		
8.7		0.596999		
8.71		0.596937		
8.72		0.596874		
8.73		0.596811		
8.74		0.596748		
8.75		0.596686		
8.76		0.596623		
8.77		0.596561		
8.78		0.596498		
8.79		0.596436		
8.8		0.596374		
8.81		0.596311		
8.82		0.596249		
8.83		0.596187		
8.84		0.596125		
8.85		0.596063		
8.86		0.596001		
8.87		0.59594		
8.88		0.595878		
8.89		0.595816		
8.9		0.595755		
8.91		0.595693		
8.92		0.595632		
8.93		0.59557		
8.94		0.595509		
8.95		0.595448		
8.96		0.595386		
8.97		0.595325		
8.98		0.595264		
8.99		0.595203		
9		0.595142		
9.01		0.595081		
9.02		0.595021		
9.03		0.59496		
9.04		0.594899		
9.05		0.594839		
9.06		0.594778		
9.07		0.594718		
9.08		0.594657		
9.09		0.594597		
9.1		0.594536		
9.11		0.594476		
9.12		0.594416		
9.13		0.594356		
9.14		0.594296		
9.15		0.594236		
9.16		0.594176		
9.17		0.594116		
9.18		0.594056		
9.19		0.593997		
9.2		0.593937		
9.21		0.593877		
9.22		0.593818		
9.23		0.593758		
9.24		0.593699		
9.25		0.59364		
9.26		0.59358		
9.27		0.593521		
9.28		0.593462		
9.29		0.593403		
9.3		0.593344		
9.31		0.593285		
9.32		0.593226		
9.33		0.593167		
9.34		0.593108		
9.35		0.59305		
9.36		0.592991		
9.37		0.592932		
9.38		0.592874		
9.39		0.592815		
9.4		0.592757		
9.41		0.592699		
9.42		0.59264		
9.43		0.592582		
9.44		0.592524		
9.45		0.592466		
9.46		0.592408		
9.47		0.59235		
9.48		0.592292		
9.49		0.592234		
9.5		0.592176		
9.51		0.592118		
9.52		0.592061		
9.53		0.592003		
9.54		0.591945		
9.55		0.591888		
9.56		0.59183		
9.57		0.591773		
9.58		0.591716		
9.59		0.591658		
9.6		0.591601		
9.61		0.591544		
9.62		0.591487		
9.63		0.59143		
9.64		0.591373		
9.65		0.591316		
9.66		0.591259		
9.67		0.591202		
9.68		0.591145		
9.69		0.591089		
9.7		0.591032		
9.71		0.590975		
9.72		0.590919		
9.73		0.590862		
9.74		0.590806		
9.75		0.590749		
9.76		0.590693		
9.77		0.590637		
9.78		0.590581		
9.79		0.590525		
9.8		0.590468		
9.81		0.590412		
9.82		0.590356		
9.83		0.590301		
9.84		0.590245		
9.85		0.590189		
9.86		0.590133		
9.87		0.590077		
9.88		0.590022		
9.89		0.589966		
9.9		0.589911		
9.91		0.589855		
9.92		0.5898		
9.93		0.589744		
9.94		0.589689		
9.95		0.589634		
9.96		0.589579		
9.97		0.589523		
9.98		0.589468		
9.99		0.589413		
10		0.589358		
10.01		0.589303		
10.02		0.589249		
10.03		0.589194		
10.04		0.589139		
10.05		0.589084		
10.06		0.58903		
10.07		0.588975		
10.08		0.58892		
10.09		0.588866		
10.1		0.588812		
10.11		0.588757		
10.12		0.588703		
10.13		0.588648		
10.14		0.588594		
10.15		0.58854		
10.16		0.588486		
10.17		0.588432		
10.18		0.588378		
10.19		0.588324		
10.2		0.58827		
10.21		0.588216		
10.22		0.588162		
10.23		0.588109		
10.24		0.588055		
10.25		0.588001		
10.26		0.587948		
10.27		0.587894		
10.28		0.587841		
10.29		0.587787		
10.3		0.587734		
10.31		0.58768		
10.32		0.587627		
10.33		0.587574		
10.34		0.587521		
10.35		0.587467		
10.36		0.587414		
10.37		0.587361		
10.38		0.587308		
10.39		0.587255		
10.4		0.587203		
10.41		0.58715		
10.42		0.587097		
10.43		0.587044		
10.44		0.586992		
10.45		0.586939		
10.46		0.586886		
10.47		0.586834		
10.48		0.586781		
10.49		0.586729		
10.5		0.586676		
10.51		0.586624		
10.52		0.586572		
10.53		0.58652		
10.54		0.586467		
10.55		0.586415		
10.56		0.586363		
10.57		0.586311		
10.58		0.586259		
10.59		0.586207		
10.6		0.586155		
10.61		0.586104		
10.62		0.586052		
10.63		0.586		
10.64		0.585948		
10.65		0.585897		
10.66		0.585845		
10.67		0.585794		
10.68		0.585742		
10.69		0.585691		
10.7		0.585639		
10.71		0.585588		
10.72		0.585537		
10.73		0.585485		
10.74		0.585434		
10.75		0.585383		
10.76		0.585332		
10.77		0.585281		
10.78		0.58523		
10.79		0.585179		
10.8		0.585128		
10.81		0.585077		
10.82		0.585026		
10.83		0.584975		
10.84		0.584925		
10.85		0.584874		
10.86		0.584823		
10.87		0.584773		
10.88		0.584722		
10.89		0.584672		
10.9		0.584621		
10.91		0.584571		
10.92		0.58452		
10.93		0.58447		
10.94		0.58442		
10.95		0.58437		
10.96		0.584319		
10.97		0.584269		
10.98		0.584219		
10.99		0.584169		
11		0.584119		
11.01		0.584069		
11.02		0.584019		
11.03		0.583969		
11.04		0.58392		
11.05		0.58387		
11.06		0.58382		
11.07		0.58377		
11.08		0.583721		
11.09		0.583671		
11.1		0.583622		
11.11		0.583572		
11.12		0.583523		
11.13		0.583473		
11.14		0.583424		
11.15		0.583375		
11.16		0.583325		
11.17		0.583276		
11.18		0.583227		
11.19		0.583178		
11.2		0.583129		
11.21		0.58308		
11.22		0.583031		
11.23		0.582982		
11.24		0.582933		
11.25		0.582884		
11.26		0.582835		
11.27		0.582786		
11.28		0.582738		
11.29		0.582689		
11.3		0.58264		
11.31		0.582592		
11.32		0.582543		
11.33		0.582495		
11.34		0.582446		
11.35		0.582398		
11.36		0.582349		
11.37		0.582301		
11.38		0.582253		
11.39		0.582204		
11.4		0.582156		
11.41		0.582108		
11.42		0.58206		
11.43		0.582012		
11.44		0.581964		
11.45		0.581916		
11.46		0.581868		
11.47		0.58182		
11.48		0.581772		
11.49		0.581724		
11.5		0.581676		
11.51		0.581629		
11.52		0.581581		
11.53		0.581533		
11.54		0.581486		
11.55		0.581438		
11.56		0.58139		
11.57		0.581343		
11.58		0.581295		
11.59		0.581248		
11.6		0.581201		
11.61		0.581153		
11.62		0.581106		
11.63		0.581059		
11.64		0.581012		
11.65		0.580964		
11.66		0.580917		
11.67		0.58087		
11.68		0.580823		
11.69		0.580776		
11.7		0.580729		
11.71		0.580682		
11.72		0.580635		
11.73		0.580589		
11.74		0.580542		
11.75		0.580495		
11.76		0.580448		
11.77		0.580402		
11.78		0.580355		
11.79		0.580308		
11.8		0.580262		
11.81		0.580215		
11.82		0.580169		
11.83		0.580122		
11.84		0.580076		
11.85		0.58003		
11.86		0.579983		
11.87		0.579937		
11.88		0.579891		
11.89		0.579845		
11.9		0.579799		
11.91		0.579752		
11.92		0.579706		
11.93		0.57966		
11.94		0.579614		
11.95		0.579568		
11.96		0.579522		
11.97		0.579477		
11.98		0.579431		
11.99		0.579385		
12		0.579339		
12.01		0.579293		
12.02		0.579248		
12.03		0.579202		
12.04		0.579157		
12.05		0.579111		
12.06		0.579065		
12.07		0.57902		
12.08		0.578975		
12.09		0.578929		
12.1		0.578884		
12.11		0.578838		
12.12		0.578793		
12.13		0.578748		
12.14		0.578703		
12.15		0.578658		
12.16		0.578612		
12.17		0.578567		
12.18		0.578522		
12.19		0.578477		
12.2		0.578432		
12.21		0.578387		
12.22		0.578342		
12.23		0.578297		
12.24		0.578253		
12.25		0.578208		
12.26		0.578163		
12.27		0.578118		
12.28		0.578074		
12.29		0.578029		
12.3		0.577984		
12.31		0.57794		
12.32		0.577895		
12.33		0.577851		
12.34		0.577806		
12.35		0.577762		
12.36		0.577718		
12.37		0.577673		
12.38		0.577629		
12.39		0.577585		
12.4		0.57754		
12.41		0.577496		
12.42		0.577452		
12.43		0.577408		
12.44		0.577364		
12.45		0.57732		
12.46		0.577276		
12.47		0.577232		
12.48		0.577188		
12.49		0.577144		
12.5		0.5771		
12.51		0.577056		
12.52		0.577012		
12.53		0.576969		
12.54		0.576925		
12.55		0.576881		
12.56		0.576838		
12.57		0.576794		
12.58		0.57675		
12.59		0.576707		
12.6		0.576663		
12.61		0.57662		
12.62		0.576576		
12.63		0.576533		
12.64		0.57649		
12.65		0.576446		
12.66		0.576403		
12.67		0.57636		
12.68		0.576317		
12.69		0.576273		
12.7		0.57623		
12.71		0.576187		
12.72		0.576144		
12.73		0.576101		
12.74		0.576058		
12.75		0.576015		
12.76		0.575972		
12.77		0.575929		
12.78		0.575886		
12.79		0.575843		
12.8		0.575801		
12.81		0.575758		
12.82		0.575715		
12.83		0.575672		
12.84		0.57563		
12.85		0.575587		
12.86		0.575544		
12.87		0.575502		
12.88		0.575459		
12.89		0.575417		
12.9		0.575374		
12.91		0.575332		
12.92		0.57529		
12.93		0.575247		
12.94		0.575205		
12.95		0.575163		
12.96		0.57512		
12.97		0.575078		
12.98		0.575036		
12.99		0.574994		
13		0.574952		
13.01		0.57491		
13.02		0.574868		
13.03		0.574826		
13.04		0.574784		
13.05		0.574742		
13.06		0.5747		
13.07		0.574658		
13.08		0.574616		
13.09		0.574574		
13.1		0.574532		
13.11		0.574491		
13.12		0.574449		
13.13		0.574407		
13.14		0.574366		
13.15		0.574324		
13.16		0.574282		
13.17		0.574241		
13.18		0.574199		
13.19		0.574158		
13.2		0.574116		
13.21		0.574075		
13.22		0.574034		
13.23		0.573992		
13.24		0.573951		
13.25		0.57391		
13.26		0.573868		
13.27		0.573827		
13.28		0.573786		
13.29		0.573745		
13.3		0.573704		
13.31		0.573663		
13.32		0.573622		
13.33		0.573581		
13.34		0.57354		
13.35		0.573499		
13.36		0.573458		
13.37		0.573417		
13.38		0.573376		
13.39		0.573335		
13.4		0.573294		
13.41		0.573253		
13.42		0.573213		
13.43		0.573172		
13.44		0.573131		
13.45		0.573091		
13.46		0.57305		
13.47		0.57301		
13.48		0.572969		
13.49		0.572928		
13.5		0.572888		
13.51		0.572848		
13.52		0.572807		
13.53		0.572767		
13.54		0.572726		
13.55		0.572686		
13.56		0.572646		
13.57		0.572605		
13.58		0.572565		
13.59		0.572525		
13.6		0.572485		
13.61		0.572445		
13.62		0.572405		
13.63		0.572365		
13.64		0.572324		
13.65		0.572284		
13.66		0.572244		
13.67		0.572205		
13.68		0.572165		
13.69		0.572125		
13.7		0.572085		
13.71		0.572045		
13.72		0.572005		
13.73		0.571965		
13.74		0.571926		
13.75		0.571886		
13.76		0.571846		
13.77		0.571807		
13.78		0.571767		
13.79		0.571727		
13.8		0.571688		
13.81		0.571648		
13.82		0.571609		
13.83		0.571569		
13.84		0.57153		
13.85		0.571491		
13.86		0.571451		
13.87		0.571412		
13.88		0.571373		
13.89		0.571333		
13.9		0.571294		
13.91		0.571255		
13.92		0.571216		
13.93		0.571176		
13.94		0.571137		
13.95		0.571098		
13.96		0.571059		
13.97		0.57102		
13.98		0.570981		
13.99		0.570942		
14		0.570903		
14.01		0.570864		
14.02		0.570825		
14.03		0.570786		
14.04		0.570747		
14.05		0.570709		
14.06		0.57067		
14.07		0.570631		
14.08		0.570592		
14.09		0.570554		
14.1		0.570515		
14.11		0.570476		
14.12		0.570438		
14.13		0.570399		
14.14		0.570361		
14.15		0.570322		
14.16		0.570284		
14.17		0.570245		
14.18		0.570207		
14.19		0.570168		
14.2		0.57013		
14.21		0.570092		
14.22		0.570053		
14.23		0.570015		
14.24		0.569977		
14.25		0.569938		
14.26		0.5699		
14.27		0.569862		
14.28		0.569824		
14.29		0.569786		
14.3		0.569748		
14.31		0.56971		
14.32		0.569672		
14.33		0.569634		
14.34		0.569596		
14.35		0.569558		
14.36		0.56952		
14.37		0.569482		
14.38		0.569444		
14.39		0.569406		
14.4		0.569368		
14.41		0.569331		
14.42		0.569293		
14.43		0.569255		
14.44		0.569217		
14.45		0.56918		
14.46		0.569142		
14.47		0.569104		
14.48		0.569067		
14.49		0.569029		
14.5		0.568992		
14.51		0.568954		
14.52		0.568917		
14.53		0.568879		
14.54		0.568842		
14.55		0.568804		
14.56		0.568767		
14.57		0.56873		
14.58		0.568692		
14.59		0.568655		
14.6		0.568618		
14.61		0.568581		
14.62		0.568543		
14.63		0.568506		
14.64		0.568469		
14.65		0.568432		
14.66		0.568395		
14.67		0.568358		
14.68		0.568321		
14.69		0.568284		
14.7		0.568247		
14.71		0.56821		
14.72		0.568173		
14.73		0.568136		
14.74		0.568099		
14.75		0.568062		
14.76		0.568025		
14.77		0.567989		
14.78		0.567952		
14.79		0.567915		
14.8		0.567878		
14.81		0.567842		
14.82		0.567805		
14.83		0.567768		
14.84		0.567732		
14.85		0.567695		
14.86		0.567659		
14.87		0.567622		
14.88		0.567586		
14.89		0.567549		
14.9		0.567513		
14.91		0.567476		
14.92		0.56744		
14.93		0.567403		
14.94		0.567367		
14.95		0.567331		
14.96		0.567294		
14.97		0.567258		
14.98		0.567222		
14.99		0.567186		
15		0.567149		
15.01		0.567113		
15.02		0.567077		
15.03		0.567041		
15.04		0.567005		
15.05		0.566969		
15.06		0.566933		
15.07		0.566897		
15.08		0.566861		
15.09		0.566825		
15.1		0.566789		
15.11		0.566753		
15.12		0.566717		
15.13		0.566681		
15.14		0.566645		
15.15		0.56661		
15.16		0.566574		
15.17		0.566538		
15.18		0.566502		
15.19		0.566467		
15.2		0.566431		
15.21		0.566395		
15.22		0.56636		
15.23		0.566324		
15.24		0.566288		
15.25		0.566253		
15.26		0.566217		
15.27		0.566182		
15.28		0.566146		
15.29		0.566111		
15.3		0.566075		
15.31		0.56604		
15.32		0.566005		
15.33		0.565969		
15.34		0.565934		
15.35		0.565899		
15.36		0.565863		
15.37		0.565828		
15.38		0.565793		
15.39		0.565757		
15.4		0.565722		
15.41		0.565687		
15.42		0.565652		
15.43		0.565617		
15.44		0.565582		
15.45		0.565547		
15.46		0.565512		
15.47		0.565477		
15.48		0.565442		
15.49		0.565407		
15.5		0.565372		
15.51		0.565337		
15.52		0.565302		
15.53		0.565267		
15.54		0.565232		
15.55		0.565197		
15.56		0.565163		
15.57		0.565128		
15.58		0.565093		
15.59		0.565058		
15.6		0.565024		
15.61		0.564989		
15.62		0.564954		
15.63		0.56492		
15.64		0.564885		
15.65		0.56485		
15.66		0.564816		
15.67		0.564781		
15.68		0.564747		
15.69		0.564712		
15.7		0.564678		
15.71		0.564643		
15.72		0.564609		
15.73		0.564575		
15.74		0.56454		
15.75		0.564506		
15.76		0.564472		
15.77		0.564437		
15.78		0.564403		
15.79		0.564369		
15.8		0.564335		
15.81		0.5643		
15.82		0.564266		
15.83		0.564232		
15.84		0.564198		
15.85		0.564164		
15.86		0.56413		
15.87		0.564096		
15.88		0.564062		
15.89		0.564028		
15.9		0.563994		
15.91		0.56396		
15.92		0.563926		
15.93		0.563892		
15.94		0.563858		
15.95		0.563824		
15.96		0.56379		
15.97		0.563756		
15.98		0.563722		
15.99		0.563689		
16		0.563655		
16.01		0.563621		
16.02		0.563587		
16.03		0.563554		
16.04		0.56352		
16.05		0.563486		
16.06		0.563453		
16.07		0.563419		
16.08		0.563385		
16.09		0.563352		
16.1		0.563318		
16.11		0.563285		
16.12		0.563251		
16.13		0.563218		
16.14		0.563184		
16.15		0.563151		
16.16		0.563118		
16.17		0.563084		
16.18		0.563051		
16.19		0.563018		
16.2		0.562984		
16.21		0.562951		
16.22		0.562918		
16.23		0.562884		
16.24		0.562851		
16.25		0.562818		
16.26		0.562785		
16.27		0.562752		
16.28		0.562719		
16.29		0.562685		
16.3		0.562652		
16.31		0.562619		
16.32		0.562586		
16.33		0.562553		
16.34		0.56252		
16.35		0.562487		
16.36		0.562454		
16.37		0.562421		
16.38		0.562388		
16.39		0.562355		
16.4		0.562323		
16.41		0.56229		
16.42		0.562257		
16.43		0.562224		
16.44		0.562191		
16.45		0.562159		
16.46		0.562126		
16.47		0.562093		
16.48		0.56206		
16.49		0.562028		
16.5		0.561995		
16.51		0.561962		
16.52		0.56193		
16.53		0.561897		
16.54		0.561865		
16.55		0.561832		
16.56		0.5618		
16.57		0.561767		
16.58		0.561735		
16.59		0.561702		
16.6		0.56167		
16.61		0.561637		
16.62		0.561605		
16.63		0.561572		
16.64		0.56154		
16.65		0.561508		
16.66		0.561475		
16.67		0.561443		
16.68		0.561411		
16.69		0.561379		
16.7		0.561346		
16.71		0.561314		
16.72		0.561282		
16.73		0.56125		
16.74		0.561218		
16.75		0.561186		
16.76		0.561153		
16.77		0.561121		
16.78		0.561089		
16.79		0.561057		
16.8		0.561025		
16.81		0.560993		
16.82		0.560961		
16.83		0.560929		
16.84		0.560897		
16.85		0.560865		
16.86		0.560834		
16.87		0.560802		
16.88		0.56077		
16.89		0.560738		
16.9		0.560706		
16.91		0.560674		
16.92		0.560643		
16.93		0.560611		
16.94		0.560579		
16.95		0.560547		
16.96		0.560516		
16.97		0.560484		
16.98		0.560452		
16.99		0.560421		
17		0.560389		
17.01		0.560358		
17.02		0.560326		
17.03		0.560294		
17.04		0.560263		
17.05		0.560231		
17.06		0.5602		
17.07		0.560168		
17.08		0.560137		
17.09		0.560106		
17.1		0.560074		
17.11		0.560043		
17.12		0.560011		
17.13		0.55998		
17.14		0.559949		
17.15		0.559917		
17.16		0.559886		
17.17		0.559855		
17.18		0.559824		
17.19		0.559792		
17.2		0.559761		
17.21		0.55973		
17.22		0.559699		
17.23		0.559668		
17.24		0.559637		
17.25		0.559605		
17.26		0.559574		
17.27		0.559543		
17.28		0.559512		
17.29		0.559481		
17.3		0.55945		
17.31		0.559419		
17.32		0.559388		
17.33		0.559357		
17.34		0.559326		
17.35		0.559295		
17.36		0.559265		
17.37		0.559234		
17.38		0.559203		
17.39		0.559172		
17.4		0.559141		
17.41		0.55911		
17.42		0.55908		
17.43		0.559049		
17.44		0.559018		
17.45		0.558987		
17.46		0.558957		
17.47		0.558926		
17.48		0.558895		
17.49		0.558865		
17.5		0.558834		
17.51		0.558803		
17.52		0.558773		
17.53		0.558742		
17.54		0.558712		
17.55		0.558681		
17.56		0.558651		
17.57		0.55862		
17.58		0.55859		
17.59		0.558559		
17.6		0.558529		
17.61		0.558498		
17.62		0.558468		
17.63		0.558438		
17.64		0.558407		
17.65		0.558377		
17.66		0.558347		
17.67		0.558316		
17.68		0.558286		
17.69		0.558256		
17.7		0.558226		
17.71		0.558195		
17.72		0.558165		
17.73		0.558135		
17.74		0.558105		
17.75		0.558075		
17.76		0.558045		
17.77		0.558014		
17.78		0.557984		
17.79		0.557954		
17.8		0.557924		
17.81		0.557894		
17.82		0.557864		
17.83		0.557834		
17.84		0.557804		
17.85		0.557774		
17.86		0.557744		
17.87		0.557714		
17.88		0.557684		
17.89		0.557655		
17.9		0.557625		
17.91		0.557595		
17.92		0.557565		
17.93		0.557535		
17.94		0.557505		
17.95		0.557476		
17.96		0.557446		
17.97		0.557416		
17.98		0.557386		
17.99		0.557357		
18		0.557327		
18.01		0.557297		
18.02		0.557268		
18.03		0.557238		
18.04		0.557208		
18.05		0.557179		
18.06		0.557149		
18.07		0.55712		
18.08		0.55709		
18.09		0.557061		
18.1		0.557031		
18.11		0.557002		
18.12		0.556972		
18.13		0.556943		
18.14		0.556913		
18.15		0.556884		
18.16		0.556855		
18.17		0.556825		
18.18		0.556796		
18.19		0.556766		
18.2		0.556737		
18.21		0.556708		
18.22		0.556679		
18.23		0.556649		
18.24		0.55662		
18.25		0.556591		
18.26		0.556562		
18.27		0.556532		
18.28		0.556503		
18.29		0.556474		
18.3		0.556445		
18.31		0.556416		
18.32		0.556387		
18.33		0.556357		
18.34		0.556328		
18.35		0.556299		
18.36		0.55627		
18.37		0.556241		
18.38		0.556212		
18.39		0.556183		
18.4		0.556154		
18.41		0.556125		
18.42		0.556096		
18.43		0.556068		
18.44		0.556039		
18.45		0.55601		
18.46		0.555981		
18.47		0.555952		
18.48		0.555923		
18.49		0.555894		
18.5		0.555866		
18.51		0.555837		
18.52		0.555808		
18.53		0.555779		
18.54		0.555751		
18.55		0.555722		
18.56		0.555693		
18.57		0.555664		
18.58		0.555636		
18.59		0.555607		
18.6		0.555578		
18.61		0.55555		
18.62		0.555521		
18.63		0.555493		
18.64		0.555464		
18.65		0.555436		
18.66		0.555407		
18.67		0.555379		
18.68		0.55535		
18.69		0.555322		
18.7		0.555293		
18.71		0.555265		
18.72		0.555236		
18.73		0.555208		
18.74		0.555179		
18.75		0.555151		
18.76		0.555123		
18.77		0.555094		
18.78		0.555066		
18.79		0.555038		
18.8		0.555009		
18.81		0.554981		
18.82		0.554953		
18.83		0.554925		
18.84		0.554896		
18.85		0.554868		
18.86		0.55484		
18.87		0.554812		
18.88		0.554784		
18.89		0.554756		
18.9		0.554728		
18.91		0.554699		
18.92		0.554671		
18.93		0.554643		
18.94		0.554615		
18.95		0.554587		
18.96		0.554559		
18.97		0.554531		
18.98		0.554503		
18.99		0.554475		
19		0.554447		
19.01		0.554419		
19.02		0.554391		
19.03		0.554363		
19.04		0.554336		
19.05		0.554308		
19.06		0.55428		
19.07		0.554252		
19.08		0.554224		
19.09		0.554196		
19.1		0.554168		
19.11		0.554141		
19.12		0.554113		
19.13		0.554085		
19.14		0.554057		
19.15		0.55403		
19.16		0.554002		
19.17		0.553974		
19.18		0.553947		
19.19		0.553919		
19.2		0.553891		
19.21		0.553864		
19.22		0.553836		
19.23		0.553809		
19.24		0.553781		
19.25		0.553753		
19.26		0.553726		
19.27		0.553698		
19.28		0.553671		
19.29		0.553643		
19.3		0.553616		
19.31		0.553588		
19.32		0.553561		
19.33		0.553534		
19.34		0.553506		
19.35		0.553479		
19.36		0.553451		
19.37		0.553424		
19.38		0.553397		
19.39		0.553369		
19.4		0.553342		
19.41		0.553315		
19.42		0.553287		
19.43		0.55326		
19.44		0.553233		
19.45		0.553206		
19.46		0.553178		
19.47		0.553151		
19.48		0.553124		
19.49		0.553097		
19.5		0.55307		
19.51		0.553043		
19.52		0.553015		
19.53		0.552988		
19.54		0.552961		
19.55		0.552934		
19.56		0.552907		
19.57		0.55288		
19.58		0.552853		
19.59		0.552826		
19.6		0.552799		
19.61		0.552772		
19.62		0.552745		
19.63		0.552718		
19.64		0.552691		
19.65		0.552664		
19.66		0.552637		
19.67		0.55261		
19.68		0.552584		
19.69		0.552557		
19.7		0.55253		
19.71		0.552503		
19.72		0.552476		
19.73		0.552449		
19.74		0.552423		
19.75		0.552396		
19.76		0.552369		
19.77		0.552342		
19.78		0.552316		
19.79		0.552289		
19.8		0.552262		
19.81		0.552235		
19.82		0.552209		
19.83		0.552182		
19.84		0.552155		
19.85		0.552129		
19.86		0.552102		
19.87		0.552076		
19.88		0.552049		
19.89		0.552023		
19.9		0.551996		
19.91		0.551969		
19.92		0.551943		
19.93		0.551916		
19.94		0.55189		
19.95		0.551863		
19.96		0.551837		
19.97		0.551811		
19.98		0.551784		
19.99		0.551758		
20		0.551731		
20.01		0.551705		
20.02		0.551679		
20.03		0.551652		
20.04		0.551626		
20.05		0.5516		
20.06		0.551573		
20.07		0.551547		
20.08		0.551521		
20.09		0.551494		
20.1		0.551468		
20.11		0.551442		
20.12		0.551416		
20.13		0.551389		
20.14		0.551363		
20.15		0.551337		
20.16		0.551311		
20.17		0.551285		
20.18		0.551259		
20.19		0.551232		
20.2		0.551206		
20.21		0.55118		
20.22		0.551154		
20.23		0.551128		
20.24		0.551102		
20.25		0.551076		
20.26		0.55105		
20.27		0.551024		
20.28		0.550998		
20.29		0.550972		
20.3		0.550946		
20.31		0.55092		
20.32		0.550894		
20.33		0.550868		
20.34		0.550842		
20.35		0.550817		
20.36		0.550791		
20.37		0.550765		
20.38		0.550739		
20.39		0.550713		
20.4		0.550687		
20.41		0.550661		
20.42		0.550636		
20.43		0.55061		
20.44		0.550584		
20.45		0.550558		
20.46		0.550533		
20.47		0.550507		
20.48		0.550481		
20.49		0.550456		
20.5		0.55043		
20.51		0.550404		
20.52		0.550379		
20.53		0.550353		
20.54		0.550327		
20.55		0.550302		
20.56		0.550276		
20.57		0.550251		
20.58		0.550225		
20.59		0.550199		
20.6		0.550174		
20.61		0.550148		
20.62		0.550123		
20.63		0.550097		
20.64		0.550072		
20.65		0.550046		
20.66		0.550021		
20.67		0.549996		
20.68		0.54997		
20.69		0.549945		
20.7		0.549919		
20.71		0.549894		
20.72		0.549869		
20.73		0.549843		
20.74		0.549818		
20.75		0.549793		
20.76		0.549767		
20.77		0.549742		
20.78		0.549717		
20.79		0.549691		
20.8		0.549666		
20.81		0.549641		
20.82		0.549616		
20.83		0.54959		
20.84		0.549565		
20.85		0.54954		
20.86		0.549515		
20.87		0.54949		
20.88		0.549465		
20.89		0.549439		
20.9		0.549414		
20.91		0.549389		
20.92		0.549364		
20.93		0.549339		
20.94		0.549314		
20.95		0.549289		
20.96		0.549264		
20.97		0.549239		
20.98		0.549214		
20.99		0.549189		
21		0.549164		
21.01		0.549139		
21.02		0.549114		
21.03		0.549089		
21.04		0.549064		
21.05		0.549039		
21.06		0.549014		
21.07		0.548989		
21.08		0.548964		
21.09		0.54894		
21.1		0.548915		
21.11		0.54889		
21.12		0.548865		
21.13		0.54884		
21.14		0.548815		
21.15		0.548791		
21.16		0.548766		
21.17		0.548741		
21.18		0.548716		
21.19		0.548692		
21.2		0.548667		
21.21		0.548642		
21.22		0.548617		
21.23		0.548593		
21.24		0.548568		
21.25		0.548544		
21.26		0.548519		
21.27		0.548494		
21.28		0.54847		
21.29		0.548445		
21.3		0.54842		
21.31		0.548396		
21.32		0.548371		
21.33		0.548347		
21.34		0.548322		
21.35		0.548298		
21.36		0.548273		
21.37		0.548249		
21.38		0.548224		
21.39		0.5482		
21.4		0.548175		
21.41		0.548151		
21.42		0.548126		
21.43		0.548102		
21.44		0.548078		
21.45		0.548053		
21.46		0.548029		
21.47		0.548004		
21.48		0.54798		
21.49		0.547956		
21.5		0.547931		
21.51		0.547907		
21.52		0.547883		
21.53		0.547859		
21.54		0.547834		
21.55		0.54781		
21.56		0.547786		
21.57		0.547762		
21.58		0.547737		
21.59		0.547713		
21.6		0.547689		
21.61		0.547665		
21.62		0.547641		
21.63		0.547616		
21.64		0.547592		
21.65		0.547568		
21.66		0.547544		
21.67		0.54752		
21.68		0.547496		
21.69		0.547472		
21.7		0.547448		
21.71		0.547424		
21.72		0.5474		
21.73		0.547375		
21.74		0.547351		
21.75		0.547327		
21.76		0.547303		
21.77		0.547279		
21.78		0.547256		
21.79		0.547232		
21.8		0.547208		
21.81		0.547184		
21.82		0.54716		
21.83		0.547136		
21.84		0.547112		
21.85		0.547088		
21.86		0.547064		
21.87		0.54704		
21.88		0.547016		
21.89		0.546993		
21.9		0.546969		
21.91		0.546945		
21.92		0.546921		
21.93		0.546897		
21.94		0.546874		
21.95		0.54685		
21.96		0.546826		
21.97		0.546802		
21.98		0.546779		
21.99		0.546755		
22		0.546731		
22.01		0.546708		
22.02		0.546684		
22.03		0.54666		
22.04		0.546637		
22.05		0.546613		
22.06		0.546589		
22.07		0.546566		
22.08		0.546542		
22.09		0.546519		
22.1		0.546495		
22.11		0.546471		
22.12		0.546448		
22.13		0.546424		
22.14		0.546401		
22.15		0.546377		
22.16		0.546354		
22.17		0.54633		
22.18		0.546307		
22.19		0.546283		
22.2		0.54626		
22.21		0.546237		
22.22		0.546213		
22.23		0.54619		
22.24		0.546166		
22.25		0.546143		
22.26		0.54612		
22.27		0.546096		
22.28		0.546073		
22.29		0.546049		
22.3		0.546026		
22.31		0.546003		
22.32		0.54598		
22.33		0.545956		
22.34		0.545933		
22.35		0.54591		
22.36		0.545886		
22.37		0.545863		
22.38		0.54584		
22.39		0.545817		
22.4		0.545794		
22.41		0.54577		
22.42		0.545747		
22.43		0.545724		
22.44		0.545701		
22.45		0.545678		
22.46		0.545655		
22.47		0.545631		
22.48		0.545608		
22.49		0.545585		
22.5		0.545562		
22.51		0.545539		
22.52		0.545516		
22.53		0.545493		
22.54		0.54547		
22.55		0.545447		
22.56		0.545424		
22.57		0.545401		
22.58		0.545378		
22.59		0.545355		
22.6		0.545332		
22.61		0.545309		
22.62		0.545286		
22.63		0.545263		
22.64		0.54524		
22.65		0.545217		
22.66		0.545194		
22.67		0.545171		
22.68		0.545148		
22.69		0.545126		
22.7		0.545103		
22.71		0.54508		
22.72		0.545057		
22.73		0.545034		
22.74		0.545011		
22.75		0.544989		
22.76		0.544966		
22.77		0.544943		
22.78		0.54492		
22.79		0.544898		
22.8		0.544875		
22.81		0.544852		
22.82		0.544829		
22.83		0.544807		
22.84		0.544784		
22.85		0.544761		
22.86		0.544739		
22.87		0.544716		
22.88		0.544693		
22.89		0.544671		
22.9		0.544648		
22.91		0.544625		
22.92		0.544603		
22.93		0.54458		
22.94		0.544558		
22.95		0.544535		
22.96		0.544512		
22.97		0.54449		
22.98		0.544467		
22.99		0.544445		
23		0.544422		
23.01		0.5444		
23.02		0.544377		
23.03		0.544355		
23.04		0.544332		
23.05		0.54431		
23.06		0.544288		
23.07		0.544265		
23.08		0.544243		
23.09		0.54422		
23.1		0.544198		
23.11		0.544175		
23.12		0.544153		
23.13		0.544131		
23.14		0.544108		
23.15		0.544086		
23.16		0.544064		
23.17		0.544041		
23.18		0.544019		
23.19		0.543997		
23.2		0.543974		
23.21		0.543952		
23.22		0.54393		
23.23		0.543908		
23.24		0.543885		
23.25		0.543863		
23.26		0.543841		
23.27		0.543819		
23.28		0.543797		
23.29		0.543774		
23.3		0.543752		
23.31		0.54373		
23.32		0.543708		
23.33		0.543686		
23.34		0.543664		
23.35		0.543642		
23.36		0.543619		
23.37		0.543597		
23.38		0.543575		
23.39		0.543553		
23.4		0.543531		
23.41		0.543509		
23.42		0.543487		
23.43		0.543465		
23.44		0.543443		
23.45		0.543421		
23.46		0.543399		
23.47		0.543377		
23.48		0.543355		
23.49		0.543333		
23.5		0.543311		
23.51		0.543289		
23.52		0.543267		
23.53		0.543245		
23.54		0.543223		
23.55		0.543201		
23.56		0.543179		
23.57		0.543158		
23.58		0.543136		
23.59		0.543114		
23.6		0.543092		
23.61		0.54307		
23.62		0.543048		
23.63		0.543027		
23.64		0.543005		
23.65		0.542983		
23.66		0.542961		
23.67		0.542939		
23.68		0.542918		
23.69		0.542896		
23.7		0.542874		
23.71		0.542852		
23.72		0.542831		
23.73		0.542809		
23.74		0.542787		
23.75		0.542766		
23.76		0.542744		
23.77		0.542722		
23.78		0.542701		
23.79		0.542679		
23.8		0.542657		
23.81		0.542636		
23.82		0.542614		
23.83		0.542592		
23.84		0.542571		
23.85		0.542549		
23.86		0.542528		
23.87		0.542506		
23.88		0.542485		
23.89		0.542463		
23.9		0.542442		
23.91		0.54242		
23.92		0.542399		
23.93		0.542377		
23.94		0.542356		
23.95		0.542334		
23.96		0.542313		
23.97		0.542291		
23.98		0.54227		
23.99		0.542248		
24		0.542227		
24.01		0.542205		
24.02		0.542184		
24.03		0.542163		
24.04		0.542141		
24.05		0.54212		
24.06		0.542099		
24.07		0.542077		
24.08		0.542056		
24.09		0.542035		
24.1		0.542013		
24.11		0.541992		
24.12		0.541971		
24.13		0.541949		
24.14		0.541928		
24.15		0.541907		
24.16		0.541886		
24.17		0.541864		
24.18		0.541843		
24.19		0.541822		
24.2		0.541801		
24.21		0.541779		
24.22		0.541758		
24.23		0.541737		
24.24		0.541716		
24.25		0.541695		
24.26		0.541674		
24.27		0.541652		
24.28		0.541631		
24.29		0.54161		
24.3		0.541589		
24.31		0.541568		
24.32		0.541547		
24.33		0.541526		
24.34		0.541505		
24.35		0.541484		
24.36		0.541463		
24.37		0.541442		
24.38		0.541421		
24.39		0.541399		
24.4		0.541378		
24.41		0.541357		
24.42		0.541336		
24.43		0.541316		
24.44		0.541295		
24.45		0.541274		
24.46		0.541253		
24.47		0.541232		
24.48		0.541211		
24.49		0.54119		
24.5		0.541169		
24.51		0.541148		
24.52		0.541127		
24.53		0.541106		
24.54		0.541085		
24.55		0.541065		
24.56		0.541044		
24.57		0.541023		
24.58		0.541002		
24.59		0.540981		
24.6		0.54096		
24.61		0.54094		
24.62		0.540919		
24.63		0.540898		
24.64		0.540877		
24.65		0.540857		
24.66		0.540836		
24.67		0.540815		
24.68		0.540794		
24.69		0.540774		
24.7		0.540753		
24.71		0.540732		
24.72		0.540711		
24.73		0.540691		
24.74		0.54067		
24.75		0.540649		
24.76		0.540629		
24.77		0.540608		
24.78		0.540588		
24.79		0.540567		
24.8		0.540546		
24.81		0.540526		
24.82		0.540505		
24.83		0.540485		
24.84		0.540464		
24.85		0.540443		
24.86		0.540423		
24.87		0.540402		
24.88		0.540382		
24.89		0.540361		
24.9		0.540341		
24.91		0.54032		
24.92		0.5403		
24.93		0.540279		
24.94		0.540259		
24.95		0.540238		
24.96		0.540218		
24.97		0.540197		
24.98		0.540177		
24.99		0.540157		
25		0.540136		
25.01		0.540116		
25.02		0.540095		
25.03		0.540075		
25.04		0.540055		
25.05		0.540034		
25.06		0.540014		
25.07		0.539994		
25.08		0.539973		
25.09		0.539953		
25.1		0.539933		
25.11		0.539912		
25.12		0.539892		
25.13		0.539872		
25.14		0.539851		
25.15		0.539831		
25.16		0.539811		
25.17		0.539791		
25.18		0.53977		
25.19		0.53975		
25.2		0.53973		
25.21		0.53971		
25.22		0.53969		
25.23		0.539669		
25.24		0.539649		
25.25		0.539629		
25.26		0.539609		
25.27		0.539589		
25.28		0.539568		
25.29		0.539548		
25.3		0.539528		
25.31		0.539508		
25.32		0.539488		
25.33		0.539468		
25.34		0.539448		
25.35		0.539428		
25.36		0.539408		
25.37		0.539388		
25.38		0.539368		
25.39		0.539348		
25.4		0.539327		
25.41		0.539307		
25.42		0.539287		
25.43		0.539267		
25.44		0.539247		
25.45		0.539227		
25.46		0.539207		
25.47		0.539188		
25.48		0.539168		
25.49		0.539148		
25.5		0.539128		
25.51		0.539108		
25.52		0.539088		
25.53		0.539068		
25.54		0.539048		
25.55		0.539028		
25.56		0.539008		
25.57		0.538988		
25.58		0.538969		
25.59		0.538949		
25.6		0.538929		
25.61		0.538909		
25.62		0.538889		
25.63		0.538869		
25.64		0.53885		
25.65		0.53883		
25.66		0.53881		
25.67		0.53879		
25.68		0.53877		
25.69		0.538751		
25.7		0.538731		
25.71		0.538711		
25.72		0.538691		
25.73		0.538672		
25.74		0.538652		
25.75		0.538632		
25.76		0.538613		
25.77		0.538593		
25.78		0.538573		
25.79		0.538554		
25.8		0.538534		
25.81		0.538514		
25.82		0.538495		
25.83		0.538475		
25.84		0.538455		
25.85		0.538436		
25.86		0.538416		
25.87		0.538397		
25.88		0.538377		
25.89		0.538357		
25.9		0.538338		
25.91		0.538318		
25.92		0.538299		
25.93		0.538279		
25.94		0.53826		
25.95		0.53824		
25.96		0.538221		
25.97		0.538201		
25.98		0.538182		
25.99		0.538162		
26		0.538143		
26.01		0.538123		
26.02		0.538104		
26.03		0.538084		
26.04		0.538065		
26.05		0.538045		
26.06		0.538026		
26.07		0.538007		
26.08		0.537987		
26.09		0.537968		
26.1		0.537948		
26.11		0.537929		
26.12		0.53791		
26.13		0.53789		
26.14		0.537871		
26.15		0.537852		
26.16		0.537832		
26.17		0.537813		
26.18		0.537794		
26.19		0.537774		
26.2		0.537755		
26.21		0.537736		
26.22		0.537716		
26.23		0.537697		
26.24		0.537678		
26.25		0.537659		
26.26		0.537639		
26.27		0.53762		
26.28		0.537601		
26.29		0.537582		
26.3		0.537562		
26.31		0.537543		
26.32		0.537524		
26.33		0.537505		
26.34		0.537486		
26.35		0.537467		
26.36		0.537447		
26.37		0.537428		
26.38		0.537409		
26.39		0.53739		
26.4		0.537371		
26.41		0.537352		
26.42		0.537333		
26.43		0.537313		
26.44		0.537294		
26.45		0.537275		
26.46		0.537256		
26.47		0.537237		
26.48		0.537218		
26.49		0.537199		
26.5		0.53718		
26.51		0.537161		
26.52		0.537142		
26.53		0.537123		
26.54		0.537104		
26.55		0.537085		
26.56		0.537066		
26.57		0.537047		
26.58		0.537028		
26.59		0.537009		
26.6		0.53699		
26.61		0.536971		
26.62		0.536952		
26.63		0.536933		
26.64		0.536914		
26.65		0.536896		
26.66		0.536877		
26.67		0.536858		
26.68		0.536839		
26.69		0.53682		
26.7		0.536801		
26.71		0.536782		
26.72		0.536764		
26.73		0.536745		
26.74		0.536726		
26.75		0.536707		
26.76		0.536688		
26.77		0.536669		
26.78		0.536651		
26.79		0.536632		
26.8		0.536613		
26.81		0.536594		
26.82		0.536576		
26.83		0.536557		
26.84		0.536538		
26.85		0.536519		
26.86		0.536501		
26.87		0.536482		
26.88		0.536463		
26.89		0.536444		
26.9		0.536426		
26.91		0.536407		
26.92		0.536388		
26.93		0.53637		
26.94		0.536351		
26.95		0.536332		
26.96		0.536314		
26.97		0.536295		
26.98		0.536277		
26.99		0.536258		
27		0.536239		
27.01		0.536221		
27.02		0.536202		
27.03		0.536184		
27.04		0.536165		
27.05		0.536146		
27.06		0.536128		
27.07		0.536109		
27.08		0.536091		
27.09		0.536072		
27.1		0.536054		
27.11		0.536035		
27.12		0.536017		
27.13		0.535998		
27.14		0.53598		
27.15		0.535961		
27.16		0.535943		
27.17		0.535924		
27.18		0.535906		
27.19		0.535887		
27.2		0.535869		
27.21		0.535851		
27.22		0.535832		
27.23		0.535814		
27.24		0.535795		
27.25		0.535777		
27.26		0.535759		
27.27		0.53574		
27.28		0.535722		
27.29		0.535703		
27.3		0.535685		
27.31		0.535667		
27.32		0.535648		
27.33		0.53563		
27.34		0.535612		
27.35		0.535593		
27.36		0.535575		
27.37		0.535557		
27.38		0.535538		
27.39		0.53552		
27.4		0.535502		
27.41		0.535484		
27.42		0.535465		
27.43		0.535447		
27.44		0.535429		
27.45		0.535411		
27.46		0.535392		
27.47		0.535374		
27.48		0.535356		
27.49		0.535338		
27.5		0.53532		
27.51		0.535301		
27.52		0.535283		
27.53		0.535265		
27.54		0.535247		
27.55		0.535229		
27.56		0.535211		
27.57		0.535193		
27.58		0.535174		
27.59		0.535156		
27.6		0.535138		
27.61		0.53512		
27.62		0.535102		
27.63		0.535084		
27.64		0.535066		
27.65		0.535048		
27.66		0.53503		
27.67		0.535012		
27.68		0.534994		
27.69		0.534976		
27.7		0.534958		
27.71		0.534939		
27.72		0.534921		
27.73		0.534903		
27.74		0.534885		
27.75		0.534867		
27.76		0.534849		
27.77		0.534832		
27.78		0.534814		
27.79		0.534796		
27.8		0.534778		
27.81		0.53476		
27.82		0.534742		
27.83		0.534724		
27.84		0.534706		
27.85		0.534688		
27.86		0.53467		
27.87		0.534652		
27.88		0.534634		
27.89		0.534616		
27.9		0.534599		
27.91		0.534581		
27.92		0.534563		
27.93		0.534545		
27.94		0.534527		
27.95		0.534509		
27.96		0.534492		
27.97		0.534474		
27.98		0.534456		
27.99		0.534438		
28		0.53442		
28.01		0.534403		
28.02		0.534385		
28.03		0.534367		
28.04		0.534349		
28.05		0.534331		
28.06		0.534314		
28.07		0.534296		
28.08		0.534278		
28.09		0.534261		
28.1		0.534243		
28.11		0.534225		
28.12		0.534207		
28.13		0.53419		
28.14		0.534172		
28.15		0.534154		
28.16		0.534137		
28.17		0.534119		
28.18		0.534101		
28.19		0.534084		
28.2		0.534066		
28.21		0.534048		
28.22		0.534031		
28.23		0.534013		
28.24		0.533996		
28.25		0.533978		
28.26		0.53396		
28.27		0.533943		
28.28		0.533925		
28.29		0.533908		
28.3		0.53389		
28.31		0.533873		
28.32		0.533855		
28.33		0.533838		
28.34		0.53382		
28.35		0.533803		
28.36		0.533785		
28.37		0.533768		
28.38		0.53375		
28.39		0.533733		
28.4		0.533715		
28.41		0.533698		
28.42		0.53368		
28.43		0.533663		
28.44		0.533645		
28.45		0.533628		
28.46		0.53361		
28.47		0.533593		
28.48		0.533575		
28.49		0.533558		
28.5		0.533541		
28.51		0.533523		
28.52		0.533506		
28.53		0.533488		
28.54		0.533471		
28.55		0.533454		
28.56		0.533436		
28.57		0.533419		
28.58		0.533402		
28.59		0.533384		
28.6		0.533367		
28.61		0.53335		
28.62		0.533332		
28.63		0.533315		
28.64		0.533298		
28.65		0.533281		
28.66		0.533263		
28.67		0.533246		
28.68		0.533229		
28.69		0.533211		
28.7		0.533194		
28.71		0.533177		
28.72		0.53316		
28.73		0.533142		
28.74		0.533125		
28.75		0.533108		
28.76		0.533091		
28.77		0.533074		
28.78		0.533056		
28.79		0.533039		
28.8		0.533022		
28.81		0.533005		
28.82		0.532988		
28.83		0.532971		
28.84		0.532953		
28.85		0.532936		
28.86		0.532919		
28.87		0.532902		
28.88		0.532885		
28.89		0.532868		
28.9		0.532851		
28.91		0.532834		
28.92		0.532816		
28.93		0.532799		
28.94		0.532782		
28.95		0.532765		
28.96		0.532748		
28.97		0.532731		
28.98		0.532714		
28.99		0.532697		
29		0.53268		
29.01		0.532663		
29.02		0.532646		
29.03		0.532629		
29.04		0.532612		
29.05		0.532595		
29.06		0.532578		
29.07		0.532561		
29.08		0.532544		
29.09		0.532527		
29.1		0.53251		
29.11		0.532493		
29.12		0.532476		
29.13		0.532459		
29.14		0.532442		
29.15		0.532425		
29.16		0.532409		
29.17		0.532392		
29.18		0.532375		
29.19		0.532358		
29.2		0.532341		
29.21		0.532324		
29.22		0.532307		
29.23		0.53229		
29.24		0.532274		
29.25		0.532257		
29.26		0.53224		
29.27		0.532223		
29.28		0.532206		
29.29		0.532189		
29.3		0.532173		
29.31		0.532156		
29.32		0.532139		
29.33		0.532122		
29.34		0.532105		
29.35		0.532089		
29.36		0.532072		
29.37		0.532055		
29.38		0.532038		
29.39		0.532022		
29.4		0.532005		
29.41		0.531988		
29.42		0.531971		
29.43		0.531955		
29.44		0.531938		
29.45		0.531921		
29.46		0.531905		
29.47		0.531888		
29.48		0.531871		
29.49		0.531855		
29.5		0.531838		
29.51		0.531821		
29.52		0.531805		
29.53		0.531788		
29.54		0.531771		
29.55		0.531755		
29.56		0.531738		
29.57		0.531721		
29.58		0.531705		
29.59		0.531688		
29.6		0.531672		
29.61		0.531655		
29.62		0.531638		
29.63		0.531622		
29.64		0.531605		
29.65		0.531589		
29.66		0.531572		
29.67		0.531556		
29.68		0.531539		
29.69		0.531523		
29.7		0.531506		
29.71		0.531489		
29.72		0.531473		
29.73		0.531456		
29.74		0.53144		
29.75		0.531423		
29.76		0.531407		
29.77		0.531391		
29.78		0.531374		
29.79		0.531358		
29.8		0.531341		
29.81		0.531325		
29.82		0.531308		
29.83		0.531292		
29.84		0.531275		
29.85		0.531259		
29.86		0.531243		
29.87		0.531226		
29.88		0.53121		
29.89		0.531193		
29.9		0.531177		
29.91		0.531161		
29.92		0.531144		
29.93		0.531128		
29.94		0.531111		
29.95		0.531095		
29.96		0.531079		
29.97		0.531062		
29.98		0.531046		
29.99		0.53103		
30		0.531013		
30.01		0.530997		
30.02		0.530981		
30.03		0.530965		
30.04		0.530948		
30.05		0.530932		
30.06		0.530916		
30.07		0.530899		
30.08		0.530883		
30.09		0.530867		
30.1		0.530851		
30.11		0.530834		
30.12		0.530818		
30.13		0.530802		
30.14		0.530786		
30.15		0.53077		
30.16		0.530753		
30.17		0.530737		
30.18		0.530721		
30.19		0.530705		
30.2		0.530689		
30.21		0.530672		
30.22		0.530656		
30.23		0.53064		
30.24		0.530624		
30.25		0.530608		
30.26		0.530592		
30.27		0.530576		
30.28		0.530559		
30.29		0.530543		
30.3		0.530527		
30.31		0.530511		
30.32		0.530495		
30.33		0.530479		
30.34		0.530463		
30.35		0.530447		
30.36		0.530431		
30.37		0.530415		
30.38		0.530399		
30.39		0.530382		
30.4		0.530366		
30.41		0.53035		
30.42		0.530334		
30.43		0.530318		
30.44		0.530302		
30.45		0.530286		
30.46		0.53027		
30.47		0.530254		
30.48		0.530238		
30.49		0.530222		
30.5		0.530206		
30.51		0.53019		
30.52		0.530174		
30.53		0.530158		
30.54		0.530143		
30.55		0.530127		
30.56		0.530111		
30.57		0.530095		
30.58		0.530079		
30.59		0.530063		
30.6		0.530047		
30.61		0.530031		
30.62		0.530015		
30.63		0.529999		
30.64		0.529983		
30.65		0.529968		
30.66		0.529952		
30.67		0.529936		
30.68		0.52992		
30.69		0.529904		
30.7		0.529888		
30.71		0.529872		
30.72		0.529857		
30.73		0.529841		
30.74		0.529825		
30.75		0.529809		
30.76		0.529793		
30.77		0.529778		
30.78		0.529762		
30.79		0.529746		
30.8		0.52973		
30.81		0.529714		
30.82		0.529699		
30.83		0.529683		
30.84		0.529667		
30.85		0.529651		
30.86		0.529636		
30.87		0.52962		
30.88		0.529604		
30.89		0.529588		
30.9		0.529573		
30.91		0.529557		
30.92		0.529541		
30.93		0.529526		
30.94		0.52951		
30.95		0.529494		
30.96		0.529479		
30.97		0.529463		
30.98		0.529447		
30.99		0.529432		
31		0.529416		
31.01		0.5294		
31.02		0.529385		
31.03		0.529369		
31.04		0.529353		
31.05		0.529338		
31.06		0.529322		
31.07		0.529307		
31.08		0.529291		
31.09		0.529275		
31.1		0.52926		
31.11		0.529244		
31.12		0.529229		
31.13		0.529213		
31.14		0.529198		
31.15		0.529182		
31.16		0.529166		
31.17		0.529151		
31.18		0.529135		
31.19		0.52912		
31.2		0.529104		
31.21		0.529089		
31.22		0.529073		
31.23		0.529058		
31.24		0.529042		
31.25		0.529027		
31.26		0.529011		
31.27		0.528996		
31.28		0.52898		
31.29		0.528965		
31.3		0.52895		
31.31		0.528934		
31.32		0.528919		
31.33		0.528903		
31.34		0.528888		
31.35		0.528872		
31.36		0.528857		
31.37		0.528842		
31.38		0.528826		
31.39		0.528811		
31.4		0.528795		
31.41		0.52878		
31.42		0.528765		
31.43		0.528749		
31.44		0.528734		
31.45		0.528718		
31.46		0.528703		
31.47		0.528688		
31.48		0.528672		
31.49		0.528657		
31.5		0.528642		
31.51		0.528626		
31.52		0.528611		
31.53		0.528596		
31.54		0.528581		
31.55		0.528565		
31.56		0.52855		
31.57		0.528535		
31.58		0.528519		
31.59		0.528504		
31.6		0.528489		
31.61		0.528474		
31.62		0.528458		
31.63		0.528443		
31.64		0.528428		
31.65		0.528413		
31.66		0.528397		
31.67		0.528382		
31.68		0.528367		
31.69		0.528352		
31.7		0.528336		
31.71		0.528321		
31.72		0.528306		
31.73		0.528291		
31.74		0.528276		
31.75		0.528261		
31.76		0.528245		
31.77		0.52823		
31.78		0.528215		
31.79		0.5282		
31.8		0.528185		
31.81		0.52817		
31.82		0.528155		
31.83		0.528139		
31.84		0.528124		
31.85		0.528109		
31.86		0.528094		
31.87		0.528079		
31.88		0.528064		
31.89		0.528049		
31.9		0.528034		
31.91		0.528019		
31.92		0.528004		
31.93		0.527988		
31.94		0.527973		
31.95		0.527958		
31.96		0.527943		
31.97		0.527928		
31.98		0.527913		
31.99		0.527898		
32		0.527883		
32.01		0.527868		
32.02		0.527853		
32.03		0.527838		
32.04		0.527823		
32.05		0.527808		
32.06		0.527793		
32.07		0.527778		
32.08		0.527763		
32.09		0.527748		
32.1		0.527733		
32.11		0.527718		
32.12		0.527703		
32.13		0.527688		
32.14		0.527674		
32.15		0.527659		
32.16		0.527644		
32.17		0.527629		
32.18		0.527614		
32.19		0.527599		
32.2		0.527584		
32.21		0.527569		
32.22		0.527554		
32.23		0.527539		
32.24		0.527525		
32.25		0.52751		
32.26		0.527495		
32.27		0.52748		
32.28		0.527465		
32.29		0.52745		
32.3		0.527435		
32.31		0.527421		
32.32		0.527406		
32.33		0.527391		
32.34		0.527376		
32.35		0.527361		
32.36		0.527346		
32.37		0.527332		
32.38		0.527317		
32.39		0.527302		
32.4		0.527287		
32.41		0.527273		
32.42		0.527258		
32.43		0.527243		
32.44		0.527228		
32.45		0.527213		
32.46		0.527199		
32.47		0.527184		
32.48		0.527169		
32.49		0.527155		
32.5		0.52714		
32.51		0.527125		
32.52		0.52711		
32.53		0.527096		
32.54		0.527081		
32.55		0.527066		
32.56		0.527052		
32.57		0.527037		
32.58		0.527022		
32.59		0.527008		
32.6		0.526993		
32.61		0.526978		
32.62		0.526964		
32.63		0.526949		
32.64		0.526934		
32.65		0.52692		
32.66		0.526905		
32.67		0.52689		
32.68		0.526876		
32.69		0.526861		
32.7		0.526847		
32.71		0.526832		
32.72		0.526817		
32.73		0.526803		
32.74		0.526788		
32.75		0.526774		
32.76		0.526759		
32.77		0.526744		
32.78		0.52673		
32.79		0.526715		
32.8		0.526701		
32.81		0.526686		
32.82		0.526672		
32.83		0.526657		
32.84		0.526643		
32.85		0.526628		
32.86		0.526614		
32.87		0.526599		
32.88		0.526585		
32.89		0.52657		
32.9		0.526556		
32.91		0.526541		
32.92		0.526527		
32.93		0.526512		
32.94		0.526498		
32.95		0.526483		
32.96		0.526469		
32.97		0.526454		
32.98		0.52644		
32.99		0.526425		
33		0.526411		
33.01		0.526396		
33.02		0.526382		
33.03		0.526368		
33.04		0.526353		
33.05		0.526339		
33.06		0.526324		
33.07		0.52631		
33.08		0.526296		
33.09		0.526281		
33.1		0.526267		
33.11		0.526252		
33.12		0.526238		
33.13		0.526224		
33.14		0.526209		
33.15		0.526195		
33.16		0.526181		
33.17		0.526166		
33.18		0.526152		
33.19		0.526138		
33.2		0.526123		
33.21		0.526109		
33.22		0.526095		
33.23		0.52608		
33.24		0.526066		
33.25		0.526052		
33.26		0.526037		
33.27		0.526023		
33.28		0.526009		
33.29		0.525995		
33.3		0.52598		
33.31		0.525966		
33.32		0.525952		
33.33		0.525937		
33.34		0.525923		
33.35		0.525909		
33.36		0.525895		
33.37		0.525881		
33.38		0.525866		
33.39		0.525852		
33.4		0.525838		
33.41		0.525824		
33.42		0.525809		
33.43		0.525795		
33.44		0.525781		
33.45		0.525767		
33.46		0.525753		
33.47		0.525738		
33.48		0.525724		
33.49		0.52571		
33.5		0.525696		
33.51		0.525682		
33.52		0.525668		
33.53		0.525653		
33.54		0.525639		
33.55		0.525625		
33.56		0.525611		
33.57		0.525597		
33.58		0.525583		
33.59		0.525569		
33.6		0.525555		
33.61		0.52554		
33.62		0.525526		
33.63		0.525512		
33.64		0.525498		
33.65		0.525484		
33.66		0.52547		
33.67		0.525456		
33.68		0.525442		
33.69		0.525428		
33.7		0.525414		
33.71		0.5254		
33.72		0.525386		
33.73		0.525372		
33.74		0.525358		
33.75		0.525344		
33.76		0.525329		
33.77		0.525315		
33.78		0.525301		
33.79		0.525287		
33.8		0.525273		
33.81		0.525259		
33.82		0.525245		
33.83		0.525231		
33.84		0.525217		
33.85		0.525203		
33.86		0.525189		
33.87		0.525176		
33.88		0.525162		
33.89		0.525148		
33.9		0.525134		
33.91		0.52512		
33.92		0.525106		
33.93		0.525092		
33.94		0.525078		
33.95		0.525064		
33.96		0.52505		
33.97		0.525036		
33.98		0.525022		
33.99		0.525008		
34		0.524994		
34.01		0.52498		
34.02		0.524967		
34.03		0.524953		
34.04		0.524939		
34.05		0.524925		
34.06		0.524911		
34.07		0.524897		
34.08		0.524883		
34.09		0.524869		
34.1		0.524856		
34.11		0.524842		
34.12		0.524828		
34.13		0.524814		
34.14		0.5248		
34.15		0.524786		
34.16		0.524773		
34.17		0.524759		
34.18		0.524745		
34.19		0.524731		
34.2		0.524717		
34.21		0.524704		
34.22		0.52469		
34.23		0.524676		
34.24		0.524662		
34.25		0.524648		
34.26		0.524635		
34.27		0.524621		
34.28		0.524607		
34.29		0.524593		
34.3		0.52458		
34.31		0.524566		
34.32		0.524552		
34.33		0.524538		
34.34		0.524525		
34.35		0.524511		
34.36		0.524497		
34.37		0.524484		
34.38		0.52447		
34.39		0.524456		
34.4		0.524442		
34.41		0.524429		
34.42		0.524415		
34.43		0.524401		
34.44		0.524388		
34.45		0.524374		
34.46		0.52436		
34.47		0.524347		
34.48		0.524333		
34.49		0.524319		
34.5		0.524306		
34.51		0.524292		
34.52		0.524278		
34.53		0.524265		
34.54		0.524251		
34.55		0.524238		
34.56		0.524224		
34.57		0.52421		
34.58		0.524197		
34.59		0.524183		
34.6		0.52417		
34.61		0.524156		
34.62		0.524142		
34.63		0.524129		
34.64		0.524115		
34.65		0.524102		
34.66		0.524088		
34.67		0.524074		
34.68		0.524061		
34.69		0.524047		
34.7		0.524034		
34.71		0.52402		
34.72		0.524007		
34.73		0.523993		
34.74		0.52398		
34.75		0.523966		
34.76		0.523953		
34.77		0.523939		
34.78		0.523926		
34.79		0.523912		
34.8		0.523899		
34.81		0.523885		
34.82		0.523872		
34.83		0.523858		
34.84		0.523845		
34.85		0.523831		
34.86		0.523818		
34.87		0.523804		
34.88		0.523791		
34.89		0.523777		
34.9		0.523764		
34.91		0.52375		
34.92		0.523737		
34.93		0.523724		
34.94		0.52371		
34.95		0.523697		
34.96		0.523683		
34.97		0.52367		
34.98		0.523656		
34.99		0.523643		
35		0.52363		
35.01		0.523616		
35.02		0.523603		
35.03		0.523589		
35.04		0.523576		
35.05		0.523563		
35.06		0.523549		
35.07		0.523536		
35.08		0.523523		
35.09		0.523509		
35.1		0.523496		
35.11		0.523482		
35.12		0.523469		
35.13		0.523456		
35.14		0.523442		
35.15		0.523429		
35.16		0.523416		
35.17		0.523402		
35.18		0.523389		
35.19		0.523376		
35.2		0.523363		
35.21		0.523349		
35.22		0.523336		
35.23		0.523323		
35.24		0.523309		
35.25		0.523296		
35.26		0.523283		
35.27		0.52327		
35.28		0.523256		
35.29		0.523243		
35.3		0.52323		
35.31		0.523216		
35.32		0.523203		
35.33		0.52319		
35.34		0.523177		
35.35		0.523163		
35.36		0.52315		
35.37		0.523137		
35.38		0.523124		
35.39		0.523111		
35.4		0.523097		
35.41		0.523084		
35.42		0.523071		
35.43		0.523058		
35.44		0.523045		
35.45		0.523031		
35.46		0.523018		
35.47		0.523005		
35.48		0.522992		
35.49		0.522979		
35.5		0.522965		
35.51		0.522952		
35.52		0.522939		
35.53		0.522926		
35.54		0.522913		
35.55		0.5229		
35.56		0.522887		
35.57		0.522873		
35.58		0.52286		
35.59		0.522847		
35.6		0.522834		
35.61		0.522821		
35.62		0.522808		
35.63		0.522795		
35.64		0.522782		
35.65		0.522769		
35.66		0.522755		
35.67		0.522742		
35.68		0.522729		
35.69		0.522716		
35.7		0.522703		
35.71		0.52269		
35.72		0.522677		
35.73		0.522664		
35.74		0.522651		
35.75		0.522638		
35.76		0.522625		
35.77		0.522612		
35.78		0.522599		
35.79		0.522586		
35.8		0.522573		
35.81		0.52256		
35.82		0.522547		
35.83		0.522534		
35.84		0.522521		
35.85		0.522508		
35.86		0.522495		
35.87		0.522482		
35.88		0.522469		
35.89		0.522456		
35.9		0.522443		
35.91		0.52243		
35.92		0.522417		
35.93		0.522404		
35.94		0.522391		
35.95		0.522378		
35.96		0.522365		
35.97		0.522352		
35.98		0.522339		
35.99		0.522326		
36		0.522313		
36.01		0.5223		
36.02		0.522287		
36.03		0.522274		
36.04		0.522261		
36.05		0.522248		
36.06		0.522235		
36.07		0.522223		
36.08		0.52221		
36.09		0.522197		
36.1		0.522184		
36.11		0.522171		
36.12		0.522158		
36.13		0.522145		
36.14		0.522132		
36.15		0.522119		
36.16		0.522107		
36.17		0.522094		
36.18		0.522081		
36.19		0.522068		
36.2		0.522055		
36.21		0.522042		
36.22		0.522029		
36.23		0.522017		
36.24		0.522004		
36.25		0.521991		
36.26		0.521978		
36.27		0.521965		
36.28		0.521952		
36.29		0.52194		
36.3		0.521927		
36.31		0.521914		
36.32		0.521901		
36.33		0.521888		
36.34		0.521876		
36.35		0.521863		
36.36		0.52185		
36.37		0.521837		
36.38		0.521825		
36.39		0.521812		
36.4		0.521799		
36.41		0.521786		
36.42		0.521774		
36.43		0.521761		
36.44		0.521748		
36.45		0.521735		
36.46		0.521723		
36.47		0.52171		
36.48		0.521697		
36.49		0.521684		
36.5		0.521672		
36.51		0.521659		
36.52		0.521646		
36.53		0.521634		
36.54		0.521621		
36.55		0.521608		
36.56		0.521595		
36.57		0.521583		
36.58		0.52157		
36.59		0.521557		
36.6		0.521545		
36.61		0.521532		
36.62		0.521519		
36.63		0.521507		
36.64		0.521494		
36.65		0.521481		
36.66		0.521469		
36.67		0.521456		
36.68		0.521443		
36.69		0.521431		
36.7		0.521418		
36.71		0.521406		
36.72		0.521393		
36.73		0.52138		
36.74		0.521368		
36.75		0.521355		
36.76		0.521342		
36.77		0.52133		
36.78		0.521317		
36.79		0.521305		
36.8		0.521292		
36.81		0.52128		
36.82		0.521267		
36.83		0.521254		
36.84		0.521242		
36.85		0.521229		
36.86		0.521217		
36.87		0.521204		
36.88		0.521192		
36.89		0.521179		
36.9		0.521166		
36.91		0.521154		
36.92		0.521141		
36.93		0.521129		
36.94		0.521116		
36.95		0.521104		
36.96		0.521091		
36.97		0.521079		
36.98		0.521066		
36.99		0.521054		
37		0.521041		
37.01		0.521029		
37.02		0.521016		
37.03		0.521004		
37.04		0.520991		
37.05		0.520979		
37.06		0.520966		
37.07		0.520954		
37.08		0.520941		
37.09		0.520929		
37.1		0.520916		
37.11		0.520904		
37.12		0.520891		
37.13		0.520879		
37.14		0.520867		
37.15		0.520854		
37.16		0.520842		
37.17		0.520829		
37.18		0.520817		
37.19		0.520804		
37.2		0.520792		
37.21		0.520779		
37.22		0.520767		
37.23		0.520755		
37.24		0.520742		
37.25		0.52073		
37.26		0.520717		
37.27		0.520705		
37.28		0.520693		
37.29		0.52068		
37.3		0.520668		
37.31		0.520656		
37.32		0.520643		
37.33		0.520631		
37.34		0.520618		
37.35		0.520606		
37.36		0.520594		
37.37		0.520581		
37.38		0.520569		
37.39		0.520557		
37.4		0.520544		
37.41		0.520532		
37.42		0.52052		
37.43		0.520507		
37.44		0.520495		
37.45		0.520483		
37.46		0.52047		
37.47		0.520458		
37.48		0.520446		
37.49		0.520433		
37.5		0.520421		
37.51		0.520409		
37.52		0.520397		
37.53		0.520384		
37.54		0.520372		
37.55		0.52036		
37.56		0.520347		
37.57		0.520335		
37.58		0.520323		
37.59		0.520311		
37.6		0.520298		
37.61		0.520286		
37.62		0.520274		
37.63		0.520262		
37.64		0.520249		
37.65		0.520237		
37.66		0.520225		
37.67		0.520213		
37.68		0.5202		
37.69		0.520188		
37.7		0.520176		
37.71		0.520164		
37.72		0.520151		
37.73		0.520139		
37.74		0.520127		
37.75		0.520115		
37.76		0.520103		
37.77		0.52009		
37.78		0.520078		
37.79		0.520066		
37.8		0.520054		
37.81		0.520042		
37.82		0.52003		
37.83		0.520017		
37.84		0.520005		
37.85		0.519993		
37.86		0.519981		
37.87		0.519969		
37.88		0.519957		
37.89		0.519944		
37.9		0.519932		
37.91		0.51992		
37.92		0.519908		
37.93		0.519896		
37.94		0.519884		
37.95		0.519872		
37.96		0.51986		
37.97		0.519847		
37.98		0.519835		
37.99		0.519823		
38		0.519811		
38.01		0.519799		
38.02		0.519787		
38.03		0.519775		
38.04		0.519763		
38.05		0.519751		
38.06		0.519739		
38.07		0.519726		
38.08		0.519714		
38.09		0.519702		
38.1		0.51969		
38.11		0.519678		
38.12		0.519666		
38.13		0.519654		
38.14		0.519642		
38.15		0.51963		
38.16		0.519618		
38.17		0.519606		
38.18		0.519594		
38.19		0.519582		
38.2		0.51957		
38.21		0.519558		
38.22		0.519546		
38.23		0.519534		
38.24		0.519522		
38.25		0.51951		
38.26		0.519498		
38.27		0.519486		
38.28		0.519474		
38.29		0.519462		
38.3		0.51945		
38.31		0.519438		
38.32		0.519426		
38.33		0.519414		
38.34		0.519402		
38.35		0.51939		
38.36		0.519378		
38.37		0.519366		
38.38		0.519354		
38.39		0.519342		
38.4		0.51933		
38.41		0.519318		
38.42		0.519306		
38.43		0.519294		
38.44		0.519282		
38.45		0.51927		
38.46		0.519258		
38.47		0.519247		
38.48		0.519235		
38.49		0.519223		
38.5		0.519211		
38.51		0.519199		
38.52		0.519187		
38.53		0.519175		
38.54		0.519163		
38.55		0.519151		
38.56		0.519139		
38.57		0.519127		
38.58		0.519116		
38.59		0.519104		
38.6		0.519092		
38.61		0.51908		
38.62		0.519068		
38.63		0.519056		
38.64		0.519044		
38.65		0.519033		
38.66		0.519021		
38.67		0.519009		
38.68		0.518997		
38.69		0.518985		
38.7		0.518973		
38.71		0.518961		
38.72		0.51895		
38.73		0.518938		
38.74		0.518926		
38.75		0.518914		
38.76		0.518902		
38.77		0.518891		
38.78		0.518879		
38.79		0.518867		
38.8		0.518855		
38.81		0.518843		
38.82		0.518832		
38.83		0.51882		
38.84		0.518808		
38.85		0.518796		
38.86		0.518784		
38.87		0.518773		
38.88		0.518761		
38.89		0.518749		
38.9		0.518737		
38.91		0.518726		
38.92		0.518714		
38.93		0.518702		
38.94		0.51869		
38.95		0.518679		
38.96		0.518667		
38.97		0.518655		
38.98		0.518643		
38.99		0.518632		
39		0.51862		
39.01		0.518608		
39.02		0.518596		
39.03		0.518585		
39.04		0.518573		
39.05		0.518561		
39.06		0.51855		
39.07		0.518538		
39.08		0.518526		
39.09		0.518514		
39.1		0.518503		
39.11		0.518491		
39.12		0.518479		
39.13		0.518468		
39.14		0.518456		
39.15		0.518444		
39.16		0.518433		
39.17		0.518421		
39.18		0.518409		
39.19		0.518398		
39.2		0.518386		
39.21		0.518374		
39.22		0.518363		
39.23		0.518351		
39.24		0.518339		
39.25		0.518328		
39.26		0.518316		
39.27		0.518305		
39.28		0.518293		
39.29		0.518281		
39.3		0.51827		
39.31		0.518258		
39.32		0.518246		
39.33		0.518235		
39.34		0.518223		
39.35		0.518212		
39.36		0.5182		
39.37		0.518188		
39.38		0.518177		
39.39		0.518165		
39.4		0.518154		
39.41		0.518142		
39.42		0.51813		
39.43		0.518119		
39.44		0.518107		
39.45		0.518096		
39.46		0.518084		
39.47		0.518073		
39.48		0.518061		
39.49		0.518049		
39.5		0.518038		
39.51		0.518026		
39.52		0.518015		
39.53		0.518003		
39.54		0.517992		
39.55		0.51798		
39.56		0.517969		
39.57		0.517957		
39.58		0.517946		
39.59		0.517934		
39.6		0.517923		
39.61		0.517911		
39.62		0.5179		
39.63		0.517888		
39.64		0.517877		
39.65		0.517865		
39.66		0.517854		
39.67		0.517842		
39.68		0.517831		
39.69		0.517819		
39.7		0.517808		
39.71		0.517796		
39.72		0.517785		
39.73		0.517773		
39.74		0.517762		
39.75		0.51775		
39.76		0.517739		
39.77		0.517727		
39.78		0.517716		
39.79		0.517704		
39.8		0.517693		
39.81		0.517682		
39.82		0.51767		
39.83		0.517659		
39.84		0.517647		
39.85		0.517636		
39.86		0.517624		
39.87		0.517613		
39.88		0.517602		
39.89		0.51759		
39.9		0.517579		
39.91		0.517567		
39.92		0.517556		
39.93		0.517544		
39.94		0.517533		
39.95		0.517522		
39.96		0.51751		
39.97		0.517499		
39.98		0.517487		
39.99		0.517476		
40		0.517465		
40.01		0.517453		
40.02		0.517442		
40.03		0.517431		
40.04		0.517419		
40.05		0.517408		
40.06		0.517396		
40.07		0.517385		
40.08		0.517374		
40.09		0.517362		
40.1		0.517351		
40.11		0.51734		
40.12		0.517328		
40.13		0.517317		
40.14		0.517306		
40.15		0.517294		
40.16		0.517283		
40.17		0.517272		
40.18		0.51726		
40.19		0.517249		
40.2		0.517238		
40.21		0.517226		
40.22		0.517215		
40.23		0.517204		
40.24		0.517193		
40.25		0.517181		
40.26		0.51717		
40.27		0.517159		
40.28		0.517147		
40.29		0.517136		
40.3		0.517125		
40.31		0.517114		
40.32		0.517102		
40.33		0.517091		
40.34		0.51708		
40.35		0.517068		
40.36		0.517057		
40.37		0.517046		
40.38		0.517035		
40.39		0.517023		
40.4		0.517012		
40.41		0.517001		
40.42		0.51699		
40.43		0.516978		
40.44		0.516967		
40.45		0.516956		
40.46		0.516945		
40.47		0.516934		
40.48		0.516922		
40.49		0.516911		
40.5		0.5169		
40.51		0.516889		
40.52		0.516877		
40.53		0.516866		
40.54		0.516855		
40.55		0.516844		
40.56		0.516833		
40.57		0.516821		
40.58		0.51681		
40.59		0.516799		
40.6		0.516788		
40.61		0.516777		
40.62		0.516766		
40.63		0.516754		
40.64		0.516743		
40.65		0.516732		
40.66		0.516721		
40.67		0.51671		
40.68		0.516699		
40.69		0.516687		
40.7		0.516676		
40.71		0.516665		
40.72		0.516654		
40.73		0.516643		
40.74		0.516632		
40.75		0.516621		
40.76		0.516609		
40.77		0.516598		
40.78		0.516587		
40.79		0.516576		
40.8		0.516565		
40.81		0.516554		
40.82		0.516543		
40.83		0.516532		
40.84		0.51652		
40.85		0.516509		
40.86		0.516498		
40.87		0.516487		
40.88		0.516476		
40.89		0.516465		
40.9		0.516454		
40.91		0.516443		
40.92		0.516432		
40.93		0.516421		
40.94		0.51641		
40.95		0.516398		
40.96		0.516387		
40.97		0.516376		
40.98		0.516365		
40.99		0.516354		
41		0.516343		
41.01		0.516332		
41.02		0.516321		
41.03		0.51631		
41.04		0.516299		
41.05		0.516288		
41.06		0.516277		
41.07		0.516266		
41.08		0.516255		
41.09		0.516244		
41.1		0.516233		
41.11		0.516222		
41.12		0.516211		
41.13		0.5162		
41.14		0.516189		
41.15		0.516178		
41.16		0.516167		
41.17		0.516156		
41.18		0.516145		
41.19		0.516134		
41.2		0.516123		
41.21		0.516112		
41.22		0.516101		
41.23		0.51609		
41.24		0.516079		
41.25		0.516068		
41.26		0.516057		
41.27		0.516046		
41.28		0.516035		
41.29		0.516024		
41.3		0.516013		
41.31		0.516002		
41.32		0.515991		
41.33		0.51598		
41.34		0.515969		
41.35		0.515958		
41.36		0.515947		
41.37		0.515936		
41.38		0.515925		
41.39		0.515914		
41.4		0.515903		
41.41		0.515892		
41.42		0.515882		
41.43		0.515871		
41.44		0.51586		
41.45		0.515849		
41.46		0.515838		
41.47		0.515827		
41.48		0.515816		
41.49		0.515805		
41.5		0.515794		
41.51		0.515783		
41.52		0.515772		
41.53		0.515762		
41.54		0.515751		
41.55		0.51574		
41.56		0.515729		
41.57		0.515718		
41.58		0.515707		
41.59		0.515696		
41.6		0.515685		
41.61		0.515674		
41.62		0.515664		
41.63		0.515653		
41.64		0.515642		
41.65		0.515631		
41.66		0.51562		
41.67		0.515609		
41.68		0.515598		
41.69		0.515588		
41.7		0.515577		
41.71		0.515566		
41.72		0.515555		
41.73		0.515544		
41.74		0.515533		
41.75		0.515523		
41.76		0.515512		
41.77		0.515501		
41.78		0.51549		
41.79		0.515479		
41.8		0.515468		
41.81		0.515458		
41.82		0.515447		
41.83		0.515436		
41.84		0.515425		
41.85		0.515414		
41.86		0.515404		
41.87		0.515393		
41.88		0.515382		
41.89		0.515371		
41.9		0.51536		
41.91		0.51535		
41.92		0.515339		
41.93		0.515328		
41.94		0.515317		
41.95		0.515307		
41.96		0.515296		
41.97		0.515285		
41.98		0.515274		
41.99		0.515264		
42		0.515253		
42.01		0.515242		
42.02		0.515231		
42.03		0.515221		
42.04		0.51521		
42.05		0.515199		
42.06		0.515188		
42.07		0.515178		
42.08		0.515167		
42.09		0.515156		
42.1		0.515145		
42.11		0.515135		
42.12		0.515124		
42.13		0.515113		
42.14		0.515103		
42.15		0.515092		
42.16		0.515081		
42.17		0.51507		
42.18		0.51506		
42.19		0.515049		
42.2		0.515038		
42.21		0.515028		
42.22		0.515017		
42.23		0.515006		
42.24		0.514996		
42.25		0.514985		
42.26		0.514974		
42.27		0.514963		
42.28		0.514953		
42.29		0.514942		
42.3		0.514931		
42.31		0.514921		
42.32		0.51491		
42.33		0.514899		
42.34		0.514889		
42.35		0.514878		
42.36		0.514867		
42.37		0.514857		
42.38		0.514846		
42.39		0.514836		
42.4		0.514825		
42.41		0.514814		
42.42		0.514804		
42.43		0.514793		
42.44		0.514782		
42.45		0.514772		
42.46		0.514761		
42.47		0.51475		
42.48		0.51474		
42.49		0.514729		
42.5		0.514719		
42.51		0.514708		
42.52		0.514697		
42.53		0.514687		
42.54		0.514676		
42.55		0.514666		
42.56		0.514655		
42.57		0.514644		
42.58		0.514634		
42.59		0.514623		
42.6		0.514613		
42.61		0.514602		
42.62		0.514591		
42.63		0.514581		
42.64		0.51457		
42.65		0.51456		
42.66		0.514549		
42.67		0.514539		
42.68		0.514528		
42.69		0.514517		
42.7		0.514507		
42.71		0.514496		
42.72		0.514486		
42.73		0.514475		
42.74		0.514465		
42.75		0.514454		
42.76		0.514444		
42.77		0.514433		
42.78		0.514423		
42.79		0.514412		
42.8		0.514401		
42.81		0.514391		
42.82		0.51438		
42.83		0.51437		
42.84		0.514359		
42.85		0.514349		
42.86		0.514338		
42.87		0.514328		
42.88		0.514317		
42.89		0.514307		
42.9		0.514296		
42.91		0.514286		
42.92		0.514275		
42.93		0.514265		
42.94		0.514254		
42.95		0.514244		
42.96		0.514233		
42.97		0.514223		
42.98		0.514212		
42.99		0.514202		
43		0.514191		
43.01		0.514181		
43.02		0.51417		
43.03		0.51416		
43.04		0.51415		
43.05		0.514139		
43.06		0.514129		
43.07		0.514118		
43.08		0.514108		
43.09		0.514097		
43.1		0.514087		
43.11		0.514076		
43.12		0.514066		
43.13		0.514055		
43.14		0.514045		
43.15		0.514035		
43.16		0.514024		
43.17		0.514014		
43.18		0.514003		
43.19		0.513993		
43.2		0.513982		
43.21		0.513972		
43.22		0.513962		
43.23		0.513951		
43.24		0.513941		
43.25		0.51393		
43.26		0.51392		
43.27		0.51391		
43.28		0.513899		
43.29		0.513889		
43.3		0.513878		
43.31		0.513868		
43.32		0.513858		
43.33		0.513847		
43.34		0.513837		
43.35		0.513826		
43.36		0.513816		
43.37		0.513806		
43.38		0.513795		
43.39		0.513785		
43.4		0.513775		
43.41		0.513764		
43.42		0.513754		
43.43		0.513743		
43.44		0.513733		
43.45		0.513723		
43.46		0.513712		
43.47		0.513702		
43.48		0.513692		
43.49		0.513681		
43.5		0.513671		
43.51		0.513661		
43.52		0.51365		
43.53		0.51364		
43.54		0.51363		
43.55		0.513619		
43.56		0.513609		
43.57		0.513599		
43.58		0.513588		
43.59		0.513578		
43.6		0.513568		
43.61		0.513557		
43.62		0.513547		
43.63		0.513537		
43.64		0.513526		
43.65		0.513516		
43.66		0.513506		
43.67		0.513496		
43.68		0.513485		
43.69		0.513475		
43.7		0.513465		
43.71		0.513454		
43.72		0.513444		
43.73		0.513434		
43.74		0.513423		
43.75		0.513413		
43.76		0.513403		
43.77		0.513393		
43.78		0.513382		
43.79		0.513372		
43.8		0.513362		
43.81		0.513352		
43.82		0.513341		
43.83		0.513331		
43.84		0.513321		
43.85		0.513311		
43.86		0.5133		
43.87		0.51329		
43.88		0.51328		
43.89		0.51327		
43.9		0.513259		
43.91		0.513249		
43.92		0.513239		
43.93		0.513229		
43.94		0.513218		
43.95		0.513208		
43.96		0.513198		
43.97		0.513188		
43.98		0.513177		
43.99		0.513167		
44		0.513157		
44.01		0.513147		
44.02		0.513137		
44.03		0.513126		
44.04		0.513116		
44.05		0.513106		
44.06		0.513096		
44.07		0.513086		
44.08		0.513075		
44.09		0.513065		
44.1		0.513055		
44.11		0.513045		
44.12		0.513035		
44.13		0.513024		
44.14		0.513014		
44.15		0.513004		
44.16		0.512994		
44.17		0.512984		
44.18		0.512974		
44.19		0.512963		
44.2		0.512953		
44.21		0.512943		
44.22		0.512933		
44.23		0.512923		
44.24		0.512913		
44.25		0.512902		
44.26		0.512892		
44.27		0.512882		
44.28		0.512872		
44.29		0.512862		
44.3		0.512852		
44.31		0.512842		
44.32		0.512831		
44.33		0.512821		
44.34		0.512811		
44.35		0.512801		
44.36		0.512791		
44.37		0.512781		
44.38		0.512771		
44.39		0.51276		
44.4		0.51275		
44.41		0.51274		
44.42		0.51273		
44.43		0.51272		
44.44		0.51271		
44.45		0.5127		
44.46		0.51269		
44.47		0.51268		
44.48		0.51267		
44.49		0.512659		
44.5		0.512649		
44.51		0.512639		
44.52		0.512629		
44.53		0.512619		
44.54		0.512609		
44.55		0.512599		
44.56		0.512589		
44.57		0.512579		
44.58		0.512569		
44.59		0.512559		
44.6		0.512549		
44.61		0.512538		
44.62		0.512552		
44.63		0.512568		
44.64		0.512584		
44.65		0.512599		
44.66		0.512615		
44.67		0.512631		
44.68		0.512647		
44.69		0.512663		
44.7		0.512678		
44.71		0.512694		
44.72		0.51271		
44.73		0.512726		
44.74		0.512742		
44.75		0.512757		
44.76		0.512773		
44.77		0.512789		
44.78		0.512805		
44.79		0.51282		
44.8		0.512836		
44.81		0.512852		
44.82		0.512868		
44.83		0.512883		
44.84		0.512899		
44.85		0.512915		
44.86		0.512931		
44.87		0.512946		
44.88		0.512962		
44.89		0.512978		
44.9		0.512993		
44.91		0.513009		
44.92		0.513025		
44.93		0.513041		
44.94		0.513056		
44.95		0.513072		
44.96		0.513088		
44.97		0.513103		
44.98		0.513119		
44.99		0.513135		
45		0.51315		
45.01		0.513166		
45.02		0.513182		
45.03		0.513197		
45.04		0.513213		
45.05		0.513229		
45.06		0.513244		
45.07		0.51326		
45.08		0.513276		
45.09		0.513291		
45.1		0.513307		
45.11		0.513323		
45.12		0.513338		
45.13		0.513354		
45.14		0.51337		
45.15		0.513385		
45.16		0.513401		
45.17		0.513416		
45.18		0.513432		
45.19		0.513448		
45.2		0.513463		
45.21		0.513479		
45.22		0.513494		
45.23		0.51351		
45.24		0.513526		
45.25		0.513541		
45.26		0.513557		
45.27		0.513572		
45.28		0.513588		
45.29		0.513604		
45.3		0.513619		
45.31		0.513635		
45.32		0.51365		
45.33		0.513666		
45.34		0.513681		
45.35		0.513697		
45.36		0.513712		
45.37		0.513728		
45.38		0.513744		
45.39		0.513759		
45.4		0.513775		
45.41		0.51379		
45.42		0.513806		
45.43		0.513821		
45.44		0.513837		
45.45		0.513852		
45.46		0.513868		
45.47		0.513883		
45.48		0.513899		
45.49		0.513914		
45.5		0.51393		
45.51		0.513945		
45.52		0.513961		
45.53		0.513976		
45.54		0.513992		
45.55		0.514007		
45.56		0.514023		
45.57		0.514038		
45.58		0.514054		
45.59		0.514069		
45.6		0.514085		
45.61		0.5141		
45.62		0.514115		
45.63		0.514131		
45.64		0.514146		
45.65		0.514162		
45.66		0.514177		
45.67		0.514193		
45.68		0.514208		
45.69		0.514224		
45.7		0.514239		
45.71		0.514254		
45.72		0.51427		
45.73		0.514285		
45.74		0.514301		
45.75		0.514316		
45.76		0.514331		
45.77		0.514347		
45.78		0.514362		
45.79		0.514378		
45.8		0.514393		
45.81		0.514408		
45.82		0.514424		
45.83		0.514439		
45.84		0.514455		
45.85		0.51447		
45.86		0.514485		
45.87		0.514501		
45.88		0.514516		
45.89		0.514531		
45.9		0.514547		
45.91		0.514562		
45.92		0.514577		
45.93		0.514593		
45.94		0.514608		
45.95		0.514624		
45.96		0.514639		
45.97		0.514654		
45.98		0.51467		
45.99		0.514685		
46		0.5147		
46.01		0.514716		
46.02		0.514731		
46.03		0.514746		
46.04		0.514761		
46.05		0.514777		
46.06		0.514792		
46.07		0.514807		
46.08		0.514823		
46.09		0.514838		
46.1		0.514853		
46.11		0.514869		
46.12		0.514884		
46.13		0.514899		
46.14		0.514914		
46.15		0.51493		
46.16		0.514945		
46.17		0.51496		
46.18		0.514975		
46.19		0.514991		
46.2		0.515006		
46.21		0.515021		
46.22		0.515036		
46.23		0.515052		
46.24		0.515067		
46.25		0.515082		
46.26		0.515097		
46.27		0.515113		
46.28		0.515128		
46.29		0.515143		
46.3		0.515158		
46.31		0.515174		
46.32		0.515189		
46.33		0.515204		
46.34		0.515219		
46.35		0.515234		
46.36		0.51525		
46.37		0.515265		
46.38		0.51528		
46.39		0.515295		
46.4		0.51531		
46.41		0.515326		
46.42		0.515341		
46.43		0.515356		
46.44		0.515371		
46.45		0.515386		
46.46		0.515401		
46.47		0.515417		
46.48		0.515432		
46.49		0.515447		
46.5		0.515462		
46.51		0.515477		
46.52		0.515492		
46.53		0.515508		
46.54		0.515523		
46.55		0.515538		
46.56		0.515553		
46.57		0.515568		
46.58		0.515583		
46.59		0.515598		
46.6		0.515614		
46.61		0.515629		
46.62		0.515644		
46.63		0.515659		
46.64		0.515674		
46.65		0.515689		
46.66		0.515704		
46.67		0.515719		
46.68		0.515734		
46.69		0.51575		
46.7		0.515765		
46.71		0.51578		
46.72		0.515795		
46.73		0.51581		
46.74		0.515825		
46.75		0.51584		
46.76		0.515855		
46.77		0.51587		
46.78		0.515885		
46.79		0.5159		
46.8		0.515916		
46.81		0.515931		
46.82		0.515946		
46.83		0.515961		
46.84		0.515976		
46.85		0.515991		
46.86		0.516006		
46.87		0.516021		
46.88		0.516036		
46.89		0.516051		
46.9		0.516066		
46.91		0.516081		
46.92		0.516096		
46.93		0.516111		
46.94		0.516126		
46.95		0.516141		
46.96		0.516156		
46.97		0.516171		
46.98		0.516186		
46.99		0.516201		
47		0.516216		
47.01		0.516231		
47.02		0.516246		
47.03		0.516261		
47.04		0.516276		
47.05		0.516291		
47.06		0.516306		
47.07		0.516321		
47.08		0.516336		
47.09		0.516351		
47.1		0.516366		
47.11		0.516381		
47.12		0.516396		
47.13		0.516411		
47.14		0.516426		
47.15		0.516441		
47.16		0.516456		
47.17		0.516471		
47.18		0.516486		
47.19		0.516501		
47.2		0.516516		
47.21		0.516531		
47.22		0.516546		
47.23		0.516561		
47.24		0.516576		
47.25		0.516591		
47.26		0.516606		
47.27		0.516621		
47.28		0.516636		
47.29		0.516651		
47.3		0.516665		
47.31		0.51668		
47.32		0.516695		
47.33		0.51671		
47.34		0.516725		
47.35		0.51674		
47.36		0.516755		
47.37		0.51677		
47.38		0.516785		
47.39		0.5168		
47.4		0.516815		
47.41		0.51683		
47.42		0.516844		
47.43		0.516859		
47.44		0.516874		
47.45		0.516889		
47.46		0.516904		
47.47		0.516919		
47.48		0.516934		
47.49		0.516949		
47.5		0.516964		
47.51		0.516978		
47.52		0.516993		
47.53		0.517008		
47.54		0.517023		
47.55		0.517038		
47.56		0.517053		
47.57		0.517068		
47.58		0.517083		
47.59		0.517097		
47.6		0.517112		
47.61		0.517127		
47.62		0.517142		
47.63		0.517157		
47.64		0.517172		
47.65		0.517186		
47.66		0.517201		
47.67		0.517216		
47.68		0.517231		
47.69		0.517246		
47.7		0.517261		
47.71		0.517275		
47.72		0.51729		
47.73		0.517305		
47.74		0.51732		
47.75		0.517335		
47.76		0.517349		
47.77		0.517364		
47.78		0.517379		
47.79		0.517394		
47.8		0.517409		
47.81		0.517423		
47.82		0.517438		
47.83		0.517453		
47.84		0.517468		
47.85		0.517483		
47.86		0.517497		
47.87		0.517512		
47.88		0.517527		
47.89		0.517542		
47.9		0.517557		
47.91		0.517571		
47.92		0.517586		
47.93		0.517601		
47.94		0.517616		
47.95		0.51763		
47.96		0.517645		
47.97		0.51766		
47.98		0.517675		
47.99		0.517689		
48		0.517704		
48.01		0.517719		
48.02		0.517734		
48.03		0.517748		
48.04		0.517763		
48.05		0.517778		
48.06		0.517793		
48.07		0.517807		
48.08		0.517822		
48.09		0.517837		
48.1		0.517851		
48.11		0.517866		
48.12		0.517881		
48.13		0.517896		
48.14		0.51791		
48.15		0.517925		
48.16		0.51794		
48.17		0.517954		
48.18		0.517969		
48.19		0.517984		
48.2		0.517998		
48.21		0.518013		
48.22		0.518028		
48.23		0.518042		
48.24		0.518057		
48.25		0.518072		
48.26		0.518087		
48.27		0.518101		
48.28		0.518116		
48.29		0.518131		
48.3		0.518145		
48.31		0.51816		
48.32		0.518175		
48.33		0.518189		
48.34		0.518204		
48.35		0.518218		
48.36		0.518233		
48.37		0.518248		
48.38		0.518262		
48.39		0.518277		
48.4		0.518292		
48.41		0.518306		
48.42		0.518321		
48.43		0.518336		
48.44		0.51835		
48.45		0.518365		
48.46		0.518379		
48.47		0.518394		
48.48		0.518409		
48.49		0.518423		
48.5		0.518438		
48.51		0.518453		
48.52		0.518467		
48.53		0.518482		
48.54		0.518496		
48.55		0.518511		
48.56		0.518526		
48.57		0.51854		
48.58		0.518555		
48.59		0.518569		
48.6		0.518584		
48.61		0.518598		
48.62		0.518613		
48.63		0.518628		
48.64		0.518642		
48.65		0.518657		
48.66		0.518671		
48.67		0.518686		
48.68		0.5187		
48.69		0.518715		
48.7		0.51873		
48.71		0.518744		
48.72		0.518759		
48.73		0.518773		
48.74		0.518788		
48.75		0.518802		
48.76		0.518817		
48.77		0.518831		
48.78		0.518846		
48.79		0.51886		
48.8		0.518875		
48.81		0.51889		
48.82		0.518904		
48.83		0.518919		
48.84		0.518933		
48.85		0.518948		
48.86		0.518962		
48.87		0.518977		
48.88		0.518991		
48.89		0.519006		
48.9		0.51902		
48.91		0.519035		
48.92		0.519049		
48.93		0.519064		
48.94		0.519078		
48.95		0.519093		
48.96		0.519107		
48.97		0.519122		
48.98		0.519136		
48.99		0.519151		
49		0.519165		
49.01		0.51918		
49.02		0.519194		
49.03		0.519209		
49.04		0.519223		
49.05		0.519237		
49.06		0.519252		
49.07		0.519266		
49.08		0.519281		
49.09		0.519295		
49.1		0.51931		
49.11		0.519324		
49.12		0.519339		
49.13		0.519353		
49.14		0.519368		
49.15		0.519382		
49.16		0.519396		
49.17		0.519411		
49.18		0.519425		
49.19		0.51944		
49.2		0.519454		
49.21		0.519469		
49.22		0.519483		
49.23		0.519497		
49.24		0.519512		
49.25		0.519526		
49.26		0.519541		
49.27		0.519555		
49.28		0.519569		
49.29		0.519584		
49.3		0.519598		
49.31		0.519613		
49.32		0.519627		
49.33		0.519641		
49.34		0.519656		
49.35		0.51967		
49.36		0.519685		
49.37		0.519699		
49.38		0.519713		
49.39		0.519728		
49.4		0.519742		
49.41		0.519756		
49.42		0.519771		
49.43		0.519785		
49.44		0.5198		
49.45		0.519814		
49.46		0.519828		
49.47		0.519843		
49.48		0.519857		
49.49		0.519871		
49.5		0.519886		
49.51		0.5199		
49.52		0.519914		
49.53		0.519929		
49.54		0.519943		
49.55		0.519957		
49.56		0.519972		
49.57		0.519986		
49.58		0.52		
49.59		0.520015		
49.6		0.520029		
49.61		0.520043		
49.62		0.520058		
49.63		0.520072		
49.64		0.520086		
49.65		0.520101		
49.66		0.520115		
49.67		0.520129		
49.68		0.520143		
49.69		0.520158		
49.7		0.520172		
49.71		0.520186		
49.72		0.520201		
49.73		0.520215		
49.74		0.520229		
49.75		0.520244		
49.76		0.520258		
49.77		0.520272		
49.78		0.520286		
49.79		0.520301		
49.8		0.520315		
49.81		0.520329		
49.82		0.520343		
49.83		0.520358		
49.84		0.520372		
49.85		0.520386		
49.86		0.5204		
49.87		0.520415		
49.88		0.520429		
49.89		0.520443		
49.9		0.520457		
49.91		0.520472		
49.92		0.520486		
49.93		0.5205		
49.94		0.520514		
49.95		0.520529		
49.96		0.520543		
49.97		0.520557		
49.98		0.520571		
49.99		0.520586		
50		0.5206		
