tau [fm]		tau_pi
0.25		0.84032
0.26		0.839883		
0.27		0.839416		
0.28		0.838961		
0.29		0.838516		
0.3		0.838081		
0.31		0.837653		
0.32		0.837233		
0.33		0.83682		
0.34		0.836413		
0.35		0.836012		
0.36		0.835615		
0.37		0.835224		
0.38		0.834838		
0.39		0.834456		
0.4		0.834079		
0.41		0.833705		
0.42		0.833336		
0.43		0.832971		
0.44		0.83261		
0.45		0.832254		
0.46		0.831901		
0.47		0.831552		
0.48		0.831206		
0.49		0.830865		
0.5		0.830528		
0.51		0.830194		
0.52		0.829865		
0.53		0.829539		
0.54		0.829217		
0.55		0.828899		
0.56		0.828585		
0.57		0.828274		
0.58		0.827968		
0.59		0.827665		
0.6		0.827366		
0.61		0.827071		
0.62		0.826779		
0.63		0.826491		
0.64		0.826207		
0.65		0.825927		
0.66		0.82565		
0.67		0.825377		
0.68		0.825107		
0.69		0.824841		
0.7		0.824578		
0.71		0.824319		
0.72		0.824063		
0.73		0.823811		
0.74		0.823562		
0.75		0.823316		
0.76		0.823074		
0.77		0.822834		
0.78		0.822598		
0.79		0.822365		
0.8		0.822135		
0.81		0.821909		
0.82		0.821685		
0.83		0.821464		
0.84		0.821246		
0.85		0.821031		
0.86		0.820818		
0.87		0.820609		
0.88		0.820402		
0.89		0.820198		
0.9		0.819996		
0.91		0.819797		
0.92		0.819601		
0.93		0.819407		
0.94		0.819215		
0.95		0.819026		
0.96		0.81884		
0.97		0.818655		
0.98		0.818473		
0.99		0.818293		
1		0.818115		
1.01		0.81794		
1.02		0.817766		
1.03		0.817595		
1.04		0.817425		
1.05		0.817258		
1.06		0.817092		
1.07		0.816928		
1.08		0.816767		
1.09		0.816607		
1.1		0.816448		
1.11		0.816292		
1.12		0.816137		
1.13		0.815984		
1.14		0.815832		
1.15		0.815683		
1.16		0.815534		
1.17		0.815387		
1.18		0.815242		
1.19		0.815098		
1.2		0.814956		
1.21		0.814815		
1.22		0.814675		
1.23		0.814537		
1.24		0.8144		
1.25		0.814264		
1.26		0.81413		
1.27		0.813996		
1.28		0.813864		
1.29		0.813734		
1.3		0.813604		
1.31		0.813475		
1.32		0.813348		
1.33		0.813221		
1.34		0.813096		
1.35		0.812971		
1.36		0.812848		
1.37		0.812725		
1.38		0.812604		
1.39		0.812483		
1.4		0.812363		
1.41		0.812245		
1.42		0.812127		
1.43		0.812009		
1.44		0.811893		
1.45		0.811778		
1.46		0.811663		
1.47		0.811549		
1.48		0.811436		
1.49		0.811323		
1.5		0.811211		
1.51		0.8111		
1.52		0.81099		
1.53		0.81088		
1.54		0.810771		
1.55		0.810662		
1.56		0.810554		
1.57		0.810447		
1.58		0.81034		
1.59		0.810234		
1.6		0.810129		
1.61		0.810024		
1.62		0.809919		
1.63		0.809815		
1.64		0.809712		
1.65		0.809609		
1.66		0.809506		
1.67		0.809404		
1.68		0.809303		
1.69		0.809201		
1.7		0.809101		
1.71		0.809		
1.72		0.808901		
1.73		0.808801		
1.74		0.808702		
1.75		0.808603		
1.76		0.808505		
1.77		0.808407		
1.78		0.80831		
1.79		0.808212		
1.8		0.808115		
1.81		0.808019		
1.82		0.807923		
1.83		0.807827		
1.84		0.807731		
1.85		0.807636		
1.86		0.807541		
1.87		0.807446		
1.88		0.807352		
1.89		0.807258		
1.9		0.807164		
1.91		0.807071		
1.92		0.806977		
1.93		0.806884		
1.94		0.806792		
1.95		0.806699		
1.96		0.806607		
1.97		0.806515		
1.98		0.806423		
1.99		0.806331		
2		0.80624		
2.01		0.806149		
2.02		0.806058		
2.03		0.805967		
2.04		0.805877		
2.05		0.805786		
2.06		0.805696		
2.07		0.805606		
2.08		0.805516		
2.09		0.805427		
2.1		0.805338		
2.11		0.805248		
2.12		0.805159		
2.13		0.805071		
2.14		0.804982		
2.15		0.804894		
2.16		0.804805		
2.17		0.804717		
2.18		0.804629		
2.19		0.804541		
2.2		0.804454		
2.21		0.804366		
2.22		0.804279		
2.23		0.804192		
2.24		0.804105		
2.25		0.804018		
2.26		0.803931		
2.27		0.803844		
2.28		0.803758		
2.29		0.803672		
2.3		0.803586		
2.31		0.8035		
2.32		0.803414		
2.33		0.803328		
2.34		0.803242		
2.35		0.803157		
2.36		0.803072		
2.37		0.802986		
2.38		0.802901		
2.39		0.802816		
2.4		0.802732		
2.41		0.802647		
2.42		0.802562		
2.43		0.802478		
2.44		0.802394		
2.45		0.802309		
2.46		0.802225		
2.47		0.802141		
2.48		0.802058		
2.49		0.801974		
2.5		0.80189		
2.51		0.801807		
2.52		0.801724		
2.53		0.801641		
2.54		0.801558		
2.55		0.801475		
2.56		0.801392		
2.57		0.801309		
2.58		0.801227		
2.59		0.801144		
2.6		0.801062		
2.61		0.80098		
2.62		0.800898		
2.63		0.800816		
2.64		0.800734		
2.65		0.800652		
2.66		0.800571		
2.67		0.800489		
2.68		0.800408		
2.69		0.800327		
2.7		0.800246		
2.71		0.800165		
2.72		0.800084		
2.73		0.800003		
2.74		0.799922		
2.75		0.799842		
2.76		0.799762		
2.77		0.799681		
2.78		0.799601		
2.79		0.799521		
2.8		0.799441		
2.81		0.799362		
2.82		0.799282		
2.83		0.799203		
2.84		0.799123		
2.85		0.799044		
2.86		0.798965		
2.87		0.798886		
2.88		0.798807		
2.89		0.798728		
2.9		0.79865		
2.91		0.798571		
2.92		0.798493		
2.93		0.798415		
2.94		0.798337		
2.95		0.798259		
2.96		0.798181		
2.97		0.798103		
2.98		0.798026		
2.99		0.797948		
3		0.797871		
3.01		0.797794		
3.02		0.797717		
3.03		0.79764		
3.04		0.797563		
3.05		0.797486		
3.06		0.79741		
3.07		0.797334		
3.08		0.797257		
3.09		0.797181		
3.1		0.797105		
3.11		0.79703		
3.12		0.796954		
3.13		0.796878		
3.14		0.796803		
3.15		0.796728		
3.16		0.796652		
3.17		0.796577		
3.18		0.796503		
3.19		0.796428		
3.2		0.796353		
3.21		0.796279		
3.22		0.796205		
3.23		0.79613		
3.24		0.796056		
3.25		0.795983		
3.26		0.795909		
3.27		0.795835		
3.28		0.795762		
3.29		0.795689		
3.3		0.795615		
3.31		0.795542		
3.32		0.795469		
3.33		0.795397		
3.34		0.795324		
3.35		0.795252		
3.36		0.795179		
3.37		0.795107		
3.38		0.795035		
3.39		0.794964		
3.4		0.794892		
3.41		0.79482		
3.42		0.794749		
3.43		0.794678		
3.44		0.794607		
3.45		0.794536		
3.46		0.794465		
3.47		0.794394		
3.48		0.794324		
3.49		0.794253		
3.5		0.794183		
3.51		0.794113		
3.52		0.794043		
3.53		0.793973		
3.54		0.793904		
3.55		0.793834		
3.56		0.793765		
3.57		0.793696		
3.58		0.793627		
3.59		0.793558		
3.6		0.79349		
3.61		0.793421		
3.62		0.793353		
3.63		0.793284		
3.64		0.793216		
3.65		0.793149		
3.66		0.793081		
3.67		0.793013		
3.68		0.792946		
3.69		0.792878		
3.7		0.792811		
3.71		0.792744		
3.72		0.792678		
3.73		0.792611		
3.74		0.792544		
3.75		0.792478		
3.76		0.792412		
3.77		0.792346		
3.78		0.79228		
3.79		0.792214		
3.8		0.792149		
3.81		0.792083		
3.82		0.792018		
3.83		0.791953		
3.84		0.791888		
3.85		0.791823		
3.86		0.791759		
3.87		0.791694		
3.88		0.79163		
3.89		0.791566		
3.9		0.791502		
3.91		0.791438		
3.92		0.791375		
3.93		0.791311		
3.94		0.791248		
3.95		0.791185		
3.96		0.791122		
3.97		0.791059		
3.98		0.790996		
3.99		0.790934		
4		0.790871		
4.01		0.790809		
4.02		0.790747		
4.03		0.790685		
4.04		0.790623		
4.05		0.790562		
4.06		0.7905		
4.07		0.790439		
4.08		0.790378		
4.09		0.790317		
4.1		0.790256		
4.11		0.790196		
4.12		0.790135		
4.13		0.790075		
4.14		0.790015		
4.15		0.789955		
4.16		0.789895		
4.17		0.789835		
4.18		0.789776		
4.19		0.789716		
4.2		0.789657		
4.21		0.789598		
4.22		0.789539		
4.23		0.789481		
4.24		0.789422		
4.25		0.789364		
4.26		0.789305		
4.27		0.789247		
4.28		0.789189		
4.29		0.789132		
4.3		0.789074		
4.31		0.789017		
4.32		0.788959		
4.33		0.788902		
4.34		0.788845		
4.35		0.788788		
4.36		0.788732		
4.37		0.788675		
4.38		0.788619		
4.39		0.788563		
4.4		0.788507		
4.41		0.788451		
4.42		0.788395		
4.43		0.78834		
4.44		0.788284		
4.45		0.788229		
4.46		0.788174		
4.47		0.788119		
4.48		0.788064		
4.49		0.78801		
4.5		0.787955		
4.51		0.787901		
4.52		0.787847		
4.53		0.787793		
4.54		0.787739		
4.55		0.787685		
4.56		0.787632		
4.57		0.787578		
4.58		0.787525		
4.59		0.787472		
4.6		0.787419		
4.61		0.787366		
4.62		0.787314		
4.63		0.787261		
4.64		0.787209		
4.65		0.787157		
4.66		0.787105		
4.67		0.787053		
4.68		0.787001		
4.69		0.78695		
4.7		0.786898		
4.71		0.786847		
4.72		0.786796		
4.73		0.786745		
4.74		0.786694		
4.75		0.786643		
4.76		0.786593		
4.77		0.786543		
4.78		0.786492		
4.79		0.786442		
4.8		0.786393		
4.81		0.786343		
4.82		0.786293		
4.83		0.786244		
4.84		0.786194		
4.85		0.786145		
4.86		0.786096		
4.87		0.786047		
4.88		0.785999		
4.89		0.78595		
4.9		0.785902		
4.91		0.785853		
4.92		0.785805		
4.93		0.785757		
4.94		0.785709		
4.95		0.785662		
4.96		0.785614		
4.97		0.785567		
4.98		0.785519		
4.99		0.785472		
5		0.785425		
5.01		0.785378		
5.02		0.785332		
5.03		0.785285		
5.04		0.785239		
5.05		0.785192		
5.06		0.785146		
5.07		0.7851		
5.08		0.785054		
5.09		0.785009		
5.1		0.784963		
5.11		0.784918		
5.12		0.784872		
5.13		0.784827		
5.14		0.784782		
5.15		0.784737		
5.16		0.784693		
5.17		0.784648		
5.18		0.784604		
5.19		0.784559		
5.2		0.784515		
5.21		0.784471		
5.22		0.784427		
5.23		0.784383		
5.24		0.78434		
5.25		0.784296		
5.26		0.784253		
5.27		0.784209		
5.28		0.784166		
5.29		0.784123		
5.3		0.78408		
5.31		0.784038		
5.32		0.783995		
5.33		0.783953		
5.34		0.78391		
5.35		0.783868		
5.36		0.783826		
5.37		0.783784		
5.38		0.783742		
5.39		0.783701		
5.4		0.783659		
5.41		0.783618		
5.42		0.783576		
5.43		0.783535		
5.44		0.783494		
5.45		0.783453		
5.46		0.783413		
5.47		0.783372		
5.48		0.783331		
5.49		0.783291		
5.5		0.783251		
5.51		0.783211		
5.52		0.783171		
5.53		0.783131		
5.54		0.783091		
5.55		0.783051		
5.56		0.783012		
5.57		0.782972		
5.58		0.782933		
5.59		0.782894		
5.6		0.782855		
5.61		0.782816		
5.62		0.782777		
5.63		0.782738		
5.64		0.7827		
5.65		0.782661		
5.66		0.782623		
5.67		0.782585		
5.68		0.782547		
5.69		0.782509		
5.7		0.782471		
5.71		0.782433		
5.72		0.782396		
5.73		0.782358		
5.74		0.782321		
5.75		0.782284		
5.76		0.782247		
5.77		0.78221		
5.78		0.782173		
5.79		0.782136		
5.8		0.782099		
5.81		0.782063		
5.82		0.782026		
5.83		0.78199		
5.84		0.781954		
5.85		0.781918		
5.86		0.781882		
5.87		0.781846		
5.88		0.78181		
5.89		0.781774		
5.9		0.781739		
5.91		0.781703		
5.92		0.781668		
5.93		0.781633		
5.94		0.781598		
5.95		0.781563		
5.96		0.781528		
5.97		0.781493		
5.98		0.781459		
5.99		0.781424		
6		0.78139		
6.01		0.781355		
6.02		0.781321		
6.03		0.781287		
6.04		0.781253		
6.05		0.781219		
6.06		0.781185		
6.07		0.781151		
6.08		0.781118		
6.09		0.781084		
6.1		0.781051		
6.11		0.781018		
6.12		0.780985		
6.13		0.780951		
6.14		0.780918		
6.15		0.780886		
6.16		0.780853		
6.17		0.78082		
6.18		0.780788		
6.19		0.780755		
6.2		0.780723		
6.21		0.78069		
6.22		0.780658		
6.23		0.780626		
6.24		0.780594		
6.25		0.780562		
6.26		0.780531		
6.27		0.780499		
6.28		0.780467		
6.29		0.780436		
6.3		0.780405		
6.31		0.780373		
6.32		0.780342		
6.33		0.780311		
6.34		0.78028		
6.35		0.780249		
6.36		0.780218		
6.37		0.780187		
6.38		0.780157		
6.39		0.780126		
6.4		0.780096		
6.41		0.780066		
6.42		0.780035		
6.43		0.780005		
6.44		0.779975		
6.45		0.779945		
6.46		0.779915		
6.47		0.779885		
6.48		0.779856		
6.49		0.779826		
6.5		0.779797		
6.51		0.779767		
6.52		0.779738		
6.53		0.779709		
6.54		0.779679		
6.55		0.77965		
6.56		0.779621		
6.57		0.779592		
6.58		0.779564		
6.59		0.779535		
6.6		0.779506		
6.61		0.779478		
6.62		0.779449		
6.63		0.779421		
6.64		0.779393		
6.65		0.779364		
6.66		0.779336		
6.67		0.779308		
6.68		0.77928		
6.69		0.779252		
6.7		0.779225		
6.71		0.779197		
6.72		0.779169		
6.73		0.779142		
6.74		0.779114		
6.75		0.779087		
6.76		0.779059		
6.77		0.779032		
6.78		0.779005		
6.79		0.778978		
6.8		0.778951		
6.81		0.778924		
6.82		0.778897		
6.83		0.778871		
6.84		0.778844		
6.85		0.778817		
6.86		0.778791		
6.87		0.778764		
6.88		0.778738		
6.89		0.778712		
6.9		0.778686		
6.91		0.778659		
6.92		0.778633		
6.93		0.778607		
6.94		0.778581		
6.95		0.778556		
6.96		0.77853		
6.97		0.778504		
6.98		0.778479		
6.99		0.778453		
7		0.778428		
7.01		0.778402		
7.02		0.778377		
7.03		0.778352		
7.04		0.778327		
7.05		0.778302		
7.06		0.778276		
7.07		0.778252		
7.08		0.778227		
7.09		0.778202		
7.1		0.778177		
7.11		0.778152		
7.12		0.778128		
7.13		0.778103		
7.14		0.778079		
7.15		0.778055		
7.16		0.77803		
7.17		0.778006		
7.18		0.777982		
7.19		0.777958		
7.2		0.777934		
7.21		0.77791		
7.22		0.777886		
7.23		0.777862		
7.24		0.777838		
7.25		0.777814		
7.26		0.777791		
7.27		0.777767		
7.28		0.777744		
7.29		0.77772		
7.3		0.777697		
7.31		0.777674		
7.32		0.77765		
7.33		0.777627		
7.34		0.777604		
7.35		0.777581		
7.36		0.777558		
7.37		0.777535		
7.38		0.777512		
7.39		0.777489		
7.4		0.777467		
7.41		0.777444		
7.42		0.777421		
7.43		0.777399		
7.44		0.777376		
7.45		0.777354		
7.46		0.777331		
7.47		0.777309		
7.48		0.777287		
7.49		0.777265		
7.5		0.777242		
7.51		0.77722		
7.52		0.777198		
7.53		0.777176		
7.54		0.777155		
7.55		0.777133		
7.56		0.777111		
7.57		0.777089		
7.58		0.777067		
7.59		0.777046		
7.6		0.777024		
7.61		0.777003		
7.62		0.776981		
7.63		0.77696		
7.64		0.776939		
7.65		0.776917		
7.66		0.776896		
7.67		0.776875		
7.68		0.776854		
7.69		0.776833		
7.7		0.776812		
7.71		0.776791		
7.72		0.77677		
7.73		0.776749		
7.74		0.776728		
7.75		0.776708		
7.76		0.776687		
7.77		0.776666		
7.78		0.776646		
7.79		0.776625		
7.8		0.776605		
7.81		0.776584		
7.82		0.776564		
7.83		0.776544		
7.84		0.776523		
7.85		0.776503		
7.86		0.776483		
7.87		0.776463		
7.88		0.776443		
7.89		0.776423		
7.9		0.776403		
7.91		0.776383		
7.92		0.776363		
7.93		0.776343		
7.94		0.776323		
7.95		0.776304		
7.96		0.776284		
7.97		0.776264		
7.98		0.776245		
7.99		0.776225		
8		0.776206		
8.01		0.776186		
8.02		0.776167		
8.03		0.776148		
8.04		0.776128		
8.05		0.776109		
8.06		0.77609		
8.07		0.776071		
8.08		0.776052		
8.09		0.776033		
8.1		0.776014		
8.11		0.775995		
8.12		0.775976		
8.13		0.775957		
8.14		0.775938		
8.15		0.775919		
8.16		0.7759		
8.17		0.775882		
8.18		0.775863		
8.19		0.775844		
8.2		0.775826		
8.21		0.775807		
8.22		0.775789		
8.23		0.77577		
8.24		0.775752		
8.25		0.775734		
8.26		0.775715		
8.27		0.775697		
8.28		0.775679		
8.29		0.77566		
8.3		0.775642		
8.31		0.775624		
8.32		0.775606		
8.33		0.775588		
8.34		0.77557		
8.35		0.775552		
8.36		0.775534		
8.37		0.775516		
8.38		0.775499		
8.39		0.775481		
8.4		0.775463		
8.41		0.775445		
8.42		0.775428		
8.43		0.77541		
8.44		0.775392		
8.45		0.775375		
8.46		0.775357		
8.47		0.77534		
8.48		0.775322		
8.49		0.775305		
8.5		0.775288		
8.51		0.77527		
8.52		0.775253		
8.53		0.775236		
8.54		0.775219		
8.55		0.775201		
8.56		0.775184		
8.57		0.775167		
8.58		0.77515		
8.59		0.775133		
8.6		0.775116		
8.61		0.775099		
8.62		0.775082		
8.63		0.775065		
8.64		0.775048		
8.65		0.775032		
8.66		0.775015		
8.67		0.774998		
8.68		0.774981		
8.69		0.774965		
8.7		0.774948		
8.71		0.774931		
8.72		0.774915		
8.73		0.774898		
8.74		0.774882		
8.75		0.774865		
8.76		0.774849		
8.77		0.774832		
8.78		0.774816		
8.79		0.7748		
8.8		0.774783		
8.81		0.774767		
8.82		0.774751		
8.83		0.774734		
8.84		0.774718		
8.85		0.774702		
8.86		0.774686		
8.87		0.77467		
8.88		0.774654		
8.89		0.774638		
8.9		0.774622		
8.91		0.774606		
8.92		0.77459		
8.93		0.774574		
8.94		0.774558		
8.95		0.774542		
8.96		0.774526		
8.97		0.774511		
8.98		0.774495		
8.99		0.774479		
9		0.774463		
9.01		0.774448		
9.02		0.774432		
9.03		0.774417		
9.04		0.774401		
9.05		0.774385		
9.06		0.77437		
9.07		0.774354		
9.08		0.774339		
9.09		0.774323		
9.1		0.774308		
9.11		0.774293		
9.12		0.774277		
9.13		0.774262		
9.14		0.774247		
9.15		0.774231		
9.16		0.774216		
9.17		0.774201		
9.18		0.774186		
9.19		0.774171		
9.2		0.774155		
9.21		0.77414		
9.22		0.774125		
9.23		0.77411		
9.24		0.774095		
9.25		0.77408		
9.26		0.774065		
9.27		0.77405		
9.28		0.774035		
9.29		0.77402		
9.3		0.774006		
9.31		0.773991		
9.32		0.773976		
9.33		0.773961		
9.34		0.773946		
9.35		0.773932		
9.36		0.773917		
9.37		0.773902		
9.38		0.773887		
9.39		0.773873		
9.4		0.773858		
9.41		0.773844		
9.42		0.773829		
9.43		0.773814		
9.44		0.7738		
9.45		0.773785		
9.46		0.773771		
9.47		0.773756		
9.48		0.773742		
9.49		0.773728		
9.5		0.773713		
9.51		0.773699		
9.52		0.773685		
9.53		0.77367		
9.54		0.773656		
9.55		0.773642		
9.56		0.773627		
9.57		0.773613		
9.58		0.773599		
9.59		0.773585		
9.6		0.773571		
9.61		0.773556		
9.62		0.773542		
9.63		0.773528		
9.64		0.773514		
9.65		0.7735		
9.66		0.773486		
9.67		0.773472		
9.68		0.773458		
9.69		0.773444		
9.7		0.77343		
9.71		0.773416		
9.72		0.773402		
9.73		0.773388		
9.74		0.773375		
9.75		0.773361		
9.76		0.773347		
9.77		0.773333		
9.78		0.773319		
9.79		0.773306		
9.8		0.773292		
9.81		0.773278		
9.82		0.773264		
9.83		0.773251		
9.84		0.773237		
9.85		0.773224		
9.86		0.77321		
9.87		0.773196		
9.88		0.773183		
9.89		0.773169		
9.9		0.773156		
9.91		0.773142		
9.92		0.773129		
9.93		0.773115		
9.94		0.773102		
9.95		0.773088		
9.96		0.773075		
9.97		0.773061		
9.98		0.773048		
9.99		0.773035		
10		0.773021		
10.01		0.773008		
10.02		0.772995		
10.03		0.772981		
10.04		0.772968		
10.05		0.772955		
10.06		0.772942		
10.07		0.772928		
10.08		0.772915		
10.09		0.772902		
10.1		0.772889		
10.11		0.772876		
10.12		0.772862		
10.13		0.772849		
10.14		0.772836		
10.15		0.772823		
10.16		0.77281		
10.17		0.772797		
10.18		0.772784		
10.19		0.772771		
10.2		0.772758		
10.21		0.772745		
10.22		0.772732		
10.23		0.772719		
10.24		0.772706		
10.25		0.772693		
10.26		0.77268		
10.27		0.772667		
10.28		0.772655		
10.29		0.772642		
10.3		0.772629		
10.31		0.772616		
10.32		0.772603		
10.33		0.77259		
10.34		0.772578		
10.35		0.772565		
10.36		0.772552		
10.37		0.772539		
10.38		0.772527		
10.39		0.772514		
10.4		0.772501		
10.41		0.772489		
10.42		0.772476		
10.43		0.772463		
10.44		0.772451		
10.45		0.772438		
10.46		0.772426		
10.47		0.772413		
10.48		0.7724		
10.49		0.772388		
10.5		0.772375		
10.51		0.772363		
10.52		0.77235		
10.53		0.772338		
10.54		0.772325		
10.55		0.772313		
10.56		0.772301		
10.57		0.772288		
10.58		0.772276		
10.59		0.772263		
10.6		0.772251		
10.61		0.772239		
10.62		0.772226		
10.63		0.772214		
10.64		0.772202		
10.65		0.772189		
10.66		0.772177		
10.67		0.772165		
10.68		0.772152		
10.69		0.77214		
10.7		0.772128		
10.71		0.772116		
10.72		0.772103		
10.73		0.772091		
10.74		0.772079		
10.75		0.772067		
10.76		0.772055		
10.77		0.772042		
10.78		0.77203		
10.79		0.772018		
10.8		0.772006		
10.81		0.771994		
10.82		0.771982		
10.83		0.77197		
10.84		0.771958		
10.85		0.771946		
10.86		0.771934		
10.87		0.771922		
10.88		0.77191		
10.89		0.771898		
10.9		0.771886		
10.91		0.771874		
10.92		0.771862		
10.93		0.77185		
10.94		0.771838		
10.95		0.771826		
10.96		0.771814		
10.97		0.771802		
10.98		0.77179		
10.99		0.771778		
11		0.771766		
11.01		0.771755		
11.02		0.771743		
11.03		0.771731		
11.04		0.771719		
11.05		0.771707		
11.06		0.771696		
11.07		0.771684		
11.08		0.771672		
11.09		0.77166		
11.1		0.771649		
11.11		0.771637		
11.12		0.771625		
11.13		0.771613		
11.14		0.771602		
11.15		0.77159		
11.16		0.771578		
11.17		0.771567		
11.18		0.771555		
11.19		0.771543		
11.2		0.771532		
11.21		0.77152		
11.22		0.771508		
11.23		0.771497		
11.24		0.771485		
11.25		0.771474		
11.26		0.771462		
11.27		0.771451		
11.28		0.771439		
11.29		0.771428		
11.3		0.771416		
11.31		0.771405		
11.32		0.771393		
11.33		0.771382		
11.34		0.77137		
11.35		0.771359		
11.36		0.771347		
11.37		0.771336		
11.38		0.771324		
11.39		0.771313		
11.4		0.771301		
11.41		0.77129		
11.42		0.771279		
11.43		0.771267		
11.44		0.771256		
11.45		0.771245		
11.46		0.771233		
11.47		0.771222		
11.48		0.771211		
11.49		0.771199		
11.5		0.771188		
11.51		0.771177		
11.52		0.771165		
11.53		0.771154		
11.54		0.771143		
11.55		0.771131		
11.56		0.77112		
11.57		0.771109		
11.58		0.771098		
11.59		0.771087		
11.6		0.771075		
11.61		0.771064		
11.62		0.771053		
11.63		0.771042		
11.64		0.771031		
11.65		0.771019		
11.66		0.771008		
11.67		0.770997		
11.68		0.770986		
11.69		0.770975		
11.7		0.770964		
11.71		0.770953		
11.72		0.770942		
11.73		0.770931		
11.74		0.770919		
11.75		0.770908		
11.76		0.770897		
11.77		0.770886		
11.78		0.770875		
11.79		0.770864		
11.8		0.770853		
11.81		0.770842		
11.82		0.770831		
11.83		0.77082		
11.84		0.770809		
11.85		0.770798		
11.86		0.770787		
11.87		0.770776		
11.88		0.770765		
11.89		0.770755		
11.9		0.770744		
11.91		0.770733		
11.92		0.770722		
11.93		0.770711		
11.94		0.7707		
11.95		0.770689		
11.96		0.770678		
11.97		0.770667		
11.98		0.770657		
11.99		0.770646		
12		0.770635		
12.01		0.770624		
12.02		0.770613		
12.03		0.770602		
12.04		0.770592		
12.05		0.770581		
12.06		0.77057		
12.07		0.770559		
12.08		0.770549		
12.09		0.770538		
12.1		0.770527		
12.11		0.770516		
12.12		0.770506		
12.13		0.770495		
12.14		0.770484		
12.15		0.770473		
12.16		0.770463		
12.17		0.770452		
12.18		0.770441		
12.19		0.770431		
12.2		0.77042		
12.21		0.770409		
12.22		0.770399		
12.23		0.770388		
12.24		0.770378		
12.25		0.770367		
12.26		0.770356		
12.27		0.770346		
12.28		0.770335		
12.29		0.770325		
12.3		0.770314		
12.31		0.770303		
12.32		0.770293		
12.33		0.770282		
12.34		0.770272		
12.35		0.770261		
12.36		0.770251		
12.37		0.77024		
12.38		0.77023		
12.39		0.770219		
12.4		0.770209		
12.41		0.770198		
12.42		0.770188		
12.43		0.770177		
12.44		0.770167		
12.45		0.770156		
12.46		0.770146		
12.47		0.770136		
12.48		0.770125		
12.49		0.770115		
12.5		0.770104		
12.51		0.770094		
12.52		0.770084		
12.53		0.770073		
12.54		0.770063		
12.55		0.770052		
12.56		0.770042		
12.57		0.770032		
12.58		0.770021		
12.59		0.770011		
12.6		0.770001		
12.61		0.76999		
12.62		0.76998		
12.63		0.76997		
12.64		0.76996		
12.65		0.769949		
12.66		0.769939		
12.67		0.769929		
12.68		0.769918		
12.69		0.769908		
12.7		0.769898		
12.71		0.769888		
12.72		0.769878		
12.73		0.769867		
12.74		0.769857		
12.75		0.769847		
12.76		0.769837		
12.77		0.769827		
12.78		0.769816		
12.79		0.769806		
12.8		0.769796		
12.81		0.769786		
12.82		0.769776		
12.83		0.769766		
12.84		0.769755		
12.85		0.769745		
12.86		0.769735		
12.87		0.769725		
12.88		0.769715		
12.89		0.769705		
12.9		0.769695		
12.91		0.769685		
12.92		0.769675		
12.93		0.769665		
12.94		0.769655		
12.95		0.769645		
12.96		0.769635		
12.97		0.769624		
12.98		0.769614		
12.99		0.769604		
13		0.769594		
13.01		0.769584		
13.02		0.769574		
13.03		0.769565		
13.04		0.769555		
13.05		0.769545		
13.06		0.769535		
13.07		0.769525		
13.08		0.769515		
13.09		0.769505		
13.1		0.769495		
13.11		0.769485		
13.12		0.769475		
13.13		0.769465		
13.14		0.769455		
13.15		0.769445		
13.16		0.769435		
13.17		0.769426		
13.18		0.769416		
13.19		0.769406		
13.2		0.769396		
13.21		0.769386		
13.22		0.769376		
13.23		0.769367		
13.24		0.769357		
13.25		0.769347		
13.26		0.769337		
13.27		0.769327		
13.28		0.769318		
13.29		0.769308		
13.3		0.769298		
13.31		0.769288		
13.32		0.769278		
13.33		0.769269		
13.34		0.769259		
13.35		0.769249		
13.36		0.76924		
13.37		0.76923		
13.38		0.76922		
13.39		0.76921		
13.4		0.769201		
13.41		0.769191		
13.42		0.769181		
13.43		0.769172		
13.44		0.769162		
13.45		0.769152		
13.46		0.769143		
13.47		0.769133		
13.48		0.769123		
13.49		0.769114		
13.5		0.769104		
13.51		0.769095		
13.52		0.769085		
13.53		0.769075		
13.54		0.769066		
13.55		0.769056		
13.56		0.769047		
13.57		0.769037		
13.58		0.769028		
13.59		0.769018		
13.6		0.769009		
13.61		0.768999		
13.62		0.768989		
13.63		0.76898		
13.64		0.76897		
13.65		0.768961		
13.66		0.768951		
13.67		0.768942		
13.68		0.768932		
13.69		0.768923		
13.7		0.768914		
13.71		0.768904		
13.72		0.768895		
13.73		0.768885		
13.74		0.768876		
13.75		0.768866		
13.76		0.768857		
13.77		0.768848		
13.78		0.768838		
13.79		0.768829		
13.8		0.768819		
13.81		0.76881		
13.82		0.768801		
13.83		0.768791		
13.84		0.768782		
13.85		0.768773		
13.86		0.768763		
13.87		0.768754		
13.88		0.768745		
13.89		0.768735		
13.9		0.768726		
13.91		0.768717		
13.92		0.768707		
13.93		0.768698		
13.94		0.768689		
13.95		0.76868		
13.96		0.76867		
13.97		0.768661		
13.98		0.768652		
13.99		0.768643		
14		0.768633		
14.01		0.768624		
14.02		0.768615		
14.03		0.768606		
14.04		0.768597		
14.05		0.768587		
14.06		0.768578		
14.07		0.768569		
14.08		0.76856		
14.09		0.768551		
14.1		0.768542		
14.11		0.768532		
14.12		0.768523		
14.13		0.768514		
14.14		0.768505		
14.15		0.768496		
14.16		0.768487		
14.17		0.768478		
14.18		0.768469		
14.19		0.76846		
14.2		0.768451		
14.21		0.768441		
14.22		0.768432		
14.23		0.768423		
14.24		0.768414		
14.25		0.768405		
14.26		0.768396		
14.27		0.768387		
14.28		0.768378		
14.29		0.768369		
14.3		0.76836		
14.31		0.768351		
14.32		0.768342		
14.33		0.768333		
14.34		0.768324		
14.35		0.768315		
14.36		0.768306		
14.37		0.768298		
14.38		0.768289		
14.39		0.76828		
14.4		0.768271		
14.41		0.768262		
14.42		0.768253		
14.43		0.768244		
14.44		0.768235		
14.45		0.768226		
14.46		0.768218		
14.47		0.768209		
14.48		0.7682		
14.49		0.768191		
14.5		0.768182		
14.51		0.768173		
14.52		0.768164		
14.53		0.768156		
14.54		0.768147		
14.55		0.768138		
14.56		0.768129		
14.57		0.768121		
14.58		0.768112		
14.59		0.768103		
14.6		0.768094		
14.61		0.768086		
14.62		0.768077		
14.63		0.768068		
14.64		0.768059		
14.65		0.768051		
14.66		0.768042		
14.67		0.768033		
14.68		0.768025		
14.69		0.768016		
14.7		0.768007		
14.71		0.767999		
14.72		0.76799		
14.73		0.767981		
14.74		0.767973		
14.75		0.767964		
14.76		0.767955		
14.77		0.767947		
14.78		0.767938		
14.79		0.76793		
14.8		0.767921		
14.81		0.767912		
14.82		0.767904		
14.83		0.767895		
14.84		0.767887		
14.85		0.767878		
14.86		0.76787		
14.87		0.767861		
14.88		0.767853		
14.89		0.767844		
14.9		0.767836		
14.91		0.767827		
14.92		0.767819		
14.93		0.76781		
14.94		0.767802		
14.95		0.767793		
14.96		0.767785		
14.97		0.767776		
14.98		0.767768		
14.99		0.767759		
15		0.767751		
15.01		0.767743		
15.02		0.767734		
15.03		0.767726		
15.04		0.767717		
15.05		0.767709		
15.06		0.767701		
15.07		0.767692		
15.08		0.767684		
15.09		0.767676		
15.1		0.767667		
15.11		0.767659		
15.12		0.767651		
15.13		0.767642		
15.14		0.767634		
15.15		0.767626		
15.16		0.767617		
15.17		0.767609		
15.18		0.767601		
15.19		0.767593		
15.2		0.767584		
15.21		0.767576		
15.22		0.767568		
15.23		0.76756		
15.24		0.767551		
15.25		0.767543		
15.26		0.767535		
15.27		0.767527		
15.28		0.767519		
15.29		0.76751		
15.3		0.767502		
15.31		0.767494		
15.32		0.767486		
15.33		0.767478		
15.34		0.76747		
15.35		0.767461		
15.36		0.767453		
15.37		0.767445		
15.38		0.767437		
15.39		0.767429		
15.4		0.767421		
15.41		0.767413		
15.42		0.767405		
15.43		0.767397		
15.44		0.767389		
15.45		0.767381		
15.46		0.767373		
15.47		0.767365		
15.48		0.767357		
15.49		0.767349		
15.5		0.767341		
15.51		0.767333		
15.52		0.767325		
15.53		0.767317		
15.54		0.767309		
15.55		0.767301		
15.56		0.767293		
15.57		0.767285		
15.58		0.767277		
15.59		0.767269		
15.6		0.767261		
15.61		0.767253		
15.62		0.767245		
15.63		0.767237		
15.64		0.76723		
15.65		0.767222		
15.66		0.767214		
15.67		0.767206		
15.68		0.767198		
15.69		0.76719		
15.7		0.767182		
15.71		0.767175		
15.72		0.767167		
15.73		0.767159		
15.74		0.767151		
15.75		0.767143		
15.76		0.767136		
15.77		0.767128		
15.78		0.76712		
15.79		0.767112		
15.8		0.767105		
15.81		0.767097		
15.82		0.767089		
15.83		0.767082		
15.84		0.767074		
15.85		0.767066		
15.86		0.767058		
15.87		0.767051		
15.88		0.767043		
15.89		0.767035		
15.9		0.767028		
15.91		0.76702		
15.92		0.767013		
15.93		0.767005		
15.94		0.766997		
15.95		0.76699		
15.96		0.766982		
15.97		0.766974		
15.98		0.766967		
15.99		0.766959		
16		0.766952		
16.01		0.766944		
16.02		0.766937		
16.03		0.766929		
16.04		0.766922		
16.05		0.766914		
16.06		0.766907		
16.07		0.766899		
16.08		0.766892		
16.09		0.766884		
16.1		0.766877		
16.11		0.766869		
16.12		0.766862		
16.13		0.766854		
16.14		0.766847		
16.15		0.766839		
16.16		0.766832		
16.17		0.766825		
16.18		0.766817		
16.19		0.76681		
16.2		0.766802		
16.21		0.766795		
16.22		0.766788		
16.23		0.76678		
16.24		0.766773		
16.25		0.766766		
16.26		0.766758		
16.27		0.766751		
16.28		0.766744		
16.29		0.766736		
16.3		0.766729		
16.31		0.766722		
16.32		0.766715		
16.33		0.766707		
16.34		0.7667		
16.35		0.766693		
16.36		0.766686		
16.37		0.766678		
16.38		0.766671		
16.39		0.766664		
16.4		0.766657		
16.41		0.76665		
16.42		0.766642		
16.43		0.766635		
16.44		0.766628		
16.45		0.766621		
16.46		0.766614		
16.47		0.766607		
16.48		0.7666		
16.49		0.766592		
16.5		0.766585		
16.51		0.766578		
16.52		0.766571		
16.53		0.766564		
16.54		0.766557		
16.55		0.76655		
16.56		0.766543		
16.57		0.766536		
16.58		0.766529		
16.59		0.766522		
16.6		0.766515		
16.61		0.766508		
16.62		0.766501		
16.63		0.766494		
16.64		0.766487		
16.65		0.76648		
16.66		0.766473		
16.67		0.766466		
16.68		0.766459		
16.69		0.766452		
16.7		0.766445		
16.71		0.766438		
16.72		0.766431		
16.73		0.766425		
16.74		0.766418		
16.75		0.766411		
16.76		0.766404		
16.77		0.766397		
16.78		0.76639		
16.79		0.766383		
16.8		0.766377		
16.81		0.76637		
16.82		0.766363		
16.83		0.766356		
16.84		0.766349		
16.85		0.766343		
16.86		0.766336		
16.87		0.766329		
16.88		0.766322		
16.89		0.766316		
16.9		0.766309		
16.91		0.766302		
16.92		0.766295		
16.93		0.766289		
16.94		0.766282		
16.95		0.766275		
16.96		0.766269		
16.97		0.766262		
16.98		0.766255		
16.99		0.766249		
17		0.766242		
17.01		0.766235		
17.02		0.766229		
17.03		0.766222		
17.04		0.766216		
17.05		0.766209		
17.06		0.766203		
17.07		0.766196		
17.08		0.766189		
17.09		0.766183		
17.1		0.766176		
17.11		0.76617		
17.12		0.766163		
17.13		0.766157		
17.14		0.76615		
17.15		0.766144		
17.16		0.766137		
17.17		0.766131		
17.18		0.766124		
17.19		0.766118		
17.2		0.766111		
17.21		0.766105		
17.22		0.766099		
17.23		0.766092		
17.24		0.766086		
17.25		0.766079		
17.26		0.766073		
17.27		0.766067		
17.28		0.76606		
17.29		0.766054		
17.3		0.766048		
17.31		0.766041		
17.32		0.766035		
17.33		0.766029		
17.34		0.766022		
17.35		0.766016		
17.36		0.76601		
17.37		0.766003		
17.38		0.765997		
17.39		0.765991		
17.4		0.765985		
17.41		0.765978		
17.42		0.765972		
17.43		0.765966		
17.44		0.76596		
17.45		0.765954		
17.46		0.765947		
17.47		0.765941		
17.48		0.765935		
17.49		0.765929		
17.5		0.765923		
17.51		0.765917		
17.52		0.76591		
17.53		0.765904		
17.54		0.765898		
17.55		0.765892		
17.56		0.765886		
17.57		0.76588		
17.58		0.765874		
17.59		0.765868		
17.6		0.765862		
17.61		0.765856		
17.62		0.76585		
17.63		0.765844		
17.64		0.765838		
17.65		0.765832		
17.66		0.765826		
17.67		0.76582		
17.68		0.765814		
17.69		0.765808		
17.7		0.765802		
17.71		0.765796		
17.72		0.76579		
17.73		0.765784		
17.74		0.765778		
17.75		0.765772		
17.76		0.765766		
17.77		0.76576		
17.78		0.765754		
17.79		0.765749		
17.8		0.765743		
17.81		0.765737		
17.82		0.765731		
17.83		0.765725		
17.84		0.765719		
17.85		0.765714		
17.86		0.765708		
17.87		0.765702		
17.88		0.765696		
17.89		0.76569		
17.9		0.765685		
17.91		0.765679		
17.92		0.765673		
17.93		0.765667		
17.94		0.765662		
17.95		0.765656		
17.96		0.76565		
17.97		0.765645		
17.98		0.765639		
17.99		0.765633		
18		0.765628		
18.01		0.765622		
18.02		0.765616		
18.03		0.765611		
18.04		0.765605		
18.05		0.765599		
18.06		0.765594		
18.07		0.765588		
18.08		0.765583		
18.09		0.765577		
18.1		0.765572		
18.11		0.765566		
18.12		0.76556		
18.13		0.765555		
18.14		0.765549		
18.15		0.765544		
18.16		0.765538		
18.17		0.765533		
18.18		0.765527		
18.19		0.765522		
18.2		0.765517		
18.21		0.765511		
18.22		0.765506		
18.23		0.7655		
18.24		0.765495		
18.25		0.765489		
18.26		0.765484		
18.27		0.765479		
18.28		0.765473		
18.29		0.765468		
18.3		0.765462		
18.31		0.765457		
18.32		0.765452		
18.33		0.765446		
18.34		0.765441		
18.35		0.765436		
18.36		0.76543		
18.37		0.765425		
18.38		0.76542		
18.39		0.765415		
18.4		0.765409		
18.41		0.765404		
18.42		0.765399		
18.43		0.765394		
18.44		0.765388		
18.45		0.765383		
18.46		0.765378		
18.47		0.765373		
18.48		0.765368		
18.49		0.765363		
18.5		0.765357		
18.51		0.765352		
18.52		0.765347		
18.53		0.765342		
18.54		0.765337		
18.55		0.765332		
18.56		0.765327		
18.57		0.765322		
18.58		0.765316		
18.59		0.765311		
18.6		0.765306		
18.61		0.765301		
18.62		0.765296		
18.63		0.765291		
18.64		0.765286		
18.65		0.765281		
18.66		0.765276		
18.67		0.765271		
18.68		0.765266		
18.69		0.765261		
18.7		0.765256		
18.71		0.765251		
18.72		0.765246		
18.73		0.765241		
18.74		0.765237		
18.75		0.765232		
18.76		0.765227		
18.77		0.765222		
18.78		0.765217		
18.79		0.765212		
18.8		0.765207		
18.81		0.765202		
18.82		0.765198		
18.83		0.765193		
18.84		0.765188		
18.85		0.765183		
18.86		0.765178		
18.87		0.765174		
18.88		0.765169		
18.89		0.765164		
18.9		0.765159		
18.91		0.765154		
18.92		0.76515		
18.93		0.765145		
18.94		0.76514		
18.95		0.765136		
18.96		0.765131		
18.97		0.765126		
18.98		0.765122		
18.99		0.765117		
19		0.765112		
19.01		0.765108		
19.02		0.765103		
19.03		0.765098		
19.04		0.765094		
19.05		0.765089		
19.06		0.765085		
19.07		0.76508		
19.08		0.765075		
19.09		0.765071		
19.1		0.765066		
19.11		0.765062		
19.12		0.765057		
19.13		0.765053		
19.14		0.765048		
19.15		0.765044		
19.16		0.765039		
19.17		0.765035		
19.18		0.76503		
19.19		0.765026		
19.2		0.765021		
19.21		0.765017		
19.22		0.765012		
19.23		0.765008		
19.24		0.765004		
19.25		0.764999		
19.26		0.764995		
19.27		0.76499		
19.28		0.764986		
19.29		0.764982		
19.3		0.764977		
19.31		0.764973		
19.32		0.764969		
19.33		0.764964		
19.34		0.76496		
19.35		0.764956		
19.36		0.764951		
19.37		0.764947		
19.38		0.764943		
19.39		0.764939		
19.4		0.764934		
19.41		0.76493		
19.42		0.764926		
19.43		0.764922		
19.44		0.764917		
19.45		0.764913		
19.46		0.764909		
19.47		0.764905		
19.48		0.764901		
19.49		0.764897		
19.5		0.764892		
19.51		0.764888		
19.52		0.764884		
19.53		0.76488		
19.54		0.764876		
19.55		0.764872		
19.56		0.764868		
19.57		0.764864		
19.58		0.76486		
19.59		0.764855		
19.6		0.764851		
19.61		0.764847		
19.62		0.764843		
19.63		0.764839		
19.64		0.764835		
19.65		0.764831		
19.66		0.764827		
19.67		0.764823		
19.68		0.764819		
19.69		0.764815		
19.7		0.764812		
19.71		0.764808		
19.72		0.764804		
19.73		0.7648		
19.74		0.764796		
19.75		0.764792		
19.76		0.764788		
19.77		0.764784		
19.78		0.76478		
19.79		0.764776		
19.8		0.764773		
19.81		0.764769		
19.82		0.764765		
19.83		0.764761		
19.84		0.764757		
19.85		0.764754		
19.86		0.76475		
19.87		0.764746		
19.88		0.764742		
19.89		0.764738		
19.9		0.764735		
19.91		0.764731		
19.92		0.764727		
19.93		0.764724		
19.94		0.76472		
19.95		0.764716		
19.96		0.764712		
19.97		0.764709		
19.98		0.764705		
19.99		0.764701		
20		0.764698		
20.01		0.764694		
20.02		0.764691		
20.03		0.764687		
20.04		0.764683		
20.05		0.76468		
20.06		0.764676		
20.07		0.764673		
20.08		0.764669		
20.09		0.764665		
20.1		0.764662		
20.11		0.764658		
20.12		0.764655		
20.13		0.764651		
20.14		0.764648		
20.15		0.764644		
20.16		0.764641		
20.17		0.764637		
20.18		0.764634		
20.19		0.764631		
20.2		0.764627		
20.21		0.764624		
20.22		0.76462		
20.23		0.764617		
20.24		0.764613		
20.25		0.76461		
20.26		0.764607		
20.27		0.764603		
20.28		0.7646		
20.29		0.764597		
20.3		0.764593		
20.31		0.76459		
20.32		0.764587		
20.33		0.764583		
20.34		0.76458		
20.35		0.764577		
20.36		0.764573		
20.37		0.76457		
20.38		0.764567		
20.39		0.764564		
20.4		0.76456		
20.41		0.764557		
20.42		0.764554		
20.43		0.764551		
20.44		0.764547		
20.45		0.764544		
20.46		0.764541		
20.47		0.764538		
20.48		0.764535		
20.49		0.764532		
20.5		0.764528		
20.51		0.764525		
20.52		0.764522		
20.53		0.764519		
20.54		0.764516		
20.55		0.764513		
20.56		0.76451		
20.57		0.764507		
20.58		0.764504		
20.59		0.764501		
20.6		0.764498		
20.61		0.764495		
20.62		0.764492		
20.63		0.764489		
20.64		0.764486		
20.65		0.764483		
20.66		0.76448		
20.67		0.764477		
20.68		0.764474		
20.69		0.764471		
20.7		0.764468		
20.71		0.764465		
20.72		0.764462		
20.73		0.764459		
20.74		0.764456		
20.75		0.764453		
20.76		0.76445		
20.77		0.764447		
20.78		0.764445		
20.79		0.764442		
20.8		0.764439		
20.81		0.764436		
20.82		0.764433		
20.83		0.76443		
20.84		0.764428		
20.85		0.764425		
20.86		0.764422		
20.87		0.764419		
20.88		0.764417		
20.89		0.764414		
20.9		0.764411		
20.91		0.764408		
20.92		0.764406		
20.93		0.764403		
20.94		0.7644		
20.95		0.764397		
20.96		0.764395		
20.97		0.764392		
20.98		0.764389		
20.99		0.764387		
21		0.764384		
21.01		0.764381		
21.02		0.764379		
21.03		0.764376		
21.04		0.764374		
21.05		0.764371		
21.06		0.764368		
21.07		0.764366		
21.08		0.764363		
21.09		0.764361		
21.1		0.764358		
21.11		0.764356		
21.12		0.764353		
21.13		0.764351		
21.14		0.764348		
21.15		0.764346		
21.16		0.764343		
21.17		0.764341		
21.18		0.764338		
21.19		0.764336		
21.2		0.764333		
21.21		0.764331		
21.22		0.764328		
21.23		0.764326		
21.24		0.764324		
21.25		0.764321		
21.26		0.764319		
21.27		0.764316		
21.28		0.764314		
21.29		0.764312		
21.3		0.764309		
21.31		0.764307		
21.32		0.764305		
21.33		0.764302		
21.34		0.7643		
21.35		0.764298		
21.36		0.764295		
21.37		0.764293		
21.38		0.764291		
21.39		0.764289		
21.4		0.764286		
21.41		0.764284		
21.42		0.764282		
21.43		0.76428		
21.44		0.764277		
21.45		0.764275		
21.46		0.764273		
21.47		0.764271		
21.48		0.764269		
21.49		0.764267		
21.5		0.764264		
21.51		0.764262		
21.52		0.76426		
21.53		0.764258		
21.54		0.764256		
21.55		0.764254		
21.56		0.764252		
21.57		0.76425		
21.58		0.764247		
21.59		0.764245		
21.6		0.764243		
21.61		0.764241		
21.62		0.764239		
21.63		0.764237		
21.64		0.764235		
21.65		0.764233		
21.66		0.764231		
21.67		0.764229		
21.68		0.764227		
21.69		0.764225		
21.7		0.764223		
21.71		0.764221		
21.72		0.764219		
21.73		0.764217		
21.74		0.764216		
21.75		0.764214		
21.76		0.764212		
21.77		0.76421		
21.78		0.764208		
21.79		0.764206		
21.8		0.764204		
21.81		0.764202		
21.82		0.7642		
21.83		0.764199		
21.84		0.764197		
21.85		0.764195		
21.86		0.764193		
21.87		0.764191		
21.88		0.76419		
21.89		0.764188		
21.9		0.764186		
21.91		0.764184		
21.92		0.764183		
21.93		0.764181		
21.94		0.764179		
21.95		0.764177		
21.96		0.764176		
21.97		0.764174		
21.98		0.764172		
21.99		0.764171		
22		0.764169		
22.01		0.764167		
22.02		0.764166		
22.03		0.764164		
22.04		0.764162		
22.05		0.764161		
22.06		0.764159		
22.07		0.764157		
22.08		0.764156		
22.09		0.764154		
22.1		0.764153		
22.11		0.764151		
22.12		0.764149		
22.13		0.764148		
22.14		0.764146		
22.15		0.764145		
22.16		0.764143		
22.17		0.764142		
22.18		0.76414		
22.19		0.764139		
22.2		0.764137		
22.21		0.764136		
22.22		0.764134		
22.23		0.764133		
22.24		0.764131		
22.25		0.76413		
22.26		0.764129		
22.27		0.764127		
22.28		0.764126		
22.29		0.764124		
22.3		0.764123		
22.31		0.764122		
22.32		0.76412		
22.33		0.764119		
22.34		0.764117		
22.35		0.764116		
22.36		0.764115		
22.37		0.764113		
22.38		0.764112		
22.39		0.764111		
22.4		0.76411		
22.41		0.764108		
22.42		0.764107		
22.43		0.764106		
22.44		0.764104		
22.45		0.764103		
22.46		0.764102		
22.47		0.764101		
22.48		0.764099		
22.49		0.764098		
22.5		0.764097		
22.51		0.764096		
22.52		0.764095		
22.53		0.764093		
22.54		0.764092		
22.55		0.764091		
22.56		0.76409		
22.57		0.764089		
22.58		0.764088		
22.59		0.764087		
22.6		0.764085		
22.61		0.764084		
22.62		0.764083		
22.63		0.764082		
22.64		0.764081		
22.65		0.76408		
22.66		0.764079		
22.67		0.764078		
22.68		0.764077		
22.69		0.764076		
22.7		0.764075		
22.71		0.764074		
22.72		0.764073		
22.73		0.764072		
22.74		0.764071		
22.75		0.76407		
22.76		0.764069		
22.77		0.764068		
22.78		0.764067		
22.79		0.764066		
22.8		0.764065		
22.81		0.764064		
22.82		0.764063		
22.83		0.764062		
22.84		0.764061		
22.85		0.76406		
22.86		0.76406		
22.87		0.764059		
22.88		0.764058		
22.89		0.764057		
22.9		0.764056		
22.91		0.764055		
22.92		0.764054		
22.93		0.764054		
22.94		0.764053		
22.95		0.764052		
22.96		0.764051		
22.97		0.76405		
22.98		0.76405		
22.99		0.764049		
23		0.764048		
23.01		0.764047		
23.02		0.764047		
23.03		0.764046		
23.04		0.764045		
23.05		0.764045		
23.06		0.764044		
23.07		0.764043		
23.08		0.764042		
23.09		0.764042		
23.1		0.764041		
23.11		0.76404		
23.12		0.76404		
23.13		0.764039		
23.14		0.764039		
23.15		0.764038		
23.16		0.764037		
23.17		0.764037		
23.18		0.764036		
23.19		0.764036		
23.2		0.764035		
23.21		0.764034		
23.22		0.764034		
23.23		0.764033		
23.24		0.764033		
23.25		0.764032		
23.26		0.764032		
23.27		0.764031		
23.28		0.764031		
23.29		0.76403		
23.3		0.76403		
23.31		0.764029		
23.32		0.764029		
23.33		0.764028		
23.34		0.764028		
23.35		0.764027		
23.36		0.764027		
23.37		0.764027		
23.38		0.764026		
23.39		0.764026		
23.4		0.764025		
23.41		0.764025		
23.42		0.764025		
23.43		0.764024		
23.44		0.764024		
23.45		0.764023		
23.46		0.764023		
23.47		0.764023		
23.48		0.764022		
23.49		0.764022		
23.5		0.764022		
23.51		0.764021		
23.52		0.764021		
23.53		0.764021		
23.54		0.764021		
23.55		0.76402		
23.56		0.76402		
23.57		0.76402		
23.58		0.76402		
23.59		0.764019		
23.6		0.764019		
23.61		0.764019		
23.62		0.764019		
23.63		0.764018		
23.64		0.764018		
23.65		0.764018		
23.66		0.764018		
23.67		0.764018		
23.68		0.764018		
23.69		0.764017		
23.7		0.764017		
23.71		0.764017		
23.72		0.764017		
23.73		0.764017		
23.74		0.764017		
23.75		0.764017		
23.76		0.764017		
23.77		0.764017		
23.78		0.764016		
23.79		0.764016		
23.8		0.764016		
23.81		0.764016		
23.82		0.764016		
23.83		0.764016		
23.84		0.764016		
23.85		0.764016		
23.86		0.764016		
23.87		0.764016		
23.88		0.764016		
23.89		0.764016		
23.9		0.764016		
23.91		0.764016		
23.92		0.764016		
23.93		0.764016		
23.94		0.764016		
23.95		0.764017		
23.96		0.764017		
23.97		0.764017		
23.98		0.764017		
23.99		0.764017		
24		0.764017		
24.01		0.764017		
24.02		0.764017		
24.03		0.764017		
24.04		0.764018		
24.05		0.764018		
24.06		0.764018		
24.07		0.764018		
24.08		0.764018		
24.09		0.764018		
24.1		0.764019		
24.11		0.764019		
24.12		0.764019		
24.13		0.764019		
24.14		0.764019		
24.15		0.76402		
24.16		0.76402		
24.17		0.76402		
24.18		0.76402		
24.19		0.764021		
24.2		0.764021		
24.21		0.764021		
24.22		0.764022		
24.23		0.764022		
24.24		0.764022		
24.25		0.764022		
24.26		0.764023		
24.27		0.764023		
24.28		0.764023		
24.29		0.764024		
24.3		0.764024		
24.31		0.764025		
24.32		0.764025		
24.33		0.764025		
24.34		0.764026		
24.35		0.764026		
24.36		0.764027		
24.37		0.764027		
24.38		0.764027		
24.39		0.764028		
24.4		0.764028		
24.41		0.764029		
24.42		0.764029		
24.43		0.76403		
24.44		0.76403		
24.45		0.764031		
24.46		0.764031		
24.47		0.764032		
24.48		0.764032		
24.49		0.764033		
24.5		0.764033		
24.51		0.764034		
24.52		0.764034		
24.53		0.764035		
24.54		0.764035		
24.55		0.764036		
24.56		0.764036		
24.57		0.764037		
24.58		0.764038		
24.59		0.764038		
24.6		0.764039		
24.61		0.764039		
24.62		0.76404		
24.63		0.764041		
24.64		0.764041		
24.65		0.764042		
24.66		0.764043		
24.67		0.764043		
24.68		0.764044		
24.69		0.764045		
24.7		0.764045		
24.71		0.764046		
24.72		0.764047		
24.73		0.764047		
24.74		0.764048		
24.75		0.764049		
24.76		0.764049		
24.77		0.76405		
24.78		0.764051		
24.79		0.764052		
24.8		0.764052		
24.81		0.764053		
24.82		0.764054		
24.83		0.764055		
24.84		0.764056		
24.85		0.764056		
24.86		0.764057		
24.87		0.764058		
24.88		0.764059		
24.89		0.76406		
24.9		0.76406		
24.91		0.764061		
24.92		0.764062		
24.93		0.764063		
24.94		0.764064		
24.95		0.764065		
24.96		0.764066		
24.97		0.764067		
24.98		0.764067		
24.99		0.764068		
25		0.764069		
25.01		0.76407		
25.02		0.764071		
25.03		0.764072		
25.04		0.764073		
25.05		0.764074		
25.06		0.764075		
25.07		0.764076		
25.08		0.764077		
25.09		0.764078		
25.1		0.764079		
25.11		0.76408		
25.12		0.764081		
25.13		0.764082		
25.14		0.764083		
25.15		0.764084		
25.16		0.764085		
25.17		0.764086		
25.18		0.764087		
25.19		0.764088		
25.2		0.764089		
25.21		0.76409		
25.22		0.764091		
25.23		0.764092		
25.24		0.764093		
25.25		0.764095		
25.26		0.764096		
25.27		0.764097		
25.28		0.764098		
25.29		0.764099		
25.3		0.7641		
25.31		0.764101		
25.32		0.764103		
25.33		0.764104		
25.34		0.764105		
25.35		0.764106		
25.36		0.764107		
25.37		0.764108		
25.38		0.76411		
25.39		0.764111		
25.4		0.764112		
25.41		0.764113		
25.42		0.764115		
25.43		0.764116		
25.44		0.764117		
25.45		0.764118		
25.46		0.76412		
25.47		0.764121		
25.48		0.764122		
25.49		0.764123		
25.5		0.764125		
25.51		0.764126		
25.52		0.764127		
25.53		0.764129		
25.54		0.76413		
25.55		0.764131		
25.56		0.764133		
25.57		0.764134		
25.58		0.764135		
25.59		0.764137		
25.6		0.764138		
25.61		0.764139		
25.62		0.764141		
25.63		0.764142		
25.64		0.764143		
25.65		0.764145		
25.66		0.764146		
25.67		0.764148		
25.68		0.764149		
25.69		0.764151		
25.7		0.764152		
25.71		0.764153		
25.72		0.764155		
25.73		0.764156		
25.74		0.764158		
25.75		0.764159		
25.76		0.764161		
25.77		0.764162		
25.78		0.764164		
25.79		0.764165		
25.8		0.764167		
25.81		0.764168		
25.82		0.76417		
25.83		0.764171		
25.84		0.764173		
25.85		0.764174		
25.86		0.764176		
25.87		0.764177		
25.88		0.764179		
25.89		0.764181		
25.9		0.764182		
25.91		0.764184		
25.92		0.764185		
25.93		0.764187		
25.94		0.764189		
25.95		0.76419		
25.96		0.764192		
25.97		0.764193		
25.98		0.764195		
25.99		0.764197		
26		0.764198		
26.01		0.7642		
26.02		0.764202		
26.03		0.764203		
26.04		0.764205		
26.05		0.764207		
26.06		0.764208		
26.07		0.76421		
26.08		0.764212		
26.09		0.764214		
26.1		0.764215		
26.11		0.764217		
26.12		0.764219		
26.13		0.76422		
26.14		0.764222		
26.15		0.764224		
26.16		0.764226		
26.17		0.764227		
26.18		0.764229		
26.19		0.764231		
26.2		0.764233		
26.21		0.764235		
26.22		0.764236		
26.23		0.764238		
26.24		0.76424		
26.25		0.764242		
26.26		0.764244		
26.27		0.764246		
26.28		0.764247		
26.29		0.764249		
26.3		0.764251		
26.31		0.764253		
26.32		0.764255		
26.33		0.764257		
26.34		0.764259		
26.35		0.76426		
26.36		0.764262		
26.37		0.764264		
26.38		0.764266		
26.39		0.764268		
26.4		0.76427		
26.41		0.764272		
26.42		0.764274		
26.43		0.764276		
26.44		0.764278		
26.45		0.76428		
26.46		0.764282		
26.47		0.764284		
26.48		0.764286		
26.49		0.764288		
26.5		0.76429		
26.51		0.764292		
26.52		0.764294		
26.53		0.764296		
26.54		0.764298		
26.55		0.7643		
26.56		0.764302		
26.57		0.764304		
26.58		0.764306		
26.59		0.764308		
26.6		0.76431		
26.61		0.764312		
26.62		0.764314		
26.63		0.764316		
26.64		0.764318		
26.65		0.76432		
26.66		0.764322		
26.67		0.764325		
26.68		0.764327		
26.69		0.764329		
26.7		0.764331		
26.71		0.764333		
26.72		0.764335		
26.73		0.764337		
26.74		0.764339		
26.75		0.764342		
26.76		0.764344		
26.77		0.764346		
26.78		0.764348		
26.79		0.76435		
26.8		0.764352		
26.81		0.764355		
26.82		0.764357		
26.83		0.764359		
26.84		0.764361		
26.85		0.764363		
26.86		0.764366		
26.87		0.764368		
26.88		0.76437		
26.89		0.764372		
26.9		0.764375		
26.91		0.764377		
26.92		0.764379		
26.93		0.764381		
26.94		0.764384		
26.95		0.764386		
26.96		0.764388		
26.97		0.764391		
26.98		0.764393		
26.99		0.764395		
27		0.764398		
27.01		0.7644		
27.02		0.764402		
27.03		0.764405		
27.04		0.764407		
27.05		0.764409		
27.06		0.764412		
27.07		0.764414		
27.08		0.764416		
27.09		0.764419		
27.1		0.764421		
27.11		0.764423		
27.12		0.764426		
27.13		0.764428		
27.14		0.764431		
27.15		0.764433		
27.16		0.764435		
27.17		0.764438		
27.18		0.76444		
27.19		0.764443		
27.2		0.764445		
27.21		0.764448		
27.22		0.76445		
27.23		0.764453		
27.24		0.764455		
27.25		0.764457		
27.26		0.76446		
27.27		0.764462		
27.28		0.764465		
27.29		0.764467		
27.3		0.76447		
27.31		0.764472		
27.32		0.764475		
27.33		0.764477		
27.34		0.76448		
27.35		0.764482		
27.36		0.764485		
27.37		0.764488		
27.38		0.76449		
27.39		0.764493		
27.4		0.764495		
27.41		0.764498		
27.42		0.7645		
27.43		0.764503		
27.44		0.764506		
27.45		0.764508		
27.46		0.764511		
27.47		0.764513		
27.48		0.764516		
27.49		0.764519		
27.5		0.764521		
27.51		0.764524		
27.52		0.764526		
27.53		0.764529		
27.54		0.764532		
27.55		0.764534		
27.56		0.764537		
27.57		0.76454		
27.58		0.764542		
27.59		0.764545		
27.6		0.764548		
27.61		0.76455		
27.62		0.764553		
27.63		0.764556		
27.64		0.764559		
27.65		0.764561		
27.66		0.764564		
27.67		0.764567		
27.68		0.764569		
27.69		0.764572		
27.7		0.764575		
27.71		0.764578		
27.72		0.76458		
27.73		0.764583		
27.74		0.764586		
27.75		0.764589		
27.76		0.764591		
27.77		0.764594		
27.78		0.764597		
27.79		0.7646		
27.8		0.764603		
27.81		0.764605		
27.82		0.764608		
27.83		0.764611		
27.84		0.764614		
27.85		0.764617		
27.86		0.764619		
27.87		0.764622		
27.88		0.764625		
27.89		0.764628		
27.9		0.764631		
27.91		0.764634		
27.92		0.764637		
27.93		0.764639		
27.94		0.764642		
27.95		0.764645		
27.96		0.764648		
27.97		0.764651		
27.98		0.764654		
27.99		0.764657		
28		0.76466		
28.01		0.764663		
28.02		0.764666		
28.03		0.764668		
28.04		0.764671		
28.05		0.764674		
28.06		0.764677		
28.07		0.76468		
28.08		0.764683		
28.09		0.764686		
28.1		0.764689		
28.11		0.764692		
28.12		0.764695		
28.13		0.764698		
28.14		0.764701		
28.15		0.764704		
28.16		0.764707		
28.17		0.76471		
28.18		0.764713		
28.19		0.764716		
28.2		0.764719		
28.21		0.764722		
28.22		0.764725		
28.23		0.764728		
28.24		0.764731		
28.25		0.764734		
28.26		0.764737		
28.27		0.76474		
28.28		0.764743		
28.29		0.764747		
28.3		0.76475		
28.31		0.764753		
28.32		0.764756		
28.33		0.764759		
28.34		0.764762		
28.35		0.764765		
28.36		0.764768		
28.37		0.764771		
28.38		0.764774		
28.39		0.764778		
28.4		0.764781		
28.41		0.764784		
28.42		0.764787		
28.43		0.76479		
28.44		0.764793		
28.45		0.764796		
28.46		0.7648		
28.47		0.764803		
28.48		0.764806		
28.49		0.764809		
28.5		0.764812		
28.51		0.764815		
28.52		0.764819		
28.53		0.764822		
28.54		0.764825		
28.55		0.764828		
28.56		0.764832		
28.57		0.764835		
28.58		0.764838		
28.59		0.764841		
28.6		0.764844		
28.61		0.764848		
28.62		0.764851		
28.63		0.764854		
28.64		0.764857		
28.65		0.764861		
28.66		0.764864		
28.67		0.764867		
28.68		0.76487		
28.69		0.764874		
28.7		0.764877		
28.71		0.76488		
28.72		0.764884		
28.73		0.764887		
28.74		0.76489		
28.75		0.764894		
28.76		0.764897		
28.77		0.7649		
28.78		0.764904		
28.79		0.764907		
28.8		0.76491		
28.81		0.764914		
28.82		0.764917		
28.83		0.76492		
28.84		0.764924		
28.85		0.764927		
28.86		0.76493		
28.87		0.764934		
28.88		0.764937		
28.89		0.76494		
28.9		0.764944		
28.91		0.764947		
28.92		0.764951		
28.93		0.764954		
28.94		0.764957		
28.95		0.764961		
28.96		0.764964		
28.97		0.764968		
28.98		0.764971		
28.99		0.764975		
29		0.764978		
29.01		0.764981		
29.02		0.764985		
29.03		0.764988		
29.04		0.764992		
29.05		0.764995		
29.06		0.764999		
29.07		0.765002		
29.08		0.765006		
29.09		0.765009		
29.1		0.765013		
29.11		0.765016		
29.12		0.76502		
29.13		0.765023		
29.14		0.765027		
29.15		0.76503		
29.16		0.765034		
29.17		0.765037		
29.18		0.765041		
29.19		0.765044		
29.2		0.765048		
29.21		0.765051		
29.22		0.765055		
29.23		0.765059		
29.24		0.765062		
29.25		0.765066		
29.26		0.765069		
29.27		0.765073		
29.28		0.765076		
29.29		0.76508		
29.3		0.765083		
29.31		0.765087		
29.32		0.765091		
29.33		0.765094		
29.34		0.765098		
29.35		0.765101		
29.36		0.765105		
29.37		0.765109		
29.38		0.765112		
29.39		0.765116		
29.4		0.76512		
29.41		0.765123		
29.42		0.765127		
29.43		0.765131		
29.44		0.765134		
29.45		0.765138		
29.46		0.765141		
29.47		0.765145		
29.48		0.765149		
29.49		0.765153		
29.5		0.765156		
29.51		0.76516		
29.52		0.765164		
29.53		0.765167		
29.54		0.765171		
29.55		0.765175		
29.56		0.765178		
29.57		0.765182		
29.58		0.765186		
29.59		0.76519		
29.6		0.765193		
29.61		0.765197		
29.62		0.765201		
29.63		0.765204		
29.64		0.765208		
29.65		0.765212		
29.66		0.765216		
29.67		0.765219		
29.68		0.765223		
29.69		0.765227		
29.7		0.765231		
29.71		0.765235		
29.72		0.765238		
29.73		0.765242		
29.74		0.765246		
29.75		0.76525		
29.76		0.765253		
29.77		0.765257		
29.78		0.765261		
29.79		0.765265		
29.8		0.765269		
29.81		0.765272		
29.82		0.765276		
29.83		0.76528		
29.84		0.765284		
29.85		0.765288		
29.86		0.765292		
29.87		0.765296		
29.88		0.765299		
29.89		0.765303		
29.9		0.765307		
29.91		0.765311		
29.92		0.765315		
29.93		0.765319		
29.94		0.765323		
29.95		0.765326		
29.96		0.76533		
29.97		0.765334		
29.98		0.765338		
29.99		0.765342		
30		0.765346		
30.01		0.76535		
30.02		0.765354		
30.03		0.765358		
30.04		0.765362		
30.05		0.765365		
30.06		0.765369		
30.07		0.765373		
30.08		0.765377		
30.09		0.765381		
30.1		0.765385		
30.11		0.765389		
30.12		0.765393		
30.13		0.765397		
30.14		0.765401		
30.15		0.765405		
30.16		0.765409		
30.17		0.765413		
30.18		0.765417		
30.19		0.765421		
30.2		0.765425		
30.21		0.765429		
30.22		0.765433		
30.23		0.765437		
30.24		0.765441		
30.25		0.765445		
30.26		0.765449		
30.27		0.765453		
30.28		0.765457		
30.29		0.765461		
30.3		0.765465		
30.31		0.765469		
30.32		0.765473		
30.33		0.765477		
30.34		0.765481		
30.35		0.765485		
30.36		0.765489		
30.37		0.765493		
30.38		0.765497		
30.39		0.765501		
30.4		0.765506		
30.41		0.76551		
30.42		0.765514		
30.43		0.765518		
30.44		0.765522		
30.45		0.765526		
30.46		0.76553		
30.47		0.765534		
30.48		0.765538		
30.49		0.765542		
30.5		0.765546		
30.51		0.765551		
30.52		0.765555		
30.53		0.765559		
30.54		0.765563		
30.55		0.765567		
30.56		0.765571		
30.57		0.765575		
30.58		0.765579		
30.59		0.765584		
30.6		0.765588		
30.61		0.765592		
30.62		0.765596		
30.63		0.7656		
30.64		0.765604		
30.65		0.765609		
30.66		0.765613		
30.67		0.765617		
30.68		0.765621		
30.69		0.765625		
30.7		0.76563		
30.71		0.765634		
30.72		0.765638		
30.73		0.765642		
30.74		0.765646		
30.75		0.765651		
30.76		0.765655		
30.77		0.765659		
30.78		0.765663		
30.79		0.765667		
30.8		0.765672		
30.81		0.765676		
30.82		0.76568		
30.83		0.765684		
30.84		0.765689		
30.85		0.765693		
30.86		0.765697		
30.87		0.765701		
30.88		0.765706		
30.89		0.76571		
30.9		0.765714		
30.91		0.765718		
30.92		0.765723		
30.93		0.765727		
30.94		0.765731		
30.95		0.765736		
30.96		0.76574		
30.97		0.765744		
30.98		0.765748		
30.99		0.765753		
31		0.765757		
31.01		0.765761		
31.02		0.765766		
31.03		0.76577		
31.04		0.765774		
31.05		0.765779		
31.06		0.765783		
31.07		0.765787		
31.08		0.765792		
31.09		0.765796		
31.1		0.7658		
31.11		0.765805		
31.12		0.765809		
31.13		0.765813		
31.14		0.765818		
31.15		0.765822		
31.16		0.765827		
31.17		0.765831		
31.18		0.765835		
31.19		0.76584		
31.2		0.765844		
31.21		0.765848		
31.22		0.765853		
31.23		0.765857		
31.24		0.765862		
31.25		0.765866		
31.26		0.76587		
31.27		0.765875		
31.28		0.765879		
31.29		0.765884		
31.3		0.765888		
31.31		0.765892		
31.32		0.765897		
31.33		0.765901		
31.34		0.765906		
31.35		0.76591		
31.36		0.765915		
31.37		0.765919		
31.38		0.765923		
31.39		0.765928		
31.4		0.765932		
31.41		0.765937		
31.42		0.765941		
31.43		0.765946		
31.44		0.76595		
31.45		0.765955		
31.46		0.765959		
31.47		0.765964		
31.48		0.765968		
31.49		0.765973		
31.5		0.765977		
31.51		0.765982		
31.52		0.765986		
31.53		0.765991		
31.54		0.765995		
31.55		0.766		
31.56		0.766004		
31.57		0.766009		
31.58		0.766013		
31.59		0.766018		
31.6		0.766022		
31.61		0.766027		
31.62		0.766031		
31.63		0.766036		
31.64		0.76604		
31.65		0.766045		
31.66		0.766049		
31.67		0.766054		
31.68		0.766058		
31.69		0.766063		
31.7		0.766068		
31.71		0.766072		
31.72		0.766077		
31.73		0.766081		
31.74		0.766086		
31.75		0.76609		
31.76		0.766095		
31.77		0.7661		
31.78		0.766104		
31.79		0.766109		
31.8		0.766113		
31.81		0.766118		
31.82		0.766123		
31.83		0.766127		
31.84		0.766132		
31.85		0.766136		
31.86		0.766141		
31.87		0.766146		
31.88		0.76615		
31.89		0.766155		
31.9		0.766159		
31.91		0.766164		
31.92		0.766169		
31.93		0.766173		
31.94		0.766178		
31.95		0.766183		
31.96		0.766187		
31.97		0.766192		
31.98		0.766196		
31.99		0.766201		
32		0.766206		
32.01		0.76621		
32.02		0.766215		
32.03		0.76622		
32.04		0.766224		
32.05		0.766229		
32.06		0.766234		
32.07		0.766238		
32.08		0.766243		
32.09		0.766248		
32.1		0.766253		
32.11		0.766257		
32.12		0.766262		
32.13		0.766267		
32.14		0.766271		
32.15		0.766276		
32.16		0.766281		
32.17		0.766285		
32.18		0.76629		
32.19		0.766295		
32.2		0.7663		
32.21		0.766304		
32.22		0.766309		
32.23		0.766314		
32.24		0.766318		
32.25		0.766323		
32.26		0.766328		
32.27		0.766333		
32.28		0.766337		
32.29		0.766342		
32.3		0.766347		
32.31		0.766352		
32.32		0.766356		
32.33		0.766361		
32.34		0.766366		
32.35		0.766371		
32.36		0.766375		
32.37		0.76638		
32.38		0.766385		
32.39		0.76639		
32.4		0.766395		
32.41		0.766399		
32.42		0.766404		
32.43		0.766409		
32.44		0.766414		
32.45		0.766419		
32.46		0.766423		
32.47		0.766428		
32.48		0.766433		
32.49		0.766438		
32.5		0.766443		
32.51		0.766447		
32.52		0.766452		
32.53		0.766457		
32.54		0.766462		
32.55		0.766467		
32.56		0.766471		
32.57		0.766476		
32.58		0.766481		
32.59		0.766486		
32.6		0.766491		
32.61		0.766496		
32.62		0.7665		
32.63		0.766505		
32.64		0.76651		
32.65		0.766515		
32.66		0.76652		
32.67		0.766525		
32.68		0.76653		
32.69		0.766534		
32.7		0.766539		
32.71		0.766544		
32.72		0.766549		
32.73		0.766554		
32.74		0.766559		
32.75		0.766564		
32.76		0.766569		
32.77		0.766573		
32.78		0.766578		
32.79		0.766583		
32.8		0.766588		
32.81		0.766593		
32.82		0.766598		
32.83		0.766603		
32.84		0.766608		
32.85		0.766613		
32.86		0.766618		
32.87		0.766622		
32.88		0.766627		
32.89		0.766632		
32.9		0.766637		
32.91		0.766642		
32.92		0.766647		
32.93		0.766652		
32.94		0.766657		
32.95		0.766662		
32.96		0.766667		
32.97		0.766672		
32.98		0.766677		
32.99		0.766682		
33		0.766687		
33.01		0.766692		
33.02		0.766697		
33.03		0.766701		
33.04		0.766706		
33.05		0.766711		
33.06		0.766716		
33.07		0.766721		
33.08		0.766726		
33.09		0.766731		
33.1		0.766736		
33.11		0.766741		
33.12		0.766746		
33.13		0.766751		
33.14		0.766756		
33.15		0.766761		
33.16		0.766766		
33.17		0.766771		
33.18		0.766776		
33.19		0.766781		
33.2		0.766786		
33.21		0.766791		
33.22		0.766796		
33.23		0.766801		
33.24		0.766806		
33.25		0.766811		
33.26		0.766816		
33.27		0.766821		
33.28		0.766826		
33.29		0.766831		
33.3		0.766836		
33.31		0.766841		
33.32		0.766846		
33.33		0.766851		
33.34		0.766857		
33.35		0.766862		
33.36		0.766867		
33.37		0.766872		
33.38		0.766877		
33.39		0.766882		
33.4		0.766887		
33.41		0.766892		
33.42		0.766897		
33.43		0.766902		
33.44		0.766907		
33.45		0.766912		
33.46		0.766917		
33.47		0.766922		
33.48		0.766927		
33.49		0.766932		
33.5		0.766937		
33.51		0.766943		
33.52		0.766948		
33.53		0.766953		
33.54		0.766958		
33.55		0.766963		
33.56		0.766968		
33.57		0.766973		
33.58		0.766978		
33.59		0.766983		
33.6		0.766988		
33.61		0.766994		
33.62		0.766999		
33.63		0.767004		
33.64		0.767009		
33.65		0.767014		
33.66		0.767019		
33.67		0.767024		
33.68		0.767029		
33.69		0.767034		
33.7		0.76704		
33.71		0.767045		
33.72		0.76705		
33.73		0.767055		
33.74		0.76706		
33.75		0.767065		
33.76		0.76707		
33.77		0.767076		
33.78		0.767081		
33.79		0.767086		
33.8		0.767091		
33.81		0.767096		
33.82		0.767101		
33.83		0.767106		
33.84		0.767112		
33.85		0.767117		
33.86		0.767122		
33.87		0.767127		
33.88		0.767132		
33.89		0.767137		
33.9		0.767143		
33.91		0.767148		
33.92		0.767153		
33.93		0.767158		
33.94		0.767163		
33.95		0.767169		
33.96		0.767174		
33.97		0.767179		
33.98		0.767184		
33.99		0.767189		
34		0.767195		
34.01		0.7672		
34.02		0.767205		
34.03		0.76721		
34.04		0.767215		
34.05		0.767221		
34.06		0.767226		
34.07		0.767231		
34.08		0.767236		
34.09		0.767241		
34.1		0.767247		
34.11		0.767252		
34.12		0.767257		
34.13		0.767262		
34.14		0.767268		
34.15		0.767273		
34.16		0.767278		
34.17		0.767283		
34.18		0.767288		
34.19		0.767294		
34.2		0.767299		
34.21		0.767304		
34.22		0.767309		
34.23		0.767315		
34.24		0.76732		
34.25		0.767325		
34.26		0.76733		
34.27		0.767336		
34.28		0.767341		
34.29		0.767346		
34.3		0.767351		
34.31		0.767357		
34.32		0.767362		
34.33		0.767367		
34.34		0.767373		
34.35		0.767378		
34.36		0.767383		
34.37		0.767388		
34.38		0.767394		
34.39		0.767399		
34.4		0.767404		
34.41		0.767409		
34.42		0.767415		
34.43		0.76742		
34.44		0.767425		
34.45		0.767431		
34.46		0.767436		
34.47		0.767441		
34.48		0.767447		
34.49		0.767452		
34.5		0.767457		
34.51		0.767462		
34.52		0.767468		
34.53		0.767473		
34.54		0.767478		
34.55		0.767484		
34.56		0.767489		
34.57		0.767494		
34.58		0.7675		
34.59		0.767505		
34.6		0.76751		
34.61		0.767516		
34.62		0.767521		
34.63		0.767526		
34.64		0.767532		
34.65		0.767537		
34.66		0.767542		
34.67		0.767548		
34.68		0.767553		
34.69		0.767558		
34.7		0.767564		
34.71		0.767569		
34.72		0.767574		
34.73		0.76758		
34.74		0.767585		
34.75		0.76759		
34.76		0.767596		
34.77		0.767601		
34.78		0.767606		
34.79		0.767612		
34.8		0.767617		
34.81		0.767623		
34.82		0.767628		
34.83		0.767633		
34.84		0.767639		
34.85		0.767644		
34.86		0.767649		
34.87		0.767655		
34.88		0.76766		
34.89		0.767666		
34.9		0.767671		
34.91		0.767676		
34.92		0.767682		
34.93		0.767687		
34.94		0.767692		
34.95		0.767698		
34.96		0.767703		
34.97		0.767709		
34.98		0.767714		
34.99		0.767719		
35		0.767725		
35.01		0.76773		
35.02		0.767736		
35.03		0.767741		
35.04		0.767746		
35.05		0.767752		
35.06		0.767757		
35.07		0.767763		
35.08		0.767768		
35.09		0.767774		
35.1		0.767779		
35.11		0.767784		
35.12		0.76779		
35.13		0.767795		
35.14		0.767801		
35.15		0.767806		
35.16		0.767811		
35.17		0.767817		
35.18		0.767822		
35.19		0.767828		
35.2		0.767833		
35.21		0.767839		
35.22		0.767844		
35.23		0.76785		
35.24		0.767855		
35.25		0.76786		
35.26		0.767866		
35.27		0.767871		
35.28		0.767877		
35.29		0.767882		
35.3		0.767888		
35.31		0.767893		
35.32		0.767899		
35.33		0.767904		
35.34		0.767909		
35.35		0.767915		
35.36		0.76792		
35.37		0.767926		
35.38		0.767931		
35.39		0.767937		
35.4		0.767942		
35.41		0.767948		
35.42		0.767953		
35.43		0.767959		
35.44		0.767964		
35.45		0.76797		
35.46		0.767975		
35.47		0.767981		
35.48		0.767986		
35.49		0.767992		
35.5		0.767997		
35.51		0.768003		
35.52		0.768008		
35.53		0.768014		
35.54		0.768019		
35.55		0.768025		
35.56		0.76803		
35.57		0.768036		
35.58		0.768041		
35.59		0.768047		
35.6		0.768052		
35.61		0.768058		
35.62		0.768063		
35.63		0.768069		
35.64		0.768074		
35.65		0.76808		
35.66		0.768085		
35.67		0.768091		
35.68		0.768096		
35.69		0.768102		
35.7		0.768107		
35.71		0.768113		
35.72		0.768118		
35.73		0.768124		
35.74		0.768129		
35.75		0.768135		
35.76		0.76814		
35.77		0.768146		
35.78		0.768151		
35.79		0.768157		
35.8		0.768162		
35.81		0.768168		
35.82		0.768173		
35.83		0.768179		
35.84		0.768185		
35.85		0.76819		
35.86		0.768196		
35.87		0.768201		
35.88		0.768207		
35.89		0.768212		
35.9		0.768218		
35.91		0.768223		
35.92		0.768229		
35.93		0.768234		
35.94		0.76824		
35.95		0.768246		
35.96		0.768251		
35.97		0.768257		
35.98		0.768262		
35.99		0.768268		
36		0.768273		
36.01		0.768279		
36.02		0.768284		
36.03		0.76829		
36.04		0.768296		
36.05		0.768301		
36.06		0.768307		
36.07		0.768312		
36.08		0.768318		
36.09		0.768323		
36.1		0.768329		
36.11		0.768335		
36.12		0.76834		
36.13		0.768346		
36.14		0.768351		
36.15		0.768357		
36.16		0.768362		
36.17		0.768368		
36.18		0.768374		
36.19		0.768379		
36.2		0.768385		
36.21		0.76839		
36.22		0.768396		
36.23		0.768402		
36.24		0.768407		
36.25		0.768413		
36.26		0.768418		
36.27		0.768424		
36.28		0.76843		
36.29		0.768435		
36.3		0.768441		
36.31		0.768446		
36.32		0.768452		
36.33		0.768458		
36.34		0.768463		
36.35		0.768469		
36.36		0.768474		
36.37		0.76848		
36.38		0.768486		
36.39		0.768491		
36.4		0.768497		
36.41		0.768503		
36.42		0.768508		
36.43		0.768514		
36.44		0.768519		
36.45		0.768525		
36.46		0.768531		
36.47		0.768536		
36.48		0.768542		
36.49		0.768548		
36.5		0.768553		
36.51		0.768559		
36.52		0.768564		
36.53		0.76857		
36.54		0.768576		
36.55		0.768581		
36.56		0.768587		
36.57		0.768593		
36.58		0.768598		
36.59		0.768604		
36.6		0.768609		
36.61		0.768615		
36.62		0.768621		
36.63		0.768626		
36.64		0.768632		
36.65		0.768638		
36.66		0.768643		
36.67		0.768649		
36.68		0.768655		
36.69		0.76866		
36.7		0.768666		
36.71		0.768672		
36.72		0.768677		
36.73		0.768683		
36.74		0.768689		
36.75		0.768694		
36.76		0.7687		
36.77		0.768706		
36.78		0.768711		
36.79		0.768717		
36.8		0.768723		
36.81		0.768728		
36.82		0.768734		
36.83		0.76874		
36.84		0.768745		
36.85		0.768751		
36.86		0.768757		
36.87		0.768762		
36.88		0.768768		
36.89		0.768774		
36.9		0.768779		
36.91		0.768785		
36.92		0.768791		
36.93		0.768796		
36.94		0.768802		
36.95		0.768808		
36.96		0.768813		
36.97		0.768819		
36.98		0.768825		
36.99		0.76883		
37		0.768836		
37.01		0.768842		
37.02		0.768847		
37.03		0.768853		
37.04		0.768859		
37.05		0.768865		
37.06		0.76887		
37.07		0.768876		
37.08		0.768882		
37.09		0.768887		
37.1		0.768893		
37.11		0.768899		
37.12		0.768904		
37.13		0.76891		
37.14		0.768916		
37.15		0.768921		
37.16		0.768927		
37.17		0.768933		
37.18		0.768939		
37.19		0.768944		
37.2		0.76895		
37.21		0.768956		
37.22		0.768961		
37.23		0.768967		
37.24		0.768973		
37.25		0.768979		
37.26		0.768984		
37.27		0.76899		
37.28		0.768996		
37.29		0.769001		
37.3		0.769007		
37.31		0.769013		
37.32		0.769019		
37.33		0.769024		
37.34		0.76903		
37.35		0.769036		
37.36		0.769041		
37.37		0.769047		
37.38		0.769053		
37.39		0.769059		
37.4		0.769064		
37.41		0.76907		
37.42		0.769076		
37.43		0.769082		
37.44		0.769087		
37.45		0.769093		
37.46		0.769099		
37.47		0.769104		
37.48		0.76911		
37.49		0.769116		
37.5		0.769122		
37.51		0.769127		
37.52		0.769133		
37.53		0.769139		
37.54		0.769145		
37.55		0.76915		
37.56		0.769156		
37.57		0.769162		
37.58		0.769168		
37.59		0.769173		
37.6		0.769179		
37.61		0.769185		
37.62		0.769191		
37.63		0.769196		
37.64		0.769202		
37.65		0.769208		
37.66		0.769214		
37.67		0.769219		
37.68		0.769225		
37.69		0.769231		
37.7		0.769237		
37.71		0.769242		
37.72		0.769248		
37.73		0.769254		
37.74		0.76926		
37.75		0.769265		
37.76		0.769271		
37.77		0.769277		
37.78		0.769283		
37.79		0.769288		
37.8		0.769294		
37.81		0.7693		
37.82		0.769306		
37.83		0.769311		
37.84		0.769317		
37.85		0.769323		
37.86		0.769329		
37.87		0.769334		
37.88		0.76934		
37.89		0.769346		
37.9		0.769352		
37.91		0.769358		
37.92		0.769363		
37.93		0.769369		
37.94		0.769375		
37.95		0.769381		
37.96		0.769386		
37.97		0.769392		
37.98		0.769398		
37.99		0.769404		
38		0.76941		
38.01		0.769415		
38.02		0.769421		
38.03		0.769427		
38.04		0.769433		
38.05		0.769438		
38.06		0.769444		
38.07		0.76945		
38.08		0.769456		
38.09		0.769462		
38.1		0.769467		
38.11		0.769473		
38.12		0.769479		
38.13		0.769485		
38.14		0.76949		
38.15		0.769496		
38.16		0.769502		
38.17		0.769508		
38.18		0.769514		
38.19		0.769519		
38.2		0.769525		
38.21		0.769531		
38.22		0.769537		
38.23		0.769543		
38.24		0.769548		
38.25		0.769554		
38.26		0.76956		
38.27		0.769566		
38.28		0.769572		
38.29		0.769577		
38.3		0.769583		
38.31		0.769589		
38.32		0.769595		
38.33		0.769601		
38.34		0.769606		
38.35		0.769612		
38.36		0.769618		
38.37		0.769624		
38.38		0.76963		
38.39		0.769635		
38.4		0.769641		
38.41		0.769647		
38.42		0.769653		
38.43		0.769659		
38.44		0.769664		
38.45		0.76967		
38.46		0.769676		
38.47		0.769682		
38.48		0.769688		
38.49		0.769693		
38.5		0.769699		
38.51		0.769705		
38.52		0.769711		
38.53		0.769717		
38.54		0.769722		
38.55		0.769728		
38.56		0.769734		
38.57		0.76974		
38.58		0.769746		
38.59		0.769752		
38.6		0.769757		
38.61		0.769763		
38.62		0.769769		
38.63		0.769775		
38.64		0.769781		
38.65		0.769786		
38.66		0.769792		
38.67		0.769798		
38.68		0.769804		
38.69		0.76981		
38.7		0.769816		
38.71		0.769821		
38.72		0.769827		
38.73		0.769833		
38.74		0.769839		
38.75		0.769845		
38.76		0.769851		
38.77		0.769856		
38.78		0.769862		
38.79		0.769868		
38.8		0.769874		
38.81		0.76988		
38.82		0.769885		
38.83		0.769891		
38.84		0.769897		
38.85		0.769903		
38.86		0.769909		
38.87		0.769915		
38.88		0.76992		
38.89		0.769926		
38.9		0.769932		
38.91		0.769938		
38.92		0.769944		
38.93		0.76995		
38.94		0.769955		
38.95		0.769961		
38.96		0.769967		
38.97		0.769973		
38.98		0.769979		
38.99		0.769985		
39		0.76999		
39.01		0.769996		
39.02		0.770002		
39.03		0.770008		
39.04		0.770014		
39.05		0.77002		
39.06		0.770026		
39.07		0.770031		
39.08		0.770037		
39.09		0.770043		
39.1		0.770049		
39.11		0.770055		
39.12		0.770061		
39.13		0.770066		
39.14		0.770072		
39.15		0.770078		
39.16		0.770084		
39.17		0.77009		
39.18		0.770096		
39.19		0.770101		
39.2		0.770107		
39.21		0.770113		
39.22		0.770119		
39.23		0.770125		
39.24		0.770131		
39.25		0.770137		
39.26		0.770142		
39.27		0.770148		
39.28		0.770154		
39.29		0.77016		
39.3		0.770166		
39.31		0.770172		
39.32		0.770178		
39.33		0.770183		
39.34		0.770189		
39.35		0.770195		
39.36		0.770201		
39.37		0.770207		
39.38		0.770213		
39.39		0.770218		
39.4		0.770224		
39.41		0.77023		
39.42		0.770236		
39.43		0.770242		
39.44		0.770248		
39.45		0.770254		
39.46		0.770259		
39.47		0.770265		
39.48		0.770271		
39.49		0.770277		
39.5		0.770283		
39.51		0.770289		
39.52		0.770295		
39.53		0.7703		
39.54		0.770306		
39.55		0.770312		
39.56		0.770318		
39.57		0.770324		
39.58		0.77033		
39.59		0.770336		
39.6		0.770341		
39.61		0.770347		
39.62		0.770353		
39.63		0.770359		
39.64		0.770365		
39.65		0.770371		
39.66		0.770377		
39.67		0.770383		
39.68		0.770388		
39.69		0.770394		
39.7		0.7704		
39.71		0.770406		
39.72		0.770412		
39.73		0.770418		
39.74		0.770424		
39.75		0.770429		
39.76		0.770435		
39.77		0.770441		
39.78		0.770447		
39.79		0.770453		
39.8		0.770459		
39.81		0.770465		
39.82		0.77047		
39.83		0.770476		
39.84		0.770482		
39.85		0.770488		
39.86		0.770494		
39.87		0.7705		
39.88		0.770506		
39.89		0.770512		
39.9		0.770517		
39.91		0.770523		
39.92		0.770529		
39.93		0.770535		
39.94		0.770541		
39.95		0.770547		
39.96		0.770553		
39.97		0.770559		
39.98		0.770564		
39.99		0.77057		
40		0.770576		
40.01		0.770582		
40.02		0.770588		
40.03		0.770594		
40.04		0.7706		
40.05		0.770605		
40.06		0.770611		
40.07		0.770617		
40.08		0.770623		
40.09		0.770629		
40.1		0.770635		
40.11		0.770641		
40.12		0.770647		
40.13		0.770652		
40.14		0.770658		
40.15		0.770664		
40.16		0.77067		
40.17		0.770676		
40.18		0.770682		
40.19		0.770688		
40.2		0.770694		
40.21		0.770699		
40.22		0.770705		
40.23		0.770711		
40.24		0.770717		
40.25		0.770723		
40.26		0.770729		
40.27		0.770735		
40.28		0.770741		
40.29		0.770746		
40.3		0.770752		
40.31		0.770758		
40.32		0.770764		
40.33		0.77077		
40.34		0.770776		
40.35		0.770782		
40.36		0.770788		
40.37		0.770793		
40.38		0.770799		
40.39		0.770805		
40.4		0.770811		
40.41		0.770817		
40.42		0.770823		
40.43		0.770829		
40.44		0.770835		
40.45		0.770841		
40.46		0.770846		
40.47		0.770852		
40.48		0.770858		
40.49		0.770864		
40.5		0.77087		
40.51		0.770876		
40.52		0.770882		
40.53		0.770888		
40.54		0.770893		
40.55		0.770899		
40.56		0.770905		
40.57		0.770911		
40.58		0.770917		
40.59		0.770923		
40.6		0.770929		
40.61		0.770935		
40.62		0.77094		
40.63		0.770946		
40.64		0.770952		
40.65		0.770958		
40.66		0.770964		
40.67		0.77097		
40.68		0.770976		
40.69		0.770982		
40.7		0.770987		
40.71		0.770993		
40.72		0.770999		
40.73		0.771005		
40.74		0.771011		
40.75		0.771017		
40.76		0.771023		
40.77		0.771029		
40.78		0.771035		
40.79		0.77104		
40.8		0.771046		
40.81		0.771052		
40.82		0.771058		
40.83		0.771064		
40.84		0.77107		
40.85		0.771076		
40.86		0.771082		
40.87		0.771087		
40.88		0.771093		
40.89		0.771099		
40.9		0.771105		
40.91		0.771111		
40.92		0.771117		
40.93		0.771123		
40.94		0.771129		
40.95		0.771135		
40.96		0.77114		
40.97		0.771146		
40.98		0.771152		
40.99		0.771158		
41		0.771164		
41.01		0.77117		
41.02		0.771176		
41.03		0.771182		
41.04		0.771187		
41.05		0.771193		
41.06		0.771199		
41.07		0.771205		
41.08		0.771211		
41.09		0.771217		
41.1		0.771223		
41.11		0.771229		
41.12		0.771234		
41.13		0.77124		
41.14		0.771246		
41.15		0.771252		
41.16		0.771258		
41.17		0.771264		
41.18		0.77127		
41.19		0.771276		
41.2		0.771282		
41.21		0.771287		
41.22		0.771293		
41.23		0.771299		
41.24		0.771305		
41.25		0.771311		
41.26		0.771317		
41.27		0.771323		
41.28		0.771329		
41.29		0.771334		
41.3		0.77134		
41.31		0.771346		
41.32		0.771352		
41.33		0.771358		
41.34		0.771364		
41.35		0.77137		
41.36		0.771376		
41.37		0.771381		
41.38		0.771387		
41.39		0.771393		
41.4		0.771399		
41.41		0.771405		
41.42		0.771411		
41.43		0.771417		
41.44		0.771423		
41.45		0.771429		
41.46		0.771434		
41.47		0.77144		
41.48		0.771446		
41.49		0.771452		
41.5		0.771458		
41.51		0.771464		
41.52		0.77147		
41.53		0.771476		
41.54		0.771481		
41.55		0.771487		
41.56		0.771493		
41.57		0.771499		
41.58		0.771505		
41.59		0.771511		
41.6		0.771517		
41.61		0.771523		
41.62		0.771528		
41.63		0.771534		
41.64		0.77154		
41.65		0.771546		
41.66		0.771552		
41.67		0.771558		
41.68		0.771564		
41.69		0.77157		
41.7		0.771575		
41.71		0.771581		
41.72		0.771587		
41.73		0.771593		
41.74		0.771599		
41.75		0.771605		
41.76		0.771611		
41.77		0.771617		
41.78		0.771622		
41.79		0.771628		
41.8		0.771634		
41.81		0.77164		
41.82		0.771646		
41.83		0.771652		
41.84		0.771658		
41.85		0.771664		
41.86		0.771669		
41.87		0.771675		
41.88		0.771681		
41.89		0.771687		
41.9		0.771693		
41.91		0.771699		
41.92		0.771705		
41.93		0.771711		
41.94		0.771716		
41.95		0.771722		
41.96		0.771728		
41.97		0.771734		
41.98		0.77174		
41.99		0.771746		
42		0.771752		
42.01		0.771758		
42.02		0.771763		
42.03		0.771769		
42.04		0.771775		
42.05		0.771781		
42.06		0.771787		
42.07		0.771793		
42.08		0.771799		
42.09		0.771804		
42.1		0.77181		
42.11		0.771816		
42.12		0.771822		
42.13		0.771828		
42.14		0.771834		
42.15		0.77184		
42.16		0.771846		
42.17		0.771851		
42.18		0.771857		
42.19		0.771863		
42.2		0.771869		
42.21		0.771875		
42.22		0.771881		
42.23		0.771887		
42.24		0.771892		
42.25		0.771898		
42.26		0.771904		
42.27		0.77191		
42.28		0.771916		
42.29		0.771922		
42.3		0.771928		
42.31		0.771934		
42.32		0.771939		
42.33		0.771945		
42.34		0.771951		
42.35		0.771957		
42.36		0.771963		
42.37		0.771969		
42.38		0.771975		
42.39		0.77198		
42.4		0.771986		
42.41		0.771992		
42.42		0.771998		
42.43		0.772004		
42.44		0.77201		
42.45		0.772016		
42.46		0.772021		
42.47		0.772027		
42.48		0.772033		
42.49		0.772039		
42.5		0.772045		
42.51		0.772051		
42.52		0.772057		
42.53		0.772062		
42.54		0.772068		
42.55		0.772074		
42.56		0.77208		
42.57		0.772086		
42.58		0.772092		
42.59		0.772098		
42.6		0.772103		
42.61		0.772109		
42.62		0.772115		
42.63		0.772121		
42.64		0.772127		
42.65		0.772133		
42.66		0.772139		
42.67		0.772144		
42.68		0.77215		
42.69		0.772156		
42.7		0.772162		
42.71		0.772168		
42.72		0.772174		
42.73		0.77218		
42.74		0.772185		
42.75		0.772191		
42.76		0.772197		
42.77		0.772203		
42.78		0.772209		
42.79		0.772215		
42.8		0.77222		
42.81		0.772226		
42.82		0.772232		
42.83		0.772238		
42.84		0.772244		
42.85		0.77225		
42.86		0.772256		
42.87		0.772261		
42.88		0.772267		
42.89		0.772273		
42.9		0.772279		
42.91		0.772285		
42.92		0.772291		
42.93		0.772296		
42.94		0.772302		
42.95		0.772308		
42.96		0.772314		
42.97		0.77232		
42.98		0.772326		
42.99		0.772332		
43		0.772337		
43.01		0.772343		
43.02		0.772349		
43.03		0.772355		
43.04		0.772361		
43.05		0.772367		
43.06		0.772372		
43.07		0.772378		
43.08		0.772384		
43.09		0.77239		
43.1		0.772396		
43.11		0.772402		
43.12		0.772407		
43.13		0.772413		
43.14		0.772419		
43.15		0.772425		
43.16		0.772431		
43.17		0.772437		
43.18		0.772442		
43.19		0.772448		
43.2		0.772454		
43.21		0.77246		
43.22		0.772466		
43.23		0.772472		
43.24		0.772477		
43.25		0.772483		
43.26		0.772489		
43.27		0.772495		
43.28		0.772501		
43.29		0.772507		
43.3		0.772512		
43.31		0.772518		
43.32		0.772524		
43.33		0.77253		
43.34		0.772536		
43.35		0.772542		
43.36		0.772547		
43.37		0.772553		
43.38		0.772559		
43.39		0.772565		
43.4		0.772571		
43.41		0.772577		
43.42		0.772582		
43.43		0.772588		
43.44		0.772594		
43.45		0.7726		
43.46		0.772606		
43.47		0.772612		
43.48		0.772617		
43.49		0.772623		
43.5		0.772629		
43.51		0.772635		
43.52		0.772641		
43.53		0.772646		
43.54		0.772652		
43.55		0.772658		
43.56		0.772664		
43.57		0.77267		
43.58		0.772676		
43.59		0.772681		
43.6		0.772687		
43.61		0.772693		
43.62		0.772699		
43.63		0.772705		
43.64		0.77271		
43.65		0.772716		
43.66		0.772722		
43.67		0.772728		
43.68		0.772734		
43.69		0.77274		
43.7		0.772745		
43.71		0.772751		
43.72		0.772757		
43.73		0.772763		
43.74		0.772769		
43.75		0.772774		
43.76		0.77278		
43.77		0.772786		
43.78		0.772792		
43.79		0.772798		
43.8		0.772803		
43.81		0.772809		
43.82		0.772815		
43.83		0.772821		
43.84		0.772827		
43.85		0.772832		
43.86		0.772838		
43.87		0.772844		
43.88		0.77285		
43.89		0.772856		
43.9		0.772861		
43.91		0.772867		
43.92		0.772873		
43.93		0.772879		
43.94		0.772885		
43.95		0.77289		
43.96		0.772896		
43.97		0.772902		
43.98		0.772908		
43.99		0.772914		
44		0.772919		
44.01		0.772925		
44.02		0.772931		
44.03		0.772937		
44.04		0.772943		
44.05		0.772948		
44.06		0.772954		
44.07		0.77296		
44.08		0.772966		
44.09		0.772972		
44.1		0.772977		
44.11		0.772983		
44.12		0.772989		
44.13		0.772995		
44.14		0.773001		
44.15		0.773006		
44.16		0.773012		
44.17		0.773018		
44.18		0.773024		
44.19		0.77303		
44.2		0.773035		
44.21		0.773041		
44.22		0.773047		
44.23		0.773053		
44.24		0.773058		
44.25		0.773064		
44.26		0.77307		
44.27		0.773076		
44.28		0.773082		
44.29		0.773087		
44.3		0.773093		
44.31		0.773099		
44.32		0.773105		
44.33		0.773111		
44.34		0.773116		
44.35		0.773122		
44.36		0.773128		
44.37		0.773134		
44.38		0.773139		
44.39		0.773145		
44.4		0.773151		
44.41		0.773157		
44.42		0.773163		
44.43		0.773168		
44.44		0.773174		
44.45		0.77318		
44.46		0.773186		
44.47		0.773191		
44.48		0.773197		
44.49		0.773203		
44.5		0.773209		
44.51		0.773214		
44.52		0.77322		
44.53		0.773226		
44.54		0.773232		
44.55		0.773238		
44.56		0.773243		
44.57		0.773249		
44.58		0.773255		
44.59		0.773261		
44.6		0.773266		
44.61		0.773272		
44.62		0.773278		
44.63		0.773284		
44.64		0.773289		
44.65		0.773295		
44.66		0.773301		
44.67		0.773307		
44.68		0.773312		
44.69		0.773318		
44.7		0.773324		
44.71		0.77333		
44.72		0.773336		
44.73		0.773341		
44.74		0.773347		
44.75		0.773353		
44.76		0.773359		
44.77		0.773364		
44.78		0.77337		
44.79		0.773376		
44.8		0.773382		
44.81		0.773387		
44.82		0.773393		
44.83		0.773399		
44.84		0.773405		
44.85		0.77341		
44.86		0.773416		
44.87		0.773422		
44.88		0.773428		
44.89		0.773433		
44.9		0.773439		
44.91		0.773445		
44.92		0.773451		
44.93		0.773456		
44.94		0.773462		
44.95		0.773468		
44.96		0.773474		
44.97		0.773479		
44.98		0.773485		
44.99		0.773491		
45		0.773497		
45.01		0.773502		
45.02		0.773508		
45.03		0.773514		
45.04		0.773519		
45.05		0.773525		
45.06		0.773531		
45.07		0.773537		
45.08		0.773542		
45.09		0.773548		
45.1		0.773554		
45.11		0.77356		
45.12		0.773565		
45.13		0.773571		
45.14		0.773577		
45.15		0.773583		
45.16		0.773588		
45.17		0.773594		
45.18		0.7736		
45.19		0.773605		
45.2		0.773611		
45.21		0.773617		
45.22		0.773623		
45.23		0.773628		
45.24		0.773634		
45.25		0.77364		
45.26		0.773646		
45.27		0.773651		
45.28		0.773657		
45.29		0.773663		
45.3		0.773668		
45.31		0.773674		
45.32		0.77368		
45.33		0.773686		
45.34		0.773691		
45.35		0.773697		
45.36		0.773703		
45.37		0.773708		
45.38		0.773714		
45.39		0.77372		
45.4		0.773726		
45.41		0.773731		
45.42		0.773737		
45.43		0.773743		
45.44		0.773748		
45.45		0.773754		
45.46		0.77376		
45.47		0.773766		
45.48		0.773771		
45.49		0.773777		
45.5		0.773783		
45.51		0.773788		
45.52		0.773794		
45.53		0.7738		
45.54		0.773806		
45.55		0.773811		
45.56		0.773817		
45.57		0.773823		
45.58		0.773828		
45.59		0.773834		
45.6		0.77384		
45.61		0.773845		
45.62		0.773851		
45.63		0.773857		
45.64		0.773863		
45.65		0.773868		
45.66		0.773874		
45.67		0.77388		
45.68		0.773885		
45.69		0.773891		
45.7		0.773897		
45.71		0.773902		
45.72		0.773908		
45.73		0.773914		
45.74		0.77392		
45.75		0.773925		
45.76		0.773931		
45.77		0.773937		
45.78		0.773942		
45.79		0.773948		
45.8		0.773954		
45.81		0.773959		
45.82		0.773965		
45.83		0.773971		
45.84		0.773976		
45.85		0.773982		
45.86		0.773988		
45.87		0.773993		
45.88		0.773999		
45.89		0.774005		
45.9		0.774011		
45.91		0.774016		
45.92		0.774022		
45.93		0.774028		
45.94		0.774033		
45.95		0.774039		
45.96		0.774045		
45.97		0.77405		
45.98		0.774056		
45.99		0.774062		
46		0.774067		
46.01		0.774073		
46.02		0.774079		
46.03		0.774084		
46.04		0.77409		
46.05		0.774096		
46.06		0.774101		
46.07		0.774107		
46.08		0.774113		
46.09		0.774118		
46.1		0.774124		
46.11		0.77413		
46.12		0.774135		
46.13		0.774141		
46.14		0.774147		
46.15		0.774152		
46.16		0.774158		
46.17		0.774164		
46.18		0.774169		
46.19		0.774175		
46.2		0.774181		
46.21		0.774186		
46.22		0.774192		
46.23		0.774198		
46.24		0.774203		
46.25		0.774209		
46.26		0.774215		
46.27		0.77422		
46.28		0.774226		
46.29		0.774231		
46.3		0.774237		
46.31		0.774243		
46.32		0.774248		
46.33		0.774254		
46.34		0.77426		
46.35		0.774265		
46.36		0.774271		
46.37		0.774277		
46.38		0.774282		
46.39		0.774288		
46.4		0.774294		
46.41		0.774299		
46.42		0.774305		
46.43		0.774311		
46.44		0.774316		
46.45		0.774322		
46.46		0.774327		
46.47		0.774333		
46.48		0.774339		
46.49		0.774344		
46.5		0.77435		
46.51		0.774356		
46.52		0.774361		
46.53		0.774367		
46.54		0.774373		
46.55		0.774378		
46.56		0.774384		
46.57		0.774389		
46.58		0.774395		
46.59		0.774401		
46.6		0.774406		
46.61		0.774412		
46.62		0.774418		
46.63		0.774423		
46.64		0.774429		
46.65		0.774434		
46.66		0.77444		
46.67		0.774446		
46.68		0.774451		
46.69		0.774457		
46.7		0.774463		
46.71		0.774468		
46.72		0.774474		
46.73		0.774479		
46.74		0.774485		
46.75		0.774491		
46.76		0.774496		
46.77		0.774502		
46.78		0.774507		
46.79		0.774513		
46.8		0.774519		
46.81		0.774524		
46.82		0.77453		
46.83		0.774536		
46.84		0.774541		
46.85		0.774547		
46.86		0.774552		
46.87		0.774558		
46.88		0.774564		
46.89		0.774569		
46.9		0.774575		
46.91		0.77458		
46.92		0.774586		
46.93		0.774592		
46.94		0.774597		
46.95		0.774603		
46.96		0.774608		
46.97		0.774614		
46.98		0.77462		
46.99		0.774625		
47		0.774631		
47.01		0.774636		
47.02		0.774642		
47.03		0.774648		
47.04		0.774653		
47.05		0.774659		
47.06		0.774664		
47.07		0.77467		
47.08		0.774676		
47.09		0.774681		
47.1		0.774687		
47.11		0.774692		
47.12		0.774698		
47.13		0.774703		
47.14		0.774709		
47.15		0.774715		
47.16		0.77472		
47.17		0.774726		
47.18		0.774731		
47.19		0.774737		
47.2		0.774743		
47.21		0.774748		
47.22		0.774754		
47.23		0.774759		
47.24		0.774765		
47.25		0.77477		
47.26		0.774776		
47.27		0.774782		
47.28		0.774787		
47.29		0.774793		
47.3		0.774798		
47.31		0.774804		
47.32		0.774809		
47.33		0.774815		
47.34		0.774821		
47.35		0.774826		
47.36		0.774832		
47.37		0.774837		
47.38		0.774843		
47.39		0.774848		
47.4		0.774854		
47.41		0.774859		
47.42		0.774865		
47.43		0.774871		
47.44		0.774876		
47.45		0.774882		
47.46		0.774887		
47.47		0.774893		
47.48		0.774898		
47.49		0.774904		
47.5		0.77491		
47.51		0.774915		
47.52		0.774921		
47.53		0.774926		
47.54		0.774932		
47.55		0.774937		
47.56		0.774943		
47.57		0.774948		
47.58		0.774954		
47.59		0.774959		
47.6		0.774965		
47.61		0.774971		
47.62		0.774976		
47.63		0.774982		
47.64		0.774987		
47.65		0.774993		
47.66		0.774998		
47.67		0.775004		
47.68		0.775009		
47.69		0.775015		
47.7		0.77502		
47.71		0.775026		
47.72		0.775031		
47.73		0.775037		
47.74		0.775043		
47.75		0.775048		
47.76		0.775054		
47.77		0.775059		
47.78		0.775065		
47.79		0.77507		
47.8		0.775076		
47.81		0.775081		
47.82		0.775087		
47.83		0.775092		
47.84		0.775098		
47.85		0.775103		
47.86		0.775109		
47.87		0.775114		
47.88		0.77512		
47.89		0.775125		
47.9		0.775131		
47.91		0.775137		
47.92		0.775142		
47.93		0.775148		
47.94		0.775153		
47.95		0.775159		
47.96		0.775164		
47.97		0.77517		
47.98		0.775175		
47.99		0.775181		
48		0.775186		
48.01		0.775192		
48.02		0.775197		
48.03		0.775203		
48.04		0.775208		
48.05		0.775214		
48.06		0.775219		
48.07		0.775225		
48.08		0.77523		
48.09		0.775236		
48.1		0.775241		
48.11		0.775247		
48.12		0.775252		
48.13		0.775258		
48.14		0.775263		
48.15		0.775269		
48.16		0.775274		
48.17		0.77528		
48.18		0.775285		
48.19		0.775291		
48.2		0.775296		
48.21		0.775302		
48.22		0.775307		
48.23		0.775313		
48.24		0.775318		
48.25		0.775324		
48.26		0.775329		
48.27		0.775335		
48.28		0.77534		
48.29		0.775346		
48.3		0.775351		
48.31		0.775357		
48.32		0.775362		
48.33		0.775368		
48.34		0.775373		
48.35		0.775378		
48.36		0.775384		
48.37		0.775389		
48.38		0.775395		
48.39		0.7754		
48.4		0.775406		
48.41		0.775411		
48.42		0.775417		
48.43		0.775422		
48.44		0.775428		
48.45		0.775433		
48.46		0.775439		
48.47		0.775444		
48.48		0.77545		
48.49		0.775455		
48.5		0.775461		
48.51		0.775466		
48.52		0.775472		
48.53		0.775477		
48.54		0.775482		
48.55		0.775488		
48.56		0.775493		
48.57		0.775499		
48.58		0.775504		
48.59		0.77551		
48.6		0.775515		
48.61		0.775521		
48.62		0.775526		
48.63		0.775532		
48.64		0.775537		
48.65		0.775542		
48.66		0.775548		
48.67		0.775553		
48.68		0.775559		
48.69		0.775564		
48.7		0.77557		
48.71		0.775575		
48.72		0.775581		
48.73		0.775586		
48.74		0.775591		
48.75		0.775597		
48.76		0.775602		
48.77		0.775608		
48.78		0.775613		
48.79		0.775619		
48.8		0.775624		
48.81		0.77563		
48.82		0.775635		
48.83		0.77564		
48.84		0.775646		
48.85		0.775651		
48.86		0.775657		
48.87		0.775662		
48.88		0.775668		
48.89		0.775673		
48.9		0.775678		
48.91		0.775684		
48.92		0.775689		
48.93		0.775695		
48.94		0.7757		
48.95		0.775706		
48.96		0.775711		
48.97		0.775716		
48.98		0.775722		
48.99		0.775727		
49		0.775733		
49.01		0.775738		
49.02		0.775744		
49.03		0.775749		
49.04		0.775754		
49.05		0.77576		
49.06		0.775765		
49.07		0.775771		
49.08		0.775776		
49.09		0.775781		
49.1		0.775787		
49.11		0.775792		
49.12		0.775798		
49.13		0.775803		
49.14		0.775809		
49.15		0.775814		
49.16		0.775819		
49.17		0.775825		
49.18		0.77583		
49.19		0.775836		
49.2		0.775841		
49.21		0.775846		
49.22		0.775852		
49.23		0.775857		
49.24		0.775863		
49.25		0.775868		
49.26		0.775873		
49.27		0.775879		
49.28		0.775884		
49.29		0.77589		
49.3		0.775895		
49.31		0.7759		
49.32		0.775906		
49.33		0.775911		
49.34		0.775916		
49.35		0.775922		
49.36		0.775927		
49.37		0.775933		
49.38		0.775938		
49.39		0.775943		
49.4		0.775949		
49.41		0.775954		
49.42		0.77596		
49.43		0.775965		
49.44		0.77597		
49.45		0.775976		
49.46		0.775981		
49.47		0.775986		
49.48		0.775992		
49.49		0.775997		
49.5		0.776003		
49.51		0.776008		
49.52		0.776013		
49.53		0.776019		
49.54		0.776024		
49.55		0.776029		
49.56		0.776035		
49.57		0.77604		
49.58		0.776045		
49.59		0.776051		
49.6		0.776056		
49.61		0.776062		
49.62		0.776067		
49.63		0.776072		
49.64		0.776078		
49.65		0.776083		
49.66		0.776088		
49.67		0.776094		
49.68		0.776099		
49.69		0.776104		
49.7		0.77611		
49.71		0.776115		
49.72		0.776121		
49.73		0.776126		
49.74		0.776131		
49.75		0.776137		
49.76		0.776142		
49.77		0.776147		
49.78		0.776153		
49.79		0.776158		
49.8		0.776163		
49.81		0.776169		
49.82		0.776174		
49.83		0.776179		
49.84		0.776185		
49.85		0.77619		
49.86		0.776195		
49.87		0.776201		
49.88		0.776206		
49.89		0.776211		
49.9		0.776217		
49.91		0.776222		
49.92		0.776227		
49.93		0.776233		
49.94		0.776238		
49.95		0.776243		
49.96		0.776249		
49.97		0.776254		
49.98		0.776259		
49.99		0.776265		
50		0.77627		
