t [fm]		T [fm^-1]
0.25		2.5339
0.29		2.443		
0.33		2.3661		
0.37		2.2998		
0.41		2.2416		
0.45		2.1899		
0.49		2.1435		
0.53		2.1015		
0.57		2.0632		
0.61		2.028		
0.65		1.9955		
0.69		1.9654		
0.73		1.9373		
0.77		1.911		
0.81		1.8864		
0.85		1.8632		
0.89		1.8413		
0.93		1.8206		
0.97		1.8009		
1.01		1.7822		
1.05		1.7645		
1.09		1.7475		
1.13		1.7313		
1.17		1.7158		
1.21		1.7009		
1.25		1.6867		
1.29		1.673		
1.33		1.6598		
1.37		1.6471		
1.41		1.6349		
1.45		1.6231		
1.49		1.6117		
1.53		1.6006		
1.57		1.59		
1.61		1.5796		
1.65		1.5696		
1.69		1.5599		
1.73		1.5505		
1.77		1.5413		
1.81		1.5324		
1.85		1.5238		
1.89		1.5154		
1.93		1.5072		
1.97		1.4992		
2.01		1.4915		
2.05		1.4839		
2.09		1.4765		
2.13		1.4693		
2.17		1.4623		
2.21		1.4554		
2.25		1.4487		
2.29		1.4421		
2.33		1.4357		
2.37		1.4295		
2.41		1.4233		
2.45		1.4173		
2.49		1.4114		
2.53		1.4057		
2.57		1.4		
2.61		1.3945		
2.65		1.3891		
2.69		1.3838		
2.73		1.3786		
2.77		1.3735		
2.81		1.3684		
2.85		1.3635		
2.89		1.3587		
2.93		1.3539		
2.97		1.3493		
3.01		1.3447		
3.05		1.3402		
3.09		1.3357		
3.13		1.3314		
3.17		1.3271		
3.21		1.3229		
3.25		1.3188		
3.29		1.3147		
3.33		1.3107		
3.37		1.3067		
3.41		1.3028		
3.45		1.299		
3.49		1.2953		
3.53		1.2915		
3.57		1.2879		
3.61		1.2843		
3.65		1.2807		
3.69		1.2772		
3.73		1.2738		
3.77		1.2704		
3.81		1.2671		
3.85		1.2637		
3.89		1.2605		
3.93		1.2573		
3.97		1.2541		
4.01		1.251		
4.05		1.2479		
4.09		1.2448		
4.13		1.2418		
4.17		1.2389		
4.21		1.2359		
4.25		1.233		
4.29		1.2302		
4.33		1.2274		
4.37		1.2246		
4.41		1.2218		
4.45		1.2191		
4.49		1.2164		
4.53		1.2138		
4.57		1.2111		
4.61		1.2085		
4.65		1.206		
4.69		1.2034		
4.73		1.2009		
4.77		1.1985		
4.81		1.196		
4.85		1.1936		
4.89		1.1912		
4.93		1.1888		
4.97		1.1865		
5.01		1.1842		
5.05		1.1819		
5.09		1.1796		
5.13		1.1774		
5.17		1.1752		
5.21		1.173		
5.25		1.1708		
5.29		1.1686		
5.33		1.1665		
5.37		1.1644		
5.41		1.1623		
5.45		1.1603		
5.49		1.1582		
5.53		1.1562		
5.57		1.1542		
5.61		1.1522		
5.65		1.1502		
5.69		1.1483		
5.73		1.1464		
5.77		1.1445		
5.81		1.1426		
5.85		1.1407		
5.89		1.1388		
5.93		1.137		
5.97		1.1352		
6.01		1.1334		
6.05		1.1316		
6.09		1.1298		
6.13		1.128		
6.17		1.1263		
6.21		1.1246		
6.25		1.1229		
6.29		1.1212		
6.33		1.1195		
6.37		1.1178		
6.41		1.1162		
6.45		1.1145		
6.49		1.1129		
6.53		1.1113		
6.57		1.1097		
6.61		1.1081		
6.65		1.1066		
6.69		1.105		
6.73		1.1035		
6.77		1.1019		
6.81		1.1004		
6.85		1.0989		
6.89		1.0974		
6.93		1.0959		
6.97		1.0944		
7.01		1.093		
7.05		1.0915		
7.09		1.0901		
7.13		1.0887		
7.17		1.0873		
7.21		1.0859		
7.25		1.0845		
7.29		1.0831		
7.33		1.0817		
7.37		1.0804		
7.41		1.079		
7.45		1.0777		
7.49		1.0763		
7.53		1.075		
7.57		1.0737		
7.61		1.0724		
7.65		1.0711		
7.69		1.0698		
7.73		1.0686		
7.77		1.0673		
7.81		1.066		
7.85		1.0648		
7.89		1.0636		
7.93		1.0623		
7.97		1.0611		
8.01		1.0599		
8.05		1.0587		
8.09		1.0575		
8.13		1.0563		
8.17		1.0551		
8.21		1.054		
8.25		1.0528		
8.29		1.0517		
8.33		1.0505		
8.37		1.0494		
8.41		1.0483		
8.45		1.0471		
8.49		1.046		
8.53		1.0449		
8.57		1.0438		
8.61		1.0427		
8.65		1.0416		
8.69		1.0406		
8.73		1.0395		
8.77		1.0384		
8.81		1.0374		
8.85		1.0363		
8.89		1.0353		
8.93		1.0342		
8.97		1.0332		
9.01		1.0322		
9.05		1.0312		
9.09		1.0301		
9.13		1.0291		
9.17		1.0281		
9.21		1.0271		
9.25		1.0262		
9.29		1.0252		
9.33		1.0242		
9.37		1.0232		
9.41		1.0223		
9.45		1.0213		
9.49		1.0204		
9.53		1.0194		
9.57		1.0185		
9.61		1.0175		
9.65		1.0166		
9.69		1.0157		
9.73		1.0148		
9.77		1.0139		
9.81		1.0129		
9.85		1.012		
9.89		1.0111		
9.93		1.0103		
9.97		1.0094		
10.01		1.0085		
10.05		1.0076		
10.09		1.0067		
10.13		1.0059		
10.17		1.005		
10.21		1.0042		
10.25		1.0033		
10.29		1.0025		
10.33		1.0016		
10.37		1.0008		
10.41		0.99994		
10.45		0.99912		
10.49		0.99829		
10.53		0.99747		
10.57		0.99666		
10.61		0.99585		
10.65		0.99504		
10.69		0.99424		
10.73		0.99344		
10.77		0.99265		
10.81		0.99186		
10.85		0.99107		
10.89		0.99029		
10.93		0.98952		
10.97		0.98875		
11.01		0.98798		
11.05		0.98721		
11.09		0.98645		
11.13		0.9857		
11.17		0.98494		
11.21		0.9842		
11.25		0.98345		
11.29		0.98271		
11.33		0.98197		
11.37		0.98124		
11.41		0.98051		
11.45		0.97978		
11.49		0.97906		
11.53		0.97834		
11.57		0.97763		
11.61		0.97692		
11.65		0.97621		
11.69		0.97551		
11.73		0.97481		
11.77		0.97411		
11.81		0.97341		
11.85		0.97272		
11.89		0.97204		
11.93		0.97135		
11.97		0.97067		
12.01		0.97		
12.05		0.96932		
12.09		0.96865		
12.13		0.96798		
12.17		0.96732		
12.21		0.96666		
12.25		0.966		
12.29		0.96535		
12.33		0.9647		
12.37		0.96405		
12.41		0.9634		
12.45		0.96276		
12.49		0.96212		
12.53		0.96148		
12.57		0.96085		
12.61		0.96022		
12.65		0.95959		
12.69		0.95897		
12.73		0.95835		
12.77		0.95773		
12.81		0.95711		
12.85		0.9565		
12.89		0.95589		
12.93		0.95528		
12.97		0.95468		
13.01		0.95407		
13.05		0.95347		
13.09		0.95288		
13.13		0.95228		
13.17		0.95169		
13.21		0.9511		
13.25		0.95052		
13.29		0.94993		
13.33		0.94935		
13.37		0.94877		
13.41		0.9482		
13.45		0.94762		
13.49		0.94705		
13.53		0.94648		
13.57		0.94592		
13.61		0.94535		
13.65		0.94479		
13.69		0.94423		
13.73		0.94368		
13.77		0.94312		
13.81		0.94257		
13.85		0.94202		
13.89		0.94148		
13.93		0.94093		
13.97		0.94039		
14.01		0.93985		
14.05		0.93931		
14.09		0.93878		
14.13		0.93824		
14.17		0.93771		
14.21		0.93718		
14.25		0.93666		
14.29		0.93613		
14.33		0.93561		
14.37		0.93509		
14.41		0.93457		
14.45		0.93406		
14.49		0.93354		
14.53		0.93303		
14.57		0.93252		
14.61		0.93201		
14.65		0.93151		
14.69		0.931		
14.73		0.9305		
14.77		0.93		
14.81		0.92951		
14.85		0.92901		
14.89		0.92852		
14.93		0.92802		
14.97		0.92754		
15.01		0.92705		
15.05		0.92656		
15.09		0.92608		
15.13		0.9256		
15.17		0.92512		
15.21		0.92464		
15.25		0.92416		
15.29		0.92369		
15.33		0.92321		
15.37		0.92274		
15.41		0.92227		
15.45		0.92181		
15.49		0.92134		
15.53		0.92088		
15.57		0.92042		
15.61		0.91996		
15.65		0.9195		
15.69		0.91904		
15.73		0.91859		
15.77		0.91813		
15.81		0.91768		
15.85		0.91723		
15.89		0.91678		
15.93		0.91634		
15.97		0.91589		
16.01		0.91545		
16.05		0.91501		
16.09		0.91457		
16.13		0.91413		
16.17		0.91369		
16.21		0.91326		
16.25		0.91282		
16.29		0.91239		
16.33		0.91196		
16.37		0.91153		
16.41		0.9111		
16.45		0.91068		
16.49		0.91025		
16.53		0.90983		
16.57		0.90941		
16.61		0.90899		
16.65		0.90857		
16.69		0.90816		
16.73		0.90774		
16.77		0.90733		
16.81		0.90691		
16.85		0.9065		
16.89		0.90609		
16.93		0.90569		
16.97		0.90528		
17.01		0.90488		
17.05		0.90447		
17.09		0.90407		
17.13		0.90367		
17.17		0.90327		
17.21		0.90287		
17.25		0.90247		
17.29		0.90208		
17.33		0.90169		
17.37		0.90129		
17.41		0.9009		
17.45		0.90051		
17.49		0.90012		
17.53		0.89974		
17.57		0.89935		
17.61		0.89896		
17.65		0.89858		
17.69		0.8982		
17.73		0.89782		
17.77		0.89744		
17.81		0.89706		
17.85		0.89668		
17.89		0.89631		
17.93		0.89593		
17.97		0.89556		
18.01		0.89519		
18.05		0.89482		
18.09		0.89445		
18.13		0.89408		
18.17		0.89371		
18.21		0.89335		
18.25		0.89298		
18.29		0.89262		
18.33		0.89226		
18.37		0.8919		
18.41		0.89154		
18.45		0.89118		
18.49		0.89082		
18.53		0.89046		
18.57		0.89011		
18.61		0.88975		
18.65		0.8894		
18.69		0.88905		
18.73		0.8887		
18.77		0.88835		
18.81		0.888		
18.85		0.88765		
18.89		0.88731		
18.93		0.88696		
18.97		0.88662		
19.01		0.88627		
19.05		0.88593		
19.09		0.88559		
19.13		0.88525		
19.17		0.88491		
19.21		0.88457		
19.25		0.88424		
19.29		0.8839		
19.33		0.88357		
19.37		0.88323		
19.41		0.8829		
19.45		0.88257		
19.49		0.88224		
19.53		0.88191		
19.57		0.88158		
19.61		0.88125		
19.65		0.88093		
19.69		0.8806		
19.73		0.88028		
19.77		0.87995		
19.81		0.87963		
19.85		0.87931		
19.89		0.87899		
19.93		0.87867		
19.97		0.87835		
20.01		0.87803		
20.05		0.87772		
20.09		0.8774		
20.13		0.87709		
20.17		0.87677		
20.21		0.87646		
20.25		0.87615		
20.29		0.87584		
20.33		0.87553		
20.37		0.87522		
20.41		0.87491		
20.45		0.8746		
20.49		0.87429		
20.53		0.87399		
20.57		0.87368		
20.61		0.87338		
20.65		0.87308		
20.69		0.87277		
20.73		0.87247		
20.77		0.87217		
20.81		0.87187		
20.85		0.87158		
20.89		0.87128		
20.93		0.87098		
20.97		0.87068		
21.01		0.87039		
21.05		0.87009		
21.09		0.8698		
21.13		0.86951		
21.17		0.86922		
21.21		0.86893		
21.25		0.86864		
21.29		0.86835		
21.33		0.86806		
21.37		0.86777		
21.41		0.86748		
21.45		0.8672		
21.49		0.86691		
21.53		0.86663		
21.57		0.86634		
21.61		0.86606		
21.65		0.86578		
21.69		0.8655		
21.73		0.86522		
21.77		0.86494		
21.81		0.86466		
21.85		0.86438		
21.89		0.8641		
21.93		0.86383		
21.97		0.86355		
22.01		0.86328		
22.05		0.863		
22.09		0.86273		
22.13		0.86245		
22.17		0.86218		
22.21		0.86191		
22.25		0.86164		
22.29		0.86137		
22.33		0.8611		
22.37		0.86083		
22.41		0.86057		
22.45		0.8603		
22.49		0.86003		
22.53		0.85977		
22.57		0.8595		
22.61		0.85924		
22.65		0.85897		
22.69		0.85871		
22.73		0.85845		
22.77		0.85819		
22.81		0.85793		
22.85		0.85767		
22.89		0.85741		
22.93		0.85715		
22.97		0.85689		
23.01		0.85664		
23.05		0.85638		
23.09		0.85612		
23.13		0.85587		
23.17		0.85561		
23.21		0.85536		
23.25		0.85511		
23.29		0.85486		
23.33		0.8546		
23.37		0.85435		
23.41		0.8541		
23.45		0.85385		
23.49		0.8536		
23.53		0.85336		
23.57		0.85311		
23.61		0.85286		
23.65		0.85261		
23.69		0.85237		
23.73		0.85212		
23.77		0.85188		
23.81		0.85163		
23.85		0.85139		
23.89		0.85115		
23.93		0.85091		
23.97		0.85066		
24.01		0.85042		
24.05		0.85018		
24.09		0.84994		
24.13		0.8497		
24.17		0.84947		
24.21		0.84923		
24.25		0.84899		
24.29		0.84875		
24.33		0.84852		
24.37		0.84828		
24.41		0.84805		
24.45		0.84781		
24.49		0.84758		
24.53		0.84735		
24.57		0.84712		
24.61		0.84688		
24.65		0.84665		
24.69		0.84642		
24.73		0.84619		
24.77		0.84596		
24.81		0.84573		
24.85		0.8455		
24.89		0.84528		
24.93		0.84505		
24.97		0.84482		
25.01		0.8446		
25.05		0.84437		
25.09		0.84415		
25.13		0.84392		
25.17		0.8437		
25.21		0.84347		
25.25		0.84325		
25.29		0.84303		
25.33		0.84281		
25.37		0.84259		
25.41		0.84237		
25.45		0.84215		
25.49		0.84193		
25.53		0.84171		
25.57		0.84149		
25.61		0.84127		
25.65		0.84105		
25.69		0.84084		
25.73		0.84062		
25.77		0.8404		
25.81		0.84019		
25.85		0.83997		
25.89		0.83976		
25.93		0.83955		
25.97		0.83933		
26.01		0.83912		
26.05		0.83891		
26.09		0.8387		
26.13		0.83848		
26.17		0.83827		
26.21		0.83806		
26.25		0.83785		
26.29		0.83764		
26.33		0.83744		
26.37		0.83723		
26.41		0.83702		
26.45		0.83681		
26.49		0.83661		
26.53		0.8364		
26.57		0.83619		
26.61		0.83599		
26.65		0.83578		
26.69		0.83558		
26.73		0.83538		
26.77		0.83517		
26.81		0.83497		
26.85		0.83477		
26.89		0.83457		
26.93		0.83436		
26.97		0.83416		
27.01		0.83396		
27.05		0.83376		
27.09		0.83356		
27.13		0.83336		
27.17		0.83317		
27.21		0.83297		
27.25		0.83277		
27.29		0.83257		
27.33		0.83238		
27.37		0.83218		
27.41		0.83198		
27.45		0.83179		
27.49		0.83159		
27.53		0.8314		
27.57		0.8312		
27.61		0.83101		
27.65		0.83082		
27.69		0.83062		
27.73		0.83043		
27.77		0.83024		
27.81		0.83005		
27.85		0.82986		
27.89		0.82967		
27.93		0.82948		
27.97		0.82929		
28.01		0.8291		
28.05		0.82891		
28.09		0.82872		
28.13		0.82853		
28.17		0.82834		
28.21		0.82816		
28.25		0.82797		
28.29		0.82778		
28.33		0.8276		
28.37		0.82741		
28.41		0.82723		
28.45		0.82704		
28.49		0.82686		
28.53		0.82667		
28.57		0.82649		
28.61		0.82631		
28.65		0.82613		
28.69		0.82594		
28.73		0.82576		
28.77		0.82558		
28.81		0.8254		
28.85		0.82522		
28.89		0.82504		
28.93		0.82486		
28.97		0.82468		
29.01		0.8245		
29.05		0.82432		
29.09		0.82414		
29.13		0.82396		
29.17		0.82379		
29.21		0.82361		
29.25		0.82343		
29.29		0.82326		
29.33		0.82308		
29.37		0.82291		
29.41		0.82273		
29.45		0.82256		
29.49		0.82238		
29.53		0.82221		
29.57		0.82203		
29.61		0.82186		
29.65		0.82169		
29.69		0.82151		
29.73		0.82134		
29.77		0.82117		
29.81		0.821		
29.85		0.82083		
29.89		0.82066		
29.93		0.82049		
29.97		0.82032		
30.01		0.82015		
30.05		0.81998		
30.09		0.81981		
30.13		0.81964		
30.17		0.81947		
30.21		0.8193		
30.25		0.81914		
30.29		0.81897		
30.33		0.8188		
30.37		0.81864		
30.41		0.81847		
30.45		0.8183		
30.49		0.81814		
30.53		0.81797		
30.57		0.81781		
30.61		0.81764		
30.65		0.81748		
30.69		0.81732		
30.73		0.81715		
30.77		0.81699		
30.81		0.81683		
30.85		0.81667		
30.89		0.8165		
30.93		0.81634		
30.97		0.81618		
31.01		0.81602		
31.05		0.81586		
31.09		0.8157		
31.13		0.81554		
31.17		0.81538		
31.21		0.81522		
31.25		0.81506		
31.29		0.8149		
31.33		0.81474		
31.37		0.81459		
31.41		0.81443		
31.45		0.81427		
31.49		0.81411		
31.53		0.81396		
31.57		0.8138		
31.61		0.81364		
31.65		0.81349		
31.69		0.81333		
31.73		0.81318		
31.77		0.81302		
31.81		0.81287		
31.85		0.81271		
31.89		0.81256		
31.93		0.81241		
31.97		0.81225		
32.01		0.8121		
32.05		0.81195		
32.09		0.81179		
32.13		0.81164		
32.17		0.81149		
32.21		0.81134		
32.25		0.81119		
32.29		0.81104		
32.33		0.81089		
32.37		0.81074		
32.41		0.81059		
32.45		0.81044		
32.49		0.81029		
32.53		0.81014		
32.57		0.80999		
32.61		0.80984		
32.65		0.80969		
32.69		0.80954		
32.73		0.8094		
32.77		0.80925		
32.81		0.8091		
32.85		0.80895		
32.89		0.80881		
32.93		0.80866		
32.97		0.80852		
33.01		0.80837		
33.05		0.80822		
33.09		0.80808		
33.13		0.80793		
33.17		0.80779		
33.21		0.80765		
33.25		0.8075		
33.29		0.80736		
33.33		0.80721		
33.37		0.80707		
33.41		0.80693		
33.45		0.80679		
33.49		0.80664		
33.53		0.8065		
33.57		0.80636		
33.61		0.80622		
33.65		0.80608		
33.69		0.80593		
33.73		0.80579		
33.77		0.80565		
33.81		0.80551		
33.85		0.80537		
33.89		0.80523		
33.93		0.80509		
33.97		0.80495		
34.01		0.80482		
34.05		0.80468		
34.09		0.80454		
34.13		0.8044		
34.17		0.80426		
34.21		0.80412		
34.25		0.80399		
34.29		0.80385		
34.33		0.80371		
34.37		0.80358		
34.41		0.80344		
34.45		0.8033		
34.49		0.80317		
34.53		0.80303		
34.57		0.8029		
34.61		0.80276		
34.65		0.80263		
34.69		0.80249		
34.73		0.80236		
34.77		0.80222		
34.81		0.80209		
34.85		0.80195		
34.89		0.80182		
34.93		0.80169		
34.97		0.80155		
35.01		0.80142		
35.05		0.80129		
35.09		0.80116		
35.13		0.80102		
35.17		0.80089		
35.21		0.80076		
35.25		0.80063		
35.29		0.8005		
35.33		0.80037		
35.37		0.80024		
35.41		0.80011		
35.45		0.79997		
35.49		0.79984		
35.53		0.79971		
35.57		0.79959		
35.61		0.79946		
35.65		0.79933		
35.69		0.7992		
35.73		0.79907		
35.77		0.79894		
35.81		0.79881		
35.85		0.79868		
35.89		0.79856		
35.93		0.79843		
35.97		0.7983		
36.01		0.79817		
36.05		0.79805		
36.09		0.79792		
36.13		0.79779		
36.17		0.79767		
36.21		0.79754		
36.25		0.79742		
36.29		0.79729		
36.33		0.79716		
36.37		0.79704		
36.41		0.79691		
36.45		0.79679		
36.49		0.79666		
36.53		0.79654		
36.57		0.79642		
36.61		0.79629		
36.65		0.79617		
36.69		0.79604		
36.73		0.79592		
36.77		0.7958		
36.81		0.79568		
36.85		0.79555		
36.89		0.79543		
36.93		0.79531		
36.97		0.79519		
37.01		0.79506		
37.05		0.79494		
37.09		0.79482		
37.13		0.7947		
37.17		0.79458		
37.21		0.79446		
37.25		0.79434		
37.29		0.79421		
37.33		0.79409		
37.37		0.79397		
37.41		0.79385		
37.45		0.79373		
37.49		0.79361		
37.53		0.7935		
37.57		0.79338		
37.61		0.79326		
37.65		0.79314		
37.69		0.79302		
37.73		0.7929		
37.77		0.79278		
37.81		0.79266		
37.85		0.79255		
37.89		0.79243		
37.93		0.79231		
37.97		0.79219		
38.01		0.79208		
38.05		0.79196		
38.09		0.79184		
38.13		0.79173		
38.17		0.79161		
38.21		0.79149		
38.25		0.79138		
38.29		0.79126		
38.33		0.79115		
38.37		0.79103		
38.41		0.79092		
38.45		0.7908		
38.49		0.79069		
38.53		0.79057		
38.57		0.79046		
38.61		0.79034		
38.65		0.79023		
38.69		0.79011		
38.73		0.79		
38.77		0.78988		
38.81		0.78977		
38.85		0.78966		
38.89		0.78954		
38.93		0.78943		
38.97		0.78932		
39.01		0.78921		
39.05		0.78909		
39.09		0.78898		
39.13		0.78887		
39.17		0.78876		
39.21		0.78864		
39.25		0.78853		
39.29		0.78842		
39.33		0.78831		
39.37		0.7882		
39.41		0.78809		
39.45		0.78798		
39.49		0.78787		
39.53		0.78776		
39.57		0.78764		
39.61		0.78753		
39.65		0.78742		
39.69		0.78731		
39.73		0.7872		
39.77		0.78709		
39.81		0.78699		
39.85		0.78688		
39.89		0.78677		
39.93		0.78666		
39.97		0.78655		
40.01		0.78644		
40.05		0.78633		
40.09		0.78622		
40.13		0.78611		
40.17		0.78601		
40.21		0.7859		
40.25		0.78579		
40.29		0.78568		
40.33		0.78558		
40.37		0.78547		
40.41		0.78536		
40.45		0.78525		
40.49		0.78515		
40.53		0.78504		
40.57		0.78493		
40.61		0.78483		
40.65		0.78472		
40.69		0.78462		
40.73		0.78451		
40.77		0.7844		
40.81		0.7843		
40.85		0.78419		
40.89		0.78409		
40.93		0.78398		
40.97		0.78388		
41.01		0.78377		
41.05		0.78367		
41.09		0.78356		
41.13		0.78346		
41.17		0.78335		
41.21		0.78325		
41.25		0.78315		
41.29		0.78304		
41.33		0.78294		
41.37		0.78283		
41.41		0.78273		
41.45		0.78263		
41.49		0.78252		
41.53		0.78242		
41.57		0.78232		
41.61		0.78221		
41.65		0.78211		
41.69		0.78201		
41.73		0.78191		
41.77		0.7818		
41.81		0.7817		
41.85		0.7816		
41.89		0.7815		
41.93		0.7814		
41.97		0.78129		
42.01		0.78119		
42.05		0.78109		
42.09		0.78099		
42.13		0.78089		
42.17		0.78079		
42.21		0.78069		
42.25		0.78059		
42.29		0.78049		
42.33		0.78039		
42.37		0.78029		
42.41		0.78019		
42.45		0.78009		
42.49		0.77999		
42.53		0.77989		
42.57		0.77979		
42.61		0.77969		
42.65		0.77959		
42.69		0.77949		
42.73		0.77939		
42.77		0.77929		
42.81		0.77919		
42.85		0.77909		
42.89		0.77899		
42.93		0.77889		
42.97		0.7788		
43.01		0.7787		
43.05		0.7786		
43.09		0.7785		
43.13		0.7784		
43.17		0.77831		
43.21		0.77821		
43.25		0.77811		
43.29		0.77801		
43.33		0.77792		
43.37		0.77782		
43.41		0.77772		
43.45		0.77762		
43.49		0.77753		
43.53		0.77743		
43.57		0.77733		
43.61		0.77724		
43.65		0.77714		
43.69		0.77705		
43.73		0.77695		
43.77		0.77685		
43.81		0.77676		
43.85		0.77666		
43.89		0.77657		
43.93		0.77647		
43.97		0.77637		
44.01		0.77628		
44.05		0.77618		
44.09		0.77609		
44.13		0.77599		
44.17		0.7759		
44.21		0.7758		
44.25		0.77571		
44.29		0.77561		
44.33		0.77552		
44.37		0.77543		
44.41		0.77533		
44.45		0.77524		
44.49		0.77514		
44.53		0.77505		
44.57		0.77496		
44.61		0.77486		
44.65		0.77477		
44.69		0.77468		
44.73		0.77458		
44.77		0.77449		
44.81		0.7744		
44.85		0.7743		
44.89		0.77421		
44.93		0.77412		
44.97		0.77402		
45.01		0.77393		
45.05		0.77384		
45.09		0.77375		
45.13		0.77365		
45.17		0.77356		
45.21		0.77347		
45.25		0.77338		
45.29		0.77329		
45.33		0.77319		
45.37		0.7731		
45.41		0.77301		
45.45		0.77292		
45.49		0.77283		
45.53		0.77274		
45.57		0.77264		
45.61		0.77255		
45.65		0.77246		
45.69		0.77237		
45.73		0.77228		
45.77		0.77219		
45.81		0.7721		
45.85		0.77201		
45.89		0.77192		
45.93		0.77183		
45.97		0.77174		
46.01		0.77165		
46.05		0.77156		
46.09		0.77147		
46.13		0.77138		
46.17		0.77129		
46.21		0.7712		
46.25		0.77111		
46.29		0.77102		
46.33		0.77093		
46.37		0.77084		
46.41		0.77075		
46.45		0.77066		
46.49		0.77057		
46.53		0.77048		
46.57		0.77039		
46.61		0.77031		
46.65		0.77022		
46.69		0.77013		
46.73		0.77004		
46.77		0.76995		
46.81		0.76986		
46.85		0.76977		
46.89		0.76969		
46.93		0.7696		
46.97		0.76951		
47.01		0.76942		
47.05		0.76934		
47.09		0.76925		
47.13		0.76916		
47.17		0.76907		
47.21		0.76898		
47.25		0.7689		
47.29		0.76881		
47.33		0.76872		
47.37		0.76864		
47.41		0.76855		
47.45		0.76846		
47.49		0.76837		
47.53		0.76829		
47.57		0.7682		
47.61		0.76811		
47.65		0.76803		
47.69		0.76794		
47.73		0.76786		
47.77		0.76777		
47.81		0.76768		
47.85		0.7676		
47.89		0.76751		
47.93		0.76742		
47.97		0.76734		
48.01		0.76725		
48.05		0.76717		
48.09		0.76708		
48.13		0.767		
48.17		0.76691		
48.21		0.76683		
48.25		0.76674		
48.29		0.76665		
48.33		0.76657		
48.37		0.76648		
48.41		0.7664		
48.45		0.76631		
48.49		0.76623		
48.53		0.76614		
48.57		0.76606		
48.61		0.76598		
48.65		0.76589		
48.69		0.76581		
48.73		0.76572		
48.77		0.76564		
48.81		0.76555		
48.85		0.76547		
48.89		0.76539		
48.93		0.7653		
48.97		0.76522		
49.01		0.76513		
49.05		0.76505		
49.09		0.76497		
49.13		0.76488		
49.17		0.7648		
49.21		0.76472		
49.25		0.76463		
49.29		0.76455		
49.33		0.76447		
49.37		0.76438		
49.41		0.7643		
49.45		0.76422		
49.49		0.76413		
49.53		0.76405		
49.57		0.76397		
49.61		0.76388		
49.65		0.7638		
49.69		0.76372		
49.73		0.76364		
49.77		0.76355		
49.81		0.76347		
49.85		0.76339		
49.89		0.76331		
49.93		0.76322		
49.97		0.76314		
