tau [fm]		B
0.25		-11.7005
0.35		-6.60248		
0.45		-4.30495		
0.55		-3.01027		
0.65		-2.19189		
0.75		-1.63654		
0.85		-1.24057		
0.95		-0.947714		
1.05		-0.724953		
1.15		-0.551727		
1.25		-0.414608		
1.35		-0.304481		
1.45		-0.214956		
1.55		-0.141436		
1.65		-0.0805367		
1.75		-0.0297172		
1.85		0.0129601		
1.95		0.0489953		
2.05		0.0795647		
2.15		0.105601		
2.25		0.127852		
2.35		0.14692		
2.45		0.1633		
2.55		0.177393		
2.65		0.189536		
2.75		0.200004		
2.85		0.209032		
2.95		0.216814		
3.05		0.223515		
3.15		0.229276		
3.25		0.234217		
3.35		0.238439		
3.45		0.242031		
3.55		0.245069		
3.65		0.247617		
3.75		0.249733		
3.85		0.251467		
3.95		0.252861		
4.05		0.253954		
4.15		0.254778		
4.25		0.255363		
4.35		0.255735		
4.45		0.255916		
4.55		0.255926		
4.65		0.255783		
4.75		0.255503		
4.85		0.2551		
4.95		0.254587		
5.05		0.253975		
5.15		0.253274		
5.25		0.252493		
5.35		0.25164		
5.45		0.250722		
5.55		0.249746		
5.65		0.248718		
5.75		0.247644		
5.85		0.246527		
5.95		0.245373		
6.05		0.244185		
6.15		0.242967		
6.25		0.241722		
6.35		0.240454		
6.45		0.239164		
6.55		0.237856		
6.65		0.236531		
6.75		0.235192		
6.85		0.233841		
6.95		0.232478		
7.05		0.231107		
7.15		0.229728		
7.25		0.228342		
7.35		0.226952		
7.45		0.225557		
7.55		0.224159		
7.65		0.222759		
7.75		0.221357		
7.85		0.219955		
7.95		0.218554		
8.05		0.217153		
8.15		0.215754		
8.25		0.214357		
8.35		0.212963		
8.45		0.211571		
8.55		0.210184		
8.65		0.2088		
8.75		0.207421		
8.85		0.206046		
8.95		0.204677		
9.05		0.203313		
9.15		0.201955		
9.25		0.200602		
9.35		0.199256		
9.45		0.197916		
9.55		0.196582		
9.65		0.195255		
9.75		0.193935		
9.85		0.192623		
9.95		0.191317		
10.05		0.190018		
10.15		0.188727		
10.25		0.187444		
10.35		0.186168		
10.45		0.1849		
10.55		0.18364		
10.65		0.182387		
10.75		0.181143		
10.85		0.179906		
10.95		0.178677		
11.05		0.177457		
11.15		0.176244		
11.25		0.17504		
11.35		0.173844		
11.45		0.172655		
11.55		0.171475		
11.65		0.170304		
11.75		0.16914		
11.85		0.167984		
11.95		0.166837		
12.05		0.165698		
12.15		0.164567		
12.25		0.163444		
12.35		0.162329		
12.45		0.161222		
12.55		0.160124		
12.65		0.159033		
12.75		0.157951		
12.85		0.156876		
12.95		0.155809		
13.05		0.15475		
13.15		0.1537		
13.25		0.152657		
13.35		0.151621		
13.45		0.150594		
13.55		0.149574		
13.65		0.148562		
13.75		0.147558		
13.85		0.146561		
13.95		0.145571		
14.05		0.14459		
14.15		0.143615		
14.25		0.142648		
14.35		0.141689		
14.45		0.140736		
14.55		0.139791		
14.65		0.138853		
14.75		0.137922		
14.85		0.136998		
14.95		0.136082		
15.05		0.135172		
15.15		0.134269		
15.25		0.133373		
15.35		0.132483		
15.45		0.131601		
15.55		0.130725		
15.65		0.129856		
15.75		0.128993		
15.85		0.128137		
15.95		0.127287		
16.05		0.126443		
16.15		0.125606		
16.25		0.124775		
16.35		0.123951		
16.45		0.123132		
16.55		0.12232		
16.65		0.121513		
16.75		0.120713		
16.85		0.119918		
16.95		0.119129		
17.05		0.118346		
17.15		0.117569		
17.25		0.116798		
17.35		0.116032		
17.45		0.115271		
17.55		0.114516		
17.65		0.113767		
17.75		0.113023		
17.85		0.112284		
17.95		0.11155		
18.05		0.110822		
18.15		0.110099		
18.25		0.109381		
18.35		0.108668		
18.45		0.10796		
18.55		0.107257		
18.65		0.106559		
18.75		0.105865		
18.85		0.105177		
18.95		0.104493		
19.05		0.103813		
19.15		0.103139		
19.25		0.102469		
19.35		0.101803		
19.45		0.101142		
19.55		0.100485		
19.65		0.099833		
19.75		0.099185		
19.85		0.0985412		
19.95		0.0979016		
20.05		0.0972662		
20.15		0.0966349		
20.25		0.0960077		
20.35		0.0953845		
20.45		0.0947653		
20.55		0.09415		
20.65		0.0935386		
20.75		0.092931		
20.85		0.0923272		
20.95		0.0917272		
21.05		0.0911308		
21.15		0.0905382		
21.25		0.0899491		
21.35		0.0893637		
21.45		0.0887818		
21.55		0.0882034		
21.65		0.0876284		
21.75		0.0870569		
21.85		0.0864887		
21.95		0.0859239		
22.05		0.0853625		
22.15		0.0848042		
22.25		0.0842492		
22.35		0.0836975		
22.45		0.0831488		
22.55		0.0826033		
22.65		0.0820609		
22.75		0.0815216		
22.85		0.0809853		
22.95		0.080452		
23.05		0.0799216		
23.15		0.0793942		
23.25		0.0788696		
23.35		0.0783479		
23.45		0.0778291		
23.55		0.0773131		
23.65		0.0767998		
23.75		0.0762893		
23.85		0.0757816		
23.95		0.0752765		
24.05		0.0747741		
24.15		0.0742743		
24.25		0.0737771		
24.35		0.0732825		
24.45		0.0727905		
24.55		0.072301		
24.65		0.0718141		
24.75		0.0713296		
24.85		0.0708476		
24.95		0.070368		
25.05		0.0698908		
25.15		0.0694161		
25.25		0.0689437		
25.35		0.0684737		
25.45		0.068006		
25.55		0.0675406		
25.65		0.0670775		
25.75		0.0666167		
25.85		0.0661581		
25.95		0.0657018		
26.05		0.0652477		
26.15		0.0647957		
26.25		0.064346		
26.35		0.0638984		
26.45		0.063453		
26.55		0.0630097		
26.65		0.0625685		
26.75		0.0621294		
26.85		0.0616924		
26.95		0.0612574		
27.05		0.0608245		
27.15		0.0603936		
27.25		0.0599613		
27.35		0.0595394		
27.45		0.05912		
27.55		0.0587032		
27.65		0.0582889		
27.75		0.0578771		
27.85		0.0574675		
27.95		0.0570603		
28.05		0.0566554		
28.15		0.0562527		
28.25		0.0558522		
28.35		0.0554539		
28.45		0.0550577		
28.55		0.0546637		
28.65		0.0542717		
28.75		0.0538817		
28.85		0.0534938		
28.95		0.0531079		
29.05		0.052724		
29.15		0.052342		
29.25		0.051962		
29.35		0.0515839		
29.45		0.0512078		
29.55		0.0508335		
29.65		0.0504611		
29.75		0.0500906		
29.85		0.049722		
29.95		0.0493552		
30.05		0.0489902		
30.15		0.0486271		
30.25		0.0482657		
30.35		0.0479062		
30.45		0.0475484		
30.55		0.0471925		
30.65		0.0468383		
30.75		0.0464859		
30.85		0.0461352		
30.95		0.0457862		
31.05		0.0454391		
31.15		0.0450936		
31.25		0.0447498		
31.35		0.0444078		
31.45		0.0440675		
31.55		0.0437289		
31.65		0.0433919		
31.75		0.0430567		
31.85		0.0427231		
31.95		0.0423912		
32.05		0.042061		
32.15		0.0417324		
32.25		0.0414055		
32.35		0.0410802		
32.45		0.0407566		
32.55		0.0404346		
32.65		0.0401142		
32.75		0.0397955		
32.85		0.0394783		
32.95		0.0391628		
33.05		0.0388489		
33.15		0.0385366		
33.25		0.0382259		
33.35		0.0379167		
33.45		0.0376092		
33.55		0.0373032		
33.65		0.0369988		
33.75		0.036696		
33.85		0.0363947		
33.95		0.036095		
34.05		0.0357968		
34.15		0.0355002		
34.25		0.0352051		
34.35		0.0349116		
34.45		0.0346195		
34.55		0.034329		
34.65		0.0340401		
34.75		0.0337526		
34.85		0.0334666		
34.95		0.0331822		
35.05		0.0328992		
35.15		0.0326178		
35.25		0.0323378		
35.35		0.0320593		
35.45		0.0317823		
35.55		0.0315068		
35.65		0.0312327		
35.75		0.0309601		
35.85		0.0306889		
35.95		0.0304192		
36.05		0.0301509		
36.15		0.0298841		
36.25		0.0296187		
36.35		0.0293548		
36.45		0.0290922		
36.55		0.0288311		
36.65		0.0285714		
36.75		0.0283131		
36.85		0.0280562		
36.95		0.0278007		
37.05		0.0275466		
37.15		0.0272939		
37.25		0.0270426		
37.35		0.0267926		
37.45		0.0265441		
37.55		0.0262969		
37.65		0.026051		
37.75		0.0258065		
37.85		0.0255634		
37.95		0.0253216		
38.05		0.0250811		
38.15		0.024842		
38.25		0.0246042		
38.35		0.0243677		
38.45		0.0241326		
38.55		0.0238987		
38.65		0.0236662		
38.75		0.023435		
38.85		0.023205		
38.95		0.0229764		
39.05		0.022749		
39.15		0.022523		
39.25		0.0222982		
39.35		0.0220746		
39.45		0.0218524		
39.55		0.0216344		
39.65		0.021427		
39.75		0.0212203		
39.85		0.021014		
39.95		0.0208082		
40.05		0.0206028		
40.15		0.0203978		
40.25		0.0201931		
40.35		0.0199888		
40.45		0.019785		
40.55		0.0195816		
40.65		0.0193787		
40.75		0.0191763		
40.85		0.0189745		
40.95		0.0187733		
41.05		0.0185727		
41.15		0.0183729		
41.25		0.0181738		
41.35		0.0179754		
41.45		0.0177779		
41.55		0.0175813		
41.65		0.0173855		
41.75		0.0171906		
41.85		0.0169966		
41.95		0.0168035		
42.05		0.0166115		
42.15		0.0164203		
42.25		0.0162302		
42.35		0.0160411		
42.45		0.015853		
42.55		0.0156658		
42.65		0.0154797		
42.75		0.0152947		
42.85		0.0151106		
42.95		0.0149276		
43.05		0.0147456		
43.15		0.0145646		
43.25		0.0143846		
43.35		0.0142057		
43.45		0.0140278		
43.55		0.0138509		
43.65		0.013675		
43.75		0.0135002		
43.85		0.0133264		
43.95		0.0131535		
44.05		0.0129817		
44.15		0.0128109		
44.25		0.0126411		
44.35		0.0124723		
44.45		0.0123045		
44.55		0.0121376		
44.65		0.0119718		
44.75		0.0118069		
44.85		0.011643		
44.95		0.0114801		
45.05		0.0113181		
45.15		0.0111572		
45.25		0.0109971		
45.35		0.010838		
45.45		0.0106799		
45.55		0.0105227		
45.65		0.0103665		
45.75		0.0102112		
45.85		0.0100568		
45.95		0.00990338		
46.05		0.00975085		
46.15		0.00959925		
46.25		0.00944855		
46.35		0.00929877		
46.45		0.00914988		
46.55		0.0090019		
46.65		0.00885481		
46.75		0.00870862		
46.85		0.0085633		
46.95		0.00841887		
47.05		0.00827531		
47.15		0.00813262		
47.25		0.0079908		
47.35		0.00784984		
47.45		0.00770973		
47.55		0.00757048		
47.65		0.00743208		
47.75		0.00729452		
47.85		0.0071578		
47.95		0.00702191		
48.05		0.00688686		
48.15		0.00675262		
48.25		0.00661921		
48.35		0.00648661		
48.45		0.00635482		
48.55		0.00622384		
48.65		0.00609366		
48.75		0.00596428		
48.85		0.00583569		
48.95		0.00570789		
49.05		0.00558087		
49.15		0.00545464		
49.25		0.00532917		
49.35		0.00520448		
49.45		0.00508055		
49.55		0.00495739		
49.65		0.00483498		
49.75		0.00471332		
49.85		0.00459242		
49.95		0.00447225		
50.05		0.00435283		
50.15		0.00423414		
50.25		0.00411618		
50.35		0.00399895		
50.45		0.00388244		
50.55		0.00376665		
50.65		0.00365158		
50.75		0.00353721		
50.85		0.00342355		
50.95		0.00331059		
51.05		0.00319832		
51.15		0.00308675		
51.25		0.00297587		
51.35		0.00286568		
51.45		0.00275616		
51.55		0.00264732		
51.65		0.00253915		
51.75		0.00243165		
51.85		0.00232482		
51.95		0.00221865		
52.05		0.00211312		
52.15		0.00200826		
52.25		0.00190404		
52.35		0.00180047		
52.45		0.00169753		
52.55		0.00159524		
52.65		0.00149357		
52.75		0.00139254		
52.85		0.00129213		
52.95		0.00119234		
53.05		0.00109317		
53.15		0.000994609		
53.25		0.00089666		
53.35		0.000799323		
53.45		0.000702581		
53.55		0.000606438		
53.65		0.00051089		
53.75		0.000415934		
53.85		0.000321567		
53.95		0.000227785		
54.05		0.000134579		
54.15		4.19521e-05		
54.25		-5.01016e-05		
54.35		-0.000141585		
54.45		-0.000232505		
54.55		-0.000322863		
54.65		-0.000412659		
54.75		-0.000501901		
54.85		-0.000590592		
54.95		-0.000678731		
55.05		-0.00076633		
55.15		-0.000853384		
55.25		-0.000939899		
55.35		-0.00102588		
55.45		-0.00111133		
55.55		-0.00119625		
55.65		-0.00128065		
55.75		-0.00136453		
55.85		-0.00144788		
55.95		-0.00153072		
56.05		-0.00161305		
56.15		-0.00169488		
56.25		-0.00177619		
56.35		-0.00185701		
56.45		-0.00193732		
56.55		-0.00201714		
56.65		-0.00209646		
56.75		-0.0021753		
56.85		-0.00225365		
56.95		-0.00233151		
57.05		-0.0024089		
57.15		-0.0024858		
57.25		-0.00256224		
57.35		-0.0026382		
57.45		-0.00271369		
57.55		-0.00278872		
57.65		-0.00286328		
57.75		-0.00293739		
57.85		-0.00301104		
57.95		-0.00308424		
58.05		-0.00315698		
58.15		-0.00322928		
58.25		-0.00330113		
58.35		-0.00337254		
58.45		-0.0034435		
58.55		-0.00351403		
58.65		-0.00358413		
58.75		-0.0036538		
58.85		-0.00372304		
58.95		-0.00379185		
59.05		-0.00386024		
59.15		-0.00392821		
59.25		-0.00399576		
59.35		-0.0040629		
59.45		-0.00412962		
59.55		-0.00419594		
59.65		-0.00426184		
59.75		-0.00432735		
59.85		-0.00439245		
59.95		-0.00445715		
60.05		-0.00452145		
60.15		-0.00458536		
60.25		-0.00464888		
60.35		-0.004712		
60.45		-0.00477475		
60.55		-0.0048371		
60.65		-0.00489908		
60.75		-0.00496067		
60.85		-0.00502189		
60.95		-0.00508273		
61.05		-0.0051432		
61.15		-0.0052033		
61.25		-0.00526304		
61.35		-0.0053224		
61.45		-0.00538141		
61.55		-0.00544005		
61.65		-0.00549834		
61.75		-0.00555626		
61.85		-0.00561384		
61.95		-0.00567106		
62.05		-0.00572794		
62.15		-0.00578447		
62.25		-0.00584065		
62.35		-0.00589648		
62.45		-0.00595198		
62.55		-0.00600714		
62.65		-0.00606197		
62.75		-0.00611646		
62.85		-0.00617061		
62.95		-0.00622444		
63.05		-0.00627794		
63.15		-0.00633111		
63.25		-0.00638396		
63.35		-0.00643649		
63.45		-0.0064887		
63.55		-0.00654059		
63.65		-0.00659217		
63.75		-0.00664343		
63.85		-0.00669438		
63.95		-0.00674502		
64.05		-0.00679535		
64.15		-0.00684538		
64.25		-0.0068951		
64.35		-0.00694452		
64.45		-0.00699365		
64.55		-0.00704247		
64.65		-0.007091		
64.75		-0.00713923		
64.85		-0.00718717		
64.95		-0.00723482		
65.05		-0.00728218		
65.15		-0.00732926		
65.25		-0.00737605		
65.35		-0.00742255		
65.45		-0.00746878		
65.55		-0.00751472		
65.65		-0.00756039		
65.75		-0.00760578		
65.85		-0.00765089		
65.95		-0.00769573		
66.05		-0.0077403		
66.15		-0.00778461		
66.25		-0.00782864		
66.35		-0.00787241		
66.45		-0.00791591		
66.55		-0.00795915		
66.65		-0.00800213		
66.75		-0.00804485		
66.85		-0.00808732		
66.95		-0.00812952		
67.05		-0.00817147		
67.15		-0.00821317		
67.25		-0.00825462		
67.35		-0.00829582		
67.45		-0.00833677		
67.55		-0.00837747		
67.65		-0.00841792		
67.75		-0.00845813		
67.85		-0.00849811		
67.95		-0.00853784		
68.05		-0.00857733		
68.15		-0.00861658		
68.25		-0.0086556		
68.35		-0.00869438		
68.45		-0.00873293		
68.55		-0.00877125		
68.65		-0.00880934		
68.75		-0.00884719		
68.85		-0.00888482		
68.95		-0.00892223		
69.05		-0.00895941		
69.15		-0.00899636		
69.25		-0.0090331		
69.35		-0.00906961		
69.45		-0.00910591		
69.55		-0.00914198		
69.65		-0.00917784		
69.75		-0.00921349		
69.85		-0.00924892		
69.95		-0.00928414		
70.05		-0.00931914		
70.15		-0.00935394		
70.25		-0.00938853		
70.35		-0.00942291		
70.45		-0.00945708		
70.55		-0.00949106		
70.65		-0.00952482		
70.75		-0.00955838		
70.85		-0.00959175		
70.95		-0.00962491		
71.05		-0.00965788		
71.15		-0.00969065		
71.25		-0.00972322		
71.35		-0.00975559		
71.45		-0.00978777		
71.55		-0.00981976		
71.65		-0.00985156		
71.75		-0.00988317		
71.85		-0.00991459		
71.95		-0.00994582		
72.05		-0.00997686		
72.15		-0.0100077		
72.25		-0.0100384		
72.35		-0.0100689		
72.45		-0.0100992		
72.55		-0.0101293		
72.65		-0.0101593		
72.75		-0.010189		
72.85		-0.0102186		
72.95		-0.010248		
73.05		-0.0102773		
73.15		-0.0103063		
73.25		-0.0103352		
73.35		-0.0103639		
73.45		-0.0103925		
73.55		-0.0104208		
73.65		-0.010449		
73.75		-0.0104771		
73.85		-0.0105049		
73.95		-0.0105326		
74.05		-0.0105602		
74.15		-0.0105875		
74.25		-0.0106148		
74.35		-0.0106418		
74.45		-0.0106687		
74.55		-0.0106954		
74.65		-0.010722		
74.75		-0.0107484		
74.85		-0.0107746		
74.95		-0.0108007		
75.05		-0.0108266		
75.15		-0.0108524		
75.25		-0.010878		
75.35		-0.0109035		
75.45		-0.0109288		
75.55		-0.010954		
75.65		-0.010979		
75.75		-0.0110039		
75.85		-0.0110286		
75.95		-0.0110532		
76.05		-0.0110776		
76.15		-0.0111019		
76.25		-0.011126		
76.35		-0.01115		
76.45		-0.0111738		
76.55		-0.0111975		
76.65		-0.0112211		
76.75		-0.0112445		
76.85		-0.0112678		
76.95		-0.0112909		
77.05		-0.0113139		
77.15		-0.0113368		
77.25		-0.0113595		
77.35		-0.0113821		
77.45		-0.0114046		
77.55		-0.0114269		
77.65		-0.0114491		
77.75		-0.0114711		
77.85		-0.011493		
77.95		-0.0115148		
78.05		-0.0115365		
78.15		-0.011558		
78.25		-0.0115794		
78.35		-0.0116007		
78.45		-0.0116218		
78.55		-0.0116428		
78.65		-0.0116637		
78.75		-0.0116845		
78.85		-0.0117051		
78.95		-0.0117257		
79.05		-0.0117461		
79.15		-0.0117663		
79.25		-0.0117865		
79.35		-0.0118065		
79.45		-0.0118264		
79.55		-0.0118462		
79.65		-0.0118659		
79.75		-0.0118854		
79.85		-0.0119049		
79.95		-0.0119242		
80.05		-0.0119434		
80.15		-0.0119625		
80.25		-0.0119814		
80.35		-0.0120003		
80.45		-0.012019		
80.55		-0.0120376		
80.65		-0.0120562		
80.75		-0.0120746		
80.85		-0.0120929		
80.95		-0.012111		
81.05		-0.0121291		
81.15		-0.0121471		
81.25		-0.0121649		
81.35		-0.0121827		
81.45		-0.0122003		
81.55		-0.0122178		
81.65		-0.0122353		
81.75		-0.0122526		
81.85		-0.0122698		
81.95		-0.0122869		
82.05		-0.0123039		
82.15		-0.0123208		
82.25		-0.0123376		
82.35		-0.0123543		
82.45		-0.0123709		
82.55		-0.0123874		
82.65		-0.0124038		
82.75		-0.0124201		
82.85		-0.0124363		
82.95		-0.0124524		
83.05		-0.0124684		
83.15		-0.0124843		
83.25		-0.0125001		
83.35		-0.0125158		
83.45		-0.0125314		
83.55		-0.012547		
83.65		-0.0125624		
83.75		-0.0125777		
83.85		-0.0125929		
83.95		-0.0126081		
84.05		-0.0126231		
84.15		-0.0126381		
84.25		-0.012653		
84.35		-0.0126677		
84.45		-0.0126824		
84.55		-0.012697		
84.65		-0.0127115		
84.75		-0.0127259		
84.85		-0.0127403		
84.95		-0.0127545		
85.05		-0.0127686		
85.15		-0.0127827		
85.25		-0.0127967		
85.35		-0.0128106		
85.45		-0.0128244		
85.55		-0.0128381		
85.65		-0.0128517		
85.75		-0.0128653		
85.85		-0.0128787		
85.95		-0.0128921		
86.05		-0.0129054		
86.15		-0.0129186		
86.25		-0.0129317		
86.35		-0.0129448		
86.45		-0.0129578		
86.55		-0.0129707		
86.65		-0.0129835		
86.75		-0.0129962		
86.85		-0.0130088		
86.95		-0.0130214		
87.05		-0.0130339		
87.15		-0.0130463		
87.25		-0.0130586		
87.35		-0.0130709		
87.45		-0.0130831		
87.55		-0.0130952		
87.65		-0.0131072		
87.75		-0.0131192		
87.85		-0.013131		
87.95		-0.0131428		
88.05		-0.0131546		
88.15		-0.0131662		
88.25		-0.0131778		
88.35		-0.0131893		
88.45		-0.0132007		
88.55		-0.0132121		
88.65		-0.0132234		
88.75		-0.0132346		
88.85		-0.0132457		
88.95		-0.0132568		
89.05		-0.0132677		
89.15		-0.0132784		
89.25		-0.0132898		
89.35		-0.0133005		
89.45		-0.0133112		
89.55		-0.0133218		
89.65		-0.0133324		
89.75		-0.0133429		
89.85		-0.0133534		
89.95		-0.0133638		
90.05		-0.0133741		
90.15		-0.0133843		
90.25		-0.0133945		
90.35		-0.0134046		
90.45		-0.0134147		
90.55		-0.0134247		
90.65		-0.0134346		
90.75		-0.0134445		
90.85		-0.0134543		
90.95		-0.013464		
91.05		-0.0134736		
91.15		-0.0134833		
91.25		-0.0134928		
91.35		-0.0135023		
91.45		-0.0135117		
91.55		-0.013521		
91.65		-0.0135303		
91.75		-0.0135396		
91.85		-0.0135487		
91.95		-0.0135578		
92.05		-0.0135669		
92.15		-0.0135759		
92.25		-0.0135848		
92.35		-0.0135937		
92.45		-0.0136025		
92.55		-0.0136113		
92.65		-0.01362		
92.75		-0.0136286		
92.85		-0.0136372		
92.95		-0.0136457		
93.05		-0.0136542		
93.15		-0.0136626		
93.25		-0.0136709		
93.35		-0.0136792		
93.45		-0.0136875		
93.55		-0.0136956		
93.65		-0.0137038		
93.75		-0.0137118		
93.85		-0.0137199		
93.95		-0.0137278		
94.05		-0.0137357		
94.15		-0.0137436		
94.25		-0.0137514		
94.35		-0.0137591		
94.45		-0.0137668		
94.55		-0.0137745		
94.65		-0.0137821		
94.75		-0.0137896		
94.85		-0.0137971		
94.95		-0.0138045		
95.05		-0.0138119		
95.15		-0.0138192		
95.25		-0.0138265		
95.35		-0.0138337		
95.45		-0.0138409		
95.55		-0.013848		
95.65		-0.0138551		
95.75		-0.0138621		
95.85		-0.0138691		
95.95		-0.013876		
96.05		-0.0138829		
96.15		-0.0138897		
96.25		-0.0138965		
96.35		-0.0139033		
96.45		-0.01391		
96.55		-0.0139166		
96.65		-0.0139232		
96.75		-0.0139297		
96.85		-0.0139362		
96.95		-0.0139427		
97.05		-0.0139491		
97.15		-0.0139554		
97.25		-0.0139617		
97.35		-0.013968		
97.45		-0.0139742		
97.55		-0.0139804		
97.65		-0.0139865		
97.75		-0.0139926		
97.85		-0.0139986		
97.95		-0.0140046		
98.05		-0.0140106		
98.15		-0.0140165		
98.25		-0.0140224		
98.35		-0.0140282		
98.45		-0.014034		
98.55		-0.0140397		
98.65		-0.0140454		
98.75		-0.014051		
98.85		-0.0140566		
98.95		-0.0140622		
99.05		-0.0140677		
99.15		-0.0140732		
99.25		-0.0140786		
99.35		-0.014084		
99.45		-0.0140894		
99.55		-0.0140947		
99.65		-0.0140999		
99.75		-0.0141052		
99.85		-0.0141104		
99.95		-0.0141155		
