tau [fm]		R_PiNS^-1
0.25		-0.00846945
0.35		-0.00681747
0.45		-0.00577822
0.55		-0.00506039
0.65		-0.00453469
0.75		-0.00413467
0.85		-0.00382268
0.95		-0.00357579
1.05		-0.00337931
1.15		-0.00322339
1.25		-0.00310119
1.35		-0.00300784
1.45		-0.00293976
1.55		-0.00289425
1.65		-0.00286925
1.75		-0.00286314
1.85		-0.00287461
1.95		-0.00290261
2.05		-0.00294623
2.15		-0.00300472
2.25		-0.00307742
2.35		-0.00316372
2.45		-0.00326312
2.55		-0.00337511
2.65		-0.00349926
2.75		-0.00363514
2.85		-0.00378235
2.95		-0.00394053
3.05		-0.00410931
3.15		-0.00428835
3.25		-0.0044773
3.35		-0.00467584
3.45		-0.00488367
3.55		-0.00510047
3.65		-0.00532594
3.75		-0.0055598
3.85		-0.00580175
3.95		-0.00605154
4.05		-0.00630887
4.15		-0.0065735
4.25		-0.00684516
4.35		-0.00712361
4.45		-0.00740859
4.55		-0.00769987
4.65		-0.00799721
4.75		-0.00830038
4.85		-0.00860917
4.95		-0.00892335
5.05		-0.00924271
5.15		-0.00956704
5.25		-0.00989614
5.35		-0.0102298
5.45		-0.0105679
5.55		-0.0109101
5.65		-0.0112564
5.75		-0.0116064
5.85		-0.0119602
5.95		-0.0123174
6.05		-0.0126779
6.15		-0.0130416
6.25		-0.0134083
6.35		-0.0137778
6.45		-0.0141501
6.55		-0.0145248
6.65		-0.014902
6.75		-0.0152815
6.85		-0.015663
6.95		-0.0160466
7.05		-0.0164321
7.15		-0.0168193
7.25		-0.0172081
7.35		-0.0175985
7.45		-0.0179902
7.55		-0.0183833
7.65		-0.0187775
7.75		-0.0191728
7.85		-0.019569
7.95		-0.0199662
8.05		-0.0203641
8.15		-0.0207627
8.25		-0.0211619
8.35		-0.0215617
8.45		-0.0219618
8.55		-0.0223623
8.65		-0.0227631
8.75		-0.0231641
8.85		-0.0235652
8.95		-0.0239664
9.05		-0.0243675
9.15		-0.0247686
9.25		-0.0251695
9.35		-0.0255703
9.45		-0.0259708
9.55		-0.0263709
9.65		-0.0267708
9.75		-0.0271702
9.85		-0.0275691
9.95		-0.0279676
10.05		-0.0283655
10.15		-0.0287629
10.25		-0.0291596
10.35		-0.0295557
10.45		-0.0299511
10.55		-0.0303458
10.65		-0.0307397
10.75		-0.0311329
10.85		-0.0315253
10.95		-0.0319169
11.05		-0.0323077
11.15		-0.0326976
11.25		-0.0330867
11.35		-0.0334749
11.45		-0.0338622
11.55		-0.0342486
11.65		-0.0346342
11.75		-0.0350189
11.85		-0.0354026
11.95		-0.0357855
12.05		-0.0361675
12.15		-0.0365486
12.25		-0.0369288
12.35		-0.0373082
12.45		-0.0376867
12.55		-0.0380644
12.65		-0.0384412
12.75		-0.0388173
12.85		-0.0391925
12.95		-0.039567
13.05		-0.0399408
13.15		-0.0403138
13.25		-0.0406862
13.35		-0.0410579
13.45		-0.041429
13.55		-0.0417994
13.65		-0.0421694
13.75		-0.0425388
13.85		-0.0429077
13.95		-0.0432762
14.05		-0.0436444
14.15		-0.0440121
14.25		-0.0443796
14.35		-0.0447468
14.45		-0.0451138
14.55		-0.0454807
14.65		-0.0458475
14.75		-0.0462142
14.85		-0.046581
14.95		-0.0469478
15.05		-0.0473148
15.15		-0.047682
15.25		-0.0480494
15.35		-0.0484172
15.45		-0.0487854
15.55		-0.0491541
15.65		-0.0495233
15.75		-0.0498932
15.85		-0.0502637
15.95		-0.050635
16.05		-0.0510072
16.15		-0.0513802
16.25		-0.0517543
16.35		-0.0521295
16.45		-0.0525059
16.55		-0.0528835
16.65		-0.0532625
16.75		-0.0536429
16.85		-0.0540249
16.95		-0.0544085
17.05		-0.0547938
17.15		-0.0551809
17.25		-0.0555699
17.35		-0.0559609
17.45		-0.056354
17.55		-0.0567493
17.65		-0.057147
17.75		-0.057547
17.85		-0.0579495
17.95		-0.0583547
18.05		-0.0587625
18.15		-0.0591732
18.25		-0.0595869
18.35		-0.0600035
18.45		-0.0604234
18.55		-0.0608465
18.65		-0.061273
18.75		-0.0617029
18.85		-0.0621365
18.95		-0.0625739
19.05		-0.063015
19.15		-0.0634601
19.25		-0.0639093
19.35		-0.0643627
19.45		-0.0648204
19.55		-0.0652826
19.65		-0.0657493
19.75		-0.0662207
19.85		-0.0666969
19.95		-0.0671781
20.05		-0.0676643
20.15		-0.0681556
20.25		-0.0686523
20.35		-0.0691545
20.45		-0.0696621
20.55		-0.0701755
20.65		-0.0706947
20.75		-0.0712198
20.85		-0.071751
20.95		-0.0722884
21.05		-0.0728322
21.15		-0.0733823
21.25		-0.0739391
21.35		-0.0745026
21.45		-0.075073
21.55		-0.0756504
21.65		-0.0762348
21.75		-0.0768265
21.85		-0.0774256
21.95		-0.0780322
22.05		-0.0786464
22.15		-0.0792684
22.25		-0.0798983
22.35		-0.0805363
22.45		-0.0811823
22.55		-0.0818367
22.65		-0.0824996
22.75		-0.0831709
22.85		-0.083851
22.95		-0.0845399
23.05		-0.0852377
23.15		-0.0859446
23.25		-0.0866607
23.35		-0.0873861
23.45		-0.088121
23.55		-0.0888655
23.65		-0.0896197
23.75		-0.0903838
23.85		-0.0911578
23.95		-0.0919419
24.05		-0.0927363
24.15		-0.093541
24.25		-0.0943562
24.35		-0.095182
24.45		-0.0960185
24.55		-0.0968659
24.65		-0.0977242
24.75		-0.0985937
24.85		-0.0994743
24.95		-0.100366
25.05		-0.10127
25.15		-0.102185
25.25		-0.103112
25.35		-0.10405
25.45		-0.105
25.55		-0.105963
25.65		-0.106938
25.75		-0.107925
25.85		-0.108924
25.95		-0.109936
26.05		-0.11096
26.15		-0.111997
26.25		-0.113048
26.35		-0.114111
26.45		-0.115187
26.55		-0.116276
26.65		-0.117378
26.75		-0.118494
26.85		-0.119624
26.95		-0.120767
27.05		-0.121923
27.15		-0.123094
27.25		-0.125111
27.35		-0.125075
27.45		-0.125032
27.55		-0.124983
27.65		-0.124929
27.75		-0.124868
27.85		-0.124802
27.95		-0.12473
28.05		-0.124653
28.15		-0.12457
28.25		-0.124482
28.35		-0.124389
28.45		-0.124291
28.55		-0.124189
28.65		-0.124081
28.75		-0.123969
28.85		-0.123853
28.95		-0.123732
29.05		-0.123606
29.15		-0.123477
29.25		-0.123343
29.35		-0.123206
29.45		-0.123064
29.55		-0.122919
29.65		-0.12277
29.75		-0.122618
29.85		-0.122462
29.95		-0.122302
30.05		-0.122139
30.15		-0.121973
30.25		-0.121804
30.35		-0.121632
30.45		-0.121456
30.55		-0.121278
30.65		-0.121097
30.75		-0.120913
30.85		-0.120726
30.95		-0.120536
31.05		-0.120344
31.15		-0.12015
31.25		-0.119953
31.35		-0.119753
31.45		-0.119552
31.55		-0.119348
31.65		-0.119141
31.75		-0.118933
31.85		-0.118723
31.95		-0.11851
32.05		-0.118296
32.15		-0.11808
32.25		-0.117862
32.35		-0.117642
32.45		-0.11742
32.55		-0.117197
32.65		-0.116972
32.75		-0.116745
32.85		-0.116517
32.95		-0.116287
33.05		-0.116056
33.15		-0.115824
33.25		-0.11559
33.35		-0.115355
33.45		-0.115118
33.55		-0.11488
33.65		-0.114641
33.75		-0.114401
33.85		-0.11416
33.95		-0.113918
34.05		-0.113675
34.15		-0.113431
34.25		-0.113185
34.35		-0.112939
34.45		-0.112692
34.55		-0.112444
34.65		-0.112196
34.75		-0.111946
34.85		-0.111696
34.95		-0.111445
35.05		-0.111193
35.15		-0.110941
35.25		-0.110688
35.35		-0.110434
35.45		-0.11018
35.55		-0.109925
35.65		-0.10967
35.75		-0.109414
35.85		-0.109158
35.95		-0.108901
36.05		-0.108644
36.15		-0.108387
36.25		-0.108129
36.35		-0.107871
36.45		-0.107612
36.55		-0.107353
36.65		-0.107094
36.75		-0.106835
36.85		-0.106575
36.95		-0.106315
37.05		-0.106055
37.15		-0.105795
37.25		-0.105535
37.35		-0.105274
37.45		-0.105014
37.55		-0.104753
37.65		-0.104492
37.75		-0.104231
37.85		-0.10397
37.95		-0.103709
38.05		-0.103448
38.15		-0.103187
38.25		-0.102926
38.35		-0.102665
38.45		-0.102404
38.55		-0.102143
38.65		-0.101882
38.75		-0.101621
38.85		-0.10136
38.95		-0.1011
39.05		-0.100839
39.15		-0.100579
39.25		-0.100319
39.35		-0.100059
39.45		-0.0997989
39.55		-0.0981295
39.65		-0.0924444
39.75		-0.0874054
39.85		-0.0829271
39.95		-0.0789358
40.05		-0.075368
40.15		-0.0721689
40.25		-0.0692913
40.35		-0.0666941
40.45		-0.0643422
40.55		-0.0622047
40.65		-0.0602552
40.75		-0.0584707
40.85		-0.0568313
40.95		-0.0553195
41.05		-0.0539203
41.15		-0.0526206
41.25		-0.0514091
41.35		-0.0502757
41.45		-0.0492119
41.55		-0.04821
41.65		-0.0472636
41.75		-0.0463668
41.85		-0.0455145
41.95		-0.0447025
42.05		-0.0439267
42.15		-0.0431839
42.25		-0.0424711
42.35		-0.0417855
42.45		-0.041125
42.55		-0.0404874
42.65		-0.039871
42.75		-0.0392741
42.85		-0.0386954
42.95		-0.0381337
43.05		-0.0375876
43.15		-0.0370564
43.25		-0.0365391
43.35		-0.0360348
43.45		-0.0355429
43.55		-0.0350628
43.65		-0.0345937
43.75		-0.0341353
43.85		-0.033687
43.95		-0.0332484
44.05		-0.032819
44.15		-0.0323986
44.25		-0.0319868
44.35		-0.0315832
44.45		-0.0311876
44.55		-0.0307997
44.65		-0.0304193
44.75		-0.030046
44.85		-0.0296798
44.95		-0.0293204
45.05		-0.0289677
45.15		-0.0286213
45.25		-0.0282812
45.35		-0.0279472
45.45		-0.0276192
45.55		-0.0272969
45.65		-0.0269803
45.75		-0.0266692
45.85		-0.0263635
45.95		-0.0260631
46.05		-0.0257678
46.15		-0.0254776
46.25		-0.0251922
46.35		-0.0249117
46.45		-0.0246359
46.55		-0.0243647
46.65		-0.024098
46.75		-0.0238358
46.85		-0.0235778
46.95		-0.0233242
47.05		-0.0230746
47.15		-0.0228291
47.25		-0.0225877
47.35		-0.0223501
47.45		-0.0221164
47.55		-0.0218864
47.65		-0.0216601
47.75		-0.0214374
47.85		-0.0212183
47.95		-0.0210026
48.05		-0.0207904
48.15		-0.0205815
48.25		-0.0203759
48.35		-0.0201735
48.45		-0.0199742
48.55		-0.0197781
48.65		-0.019585
48.75		-0.0193949
48.85		-0.0192077
48.95		-0.0190234
49.05		-0.0188419
49.15		-0.0186632
49.25		-0.0184872
49.35		-0.0183139
49.45		-0.0181432
49.55		-0.017975
49.65		-0.0178095
49.75		-0.0176463
49.85		-0.0174857
49.95		-0.0173274
50.05		-0.0171715
50.15		-0.0170179
50.25		-0.0168665
50.35		-0.0167174
50.45		-0.0165705
50.55		-0.0164257
50.65		-0.0162831
50.75		-0.0161425
50.85		-0.0160039
50.95		-0.0158674
51.05		-0.0157329
51.15		-0.0156002
51.25		-0.0154695
51.35		-0.0153406
51.45		-0.0152136
51.55		-0.0150884
51.65		-0.014965
51.75		-0.0148433
51.85		-0.0147233
51.95		-0.014605
52.05		-0.0144884
52.15		-0.0143734
52.25		-0.01426
52.35		-0.0141482
52.45		-0.0140379
52.55		-0.0139291
52.65		-0.0138219
52.75		-0.0137161
52.85		-0.0136118
52.95		-0.0135088
53.05		-0.0134073
53.15		-0.0133072
53.25		-0.0132084
53.35		-0.013111
53.45		-0.0130148
53.55		-0.01292
53.65		-0.0128264
53.75		-0.0127341
53.85		-0.012643
53.95		-0.012553
54.05		-0.0124643
54.15		-0.0123768
54.25		-0.0122904
54.35		-0.0122051
54.45		-0.012121
54.55		-0.0120379
54.65		-0.0119559
54.75		-0.011875
54.85		-0.0117951
54.95		-0.0117163
55.05		-0.0116385
55.15		-0.0115616
55.25		-0.0114858
55.35		-0.0114109
55.45		-0.0113369
55.55		-0.0112639
55.65		-0.0111918
55.75		-0.0111206
55.85		-0.0110503
55.95		-0.0109809
56.05		-0.0109123
56.15		-0.0108446
56.25		-0.0107777
56.35		-0.0107117
56.45		-0.0106465
56.55		-0.010582
56.65		-0.0105184
56.75		-0.0104555
56.85		-0.0103934
56.95		-0.010332
57.05		-0.0102714
57.15		-0.0102115
57.25		-0.0101524
57.35		-0.0100939
57.45		-0.0100361
57.55		-0.00997906
57.65		-0.00992266
57.75		-0.00986693
57.85		-0.00981185
57.95		-0.00975742
58.05		-0.00970362
58.15		-0.00965045
58.25		-0.00959791
58.35		-0.00954597
58.45		-0.00949463
58.55		-0.00944388
58.65		-0.00939372
58.75		-0.00934413
58.85		-0.0092951
58.95		-0.00924664
59.05		-0.00919872
59.15		-0.00915135
59.25		-0.00910451
59.35		-0.00905819
59.45		-0.0090124
59.55		-0.00896712
59.65		-0.00892234
59.75		-0.00887806
59.85		-0.00883426
59.95		-0.00879096
60.05		-0.00874812
60.15		-0.00870576
60.25		-0.00866386
60.35		-0.00862241
60.45		-0.00858142
60.55		-0.00854087
60.65		-0.00850075
60.75		-0.00846107
60.85		-0.00842181
60.95		-0.00838297
61.05		-0.00834455
61.15		-0.00830653
61.25		-0.00826891
61.35		-0.0082317
61.45		-0.00819487
61.55		-0.00815843
61.65		-0.00812236
61.75		-0.00808668
61.85		-0.00805136
61.95		-0.00801641
62.05		-0.00798182
62.15		-0.00794758
62.25		-0.0079137
62.35		-0.00788016
62.45		-0.00784696
62.55		-0.0078141
62.65		-0.00778157
62.75		-0.00774937
62.85		-0.00771749
62.95		-0.00768593
63.05		-0.00765468
63.15		-0.00762374
63.25		-0.00759311
63.35		-0.00756279
63.45		-0.00753276
63.55		-0.00750302
63.65		-0.00747358
63.75		-0.00744442
63.85		-0.00741555
63.95		-0.00738695
64.05		-0.00735863
64.15		-0.00733059
64.25		-0.00730281
64.35		-0.00727529
64.45		-0.00724804
64.55		-0.00722105
64.65		-0.00719431
64.75		-0.00716782
64.85		-0.00714158
64.95		-0.00711559
65.05		-0.00708984
65.15		-0.00706432
65.25		-0.00703905
65.35		-0.007014
65.45		-0.00698919
65.55		-0.0069646
65.65		-0.00694024
65.75		-0.0069161
65.85		-0.00689218
65.95		-0.00686847
66.05		-0.00684498
66.15		-0.0068217
66.25		-0.00679862
66.35		-0.00677575
66.45		-0.00675309
66.55		-0.00673062
66.65		-0.00670835
66.75		-0.00668628
66.85		-0.0066644
66.95		-0.00664271
67.05		-0.00662121
67.15		-0.0065999
67.25		-0.00657877
67.35		-0.00655782
67.45		-0.00653705
67.55		-0.00651646
67.65		-0.00649604
67.75		-0.0064758
67.85		-0.00645573
67.95		-0.00643582
68.05		-0.00641608
68.15		-0.00639651
68.25		-0.0063771
68.35		-0.00635785
68.45		-0.00633876
68.55		-0.00631983
68.65		-0.00630105
68.75		-0.00628243
68.85		-0.00626396
68.95		-0.00624564
69.05		-0.00622746
69.15		-0.00620943
69.25		-0.00619155
69.35		-0.00617381
69.45		-0.00615621
69.55		-0.00613875
69.65		-0.00612143
69.75		-0.00610425
69.85		-0.0060872
69.95		-0.00607028
70.05		-0.0060535
70.15		-0.00603684
70.25		-0.00602032
70.35		-0.00600392
70.45		-0.00598765
70.55		-0.0059715
70.65		-0.00595548
70.75		-0.00593958
70.85		-0.0059238
70.95		-0.00590813
71.05		-0.00589259
71.15		-0.00587716
71.25		-0.00586184
71.35		-0.00584664
71.45		-0.00583156
71.55		-0.00581658
71.65		-0.00580171
71.75		-0.00578696
71.85		-0.00577231
71.95		-0.00575776
72.05		-0.00574333
72.15		-0.00572899
72.25		-0.00571476
72.35		-0.00570063
72.45		-0.0056866
72.55		-0.00567268
72.65		-0.00565885
72.75		-0.00564511
72.85		-0.00563148
72.95		-0.00561794
73.05		-0.00560449
73.15		-0.00559114
73.25		-0.00557788
73.35		-0.00556471
73.45		-0.00555163
73.55		-0.00553864
73.65		-0.00552574
73.75		-0.00551293
73.85		-0.0055002
73.95		-0.00548756
74.05		-0.00547501
74.15		-0.00546253
74.25		-0.00545015
74.35		-0.00543784
74.45		-0.00542562
74.55		-0.00541347
74.65		-0.00540141
74.75		-0.00538942
74.85		-0.00537752
74.95		-0.00536569
75.05		-0.00535393
75.15		-0.00534225
75.25		-0.00533065
75.35		-0.00531912
75.45		-0.00530767
75.55		-0.00529629
75.65		-0.00528498
75.75		-0.00527374
75.85		-0.00526257
75.95		-0.00525147
76.05		-0.00524044
76.15		-0.00522948
76.25		-0.00521858
76.35		-0.00520776
76.45		-0.005197
76.55		-0.0051863
76.65		-0.00517567
76.75		-0.00516511
76.85		-0.00515461
76.95		-0.00514417
77.05		-0.0051338
77.15		-0.00512348
77.25		-0.00511323
77.35		-0.00510304
77.45		-0.00509291
77.55		-0.00508284
77.65		-0.00507283
77.75		-0.00506287
77.85		-0.00505298
77.95		-0.00504314
78.05		-0.00503336
78.15		-0.00502363
78.25		-0.00501396
78.35		-0.00500435
78.45		-0.00499479
78.55		-0.00498528
78.65		-0.00497583
78.75		-0.00496643
78.85		-0.00495709
78.95		-0.00494779
79.05		-0.00493855
79.15		-0.00492936
79.25		-0.00492022
79.35		-0.00491113
79.45		-0.00490209
79.55		-0.0048931
79.65		-0.00488416
79.75		-0.00487526
79.85		-0.00486642
79.95		-0.00485762
80.05		-0.00484887
80.15		-0.00484017
80.25		-0.00483151
80.35		-0.0048229
80.45		-0.00481433
80.55		-0.00480581
80.65		-0.00479733
80.75		-0.0047889
80.85		-0.00478051
80.95		-0.00477217
81.05		-0.00476387
81.15		-0.00475561
81.25		-0.00474739
81.35		-0.00473921
81.45		-0.00473108
81.55		-0.00472299
81.65		-0.00471494
81.75		-0.00470693
81.85		-0.00469896
81.95		-0.00469102
82.05		-0.00468313
82.15		-0.00467528
82.25		-0.00466747
82.35		-0.00465969
82.45		-0.00465195
82.55		-0.00464426
82.65		-0.00463659
82.75		-0.00462897
82.85		-0.00462138
82.95		-0.00461383
83.05		-0.00460632
83.15		-0.00459884
83.25		-0.00459139
83.35		-0.00458398
83.45		-0.00457661
83.55		-0.00456927
83.65		-0.00456197
83.75		-0.0045547
83.85		-0.00454746
83.95		-0.00454026
84.05		-0.00453309
84.15		-0.00452596
84.25		-0.00451885
84.35		-0.00451178
84.45		-0.00450474
84.55		-0.00449774
84.65		-0.00449076
84.75		-0.00448382
84.85		-0.00447691
84.95		-0.00447003
85.05		-0.00446318
85.15		-0.00445636
85.25		-0.00444957
85.35		-0.00444281
85.45		-0.00443608
85.55		-0.00442938
85.65		-0.00442271
85.75		-0.00441606
85.85		-0.00440945
85.95		-0.00440287
86.05		-0.00439631
86.15		-0.00438978
86.25		-0.00438328
86.35		-0.00437681
86.45		-0.00437036
86.55		-0.00436395
86.65		-0.00435756
86.75		-0.00435119
86.85		-0.00434486
86.95		-0.00433855
87.05		-0.00433226
87.15		-0.004326
87.25		-0.00431977
87.35		-0.00431356
87.45		-0.00430738
87.55		-0.00430123
87.65		-0.0042951
87.75		-0.00428899
87.85		-0.00428291
87.95		-0.00427685
88.05		-0.00427082
88.15		-0.00426481
88.25		-0.00425883
88.35		-0.00425287
88.45		-0.00424693
88.55		-0.00424102
88.65		-0.00423513
88.75		-0.00422927
88.85		-0.00422342
88.95		-0.0042176
89.05		-0.00421181
89.15		-0.00420604
89.25		-0.00420027
89.35		-0.00419454
89.45		-0.00418883
89.55		-0.00418315
89.65		-0.00417748
89.75		-0.00417184
89.85		-0.00416622
89.95		-0.00416061
90.05		-0.00415503
90.15		-0.00414948
90.25		-0.00414394
90.35		-0.00413842
90.45		-0.00413292
90.55		-0.00412745
90.65		-0.00412199
90.75		-0.00411655
90.85		-0.00411114
90.95		-0.00410574
91.05		-0.00410036
91.15		-0.00409501
91.25		-0.00408967
91.35		-0.00408435
91.45		-0.00407905
91.55		-0.00407377
91.65		-0.00406851
91.75		-0.00406326
91.85		-0.00405804
91.95		-0.00405283
92.05		-0.00404765
92.15		-0.00404248
92.25		-0.00403733
92.35		-0.00403219
92.45		-0.00402708
92.55		-0.00402198
92.65		-0.0040169
92.75		-0.00401184
92.85		-0.0040068
92.95		-0.00400177
93.05		-0.00399676
93.15		-0.00399177
93.25		-0.00398679
93.35		-0.00398183
93.45		-0.00397689
93.55		-0.00397196
93.65		-0.00396706
93.75		-0.00396216
93.85		-0.00395729
93.95		-0.00395243
94.05		-0.00394758
94.15		-0.00394276
94.25		-0.00393795
94.35		-0.00393315
94.45		-0.00392837
94.55		-0.00392361
94.65		-0.00391886
94.75		-0.00391412
94.85		-0.00390941
94.95		-0.0039047
95.05		-0.00390002
95.15		-0.00389534
95.25		-0.00389069
95.35		-0.00388604
95.45		-0.00388142
95.55		-0.0038768
95.65		-0.00387221
95.75		-0.00386762
95.85		-0.00386305
95.95		-0.0038585
96.05		-0.00385396
96.15		-0.00384943
96.25		-0.00384492
96.35		-0.00384042
96.45		-0.00383594
96.55		-0.00383147
96.65		-0.00382701
96.75		-0.00382257
96.85		-0.00381814
96.95		-0.00381372
97.05		-0.00380932
97.15		-0.00380493
97.25		-0.00380056
97.35		-0.00379619
97.45		-0.00379185
97.55		-0.00378751
97.65		-0.00378319
97.75		-0.00377888
97.85		-0.00377458
97.95		-0.0037703
98.05		-0.00376602
98.15		-0.00376177
98.25		-0.00375752
98.35		-0.00375329
98.45		-0.00374906
98.55		-0.00374485
98.65		-0.00374066
98.75		-0.00373647
98.85		-0.0037323
98.95		-0.00372814
99.05		-0.00372399
99.15		-0.00371986
99.25		-0.00371573
99.35		-0.00371162
99.45		-0.00370752
99.55		-0.00370343
99.65		-0.00369935
99.75		-0.00369529
99.85		-0.00369123
99.95		-0.00368719
