tau [fm]		e/e0
0.25		1
0.35		0.657316		
0.45		0.490073		
0.55		0.390842		
0.65		0.324913		
0.75		0.277793		
0.85		0.242362		
0.95		0.214712		
1.05		0.192514		
1.15		0.174291		
1.25		0.159062		
1.35		0.146143		
1.45		0.135049		
1.55		0.12542		
1.65		0.116986		
1.75		0.109541		
1.85		0.102923		
1.95		0.0970027		
2.05		0.0916783		
2.15		0.0868657		
2.25		0.082496		
2.35		0.0785123		
2.45		0.0748669		
2.55		0.0715194		
2.65		0.068436		
2.75		0.0655873		
2.85		0.0629483		
2.95		0.0604974		
3.05		0.0582157		
3.15		0.0560869		
3.25		0.0540966		
3.35		0.0522322		
3.45		0.0504823		
3.55		0.0488372		
3.65		0.047288		
3.75		0.0458268		
3.85		0.0444465		
3.95		0.043141		
4.05		0.0419043		
4.15		0.0407315		
4.25		0.0396178		
4.35		0.038559		
4.45		0.0375513		
4.55		0.0365913		
4.65		0.0356756		
4.75		0.0348015		
4.85		0.0339662		
4.95		0.0331673		
5.05		0.0324025		
5.15		0.0316698		
5.25		0.0309672		
5.35		0.0302931		
5.45		0.0296457		
5.55		0.0290235		
5.65		0.0284251		
5.75		0.0278493		
5.85		0.0272949		
5.95		0.0267606		
6.05		0.0262455		
6.15		0.0257485		
6.25		0.0252688		
6.35		0.0248055		
6.45		0.0243578		
6.55		0.023925		
6.65		0.0235063		
6.75		0.023101		
6.85		0.0227086		
6.95		0.0223285		
7.05		0.0219601		
7.15		0.0216029		
7.25		0.0212565		
7.35		0.0209202		
7.45		0.0205938		
7.55		0.0202768		
7.65		0.0199689		
7.75		0.0196695		
7.85		0.0193785		
7.95		0.0190954		
8.05		0.01882		
8.15		0.018552		
8.25		0.018291		
8.35		0.0180368		
8.45		0.0177892		
8.55		0.0175479		
8.65		0.0173126		
8.75		0.0170833		
8.85		0.0168595		
8.95		0.0166412		
9.05		0.0164282		
9.15		0.0162202		
9.25		0.0160171		
9.35		0.0158187		
9.45		0.015625		
9.55		0.0154356		
9.65		0.0152505		
9.75		0.0150695		
9.85		0.0148926		
9.95		0.0147195		
10.05		0.0145502		
10.15		0.0143845		
10.25		0.0142223		
10.35		0.0140635		
10.45		0.013908		
10.55		0.0137558		
10.65		0.0136066		
10.75		0.0134605		
10.85		0.0133173		
10.95		0.0131769		
11.05		0.0130393		
11.15		0.0129044		
11.25		0.0127721		
11.35		0.0126424		
11.45		0.0125151		
11.55		0.0123902		
11.65		0.0122676		
11.75		0.0121473		
11.85		0.0120292		
11.95		0.0119133		
12.05		0.0117995		
12.15		0.0116876		
12.25		0.0115778		
12.35		0.0114699		
12.45		0.0113639		
12.55		0.0112597		
12.65		0.0111574		
12.75		0.0110567		
12.85		0.0109578		
12.95		0.0108605		
13.05		0.0107648		
13.15		0.0106708		
13.25		0.0105782		
13.35		0.0104872		
13.45		0.0103976		
13.55		0.0103095		
13.65		0.0102228		
13.75		0.0101374		
13.85		0.0100534		
13.95		0.00997069		
14.05		0.00988926		
14.15		0.00980907		
14.25		0.00973011		
14.35		0.00965234		
14.45		0.00957574		
14.55		0.00950028		
14.65		0.00942594		
14.75		0.00935269		
14.85		0.00928051		
14.95		0.00920938		
15.05		0.00913927		
15.15		0.00907017		
15.25		0.00900205		
15.35		0.00893489		
15.45		0.00886867		
15.55		0.00880338		
15.65		0.00873899		
15.75		0.00867548		
15.85		0.00861285		
15.95		0.00855106		
16.05		0.00849011		
16.15		0.00842998		
16.25		0.00837064		
16.35		0.0083121		
16.45		0.00825432		
16.55		0.0081973		
16.65		0.00814102		
16.75		0.00808547		
16.85		0.00803064		
16.95		0.0079765		
17.05		0.00792305		
17.15		0.00787028		
17.25		0.00781816		
17.35		0.0077667		
17.45		0.00771588		
17.55		0.00766568		
17.65		0.0076161		
17.75		0.00756712		
17.85		0.00751873		
17.95		0.00747093		
18.05		0.0074237		
18.15		0.00737704		
18.25		0.00733093		
18.35		0.00728536		
18.45		0.00724032		
18.55		0.00719581		
18.65		0.00715182		
18.75		0.00710833		
18.85		0.00706534		
18.95		0.00702284		
19.05		0.00698083		
19.15		0.00693929		
19.25		0.00689821		
19.35		0.0068576		
19.45		0.00681743		
19.55		0.00677771		
19.65		0.00673843		
19.75		0.00669957		
19.85		0.00666114		
19.95		0.00662313		
20.05		0.00658552		
20.15		0.00654832		
20.25		0.00651151		
20.35		0.0064751		
20.45		0.00643907		
20.55		0.00640342		
20.65		0.00636814		
20.75		0.00633323		
20.85		0.00629868		
20.95		0.00626449		
21.05		0.00623064		
21.15		0.00619715		
21.25		0.00616399		
21.35		0.00613117		
21.45		0.00609868		
21.55		0.00606652		
21.65		0.00603467		
21.75		0.00600315		
21.85		0.00597193		
21.95		0.00594102		
22.05		0.00591041		
22.15		0.00588011		
22.25		0.00585009		
22.35		0.00582037		
22.45		0.00579093		
22.55		0.00576178		
22.65		0.0057329		
22.75		0.00570429		
22.85		0.00567596		
22.95		0.00564789		
23.05		0.00562009		
23.15		0.00559254		
23.25		0.00556526		
23.35		0.00553822		
23.45		0.00551143		
23.55		0.00548489		
23.65		0.00545859		
23.75		0.00543253		
23.85		0.00540671		
23.95		0.00538112		
24.05		0.00535575		
24.15		0.00533062		
24.25		0.00530571		
24.35		0.00528102		
24.45		0.00525655		
24.55		0.00523229		
24.65		0.00520825		
24.75		0.00518441		
24.85		0.00516079		
24.95		0.00513736		
25.05		0.00511414		
25.15		0.00509112		
25.25		0.0050683		
25.35		0.00504567		
25.45		0.00502323		
25.55		0.00500099		
25.65		0.00497893		
25.75		0.00495705		
25.85		0.00493536		
25.95		0.00491385		
26.05		0.00489252		
26.15		0.00487136		
26.25		0.00485038		
26.35		0.00482957		
26.45		0.00480893		
26.55		0.00478846		
26.65		0.00476815		
26.75		0.00474801		
26.85		0.00472803		
26.95		0.00470822		
27.05		0.00468856		
27.15		0.00466905		
27.25		0.0046497		
27.35		0.00463051		
27.45		0.00461147		
27.55		0.00459257		
27.65		0.00457382		
27.75		0.00455522		
27.85		0.00453676		
27.95		0.00451845		
28.05		0.00450027		
28.15		0.00448223		
28.25		0.00446433		
28.35		0.00444656		
28.45		0.00442893		
28.55		0.00441143		
28.65		0.00439406		
28.75		0.00437681		
28.85		0.0043597		
28.95		0.00434271		
29.05		0.00432584		
29.15		0.0043091		
29.25		0.00429248		
29.35		0.00427598		
29.45		0.0042596		
29.55		0.00424334		
29.65		0.00422719		
29.75		0.00421116		
29.85		0.00419524		
29.95		0.00417944		
30.05		0.00416374		
30.15		0.00414816		
30.25		0.00413268		
30.35		0.00411732		
30.45		0.00410206		
30.55		0.0040869		
30.65		0.00407186		
30.75		0.00405691		
30.85		0.00404207		
30.95		0.00402733		
31.05		0.00401268		
31.15		0.00399814		
31.25		0.0039837		
31.35		0.00396935		
31.45		0.0039551		
31.55		0.00394095		
31.65		0.00392689		
31.75		0.00391292		
31.85		0.00389905		
31.95		0.00388527		
32.05		0.00387158		
32.15		0.00385798		
32.25		0.00384446		
32.35		0.00383104		
32.45		0.0038177		
32.55		0.00380445		
32.65		0.00379129		
32.75		0.00377821		
32.85		0.00376521		
32.95		0.0037523		
33.05		0.00373947		
33.15		0.00372672		
33.25		0.00371406		
33.35		0.00370147		
33.45		0.00368896		
33.55		0.00367653		
33.65		0.00366418		
33.75		0.00365191		
33.85		0.00363971		
33.95		0.00362758		
34.05		0.00361554		
34.15		0.00360356		
34.25		0.00359167		
34.35		0.00357984		
34.45		0.00356809		
34.55		0.0035564		
34.65		0.00354479		
34.75		0.00353325		
34.85		0.00352178		
34.95		0.00351038		
35.05		0.00349904		
35.15		0.00348778		
35.25		0.00347658		
35.35		0.00346545		
35.45		0.00345438		
35.55		0.00344338		
35.65		0.00343245		
35.75		0.00342158		
35.85		0.00341077		
35.95		0.00340003		
36.05		0.00338935		
36.15		0.00337873		
36.25		0.00336817		
36.35		0.00335767		
36.45		0.00334724		
36.55		0.00333686		
36.65		0.00332655		
36.75		0.00331629		
36.85		0.00330609		
36.95		0.00329595		
37.05		0.00328587		
37.15		0.00327585		
37.25		0.00326588		
37.35		0.00325597		
37.45		0.00324611		
37.55		0.00323631		
37.65		0.00322656		
37.75		0.00321687		
37.85		0.00320723		
37.95		0.00319764		
38.05		0.00318811		
38.15		0.00317863		
38.25		0.0031692		
38.35		0.00315983		
38.45		0.0031505		
38.55		0.00314123		
38.65		0.00313201		
38.75		0.00312283		
38.85		0.00311371		
38.95		0.00310464		
39.05		0.00309561		
39.15		0.00308663		
39.25		0.0030777		
39.35		0.00306882		
39.45		0.00305999		
39.55		0.0030512		
39.65		0.00304246		
39.75		0.00303377		
39.85		0.00302512		
39.95		0.00301651		
40.05		0.00300795		
40.15		0.00299942		
40.25		0.00299094		
40.35		0.0029825		
40.45		0.00297411		
40.55		0.00296575		
40.65		0.00295743		
40.75		0.00294915		
40.85		0.00294092		
40.95		0.00293272		
41.05		0.00292456		
41.15		0.00291644		
41.25		0.00290836		
41.35		0.00290032		
41.45		0.00289232		
41.55		0.00288436		
41.65		0.00287643		
41.75		0.00286855		
41.85		0.0028607		
41.95		0.0028529		
42.05		0.00284513		
42.15		0.00283739		
42.25		0.0028297		
42.35		0.00282204		
42.45		0.00281442		
42.55		0.00280684		
42.65		0.00279929		
42.75		0.00279179		
42.85		0.00278431		
42.95		0.00277688		
43.05		0.00276948		
43.15		0.00276211		
43.25		0.00275478		
43.35		0.00274749		
43.45		0.00274023		
43.55		0.00273301		
43.65		0.00272582		
43.75		0.00271866		
43.85		0.00271154		
43.95		0.00270446		
44.05		0.0026974		
44.15		0.00269038		
44.25		0.0026834		
44.35		0.00267644		
44.45		0.00266952		
44.55		0.00266264		
44.65		0.00265578		
44.75		0.00264896		
44.85		0.00264217		
44.95		0.00263541		
45.05		0.00262868		
45.15		0.00262198		
45.25		0.00261532		
45.35		0.00260868		
45.45		0.00260208		
45.55		0.00259551		
45.65		0.00258896		
45.75		0.00258245		
45.85		0.00257597		
45.95		0.00256952		
46.05		0.00256309		
46.15		0.0025567		
46.25		0.00255033		
46.35		0.002544		
46.45		0.00253769		
46.55		0.00253141		
46.65		0.00252516		
46.75		0.00251894		
46.85		0.00251274		
46.95		0.00250658		
47.05		0.00250044		
47.15		0.00249433		
47.25		0.00248824		
47.35		0.00248219		
47.45		0.00247616		
47.55		0.00247015		
47.65		0.00246418		
47.75		0.00245823		
47.85		0.0024523		
47.95		0.00244641		
48.05		0.00244054		
48.15		0.00243469		
48.25		0.00242887		
48.35		0.00242307		
48.45		0.0024173		
48.55		0.00241156		
48.65		0.00240584		
48.75		0.00240015		
48.85		0.00239448		
48.95		0.00238883		
49.05		0.00238321		
49.15		0.00237761		
49.25		0.00237204		
49.35		0.00236649		
49.45		0.00236097		
49.55		0.00235546		
49.65		0.00234999		
49.75		0.00234453		
49.85		0.0023391		
49.95		0.00233369		
50.05		0.00232831		
50.15		0.00232294		
50.25		0.0023176		
50.35		0.00231229		
50.45		0.00230699		
50.55		0.00230172		
50.65		0.00229647		
50.75		0.00229124		
50.85		0.00228603		
50.95		0.00228084		
51.05		0.00227568		
51.15		0.00227054		
51.25		0.00226541		
51.35		0.00226031		
51.45		0.00225523		
51.55		0.00225018		
51.65		0.00224514		
51.75		0.00224012		
51.85		0.00223512		
51.95		0.00223015		
52.05		0.00222519		
52.15		0.00222026		
52.25		0.00221534		
52.35		0.00221045		
52.45		0.00220557		
52.55		0.00220071		
52.65		0.00219588		
52.75		0.00219106		
52.85		0.00218626		
52.95		0.00218148		
53.05		0.00217672		
53.15		0.00217198		
53.25		0.00216726		
53.35		0.00216256		
53.45		0.00215788		
53.55		0.00215321		
53.65		0.00214856		
53.75		0.00214393		
53.85		0.00213932		
53.95		0.00213473		
54.05		0.00213016		
54.15		0.0021256		
54.25		0.00212106		
54.35		0.00211654		
54.45		0.00211204		
54.55		0.00210756		
54.65		0.00210309		
54.75		0.00209864		
54.85		0.0020942		
54.95		0.00208979		
55.05		0.00208539		
55.15		0.00208101		
55.25		0.00207664		
55.35		0.00207229		
55.45		0.00206796		
55.55		0.00206365		
55.65		0.00205935		
55.75		0.00205507		
55.85		0.0020508		
55.95		0.00204655		
56.05		0.00204232		
56.15		0.0020381		
56.25		0.0020339		
56.35		0.00202971		
56.45		0.00202554		
56.55		0.00202139		
56.65		0.00201725		
56.75		0.00201313		
56.85		0.00200902		
56.95		0.00200493		
57.05		0.00200085		
57.15		0.00199679		
57.25		0.00199274		
57.35		0.00198871		
57.45		0.00198469		
57.55		0.00198069		
57.65		0.0019767		
57.75		0.00197273		
57.85		0.00196877		
57.95		0.00196483		
58.05		0.0019609		
58.15		0.00195699		
58.25		0.00195309		
58.35		0.0019492		
58.45		0.00194533		
58.55		0.00194147		
58.65		0.00193763		
58.75		0.0019338		
58.85		0.00192998		
58.95		0.00192618		
59.05		0.00192239		
59.15		0.00191862		
59.25		0.00191486		
59.35		0.00191111		
59.45		0.00190737		
59.55		0.00190365		
59.65		0.00189995		
59.75		0.00189625		
59.85		0.00189257		
59.95		0.0018889		
60.05		0.00188525		
60.15		0.00188161		
60.25		0.00187798		
60.35		0.00187436		
60.45		0.00187076		
60.55		0.00186717		
60.65		0.00186359		
60.75		0.00186002		
60.85		0.00185647		
60.95		0.00185293		
61.05		0.0018494		
61.15		0.00184588		
61.25		0.00184238		
61.35		0.00183889		
61.45		0.00183541		
61.55		0.00183194		
61.65		0.00182849		
61.75		0.00182504		
61.85		0.00182161		
61.95		0.00181819		
62.05		0.00181478		
62.15		0.00181139		
62.25		0.001808		
62.35		0.00180463		
62.45		0.00180127		
62.55		0.00179792		
62.65		0.00179458		
62.75		0.00179125		
62.85		0.00178794		
62.95		0.00178463		
63.05		0.00178134		
63.15		0.00177806		
63.25		0.00177479		
63.35		0.00177153		
63.45		0.00176828		
63.55		0.00176504		
63.65		0.00176181		
63.75		0.00175859		
63.85		0.00175539		
63.95		0.00175219		
64.05		0.00174901		
64.15		0.00174583		
64.25		0.00174267		
64.35		0.00173952		
64.45		0.00173637		
64.55		0.00173324		
64.65		0.00173012		
64.75		0.00172701		
64.85		0.00172391		
64.95		0.00172082		
65.05		0.00171774		
65.15		0.00171467		
65.25		0.0017116		
65.35		0.00170855		
65.45		0.00170551		
65.55		0.00170248		
65.65		0.00169946		
65.75		0.00169645		
65.85		0.00169345		
65.95		0.00169046		
66.05		0.00168748		
66.15		0.0016845		
66.25		0.00168154		
66.35		0.00167859		
66.45		0.00167564		
66.55		0.00167271		
66.65		0.00166978		
66.75		0.00166687		
66.85		0.00166396		
66.95		0.00166107		
67.05		0.00165818		
67.15		0.0016553		
67.25		0.00165243		
67.35		0.00164957		
67.45		0.00164672		
67.55		0.00164388		
67.65		0.00164104		
67.75		0.00163822		
67.85		0.0016354		
67.95		0.0016326		
68.05		0.0016298		
68.15		0.00162701		
68.25		0.00162423		
68.35		0.00162146		
68.45		0.0016187		
68.55		0.00161594		
68.65		0.0016132		
68.75		0.00161046		
68.85		0.00160773		
68.95		0.00160501		
69.05		0.0016023		
69.15		0.0015996		
69.25		0.0015969		
69.35		0.00159422		
69.45		0.00159154		
69.55		0.00158887		
69.65		0.00158621		
69.75		0.00158355		
69.85		0.00158091		
69.95		0.00157827		
70.05		0.00157564		
70.15		0.00157302		
70.25		0.00157041		
70.35		0.0015678		
70.45		0.0015652		
70.55		0.00156261		
70.65		0.00156003		
70.75		0.00155746		
70.85		0.00155489		
70.95		0.00155233		
71.05		0.00154978		
71.15		0.00154724		
71.25		0.0015447		
71.35		0.00154218		
71.45		0.00153966		
71.55		0.00153714		
71.65		0.00153464		
71.75		0.00153214		
71.85		0.00152965		
71.95		0.00152717		
72.05		0.00152469		
72.15		0.00152222		
72.25		0.00151976		
72.35		0.00151731		
72.45		0.00151486		
72.55		0.00151242		
72.65		0.00150999		
72.75		0.00150757		
72.85		0.00150515		
72.95		0.00150274		
73.05		0.00150034		
73.15		0.00149794		
73.25		0.00149555		
73.35		0.00149317		
73.45		0.00149079		
73.55		0.00148842		
73.65		0.00148606		
73.75		0.00148371		
73.85		0.00148136		
73.95		0.00147902		
74.05		0.00147668		
74.15		0.00147436		
74.25		0.00147204		
74.35		0.00146972		
74.45		0.00146741		
74.55		0.00146511		
74.65		0.00146282		
74.75		0.00146053		
74.85		0.00145825		
74.95		0.00145598		
75.05		0.00145371		
75.15		0.00145145		
75.25		0.00144919		
75.35		0.00144694		
75.45		0.0014447		
75.55		0.00144246		
75.65		0.00144023		
75.75		0.00143801		
75.85		0.00143579		
75.95		0.00143358		
76.05		0.00143138		
76.15		0.00142918		
76.25		0.00142699		
76.35		0.0014248		
76.45		0.00142262		
76.55		0.00142045		
76.65		0.00141828		
76.75		0.00141612		
76.85		0.00141396		
76.95		0.00141181		
77.05		0.00140967		
77.15		0.00140753		
77.25		0.0014054		
77.35		0.00140327		
77.45		0.00140115		
77.55		0.00139904		
77.65		0.00139693		
77.75		0.00139483		
77.85		0.00139273		
77.95		0.00139064		
78.05		0.00138855		
78.15		0.00138647		
78.25		0.0013844		
78.35		0.00138233		
78.45		0.00138027		
78.55		0.00137821		
78.65		0.00137616		
78.75		0.00137411		
78.85		0.00137207		
78.95		0.00137004		
79.05		0.00136801		
79.15		0.00136599		
79.25		0.00136397		
79.35		0.00136196		
79.45		0.00135995		
79.55		0.00135795		
79.65		0.00135595		
79.75		0.00135396		
79.85		0.00135197		
79.95		0.00134999		
80.05		0.00134802		
80.15		0.00134605		
80.25		0.00134408		
80.35		0.00134212		
80.45		0.00134017		
80.55		0.00133822		
80.65		0.00133628		
80.75		0.00133434		
80.85		0.00133241		
80.95		0.00133048		
81.05		0.00132856		
81.15		0.00132664		
81.25		0.00132472		
81.35		0.00132282		
81.45		0.00132091		
81.55		0.00131902		
81.65		0.00131712		
81.75		0.00131523		
81.85		0.00131335		
81.95		0.00131147		
82.05		0.0013096		
82.15		0.00130773		
82.25		0.00130587		
82.35		0.00130401		
82.45		0.00130216		
82.55		0.00130031		
82.65		0.00129846		
82.75		0.00129662		
82.85		0.00129479		
82.95		0.00129296		
83.05		0.00129114		
83.15		0.00128931		
83.25		0.0012875		
83.35		0.00128569		
83.45		0.00128388		
83.55		0.00128208		
83.65		0.00128028		
83.75		0.00127849		
83.85		0.0012767		
83.95		0.00127492		
84.05		0.00127314		
84.15		0.00127137		
84.25		0.0012696		
84.35		0.00126783		
84.45		0.00126607		
84.55		0.00126432		
84.65		0.00126256		
84.75		0.00126082		
84.85		0.00125907		
84.95		0.00125734		
85.05		0.0012556		
85.15		0.00125387		
85.25		0.00125215		
85.35		0.00125043		
85.45		0.00124871		
85.55		0.001247		
85.65		0.00124529		
85.75		0.00124358		
85.85		0.00124188		
85.95		0.00124019		
86.05		0.0012385		
86.15		0.00123681		
86.25		0.00123513		
86.35		0.00123345		
86.45		0.00123178		
86.55		0.00123011		
86.65		0.00122844		
86.75		0.00122678		
86.85		0.00122512		
86.95		0.00122347		
87.05		0.00122182		
87.15		0.00122017		
87.25		0.00121853		
87.35		0.00121689		
87.45		0.00121526		
87.55		0.00121363		
87.65		0.001212		
87.75		0.00121038		
87.85		0.00120877		
87.95		0.00120715		
88.05		0.00120554		
88.15		0.00120394		
88.25		0.00120234		
88.35		0.00120074		
88.45		0.00119914		
88.55		0.00119755		
88.65		0.00119597		
88.75		0.00119439		
88.85		0.00119281		
88.95		0.00119123		
89.05		0.00118966		
89.15		0.00118809		
89.25		0.00118653		
89.35		0.00118497		
89.45		0.00118341		
89.55		0.00118186		
89.65		0.00118031		
89.75		0.00117877		
89.85		0.00117723		
89.95		0.00117569		
90.05		0.00117416		
90.15		0.00117263		
90.25		0.0011711		
90.35		0.00116958		
90.45		0.00116806		
90.55		0.00116654		
90.65		0.00116503		
90.75		0.00116352		
90.85		0.00116202		
90.95		0.00116052		
91.05		0.00115902		
91.15		0.00115753		
91.25		0.00115604		
91.35		0.00115455		
91.45		0.00115306		
91.55		0.00115158		
91.65		0.00115011		
91.75		0.00114863		
91.85		0.00114717		
91.95		0.0011457		
92.05		0.00114424		
92.15		0.00114278		
92.25		0.00114132		
92.35		0.00113987		
92.45		0.00113842		
92.55		0.00113697		
92.65		0.00113553		
92.75		0.00113409		
92.85		0.00113265		
92.95		0.00113122		
93.05		0.00112979		
93.15		0.00112837		
93.25		0.00112694		
93.35		0.00112552		
93.45		0.00112411		
93.55		0.0011227		
93.65		0.00112129		
93.75		0.00111988		
93.85		0.00111848		
93.95		0.00111708		
94.05		0.00111568		
94.15		0.00111429		
94.25		0.0011129		
94.35		0.00111151		
94.45		0.00111012		
94.55		0.00110874		
94.65		0.00110737		
94.75		0.00110599		
94.85		0.00110462		
94.95		0.00110325		
95.05		0.00110189		
95.15		0.00110052		
95.25		0.00109916		
95.35		0.00109781		
95.45		0.00109646		
95.55		0.00109511		
95.65		0.00109376		
95.75		0.00109241		
95.85		0.00109107		
95.95		0.00108974		
96.05		0.0010884		
96.15		0.00108707		
96.25		0.00108574		
96.35		0.00108441		
96.45		0.00108309		
96.55		0.00108177		
96.65		0.00108045		
96.75		0.00107914		
96.85		0.00107783		
96.95		0.00107652		
97.05		0.00107521		
97.15		0.00107391		
97.25		0.00107261		
97.35		0.00107132		
97.45		0.00107002		
97.55		0.00106873		
97.65		0.00106744		
97.75		0.00106616		
97.85		0.00106487		
97.95		0.00106359		
98.05		0.00106232		
98.15		0.00106104		
98.25		0.00105977		
98.35		0.0010585		
98.45		0.00105724		
98.55		0.00105597		
98.65		0.00105471		
98.75		0.00105346		
98.85		0.0010522		
98.95		0.00105095		
99.05		0.0010497		
99.15		0.00104845		
99.25		0.00104721		
99.35		0.00104597		
99.45		0.00104473		
99.55		0.00104349		
99.65		0.00104226		
99.75		0.00104103		
99.85		0.0010398		
99.95		0.00103858		
