tau [fm]		pi [fm^-4]
0.25		0
0.35		34.2106		
0.45		38.1597		
0.55		35.4486		
0.65		31.3717		
0.75		27.3465		
0.85		23.75		
0.95		20.6447		
1.05		17.996		
1.15		15.7443		
1.25		13.8287		
1.35		12.1948		
1.45		10.7964		
1.55		9.59495		
1.65		8.55865		
1.75		7.6613		
1.85		6.88132		
1.95		6.20084		
2.05		5.60507		
2.15		5.08167		
2.25		4.62036		
2.35		4.21248		
2.45		3.85075		
2.55		3.52902		
2.65		3.24205		
2.75		2.9854		
2.85		2.75527		
2.95		2.54839		
3.05		2.36195		
3.15		2.19354		
3.25		2.04107		
3.35		1.90272		
3.45		1.77691		
3.55		1.66227		
3.65		1.55759		
3.75		1.46182		
3.85		1.37403		
3.95		1.29341		
4.05		1.21925		
4.15		1.15089		
4.25		1.08779		
4.35		1.02945		
4.45		0.975413		
4.55		0.925291		
4.65		0.878731		
4.75		0.835416		
4.85		0.795064		
4.95		0.75742		
5.05		0.722258		
5.15		0.68937		
5.25		0.658572		
5.35		0.629697		
5.45		0.602592		
5.55		0.577121		
5.65		0.553158		
5.75		0.530591		
5.85		0.509317		
5.95		0.48924		
6.05		0.470277		
6.15		0.452347		
6.25		0.435379		
6.35		0.419308		
6.45		0.404073		
6.55		0.389618		
6.65		0.375892		
6.75		0.362849		
6.85		0.350445		
6.95		0.33864		
7.05		0.327397		
7.15		0.316681		
7.25		0.306461		
7.35		0.296708		
7.45		0.287394		
7.55		0.278493		
7.65		0.269983		
7.75		0.261841		
7.85		0.254047		
7.95		0.246582		
8.05		0.239428		
8.15		0.232568		
8.25		0.225987		
8.35		0.21967		
8.45		0.213604		
8.55		0.207775		
8.65		0.202172		
8.75		0.196784		
8.85		0.1916		
8.95		0.186609		
9.05		0.181804		
9.15		0.177174		
9.25		0.172712		
9.35		0.16841		
9.45		0.164261		
9.55		0.160256		
9.65		0.156391		
9.75		0.152658		
9.85		0.149053		
9.95		0.145568		
10.05		0.1422		
10.15		0.138942		
10.25		0.135791		
10.35		0.132742		
10.45		0.12979		
10.55		0.126932		
10.65		0.124164		
10.75		0.121482		
10.85		0.118883		
10.95		0.116363		
11.05		0.113919		
11.15		0.111548		
11.25		0.109248		
11.35		0.107016		
11.45		0.104848		
11.55		0.102744		
11.65		0.1007		
11.75		0.0987137		
11.85		0.0967837		
11.95		0.0949076		
12.05		0.0930835		
12.15		0.0913095		
12.25		0.0895839		
12.35		0.087905		
12.45		0.0862711		
12.55		0.0846806		
12.65		0.0831321		
12.75		0.0816241		
12.85		0.0801553		
12.95		0.0787243		
13.05		0.07733		
13.15		0.0759709		
13.25		0.0746461		
13.35		0.0733544		
13.45		0.0720947		
13.55		0.070866		
13.65		0.0696673		
13.75		0.0684977		
13.85		0.0673562		
13.95		0.066242		
14.05		0.0651542		
14.15		0.064092		
14.25		0.0630547		
14.35		0.0620414		
14.45		0.0610514		
14.55		0.0600842		
14.65		0.0591389		
14.75		0.0582149		
14.85		0.0573116		
14.95		0.0564284		
15.05		0.0555648		
15.15		0.0547201		
15.25		0.0538938		
15.35		0.0530855		
15.45		0.0522945		
15.55		0.0515204		
15.65		0.0507628		
15.75		0.0500212		
15.85		0.0492951		
15.95		0.0485841		
16.05		0.0478878		
16.15		0.0472059		
16.25		0.0465379		
16.35		0.0458834		
16.45		0.0452421		
16.55		0.0446137		
16.65		0.0439979		
16.75		0.0433942		
16.85		0.0428024		
16.95		0.0422221		
17.05		0.0416532		
17.15		0.0410952		
17.25		0.040548		
17.35		0.0400112		
17.45		0.0394845		
17.55		0.0389679		
17.65		0.0384609		
17.75		0.0379633		
17.85		0.037475		
17.95		0.0369957		
18.05		0.0365252		
18.15		0.0360632		
18.25		0.0356096		
18.35		0.0351642		
18.45		0.0347267		
18.55		0.0342971		
18.65		0.033875		
18.75		0.0334604		
18.85		0.033053		
18.95		0.0326527		
19.05		0.0322594		
19.15		0.0318728		
19.25		0.0314929		
19.35		0.0311194		
19.45		0.0307522		
19.55		0.0303913		
19.65		0.0300363		
19.75		0.0296873		
19.85		0.0293441		
19.95		0.0290066		
20.05		0.0286746		
20.15		0.028348		
20.25		0.0280267		
20.35		0.0277106		
20.45		0.0273995		
20.55		0.0270935		
20.65		0.0267923		
20.75		0.0264958		
20.85		0.0262041		
20.95		0.0259169		
21.05		0.0256341		
21.15		0.0253558		
21.25		0.0250818		
21.35		0.0248119		
21.45		0.0245462		
21.55		0.0242845		
21.65		0.0240268		
21.75		0.0237729		
21.85		0.0235228		
21.95		0.0232765		
22.05		0.0230338		
22.15		0.0227947		
22.25		0.0225591		
22.35		0.022327		
22.45		0.0220982		
22.55		0.0218727		
22.65		0.0216505		
22.75		0.0214315		
22.85		0.0212155		
22.95		0.0210027		
23.05		0.0207928		
23.15		0.0205859		
23.25		0.0203819		
23.35		0.0201808		
23.45		0.0199824		
23.55		0.0197868		
23.65		0.0195938		
23.75		0.0194035		
23.85		0.0192158		
23.95		0.0190306		
24.05		0.018848		
24.15		0.0186677		
24.25		0.0184899		
24.35		0.0183145		
24.45		0.0181414		
24.55		0.0179705		
24.65		0.0178019		
24.75		0.0176355		
24.85		0.0174713		
24.95		0.0173092		
25.05		0.0171492		
25.15		0.0169912		
25.25		0.0168353		
25.35		0.0166813		
25.45		0.0165293		
25.55		0.0163792		
25.65		0.0162311		
25.75		0.0160847		
25.85		0.0159402		
25.95		0.0157975		
26.05		0.0156565		
26.15		0.0155173		
26.25		0.0153798		
26.35		0.0152439		
26.45		0.0151097		
26.55		0.0149771		
26.65		0.0148462		
26.75		0.0147168		
26.85		0.0145889		
26.95		0.0144626		
27.05		0.0143377		
27.15		0.0142144		
27.25		0.0140925		
27.35		0.0139719		
27.45		0.0138528		
27.55		0.0137353		
27.65		0.0136193		
27.75		0.013505		
27.85		0.0133922		
27.95		0.0132811		
28.05		0.0131715		
28.15		0.0130636		
28.25		0.0129572		
28.35		0.0128523		
28.45		0.0127488		
28.55		0.0126469		
28.65		0.0125463		
28.75		0.0124471		
28.85		0.0123493		
28.95		0.0122527		
29.05		0.0121575		
29.15		0.0120635		
29.25		0.0119707		
29.35		0.0118791		
29.45		0.0117886		
29.55		0.0116993		
29.65		0.0116111		
29.75		0.0115239		
29.85		0.0114378		
29.95		0.0113528		
30.05		0.0112687		
30.15		0.0111856		
30.25		0.0111035		
30.35		0.0110224		
30.45		0.0109422		
30.55		0.0108628		
30.65		0.0107844		
30.75		0.0107069		
30.85		0.0106302		
30.95		0.0105543		
31.05		0.0104793		
31.15		0.0104051		
31.25		0.0103317		
31.35		0.0102591		
31.45		0.0101873		
31.55		0.0101163		
31.65		0.0100459		
31.75		0.00997637		
31.85		0.00990753		
31.95		0.00983941		
32.05		0.00977199		
32.15		0.00970527		
32.25		0.00963923		
32.35		0.00957387		
32.45		0.00950917		
32.55		0.00944513		
32.65		0.00938174		
32.75		0.00931898		
32.85		0.00925685		
32.95		0.00919534		
33.05		0.00913444		
33.15		0.00907415		
33.25		0.00901445		
33.35		0.00895533		
33.45		0.00889679		
33.55		0.00883882		
33.65		0.00878142		
33.75		0.00872457		
33.85		0.00866826		
33.95		0.0086125		
34.05		0.00855727		
34.15		0.00850257		
34.25		0.00844839		
34.35		0.00839472		
34.45		0.00834155		
34.55		0.00828889		
34.65		0.00823672		
34.75		0.00818503		
34.85		0.00813383		
34.95		0.0080831		
35.05		0.00803284		
35.15		0.00798304		
35.25		0.0079337		
35.35		0.00788481		
35.45		0.00783637		
35.55		0.00778837		
35.65		0.0077408		
35.75		0.00769366		
35.85		0.00764695		
35.95		0.00760065		
36.05		0.00755477		
36.15		0.0075093		
36.25		0.00746423		
36.35		0.00741957		
36.45		0.00737529		
36.55		0.00733141		
36.65		0.00728791		
36.75		0.00724479		
36.85		0.00720205		
36.95		0.00715968		
37.05		0.00711768		
37.15		0.00707604		
37.25		0.00703476		
37.35		0.00699384		
37.45		0.00695326		
37.55		0.00691303		
37.65		0.00687315		
37.75		0.0068336		
37.85		0.00679439		
37.95		0.00675551		
38.05		0.00671695		
38.15		0.00667876		
38.25		0.00664143		
38.35		0.00660499		
38.45		0.00656933		
38.55		0.00653436		
38.65		0.00649998		
38.75		0.00646614		
38.85		0.00643278		
38.95		0.00639985		
39.05		0.00636732		
39.15		0.00633517		
39.25		0.00630335		
39.35		0.00627186		
39.45		0.00624066		
39.55		0.00620976		
39.65		0.00617923		
39.75		0.00614929		
39.85		0.0061201		
39.95		0.00609176		
40.05		0.0060643		
40.15		0.0060377		
40.25		0.00601192		
40.35		0.00598689		
40.45		0.00596254		
40.55		0.00593875		
40.65		0.00591544		
40.75		0.00589252		
40.85		0.0058699		
40.95		0.00584751		
41.05		0.00582526		
41.15		0.0058031		
41.25		0.00578098		
41.35		0.00575886		
41.45		0.00573671		
41.55		0.00571451		
41.65		0.00569224		
41.75		0.00566989		
41.85		0.00564745		
41.95		0.00562494		
42.05		0.00560235		
42.15		0.00557968		
42.25		0.00555696		
42.35		0.00553419		
42.45		0.00551137		
42.55		0.00548853		
42.65		0.00546567		
42.75		0.00544281		
42.85		0.00541996		
42.95		0.00539713		
43.05		0.00537433		
43.15		0.00535156		
43.25		0.00532885		
43.35		0.00530619		
43.45		0.00528359		
43.55		0.00526107		
43.65		0.00523863		
43.75		0.00521626		
43.85		0.00519399		
43.95		0.00517181		
44.05		0.00514972		
44.15		0.00512773		
44.25		0.00510584		
44.35		0.00508406		
44.45		0.00506239		
44.55		0.00504082		
44.65		0.00501937		
44.75		0.00499802		
44.85		0.00497679		
44.95		0.00495567		
45.05		0.00493466		
45.15		0.00491376		
45.25		0.00489299		
45.35		0.00487232		
45.45		0.00485177		
45.55		0.00483133		
45.65		0.00481101		
45.75		0.00479081		
45.85		0.00477071		
45.95		0.00475073		
46.05		0.00473087		
46.15		0.00471111		
46.25		0.00469147		
46.35		0.00467194		
46.45		0.00465253		
46.55		0.00463322		
46.65		0.00461402		
46.75		0.00459494		
46.85		0.00457596		
46.95		0.00455709		
47.05		0.00453833		
47.15		0.00451968		
47.25		0.00450114		
47.35		0.0044827		
47.45		0.00446437		
47.55		0.00444614		
47.65		0.00442802		
47.75		0.00441		
47.85		0.00439209		
47.95		0.00437428		
48.05		0.00435657		
48.15		0.00433896		
48.25		0.00432145		
48.35		0.00430404		
48.45		0.00428673		
48.55		0.00426952		
48.65		0.00425241		
48.75		0.0042354		
48.85		0.00421848		
48.95		0.00420166		
49.05		0.00418494		
49.15		0.00416831		
49.25		0.00415178		
49.35		0.00413534		
49.45		0.00411899		
49.55		0.00410273		
49.65		0.00408657		
49.75		0.0040705		
49.85		0.00405452		
49.95		0.00403863		
50.05		0.00402283		
50.15		0.00400712		
50.25		0.00399149		
50.35		0.00397596		
50.45		0.00396051		
50.55		0.00394515		
50.65		0.00392987		
50.75		0.00391468		
50.85		0.00389958		
50.95		0.00388456		
51.05		0.00386962		
51.15		0.00385477		
51.25		0.00383999		
51.35		0.00382531		
51.45		0.0038107		
51.55		0.00379617		
51.65		0.00378172		
51.75		0.00376736		
51.85		0.00375307		
51.95		0.00373886		
52.05		0.00372473		
52.15		0.00371068		
52.25		0.00369671		
52.35		0.00368281		
52.45		0.00366898		
52.55		0.00365524		
52.65		0.00364157		
52.75		0.00362797		
52.85		0.00361445		
52.95		0.003601		
53.05		0.00358762		
53.15		0.00357432		
53.25		0.00356108		
53.35		0.00354792		
53.45		0.00353484		
53.55		0.00352182		
53.65		0.00350887		
53.75		0.00349599		
53.85		0.00348318		
53.95		0.00347044		
54.05		0.00345777		
54.15		0.00344517		
54.25		0.00343263		
54.35		0.00342016		
54.45		0.00340776		
54.55		0.00339542		
54.65		0.00338315		
54.75		0.00337094		
54.85		0.0033588		
54.95		0.00334672		
55.05		0.00333471		
55.15		0.00332276		
55.25		0.00331087		
55.35		0.00329904		
55.45		0.00328728		
55.55		0.00327558		
55.65		0.00326394		
55.75		0.00325236		
55.85		0.00324084		
55.95		0.00322939		
56.05		0.00321799		
56.15		0.00320665		
56.25		0.00319537		
56.35		0.00318414		
56.45		0.00317298		
56.55		0.00316187		
56.65		0.00315083		
56.75		0.00313983		
56.85		0.0031289		
56.95		0.00311802		
57.05		0.0031072		
57.15		0.00309643		
57.25		0.00308572		
57.35		0.00307506		
57.45		0.00306446		
57.55		0.00305391		
57.65		0.00304341		
57.75		0.00303297		
57.85		0.00302258		
57.95		0.00301224		
58.05		0.00300196		
58.15		0.00299172		
58.25		0.00298154		
58.35		0.00297141		
58.45		0.00296133		
58.55		0.00295131		
58.65		0.00294133		
58.75		0.0029314		
58.85		0.00292152		
58.95		0.00291169		
59.05		0.00290191		
59.15		0.00289218		
59.25		0.0028825		
59.35		0.00287286		
59.45		0.00286328		
59.55		0.00285374		
59.65		0.00284424		
59.75		0.0028348		
59.85		0.0028254		
59.95		0.00281604		
60.05		0.00280674		
60.15		0.00279748		
60.25		0.00278826		
60.35		0.00277909		
60.45		0.00276996		
60.55		0.00276088		
60.65		0.00275184		
60.75		0.00274285		
60.85		0.0027339		
60.95		0.00272499		
61.05		0.00271613		
61.15		0.0027073		
61.25		0.00269853		
61.35		0.00268979		
61.45		0.00268109		
61.55		0.00267244		
61.65		0.00266383		
61.75		0.00265526		
61.85		0.00264673		
61.95		0.00263824		
62.05		0.0026298		
62.15		0.00262139		
62.25		0.00261302		
62.35		0.00260469		
62.45		0.0025964		
62.55		0.00258816		
62.65		0.00257995		
62.75		0.00257177		
62.85		0.00256364		
62.95		0.00255555		
63.05		0.00254749		
63.15		0.00253947		
63.25		0.00253149		
63.35		0.00252355		
63.45		0.00251564		
63.55		0.00250777		
63.65		0.00249993		
63.75		0.00249214		
63.85		0.00248438		
63.95		0.00247665		
64.05		0.00246896		
64.15		0.00246131		
64.25		0.00245369		
64.35		0.00244611		
64.45		0.00243856		
64.55		0.00243105		
64.65		0.00242357		
64.75		0.00241612		
64.85		0.00240871		
64.95		0.00240133		
65.05		0.00239399		
65.15		0.00238668		
65.25		0.0023794		
65.35		0.00237216		
65.45		0.00236495		
65.55		0.00235777		
65.65		0.00235063		
65.75		0.00234351		
65.85		0.00233643		
65.95		0.00232938		
66.05		0.00232236		
66.15		0.00231538		
66.25		0.00230842		
66.35		0.0023015		
66.45		0.00229461		
66.55		0.00228775		
66.65		0.00228091		
66.75		0.00227411		
66.85		0.00226734		
66.95		0.0022606		
67.05		0.00225389		
67.15		0.00224721		
67.25		0.00224056		
67.35		0.00223394		
67.45		0.00222734		
67.55		0.00222078		
67.65		0.00221424		
67.75		0.00220774		
67.85		0.00220126		
67.95		0.00219481		
68.05		0.00218839		
68.15		0.002182		
68.25		0.00217563		
68.35		0.00216929		
68.45		0.00216298		
68.55		0.0021567		
68.65		0.00215044		
68.75		0.00214422		
68.85		0.00213801		
68.95		0.00213184		
69.05		0.00212569		
69.15		0.00211957		
69.25		0.00211347		
69.35		0.00210741		
69.45		0.00210136		
69.55		0.00209535		
69.65		0.00208935		
69.75		0.00208339		
69.85		0.00207745		
69.95		0.00207153		
70.05		0.00206564		
70.15		0.00205978		
70.25		0.00205394		
70.35		0.00204812		
70.45		0.00204233		
70.55		0.00203656		
70.65		0.00203082		
70.75		0.0020251		
70.85		0.00201941		
70.95		0.00201374		
71.05		0.00200809		
71.15		0.00200247		
71.25		0.00199687		
71.35		0.00199129		
71.45		0.00198574		
71.55		0.00198021		
71.65		0.00197471		
71.75		0.00196922		
71.85		0.00196376		
71.95		0.00195832		
72.05		0.00195291		
72.15		0.00194752		
72.25		0.00194214		
72.35		0.0019368		
72.45		0.00193147		
72.55		0.00192616		
72.65		0.00192088		
72.75		0.00191562		
72.85		0.00191038		
72.95		0.00190516		
73.05		0.00189996		
73.15		0.00189479		
73.25		0.00188963		
73.35		0.0018845		
73.45		0.00187939		
73.55		0.00187429		
73.65		0.00186922		
73.75		0.00186417		
73.85		0.00185914		
73.95		0.00185413		
74.05		0.00184914		
74.15		0.00184417		
74.25		0.00183922		
74.35		0.00183429		
74.45		0.00182938		
74.55		0.00182448		
74.65		0.00181961		
74.75		0.00181476		
74.85		0.00180993		
74.95		0.00180511		
75.05		0.00180032		
75.15		0.00179554		
75.25		0.00179079		
75.35		0.00178605		
75.45		0.00178133		
75.55		0.00177663		
75.65		0.00177195		
75.75		0.00176729		
75.85		0.00176264		
75.95		0.00175802		
76.05		0.00175341		
76.15		0.00174882		
76.25		0.00174424		
76.35		0.00173969		
76.45		0.00173515		
76.55		0.00173063		
76.65		0.00172613		
76.75		0.00172165		
76.85		0.00171718		
76.95		0.00171273		
77.05		0.0017083		
77.15		0.00170389		
77.25		0.00169949		
77.35		0.00169511		
77.45		0.00169074		
77.55		0.0016864		
77.65		0.00168207		
77.75		0.00167775		
77.85		0.00167345		
77.95		0.00166917		
78.05		0.00166491		
78.15		0.00166066		
78.25		0.00165643		
78.35		0.00165221		
78.45		0.00164801		
78.55		0.00164383		
78.65		0.00163966		
78.75		0.00163551		
78.85		0.00163138		
78.95		0.00162725		
79.05		0.00162315		
79.15		0.00161906		
79.25		0.00161499		
79.35		0.00161093		
79.45		0.00160688		
79.55		0.00160286		
79.65		0.00159884		
79.75		0.00159484		
79.85		0.00159086		
79.95		0.00158689		
80.05		0.00158294		
80.15		0.001579		
80.25		0.00157508		
80.35		0.00157117		
80.45		0.00156727		
80.55		0.00156339		
80.65		0.00155952		
80.75		0.00155567		
80.85		0.00155184		
80.95		0.00154801		
81.05		0.0015442		
81.15		0.00154041		
81.25		0.00153663		
81.35		0.00153286		
81.45		0.0015291		
81.55		0.00152536		
81.65		0.00152164		
81.75		0.00151793		
81.85		0.00151423		
81.95		0.00151054		
82.05		0.00150687		
82.15		0.00150321		
82.25		0.00149957		
82.35		0.00149593		
82.45		0.00149231		
82.55		0.00148871		
82.65		0.00148511		
82.75		0.00148153		
82.85		0.00147797		
82.95		0.00147441		
83.05		0.00147087		
83.15		0.00146734		
83.25		0.00146383		
83.35		0.00146032		
83.45		0.00145683		
83.55		0.00145336		
83.65		0.00144989		
83.75		0.00144644		
83.85		0.00144299		
83.95		0.00143957		
84.05		0.00143615		
84.15		0.00143274		
84.25		0.00142935		
84.35		0.00142597		
84.45		0.0014226		
84.55		0.00141925		
84.65		0.0014159		
84.75		0.00141257		
84.85		0.00140925		
84.95		0.00140594		
85.05		0.00140264		
85.15		0.00139935		
85.25		0.00139608		
85.35		0.00139282		
85.45		0.00138956		
85.55		0.00138632		
85.65		0.00138309		
85.75		0.00137988		
85.85		0.00137667		
85.95		0.00137347		
86.05		0.00137029		
86.15		0.00136712		
86.25		0.00136395		
86.35		0.0013608		
86.45		0.00135766		
86.55		0.00135453		
86.65		0.00135141		
86.75		0.0013483		
86.85		0.00134521		
86.95		0.00134212		
87.05		0.00133904		
87.15		0.00133598		
87.25		0.00133292		
87.35		0.00132988		
87.45		0.00132684		
87.55		0.00132382		
87.65		0.00132081		
87.75		0.0013178		
87.85		0.00131481		
87.95		0.00131183		
88.05		0.00130885		
88.15		0.00130589		
88.25		0.00130294		
88.35		0.0013		
88.45		0.00129706		
88.55		0.00129414		
88.65		0.00129123		
88.75		0.00128833		
88.85		0.00128543		
88.95		0.00128255		
89.05		0.00127967		
89.15		0.00127681		
89.25		0.00127395		
89.35		0.0012711		
89.45		0.00126827		
89.55		0.00126544		
89.65		0.00126263		
89.75		0.00125982		
89.85		0.00125702		
89.95		0.00125424		
90.05		0.00125146		
90.15		0.00124869		
90.25		0.00124593		
90.35		0.00124318		
90.45		0.00124043		
90.55		0.0012377		
90.65		0.00123497		
90.75		0.00123226		
90.85		0.00122955		
90.95		0.00122685		
91.05		0.00122417		
91.15		0.00122149		
91.25		0.00121881		
91.35		0.00121615		
91.45		0.0012135		
91.55		0.00121085		
91.65		0.00120822		
91.75		0.00120559		
91.85		0.00120297		
91.95		0.00120036		
92.05		0.00119776		
92.15		0.00119516		
92.25		0.00119258		
92.35		0.00119		
92.45		0.00118743		
92.55		0.00118487		
92.65		0.00118232		
92.75		0.00117977		
92.85		0.00117724		
92.95		0.00117471		
93.05		0.00117219		
93.15		0.00116968		
93.25		0.00116718		
93.35		0.00116468		
93.45		0.00116219		
93.55		0.00115971		
93.65		0.00115724		
93.75		0.00115478		
93.85		0.00115232		
93.95		0.00114988		
94.05		0.00114744		
94.15		0.001145		
94.25		0.00114258		
94.35		0.00114016		
94.45		0.00113775		
94.55		0.00113535		
94.65		0.00113296		
94.75		0.00113057		
94.85		0.00112819		
94.95		0.00112582		
95.05		0.00112346		
95.15		0.0011211		
95.25		0.00111875		
95.35		0.00111641		
95.45		0.00111407		
95.55		0.00111175		
95.65		0.00110943		
95.75		0.00110711		
95.85		0.00110481		
95.95		0.00110251		
96.05		0.00110022		
96.15		0.00109794		
96.25		0.00109566		
96.35		0.00109339		
96.45		0.00109113		
96.55		0.00108887		
96.65		0.00108662		
96.75		0.00108438		
96.85		0.00108215		
96.95		0.00107992		
97.05		0.0010777		
97.15		0.00107548		
97.25		0.00107328		
97.35		0.00107107		
97.45		0.00106888		
97.55		0.00106669		
97.65		0.00106451		
97.75		0.00106234		
97.85		0.00106017		
97.95		0.00105801		
98.05		0.00105586		
98.15		0.00105371		
98.25		0.00105157		
98.35		0.00104944		
98.45		0.00104731		
98.55		0.00104519		
98.65		0.00104307		
98.75		0.00104096		
98.85		0.00103886		
98.95		0.00103677		
99.05		0.00103468		
99.15		0.00103259		
99.25		0.00103052		
99.35		0.00102845		
99.45		0.00102638		
99.55		0.00102432		
99.65		0.00102227		
99.75		0.00102023		
99.85		0.00101819		
99.95		0.00101615		
