tau [fm]		R_pi^-1
0.25		0
0.35		0.406532		
0.45		0.619772		
0.55		0.733872		
0.65		0.792841		
0.75		0.819275		
0.85		0.82574		
0.95		0.819659		
1.05		0.805631		
1.15		0.786607		
1.25		0.764534		
1.35		0.740725		
1.45		0.716074		
1.55		0.6912		
1.65		0.666526		
1.75		0.642342		
1.85		0.618845		
1.95		0.59616		
2.05		0.574367		
2.15		0.553506		
2.25		0.533595		
2.35		0.514631		
2.45		0.496598		
2.55		0.479472		
2.65		0.463222		
2.75		0.447813		
2.85		0.433205		
2.95		0.419361		
3.05		0.406241		
3.15		0.393806		
3.25		0.382017		
3.35		0.370838		
3.45		0.360232		
3.55		0.350166		
3.65		0.340607		
3.75		0.331524		
3.85		0.322889		
3.95		0.314673		
4.05		0.306852		
4.15		0.2994		
4.25		0.292296		
4.35		0.285518		
4.45		0.279047		
4.55		0.272864		
4.65		0.266951		
4.75		0.261293		
4.85		0.255874		
4.95		0.250681		
5.05		0.245701		
5.15		0.240921		
5.25		0.23633		
5.35		0.231918		
5.45		0.227674		
5.55		0.223589		
5.65		0.219655		
5.75		0.215864		
5.85		0.212208		
5.95		0.20868		
6.05		0.205273		
6.15		0.201982		
6.25		0.1988		
6.35		0.195722		
6.45		0.192744		
6.55		0.18986		
6.65		0.187066		
6.75		0.184357		
6.85		0.18173		
6.95		0.179181		
7.05		0.176707		
7.15		0.174304		
7.25		0.171969		
7.35		0.169699		
7.45		0.167491		
7.55		0.165344		
7.65		0.163253		
7.75		0.161218		
7.85		0.159235		
7.95		0.157303		
8.05		0.15542		
8.15		0.153584		
8.25		0.151792		
8.35		0.150044		
8.45		0.148338		
8.55		0.146672		
8.65		0.145044		
8.75		0.143454		
8.85		0.1419		
8.95		0.14038		
9.05		0.138895		
9.15		0.137441		
9.25		0.136019		
9.35		0.134627		
9.45		0.133264		
9.55		0.13193		
9.65		0.130623		
9.75		0.129343		
9.85		0.128088		
9.95		0.126858		
10.05		0.125652		
10.15		0.12447		
10.25		0.12331		
10.35		0.122173		
10.45		0.121056		
10.55		0.119961		
10.65		0.118885		
10.75		0.117829		
10.85		0.116792		
10.95		0.115773		
11.05		0.114773		
11.15		0.11379		
11.25		0.112824		
11.35		0.111874		
11.45		0.11094		
11.55		0.110022		
11.65		0.10912		
11.75		0.108232		
11.85		0.107358		
11.95		0.106499		
12.05		0.105653		
12.15		0.104821		
12.25		0.104002		
12.35		0.103196		
12.45		0.102402		
12.55		0.10162		
12.65		0.10085		
12.75		0.100091		
12.85		0.0993441		
12.95		0.0986079		
13.05		0.0978825		
13.15		0.0971676		
13.25		0.0964629		
13.35		0.0957683		
13.45		0.0950835		
13.55		0.0944083		
13.65		0.0937425		
13.75		0.0930858		
13.85		0.0924381		
13.95		0.0917992		
14.05		0.0911689		
14.15		0.090547		
14.25		0.0899334		
14.35		0.0893277		
14.45		0.08873		
14.55		0.08814		
14.65		0.0875576		
14.75		0.0869826		
14.85		0.0864148		
14.95		0.0858542		
15.05		0.0853005		
15.15		0.0847537		
15.25		0.0842136		
15.35		0.08368		
15.45		0.0831529		
15.55		0.0826321		
15.65		0.0821174		
15.75		0.0816089		
15.85		0.0811063		
15.95		0.0806096		
16.05		0.0801186		
16.15		0.0796332		
16.25		0.0791533		
16.35		0.0786789		
16.45		0.0782097		
16.55		0.0777458		
16.65		0.0772871		
16.75		0.0768333		
16.85		0.0763845		
16.95		0.0759406		
17.05		0.0755014		
17.15		0.0750669		
17.25		0.0746371		
17.35		0.0742117		
17.45		0.0737908		
17.55		0.0733742		
17.65		0.0729619		
17.75		0.0725539		
17.85		0.0721499		
17.95		0.0717501		
18.05		0.0713543		
18.15		0.0709623		
18.25		0.0705743		
18.35		0.0701901		
18.45		0.0698096		
18.55		0.0694327		
18.65		0.0690595		
18.75		0.0686899		
18.85		0.0683237		
18.95		0.067961		
19.05		0.0676017		
19.15		0.0672457		
19.25		0.066893		
19.35		0.0665435		
19.45		0.0661971		
19.55		0.0658539		
19.65		0.0655138		
19.75		0.0651767		
19.85		0.0648426		
19.95		0.0645113		
20.05		0.064183		
20.15		0.0638575		
20.25		0.0635349		
20.35		0.0632149		
20.45		0.0628977		
20.55		0.0625831		
20.65		0.0622712		
20.75		0.0619618		
20.85		0.061655		
20.95		0.0613507		
21.05		0.0610489		
21.15		0.0607495		
21.25		0.0604525		
21.35		0.0601579		
21.45		0.0598656		
21.55		0.0595756		
21.65		0.0592879		
21.75		0.0590023		
21.85		0.058719		
21.95		0.0584379		
22.05		0.0581588		
22.15		0.0578819		
22.25		0.057607		
22.35		0.0573342		
22.45		0.0570634		
22.55		0.0567946		
22.65		0.0565277		
22.75		0.0562628		
22.85		0.0559998		
22.95		0.0557386		
23.05		0.0554793		
23.15		0.0552218		
23.25		0.0549661		
23.35		0.0547122		
23.45		0.0544601		
23.55		0.0542096		
23.65		0.0539609		
23.75		0.0537139		
23.85		0.0534685		
23.95		0.0532247		
24.05		0.0529826		
24.15		0.0527421		
24.25		0.0525031		
24.35		0.0522657		
24.45		0.0520299		
24.55		0.0517955		
24.65		0.0515627		
24.75		0.0513313		
24.85		0.0511014		
24.95		0.0508729		
25.05		0.0506459		
25.15		0.0504202		
25.25		0.050196		
25.35		0.0499731		
25.45		0.0497516		
25.55		0.0495314		
25.65		0.0493125		
25.75		0.0490949		
25.85		0.0488787		
25.95		0.0486637		
26.05		0.04845		
26.15		0.0482375		
26.25		0.0480263		
26.35		0.0478163		
26.45		0.0476074		
26.55		0.0473998		
26.65		0.0471934		
26.75		0.0469881		
26.85		0.046784		
26.95		0.046581		
27.05		0.0463792		
27.15		0.0461785		
27.25		0.0459788		
27.35		0.0457801		
27.45		0.0455827		
27.55		0.0453868		
27.65		0.0451928		
27.75		0.0450007		
27.85		0.0448106		
27.95		0.0446227		
28.05		0.0444369		
28.15		0.0442532		
28.25		0.0440716		
28.35		0.0438921		
28.45		0.0437146		
28.55		0.0435391		
28.65		0.0433655		
28.75		0.0431938		
28.85		0.0430239		
28.95		0.0428557		
29.05		0.0426891		
29.15		0.0425242		
29.25		0.0423609		
29.35		0.042199		
29.45		0.0420387		
29.55		0.0418797		
29.65		0.0417221		
29.75		0.0415659		
29.85		0.0414109		
29.95		0.0412572		
30.05		0.0411047		
30.15		0.0409533		
30.25		0.0408032		
30.35		0.0406541		
30.45		0.0405061		
30.55		0.0403592		
30.65		0.0402134		
30.75		0.0400686		
30.85		0.0399247		
30.95		0.0397819		
31.05		0.03964		
31.15		0.0394991		
31.25		0.0393591		
31.35		0.03922		
31.45		0.0390818		
31.55		0.0389445		
31.65		0.038808		
31.75		0.0386724		
31.85		0.0385377		
31.95		0.0384038		
32.05		0.0382707		
32.15		0.0381384		
32.25		0.038007		
32.35		0.0378763		
32.45		0.0377464		
32.55		0.0376173		
32.65		0.0374889		
32.75		0.0373613		
32.85		0.0372345		
32.95		0.0371084		
33.05		0.036983		
33.15		0.0368583		
33.25		0.0367344		
33.35		0.0366112		
33.45		0.0364887		
33.55		0.0363669		
33.65		0.0362458		
33.75		0.0361253		
33.85		0.0360056		
33.95		0.0358865		
34.05		0.0357681		
34.15		0.0356503		
34.25		0.0355332		
34.35		0.0354168		
34.45		0.035301		
34.55		0.0351858		
34.65		0.0350713		
34.75		0.0349574		
34.85		0.0348441		
34.95		0.0347314		
35.05		0.0346194		
35.15		0.034508		
35.25		0.0343971		
35.35		0.0342869		
35.45		0.0341772		
35.55		0.0340682		
35.65		0.0339597		
35.75		0.0338519		
35.85		0.0337446		
35.95		0.0336378		
36.05		0.0335317		
36.15		0.0334261		
36.25		0.033321		
36.35		0.0332165		
36.45		0.0331126		
36.55		0.0330092		
36.65		0.0329064		
36.75		0.0328041		
36.85		0.0327023		
36.95		0.0326011		
37.05		0.0325004		
37.15		0.0324002		
37.25		0.0323005		
37.35		0.0322014		
37.45		0.0321027		
37.55		0.0320046		
37.65		0.031907		
37.75		0.0318099		
37.85		0.0317133		
37.95		0.0316171		
38.05		0.0315215		
38.15		0.0314266		
38.25		0.0313346		
38.35		0.0312459		
38.45		0.03116		
38.55		0.0310763		
38.65		0.0309945		
38.75		0.0309144		
38.85		0.0308357		
38.95		0.0307581		
39.05		0.0306817		
39.15		0.0306061		
39.25		0.0305313		
39.35		0.0304573		
39.45		0.0303839		
39.55		0.030311		
39.65		0.0302392		
39.75		0.0301695		
39.85		0.0301026		
39.95		0.0300392		
40.05		0.0299795		
40.15		0.0299233		
40.25		0.0298705		
40.35		0.0298207		
40.45		0.0297737		
40.55		0.0297289		
40.65		0.0296859		
40.75		0.0296443		
40.85		0.0296036		
40.95		0.0295634		
41.05		0.0295234		
41.15		0.0294834		
41.25		0.0294429		
41.35		0.0294019		
41.45		0.0293601		
41.55		0.0293175		
41.65		0.029274		
41.75		0.0292295		
41.85		0.029184		
41.95		0.0291375		
42.05		0.02909		
42.15		0.0290415		
42.25		0.0289922		
42.35		0.028942		
42.45		0.028891		
42.55		0.0288393		
42.65		0.0287869		
42.75		0.0287339		
42.85		0.0286804		
42.95		0.0286263		
43.05		0.0285719		
43.15		0.028517		
43.25		0.0284619		
43.35		0.0284064		
43.45		0.0283508		
43.55		0.0282949		
43.65		0.0282389		
43.75		0.0281827		
43.85		0.0281265		
43.95		0.0280701		
44.05		0.0280138		
44.15		0.0279574		
44.25		0.027901		
44.35		0.0278446		
44.45		0.0277883		
44.55		0.027732		
44.65		0.0276757		
44.75		0.0276196		
44.85		0.0275635		
44.95		0.0275075		
45.05		0.0274515		
45.15		0.0273957		
45.25		0.02734		
45.35		0.0272845		
45.45		0.027229		
45.55		0.0271736		
45.65		0.0271184		
45.75		0.0270634		
45.85		0.0270084		
45.95		0.0269536		
46.05		0.0268989		
46.15		0.0268444		
46.25		0.0267901		
46.35		0.0267358		
46.45		0.0266818		
46.55		0.0266278		
46.65		0.0265741		
46.75		0.0265204		
46.85		0.026467		
46.95		0.0264137		
47.05		0.0263605		
47.15		0.0263075		
47.25		0.0262547		
47.35		0.026202		
47.45		0.0261495		
47.55		0.0260972		
47.65		0.026045		
47.75		0.0259929		
47.85		0.0259411		
47.95		0.0258894		
48.05		0.0258378		
48.15		0.0257864		
48.25		0.0257352		
48.35		0.0256842		
48.45		0.0256333		
48.55		0.0255825		
48.65		0.025532		
48.75		0.0254816		
48.85		0.0254313		
48.95		0.0253813		
49.05		0.0253313		
49.15		0.0252816		
49.25		0.025232		
49.35		0.0251826		
49.45		0.0251333		
49.55		0.0250842		
49.65		0.0250353		
49.75		0.0249865		
49.85		0.0249379		
49.95		0.0248895		
50.05		0.0248412		
50.15		0.0247931		
50.25		0.0247451		
50.35		0.0246973		
50.45		0.0246496		
50.55		0.0246022		
50.65		0.0245548		
50.75		0.0245077		
50.85		0.0244607		
50.95		0.0244138		
51.05		0.0243672		
51.15		0.0243206		
51.25		0.0242743		
51.35		0.0242281		
51.45		0.024182		
51.55		0.0241361		
51.65		0.0240904		
51.75		0.0240448		
51.85		0.0239994		
51.95		0.0239541		
52.05		0.023909		
52.15		0.023864		
52.25		0.0238192		
52.35		0.0237746		
52.45		0.0237301		
52.55		0.0236857		
52.65		0.0236415		
52.75		0.0235975		
52.85		0.0235536		
52.95		0.0235099		
53.05		0.0234663		
53.15		0.0234228		
53.25		0.0233795		
53.35		0.0233364		
53.45		0.0232934		
53.55		0.0232505		
53.65		0.0232078		
53.75		0.0231653		
53.85		0.0231229		
53.95		0.0230806		
54.05		0.0230385		
54.15		0.0229965		
54.25		0.0229547		
54.35		0.022913		
54.45		0.0228715		
54.55		0.0228301		
54.65		0.0227888		
54.75		0.0227477		
54.85		0.0227068		
54.95		0.0226659		
55.05		0.0226252		
55.15		0.0225847		
55.25		0.0225443		
55.35		0.022504		
55.45		0.0224639		
55.55		0.0224239		
55.65		0.022384		
55.75		0.0223443		
55.85		0.0223047		
55.95		0.0222652		
56.05		0.0222259		
56.15		0.0221867		
56.25		0.0221477		
56.35		0.0221087		
56.45		0.02207		
56.55		0.0220313		
56.65		0.0219928		
56.75		0.0219544		
56.85		0.0219161		
56.95		0.021878		
57.05		0.02184		
57.15		0.0218021		
57.25		0.0217644		
57.35		0.0217268		
57.45		0.0216893		
57.55		0.0216519		
57.65		0.0216147		
57.75		0.0215775		
57.85		0.0215406		
57.95		0.0215037		
58.05		0.021467		
58.15		0.0214303		
58.25		0.0213939		
58.35		0.0213575		
58.45		0.0213212		
58.55		0.0212851		
58.65		0.0212491		
58.75		0.0212132		
58.85		0.0211775		
58.95		0.0211418		
59.05		0.0211063		
59.15		0.0210709		
59.25		0.0210356		
59.35		0.0210004		
59.45		0.0209654		
59.55		0.0209304		
59.65		0.0208956		
59.75		0.0208609		
59.85		0.0208263		
59.95		0.0207918		
60.05		0.0207574		
60.15		0.0207232		
60.25		0.0206891		
60.35		0.020655		
60.45		0.0206211		
60.55		0.0205873		
60.65		0.0205536		
60.75		0.02052		
60.85		0.0204866		
60.95		0.0204532		
61.05		0.02042		
61.15		0.0203868		
61.25		0.0203538		
61.35		0.0203208		
61.45		0.020288		
61.55		0.0202553		
61.65		0.0202227		
61.75		0.0201902		
61.85		0.0201578		
61.95		0.0201255		
62.05		0.0200933		
62.15		0.0200612		
62.25		0.0200292		
62.35		0.0199974		
62.45		0.0199656		
62.55		0.0199339		
62.65		0.0199023		
62.75		0.0198709		
62.85		0.0198395		
62.95		0.0198082		
63.05		0.019777		
63.15		0.019746		
63.25		0.019715		
63.35		0.0196841		
63.45		0.0196533		
63.55		0.0196227		
63.65		0.0195921		
63.75		0.0195616		
63.85		0.0195312		
63.95		0.0195009		
64.05		0.0194707		
64.15		0.0194406		
64.25		0.0194106		
64.35		0.0193807		
64.45		0.0193509		
64.55		0.0193211		
64.65		0.0192915		
64.75		0.019262		
64.85		0.0192325		
64.95		0.0192032		
65.05		0.0191739		
65.15		0.0191447		
65.25		0.0191156		
65.35		0.0190866		
65.45		0.0190577		
65.55		0.0190289		
65.65		0.0190002		
65.75		0.0189715		
65.85		0.018943		
65.95		0.0189145		
66.05		0.0188862		
66.15		0.0188579		
66.25		0.0188297		
66.35		0.0188016		
66.45		0.0187735		
66.55		0.0187456		
66.65		0.0187177		
66.75		0.0186899		
66.85		0.0186623		
66.95		0.0186347		
67.05		0.0186071		
67.15		0.0185797		
67.25		0.0185523		
67.35		0.0185251		
67.45		0.0184979		
67.55		0.0184708		
67.65		0.0184437		
67.75		0.0184168		
67.85		0.0183899		
67.95		0.0183631		
68.05		0.0183364		
68.15		0.0183098		
68.25		0.0182833		
68.35		0.0182568		
68.45		0.0182304		
68.55		0.0182041		
68.65		0.0181779		
68.75		0.0181517		
68.85		0.0181256		
68.95		0.0180996		
69.05		0.0180737		
69.15		0.0180479		
69.25		0.0180221		
69.35		0.0179964		
69.45		0.0179708		
69.55		0.0179452		
69.65		0.0179198		
69.75		0.0178944		
69.85		0.017869		
69.95		0.0178438		
70.05		0.0178186		
70.15		0.0177935		
70.25		0.0177685		
70.35		0.0177435		
70.45		0.0177187		
70.55		0.0176938		
70.65		0.0176691		
70.75		0.0176444		
70.85		0.0176198		
70.95		0.0175953		
71.05		0.0175709		
71.15		0.0175465		
71.25		0.0175221		
71.35		0.0174979		
71.45		0.0174737		
71.55		0.0174496		
71.65		0.0174256		
71.75		0.0174016		
71.85		0.0173777		
71.95		0.0173539		
72.05		0.0173301		
72.15		0.0173064		
72.25		0.0172828		
72.35		0.0172592		
72.45		0.0172357		
72.55		0.0172123		
72.65		0.0171889		
72.75		0.0171656		
72.85		0.0171423		
72.95		0.0171192		
73.05		0.0170961		
73.15		0.017073		
73.25		0.01705		
73.35		0.0170271		
73.45		0.0170043		
73.55		0.0169815		
73.65		0.0169587		
73.75		0.0169361		
73.85		0.0169135		
73.95		0.0168909		
74.05		0.0168685		
74.15		0.0168461		
74.25		0.0168237		
74.35		0.0168014		
74.45		0.0167792		
74.55		0.016757		
74.65		0.0167349		
74.75		0.0167128		
74.85		0.0166909		
74.95		0.0166689		
75.05		0.0166471		
75.15		0.0166253		
75.25		0.0166035		
75.35		0.0165818		
75.45		0.0165602		
75.55		0.0165386		
75.65		0.0165171		
75.75		0.0164956		
75.85		0.0164742		
75.95		0.0164529		
76.05		0.0164316		
76.15		0.0164104		
76.25		0.0163892		
76.35		0.0163681		
76.45		0.016347		
76.55		0.016326		
76.65		0.0163051		
76.75		0.0162842		
76.85		0.0162633		
76.95		0.0162426		
77.05		0.0162218		
77.15		0.0162012		
77.25		0.0161805		
77.35		0.01616		
77.45		0.0161395		
77.55		0.016119		
77.65		0.0160986		
77.75		0.0160783		
77.85		0.016058		
77.95		0.0160377		
78.05		0.0160175		
78.15		0.0159974		
78.25		0.0159773		
78.35		0.0159573		
78.45		0.0159373		
78.55		0.0159174		
78.65		0.0158975		
78.75		0.0158777		
78.85		0.0158579		
78.95		0.0158382		
79.05		0.0158185		
79.15		0.0157989		
79.25		0.0157793		
79.35		0.0157598		
79.45		0.0157404		
79.55		0.0157209		
79.65		0.0157016		
79.75		0.0156822		
79.85		0.015663		
79.95		0.0156437		
80.05		0.0156246		
80.15		0.0156055		
80.25		0.0155864		
80.35		0.0155673		
80.45		0.0155484		
80.55		0.0155294		
80.65		0.0155106		
80.75		0.0154917		
80.85		0.0154729		
80.95		0.0154542		
81.05		0.0154355		
81.15		0.0154168		
81.25		0.0153982		
81.35		0.0153797		
81.45		0.0153612		
81.55		0.0153427		
81.65		0.0153243		
81.75		0.0153059		
81.85		0.0152876		
81.95		0.0152693		
82.05		0.0152511		
82.15		0.0152329		
82.25		0.0152148		
82.35		0.0151967		
82.45		0.0151786		
82.55		0.0151606		
82.65		0.0151426		
82.75		0.0151247		
82.85		0.0151068		
82.95		0.015089		
83.05		0.0150712		
83.15		0.0150535		
83.25		0.0150358		
83.35		0.0150181		
83.45		0.0150005		
83.55		0.0149829		
83.65		0.0149654		
83.75		0.0149479		
83.85		0.0149305		
83.95		0.0149131		
84.05		0.0148957		
84.15		0.0148784		
84.25		0.0148611		
84.35		0.0148439		
84.45		0.0148267		
84.55		0.0148095		
84.65		0.0147924		
84.75		0.0147753		
84.85		0.0147583		
84.95		0.0147413		
85.05		0.0147244		
85.15		0.0147075		
85.25		0.0146906		
85.35		0.0146738		
85.45		0.014657		
85.55		0.0146402		
85.65		0.0146235		
85.75		0.0146069		
85.85		0.0145902		
85.95		0.0145736		
86.05		0.0145571		
86.15		0.0145406		
86.25		0.0145241		
86.35		0.0145077		
86.45		0.0144913		
86.55		0.0144749		
86.65		0.0144586		
86.75		0.0144423		
86.85		0.0144261		
86.95		0.0144099		
87.05		0.0143937		
87.15		0.0143776		
87.25		0.0143615		
87.35		0.0143454		
87.45		0.0143294		
87.55		0.0143134		
87.65		0.0142975		
87.75		0.0142816		
87.85		0.0142657		
87.95		0.0142499		
88.05		0.0142341		
88.15		0.0142183		
88.25		0.0142026		
88.35		0.0141869		
88.45		0.0141712		
88.55		0.0141556		
88.65		0.01414		
88.75		0.0141245		
88.85		0.014109		
88.95		0.0140935		
89.05		0.0140781		
89.15		0.0140627		
89.25		0.0140472		
89.35		0.0140319		
89.45		0.0140166		
89.55		0.0140014		
89.65		0.0139861		
89.75		0.0139709		
89.85		0.0139558		
89.95		0.0139407		
90.05		0.0139256		
90.15		0.0139105		
90.25		0.0138955		
90.35		0.0138805		
90.45		0.0138656		
90.55		0.0138506		
90.65		0.0138357		
90.75		0.0138209		
90.85		0.0138061		
90.95		0.0137913		
91.05		0.0137765		
91.15		0.0137618		
91.25		0.0137471		
91.35		0.0137324		
91.45		0.0137178		
91.55		0.0137032		
91.65		0.0136886		
91.75		0.0136741		
91.85		0.0136596		
91.95		0.0136451		
92.05		0.0136307		
92.15		0.0136163		
92.25		0.0136019		
92.35		0.0135876		
92.45		0.0135733		
92.55		0.013559		
92.65		0.0135447		
92.75		0.0135305		
92.85		0.0135163		
92.95		0.0135022		
93.05		0.013488		
93.15		0.013474		
93.25		0.0134599		
93.35		0.0134459		
93.45		0.0134319		
93.55		0.0134179		
93.65		0.0134039		
93.75		0.01339		
93.85		0.0133761		
93.95		0.0133623		
94.05		0.0133485		
94.15		0.0133347		
94.25		0.0133209		
94.35		0.0133072		
94.45		0.0132935		
94.55		0.0132798		
94.65		0.0132662		
94.75		0.0132525		
94.85		0.0132389		
94.95		0.0132254		
95.05		0.0132119		
95.15		0.0131984		
95.25		0.0131849		
95.35		0.0131714		
95.45		0.013158		
95.55		0.0131446		
95.65		0.0131313		
95.75		0.0131179		
95.85		0.0131046		
95.95		0.0130914		
96.05		0.0130781		
96.15		0.0130649		
96.25		0.0130517		
96.35		0.0130385		
96.45		0.0130254		
96.55		0.0130123		
96.65		0.0129992		
96.75		0.0129862		
96.85		0.0129731		
96.95		0.0129601		
97.05		0.0129472		
97.15		0.0129342		
97.25		0.0129213		
97.35		0.0129084		
97.45		0.0128955		
97.55		0.0128827		
97.65		0.0128699		
97.75		0.0128571		
97.85		0.0128443		
97.95		0.0128316		
98.05		0.0128189		
98.15		0.0128062		
98.25		0.0127936		
98.35		0.0127809		
98.45		0.0127683		
98.55		0.0127558		
98.65		0.0127432		
98.75		0.0127307		
98.85		0.0127182		
98.95		0.0127057		
99.05		0.0126933		
99.15		0.0126808		
99.25		0.0126684		
99.35		0.0126561		
99.45		0.0126437		
99.55		0.0126314		
99.65		0.0126191		
99.75		0.0126068		
99.85		0.0125946		
99.95		0.0125823		
