t [fm]		PL/PT
0.25		0.01
0.3		0.038472		
0.35		0.061937		
0.4		0.082468		
0.45		0.10109		
0.5		0.11837		
0.55		0.13466		
0.6		0.15019		
0.65		0.16512		
0.7		0.17956		
0.75		0.19357		
0.8		0.20722		
0.85		0.22055		
0.9		0.23359		
0.95		0.24635		
1		0.25885		
1.05		0.2711		
1.1		0.28311		
1.15		0.29488		
1.2		0.30643		
1.25		0.31774		
1.3		0.32882		
1.35		0.33969		
1.4		0.35034		
1.45		0.36077		
1.5		0.37099		
1.55		0.381		
1.6		0.3908		
1.65		0.4004		
1.7		0.4098		
1.75		0.41901		
1.8		0.42802		
1.85		0.43685		
1.9		0.44549		
1.95		0.45394		
2		0.46222		
2.05		0.47033		
2.1		0.47826		
2.15		0.48603		
2.2		0.49363		
2.25		0.50107		
2.3		0.50835		
2.35		0.51548		
2.4		0.52245		
2.45		0.52928		
2.5		0.53596		
2.55		0.54249		
2.6		0.54889		
2.65		0.55515		
2.7		0.56128		
2.75		0.56728		
2.8		0.57314		
2.85		0.57889		
2.9		0.58451		
2.95		0.59001		
3		0.59539		
3.05		0.60066		
3.1		0.60581		
3.15		0.61086		
3.2		0.6158		
3.25		0.62063		
3.3		0.62537		
3.35		0.63		
3.4		0.63453		
3.45		0.63898		
3.5		0.64332		
3.55		0.64758		
3.6		0.65175		
3.65		0.65583		
3.7		0.65982		
3.75		0.66374		
3.8		0.66757		
3.85		0.67133		
3.9		0.67501		
3.95		0.67861		
4		0.68214		
4.05		0.6856		
4.1		0.68899		
4.15		0.69231		
4.2		0.69557		
4.25		0.69876		
4.3		0.70189		
4.35		0.70496		
4.4		0.70796		
4.45		0.71091		
4.5		0.7138		
4.55		0.71664		
4.6		0.71942		
4.65		0.72215		
4.7		0.72482		
4.75		0.72745		
4.8		0.73002		
4.85		0.73255		
4.9		0.73503		
4.95		0.73747		
5		0.73986		
5.05		0.74221		
5.1		0.74451		
5.15		0.74677		
5.2		0.749		
5.25		0.75118		
5.3		0.75332		
5.35		0.75543		
5.4		0.7575		
5.45		0.75953		
5.5		0.76153		
5.55		0.76349		
5.6		0.76542		
5.65		0.76731		
5.7		0.76918		
5.75		0.77101		
5.8		0.77281		
5.85		0.77459		
5.9		0.77633		
5.95		0.77805		
6		0.77973		
6.05		0.78139		
6.1		0.78303		
6.15		0.78463		
6.2		0.78621		
6.25		0.78777		
6.3		0.7893		
6.35		0.79081		
6.4		0.7923		
6.45		0.79376		
6.5		0.7952		
6.55		0.79662		
6.6		0.79801		
6.65		0.79939		
6.7		0.80074		
6.75		0.80208		
6.8		0.80339		
6.85		0.80469		
6.9		0.80597		
6.95		0.80723		
7		0.80847		
7.05		0.80969		
7.1		0.8109		
7.15		0.81209		
7.2		0.81326		
7.25		0.81442		
7.3		0.81556		
7.35		0.81668		
7.4		0.81779		
7.45		0.81889		
7.5		0.81997		
7.55		0.82103		
7.6		0.82209		
7.65		0.82312		
7.7		0.82415		
7.75		0.82516		
7.8		0.82616		
7.85		0.82714		
7.9		0.82811		
7.95		0.82908		
8		0.83002		
8.05		0.83096		
8.1		0.83188		
8.15		0.8328		
8.2		0.8337		
8.25		0.83459		
8.3		0.83547		
8.35		0.83634		
8.4		0.8372		
8.45		0.83805		
8.5		0.83889		
8.55		0.83972		
8.6		0.84054		
8.65		0.84135		
8.7		0.84215		
8.75		0.84294		
8.8		0.84372		
8.85		0.84449		
8.9		0.84526		
8.95		0.84602		
9		0.84676		
9.05		0.8475		
9.1		0.84824		
9.15		0.84896		
9.2		0.84967		
9.25		0.85038		
9.3		0.85108		
9.35		0.85178		
9.4		0.85246		
9.45		0.85314		
9.5		0.85381		
9.55		0.85447		
9.6		0.85513		
9.65		0.85578		
9.7		0.85643		
9.75		0.85706		
9.8		0.85769		
9.85		0.85832		
9.9		0.85894		
9.95		0.85955		
10		0.86015		
10.05		0.86075		
10.1		0.86135		
10.15		0.86194		
10.2		0.86252		
10.25		0.8631		
10.3		0.86367		
10.35		0.86423		
10.4		0.86479		
10.45		0.86535		
10.5		0.8659		
10.55		0.86644		
10.6		0.86698		
10.65		0.86752		
10.7		0.86805		
10.75		0.86857		
10.8		0.86909		
10.85		0.86961		
10.9		0.87012		
10.95		0.87063		
11		0.87113		
11.05		0.87163		
11.1		0.87212		
11.15		0.87261		
11.2		0.87309		
11.25		0.87357		
11.3		0.87405		
11.35		0.87452		
11.4		0.87499		
11.45		0.87545		
11.5		0.87591		
11.55		0.87637		
11.6		0.87682		
11.65		0.87727		
11.7		0.87771		
11.75		0.87816		
11.8		0.87859		
11.85		0.87903		
11.9		0.87946		
11.95		0.87989		
12		0.88031		
12.05		0.88073		
12.1		0.88115		
12.15		0.88156		
12.2		0.88197		
12.25		0.88238		
12.3		0.88278		
12.35		0.88318		
12.4		0.88358		
12.45		0.88397		
12.5		0.88437		
12.55		0.88475		
12.6		0.88514		
12.65		0.88552		
12.7		0.8859		
12.75		0.88628		
12.8		0.88665		
12.85		0.88702		
12.9		0.88739		
12.95		0.88776		
13		0.88812		
13.05		0.88848		
13.1		0.88884		
13.15		0.8892		
13.2		0.88955		
13.25		0.8899		
13.3		0.89025		
13.35		0.89059		
13.4		0.89093		
13.45		0.89127		
13.5		0.89161		
13.55		0.89195		
13.6		0.89228		
13.65		0.89261		
13.7		0.89294		
13.75		0.89327		
13.8		0.89359		
13.85		0.89391		
13.9		0.89423		
13.95		0.89455		
14		0.89487		
14.05		0.89518		
14.1		0.89549		
14.15		0.8958		
14.2		0.89611		
14.25		0.89641		
14.3		0.89672		
14.35		0.89702		
14.4		0.89732		
14.45		0.89761		
14.5		0.89791		
14.55		0.8982		
14.6		0.89849		
14.65		0.89878		
14.7		0.89907		
14.75		0.89936		
14.8		0.89964		
14.85		0.89992		
14.9		0.9002		
14.95		0.90048		
15		0.90076		
15.05		0.90104		
15.1		0.90131		
15.15		0.90158		
15.2		0.90185		
15.25		0.90212		
15.3		0.90239		
15.35		0.90265		
15.4		0.90292		
15.45		0.90318		
15.5		0.90344		
15.55		0.9037		
15.6		0.90396		
15.65		0.90421		
15.7		0.90447		
15.75		0.90472		
15.8		0.90497		
15.85		0.90522		
15.9		0.90547		
15.95		0.90572		
16		0.90597		
16.05		0.90621		
16.1		0.90645		
16.15		0.9067		
16.2		0.90694		
16.25		0.90717		
16.3		0.90741		
16.35		0.90765		
16.4		0.90788		
16.45		0.90812		
16.5		0.90835		
16.55		0.90858		
16.6		0.90881		
16.65		0.90904		
16.7		0.90927		
16.75		0.90949		
16.8		0.90972		
16.85		0.90994		
16.9		0.91016		
16.95		0.91038		
17		0.9106		
17.05		0.91082		
17.1		0.91104		
17.15		0.91126		
17.2		0.91147		
17.25		0.91169		
17.3		0.9119		
17.35		0.91211		
17.4		0.91232		
17.45		0.91253		
17.5		0.91274		
17.55		0.91295		
17.6		0.91315		
17.65		0.91336		
17.7		0.91356		
17.75		0.91377		
17.8		0.91397		
17.85		0.91417		
17.9		0.91437		
17.95		0.91457		
18		0.91477		
18.05		0.91497		
18.1		0.91516		
18.15		0.91536		
18.2		0.91555		
18.25		0.91574		
18.3		0.91594		
18.35		0.91613		
18.4		0.91632		
18.45		0.91651		
18.5		0.9167		
18.55		0.91688		
18.6		0.91707		
18.65		0.91726		
18.7		0.91744		
18.75		0.91763		
18.8		0.91781		
18.85		0.91799		
18.9		0.91817		
18.95		0.91835		
19		0.91853		
19.05		0.91871		
19.1		0.91889		
19.15		0.91907		
19.2		0.91924		
19.25		0.91942		
19.3		0.91959		
19.35		0.91977		
19.4		0.91994		
19.45		0.92011		
19.5		0.92028		
19.55		0.92045		
19.6		0.92062		
19.65		0.92079		
19.7		0.92096		
19.75		0.92113		
19.8		0.9213		
19.85		0.92146		
19.9		0.92163		
19.95		0.92179		
20		0.92196		
20.05		0.92212		
20.1		0.92228		
20.15		0.92244		
20.2		0.9226		
20.25		0.92276		
20.3		0.92292		
20.35		0.92308		
20.4		0.92324		
20.45		0.9234		
20.5		0.92356		
20.55		0.92371		
20.6		0.92387		
20.65		0.92402		
20.7		0.92418		
20.75		0.92433		
20.8		0.92448		
20.85		0.92463		
20.9		0.92479		
20.95		0.92494		
21		0.92509		
21.05		0.92524		
21.1		0.92539		
21.15		0.92553		
21.2		0.92568		
21.25		0.92583		
21.3		0.92597		
21.35		0.92612		
21.4		0.92627		
21.45		0.92641		
21.5		0.92655		
21.55		0.9267		
21.6		0.92684		
21.65		0.92698		
21.7		0.92713		
21.75		0.92727		
21.8		0.92741		
21.85		0.92755		
21.9		0.92769		
21.95		0.92783		
22		0.92797		
22.05		0.92811		
22.1		0.92824		
22.15		0.92838		
22.2		0.92852		
22.25		0.92866		
22.3		0.92879		
22.35		0.92893		
22.4		0.92906		
22.45		0.9292		
22.5		0.92933		
22.55		0.92946		
22.6		0.9296		
22.65		0.92973		
22.7		0.92986		
22.75		0.93		
22.8		0.93013		
22.85		0.93026		
22.9		0.93039		
22.95		0.93052		
23		0.93065		
23.05		0.93078		
23.1		0.9309		
23.15		0.93103		
23.2		0.93116		
23.25		0.93129		
23.3		0.93141		
23.35		0.93154		
23.4		0.93167		
23.45		0.93179		
23.5		0.93192		
23.55		0.93204		
23.6		0.93217		
23.65		0.93229		
23.7		0.93241		
23.75		0.93254		
23.8		0.93266		
23.85		0.93278		
23.9		0.9329		
23.95		0.93302		
24		0.93314		
24.05		0.93327		
24.1		0.93339		
24.15		0.9335		
24.2		0.93362		
24.25		0.93374		
24.3		0.93386		
24.35		0.93398		
24.4		0.9341		
24.45		0.93421		
24.5		0.93433		
24.55		0.93445		
24.6		0.93456		
24.65		0.93468		
24.7		0.93479		
24.75		0.93491		
24.8		0.93502		
24.85		0.93514		
24.9		0.93525		
24.95		0.93537		
25		0.93548		
25.05		0.93559		
25.1		0.9357		
25.15		0.93582		
25.2		0.93593		
25.25		0.93604		
25.3		0.93615		
25.35		0.93626		
25.4		0.93637		
25.45		0.93648		
25.5		0.93659		
25.55		0.9367		
25.6		0.93681		
25.65		0.93692		
25.7		0.93702		
25.75		0.93713		
25.8		0.93724		
25.85		0.93735		
25.9		0.93745		
25.95		0.93756		
26		0.93767		
26.05		0.93777		
26.1		0.93788		
26.15		0.93798		
26.2		0.93809		
26.25		0.93819		
26.3		0.9383		
26.35		0.9384		
26.4		0.9385		
26.45		0.93861		
26.5		0.93871		
26.55		0.93881		
26.6		0.93891		
26.65		0.93902		
26.7		0.93912		
26.75		0.93922		
26.8		0.93932		
26.85		0.93942		
26.9		0.93952		
26.95		0.93962		
27		0.93972		
27.05		0.93982		
27.1		0.93992		
27.15		0.94002		
27.2		0.94012		
27.25		0.94022		
27.3		0.94031		
27.35		0.94041		
27.4		0.94051		
27.45		0.94061		
27.5		0.9407		
27.55		0.9408		
27.6		0.9409		
27.65		0.94099		
27.7		0.94109		
27.75		0.94118		
27.8		0.94128		
27.85		0.94138		
27.9		0.94147		
27.95		0.94156		
28		0.94166		
28.05		0.94175		
28.1		0.94185		
28.15		0.94194		
28.2		0.94203		
28.25		0.94213		
28.3		0.94222		
28.35		0.94231		
28.4		0.94241		
28.45		0.9425		
28.5		0.9426		
28.55		0.94269		
28.6		0.94279		
28.65		0.94288		
28.7		0.94298		
28.75		0.94308		
28.8		0.94317		
28.85		0.94327		
28.9		0.94336		
28.95		0.94346		
29		0.94355		
29.05		0.94365		
29.1		0.94374		
29.15		0.94384		
29.2		0.94393		
29.25		0.94403		
29.3		0.94412		
29.35		0.94422		
29.4		0.94431		
29.45		0.9444		
29.5		0.9445		
29.55		0.94459		
29.6		0.94468		
29.65		0.94477		
29.7		0.94487		
29.75		0.94496		
29.8		0.94505		
29.85		0.94514		
29.9		0.94523		
29.95		0.94532		
30		0.94541		
30.05		0.94551		
30.1		0.9456		
30.15		0.94568		
30.2		0.94577		
30.25		0.94586		
30.3		0.94595		
30.35		0.94604		
30.4		0.94613		
30.45		0.94622		
30.5		0.94631		
30.55		0.94639		
30.6		0.94648		
30.65		0.94657		
30.7		0.94666		
30.75		0.94674		
30.8		0.94683		
30.85		0.94691		
30.9		0.947		
30.95		0.94709		
31		0.94717		
31.05		0.94726		
31.1		0.94734		
31.15		0.94743		
31.2		0.94751		
31.25		0.94759		
31.3		0.94768		
31.35		0.94776		
31.4		0.94784		
31.45		0.94793		
31.5		0.94801		
31.55		0.94809		
31.6		0.94818		
31.65		0.94826		
31.7		0.94834		
31.75		0.94842		
31.8		0.9485		
31.85		0.94858		
31.9		0.94866		
31.95		0.94874		
32		0.94882		
32.05		0.9489		
32.1		0.94898		
32.15		0.94906		
32.2		0.94914		
32.25		0.94922		
32.3		0.9493		
32.35		0.94938		
32.4		0.94946		
32.45		0.94953		
32.5		0.94961		
32.55		0.94969		
32.6		0.94977		
32.65		0.94984		
32.7		0.94992		
32.75		0.95		
32.8		0.95007		
32.85		0.95015		
32.9		0.95022		
32.95		0.9503		
33		0.95037		
33.05		0.95045		
33.1		0.95052		
33.15		0.9506		
33.2		0.95067		
33.25		0.95075		
33.3		0.95082		
33.35		0.95089		
33.4		0.95097		
33.45		0.95104		
33.5		0.95111		
33.55		0.95118		
33.6		0.95125		
33.65		0.95133		
33.7		0.9514		
33.75		0.95147		
33.8		0.95154		
33.85		0.95161		
33.9		0.95168		
33.95		0.95175		
34		0.95182		
34.05		0.95189		
34.1		0.95196		
34.15		0.95203		
34.2		0.9521		
34.25		0.95217		
34.3		0.95224		
34.35		0.95231		
34.4		0.95238		
34.45		0.95244		
34.5		0.95251		
34.55		0.95258		
34.6		0.95265		
34.65		0.95271		
34.7		0.95278		
34.75		0.95285		
34.8		0.95291		
34.85		0.95298		
34.9		0.95305		
34.95		0.95311		
35		0.95318		
35.05		0.95324		
35.1		0.95331		
35.15		0.95337		
35.2		0.95344		
35.25		0.9535		
35.3		0.95357		
35.35		0.95363		
35.4		0.95369		
35.45		0.95376		
35.5		0.95382		
35.55		0.95388		
35.6		0.95395		
35.65		0.95401		
35.7		0.95407		
35.75		0.95414		
35.8		0.9542		
35.85		0.95426		
35.9		0.95432		
35.95		0.95438		
36		0.95444		
36.05		0.95451		
36.1		0.95457		
36.15		0.95463		
36.2		0.95469		
36.25		0.95475		
36.3		0.95481		
36.35		0.95487		
36.4		0.95493		
36.45		0.95499		
36.5		0.95505		
36.55		0.95511		
36.6		0.95517		
36.65		0.95523		
36.7		0.95529		
36.75		0.95535		
36.8		0.9554		
36.85		0.95546		
36.9		0.95552		
36.95		0.95558		
37		0.95564		
37.05		0.95569		
37.1		0.95575		
37.15		0.95581		
37.2		0.95587		
37.25		0.95592		
37.3		0.95598		
37.35		0.95604		
37.4		0.9561		
37.45		0.95615		
37.5		0.95621		
37.55		0.95626		
37.6		0.95632		
37.65		0.95638		
37.7		0.95643		
37.75		0.95649		
37.8		0.95654		
37.85		0.9566		
37.9		0.95665		
37.95		0.95671		
38		0.95676		
38.05		0.95682		
38.1		0.95687		
38.15		0.95693		
38.2		0.95698		
38.25		0.95704		
38.3		0.95709		
38.35		0.95714		
38.4		0.9572		
38.45		0.95725		
38.5		0.95731		
38.55		0.95736		
38.6		0.95741		
38.65		0.95747		
38.7		0.95752		
38.75		0.95757		
38.8		0.95762		
38.85		0.95768		
38.9		0.95773		
38.95		0.95778		
39		0.95784		
39.05		0.95789		
39.1		0.95794		
39.15		0.95799		
39.2		0.95804		
39.25		0.9581		
39.3		0.95815		
39.35		0.9582		
39.4		0.95825		
39.45		0.9583		
39.5		0.95835		
39.55		0.9584		
39.6		0.95845		
39.65		0.95851		
39.7		0.95856		
39.75		0.95861		
39.8		0.95866		
39.85		0.95871		
39.9		0.95876		
39.95		0.95881		
40		0.95886		
40.05		0.95891		
40.1		0.95896		
40.15		0.95901		
40.2		0.95906		
40.25		0.95911		
40.3		0.95916		
40.35		0.95921		
40.4		0.95925		
40.45		0.9593		
40.5		0.95935		
40.55		0.9594		
40.6		0.95945		
40.65		0.9595		
40.7		0.95955		
40.75		0.9596		
40.8		0.95965		
40.85		0.95969		
40.9		0.95974		
40.95		0.95979		
41		0.95984		
41.05		0.95989		
41.1		0.95993		
41.15		0.95998		
41.2		0.96003		
41.25		0.96008		
41.3		0.96012		
41.35		0.96017		
41.4		0.96022		
41.45		0.96027		
41.5		0.96031		
41.55		0.96036		
41.6		0.96041		
41.65		0.96045		
41.7		0.9605		
41.75		0.96055		
41.8		0.96059		
41.85		0.96064		
41.9		0.96069		
41.95		0.96073		
42		0.96078		
42.05		0.96082		
42.1		0.96087		
42.15		0.96092		
42.2		0.96096		
42.25		0.96101		
42.3		0.96105		
42.35		0.9611		
42.4		0.96114		
42.45		0.96119		
42.5		0.96124		
42.55		0.96128		
42.6		0.96133		
42.65		0.96137		
42.7		0.96142		
42.75		0.96146		
42.8		0.96151		
42.85		0.96155		
42.9		0.96159		
42.95		0.96164		
43		0.96168		
43.05		0.96173		
43.1		0.96177		
43.15		0.96182		
43.2		0.96186		
43.25		0.9619		
43.3		0.96195		
43.35		0.96199		
43.4		0.96204		
43.45		0.96208		
43.5		0.96212		
43.55		0.96217		
43.6		0.96221		
43.65		0.96225		
43.7		0.9623		
43.75		0.96234		
43.8		0.96238		
43.85		0.96243		
43.9		0.96247		
43.95		0.96251		
44		0.96255		
44.05		0.9626		
44.1		0.96264		
44.15		0.96268		
44.2		0.96272		
44.25		0.96277		
44.3		0.96281		
44.35		0.96285		
44.4		0.96289		
44.45		0.96293		
44.5		0.96298		
44.55		0.96302		
44.6		0.96306		
44.65		0.9631		
44.7		0.96314		
44.75		0.96318		
44.8		0.96323		
44.85		0.96327		
44.9		0.96331		
44.95		0.96335		
45		0.96339		
45.05		0.96343		
45.1		0.96347		
45.15		0.96351		
45.2		0.96355		
45.25		0.9636		
45.3		0.96364		
45.35		0.96368		
45.4		0.96372		
45.45		0.96376		
45.5		0.9638		
45.55		0.96384		
45.6		0.96388		
45.65		0.96392		
45.7		0.96396		
45.75		0.964		
45.8		0.96404		
45.85		0.96408		
45.9		0.96412		
45.95		0.96416		
46		0.9642		
46.05		0.96424		
46.1		0.96428		
46.15		0.96432		
46.2		0.96436		
46.25		0.96439		
46.3		0.96443		
46.35		0.96447		
46.4		0.96451		
46.45		0.96455		
46.5		0.96459		
46.55		0.96463		
46.6		0.96467		
46.65		0.96471		
46.7		0.96474		
46.75		0.96478		
46.8		0.96482		
46.85		0.96486		
46.9		0.9649		
46.95		0.96494		
47		0.96497		
47.05		0.96501		
47.1		0.96505		
47.15		0.96509		
47.2		0.96513		
47.25		0.96516		
47.3		0.9652		
47.35		0.96524		
47.4		0.96528		
47.45		0.96531		
47.5		0.96535		
47.55		0.96539		
47.6		0.96543		
47.65		0.96546		
47.7		0.9655		
47.75		0.96554		
47.8		0.96558		
47.85		0.96561		
47.9		0.96565		
47.95		0.96569		
48		0.96572		
48.05		0.96576		
48.1		0.9658		
48.15		0.96583		
48.2		0.96587		
48.25		0.96591		
48.3		0.96594		
48.35		0.96598		
48.4		0.96601		
48.45		0.96605		
48.5		0.96609		
48.55		0.96612		
48.6		0.96616		
48.65		0.9662		
48.7		0.96623		
48.75		0.96627		
48.8		0.9663		
48.85		0.96634		
48.9		0.96637		
48.95		0.96641		
49		0.96644		
49.05		0.96648		
49.1		0.96652		
49.15		0.96655		
49.2		0.96659		
49.25		0.96662		
49.3		0.96666		
49.35		0.96669		
49.4		0.96673		
49.45		0.96676		
49.5		0.9668		
49.55		0.96683		
49.6		0.96687		
49.65		0.9669		
49.7		0.96693		
49.75		0.96697		
49.8		0.967		
49.85		0.96704		
49.9		0.96707		
49.95		0.96711		
50		0.96714		
